3801
3884
3786
3786
3681
3681
3676
3608
3626
3651
3671
3621
3657
3769
3867
3862
3787
3858
3939
4004
3996
3976
3976
3976
3922
3844
3811
3894
3846
3846
3823
3889
3877
3867
3867
3847
3849
3836
3813
3803
3855
3821
3878
3844
3792
3812
3756
3680
3734
3727
3836
3803
3845
3898
3876
3828
3810
3832
3832
3860
3892
3892
3892
3855
3822
3822
3777
3804
3807
3785
3792
3736
3775
3775
3775
3721
3795
3686
3629
3629
3671
3673
3788
3744
3727
3790
3782
3782
3821
3825
3808
3794
3811
3807
3792
3750
3679
3735
3699
3741
3695
3766
3766
3748
3785
3796
3763
3714
3722
3722
3827
3775
3670
3682
3824
3824
3838
3823
3854
3954
3889
3814
3767
3780
3899
3899
3899
3866
3866
3949
3924
3942
3963
3991
3967
3969
3914
3904
3866
3866
3903
3777
3697
3709
3675
3723
3725
3692
3776
3781
3784
3756
3717
3717
3717
3716
3706
3750
3680
3727
3783
3805
3827
3853
3847
3935
4014
4058
4034
3976
3957
4001
4001
4010
3972
3928
3912
3904
3858
3918
4020
4015
4000
3962
3971
3965
3841
3858
3872
3861
3808
3796
3817
3816
3818
3828
3860
3905
3894
3837
3849
3740
3751
3669
3712
3748
3801
3749
3727
3695
3806
3811
3833
3767
3754
3682
3721
3763
3843
3803
3746
3742
3800
3800
3800
3855
3860
3801
3801
3822
3730
3829
3842
3827
3895
3870
3870
3860
3864
3860
3924
3873
3893
3883
3808
3781
3816
3832
3832
3876
3876
3876
3908
3848
3848
3920
3920
3901
3930
4024
3961
3982
3991
4011
4125
4188
4119
4119
4097
4029
4029
3959
3975
3897
3838
3846
3818
3709
3755
3780
3851
3818
3785
3769
3769
3757
3789
3747
3792
3731
3799
3865
3824
3824
3831
3829
3829
3830
3801
3801
3753
3818
3818
3823
3810
3818
3858
3839
3779
3795
3796
3767
3779
3785
3769
3807
3827
3840
3823
3829
3829
3831
3842
3842
3854
3857
3899
3821
3843
3837
3802
3811
3808
3776
3778
3778
3902
3883
3974
4008
4020
3963
3945
3994
4026
4051
3980
3948
3914
3886
3939
3943
3906
3912
3899
3901
3906
3906
3865
3847
3832
3834
3839
3818
3737
3729
3667
3700
3700
3702
3754
3793
3720
3844
3803
3745
3803
3775
3809
3809
3833
3833
3745
3731
3716
3635
3625
3625
3642
3714
3756
3688
3730
3733
3798
3773
3766
3711
3697
3693
3693
3693
3655
3653
3692
3692
3646
3646
3646
3663
3646
3696
3660
3691
3769
3796
3840
3840
3838
3829
3792
3792
3900
3918
3918
3942
3965
3972
3944
3921
3872
3921
3921
3907
3903
3903
3863
3863
3859
3864
3917
3866
3827
3857
3857
3910
3905
3824
3818
3793
3847
3754
3771
3760
3773
3839
3796
3785
3841
3822
3777
3719
3836
3858
3924
3929
3869
3791
3844
3796
3745
3815
3878
3881
3899
3946
3946
3935
3991
4010
3962
3864
3864
3784
3780
3735
3803
3758
3758
3758
3759
3767
3777
3764
3764
3768
3700
3757
3803
3833
3833
3854
3812
3823
3823
3807
3831
3757
3774
3730
3715
3733
3802
3781
3760
3760
3760
3898
3889
3922
3981
3950
3960
3975
3891
3891
3891
3793
3791
3791
3791
3806
3881
3839
3856
3836
3778
3879
3879
3879
3891
3828
3863
3863
3796
3776
3818
3818
3818
3860
3888
3909
3939
3900
3961
3961
3956
3973
3973
3973
3973
3960
3906
3918
3898
3931
3857
3866
3859
3858
3751
3706
3719
3733
3740
3752
3672
3682
3623
3623
3642
3642
3709
3787
3854
3854
3810
3798
3798
3755
3760
3745
3842
3768
3768
3768
3774
3841
3841
3899
3899
3873
3884
3915
3964
3973
3978
3964
4010
4035
4044
4086
4145
4104
4094
4129
4157
4126
4172
4163
4156
4156
4184
4136
4214
4182
4182
4175
4054
4059
4072
4055
3990
4052
4052
3900
3851
3851
3811
3773
3766
3752
3855
3876
3871
3871
3816
3881
3860
3820
3811
3811
3753
3737
3732
3703
3741
3865
3888
3888
3845
3915
3803
3759
3762
3858
3961
3998
4045
3921
3906
3876
3911
3910
3885
3836
3831
3784
3812
3808
3813
3798
3778
3831
3766
3826
3826
3814
3814
3820
3828
3773
3747
3747
3712
3712
3831
3804
3741
3765
3765
3745
3792
3769
3882
3882
3893
3893
3885
3980
4021
3919
3857
3853
3872
3857
3840
3867
3829
3829
3798
3803
3804
3836
3811
3847
3906
3864
3845
3866
3908
3936
3899
3892
3892
3884
3916
3951
3917
3917
3992
3913
3905
3971
3929
3924
3898
3943
3960
3943
3972
3930
3996
3996
3979
4011
4011
3971
3971
3942
3942
3894
3865
3785
3803
3802
3816
3845
3837
3910
3951
4024
4047
4001
3949
3882
3907
3892
3940
3892
3846
3846
3897
3905
3893
3833
3861
3851
3881
3898
3898
3903
3934
3939
3939
3950
4032
4044
4029
4010
3953
3994
3970
3933
3921
3921
3953
3902
3904
3910
3895
3864
3822
3862
3909
3930
3930
3894
3937
3944
3854
3947
3874
3874
3921
3902
3891
3900
3900
3961
3903
3919
3889
3865
3824
3815
3815
3815
3835
3846
3846
3881
3885
3873
3861
3861
3985
3939
3933
3907
3944
3933
3916
3916
4023
4003
3868
3951
3885
3948
3944
3892
3892
3892
3854
3950
3961
3961
3970
3951
3948
3975
3941
3881
3808
3811
3868
3943
3943
3865
3844
3826
3811
3824
3777
3777
3763
3808
3847
3784
3824
3840
3840
3840
3791
3773
3821
3826
3859
3825
3825
3852
3837
3801
3807
3830
3877
3905
3905
3914
3942
3917
3925
3998
3954
3959
3914
3963
3983
3952
3879
3828
3863
3818
3807
3777
3847
3847
3847
3854
3872
3902
3902
3854
3854
3890
3843
3756
3815
3856
3856
3862
3845
3845
3823
3823
3820
3824
3848
3820
3743
3817
3863
3863
3790
3726
3815
3883
3826
3880
3796
3845
3821
3802
3860
3855
3855
3849
3863
3888
3794
3734
3770
3773
3773
3766
3766
3767
3765
3757
3712
3774
3771
3858
3927
3886
3913
3913
3951
3951
3996
3995
3927
3934
3959
3935
3980
3936
3885
3803
3720
3783
3776
3756
3760
3700
3707
3705
3618
3562
3632
3701
3711
3761
3798
3880
3791
3791
3848
3815
3737
3793
3793
3785
3762
3762
3791
3824
3871
3841
3850
3850
3860
3854
3807
3854
3941
3990
3933
3843
3829
3824
3859
3861
3861
3893
3893
3926
3980
3949
3949
3997
3997
4014
3960
4022
4078
4069
4122
4129
4048
4057
4057
4057
4126
4126
4017
4017
4017
4017
4024
4024
4043
3961
3975
3955
4073
4084
3996
3946
3930
3958
3958
3913
3946
3958
3935
3935
3935
3935
3879
3934
3900
3910
3910
3920
3892
3932
3996
3996
3946
3863
3888
3923
3872
3821
3839
3839
3804
3839
3859
3860
3866
3846
3779
3827
3728
3778
3777
3777
3829
3904
3918
3905
3810
3763
3638
3679
3712
3657
3658
3669
3748
3748
3703
3703
3769
3763
3763
3748
3819
3847
3814
3814
3826
3796
3782
3790
3835
3863
3903
3930
3998
3931
3924
3996
4038
4038
4035
3999
3969
3844
3768
3768
3768
3787
3718
3718
3718
3733
3689
3689
3697
3698
3696
3644
3739
3831
3843
3874
3874
3861
3849
3829
3755
3750
3750
3843
3866
3929
3929
3916
3916
3875
3879
3813
3843
3937
3937
3926
3845
3845
3893
3893
3838
3840
3860
3779
3716
3716
3696
3660
3660
3660
3660
3576
3580
3690
3701
3629
3636
3636
3682
3739
3721
3777
3777
3770
3812
3812
3783
3736
3736
3792
3833
3804
3852
3788
3792
3758
3758
3758
3710
3699
3693
3642
3683
3683
3683
3685
3618
3669
3730
3683
3719
3749
3749
3741
3741
3716
3716
3818
3776
3810
3810
3870
3786
3815
3828
3840
3890
3905
3882
3882
3860
3893
3884
3934
3811
3859
3891
3835
3835
3832
3856
3856
3836
3837
3837
3872
3872
3817
3861
3900
3870
3937
3964
3917
3887
3876
3864
3838
3830
3789
3795
3767
3789
3772
3842
3765
3779
3827
3801
3735
3690
3690
3715
3733
3754
3783
3740
3732
3729
3728
3795
3795
3795
3874
3845
3845
3761
3690
3722
3704
3800
3778
3791
3752
3754
3751
3804
3804
3809
3798
3794
3771
3771
3814
3751
3751
3786
3936
3860
3889
3889
3888
3888
3888
3888
3930
3883
3888
3843
3843
3854
3857
3803
3798
3697
3765
3768
3768
3780
3781
3766
3768
3851
3851
3819
3819
3820
3778
3734
3736
3736
3849
3784
3809
3809
3811
3770
3655
3649
3691
3680
3681
3689
3716
3646
3696
3726
3754
3824
3852
3857
3857
3819
3830
3761
3736
3736
3809
3805
3754
3727
3781
3869
3902
3953
3888
3873
3949
3978
3951
3951
3928
3928
3879
3941
3836
3815
3710
3798
3748
3734
3643
3739
3739
3696
3696
3693
3687
3640
3646
3658
3645
3674
3683
3730
3766
3752
3725
3724
3710
3683
3764
3702
3821
3740
3685
3722
3709
3713
3748
3747
3750
3816
3755
3799
3782
3801
3786
3743
3737
3814
3927
3803
3848
3791
3818
3813
3793
3803
3889
3958
3920
3838
3821
3854
3768
3798
3793
3793
3818
3793
3793
3793
3770
3770
3770
3762
3762
3761
3804
3839
3892
3897
3897
3830
3785
3805
3796
3857
3830
3720
3700
3675
3667
3732
3800
3820
3896
3892
3910
3822
3825
3825
3828
3828
3788
3769
3808
3808
3776
3703
3736
3739
3739
3744
3742
3734
3788
3780
3738
3687
3671
3728
3713
3677
3656
3756
3704
3768
3732
3718
3760
3762
3743
3730
3746
3718
3715
3663
3636
3588
3572
3659
3608
3608
3658
3592
3664
3664
3664
3720
3720
3718
3718
3651
3735
3752
3776
3745
3814
3814
3814
3861
3820
3897
3897
3897
3843
3816
3816
3830
3872
3872
3822
3789
3784
3788
3794
3759
3773
3785
3733
3760
3775
3730
3709
3809
3788
3809
3818
3820
3870
3870
3901
3867
3865
3865
3865
3797
3797
3794
3758
3758
3733
3717
3777
3777
3764
3751
3773
3843
3791
3927
3860
3860
3945
3937
3937
3937
4018
3961
3955
3943
3924
3927
3932
3932
3878
3859
3857
3915
3922
3941
3993
3992
3938
3938
3938
3916
3928
3805
3805
3785
3785
3785
3766
3716
3716
3716
3716
3716
3728
3757
3794
3798
3759
3724
3780
3809
3779
3731
3731
3662
3641
3642
3663
3693
3667
3586
3652
3728
3732
3751
3751
3763
3763
3735
3776
3812
3952
3958
3829
3801
3823
3846
3857
3838
3838
3815
3781
3745
3753
3689
3689
3690
3695
3817
3813
3813
3763
3763
3779
3779
3715
3737
3771
3680
3720
3720
3727
3797
3705
3656
3650
3745
3720
3708
3804
3809
3809
3825
3774
3724
3730
3730
3699
3739
3697
3719
3715
3715
3744
3717
3717
3761
3782
3836
3836
3806
3768
3807
3807
3806
3726
3684
3711
3711
3737
3738
3761
3771
3746
3746
3725
3757
3708
3719
3772
3750
3745
3745
3774
3788
3817
3843
3843
3843
3829
3833
3833
3778
3791
3743
3771
3777
3777
3769
3769
3769
3808
3869
3871
3793
3792
3931
3913
3937
3879
3879
3883
3871
3804
3729
3698
3709
3809
3809
3809
3769
3756
3752
3764
3755
3759
3771
3744
3778
3786
3786
3873
3908
3842
3871
3884
3984
3947
3984
4045
4043
3931
3899
3893
3906
3878
3966
3908
3856
3850
3837
3831
3869
3888
3888
3888
3906
3906
3933
3933
3888
3873
3951
3884
3890
3885
3885
3944
3934
3930
3939
3939
3939
3927
3855
3791
3730
3760
3740
3739
3813
3832
3745
3756
3756
3690
3674
3731
3675
3753
3762
3761
3746
3746
3756
3814
3881
3885
3885
3885
3836
3880
3845
3869
3772
3691
3707
3762
3762
3784
3784
3783
3811
3772
3778
3698
3738
3813
3778
3787
3757
3738
3755
3814
3796
3796
3841
3798
3798
3876
3956
3956
3940
3940
3894
3955
3867
3795
3693
3693
3662
3683
3681
3741
3768
3755
3807
3807
3800
3848
3785
3785
3740
3729
3676
3637
3608
3492
3568
3561
3564
3564
3534
3541
3521
3497
3493
3490
3568
3494
3490
3490
3528
3528
3528
3498
3491
3499
3499
3530
3542
3542
3628
3581
3576
3576
3540
3527
3580
3524
3524
3512
3530
3515
3574
3625
3633
3630
3681
3672
3672
3652
3652
3774
3788
3805
3865
3871
3809
3904
3907
3907
3853
3860
3816
3785
3785
3683
3683
3681
3703
3726
3628
3628
3613
3626
3653
3645
3651
3680
3680
3623
3623
3646
3646
3681
3681
3681
3681
3635
3693
3632
3698
3698
3747
3687
3672
3672
3672
3701
3679
3747
3786
3817
3782
3822
3822
3808
3892
3857
3857
3790
3823
3929
3911
3859
3821
3879
3879
3841
3878
3911
3955
3987
3969
3969
3968
3979
4031
4031
4016
4012
4012
4012
4012
4012
4037
3929
3906
3925
3947
3979
4048
4030
4030
3962
3916
3842
3892
3947
3950
4005
3969
3930
3961
3961
3961
3934
3889
3993
3908
3882
3877
3800
3791
3826
3817
3817
3798
3810
3778
3836
3821
3873
3986
4061
4022
4025
4022
4035
4026
4009
4012
4012
4020
4020
4020
4026
3991
3991
3967
3942
3914
3914
3771
3825
3825
3873
3873
3873
3873
3873
3873
3802
3868
3898
3852
3858
3877
3807
3818
3885
3816
3791
3791
3720
3685
3663
3663
3685
3707
3727
3727
3743
3743
3743
3679
3674
3680
3685
3701
3718
3709
3732
3634
3585
3585
3585
3634
3625
3550
3637
3671
3671
3670
3727
3796
3745
3754
3712
3712
3673
3747
3709
3722
3739
3739
3739
3739
3739
3739
3739
3739
3746
3746
3771
3771
3729
3791
3791
3728
3682
3713
3689
3725
3636
3652
3681
3705
3715
3729
3727
3806
3799
3785
3792
3792
3831
3804
3744
3774
3790
3823
3828
3881
3881
3806
3725
3725
3784
3784
3833
3779
3768
3766
3766
3766
3819
3872
3872
3902
3819
3822
3813
3779
3792
3722
3721
3688
3647
3682
3688
3726
3726
3690
3690
3704
3810
3810
3810
3810
3839
3772
3786
3811
3721
3717
3717
3709
3656
3656
3706
3702
3688
3694
3694
3710
3736
3707
3707
3707
3707
3707
3694
3688
3728
3728
3735
3729
3737
3737
3766
3824
3795
3795
3795
3769
3835
3835
3835
3791
3791
3898
3898
3898
3898
3898
3898
3915
3915
3915
3841
3837
3920
3979
3981
4041
4019
3953
3953
3953
3851
3861
3870
3887
3849
3834
3823
3765
3788
3767
3767
3780
3780
3726
3749
3734
3773
3773
3794
3842
3817
3816
3756
3805
3700
3700
3692
3605
3614
3611
3611
3632
3645
3586
3674
3661
3664
3620
3620
3598
3661
3667
3658
3666
3704
3717
3629
3645
3666
3683
3643
3561
3668
3668
3755
3740
3700
3716
3661
3713
3713
3687
3696
3696
3721
3696
3696
3736
3736
3736
3747
3747
3707
3800
3852
3896
3896
3838
3838
3778
3797
3800
3800
3912
3902
3912
3898
3950
3993
3986
4008
4006
3906
3776
3816
3795
3827
3827
3827
3873
3881
3881
3878
3878
3872
3872
3850
3912
3871
3760
3718
3726
3710
3688
3770
3714
3735
3720
3714
3778
3789
3753
3734
3715
3608
3616
3588
3607
3611
3611
3613
3679
3679
3723
3723
3723
3692
3749
3761
3782
3791
3730
3805
3846
3977
3964
3912
3857
3849
3823
3768
3768
3768
3778
3806
3753
3748
3748
3748
3743
3697
3668
3666
3646
3711
3622
3651
3651
3651
3760
3766
3766
3766
3766
3766
3790
3856
3856
3847
3810
3821
3814
3745
3723
3723
3731
3694
3774
3783
3747
3743
3743
3743
3830
3779
3826
3826
3826
3818
3818
3795
3779
3779
3779
3779
3790
3810
3779
3776
3776
3839
3797
3750
3742
3703
3731
3760
3749
3752
3799
3818
3813
3821
3782
3808
3827
3832
3863
3834
3799
3798
3792
3756
3747
3695
3699
3647
3719
3727
3786
3697
3697
3679
3703
3637
3637
3698
3750
3772
3730
3746
3750
3685
3685
3693
3829
3829
3829
3829
3954
3903
3898
3869
3914
3914
3905
3976
3976
3991
4013
4047
4043
3987
3948
3963
3942
3938
3938
3965
3954
4011
4028
4070
4036
4000
3946
3981
3936
3924
3858
3802
3825
3815
3730
3680
3714
3646
3626
3626
3645
3638
3622
3622
3577
3577
3600
3618
3620
3620
3644
3588
3580
3619
3590
3590
3629
3616
3638
3683
3682
3743
3743
3759
3802
3803
3825
3863
3789
3864
3856
3856
3854
3838
3829
3813
3831
3831
3926
3799
3727
3753
3777
3799
3834
3777
3818
3868
3809
3823
3735
3733
3733
3727
3733
3754
3827
3788
3888
3888
3865
3892
3798
3790
3790
3725
3787
3787
3742
3818
3811
3811
3790
3777
3786
3786
3746
3725
3755
3715
3730
3671
3629
3670
3625
3689
3669
3681
3723
3724
3724
3706
3739
3739
3667
3697
3709
3709
3709
3709
3640
3671
3721
3782
3833
3836
3775
3775
3724
3724
3724
3811
3802
3802
3774
3711
3788
3822
3822
3769
3860
3904
3898
3909
3909
3879
3879
3909
3909
3839
3778
3890
3966
3899
3899
3926
3926
3858
3823
3797
3828
3859
3859
3843
3826
3813
3777
3799
3864
3822
3785
3818
3881
3845
3805
3768
3727
3727
3759
3815
3794
3852
3751
3688
3638
3638
3674
3624
3613
3651
3711
3732
3801
3801
3736
3736
3719
3871
3886
3925
3921
3900
3881
3753
3788
3817
3857
3875
3875
3826
3775
3770
3809
3809
3800
3800
3736
3773
3772
3754
3754
3768
3768
3725
3775
3881
3884
3861
3805
3805
3749
3793
3862
3862
3844
3808
3808
3808
3808
3808
3763
3732
3731
3712
3672
3692
3756
3756
3756
3792
3869
3812
3819
3805
3805
3800
3796
3842
3842
3842
3842
3842
3802
3802
3808
3808
3779
3779
3782
3825
3790
3752
3810
3796
3800
3831
3803
3803
3691
3691
3691
3707
3703
3640
3651
3651
3651
3658
3658
3694
3605
3605
3617
3586
3627
3644
3741
3769
3753
3751
3722
3734
3808
3836
3753
3779
3828
3814
3779
3779
3807
3806
3822
3783
3798
3801
3817
3787
3792
3762
3802
3784
3774
3824
3854
3821
3770
3825
3851
3782
3782
3792
3843
3843
3867
3867
3830
3830
3837
3837
3790
3769
3797
3795
3871
3821
3833
3856
3865
3865
3941
3977
3962
3951
3949
3974
4008
4049
3962
3859
3914
3914
3937
3925
3935
3976
3955
3955
3955
3937
3937
3947
3916
3876
3885
3953
3874
3846
3832
3775
3826
3804
3843
3829
3797
3815
3832
3899
3853
3853
3792
3809
3809
3807
3819
3777
3728
3706
3720
3646
3646
3696
3696
3759
3752
3716
3716
3718
3718
3742
3729
3759
3770
3802
3802
3802
3773
3820
3820
3849
3787
3754
3742
3730
3710
3710
3726
3726
3772
3771
3776
3749
3749
3789
3797
3797
3861
3848
3889
3889
3795
3749
3731
3731
3731
3684
3684
3665
3665
3717
3721
3781
3781
3711
3717
3659
3650
3663
3678
3678
3678
3704
3772
3824
3743
3694
3695
3675
3675
3632
3633
3635
3591
3591
3581
3632
3739
3715
3715
3819
3855
3916
3824
3851
3829
3829
3821
3776
3776
3798
3798
3784
3784
3784
3707
3707
3706
3706
3683
3750
3788
3788
3775
3783
3761
3769
3769
3793
3735
3788
3730
3730
3745
3745
3719
3774
3733
3746
3679
3677
3689
3729
3808
3874
3874
3846
3821
3777
3777
3812
3793
3779
3784
3829
3754
3779
3826
3826
3857
3789
3809
3746
3746
3745
3793
3744
3762
3805
3794
3743
3798
3787
3809
3832
3832
3781
3781
3740
3740
3740
3752
3801
3775
3761
3813
3813
3760
3784
3779
3740
3709
3742
3739
3734
3777
3691
3646
3646
3650
3650
3624
3624
3624
3642
3642
3674
3679
3755
3755
3755
3726
3726
3726
3775
3806
3806
3778
3775
3808
3789
3789
3745
3742
3727
3793
3793
3750
3740
3786
3749
3675
3675
3678
3772
3772
3822
3821
3821
3777
3762
3791
3771
3771
3771
3674
3710
3674
3674
3691
3696
3651
3692
3692
3705
3655
3725
3725
3725
3725
3699
3699
3675
3649
3649
3595
3595
3690
3670
3670
3670
3648
3648
3648
3637
3637
3618
3640
3602
3602
3602
3574
3589
3639
3646
3584
3614
3613
3634
3695
3733
3791
3801
3811
3787
3771
3770
3784
3810
3850
3839
3905
3906
3861
3866
3866
3866
3870
3904
3871
3866
3866
3900
3923
3919
3914
3886
3873
3888
3848
3752
3798
3783
3746
3746
3720
3749
3746
3746
3746
3722
3731
3748
3757
3786
3820
3890
3890
3897
3853
3838
3887
3904
3894
3856
3874
3874
3904
3848
3854
3848
3820
3820
3789
3850
3790
3780
3780
3794
3790
3770
3770
3734
3734
3734
3733
3733
3713
3713
3790
3760
3760
3768
3768
3799
3771
3819
3819
3819
3795
3802
3837
3829
3807
3807
3798
3848
3824
3730
3722
3776
3792
3792
3742
3742
3699
3699
3699
3699
3708
3696
3714
3714
3726
3735
3695
3698
3723
3723
3610
3645
3685
3654
3645
3645
3625
3694
3643
3681
3626
3626
3607
3671
3671
3762
3762
3714
3714
3714
3747
3815
3798
3794
3794
3682
3707
3720
3732
3785
3785
3787
3730
3730
3734
3756
3779
3754
3731
3750
3803
3803
3790
3767
3767
3740
3724
3724
3695
3726
3696
3765
3810
3808
3712
3735
3735
3771
3837
3938
3938
3799
3800
3798
3798
3842
3815
3762
3719
3685
3742
3825
3815
3828
3840
3877
3728
3706
3620
3587
3627
3649
3639
3639
3611
3683
3683
3673
3561
3561
3561
3561
3669
3664
3664
3632
3632
3632
3693
3693
3693
3693
3693
3693
3688
3680
3641
3631
3767
3773
3834
3773
3754
3754
3754
3735
3737
3737
3672
3672
3654
3679
3645
3747
3665
3665
3655
3655
3807
3774
3729
3729
3721
3721
3721
3721
3670
3713
3707
3798
3719
3695
3726
3726
3726
3726
3751
3751
3724
3723
3723
3769
3769
3702
3737
3754
3760
3755
3719
3636
3688
3672
3672
3721
3775
3766
3794
3777
3791
3727
3712
3712
3686
3564
3588
3588
3536
3545
3584
3559
3518
3518
3518
3518
3518
3539
3553
3552
3601
3564
3550
3551
3592
3552
3552
3612
3612
3615
3666
3666
3735
3735
3735
3735
3732
3732
3732
3732
3779
3779
3769
3731
3735
3735
3735
3695
3631
3547
3558
3584
3663
3689
3686
3660
3746
3725
3798
3809
3789
3846
3873
3873
3852
3880
3842
3842
3842
3848
3831
3826
3799
3799
3830
3856
3874
3863
3855
3855
3855
3831
3796
3788
3788
3788
3788
3791
3791
3818
3825
3825
3825
3825
3823
3757
3768
3715
3678
3685
3680
3637
3635
3642
3702
3759
3760
3760
3762
3762
3829
3871
3871
3776
3739
3682
3688
3706
3681
3689
3689
3689
3660
3665
3634
3615
3584
3614
3614
3592
3541
3580
3580
3633
3683
3657
3653
3727
3801
3729
3686
3586
3586
3584
3608
3608
3608
3659
3659
3626
3592
3518
3612
3612
3599
3599
3632
3632
3661
3584
3584
3575
3575
3604
3604
3651
3709
3652
3685
3698
3669
3669
3743
3743
3767
3767
3767
3748
3809
3783
3783
3831
3832
3861
3928
3898
3866
3794
3723
3700
3662
3717
3717
3717
3694
3707
3707
3707
3708
3664
3650
3624
3635
3655
3670
3659
3655
3659
3659
3672
3672
3650
3657
3792
3760
3707
3689
3664
3733
3759
3767
3690
3690
3667
3591
3574
3574
3574
3663
3663
3663
3653
3653
3641
3641
3641
3677
3699
3747
3756
3774
3774
3774
3788
3759
3713
3713
3665
3665
3683
3683
3710
3683
3705
3678
3614
3590
3531
3531
3531
3531
3531
3531
3524
3572
3572
3541
3651
3646
3622
3664
3664
3692
3681
3733
3719
3726
3690
3678
3730
3716
3668
3727
3643
3650
3650
3650
3649
3586
3547
3560
3547
3547
3621
3621
3621
3657
3657
3668
3622
3607
3531
3531
3535
3535
3535
3535
3535
3535
3535
3602
3605
3552
3552
3605
3541
3564
3564
3642
3642
3642
3642
3711
3716
3716
3716
3716
3723
3723
3700
3732
3719
3705
3743
3743
3743
3686
3721
3695
3726
3726
3747
3720
3787
3787
3798
3788
3788
3803
3782
3764
3764
3808
3774
3774
3786
3816
3792
3743
3835
3835
3835
3835
3792
3796
3801
3760
3760
3746
3746
3733
3796
3785
3769
3769
3723
3723
3723
3723
3692
3692
3717
3741
3796
3797
3797
3804
3751
3736
3750
3750
3750
3787
3736
3712
3695
3694
3694
3750
3765
3765
3796
3823
3823
3824
3770
3770
3770
3790
3801
3907
3907
4020
4009
4009
3978
3978
3975
3836
3836
3844
3878
3926
3877
3872
3847
3837
3888
3946
3887
3770
3728
3757
3757
3836
3815
3827
3810
3810
3810
3810
3818
3850
3772
3750
3722
3714
3720
3720
3720
3664
3664
3681
3681
3677
3677
3677
3677
3677
3701
3717
3711
3739
3738
3680
3685
3685
3698
3706
3683
3612
3598
3598
3598
3598
3636
3636
3636
3636
3688
3655
3652
3650
3695
3695
3694
3732
3732
3722
3722
3722
3756
3771
3673
3647
3647
3615
3615
3645
3630
3626
3627
3596
3596
3682
3657
3600
3624
3624
3580
3580
3580
3576
3544
3544
3522
3515
3515
3515
3591
3579
3536
3536
3542
3542
3542
3542
3555
3553
3535
3535
3535
3535
3608
3661
3661
3625
3574
3574
3572
3644
3644
3623
3623
3623
3623
3667
3629
3636
3636
3610
3610
3590
3618
3615
3615
3579
3698
3698
3667
3693
3693
3669
3624
3633
3573
3583
3569
3527
3546
3547
3547
3624
3624
3624
3599
3584
3584
3584
3598
3598
3598
3561
3543
3522
3522
3546
3546
3546
3546
3546
3465
3465
3527
3484
3508
3508
3518
3518
3569
3552
3567
3583
3583
3583
3606
3605
3637
3637
3578
3594
3594
3603
3512
3512
3557
3557
3596
3596
3596
3628
3628
3628
3624
3624
3647
3668
3668
3668
3808
3808
3863
3863
3893
3915
3905
3875
3860
3860
3843
3838
3864
3864
3864
3864
3858
3896
3896
3896
3896
3866
3892
3864
3810
3810
3876
3876
3862
3820
3834
3834
3834
3839
3837
3837
3819
3819
3755
3756
3760
3760
3777
3777
3804
3792
3749
3721
3748
3820
3757
3757
3757
3761
3763
3790
3790
3887
3887
3863
3791
3763
3690
3711
3716
3703
3703
3712
3712
3710
3714
3714
3714
3709
3676
3725
3725
3725
3720
3720
3720
3720
3719
3719
3702
3702
3724
3724
3724
3681
3693
3693
3693
3693
3693
3744
3744
3671
3671
3766
3766
3750
3722
3668
3700
3700
3700
3700
3700
3649
3732
3786
3911
3911
3813
3813
3813
3803
3803
3803
3767
3767
3737
3730
3700
3700
3700
3700
3700
3662
3658
3658
3689
3689
3689
3689
3660
3666
3666
3709
3643
3637
3601
3621
3605
3632
3608
3564
3564
3564
3606
3606
3608
3608
3608
3608
3607
3607
3644
3648
3631
3665
3739
3791
3791
3802
3802
3802
3802
3651
3644
3644
3644
3634
3671
3739
3731
3731
3667
3660
3663
3663
3677
3746
3730
3764
3736
3738
3681
3697
3617
3636
3636
3636
3636
3619
3651
3606
3606
3618
3653
3653
3679
3734
3663
3663
3769
3761
3754
3763
3769
3782
3744
3718
3740
3692
3622
3612
3587
3595
3609
3609
3615
3633
3633
3633
3633
3633
3679
3643
3643
3660
3700
3728
3728
3728
3728
3745
3785
3704
3729
3672
3773
3772
3682
3737
3749
3768
3768
3715
3751
3751
3750
3697
3697
3697
3690
3728
3708
3708
3708
3670
3670
3656
3677
3713
3713
3715
3648
3648
3648
3648
3629
3647
3661
3690
3652
3652
3652
3629
3629
3560
3560
3560
3539
3539
3539
3539
3565
3590
3622
3622
3637
3637
3650
3668
3628
3637
3641
3606
3606
3608
3608
3612
3612
3613
3613
3613
3695
3714
3723
3690
3704
3704
3632
3632
3687
3664
3664
3664
3664
3623
3646
3699
3734
3725
3784
3754
3828
3727
3739
3682
3682
3680
3699
3604
3556
3556
3556
3556
3556
3556
3562
3556
3517
3517
3548
3603
3603
3603
3634
3608
3672
3670
3670
3670
3698
3698
3698
3686
3694
3714
3714
3659
3587
3587
3587
3565
3596
3596
3562
3562
3591
3614
3614
3644
3644
3625
3595
3626
3629
3629
3579
3579
3529
3549
3549
3549
3566
3631
3548
3589
3590
3558
3589
3552
3557
3586
3586
3550
3506
3506
3584
3584
3544
3544
3494
3494
3587
3573
3573
3608
3566
3566
3601
3601
3525
3508
3508
3508
3469
3512
3582
3582
3590
3590
3587
3584
3555
3555
3580
3580
3553
3553
3553
3620
3620
3620
3620
3629
3666
3666
3666
3666
3666
3662
3662
3677
3677
3677
3677
3677
3624
3661
3661
3597
3597
3630
3670
3615
3615
3615
3526
3620
3597
3597
3577
3577
3573
3573
3573
3596
3596
3624
3619
3646
3646
3646
3646
3646
3642
3645
3645
3657
3657
3642
3642
3680
3680
3680
3680
3575
3619
3619
3619
3581
3581
3573
3573
3573
3633
3633
3709
3700
3706
3706
3680
3717
3717
3753
3753
3753
3753
3744
3744
3743
3783
3763
3765
3776
3776
3776
3759
3739
3739
3691
3766
3750
3699
3683
3666
3672
3690
3720
3697
3697
3672
3652
3647
3662
3662
3668
3661
3661
3671
3715
3671
3671
3697
3715
3715
3708
3708
3708
3708
3693
3693
3693
3743
3743
3743
3743
3782
3782
3782
3749
3750
3750
3750
3749
3749
3749
3749
3744
3744
3739
3707
3704
3704
3659
3670
3703
3693
3621
3619
3619
3556
3556
3567
3567
3567
3558
3533
3533
3524
3507
3507
3554
3671
3634
3660
3662
3570
3607
3578
3578
3578
3627
3627
3600
3570
3660
3659
3659
3628
3628
3566
3566
3568
3568
3568
3568
3550
3552
3552
3552
3552
3558
3558
3558
3558
3558
3558
3558
3653
3653
3653
3643
3643
3638
3564
3564
3565
3565
3597
3597
3592
3661
3645
3656
3651
3635
3644
3629
3629
3657
3657
3657
3657
3645
3616
3616
3616
3616
3612
3612
3612
3659
3688
3688
3689
3704
3660
3757
3776
3709
3709
3806
3786
3790
3726
3829
3829
3830
3815
3815
3858
3882
3829
3829
3760
3760
3836
3775
3835
3785
3768
3733
3733
3733
3733
3640
3640
3640
3640
3640
3640
3673
3673
3673
3704
3704
3704
3712
3629
3640
3640
3640
3640
3635
3639
3638
3638
3621
3621
3621
3621
3654
3633
3633
3633
3631
3632
3657
3671
3671
3671
3671
3671
3654
3654
3654
3625
3701
3706
3702
3652
3652
3652
3674
3674
3625
3614
3662
3637
3719
3719
3717
3738
3717
3705
3711
3711
3735
3708
3790
3841
3841
3841
3841
3837
3850
3852
3810
3810
3801
3798
3798
3798
3828
3761
3826
3816
3816
3816
3816
3816
3814
3734
3734
3798
3798
3833
3748
3746
3749
3713
3713
3713
3708
3751
3751
3789
3691
3708
3719
3719
3719
3719
3719
3719
3719
3727
3727
3727
3727
3690
3690
3666
3666
3649
3649
3688
3714
3727
3772
3772
3772
3772
3772
3791
3786
3803
3811
3802
3794
3720
3720
3720
3702
3702
3702
3702
3754
3754
3725
3725
3695
3695
3695
3695
3695
3623
3580
3580
3580
3603
3608
3663
3665
3665
3690
3631
3631
3631
3620
3620
3643
3643
3620
3602
3602
3668
3668
3668
3686
3680
3680
3666
3683
3683
3682
3696
3682
3682
3684
3670
3670
3585
3585
3588
3588
3588
3590
3604
3552
3552
3552
3552
3552
3509
3509
3509
3509
3519
3536
3536
3561
3558
3558
3484
3484
3484
3471
3471
3471
3473
3471
3501
3491
3485
3505
3505
3505
3505
3506
3505
3575
3565
3565
3565
3557
3557
3649
3668
3659
3659
3624
3624
3626
3626
3626
3651
3658
3639
3639
3639
3584
3600
3600
3600
3670
3644
3644
3670
3597
3597
3597
3597
3671
3658
3652
3652
3638
3607
3607
3658
3659
3659
3589
3589
3589
3589
3589
3589
3589
3584
3584
3584
3584
3584
3592
3592
3592
3592
3592
3592
3592
3613
3613
3565
3545
3536
3587
3587
3587
3587
3587
3587
3582
3582
3599
3616
3591
3591
3589
3591
3613
3613
3614
3592
3592
3592
3592
3537
3534
3560
3585
3585
3579
3579
3500
3500
3500
3500
3513
3557
3552
3538
3502
3475
3479
3512
3521
3521
3573
3573
3573
3573
3573
3573
3573
3573
3543
3539
3565
3565
3565
3565
3527
3497
3497
3497
3487
3491
3491
3506
3506
3506
3506
3506
3506
3506
3506
3530
3505
3464
3464
3464
3464
3466
3466
3501
3527
3527
3466
3466
3466
3473
3468
3446
3446
3461
3453
3456
3456
3456
3456
3456
3456
3460
3460
3456
3505
3505
3505
3505
3505
3505
3502
3502
3510
3510
3506
3506
3506
3475
3506
3506
3517
3517
3517
3517
3517
3517
3525
3518
3518
3518
3518
3518
3518
3518
3482
3482
3482
3482
3482
3476
3465
3465
3465
3488
3503
3503
3503
3503
3503
3503
3456
3462
3462
3462
3462
3551
3551
3551
3551
3551
3579
3584
3559
3559
3559
3559
3559
3559
3559
3559
3559
3559
3559
3567
3567
3567
3567
3569
3569
3569
3584
3584
3668
3628
3628
3628
3614
3611
3582
3579
3579
3594
3594
3594
3601
3601
3617
3681
3681
3681
3681
3713
3713
3713
3725
3725
3725
3725
3725
3708
3706
3706
3646
3646
3637
3644
3683
3663
3663
3663
3636
3609
3609
3609
3621
3621
3603
3603
3603
3603
3603
3612
3612
3612
3612
3667
3701
3763
3709
3660
3626
3626
3662
3662
3610
3621
3601
3601
3601
3590
3590
3582
3612
3612
3612
3612
3623
3623
3623
3666
3666
3741
3705
3705
3705
3675
3675
3675
3675
3654
3631
3631
3631
3631
3631
3640
3640
3640
3640
3630
3630
3611
3586
3586
3580
3580
3631
3631
3608
3608
3605
3605
3605
3605
3605
3534
3527
3527
3527
3527
3527
3503
3503
3503
3503
3503
3503
3503
3503
3503
3503
3503
3503
3503
3503
3503
3503
3503
3503
3503
3503
3503
3503
3503
3503
3503
3503
3503
3518
3518
3546
3546
3550
3594
3593
3593
3593
3629
3629
3625
3625
3625
3622
3643
3666
3609
3609
3635
3604
3604
3603
3643
3643
3643
3653
3669
3669
3674
3640
3608
3608
3656
3627
3627
3571
3575
3575
3554
3554
3505
3505
3505
3507
3507
3507
3506
3515
3515
3515
3530
3529
3585
3585
3585
3608
3608
3539
3539
3537
3537
3546
3535
3535
3535
3535
3565
3548
3565
3551
3551
3551
3561
3568
3561
3561
3561
3509
3509
3509
3509
3509
3546
3546
3608
3575
3597
3597
3599
3592
3574
3581
3581
3581
3581
3581
3581
3581
3581
3581
3576
3576
3576
3556
3556
3556
3556
3545
3545
3545
3545
3545
3545
3545
3545
3553
3553
3553
3553
3553
3548
3545
3537
3537
3537
3537
3537
3537
3536
3513
3513
3530
3530
3482
3432
3432
3494
3494
3494
3511
3511
3511
3516
3516
3516
3516
3516
3516
3516
3516
3521
3521
3517
3517
3497
3498
3498
3498
3498
3538
3538
3538
3531
3531
3531
3581
3576
3576
3576
3569
3569
3569
3569
3568
3568
3568
3568
3568
3578
3607
3607
3607
3609
3620
3641
3641
3609
3609
3609
3609
3609
3609
3650
3650
3603
3603
3602
3600
3602
3602
3602
3602
3602
3570
3570
3570
3570
3570
3582
3621
3621
3601
3601
3601
3601
3601
3601
3633
3633
3569
3569
3569
3569
3569
3567
3575
3580
3572
3572
3572
3572
3572
3593
3583
3583
3583
3583
3583
3593
3593
3578
3578
3595
3591
3591
3591
3591
3601
3601
3581
3599
3599
3623
3623
3643
3643
3643
3601
3601
3601
3554
3554
3544
3544
3544
3544
3509
3509
3509
3509
3509
3488
3488
3512
3520
3529
3529
3529
3529
3529
3529
3529
3529
3529
3529
3529
3584
3584
3532
3532
3532
3554
3554
3554
3554
3554
3551
3551
3550
3550
3550
3550
3481
3481
3481
3481
3481
3481
3507
3507
3507
3507
3507
3507
3547
3547
3552
3552
3548
3500
3526
3526
3447
3447
3447
3447
3447
3443
3443
3443
3474
3441
3455
3455
3455
3443
3443
3459
3459
3463
3463
3463
3463
3478
3463
3465
3465
3465
3465
3465
3465
3465
3426
3426
3426
3426
3426
3426
3426
3426
3426
3496
3426
3428
3428
3428
3406
3406
3406
3406
3406
3434
3434
3434
3434
3434
3434
3434
3427
3414
3414
3427
3427
3415
3415
3415
3415
3415
3409
3409
3409
3409
3409
3409
3410
3416
3421
3410
3413
3416
3417
3417
3432
3432
3432
3415
3415
3415
3415
3425
3425
3423
3447
3467
3467
3467
3467
3467
3467
3476
3470
3465
3465
3462
3462
3462
3462
3462
3462
3468
3459
3481
3488
3488
3488
3488
3472
3504
3504
3520
3580
3522
3525
3525
3505
3492
3492
3492
3491
3491
3491
3491
3491
3521
3521
3521
3575
3523
3568
3535
3535
3535
3535
3535
3535
3535
3582
3582
3560
3550
3550
3551
3551
3551
3525
3525
3525
3525
3484
3484
3484
3484
3484
3484
3507
3507
3507
3507
3507
3481
3481
3481
3481
3481
3486
3486
3486
3486
3485
3485
3483
3458
3458
3458
3453
3453
3453
3453
3435
3435
3435
3394
3378
3378
3378
3378
3378
3357
3357
3357
3357
3357
3357
3357
3357
3357
3357
3360
3360
3360
3357
3357
3357
3357
3357
3357
3357
3357
3357
3357
3357
3357
3357
3357
3357
3357
3357
3357
3357
3357
3357
3357
3357
3357
3357
3357
3355
3355
3373
3393
3358
3358
3358
3389
3389
3390
3390
3374
3374
3368
3368
3368
3368
3368
3368
3368
3368
3368
3368
3368
3368
3368
3368
3368
3368
3397
3397
3408
3408
3408
3408
3393
3393
3393
3393
3388
3388
3388
3388
3385
3447
3417
3417
3417
3417
3417
3417
3417
3417
3417
3417
3425
3425
3410
3410
3410
3410
3410
3410
3410
3410
3409
3442
3442
3442
3442
3442
3442
3427
3427
3427
3427
3427
3427
3427
3427
3427
3427
3427
3427
3427
3427
3427
3427
3427
3427
3427
3427
3427
3427
3415
3415
3415
3415
3415
3415
3435
3435
3431
3431
3431
3431
3431
3431
3435
3482
3433
3433
3433
3433
3433
3433
3433
3445
3437
3437
3437
3437
3437
3443
3443
3443
3443
3443
3443
3443
3443
3443
3443
3451
3451
3451
3451
3451
3451
3451
3443
3443
3443
3443
3458
3460
3460
3461
3461
3461
3461
3453
3453
3453
3433
3433
3433
3433
3433
3458
3458
3422
3422
3422
3427
3427
3427
3427
3427
3427
3427
3427
3427
3428
3428
3428
3428
3428
3431
3431
3446
3446
3454
3454
3453
3453
3453
3453
3434
3434
3434
3434
3434
3434
3434
3439
3439
3439
3432
3432
3388
3388
3392
3392
3392
3392
3392
3392
3392
3419
3467
3467
3467
3467
3467
3467
3467
3467
3467
3452
3452
3452
3452
3452
3415
3415
3415
3418
3449
3449
3449
3482
3511
3511
3486
3486
3486
3486
3527
3527
3523
3508
3508
3508
3455
3455
3455
3470
3470
3492
3492
3492
3492
3492
3492
3492
3492
3492
3492
3492
3492
3492
3492
3492
3502
3517
3530
3530
3530
3530
3530
3530
3517
3517
3517
3517
3517
3552
3541
3493
3505
3505
3505
3505
3505
3491
3503
3503
3495
3495
3495
3494
3494
3494
3472
3484
3484
3484
3484
3484
3484
3484
3484
3484
3497
3489
3501
3541
3541
3541
3545
3549
3549
3549
3549
3535
3533
3533
3533
3538
3538
3538
3513
3513
3513
3513
3513
3513
3513
3466
3457
3467
3467
3467
3467
3489
3498
3498
3476
3476
3476
3476
3476
3476
3476
3476
3476
3476
3476
3476
3476
3476
3476
3476
3476
3472
3472
3438
3438
3444
3444
3444
3444
3444
3444
3444
3444
3444
3444
3444
3444
3444
3444
3444
3438
3438
3438
3441
3441
3441
3412
3405
3395
3395
3395
3395
3395
3394
3394
3394
3394
3392
3392
3386
3390
3390
3390
3390
3390
3390
3401
3409
3409
3409
3409
3409
3409
3412
3367
3371
3371
3371
3371
3371
3371
3373
3373
3373
3373
3373
3373
3373
3353
3353
3353
3353
3353
3353
3337
3337
3337
3337
3337
3337
3337
3328
3328
3328
3328
3328
3328
3313
3313
3313
3313
3313
3313
3313
3313
3326
3326
3326
3326
3326
3326
3326
3326
3326
3326
3326
3326
3326
3326
3326
3326
3326
3326
3326
3326
3326
3326
3326
3326
3326
3326
3326
3326
3326
3326
3326
3326
3326
3326
3319
3319
3341
3317
3315
3315
3320
3316
3316
3316
3316
3316
3316
3316
3316
3316
3316
3316
3316
3316
3316
3316
3316
3325
3325
3325
3334
3334
3334
3334
3318
3318
3318
3318
3318
3318
3322
3322
3322
3322
3322
3322
3322
3322
3322
3334
3334
3334
3334
3333
3333
3333
3333
3333
3333
3333
3333
3333
3333
3333
3333
3333
3333
3333
3333
3326
3326
3326
3326
3310
3310
3313
3313
3313
3313
3313
3310
3310
3310
3310
3310
3310
3310
3310
3310
3310
3310
3310
3310
3310
3310
3310
3317
3317
3298
3298
3323
3296
3296
3305
3305
3305
3302
3302
3302
3305
3305
3305
3305
3307
3307
3307
3307
3307
3307
3314
3314
3314
3314
3314
3314
3309
3309
3271
3271
3271
3271
3271
3271
3271
3271
3271
3271
3271
3271
3271
3271
3271
3271
3271
3271
3271
3271
3271
3271
3271
3271
3271
3271
3271
3271
3271
3271
3271
3271
3271
3271
3271
3271
3271
3271
3271
3271
3271
3271
3271
3271
3271
3271
3271
3271
3271
3271
3271
3271
3271
3269
3269
3269
3269
3269
3269
3269
3269
3269
3269
3269
3269
3269
3267
3267
3267
3267
3267
3267
3267
3267
3267
3267
3267
3267
3267
3267
3267
3267
3267
3267
3267
3267
3267
3267
3267
3267
3267
3267
3267
3267
3267
3267
3261
3261
3261
3261
3261
3261
3261
3261
3261
3261
3261
3261
3260
3260
3260
3260
3260
3260
3260
3260
3260
3260
3260
3260
3260
3260
3260
3260
3260
3260
3260
3260
3260
3260
3256
3256
3256
3256
3259
3259
3259
3276
3276
3276
3276
3276
3276
3276
3276
3276
3276
3276
3276
3276
3276
3276
3283
3283
3283
3283
3283
3283
3283
3283
3283
3283
3283
3283
3283
3283
3283
3283
3283
3283
3283
3283
3283
3283
3283
3283
3283
3283
3283
3283
3283
3283
3283
3283
3283
3283
3283
3283
3285
3285
3285
3285
3285
3285
3285
3277
3277
3277
3277
3277
3249
3249
3249
3249
3249
3249
3249
3249
3249
3249
3249
3249
3249
3263
3263
3263
3263
3263
3263
3263
3263
3259
3259
3259
3259
3259
3259
3259
3259
3259
3259
3259
3259
3259
3259
3259
3259
3259
3259
3259
3259
3259
3259
3259
3259
3259
3259
3259
3259
3259
3259
3259
3259
3259
3259
3259
3259
3259
3259
3259
3259
3259
3259
3259
3259
3259
3259
3259
3259
3259
3259
3259
3259
3259
3259
3259
3259
3259
3259
3259
3259
3259
3259
3259
3259
3259
3259
3259
3259
3259
3259
3259
3259
3259
3259
3259
3257
3257
3257
3257
3257
3257
3257
3257
3257
3257
3257
3257
3257
3257
3257
3257
3257
3257
3257
3257
3257
3257
3257
3257
3257
3257
3257
3257
3257
3257
3257
3257
3263
3263
3263
3263
3263
3263
3263
3263
3263
3263
3263
3263
3263
3263
3263
3263
3263
3263
3263
3263
3263
3263
3263
3263
3263
3263
3263
3263
3263
3263
3267
3267
3267
3267
3267
3267
3267
3267
3267
3267
3267
3267
3267
3267
3267
3267
3267
3267
3267
3267
3267
3267
3267
3267
3267
3267
3267
3267
3267
3267
3267
3267
3267
3267
3267
3267
3267
3284
3284
3284
3284
3284
3284
3284
3284
3272
3272
3272
3272
3272
3272
3272
3272
3272
3272
3272
3272
3272
3280
3280
3280
3280
3280
3280
3280
3280
3280
3280
3280
3280
3280
3280
3280
3280
3280
3280
3280
3280
3280
3280
3280
3280
3280
3280
3283
3283
3283
3283
3283
3283
3283
3283
3283
3283
3280
3280
3280
3280
3280
3280
3280
3280
3280
3280
3280
3280
3280
3263
3263
3263
3263
3263
3263
3263
3263
3263
3263
3263
3263
3263
3263
3263
3263
3263
3263
3263
3263
3263
3285
3276
3276
3276
3276
3276
3276
3276
3276
3276
3276
3276
3276
3288
3288
3288
3288
3288
3288
3288
3288
3288
3288
3288
3288
3288
3288
3288
3288
3288
3288
3288
3288
3288
3288
3288
3288
3288
3288
3288
3288
3305
3305
3305
3305
3305
3305
3305
3305
3305
3305
3305
3303
3303
3303
3303
3303
3303
3303
3303
3303
3308
3308
3308
3308
3308
3308
3308
3308
3308
3308
3249
3249
3249
3249
3249
3249
3249
3249
3249
3249
3249
3249
3249
3249
3249
3249
3249
3249
3249
3249
3249
3249
3249
3249
3249
3249
3249
3240
3240
3240
3240
3240
3240
3240
3240
3240
3240
3240
3240
3240
3240
3240
3240
3240
3240
3240
3240
3240
3240
3240
3240
3240
3240
3240
3253
3253
3253
3253
3253
3253
3253
3253
3253
3253
3253
3253
3253
3253
3253
3253
3286
3286
3286
3286
3286
3286
3286
3286
3286
3270
3270
3270
3270
3270
3270
3272
3272
3272
3272
3272
3272
3272
3272
3272
3284
3284
3284
3284
3284
3284
3284
3284
3284
3284
3284
3284
3284
3296
3291
3291
3291
3291
3289
3289
3289
3289
3289
3289
3289
3289
3289
3289
3289
3289
3289
3289
3289
3289
3289
3289
3289
3289
3289
3289
3289
3289
3289
3289
3289
3289
3289
3289
3289
3289
3289
3289
3289
3289
3289
3289
3289
3289
3289
3289
3289
3289
3289
3289
3289
3289
3289
3289
3289
3289
3289
3289
3289
3289
3289
3289
3289
3289
3289
3289
3289
3280
3280
3280
3280
3280
3280
3280
3280
3280
3280
3280
3280
3280
3280
3274
3274
3264
3264
3264
3264
3264
3264
3264
3264
3264
3264
3264
3248
3248
3248
3248
3248
3248
3248
3248
3248
3248
3248
3248
3248
3248
3248
3248
3248
3248
3248
3248
3248
3248
3248
3248
3248
3248
3248
3248
3248
3250
3250
3250
3250
3250
3250
3250
3250
3250
3250
3250
3250
3240
3240
3240
3240
3240
3240
3240
3240
3240
3240
3240
3240
3240
3240
3240
3240
3240
3240
3240
3240
3240
3240
3242
3242
3242
3242
3237
3237
3237
3237
3237
3237
3237
3237
3237
3237
3237
3237
3237
3237
3233
3233
3233
3233
3233
3233
3231
3231
3231
3231
3231
3225
3225
3225
3225
3225
3225
3225
3225
3225
3225
3225
3225
3225
3225
3225
3225
3225
3225
3225
3225
3225
3225
3225
3225
3225
3224
3224
3224
3224
3224
3224
3232
3232
3232
3232
3232
3232
3232
3232
3232
3232
3225
3225
3225
3225
3225
3225
3225
3225
3225
3223
3223
3223
3223
3223
3223
3223
3223
3223
3223
3223
3223
3223
3223
3223
3223
3223
3223
3223
3223
3223
3223
3223
3223
3223
3223
3223
3223
3223
3223
3223
3223
3223
3223
3223
3223
3223
3223
3223
3223
3205
3205
3205
3205
3205
3205
3205
3205
3205
3205
3205
3205
3205
3205
3205
3205
3205
3205
3199
3199
3199
3199
3199
3199
3199
3199
3199
3199
3197
3197
3197
3197
3197
3197
3197
3197
3197
3197
3197
3197
3197
3197
3197
3197
3197
3197
3197
3197
3197
3197
3197
3197
3197
3197
3197
3197
3197
3197
3197
3197
3197
3197
3197
3197
3197
3197
3197
3197
3197
3197
3197
3197
3197
3197
3197
3197
3197
3197
3197
3197
3197
3197
3197
3197
3197
3197
3197
3197
3197
3197
3197
3197
3197
3197
3197
3197
3197
3197
3197
3197
3197
3197
3197
3197
3197
3197
3197
3197
3197
3197
3197
3197
3197
3197
3197
3197
3197
3197
3197
3197
3197
3197
3197
3197
3197
3197
3197
3197
3197
3197
3197
3197
3197
3197
3197
3197
3197
3197
3197
3197
3197
3197
3197
3197
3197
3197
3197
3197
3197
3197
3197
3197
3197
3197
3197
3197
3197
3197
3197
3197
3197
3197
3197
3197
3197
3197
3197
3197
3197
3197
3197
3197
3197
3197
3200
3200
3200
3200
3200
3200
3200
3200
3200
3200
3202
3202
3202
3202
3202
3202
3202
3202
3200
3200
3200
3200
3200
3200
3200
3200
3200
3200
3200
3200
3200
3200
3200
3200
3200
3200
3200
3200
3200
3200
3200
3200
3200
3200
3189
3189
3189
3189
3189
3189
3189
3189
3189
3189
3189
3189
3189
3189
3189
3189
3189
3189
3189
3189
3189
3189
3189
3189
3189
3189
3189
3189
3189
3189
3189
3189
3189
3189
3189
3189
3189
3189
3189
3189
3189
3189
3189
3189
3189
3189
3189
3189
3189
3189
3189
3189
3189
3186
3186
3186
3186
3186
3186
3186
3186
3186
3186
3186
3186
3186
3186
3186
3186
3186
3186
3186
3186
3196
3196
3196
3196
3196
3196
3191
3191
3191
3191
3182
3182
3182
3182
3182
3182
3182
3182
3182
3182
3182
3182
3182
3182
3182
3182
3182
3182
3182
3182
3182
3182
3182
3182
3182
3182
3182
3182
3182
3182
3182
3182
3182
3182
3182
3182
3182
3182
3182
3182
3182
3182
3182
3182
3182
3182
3182
3182
3182
3182
3182
3182
3182
3182
3182
3182
3182
3182
3182
3182
3182
3182
3182
3182
3182
3182
3182
3182
3182
3182
3182
3182
3182
3182
3182
3182
3182
3182
3182
3182
3182
3182
3182
3182
3182
3183
3183
3183
3183
3183
3183
3183
3183
3183
3183
3183
3183
3183
3183
3183
3183
3183
3183
3183
3183
3183
3183
3183
3183
3183
3183
3183
3183
3183
3183
3183
3183
3183
3183
3183
3183
3183
3183
3183
3183
3183
3183
3183
3183
3183
3183
3183
3183
3183
3183
3183
3183
3183
3183
3183
3183
3183
3182
3182
3182
3182
3182
3182
3182
3182
3182
3182
3182
3182
3182
3182
3182
3182
3182
3182
3182
3182
3182
3182
3182
3182
3182
3182
3179
3179
3179
3179
3179
3179
3179
3179
3179
3179
3179
3179
3179
3179
3179
3179
3179
3179
3179
3179
3179
3179
3179
3179
3179
3179
3179
3179
3179
3179
3179
3179
3179
3179
3179
3176
3176
3176
3176
3176
3176
3176
3176
3176
3176
3176
3176
3176
3176
3176
3176
3176
3176
3176
3176
3176
3176
3176
3176
3176
3178
3178
3178
3178
3178
3178
3178
3178
3178
3178
3178
3178
3178
3178
3178
3178
3178
3178
3178
3178
3178
3178
3178
3178
3181
3181
3181
3181
3181
3181
3181
3181
3181
3181
3181
3181
3181
3181
3181
3181
3181
3181
3181
3181
3181
3181
3181
3181
3181
3181
3181
3181
3181
3181
3181
3181
3181
3181
3181
3181
3181
3181
3181
3181
3181
3181
3181
3181
3181
3181
3181
3181
3181
3157
3157
3157
3157
3157
3157
3157
3157
3157
3157
3157
3157
3157
3157
3157
3157
3157
3157
3157
3157
3157
3157
3157
3157
3157
3157
3157
3157
3157
3157
3157
3157
3157
3157
3157
3157
3157
3157
3157
3157
3157
3157
3157
3157
3157
3157
3157
3157
3157
3157
3157
3157
3157
3157
3157
3157
3157
3157
3157
3157
3165
3165
3165
3165
3165
3165
3165
3165
3165
3165
3165
3165
3165
3165
3165
3165
3165
3165
3165
3165
3165
3165
3165
3165
3165
3165
3165
3165
3165
3165
3165
3165
3165
3165
3165
3165
3165
3165
3165
3165
3165
3165
3165
3165
3165
3165
3165
3165
3165
3165
3165
3165
3165
3165
3165
3165
3165
3165
3165
3165
3165
3165
3165
3165
3165
3165
3165
3165
3165
3166
3166
3166
3166
3166
3166
3166
3166
3166
3166
3166
3166
3166
3166
3166
3166
3166
3166
3166
3166
3166
3166
3166
3166
3166
3166
3166
3166
3166
3164
3164
3164
3164
3164
3164
3164
3164
3164
3164
3164
3164
3164
3164
3164
3164
3164
3164
3164
3164
3164
3164
3164
3164
3164
3164
3164
3164
3164
3164
3164
3163
3163
3163
3163
3163
3163
3163
3163
3163
3163
3163
3163
3163
3163
3163
3163
3163
3163
3163
3163
3163
3163
3163
3163
3163
3163
3163
3163
3163
3163
3163
3163
3163
3163
3163
3163
3163
3163
3163
3163
3163
3163
3163
3163
3163
3163
3163
3163
3163
3163
3163
3163
3163
3163
3163
3163
3163
3163
3163
3163
3163
3163
3163
3163
3163
3163
3163
3163
3163
3163
3163
3163
3163
3163
3163
3163
3163
3163
3163
3163
3163
3163
3163
3163
3163
3163
3163
3163
3163
3163
3163
3163
3163
3163
3163
3163
3163
3163
3163
3163
3163
3163
3163
3163
3163
3163
3163
3163
3163
3163
3163
3163
3163
3163
3163
3163
3180
3180
3180
3180
3180
3180
3180
3180
3180
3180
3180
3182
3182
3182
3182
3182
3182
3182
3182
3182
3182
3182
3182
3182
3176
3176
3176
3176
3176
3176
3176
3176
3176
3176
3176
3176
3176
3179
3179
3179
3179
3179
3179
3179
3179
3179
3179
3179
3179
3179
3179
3179
3179
3179
3179
3179
3179
3179
3179
3179
3179
3179
3179
3179
3179
3179
3179
3179
3179
3179
3179
3179
3179
3179
3179
3179
3179
3176
3176
3176
3176
3176
3176
3176
3176
3176
3176
3176
3176
3176
3176
3176
3176
3176
3176
3176
3176
3176
3176
3176
3176
3176
3176
3176
3176
3176
3176
3176
3176
3176
3176
3176
3176
3176
3176
3176
3176
3176
3176
3176
3176
3176
3176
3176
3176
3176
3176
3176
3176
3176
3176
3176
3176
3176
3176
3176
3176
3176
3176
3176
3176
3176
3176
3176
3176
3176
3176
3176
3176
3176
3176
3176
3176
3176
3181
3181
3181
3181
3181
3181
3181
3181
3181
3181
3181
3181
3181
3181
3181
3181
3181
3181
3181
3181
3181
3181
3181
3181
3181
3181
3181
3181
3181
3181
3181
3181
3181
3181
3181
3181
3181
3176
3176
3176
3176
3176
3176
3176
3176
3176
3176
3176
3176
3176
3176
3176
3176
3176
3176
3176
3176
3176
3176
3176
3176
3176
3176
3176
3176
3176
3176
3176
3176
3176
3176
3176
3176
3176
3176
3176
3176
3176
3176
3176
3176
3176
3176
3176
3176
3176
3176
3176
3176
3176
3176
3176
3176
3176
3176
3176
3176
3176
3176
3176
3176
3176
3176
3176
3176
3176
3176
3176
3176
3176
3176
3176
3176
3176
3176
3176
3176
3176
3176
3176
3176
3176
3176
3176
3176
3176
3176
3176
3176
3176
3176
3176
3176
3176
3176
3176
3176
3176
3176
3176
3176
3176
3176
3176
3176
3176
3176
3176
3176
3176
3176
3176
3176
3176
3176
3176
3176
3176
3176
3176
3176
3176
3176
3176
3176
3176
3176
3176
3176
3176
3176
3176
3176
3176
3176
3176
3176
3176
3176
3176
3176
3176
3176
3176
3176
3176
3176
3176
3176
3176
3176
3176
3176
3176
3176
3176
3176
3176
3176
3176
3176
3176
3176
3176
3176
3176
3176
3176
3176
3176
3176
3176
3176
3176
3176
3176
3176
3176
3176
3176
3176
3176
3176
3176
3176
3176
3176
3176
3176
3176
3176
3176
3176
3176
3176
3176
3176
3176
3176
3176
3176
3176
3176
3176
3176
3176
3176
3176
3176
3176
3176
3176
3176
3176
3176
3176
3176
3176
3176
3176
3176
3176
3176
3176
3176
3176
3176
3176
3176
3176
3176
3176
3176
3176
3176
3176
3176
3176
3176
3176
3176
3176
3176
3176
3176
3176
3176
3176
3176
3176
3176
3176
3176
3176
3176
3176
3176
3176
3176
3176
3176
3176
3176
3176
3176
3176
3176
3176
3176
3176
3176
3176
3176
3176
3176
3176
3176
3176
3176
3176
3176
3176
3176
3176
3176
3176
3176
3176
3176
3176
3176
3176
3176
3176
3176
3176
3176
3176
3176
3176
3176
3176
3176
3176
3176
3176
3176
3176
3176
3176
3176
3176
3176
3176
3176
3176
3176
3176
3176
3176
3176
3176
3176
3176
3176
3176
3176
3176
3176
3176
3176
3176
3176
3176
3176
3176
3176
3176
3176
3176
3176
3176
3176
3176
3176
3176
3176
3176
3176
3176
3176
3176
3176
3176
3176
3176
3176
3176
3176
3176
3176
3176
3176
3176
3176
3176
3176
3176
3176
3176
3176
3176
3176
3176
3176
3176
3176
3176
3176
3176
3176
3176
3176
3176
3176
3176
3176
3176
3176
3176
3176
3176
3176
3176
3176
3176
3176
3176
3176
3176
3176
3176
3176
3176
3176
3176
3176
3176
3176
3176
3176
3176
3176
3176
3176
3176
3176
3176
3176
3176
3176
3176
3176
3176
3176
3176
3176
3176
3176
3176
3176
3176
3176
3175
3175
3175
3175
3175
3175
3175
3175
3175
3175
3175
3175
3175
3175
3175
3175
3175
3173
3173
3173
3173
3173
3173
3173
3173
3173
3173
3173
3173
3173
3173
3173
3173
3173
3173
3173
3173
3173
3173
3173
3173
3173
3173
3173
3173
3173
3173
3173
3173
3173
3173
3173
3173
3173
3173
3173
3173
3173
3173
3173
3173
3173
3173
3173
3173
3173
3173
3173
3173
3173
3173
3173
3173
3173
3173
3173
3173
3173
3173
3173
3173
3173
3173
3173
3178
3178
3178
3178
3178
3178
3178
3178
3178
3178
3178
3178
3178
3178
3178
3178
3178
3178
3178
3178
3178
3178
3178
3178
3178
3178
3178
3178
3178
3178
3178
3178
3178
3178
3178
3178
3178
3178
3178
3178
3178
3178
3178
3178
3178
3178
3178
3178
3178
3178
3178
3178
3178
3178
3178
3178
3178
3178
3178
3178
3178
3178
3178
3178
3178
3178
3178
3178
3178
3178
3178
3178
3178
3178
3178
3178
3178
3178
3178
3178
3178
3178
3178
3178
3178
3178
3178
3178
3178
3178
3178
3178
3178
3178
3178
3178
3178
3178
3178
3178
3178
3178
3178
3178
3178
3178
3178
3178
3178
3178
3178
3178
3178
3178
3178
3178
3178
3178
3178
3178
3178
3178
3178
3178
3178
3178
3178
3178
3178
3178
3178
3178
3178
3178
3178
3178
3178
3178
3178
3178
3178
3178
3178
3178
3178
3178
3178
3178
3178
3178
3178
3178
3178
3178
3178
3178
3178
3178
3178
3178
3178
3178
3178
3178
3178
3178
3178
3178
3178
3178
3178
3178
3178
3178
3178
3178
3178
3178
3178
3178
3178
3178
3178
3178
3178
3178
3178
3178
3178
3178
3178
3178
3178
3178
3178
3178
3178
3178
3178
3178
3178
3178
3178
3178
3178
3178
3178
3178
3178
3178
3178
3178
3178
3178
3178
3178
3178
3178
3178
3178
3178
3178
3180
3180
3180
3180
3180
3180
3180
3180
3180
3180
3180
3180
3180
3180
3180
3180
3180
3180
3180
3180
3180
3180
3180
3180
3178
3178
3178
3178
3178
3178
3178
3178
3178
3178
3178
3178
3178
3178
3178
3178
3178
3178
3178
3178
3178
3178
3178
3178
3178
3178
3178
3178
3178
3178
3178
3178
3178
3170
3170
3170
3170
3170
3170
3170
3170
3170
3170
3170
3170
3170
3170
3170
3170
3170
3170
3170
3170
3170
3170
3170
3170
3170
3170
3170
3170
3170
3170
3170
3170
3170
3170
3170
3170
3170
3170
3170
3170
3170
3170
3170
3170
3170
3170
3170
3170
3170
3180
3180
3180
3180
3180
3180
3180
3180
3180
3180
3180
3180
3180
3180
3180
3180
3180
3180
3180
3180
3180
3180
3180
3180
3180
3180
3180
3180
3180
3180
3180
3180
3180
3182
3182
3182
3182
3182
3182
3182
3182
3182
3182
3182
3182
3182
3182
3182
3182
3182
3182
3182
3182
3182
3182
3182
3182
3182
3182
3182
3182
3182
3182
3182
3182
3182
3182
3182
3191
3191
3191
3191
3191
3191
3191
3191
3191
3191
3191
3191
3191
3191
3191
3191
3191
3191
3191
3191
3191
3191
3191
3191
3191
3191
3191
3191
3191
3191
3191
3191
3191
3191
3191
3191
3191
3191
3191
3191
3191
3191
3191
3191
3191
3191
3191
3191
3191
3191
3191
3191
3191
3191
3191
3191
3191
3191
3191
3191
3191
3191
3191
3191
3191
3191
3191
3191
3191
3191
3191
3191
3191
3191
3191
3191
3191
3191
3197
3197
3197
3197
3197
3197
3197
3197
3197
3197
3197
3197
3197
3197
3197
3197
3197
3197
3197
3197
3197
3197
3197
3197
3197
3197
3197
3197
3197
3197
3197
3197
3197
3197
3197
3197
3197
3197
3197
3197
3197
3197
3197
3197
3197
3197
3197
3197
3197
3197
3197
3197
3197
3197
3197
3197
3197
3197
3197
3197
3197
3197
3197
3197
3197
3197
3167
3167
3167
3167
3167
3167
3167
3167
3167
3167
3167
3167
3167
3167
3167
3167
3167
3167
3167
3167
3167
3167
3167
3167
3167
3167
3167
3167
3167
3167
3167
3167
3167
3167
3167
3167
3167
3167
3167
3167
3167
3167
3167
3167
3167
3167
3170
3170
3170
3170
3170
3170
3170
3170
3170
3170
3170
3170
3170
3170
3170
3170
3170
3170
3170
3170
3170
3170
3170
3170
3170
3168
3168
3168
3168
3168
3168
3168
3168
3168
3168
3168
3168
3168
3168
3168
3168
3168
3168
3168
3168
3168
3168
3168
3168
3168
3168
3168
3168
3168
3168
3168
3168
3168
3168
3168
3168
3166
3166
3166
3166
3166
3166
3166
3166
3166
3166
3166
3166
3166
3166
3166
3166
3166
3166
3166
3166
3166
3166
3166
3166
3166
3166
3166
3166
3166
3166
3166
3166
3166
3166
3166
3166
3166
3166
3166
3166
3166
3166
3166
3166
3166
3166
3166
3166
3166
3166
3166
3166
3166
3166
3166
3166
3166
3166
3166
3166
3166
3166
3166
3166
3166
3166
3166
3166
3166
3166
3166
3166
3166
3166
3166
3166
3166
3166
3166
3166
3166
3166
3166
3166
3166
3166
3166
3166
3166
3166
3166
3166
3168
3168
3168
3168
3168
3168
3168
3163
3163
3163
3163
3163
3163
3163
3163
3163
