3892
3945
3921
3954
3914
4020
3977
3977
3952
3958
3918
3897
3993
4000
4000
3921
3858
3809
3746
3738
3733
3768
3708
3734
3753
3737
3681
3748
3733
3758
3758
3753
3778
3860
3860
3892
3853
3825
3823
3825
3825
3914
3899
3901
3809
3830
3848
3848
3848
3845
3812
3812
3812
3852
3852
3865
3818
3813
3779
3708
3686
3674
3692
3663
3652
3633
3750
3695
3695
3712
3698
3738
3721
3710
3712
3703
3738
3652
3732
3696
3747
3734
3713
3727
3774
3733
3733
3746
3746
3708
3701
3685
3690
3738
3860
3805
3760
3743
3728
3740
3799
3751
3751
3768
3842
3900
3880
3934
3871
3918
3894
3866
3977
3994
3960
3943
3890
3916
3859
3765
3724
3785
3861
3846
3873
3893
3913
3846
3886
3869
3869
3746
3816
3825
3809
3825
3901
3929
3924
3956
3990
3973
3978
3978
3922
3975
3972
4027
4038
3951
3978
3921
3954
3912
3956
3953
3964
3945
3885
3901
3903
3950
3937
3893
3905
3925
3846
3822
3794
3799
3797
3797
3801
3882
3890
3890
3939
4051
4051
4030
3955
3824
3844
3889
3866
3854
3825
3789
3789
3771
3783
3767
3755
3739
3683
3659
3628
3652
3672
3676
3706
3669
3656
3660
3660
3652
3652
3657
3720
3741
3711
3742
3866
3829
3811
3884
3922
3835
3848
3871
3871
3949
3949
3949
3863
3863
3830
3769
3769
3815
3793
3808
3862
3889
3907
3934
3916
3893
3854
3923
4017
3951
4055
4117
4089
3983
3929
3930
3881
3868
3868
3821
3785
3851
3803
3745
3745
3745
3744
3781
3691
3700
3678
3654
3654
3683
3724
3800
3800
3732
3733
3733
3751
3756
3839
3810
3822
3834
3902
3834
3864
3787
3789
3816
3787
3787
3787
3791
3849
3879
3870
3938
3913
3852
3860
3745
3795
3710
3783
3851
3841
3850
3927
3916
3907
3937
3937
3869
3757
3723
3723
3806
3800
3763
3781
3788
3703
3726
3706
3706
3707
3761
3704
3704
3655
3673
3832
3840
3858
3858
3867
3845
3842
3776
3841
3883
3861
3786
3770
3786
3835
3845
3771
3784
3735
3750
3754
3781
3723
3736
3699
3707
3692
3686
3681
3678
3678
3745
3761
3704
3779
3719
3733
3747
3825
3836
3836
3719
3714
3733
3697
3720
3697
3755
3730
3771
3751
3774
3756
3756
3798
3808
3780
3734
3733
3693
3652
3647
3606
3640
3635
3648
3665
3642
3753
3731
3778
3844
3839
3803
3803
3873
3873
3945
3940
3904
3979
3994
3979
3995
3978
3946
3924
3909
3906
3829
3762
3739
3728
3766
3768
3768
3706
3688
3678
3652
3670
3704
3704
3685
3675
3666
3780
3727
3773
3703
3636
3722
3686
3689
3720
3667
3708
3735
3761
3673
3739
3746
3704
3688
3611
3609
3687
3710
3710
3710
3644
3683
3715
3668
3685
3705
3738
3737
3756
3862
3923
3854
3818
3745
3733
3759
3841
3785
3789
3802
3744
3813
3796
3758
3765
3771
3843
3834
3777
3859
3874
3913
3934
3891
3777
3788
3880
3890
3897
3885
3881
3860
3898
3875
3887
3869
3907
3894
3815
3810
3843
3909
3836
3824
3824
3842
3858
3901
3827
3848
3856
3967
3891
3986
3954
3978
3910
3910
3949
3935
3915
3845
3834
3767
3728
3746
3721
3795
3855
3851
3752
3671
3656
3656
3684
3675
3640
3676
3665
3676
3715
3717
3709
3776
3776
3772
3764
3764
3759
3735
3701
3701
3654
3724
3729
3729
3804
3815
3897
3828
3804
3863
3938
3891
3827
3890
3817
3846
3924
3924
3924
3924
3895
3903
3933
3946
3950
3950
3950
3924
3842
3864
3864
3864
3864
3881
3783
3740
3750
3735
3767
3740
3783
3740
3804
3808
3808
3771
3829
3843
3885
3852
3819
3876
3916
3914
3842
3772
3781
3807
3822
3852
3805
3886
3923
3895
3893
3787
3799
3799
3799
3778
3832
3888
3922
3817
3820
3967
3992
4037
4135
4107
4002
3963
3963
3912
3929
3965
3978
3978
3966
3924
3924
3916
3843
3919
3973
3973
3998
3887
3920
3920
3916
3936
3942
3945
3980
3949
3901
3946
3943
3912
3885
3967
3911
3954
3966
3900
3909
3935
3884
3773
3840
3805
3729
3719
3729
3746
3741
3758
3765
3725
3782
3805
3764
3828
3809
3809
3809
3777
3827
3827
3804
3780
3750
3756
3756
3809
3809
3819
3818
3869
3919
3933
3911
3949
3959
3901
3877
3873
3873
3804
3724
3777
3805
3805
3880
3899
3901
3886
3873
3850
3891
3898
3886
3886
3875
3871
3851
3900
3900
3900
3907
3919
3924
4014
4014
4014
4003
4003
4008
3997
3934
3936
3918
4015
4040
3989
3937
3999
4003
4120
4120
4095
4169
4096
4055
4055
4057
3984
3888
3894
3926
3983
3951
3951
3905
3778
3778
3832
3850
3775
3809
3686
3666
3723
3723
3686
3705
3705
3747
3760
3760
3742
3662
3655
3656
3656
3656
3654
3646
3643
3638
3587
3691
3651
3651
3694
3694
3717
3797
3797
3843
3875
3820
3813
3813
3772
3894
3931
3874
3870
3870
3905
3962
3962
3958
3872
3878
3853
3797
3765
3765
3806
3807
3842
3911
3871
3867
3865
3825
3741
3741
3743
3686
3611
3656
3679
3679
3676
3702
3702
3684
3648
3629
3628
3685
3806
3803
3803
3785
3788
3806
3832
3832
3810
3772
3792
3845
3856
3815
3793
3793
3737
3775
3726
3686
3710
3742
3833
3742
3730
3642
3642
3616
3616
3647
3726
3713
3680
3685
3693
3660
3674
3727
3753
3753
3753
3753
3753
3756
3814
3753
3691
3695
3677
3694
3694
3757
3757
3718
3758
3771
3664
3629
3636
3636
3649
3687
3676
3676
3694
3695
3689
3687
3617
3623
3640
3754
3762
3794
3798
3785
3785
3777
3777
3705
3800
3746
3733
3795
3806
3830
3860
3925
3833
3833
3833
3833
3774
3803
3813
3796
3761
3732
3740
3710
3707
3670
3655
3740
3754
3780
3805
3805
3805
3805
3805
3729
3691
3716
3716
3716
3676
3690
3690
3690
3690
3626
3649
3649
3696
3761
3761
3821
3720
3710
3611
3611
3613
3613
3531
3643
3726
3763
3771
3855
3826
3787
3778
3800
3735
3743
3708
3636
3619
3619
3669
3628
3628
3640
3633
3687
3676
3697
3725
3725
3752
3752
3664
3719
3641
3574
3538
3569
3567
3586
3579
3502
3502
3597
3662
3663
3694
3717
3732
3698
3662
3672
3672
3692
3692
3775
3775
3749
3724
3724
3723
3739
3772
3700
3690
3682
3734
3725
3725
3756
3778
3745
3764
3800
3800
3800
3800
3779
3741
3742
3720
3779
3723
3698
3713
3759
3759
3708
3702
3781
3766
3753
3758
3732
3699
3699
3699
3683
3683
3670
3670
3619
3619
3672
3619
3619
3653
3646
3636
3619
3744
3910
3861
3797
3876
3830
3890
3944
3944
3861
3880
3790
3864
3864
3819
3819
3804
3804
3828
3747
3847
3847
3847
3833
3803
3766
3836
3858
3858
3822
3793
3877
3794
3828
3828
3828
3867
3867
3873
3860
3849
3846
3837
3777
3735
3735
3794
3809
3747
3712
3723
3712
3720
3680
3652
3606
3586
3574
3574
3603
3624
3614
3628
3627
3617
3576
3515
3515
3542
3612
3675
3675
3752
3714
3747
3747
3731
3695
3695
3715
3715
3715
3717
3800
3800
3742
3807
3760
3732
3742
3691
3733
3752
3752
3744
3689
3699
3694
3655
3630
3563
3596
3531
3611
3621
3625
3611
3660
3699
3699
3737
3713
3751
3808
3808
3785
3727
3741
3801
3729
3713
3686
3686
3733
3727
3727
3727
3767
3731
3681
3644
3742
3736
3753
3753
3742
3742
3807
3740
3763
3747
3702
3737
3706
3710
3734
3791
3842
3893
3893
3967
3916
3931
3931
3873
3852
3797
3809
3703
3660
3665
3646
3557
3531
3537
3564
3589
3613
3648
3648
3584
3622
3709
3720
3685
3734
3779
3800
3756
3769
3676
3687
3755
3829
3730
3761
3741
3741
3710
3710
3768
3734
3734
3661
3674
3719
3719
3677
3704
3723
3725
3728
3790
3738
3753
3810
3790
3859
3837
3864
3886
3816
3864
3846
3797
3801
3801
3779
3784
3866
3866
3912
3885
3885
3871
3871
3865
3870
3963
3923
3906
3906
3876
3896
3896
3926
3912
3898
3928
3928
3823
3780
3842
3884
3869
3830
3830
3830
3878
3903
3929
3940
3948
3990
3990
4008
4032
4041
3951
3979
3954
3931
3931
3911
3911
3965
3896
3770
3770
3748
3730
3759
3775
3807
3807
3829
3847
3801
3801
3787
3787
3787
3787
3787
3787
3787
3787
3822
3822
3768
3932
3932
3910
3862
3798
3779
3779
3779
3759
3712
3743
3687
3678
3678
3714
3714
3714
3694
3746
3746
3737
3781
3801
3772
3792
3787
3749
3772
3843
3843
3820
3820
3841
3841
3842
3842
3881
3957
3831
3754
3754
3688
3756
3716
3779
3779
3771
3706
3644
3625
3680
3694
3761
3761
3739
3792
3755
3755
3786
3766
3820
3840
3936
3934
3942
3878
3869
3935
3935
3869
3848
3793
3811
3793
3784
3717
3722
3691
3699
3777
3777
3822
3738
3726
3748
3819
3819
3819
3812
3780
3707
3702
3669
3625
3732
3626
3691
3713
3749
3714
3704
3704
3842
3815
3801
3759
3779
3751
3916
3898
3815
3815
3825
3928
3930
3989
3989
3908
3908
4016
4055
4046
4074
3979
3942
3942
3939
3893
3954
3971
4017
4082
4044
4044
4044
3983
3970
3919
3919
3913
3810
3740
3731
3830
3812
3956
3922
3880
3887
3771
3831
3821
3845
3845
3888
3907
3835
3812
3852
3853
3840
3873
3968
3871
3829
3846
3861
3906
3840
3840
3840
3840
3842
3854
3839
3952
3899
3927
3927
3885
3917
3912
3912
3887
3879
3833
3776
3824
3839
3773
3741
3803
3844
3798
3823
3781
3665
3648
3649
3624
3547
3566
3549
3549
3539
3539
3542
3526
3602
3622
3622
3688
3746
3700
3697
3764
3764
3821
3811
3944
3921
3855
3878
3863
3753
3732
3768
3768
3768
3772
3693
3693
3693
3709
3683
3684
3754
3759
3713
3660
3679
3714
3714
3734
3734
3735
3735
3732
3691
3683
3718
3650
3696
3668
3738
3711
3689
3706
3706
3766
3745
3728
3698
3711
3684
3624
3680
3680
3810
3810
3799
3786
3824
3795
3747
3786
3786
3729
3729
3757
3754
3743
3703
3718
3798
3795
3781
3792
3842
3821
3796
3823
3808
3808
3823
3782
3733
3736
3794
3714
3722
3722
3767
3767
3738
3693
3693
3693
3636
3628
3724
3713
3695
3695
3695
3759
3719
3691
3737
3779
3779
3757
3757
3757
3832
3837
3858
3851
3864
3807
3807
3842
3856
3858
3830
3846
3858
3865
3865
3903
3869
3756
3769
3769
3838
3823
3802
3827
3792
3871
3852
3853
3779
3742
3742
3742
3716
3731
3751
3751
3686
3686
3659
3644
3661
3661
3661
3661
3661
3615
3661
3705
3705
3705
3735
3753
3770
3786
3788
3818
3849
3771
3759
3856
3819
3846
3854
3833
3803
3849
3821
3821
3816
3905
3884
3874
3874
3818
3818
3804
3804
3804
3741
3741
3787
3702
3702
3698
3698
3761
3730
3841
3806
3806
3762
3769
3819
3813
3824
3828
3764
3863
3870
3857
3757
3864
3892
3892
3760
3770
3752
3679
3655
3689
3668
3650
3668
3682
3653
3597
3692
3723
3723
3751
3752
3704
3706
3729
3729
3769
3691
3733
3746
3774
3784
3784
3784
3730
3730
3700
3700
3716
3725
3764
3764
3702
3702
3685
3709
3685
3685
3669
3612
3527
3504
3493
3523
3523
3523
3523
3553
3553
3577
3577
3577
3568
3568
3539
3519
3510
3517
3507
3513
3491
3491
3475
3515
3512
3553
3612
3569
3569
3638
3671
3706
3706
3703
3771
3817
3840
3811
3775
3833
3769
3760
3785
3807
3779
3824
3764
3725
3785
3737
3731
3856
3856
3796
3812
3832
3832
3832
3818
3818
3838
3868
3850
3897
3897
3891
3910
3911
3933
3933
3886
3911
3911
3911
3911
3989
3989
3928
3928
3922
3933
3945
3918
3922
3862
3864
3908
3888
3868
3868
3898
3918
3930
3888
3888
3891
3891
3891
3903
3903
3903
3902
3876
3880
3880
3877
3850
3775
3783
3792
3877
3860
3860
3859
3866
3855
3844
3840
3831
3820
3806
3863
3826
3818
3763
3763
3767
3767
3746
3746
3746
3711
3804
3843
3806
3768
3768
3785
3785
3747
3820
3820
3776
3776
3909
3909
3857
3857
3837
3837
3853
3856
3879
3884
3801
3819
3819
3819
3819
3798
3800
3718
3774
3776
3721
3737
3699
3709
3709
3721
3725
3743
3681
3692
3758
3762
3767
3767
3766
3808
3833
3833
3781
3740
3740
3714
3714
3714
3714
3692
3712
3706
3706
3742
3780
3786
3794
3736
3736
3701
3701
3701
3667
3667
3722
3774
3774
3730
3776
3826
3826
3769
3777
3712
3668
3717
3607
3583
3678
3678
3753
3753
3753
3798
3771
3761
3759
3749
3691
3709
3703
3696
3725
3693
3706
3729
3719
3706
3706
3707
3704
3704
3704
3747
3675
3702
3675
3677
3648
3671
3671
3663
3697
3634
3634
3573
3555
3615
3653
3653
3653
3653
3591
3605
3656
3668
3632
3661
3711
3738
3651
3682
3731
3731
3767
3774
3808
3801
3824
3889
3848
3891
3837
3847
3895
3824
3784
3771
3694
3672
3671
3717
3721
3685
3755
3818
3882
3882
3953
3953
3953
3899
3857
3867
3868
3811
3835
3890
3918
3918
3981
3959
4000
4041
3976
3907
3955
3999
4079
4071
3992
3994
4067
4067
4007
4007
4051
4089
4071
4120
4088
4044
4111
4080
4036
4029
4036
3963
3997
3964
3872
3779
3734
3749
3739
3755
3774
3758
3758
3758
3800
3781
3811
3748
3746
3715
3729
3704
3720
3674
3682
3773
3872
3867
3859
3839
3839
3839
3909
3909
3876
3875
3808
3724
3724
3769
3811
3822
3832
3847
3802
3802
3802
3804
3774
3774
3739
3792
3792
3818
3705
3635
3650
3665
3645
3599
3589
3628
3570
3570
3577
3601
3628
3686
3627
3727
3696
3736
3794
3798
3711
3690
3762
3763
3766
3889
3802
3799
3773
3887
3887
3868
3871
3870
3878
3851
3894
3842
3863
3863
3791
3766
3854
3854
3854
3845
3829
3859
3943
3906
3906
3910
3832
3864
3887
3864
3861
3840
3893
3874
3874
3874
3851
3775
3814
3808
3912
3814
3861
3980
3905
3861
3831
3781
3718
3781
3883
3893
3875
3875
3800
3829
3818
3818
3800
3839
3847
3847
3906
3908
3830
3811
3903
3863
3863
3898
3872
3853
3853
3845
3845
3845
3837
3800
3774
3833
3796
3759
3751
3740
3807
3861
3867
3837
3837
3861
3863
3849
3830
3830
3864
3864
3797
3736
3737
3680
3644
3644
3647
3647
3699
3767
3767
3763
3780
3780
3777
3777
3717
3761
3765
3804
3804
3858
3819
3814
3799
3800
3839
3786
3833
3822
3759
3832
3832
3832
3781
3804
3832
3832
3832
3882
3882
3922
3972
4007
3957
3876
3819
3819
3801
3848
3824
3824
3815
3815
3759
3759
3745
3801
3771
3786
3845
3911
3906
3917
3931
3932
3863
3893
3771
3734
3783
3783
3783
3824
3762
3718
3799
3811
3769
3796
3858
3832
3790
3783
3783
3748
3748
3722
3753
3749
3727
3735
3685
3759
3732
3732
3788
3767
3845
3845
3845
3845
3899
3886
3886
3848
3861
3849
3838
3838
3838
3838
3838
3856
3829
3813
3729
3727
3727
3671
3748
3685
3720
3779
3819
3815
3794
3807
3856
3840
3839
3830
3741
3745
3745
3709
3737
3737
3676
3676
3676
3775
3799
3811
3811
3935
3911
3878
3826
3940
3940
3987
3934
3889
3852
3830
3830
3801
3790
3783
3700
3740
3758
3758
3704
3800
3804
3788
3829
3808
3827
3792
3842
3775
3775
3709
3751
3751
3715
3715
3691
3718
3765
3797
3826
3818
3818
3931
3886
3877
3877
3782
3819
3913
3891
3864
3757
3751
3761
3761
3814
3824
3833
3784
3769
3744
3780
3721
3735
3715
3707
3665
3687
3687
3633
3633
3679
3679
3653
3661
3636
3622
3706
3744
3705
3707
3707
3703
3672
3776
3776
3776
3714
3714
3725
3736
3674
3674
3674
3636
3636
3683
3684
3684
3792
3715
3697
3697
3691
3739
3722
3698
3698
3760
3718
3718
3665
3660
3656
3656
3659
3689
3754
3621
3633
3630
3630
3630
3630
3719
3692
3541
3541
3541
3564
3578
3496
3588
3560
3643
3610
3513
3513
3513
3513
3496
3496
3635
3635
3621
3663
3663
3744
3726
3733
3745
3767
3772
3734
3741
3698
3670
3670
3753
3760
3807
3797
3850
3850
3801
3799
3794
3793
3815
3834
3834
3795
3795
3839
3825
3821
3815
3692
3683
3681
3730
3653
3653
3653
3724
3762
3671
3662
3626
3597
3597
3598
3643
3721
3725
3738
3814
3828
3810
3796
3818
3819
3836
3875
3833
3810
3791
3882
3892
3860
3909
3909
3871
3896
3881
3824
3824
3869
3902
3902
3987
3941
3963
3820
3820
3775
3775
3766
3743
3743
3729
3704
3843
3830
3890
3890
3890
3949
3949
3916
3916
3916
3927
3927
3927
3927
3927
3933
3881
3881
3855
3855
3876
3897
4012
3952
3941
3823
3842
3960
3946
3989
3900
3900
3924
3870
3870
3870
3908
3861
3827
3827
3827
3748
3735
3735
3735
3756
3748
3782
3782
3782
3782
3716
3718
3815
3930
3839
3755
3743
3743
3768
3821
3849
3849
3849
3829
3853
3779
3779
3779
3779
3779
3677
3659
3642
3642
3642
3612
3628
3615
3615
3590
3590
3627
3627
3627
3627
3602
3608
3566
3530
3583
3583
3470
3470
3470
3481
3499
3536
3536
3516
3516
3488
3588
3588
3717
3717
3682
3673
3657
3718
3677
3677
3677
3677
3677
3677
3673
3657
3692
3722
3723
3749
3749
3749
3800
3800
3830
3830
3823
3782
3805
3760
3721
3677
3792
3811
3851
3840
3852
3886
3900
3873
3869
3814
3745
3694
3680
3612
3644
3641
3638
3663
3640
3696
3696
3633
3633
3605
3623
3659
3659
3716
3716
3780
3796
3796
3809
3760
3719
3737
3737
3737
3794
3794
3939
3928
3951
4002
3928
3890
3945
3945
4001
3944
4020
3952
3939
3968
4054
4054
4093
4093
4044
4031
3980
3945
3909
4003
3943
3954
3918
3918
3910
3877
3877
3854
3808
3808
3772
3772
3772
3775
3766
3746
3796
3776
3773
3773
3797
3735
3814
3814
3842
3779
3755
3767
3767
3767
3709
3735
3762
3697
3697
3697
3711
3711
3787
3795
3849
3877
3877
3836
3824
3894
3890
3806
3770
3727
3727
3703
3754
3786
3789
3789
3751
3768
3768
3768
3768
3768
3882
3829
3835
3835
3698
3698
3738
3758
3758
3797
3841
3776
3803
3735
3735
3735
3735
3730
3714
3750
3718
3711
3718
3783
3779
3804
3804
3821
3771
3870
3870
3901
3792
3796
3796
3802
3683
3653
3597
3612
3679
3764
3764
3782
3824
3824
3837
3802
3802
3776
3776
3800
3811
3811
3793
3788
3788
3837
3745
3745
3754
3718
3718
3718
3741
3738
3735
3735
3710
3710
3741
3741
3732
3744
3709
3707
3719
3678
3670
3629
3648
3630
3671
3598
3598
3598
3616
3554
3535
3526
3593
3593
3531
3495
3547
3545
3493
3493
3517
3537
3510
3510
3544
3540
3482
3482
3482
3479
3491
3516
3516
3515
3515
3517
3497
3497
3497
3493
3544
3602
3606
3601
3561
3537
3537
3546
3586
3594
3603
3594
3556
3556
3597
3625
3625
3601
3620
3659
3656
3656
3662
3662
3662
3696
3696
3739
3734
3767
3767
3806
3765
3709
3766
3680
3691
3685
3753
3803
3803
3803
3819
3787
3783
3783
3756
3802
3797
3797
3806
3822
3822
3846
3836
3836
3872
3822
3799
3782
3782
3765
3781
3734
3734
3869
3872
3969
3979
3912
3918
3934
3926
3820
3820
3851
3827
3862
3835
3847
3819
3801
3801
3884
3884
3884
3904
3904
3907
3907
3891
3956
3909
3909
3905
3972
3992
3966
3916
3942
3931
3931
3960
3919
3936
3929
3863
3863
3894
3913
3957
3957
4005
4021
4006
3990
3920
3903
3858
3849
3836
3880
3866
3866
3779
3829
3806
3781
3775
3788
3808
3808
3792
3842
3887
3887
3859
3873
3806
3832
3911
3872
3872
3823
3896
3866
3868
3868
3692
3686
3686
3692
3692
3692
3692
3689
3720
3652
3631
3631
3700
3687
3640
3654
3655
3670
3670
3678
3664
3664
3664
3742
3760
3726
3745
3777
3757
3757
3766
3729
3784
3759
3646
3646
3600
3564
3564
3551
3551
3615
3614
3606
3584
3566
3624
3635
3621
3574
3574
3574
3526
3526
3526
3537
3635
3595
3595
3484
3484
3484
3471
3528
3528
3514
3518
3597
3597
3597
3597
3597
3597
3599
3541
3592
3518
3429
3457
3457
3527
3579
3696
3665
3680
3804
3911
3912
3920
3852
3747
3721
3749
3785
3764
3761
3717
3706
3706
3706
3639
3639
3732
3757
3765
3641
3697
3673
3679
3739
3724
3768
3862
3792
3792
3805
3840
3855
3876
3926
3918
3885
3885
3918
3857
3857
3893
3800
3782
3761
3799
3795
3795
3772
3793
3846
3881
3881
3861
3774
3813
3810
3810
3810
3848
3735
3722
3787
3791
3791
3791
3900
3911
3905
3843
3899
3906
3900
3901
3913
3906
3906
3849
3856
3860
3797
3785
3812
3804
3804
3863
3903
3843
3844
3773
3768
3767
3767
3755
3751
3748
3760
3834
3814
3804
3883
3883
3883
3850
3828
3854
3854
3812
3812
3812
3824
3824
3727
3624
3627
3620
3615
3615
3606
3603
3603
3628
3649
3672
3658
3634
3665
3698
3688
3683
3720
3720
3720
3720
3720
3724
3701
3715
3740
3740
3740
3694
3639
3624
3609
3625
3643
3693
3691
3691
3691
3691
3768
3734
3772
3846
3725
3709
3651
3656
3696
3696
3696
3680
3660
3675
3631
3615
3647
3634
3731
3761
3761
3843
3758
3694
3710
3738
3738
3674
3674
3653
3704
3698
3639
3617
3698
3682
3682
3682
3682
3696
3650
3678
3744
3838
3788
3771
3745
3746
3734
3734
3809
3930
3896
3896
3892
3791
3802
3781
3692
3728
3728
3714
3714
3743
3758
3716
3710
3779
3732
3827
3835
3835
3835
3808
3815
3815
3815
3790
3737
3719
3684
3754
3789
3818
3801
3806
3750
3750
3767
3777
3777
3779
3752
3793
3798
3798
3777
3735
3735
3668
3662
3549
3576
3576
3630
3606
3570
3595
3612
3598
3588
3648
3648
3698
3668
3647
3647
3647
3647
3673
3680
3676
3662
3662
3658
3718
3718
3688
3688
3746
3746
3734
3734
3734
3733
3738
3713
3682
3682
3702
3737
3798
3831
3735
3735
3719
3719
3668
3629
3629
3662
3662
3664
3664
3735
3746
3746
3764
3779
3760
3747
3747
3726
3718
3742
3743
3699
3687
3696
3712
3712
3751
3717
3703
3703
3654
3638
3638
3636
3619
3625
3625
3633
3633
3631
3631
3625
3625
3625
3625
3625
3648
3722
3744
3708
3708
3690
3690
3634
3624
3703
3757
3752
3752
3752
3693
3726
3726
3726
3704
3745
3725
3717
3717
3748
3780
3751
3765
3727
3671
3663
3663
3603
3603
3686
3693
3749
3749
3852
3841
3854
3794
3792
3792
3748
3764
3754
3744
3715
3663
3663
3640
3661
3662
3652
3652
3652
3716
3725
3744
3716
3712
3701
3715
3729
3731
3731
3699
3746
3686
3743
3743
3728
3659
3659
3604
3630
3673
3671
3643
3643
3591
3591
3609
3654
3654
3690
3748
3810
3781
3814
3826
3826
3782
3762
3748
3693
3654
3718
3718
3725
3725
3725
3683
3633
3633
3633
3633
3673
3759
3723
3723
3723
3729
3729
3816
3816
3786
3788
3788
3764
3759
3739
3692
3636
3636
3636
3582
3582
3583
3591
3576
3576
3620
3628
3650
3771
3748
3673
3668
3723
3753
3718
3763
3728
3743
3681
3726
3726
3726
3613
3593
3593
3617
3617
3617
3547
3547
3547
3547
3547
3547
3534
3534
3574
3597
3597
3625
3686
3696
3733
3733
3733
3701
3721
3721
3736
3741
3707
3707
3709
3716
3679
3679
3679
3730
3691
3728
3679
3725
3715
3766
3766
3764
3764
3764
3778
3755
3770
3770
3813
3813
3762
3680
3668
3668
3668
3671
3642
3603
3621
3704
3692
3692
3668
3646
3635
3635
3635
3597
3597
3657
3657
3660
3633
3633
3608
3608
3702
3702
3691
3704
3705
3705
3593
3607
3573
3573
3531
3531
3520
3642
3525
3525
3525
3525
3525
3596
3588
3588
3588
3599
3635
3659
3592
3621
3608
3608
3608
3658
3676
3720
3720
3720
3720
3784
3771
3790
3791
3773
3773
3773
3774
3802
3821
3805
3866
3824
3759
3759
3764
3764
3780
3780
3754
3640
3694
3694
3758
3818
3798
3905
3888
3859
3963
3955
3924
3895
3905
3908
3849
3859
3859
3859
3878
3878
3878
3908
3908
3868
3868
3835
3859
3859
3873
3844
3824
3824
3824
3824
3824
3824
3702
3657
3657
3657
3657
3657
3745
3715
3704
3684
3705
3705
3695
3705
3705
3741
3741
3755
3843
3825
3834
3839
3844
3838
3779
3748
3764
3764
3713
3733
3745
3727
3727
3799
3875
3875
3772
3772
3760
3760
3716
3716
3725
3725
3725
3731
3731
3771
3755
3755
3751
3756
3729
3729
3783
3771
3683
3683
3657
3738
3693
3693
3639
3639
3660
3618
3681
3681
3638
3635
3644
3638
3604
3604
3604
3554
3554
3554
3485
3538
3538
3538
3572
3586
3570
3581
3581
3560
3548
3539
3539
3523
3575
3610
3635
3578
3601
3565
3603
3650
3650
3693
3686
3742
3742
3742
3827
3831
3833
3833
3836
3813
3734
3734
3663
3614
3614
3672
3690
3680
3670
3694
3690
3627
3620
3726
3699
3710
3709
3678
3683
3747
3747
3632
3615
3615
3576
3631
3627
3718
3680
3642
3672
3634
3634
3595
3551
3551
3583
3583
3559
3556
3556
3590
3590
3590
3590
3590
3665
3606
3606
3542
3542
3576
3576
3576
3576
3597
3631
3636
3636
3652
3639
3639
3639
3638
3638
3630
3617
3617
3601
3633
3633
3663
3653
3648
3658
3739
3739
3739
3734
3736
3777
3754
3795
3791
3734
3739
3720
3728
3728
3721
3721
3822
3779
3779
3770
3790
3706
3706
3706
3661
3666
3666
3650
3650
3650
3650
3650
3680
3680
3724
3730
3730
3713
3713
3713
3713
3713
3731
3715
3699
3683
3648
3648
3677
3779
3801
3769
3743
3723
3727
3747
3747
3747
3796
3796
3770
3763
3802
3786
3786
3786
3827
3813
3819
3775
3708
3761
3761
3731
3763
3781
3763
3763
3745
3797
3797
3808
3859
3859
3922
3888
3918
3912
3996
3996
4001
3991
3991
3995
3904
3904
3904
3886
3869
3869
3885
3894
3911
3944
3982
3874
3870
3870
3875
3830
3830
3806
3881
3888
3838
3831
3864
3835
3849
3875
3875
3803
3806
3806
3806
3831
3831
3831
3818
3818
3818
3818
3818
3818
3884
3886
3774
3715
3695
3746
3748
3756
3766
3766
3723
3692
3693
3693
3693
3693
3642
3653
3674
3671
3706
3706
3778
3778
3769
3782
3766
3752
3752
3747
3792
3792
3792
3753
3730
3693
3713
3710
3649
3649
3654
3603
3617
3700
3737
3737
3717
3598
3593
3607
3607
3607
3607
3607
3588
3628
3628
3628
3696
3675
3673
3688
3688
3688
3688
3688
3677
3718
3718
3719
3719
3719
3719
3706
3736
3644
3636
3722
3722
3722
3722
3809
3850
3859
3825
3785
3859
3859
3819
3848
3802
3803
3807
3782
3758
3725
3725
3725
3707
3707
3719
3703
3654
3654
3654
3658
3651
3621
3614
3621
3672
3672
3672
3623
3623
3623
3632
3649
3662
3662
3682
3592
3592
3592
3525
3525
3527
3527
3527
3537
3537
3468
3468
3468
3468
3468
3468
3468
3468
3488
3488
3488
3488
3447
3476
3476
3476
3476
3481
3563
3628
3610
3582
3540
3561
3553
3553
3625
3625
3630
3630
3630
3630
3627
3658
3658
3698
3699
3701
3701
3681
3648
3659
3659
3646
3646
3646
3665
3658
3665
3721
3721
3721
3756
3803
3816
3752
3709
3674
3674
3690
3653
3653
3618
3627
3531
3566
3609
3603
3603
3568
3568
3610
3641
3669
3669
3669
3669
3678
3664
3727
3781
3781
3727
3710
3710
3664
3697
3716
3716
3799
3821
3821
3762
3879
3905
3790
3790
3789
3792
3839
3817
3817
3816
3762
3783
3778
3808
3786
3760
3773
3767
3723
3697
3697
3697
3685
3675
3675
3641
3641
3686
3705
3705
3667
3667
3706
3645
3645
3593
3595
3602
3630
3616
3616
3629
3629
3629
3669
3680
3680
3717
3717
3717
3717
3637
3637
3637
3674
3674
3707
3671
3665
3662
3744
3744
3745
3672
3628
3628
3602
3602
3633
3633
3633
3652
3654
3654
3654
3648
3642
3646
3634
3634
3634
3634
3634
3631
3556
3556
3556
3549
3549
3576
3611
3593
3591
3548
3574
3548
3539
3495
3498
3545
3545
3545
3597
3526
3560
3531
3531
3531
3563
3563
3554
3513
3516
3506
3506
3506
3526
3526
3564
3564
3555
3555
3591
3591
3587
3587
3540
3540
3540
3540
3540
3543
3543
3543
3543
3543
3546
3546
3546
3543
3542
3570
3570
3558
3576
3576
3576
3579
3565
3546
3546
3546
3546
3546
3546
3546
3546
3546
3570
3623
3589
3572
3555
3572
3579
3579
3509
3509
3509
3507
3481
3481
3481
3501
3482
3482
3482
3549
3549
3549
3567
3668
3675
3666
3683
3727
3727
3683
3653
3653
3699
3657
3657
3670
3669
3664
3664
3690
3690
3664
3724
3724
3724
3753
3682
3682
3682
3682
3682
3650
3654
3602
3602
3602
3658
3745
3720
3743
3734
3734
3734
3703
3704
3697
3688
3688
3726
3747
3747
3722
3732
3732
3732
3732
3732
3732
3745
3671
3671
3693
3693
3770
3769
3769
3770
3722
3731
3731
3731
3772
3779
3779
3816
3784
3784
3750
3752
3799
3799
3799
3799
3810
3835
3819
3819
3792
3792
3816
3746
3761
3736
3694
3694
3691
3691
3691
3737
3700
3671
3671
3648
3648
3648
3648
3644
3686
3648
3624
3624
3624
3624
3624
3596
3596
3596
3596
3596
3596
3596
3596
3598
3598
3617
3574
3574
3574
3574
3574
3574
3583
3583
3595
3595
3662
3682
3667
3650
3629
3629
3644
3644
3636
3636
3636
3646
3646
3625
3679
3657
3710
3712
3700
3700
3651
3647
3647
3742
3728
3734
3734
3686
3662
3633
3576
3576
3723
3717
3717
3717
3750
3718
3673
3673
3731
3736
3781
3687
3684
3684
3641
3641
3641
3641
3635
3635
3635
3635
3631
3612
3669
3669
3639
3632
3689
3689
3690
3690
3678
3678
3678
3678
3628
3617
3617
3617
3617
3617
3616
3616
3658
3658
3658
3723
3708
3708
3707
3643
3643
3662
3670
3627
3582
3582
3586
3586
3581
3581
3593
3593
3539
3539
3539
3528
3528
3553
3553
3506
3514
3460
3460
3460
3469
3469
3469
3469
3456
3485
3487
3487
3471
3497
3478
3478
3478
3481
3481
3481
3481
3541
3541
3553
3553
3562
3562
3562
3562
3562
3562
3562
3580
3559
3559
3506
3506
3491
3508
3508
3508
3508
3508
3535
3535
3535
3535
3584
3584
3584
3549
3576
3558
3558
3522
3497
3497
3497
3497
3497
3508
3508
3508
3508
3508
3508
3508
3499
3499
3499
3499
3541
3541
3574
3637
3637
3614
3614
3614
3614
3690
3731
3731
3710
3710
3710
3716
3673
3681
3681
3760
3760
3716
3698
3656
3656
3656
3656
3656
3656
3673
3673
3673
3676
3675
3675
3675
3714
3730
3730
3730
3730
3742
3742
3742
3742
3742
3774
3753
3753
3753
3793
3682
3633
3633
3615
3605
3605
3605
3568
3568
3592
3592
3596
3565
3569
3569
3569
3541
3541
3640
3555
3555
3451
3452
3464
3528
3528
3474
3474
3474
3507
3507
3507
3476
3492
3509
3509
3509
3509
3500
3500
3503
3449
3449
3449
3449
3449
3436
3458
3458
3458
3458
3458
3469
3424
3424
3424
3424
3424
3429
3426
3426
3437
3518
3523
3523
3505
3505
3505
3505
3505
3505
3525
3525
3525
3525
3512
3512
3512
3512
3512
3536
3507
3507
3507
3507
3520
3523
3523
3517
3500
3520
3520
3497
3497
3570
3582
3582
3582
3583
3595
3588
3588
3588
3593
3570
3570
3570
3570
3570
3570
3570
3570
3570
3570
3603
3576
3517
3539
3539
3584
3566
3566
3566
3566
3566
3566
3566
3566
3566
3582
3581
3597
3581
3563
3563
3563
3563
3563
3563
3563
3563
3563
3623
3623
3623
3623
3623
3672
3672
3674
3674
3704
3662
3662
3662
3660
3660
3715
3715
3714
3714
3714
3714
3714
3709
3696
3696
3696
3696
3685
3685
3685
3665
3677
3677
3677
3677
3644
3621
3586
3586
3586
3586
3586
3586
3586
3585
3540
3540
3540
3523
3522
3522
3522
3522
3522
3522
3522
3522
3527
3527
3509
3509
3509
3509
3509
3541
3541
3541
3541
3541
3541
3541
3541
3524
3500
3521
3521
3521
3574
3595
3595
3595
3595
3595
3591
3609
3619
3619
3600
3613
3612
3510
3510
3500
3500
3498
3505
3505
3508
3514
3494
3489
3480
3476
3476
3476
3476
3480
3463
3463
3463
3463
3465
3554
3540
3540
3597
3593
3552
3576
3561
3653
3653
3653
3645
3645
3645
3645
3653
3653
3645
3645
3645
3645
3645
3645
3645
3645
3645
3607
3607
3607
3607
3597
3587
3579
3547
3530
3530
3530
3530
3528
3505
3526
3523
3585
3585
3585
3585
3556
3556
3556
3556
3556
3536
3561
3557
3557
3535
3535
3523
3538
3606
3608
3603
3603
3603
3556
3556
3556
3556
3536
3536
3544
3544
3561
3561
3561
3561
3561
3561
3554
3554
3554
3554
3584
3611
3611
3611
3591
3591
3591
3591
3594
3594
3572
3572
3600
3600
3592
3592
3602
3609
3609
3609
3588
3628
3628
3628
3673
3648
3635
3635
3635
3635
3635
3623
3623
3591
3601
3595
3595
3576
3582
3561
3561
3561
3561
3561
3561
3561
3561
3561
3561
3561
3561
3527
3527
3531
3546
3546
3546
3546
3542
3542
3542
3542
3542
3548
3548
3548
3556
3561
3561
3561
3556
3486
3486
3486
3486
3486
3486
3486
3486
3486
3486
3527
3527
3516
3516
3516
3516
3516
3485
3485
3507
3507
3507
3507
3507
3518
3518
3518
3518
3518
3518
3478
3478
3478
3475
3475
3475
3475
3475
3475
3475
3475
3493
3488
3528
3528
3528
3528
3528
3547
3547
3547
3547
3547
3547
3547
3546
3552
3551
3551
3543
3455
3455
3455
3455
3455
3455
3455
3455
3472
3472
3472
3472
3488
3488
3488
3487
3487
3487
3487
3487
3523
3523
3523
3523
3523
3523
3523
3558
3553
3553
3553
3553
3577
3564
3585
3584
3583
3593
3580
3580
3580
3580
3586
3586
3587
3588
3588
3588
3639
3639
3622
3599
3617
3631
3617
3570
3570
3590
3590
3590
3590
3590
3590
3590
3590
3581
3581
3589
3601
3601
3601
3621
3653
3653
3574
3575
3540
3557
3539
3539
3539
3546
3546
3586
3586
3581
3581
3596
3565
3565
3565
3604
3604
3604
3604
3604
3572
3563
3618
3618
3594
3631
3631
3622
3547
3547
3568
3568
3568
3568
3586
3542
3542
3571
3571
3571
3577
3577
3549
3532
3602
3640
3637
3621
3630
3630
3630
3676
3669
3691
3670
3670
3670
3658
3658
3669
3669
3721
3713
3700
3648
3648
3682
3682
3664
3664
3649
3649
3658
3658
3658
3658
3643
3643
3615
3656
3643
3643
3649
3649
3649
3649
3649
3649
3649
3659
3650
3629
3629
3629
3629
3629
3629
3629
3629
3632
3632
3635
3635
3635
3633
3661
3651
3651
3651
3651
3651
3651
3651
3657
3664
3664
3664
3654
3654
3642
3642
3653
3628
3638
3652
3652
3646
3600
3600
3547
3548
3587
3605
3514
3514
3505
3502
3509
3507
3507
3507
3541
3541
3541
3540
3540
3540
3509
3509
3509
3509
3509
3509
3509
3512
3512
3512
3514
3514
3514
3514
3514
3514
3476
3494
3494
3494
3494
3479
3479
3493
3493
3493
3493
3485
3485
3483
3483
3483
3483
3520
3520
3488
3422
3422
3422
3422
3422
3422
3461
3461
3442
3422
3422
3409
3392
3405
3405
3405
3405
3405
3405
3405
3405
3421
3428
3428
3428
3413
3413
3420
3438
3438
3438
3441
3441
3441
3441
3441
3412
3413
3413
3413
3413
3413
3413
3413
3413
3413
3413
3413
3413
3413
3419
3419
3419
3419
3419
3419
3419
3419
3419
3419
3419
3419
3419
3419
3430
3430
3430
3437
3437
3437
3437
3449
3442
3442
3442
3442
3442
3449
3449
3449
3449
3449
3454
3454
3454
3454
3454
3454
3454
3487
3458
3452
3435
3448
3448
3450
3450
3450
3450
3450
3450
3450
3450
3450
3450
3450
3450
3450
3450
3481
3481
3481
3481
3481
3481
3481
3481
3481
3468
3468
3468
3468
3468
3468
3467
3491
3486
3486
3478
3478
3478
3509
3509
3503
3520
3520
3520
3549
3549
3549
3549
3549
3549
3518
3490
3490
3483
3483
3483
3483
3479
3479
3470
3470
3468
3468
3449
3449
3478
3478
3478
3478
3482
3482
3482
3482
3482
3483
3483
3483
3497
3497
3480
3480
3480
3480
3480
3464
3464
3464
3464
3464
3464
3460
3460
3460
3460
3460
3463
3453
3453
3453
3453
3453
3453
3453
3456
3456
3456
3450
3450
3450
3450
3450
3429
3429
3402
3402
3402
3402
3402
3402
3402
3398
3415
3415
3415
3415
3422
3422
3422
3422
3445
3462
3462
3462
3462
3462
3462
3462
3444
3444
3444
3470
3470
3479
3479
3479
3479
3483
3483
3486
3483
3483
3451
3451
3451
3451
3451
3451
3433
3433
3433
3433
3433
3433
3432
3440
3451
3451
3444
3444
3452
3452
3452
3452
3436
3427
3418
3414
3443
3443
3443
3443
3405
3405
3405
3405
3405
3405
3405
3405
3405
3405
3405
3405
3405
3405
3405
3407
3407
3407
3407
3407
3407
3407
3430
3430
3430
3421
3421
3421
3421
3421
3435
3435
3435
3435
3435
3443
3443
3443
3443
3443
3443
3443
3443
3443
3443
3443
3443
3443
3443
3443
3435
3435
3435
3435
3435
3435
3435
3435
3435
3435
3435
3435
3435
3435
3435
3435
3435
3435
3435
3435
3435
3435
3435
3435
3435
3435
3435
3435
3435
3435
3428
3437
3437
3437
3437
3437
3437
3437
3437
3441
3441
3441
3441
3435
3435
3435
3435
3435
3435
3451
3451
3451
3451
3451
3446
3446
3446
3446
3446
3446
3446
3446
3446
3433
3433
3445
3445
3445
3445
3432
3432
3435
3443
3443
3443
3443
3443
3443
3443
3443
3443
3443
3443
3443
3443
3443
3440
3440
3440
3440
3440
3440
3440
3440
3423
3419
3419
3419
3419
3419
3419
3419
3419
3419
3419
3418
3418
3432
3432
3432
3432
3432
3432
3475
3475
3475
3475
3475
3465
3465
3471
3471
3471
3469
3469
3469
3469
3469
3469
3489
3489
3489
3489
3489
3489
3489
3489
3489
3489
3499
3499
3499
3499
3499
3499
3499
3499
3499
3499
3499
3484
3504
3493
3493
3496
3496
3496
3514
3524
3524
3524
3494
3494
3494
3494
3494
3494
3533
3533
3533
3540
3540
3540
3540
3540
3540
3540
3540
3528
3528
3528
3528
3528
3528
3528
3528
3528
3528
3528
3530
3530
3530
3466
3466
3466
3506
3506
3503
3541
3555
3555
3555
3555
3543
3543
3534
3531
3531
3531
3524
3524
3524
3524
3524
3524
3524
3524
3524
3524
3519
3519
3519
3519
3519
3519
3519
3519
3519
3519
3524
3524
3524
3524
3524
3524
3524
3524
3557
3557
3557
3557
3557
3557
3561
3561
3561
3561
3561
3561
3561
3566
3574
3574
3574
3590
3590
3589
3589
3589
3547
3547
3547
3547
3541
3541
3541
3557
3568
3568
3568
3568
3569
3569
3569
3567
3561
3569
3569
3569
3569
3569
3569
3569
3506
3506
3501
3501
3501
3501
3501
3504
3498
3498
3498
3498
3498
3486
3507
3507
3507
3507
3507
3507
3484
3484
3494
3505
3505
3513
3501
3501
3501
3501
3501
3501
3501
3496
3496
3496
3496
3512
3512
3525
3525
3525
3528
3528
3531
3531
3531
3531
3531
3531
3531
3503
3503
3501
3501
3501
3501
3501
3501
3501
3501
3489
3489
3489
3489
3496
3489
3489
3489
3508
3505
3505
3505
3505
3501
3501
3501
3501
3501
3501
3501
3501
3501
3501
3501
3501
3501
3501
3501
3501
3501
3501
3501
3501
3501
3501
3501
3501
3501
3501
3501
3501
3489
3484
3516
3516
3516
3516
3489
3489
3489
3475
3475
3475
3447
3442
3454
3454
3454
3454
3454
3454
3454
3437
3437
3437
3437
3437
3446
3446
3446
3465
3465
3465
3465
3472
3472
3472
3472
3472
3472
3472
3472
3472
3473
3461
3452
3452
3452
3452
3452
3452
3452
3434
3434
3434
3434
3434
3434
3434
3434
3434
3434
3434
3422
3422
3422
3422
3422
3422
3422
3422
3422
3422
3422
3422
3422
3422
3422
3422
3422
3422
3422
3422
3420
3420
3420
3420
3420
3420
3420
3420
3420
3441
3441
3441
3441
3441
3450
3450
3450
3450
3450
3450
3450
3450
3412
3412
3412
3412
3412
3412
3425
3425
3425
3425
3425
3425
3427
3427
3427
3429
3427
3427
3427
3427
3427
3427
3427
3427
3427
3394
3394
3394
3394
3394
3403
3403
3403
3403
3403
3401
3401
3401
3401
3401
3401
3401
3409
3409
3409
3403
3403
3403
3403
3403
3403
3403
3361
3361
3361
3362
3362
3362
3362
3362
3373
3373
3373
3374
3374
3374
3374
3374
3374
3374
3374
3374
3374
3374
3374
3374
3374
3374
3373
3384
3384
3384
3367
3367
3367
3367
3367
3367
3367
3367
3367
3357
3357
3357
3357
3357
3357
3357
3357
3357
3360
3360
3360
3360
3360
3360
3357
3346
3346
3346
3346
3346
3346
3346
3347
3347
3346
3346
3346
3346
3346
3346
3346
3346
3346
3346
3351
3327
3327
3327
3322
3334
3334
3334
3334
3334
3341
3341
3327
3327
3327
3327
3326
3326
3326
3326
3326
3326
3326
3326
3326
3328
3328
3328
3328
3325
3325
3325
3325
3325
3325
3325
3325
3325
3325
3325
3325
3325
3320
3310
3310
3310
3310
3309
3318
3318
3318
3318
3318
3318
3318
3318
3318
3318
3318
3304
3304
3304
3304
3304
3304
3304
3304
3336
3336
3319
3319
3319
3319
3319
3319
3319
3319
3311
3311
3311
3311
3311
3311
3311
3311
3311
3311
3311
3311
3311
3311
3311
3315
3315
3315
3302
3302
3278
3278
3278
3278
3264
3264
3264
3264
3264
3264
3264
3264
3264
3264
3264
3264
3264
3264
3264
3264
3264
3264
3264
3279
3279
3279
3279
3279
3279
3270
3270
3270
3270
3270
3270
3270
3270
3270
3270
3270
3270
3270
3270
3270
3270
3275
3275
3275
3275
3275
3275
3275
3275
3275
3275
3275
3275
3307
3307
3307
3299
3299
3299
3299
3299
3299
3299
3299
3299
3299
3299
3330
3330
3330
3330
3330
3330
3330
3330
3330
3330
3330
3330
3330
3330
3330
3330
3330
3330
3330
3330
3330
3330
3330
3330
3330
3330
3330
3313
3313
3313
3313
3313
3296
3301
3300
3300
3300
3300
3300
3300
3300
3300
3300
3300
3300
3300
3300
3300
3300
3300
3300
3300
3300
3300
3300
3300
3300
3300
3300
3300
3300
3300
3300
3300
3300
3300
3300
3300
3300
3300
3300
3300
3300
3300
3300
3300
3300
3300
3300
3300
3300
3300
3300
3300
3300
3300
3300
3300
3300
3300
3300
3300
3300
3300
3300
3300
3300
3300
3300
3300
3300
3300
3300
3300
3300
3300
3300
3300
3300
3300
3300
3300
3300
3300
3300
3300
3300
3300
3300
3300
3300
3300
3300
3300
3300
3300
3300
3300
3300
3300
3300
3300
3300
3300
3300
3300
3300
3300
3300
3300
3300
3300
3303
3303
3303
3303
3303
3303
3303
3303
3303
3303
3303
3303
3303
3303
3303
3303
3303
3303
3303
3303
3303
3303
3303
3303
3303
3303
3303
3303
3303
3303
3303
3303
3303
3303
3303
3303
3303
3303
3303
3303
3303
3303
3303
3303
3303
3303
3303
3303
3303
3303
3303
3303
3303
3303
3303
3303
3306
3302
3302
3306
3306
3306
3306
3306
3306
3297
3297
3297
3297
3297
3297
3286
3286
3286
3286
3286
3286
3286
3292
3292
3292
3292
3292
3292
3292
3292
3292
3292
3292
3292
3292
3292
3292
3292
3292
3298
3298
3298
3298
3291
3291
3291
3291
3291
3291
3291
3291
3290
3290
3290
3290
3290
3290
3290
3290
3290
3290
3290
3290
3290
3290
3290
3307
3307
3254
3254
3254
3254
3256
3256
3256
3256
3256
3249
3249
3249
3249
3250
3250
3250
3250
3250
3250
3250
3250
3250
3250
3250
3250
3236
3236
3236
3245
3245
3245
3245
3245
3245
3245
3245
3245
3245
3245
3245
3245
3245
3245
3245
3245
3245
3245
3245
3245
3245
3245
3245
3245
3245
3245
3245
3245
3245
3245
3245
3245
3245
3260
3260
3260
3260
3260
3260
3260
3260
3260
3260
3260
3260
3260
3260
3260
3260
3260
3260
3260
3260
3260
3260
3260
3260
3260
3260
3260
3260
3260
3260
3260
3260
3260
3274
3274
3274
3270
3270
3270
3270
3270
3270
3270
3270
3270
3270
3270
3270
3270
3270
3270
3270
3270
3270
3270
3270
3270
3270
3270
3270
3270
3270
3270
3270
3270
3270
3270
3270
3270
3270
3270
3270
3270
3270
3270
3270
3270
3270
3270
3270
3270
3270
3270
3270
3270
3270
3270
3270
3270
3274
3274
3274
3274
3274
3274
3274
3274
3274
3274
3274
3271
3271
3271
3271
3271
3271
3271
3271
3268
3268
3268
3268
3268
3268
3268
3268
3268
3268
3268
3268
3265
3265
3265
3265
3265
3265
3265
3265
3265
3265
3265
3265
3265
3265
3265
3265
3265
3265
3265
3268
3268
3268
3268
3268
3268
3268
3268
3268
3268
3268
3268
3268
3268
3268
3268
3268
3268
3268
3268
3268
3268
3262
3262
3262
3262
3262
3262
3262
3262
3262
3262
3262
3262
3262
3262
3262
3262
3262
3262
3262
3262
3262
3262
3262
3262
3262
3262
3262
3262
3262
3262
3262
3262
3251
3251
3251
3251
3251
3251
3251
3251
3251
3251
3251
3251
3251
3251
3251
3251
3251
3251
3251
3251
3251
3251
3251
3251
3251
3251
3251
3251
3251
3251
3251
3251
3251
3251
3251
3253
3253
3253
3253
3253
3253
3248
3248
3248
3248
3248
3248
3248
3248
3248
3248
3248
3248
3248
3248
3248
3248
3248
3248
3248
3248
3248
3245
3245
3245
3245
3245
3245
3245
3245
3245
3245
3245
3245
3245
3245
3245
3245
3245
3245
3245
3245
3245
3245
3243
3243
3217
3217
3217
3217
3217
3217
3217
3217
3217
3217
3217
3217
3217
3217
3217
3217
3217
3217
3217
3217
3217
3217
3217
3217
3217
3217
3217
3217
3217
3217
3217
3217
3217
3217
3217
3217
3217
3218
3218
3218
3218
3218
3218
3218
3218
3218
3219
3219
3219
3219
3219
3219
3219
3219
3219
3219
3219
3219
3219
3219
3219
3219
3219
3219
3219
3219
3219
3219
3219
3219
3219
3219
3219
3219
3219
3219
3219
3219
3219
3219
3219
3219
3219
3219
3219
3219
3219
3219
3219
3219
3219
3219
3219
3219
3219
3219
3219
3219
3219
3219
3219
3219
3219
3219
3219
3219
3219
3219
3219
3219
3219
3219
3219
3219
3219
3219
3219
3219
3219
3219
3219
3219
3219
3219
3219
3219
3219
3219
3219
3219
3219
3219
3219
3219
3219
3219
3219
3219
3219
3219
3219
3221
3221
3221
3221
3221
3221
3221
3221
3221
3221
3221
3221
3221
3221
3221
3221
3221
3221
3221
3221
3221
3221
3221
3221
3221
3221
3221
3221
3221
3221
3221
3221
3221
3221
3221
3221
3221
3221
3221
3221
3221
3221
3221
3219
3219
3219
3219
3219
3219
3219
3219
3219
3219
3219
3219
3219
3219
3219
3219
3219
3219
3219
3219
3219
3219
3219
3219
3219
3219
3218
3215
3215
3215
3215
3215
3215
3215
3215
3215
3215
3215
3215
3215
3215
3215
3215
3215
3215
3215
3215
3215
3215
3215
3215
3207
3207
3207
3207
3207
3207
3207
3207
3207
3207
3207
3207
3207
3207
3207
3207
3207
3207
3207
3207
3207
3207
3207
3207
3207
3207
3207
3207
3207
3207
3207
3207
3207
3207
3207
3207
3207
3207
3207
3207
3207
3207
3207
3207
3207
3207
3207
3207
3207
3207
3207
3207
3207
3207
3207
3207
3207
3211
3211
3211
3211
3211
3211
3211
3209
3209
3209
3209
3209
3209
3209
3209
3209
3209
3209
3209
3209
3209
3209
3209
3209
3209
3209
3209
3209
3209
3209
3209
3209
3209
3209
3209
3209
3209
3209
3209
3209
3209
3209
3209
3209
3209
3209
3209
3209
3209
3209
3209
3209
3209
3209
3209
3209
3209
3209
3209
3209
3209
3209
3209
3209
3209
3209
3209
3209
3209
3204
3204
3204
3204
3204
3204
3204
3204
3204
3204
3204
3204
3204
3204
3204
3204
3204
3204
3204
3204
3204
3204
3204
3204
3204
3204
3204
3204
3204
3204
3204
3204
3204
3204
3204
3204
3204
3204
3204
3204
3204
3204
3204
3204
3204
3204
3204
3204
3204
3204
3204
3204
3204
3204
3204
3204
3204
3204
3204
3200
3200
3200
3200
3200
3200
3200
3200
3200
3200
3200
3200
3200
3200
3200
3200
3200
3200
3200
3200
3200
3200
3200
3200
3200
3200
3200
3200
3200
3200
3200
3200
3200
3200
3200
3200
3200
3200
3200
3200
3200
3200
3200
3200
3200
3200
3200
3200
3200
3200
3200
3200
3200
3200
3200
3200
3200
3200
3200
3200
3200
3200
3200
3200
3200
3200
3200
3200
3200
3200
3200
3200
3200
3200
3200
3200
3200
3200
3200
3200
3200
3200
3200
3200
3200
3200
3200
3200
3200
3200
3200
3200
3200
3200
3200
3200
3200
3200
3200
3200
3200
3200
3200
3200
3200
3200
3200
3200
3200
3200
3200
3200
3200
3200
3200
3200
3200
3200
3200
3200
3200
3200
3200
3200
3200
3200
3200
3200
3200
3200
3200
3200
3200
3200
3200
3200
3200
3200
3200
3200
3200
3200
3200
3200
3200
3200
3200
3200
3200
3200
3200
3200
3200
3200
3200
3200
3200
3200
3200
3200
3200
3200
3200
3200
3200
3200
3200
3200
3200
3200
3200
3200
3200
3200
3200
3200
3200
3200
3200
3200
3200
3200
3200
3200
3200
3200
3200
3200
3200
3200
3200
3200
3200
3200
3200
3200
3200
3200
3200
3200
3200
3200
3200
3200
3200
3200
3200
3200
3200
3200
3200
3200
3200
3200
3200
3200
3200
3200
3200
3200
3200
3200
3200
3200
3200
3200
3200
3200
3200
3200
3200
3200
3200
3200
3200
3200
3200
3200
3200
3200
3200
3200
3200
3200
3200
3200
3200
3200
3200
3200
3200
3200
3200
3200
3200
3200
3200
3200
3200
3200
3200
3198
3198
3198
3198
3198
3198
3198
3198
3198
3198
3198
3198
3198
3198
3198
3198
3198
3198
3198
3198
3198
3198
3191
3191
3191
3191
3191
3191
3191
3191
3191
3191
3191
3191
3191
3191
3191
3191
3191
3191
3191
3191
3191
3191
3191
3191
3191
3191
3191
3191
3191
3191
3191
3191
3191
3191
3191
3191
3191
3191
3191
3191
3191
3191
3191
3191
3192
3192
3192
3192
3192
3192
3192
3192
3192
3192
3192
3192
3192
3192
3192
3192
3192
3192
3192
3192
3192
3192
3192
3192
3192
3192
3192
3192
3192
3192
3192
3192
3192
3192
3192
3192
3192
3192
3192
3192
3192
3192
3192
3192
3192
3192
3192
3192
3192
3192
3192
3192
3192
3192
3183
3183
3183
3183
3183
3183
3183
3183
3183
3183
3183
3184
3184
3184
3184
3184
3184
3184
3184
3184
3184
3184
3184
3184
3184
3184
3184
3184
3184
3184
3184
3184
3184
3184
3184
3183
3183
3183
3183
3183
3183
3183
3183
3183
3183
3183
3183
3183
3183
3183
3183
3183
3183
3183
3183
3183
3183
3183
3183
3183
3183
3183
3183
3183
3183
3183
3183
3183
3183
3183
3183
3183
3183
3183
3183
3183
3183
3183
3183
3183
3183
3183
3183
3183
3183
3185
3185
3185
3185
3185
3185
3185
3185
3185
3185
3185
3185
3185
3185
3185
3185
3185
3185
3185
3185
3185
3185
3185
3185
3185
3185
3185
3185
3185
3185
3185
3185
3185
3185
3185
3185
3185
3185
3185
3185
3185
3185
3185
3185
3185
3185
3185
3185
3185
3185
3185
3185
3185
3185
3185
3185
3185
3185
3185
3185
3185
3185
3185
3185
3185
3185
3185
3185
3185
3185
3185
3185
3185
3191
3191
3191
3191
3191
3191
3191
3191
3191
3191
3191
3191
3191
3191
3191
3191
3191
3191
3191
3191
3191
3191
3191
3191
3191
3191
3191
3191
3191
3191
3191
3191
3191
3191
3191
3191
3191
3191
3191
3191
3191
3191
3191
3191
3191
3191
3191
3191
3191
3191
3191
3191
3191
3191
3191
3191
3191
3191
3191
3191
3191
3191
3191
3191
3191
3191
3191
3191
3191
3191
3191
3191
3191
3191
3191
3191
3191
3191
3191
3191
3191
3191
3191
3191
3191
3191
3191
3191
3191
3191
3191
3191
3191
3191
3191
3191
3191
3191
3191
3191
3191
3191
3191
3191
3191
3191
3191
3191
3191
3191
3191
3191
3191
3191
3191
3191
3191
3191
3191
3191
3191
3191
3191
3191
3191
3191
3191
3191
3191
3191
3191
3191
3191
3191
3191
3191
3191
3191
3191
3191
3191
3191
3191
3191
3191
3191
3191
3191
3191
3191
3191
3191
3191
3191
3191
3191
3191
3191
3191
3191
3191
3191
3191
3191
3191
3191
3191
3191
3191
3191
3191
3191
3191
3191
3191
3191
3191
3191
3191
3191
3191
3191
3191
3191
3191
3191
3191
3191
3191
3191
3191
3191
3191
3191
3191
3191
3191
3191
3191
3191
3191
3191
3191
3191
3191
3191
3191
3192
3192
3192
3192
3192
3192
3192
3192
3192
3192
3192
3192
3192
3192
3192
3192
3192
3192
3192
3192
3192
3191
3191
3191
3191
3191
3191
3191
3191
3191
3191
3191
3191
3191
3191
3191
3191
3191
3191
3191
3191
3191
3191
3191
3191
3191
3191
3191
3191
3191
3191
3191
3191
3191
3191
3191
3191
3191
3191
3191
3191
3191
3191
3191
3191
3191
3191
3191
3191
3191
3191
3191
3191
3191
3191
3191
3191
3191
3191
3191
3191
3191
3191
3191
3191
3191
3191
3191
3191
3191
3191
3191
3191
3191
3191
3191
3191
3191
3191
3191
3191
3191
3191
3191
3191
3191
3191
3191
3191
3191
3191
3191
3191
3191
3191
3191
3191
3191
3191
3191
3191
3191
3191
3191
3191
3191
3191
3191
3191
3191
3191
3191
3191
3191
3191
3191
3191
3191
3191
3191
3191
3191
3191
3191
3191
3191
3191
3191
3191
3191
3191
3191
3191
3191
3191
3191
3191
3191
3199
3199
3199
3199
3199
3199
3199
3199
3199
3199
3201
3201
3201
3201
3201
3201
3201
3200
3200
3200
3200
3200
3200
3200
3198
3198
3198
3198
3198
3198
3198
3198
3198
3198
3198
3198
3198
3198
3198
3198
3198
3198
3198
3198
3198
3198
3198
3198
3198
3198
3198
3198
3198
3198
3198
3198
3192
3192
3192
3192
3192
3192
3192
3192
3192
3192
3192
3192
3192
3192
3192
3192
3192
3195
3195
3195
3195
3195
3195
3195
3195
3195
3195
3195
3195
3195
3195
3195
3195
3195
3195
3195
3195
3195
3195
3195
3195
3195
3195
3195
3195
3195
3195
3195
3195
3195
3195
3195
3195
3195
3195
3195
3195
3195
3195
3195
3195
3195
3195
3195
3195
3195
3195
3195
3195
3195
3195
3195
3195
3195
3195
3195
3195
3195
3195
3195
3195
3195
3195
3195
3195
3195
3195
3195
3195
3195
3195
3195
3195
3195
3195
3195
3195
3195
3195
3195
3195
3195
3195
3195
3195
3195
3195
3195
3195
3195
3195
3195
3195
3195
3195
3195
3195
3195
3195
3195
3195
3195
3195
3195
3195
3195
3195
3195
3195
3195
3195
3195
3195
3195
3195
3195
3195
3195
3195
3195
3195
3195
3195
3195
3195
3195
3195
3195
3195
3195
3195
3195
3195
3195
3195
3195
3195
3195
3195
3195
3195
3195
3195
3192
3192
3192
3192
3192
3192
3192
3192
3192
3192
3192
3192
3192
3192
3192
3192
3192
3192
3192
3192
3192
3192
3192
3192
3192
3192
3192
3192
3192
3192
3192
3192
3192
3187
3186
3186
3186
3186
3186
3186
3186
3186
3186
3186
3186
3186
3186
3186
3186
3186
3186
3186
3186
3186
3186
3186
3186
3186
3186
3186
3186
3186
3186
3186
3186
3186
3186
3186
3186
3186
3186
3186
3186
3186
3186
3186
3186
3186
3186
3186
3186
3186
3186
3186
3186
3186
3186
3186
3186
3186
3186
3186
3186
3186
3186
3186
3186
3186
3186
3186
3186
3186
3186
3186
3186
3186
3186
3186
3186
3186
3186
3186
3186
3186
3186
3186
3186
3186
3186
3186
3186
3186
3186
3186
3186
3186
3186
3186
3186
3186
3186
3186
3186
3191
3191
3191
3191
3191
3191
3191
3191
3191
3191
3191
3191
3191
3191
3191
3191
3191
3191
3191
3191
3191
3191
3191
3191
3184
3184
3184
3184
3184
3184
3184
3184
3184
3184
3184
3186
3186
3186
3186
3186
3186
3186
3182
3182
3182
3182
3182
3182
3182
3182
3182
3182
3182
3182
3182
3182
3182
3182
3182
3182
3182
3182
3182
3182
3182
3182
3182
3182
3182
3182
3182
3182
3182
3182
3182
3182
3182
3182
3182
3182
3182
3182
3176
3176
3176
3176
3176
3176
3176
3176
3176
3176
3176
3176
3176
3176
3176
3176
3176
3176
3176
3176
3179
3179
3179
3179
3179
3179
3179
3179
3179
3179
3179
3179
3179
3179
3179
3179
3179
3179
3179
3179
3179
3179
3179
3179
3179
3179
3179
3179
3179
3179
3179
3179
3179
3179
3179
3179
3179
3179
3179
3179
3179
3179
3179
3179
3179
3179
3179
3179
3179
3179
3179
3179
3179
3179
3179
3179
3179
3179
3179
3176
3176
3176
3176
3176
3176
3176
3176
3176
3176
3180
3180
3180
3180
3180
3180
3180
3180
3180
3180
3180
3180
3180
3180
3180
3180
3180
3180
3180
3180
3180
3180
3180
3180
3180
3175
3175
3175
3175
3175
3175
3175
3175
3175
3175
3175
3175
3175
3175
3175
3175
3175
3175
3175
3175
3175
3175
3175
3175
3175
3175
3175
3175
3175
3175
3175
3175
3175
3175
3175
3175
3175
3175
3175
3175
3175
3175
3175
3175
3175
3175
3175
3175
3175
3175
3175
3175
3175
3175
3175
3175
3175
3175
3175
3175
3175
3175
3175
3175
3175
3175
3184
3184
3184
3184
3184
3184
3184
3184
3184
3184
3184
3184
3184
3184
3184
3184
3184
3184
3184
3184
3184
3184
3184
3184
3184
3184
3184
3184
3184
3184
3184
3184
3184
3184
3184
3184
3188
3188
3188
3188
3188
3188
3188
3188
3188
3188
3188
3188
3188
3188
3188
3188
3188
3188
3188
3188
3188
3188
3188
3188
3188
3188
3188
3188
3188
3188
3188
3188
3188
3188
3188
3188
3188
3188
3188
3188
3188
3188
3188
3188
3188
3188
3188
3188
3188
3188
3188
3188
3188
3188
3188
3188
3188
3188
3188
3188
3188
3188
3188
3188
3188
3188
3188
3188
3188
3188
3188
3188
3188
3188
3188
3188
3188
3188
3188
3188
3188
3188
3188
3188
3188
3188
3188
3188
3187
3187
3187
3187
3187
3187
3187
3187
3187
3187
3187
3187
3187
3187
3187
3187
3187
3187
3187
3187
3187
3187
3187
3187
3187
3187
3187
3187
3187
3187
3187
3187
3187
3187
3187
3187
3187
3187
3187
3187
3187
3187
3187
3187
3187
3187
3187
3187
3187
3187
3187
3187
3187
3187
3187
3187
3187
3187
3187
3187
3187
3187
3187
3187
3187
3187
3187
3187
3187
3187
3187
3187
3187
3194
3194
3194
3194
3194
3194
3194
3194
3194
3194
3194
3194
3194
3194
3194
3194
3194
3194
3194
3194
3194
3194
3194
3194
3194
3194
3194
3194
3194
3194
3194
3194
3194
3194
3194
3194
3194
3194
3194
3194
3194
3194
3194
3194
3194
3194
3194
3194
3194
3194
3194
3194
3194
3194
3194
3194
3194
3194
3194
3194
3194
3194
3194
3194
3194
3194
3194
3194
3194
3194
3194
3194
3194
3194
3194
3194
3194
3194
3194
3194
3194
3194
3194
3194
3194
3194
3194
3194
3194
3194
3194
3194
3194
3194
3194
3194
3194
3194
3194
3194
3196
3196
3196
3196
3196
3196
3196
3196
3196
3196
3196
3196
3196
3196
3196
3196
3196
3196
3196
3196
3196
3196
3196
3196
3196
3196
3196
3196
3196
3196
3196
3196
3196
3196
3196
3196
3196
3196
3196
3196
3196
3196
3196
3196
3196
3196
3193
3193
3193
3193
3193
3193
3193
3193
3193
3193
3193
3193
3193
3193
3193
3193
3193
3193
3193
3193
3193
3193
3193
3193
3193
3193
3193
3193
3193
3193
3193
3193
3193
3193
3193
3193
3193
3193
3193
3193
3193
3193
3193
3193
3193
3193
3193
3193
3193
3193
3193
3193
3193
3193
3193
3193
3193
3193
3193
3193
3193
3193
3193
3193
3193
3193
3193
3193
3193
3193
3193
3193
3193
3193
3193
3193
3193
3193
3193
3193
3193
3193
3193
3193
3193
3197
3197
3197
3197
3197
3197
3197
3197
3197
3197
3197
3197
3197
3197
3193
3193
3193
3193
3193
3193
3193
3193
3193
3193
3193
3193
3193
3193
3193
3193
3193
3193
3193
3193
3193
3193
3193
3193
3193
3193
3193
3193
3193
3193
3193
3193
3193
3193
3193
3193
3193
3193
3193
3193
3193
3193
3193
3193
3193
3193
3194
3194
3194
3194
3194
3194
3194
3194
3194
3193
3193
3193
3193
3193
3193
3193
3193
3193
3193
3193
3193
3193
3193
3193
3193
3193
3193
3193
3193
3193
3193
