3891
3899
3821
3884
3884
3773
3776
3729
3765
3814
3773
3776
3776
3776
3756
3756
3756
3663
3653
3607
3607
3587
3618
3618
3694
3694
3704
3718
3777
3662
3717
3701
3748
3855
3863
3778
3790
3790
3726
3789
3725
3670
3752
3687
3695
3739
3756
3776
3697
3657
3668
3641
3629
3690
3679
3738
3734
3817
3905
3950
3966
3994
4118
4027
4035
3922
3852
3852
3834
3813
3813
3813
3939
3922
3993
3942
3930
3941
3881
3881
3916
3951
3928
3965
3965
3965
4048
4079
4079
3937
3850
3902
3907
3941
3903
3899
3945
3945
3991
3991
3960
3981
3912
3908
3850
3778
3813
3852
3833
3865
3893
3898
3915
3919
3870
3891
3965
3891
3927
3927
3904
3843
3805
3907
3938
3923
3949
3995
4007
4009
4021
3999
3963
3886
3824
3826
3800
3804
3804
3805
3832
3832
3696
3668
3628
3674
3678
3711
3683
3722
3636
3636
3636
3628
3665
3689
3659
3668
3668
3681
3635
3579
3633
3669
3687
3687
3660
3709
3750
3775
3789
3859
3859
3802
3817
3783
3803
3856
3911
3886
3830
3758
3808
3701
3664
3632
3708
3778
3778
3771
3764
3868
3861
3861
3803
3785
3811
3736
3735
3709
3850
3762
3762
3701
3701
3774
3774
3855
3873
3908
3935
3972
4021
4016
3995
3945
3917
3811
3747
3794
3820
3865
3810
3832
3847
3847
3844
3828
3834
3834
3804
3796
3901
3831
3857
3928
3937
3950
3892
3892
3826
3804
3741
3747
3759
3776
3724
3731
3731
3694
3686
3732
3703
3758
3708
3737
3772
3812
3782
3866
3874
3908
3908
3862
3792
3804
3776
3849
3810
3798
3875
3875
3856
3812
3769
3840
3918
3902
3913
3887
3868
3897
3897
3900
3842
3763
3753
3699
3809
3800
3801
3791
3801
3791
3832
3832
3832
3776
3851
3851
3851
3851
3855
3837
3866
3919
3939
3986
4101
4101
4015
4007
4051
4073
4055
4021
4019
4014
3994
4037
3876
3951
3969
3954
3971
4013
4013
3920
3838
3807
3815
3749
3790
3806
3771
3771
3734
3737
3689
3689
3758
3770
3771
3857
3796
3776
3807
3868
3896
3982
3883
3805
3885
3885
3808
3762
3780
3891
3799
3799
3817
3817
3863
3809
3816
3729
3734
3772
3743
3746
3746
3764
3764
3774
3782
3707
3726
3714
3714
3641
3710
3695
3735
3735
3772
3713
3786
3892
3935
3919
3902
3874
3894
3888
3880
3859
3969
3945
3988
3964
4068
4025
4013
4036
4051
4051
4062
4038
4038
4036
3961
3961
3915
3934
3886
3914
3951
3918
3922
3933
3823
3857
3875
3802
3877
3858
3840
3834
3779
3779
3790
3760
3760
3745
3690
3682
3678
3658
3722
3722
3710
3725
3784
3765
3765
3753
3812
3781
3709
3709
3731
3714
3646
3640
3632
3648
3801
3800
3762
3816
3776
3821
3798
3812
3831
3764
3750
3793
3772
3750
3750
3758
3780
3772
3772
3838
3740
3740
3740
3753
3699
3670
3682
3599
3589
3560
3575
3499
3570
3605
3720
3688
3688
3635
3720
3653
3647
3596
3579
3659
3659
3596
3636
3641
3680
3670
3621
3646
3706
3785
3816
3833
3743
3753
3725
3786
3790
3790
3766
3743
3781
3760
3760
3689
3664
3695
3695
3721
3805
3788
3884
3818
3818
3795
3847
3968
3968
4015
3998
3998
3987
3974
3975
3878
3878
3808
3833
3813
3819
3819
3749
3729
3724
3767
3775
3866
3827
3839
3868
3893
3857
3705
3667
3739
3732
3708
3765
3765
3865
3893
3893
3904
3932
3874
3800
3800
3769
3793
3795
3830
3858
3888
3888
3834
3778
3816
3872
3872
3900
3865
3851
3868
3854
3854
3854
3817
3805
3831
3841
3875
3816
3816
3711
3696
3757
3757
3714
3753
3781
3781
3781
3766
3757
3770
3770
3752
3804
3806
3929
3958
3812
3762
3762
3835
3830
3889
3907
3958
3903
3903
3903
3921
3892
3928
3911
3917
3925
3950
4013
4039
4039
4023
4073
4073
4102
4062
3940
3902
3887
3804
3748
3758
3859
3832
3817
3828
3828
3908
3922
3952
3951
4078
4096
4028
4021
4021
4028
4064
3997
3978
3975
3928
3906
3913
3915
3955
3973
3949
3944
3967
3992
3995
3940
3889
3889
3887
3974
3969
3964
3964
4052
4065
4086
4086
4037
3960
3971
3971
3912
3912
3942
4014
3975
3989
3961
3961
3961
4062
4076
4138
4205
4204
4095
4125
4003
3971
3879
3879
3879
3784
3756
3749
3736
3801
3777
3725
3726
3726
3752
3851
3777
3746
3698
3761
3788
3728
3728
3728
3706
3706
3735
3721
3757
3817
3800
3844
3871
3878
3936
3947
3952
3941
3909
3892
3910
3907
3930
4002
4002
4007
3973
3871
3835
3889
3914
3974
4017
3929
3910
3910
3897
3875
3691
3789
3801
3897
3881
3871
3818
3864
3879
3884
3849
3920
3936
3974
3891
3835
3835
3898
3858
3886
3982
3882
3902
3843
3843
3843
3927
3841
3820
3812
3744
3744
3760
3806
3806
3788
3788
3801
3713
3696
3613
3619
3625
3643
3629
3653
3565
3580
3549
3559
3585
3608
3608
3634
3605
3616
3622
3612
3623
3712
3712
3712
3714
3762
3770
3891
3935
3873
3914
3914
3895
3870
3868
3893
3895
3881
3915
3898
3872
3833
3743
3802
3793
3739
3691
3795
3780
3763
3754
3835
3725
3677
3681
3633
3619
3625
3628
3623
3636
3608
3613
3705
3685
3696
3709
3695
3710
3711
3783
3783
3820
3809
3883
3838
3836
3881
3897
3875
3853
3853
3780
3780
3780
3818
3816
3767
3759
3767
3760
3783
3716
3777
3777
3770
3819
3805
3855
3769
3776
3828
3747
3721
3766
3742
3701
3708
3800
3787
3784
3775
3780
3808
3741
3741
3812
3812
3851
3808
3806
3797
3797
3806
3746
3723
3687
3669
3685
3735
3704
3704
3688
3639
3639
3639
3705
3704
3676
3630
3640
3653
3690
3690
3743
3758
3723
3747
3669
3669
3708
3708
3666
3692
3692
3699
3730
3674
3707
3629
3638
3609
3657
3661
3615
3615
3615
3621
3629
3659
3618
3618
3648
3648
3765
3792
3771
3750
3767
3818
3830
3830
3790
3756
3756
3723
3773
3780
3780
3782
3715
3654
3683
3683
3683
3586
3571
3608
3577
3502
3560
3596
3628
3703
3703
3662
3661
3681
3691
3689
3693
3735
3718
3737
3757
3784
3781
3781
3736
3757
3757
3796
3716
3786
3786
3764
3756
3756
3782
3779
3780
3814
3767
3869
3814
3904
3840
3809
3855
3831
3715
3751
3738
3799
3799
3706
3717
3717
3717
3748
3768
3702
3689
3689
3688
3669
3606
3605
3659
3668
3766
3844
3807
3775
3754
3754
3740
3791
3777
3777
3777
3765
3765
3746
3754
3769
3771
3748
3673
3614
3650
3719
3716
3670
3670
3641
3684
3626
3568
3690
3722
3676
3699
3699
3699
3671
3670
3697
3701
3718
3731
3785
3749
3749
3781
3871
3802
3788
3846
3846
3774
3764
3764
3750
3750
3736
3826
3715
3715
3795
3795
3795
3795
3777
3776
3772
3745
3745
3770
3671
3671
3677
3672
3774
3720
3695
3694
3695
3703
3713
3840
3840
3848
3943
4032
4005
4027
3994
3994
3994
3960
3920
3898
3961
3951
3883
3888
3858
3897
3943
3914
3879
3911
3865
3842
3857
3896
3857
3806
3854
3841
3844
3891
3891
3824
3863
3863
3878
3904
3914
3914
3897
3851
3915
3850
3852
3842
3809
3809
3809
3844
3786
3786
3732
3732
3796
3849
3851
3837
3805
3792
3792
3792
3814
3776
3842
3816
3761
3761
3685
3685
3692
3654
3670
3757
3774
3731
3694
3694
3753
3748
3760
3770
3722
3696
3696
3726
3714
3748
3693
3690
3650
3641
3625
3653
3653
3652
3652
3652
3711
3710
3664
3703
3727
3692
3762
3708
3693
3702
3640
3729
3730
3704
3759
3673
3616
3693
3693
3662
3662
3662
3715
3659
3629
3629
3639
3661
3661
3630
3552
3574
3581
3644
3649
3729
3833
3877
3891
3898
3898
3852
3849
3875
3864
3844
3853
3834
3804
3857
3794
3794
3833
3809
3809
3809
3783
3804
3813
3837
3850
3750
3726
3753
3777
3786
3755
3679
3679
3728
3694
3761
3761
3629
3635
3626
3518
3572
3614
3584
3546
3518
3523
3506
3506
3615
3621
3655
3655
3730
3730
3804
3836
3865
3787
3648
3608
3608
3610
3685
3685
3658
3749
3803
3826
3772
3868
3854
3907
3916
3956
3940
3908
3908
3860
3860
3824
3824
3824
3805
3836
3798
3814
3792
3796
3788
3825
3903
3931
3991
3991
3938
3971
3949
3868
3895
3902
3872
3913
3904
3895
3893
3893
3915
3915
3853
3877
3866
3819
3810
3822
3854
3854
3854
3876
3870
3935
4069
4080
4101
4007
4082
4118
4149
4144
4111
4111
4122
4130
4160
4115
4083
3997
3997
3997
3997
4001
4035
4060
4054
4094
4134
4134
4159
4214
4250
4161
4025
3996
3993
3993
4055
4047
4003
4003
4001
4096
4074
4077
4077
4088
4088
4078
4035
4035
3995
3995
3883
3841
3806
3802
3801
3755
3742
3789
3813
3813
3807
3839
3858
3803
3738
3691
3691
3584
3599
3620
3772
3799
3829
3864
3900
3901
3899
3878
3878
3881
3830
3833
3819
3763
3662
3662
3689
3648
3737
3714
3654
3629
3650
3724
3724
3805
3794
3794
3853
3915
3923
3895
3895
3917
3815
3733
3795
3688
3715
3715
3718
3702
3769
3796
3879
3795
3823
3835
3863
3809
3886
3930
3930
3897
3915
4014
3943
3943
4032
4092
4004
3975
3877
3917
3917
4022
4088
3934
3934
3865
3806
3816
3816
3816
3776
3776
3746
3808
3887
3808
3723
3731
3758
3668
3676
3712
3712
3694
3781
3816
3836
3814
3833
3888
3863
3792
3812
3886
3831
3789
3787
3787
3755
3755
3752
3730
3727
3730
3736
3717
3742
3821
3811
3853
3812
3812
3812
3812
3812
3874
3862
3862
3736
3694
3727
3751
3842
3861
3810
3894
3898
3898
3903
3903
3892
3833
3830
3830
3811
3873
3853
3843
3931
4035
4062
4044
3997
4059
4159
4103
4064
4032
4013
4013
3936
3936
3864
3891
3891
3937
3937
3919
3919
3919
3870
3870
3883
3854
3871
3866
3800
3800
3846
3879
3891
3934
3934
3908
3932
3932
3932
3932
3932
3974
3899
3845
3957
3988
3899
3912
3965
4015
4015
3967
3983
3906
3871
3871
3793
3764
3764
3771
3774
3817
3817
3808
3750
3750
3805
3802
3777
3742
3690
3779
3783
3762
3788
3835
3837
3838
3757
3811
3800
3862
3707
3707
3587
3542
3614
3680
3777
3807
3781
3781
3811
3811
3737
3707
3683
3760
3741
3782
3824
3824
3819
3818
3818
3864
3864
3805
3826
3866
3918
3918
3918
3899
3854
3882
3880
3923
3793
3704
3747
3725
3704
3615
3590
3590
3593
3593
3630
3616
3594
3615
3552
3544
3571
3519
3471
3520
3557
3550
3545
3603
3651
3706
3869
3872
3872
3836
3811
3790
3904
3878
3874
3923
3923
3926
3893
3882
3882
3822
3819
3819
3819
3843
3843
3853
3845
3849
3899
3899
3899
3835
3855
3847
3935
3935
3938
3937
3897
3967
3967
3942
3826
3843
3806
3819
3819
3827
3787
3788
3850
3845
3844
3916
3838
3838
3888
3882
3883
3857
3857
3801
3819
3782
3800
3810
3810
3677
3677
3756
3750
3827
3827
3820
3858
3876
3876
3799
3799
3814
3799
3768
3760
3760
3757
3771
3726
3686
3648
3759
3773
3773
3739
3739
3700
3688
3727
3722
3684
3676
3637
3645
3670
3673
3682
3683
3657
3723
3737
3713
3684
3630
3620
3604
3586
3586
3565
3541
3590
3661
3661
3655
3724
3704
3642
3680
3663
3619
3617
3671
3737
3786
3870
3886
3876
3934
3884
3884
3884
3820
3749
3816
3816
3764
3773
3773
3757
3757
3659
3719
3793
3701
3656
3707
3733
3733
3760
3718
3722
3699
3699
3732
3731
3838
3799
3879
3893
3893
3857
3863
3802
3791
3791
3842
3842
3753
3753
3827
3900
3812
3870
3854
3854
3853
3853
3877
3823
3818
3822
3803
3749
3749
3707
3707
3655
3672
3742
3898
3863
3981
3979
3976
3990
3899
3921
3890
3903
3957
3858
3858
3879
3890
3991
3944
3939
3874
3874
3849
3875
3756
3722
3813
3807
3752
3846
3825
3784
3793
3866
3866
3943
3963
3984
3978
3921
3938
3944
3919
3888
3888
3888
3882
3901
3894
3807
3751
3756
3716
3753
3808
3865
3861
3856
3895
3854
3974
3965
3983
3943
3884
3908
3788
3757
3798
3798
3802
3802
3802
3760
3837
3837
3837
3837
3876
3932
3932
3893
3918
3879
3934
3918
3907
3897
3998
3874
3849
3839
3839
3847
3761
3798
3798
3798
3750
3729
3677
3656
3663
3663
3663
3749
3736
3736
3736
3814
3814
3818
3818
3831
3780
3754
3782
3782
3754
3829
3829
3827
3827
3827
3823
3823
3884
3884
3818
3793
3863
3804
3821
3821
3790
3790
3790
3801
3801
3843
3879
3837
3850
3842
3873
3904
3893
3872
3911
3870
3870
3870
3800
3800
3824
3732
3764
3779
3752
3752
3732
3790
3777
3800
3799
3839
3852
3793
3790
3856
3852
3866
3907
3906
3906
3877
3965
3963
4000
3994
3950
3950
3923
3994
4056
4066
4090
4033
4033
4107
4126
4097
4031
3931
3931
3928
4003
4003
4003
4037
4013
4045
4045
4045
3967
3916
3916
3782
3769
3769
3686
3688
3688
3647
3616
3657
3689
3639
3639
3725
3821
3882
3923
3960
3960
4013
4035
4035
3934
3918
3882
3877
3801
3770
3759
3704
3711
3759
3758
3770
3795
3769
3833
3832
3826
3826
3868
3928
3928
3944
3897
3876
3841
3841
3908
3933
3924
3896
3875
3841
3834
3834
3759
3725
3725
3786
3857
3857
3798
3798
3808
3757
3774
3774
3774
3755
3755
3732
3732
3759
3836
3836
3844
3844
3780
3780
3780
3759
3735
3802
3847
3833
3828
3771
3771
3771
3771
3771
3803
3778
3733
3727
3727
3735
3735
3735
3735
3767
3759
3770
3766
3726
3708
3811
3811
3812
3825
3839
3706
3765
3775
3814
3817
3820
3780
3795
3793
3797
3795
3802
3769
3769
3756
3816
3852
3893
3901
3836
3910
3875
3830
3815
3815
3787
3851
3799
3836
3836
3748
3748
3742
3742
3742
3752
3822
3848
3773
3730
3693
3717
3717
3730
3732
3732
3732
3763
3763
3654
3689
3721
3676
3695
3690
3688
3688
3703
3746
3712
3712
3794
3887
3887
3864
3815
3795
3781
3824
3872
3956
3956
3949
3949
3941
3826
3826
3741
3741
3741
3843
3930
3908
3909
3909
3929
3892
3892
3892
3949
4043
4012
3952
3996
3926
3875
3858
3858
3858
3842
3882
3898
3904
3938
3938
3891
3875
3867
3867
3881
3881
3881
3885
3825
3729
3794
3791
3820
3820
3820
3811
3811
3861
3865
3910
3783
3748
3748
3748
3748
3748
3756
3756
3752
3720
3693
3766
3666
3694
3619
3659
3749
3708
3679
3679
3651
3698
3698
3687
3687
3688
3678
3678
3799
3740
3731
3808
3716
3846
3846
3848
3804
3816
3824
3824
3824
3824
3754
3692
3729
3706
3719
3779
3779
3778
3743
3743
3794
3794
3818
3805
3846
3786
3786
3786
3786
3689
3689
3701
3728
3736
3714
3689
3664
3664
3718
3724
3729
3709
3774
3784
3748
3740
3740
3672
3672
3710
3718
3686
3704
3677
3630
3649
3674
3583
3619
3619
3659
3658
3658
3658
3707
3762
3763
3752
3793
3764
3715
3708
3613
3669
3679
3706
3706
3728
3676
3652
3769
3826
3826
3847
3842
3843
3843
3845
3912
3912
3821
3898
3891
3881
3881
3881
3867
3793
3863
3831
3831
3965
3965
3978
3978
3979
3922
3885
3906
3896
3896
3896
3852
3909
3909
3912
3868
3935
3937
3937
3937
3887
3874
3874
3929
4002
3900
4020
4013
4028
4006
3996
3940
3831
3839
3784
3648
3686
3756
3720
3797
3797
3817
3817
3775
3867
3892
3892
3805
3829
3713
3713
3724
3788
3788
3788
3788
3762
3762
3711
3694
3694
3694
3776
3764
3794
3810
3771
3762
3816
3816
3799
3821
3875
3875
3875
3911
3782
3787
3815
3815
3815
3778
3842
3841
3901
3928
3912
3855
3855
3859
3859
3815
3819
3849
3933
3933
3933
3946
4023
3924
3871
3871
3867
3867
3835
3789
3760
3768
3742
3764
3732
3706
3783
3783
3756
3756
3715
3686
3712
3712
3712
3682
3702
3723
3843
3866
3883
3883
3842
3826
3824
3824
3816
3821
3812
3812
3801
3792
3864
3857
3857
3813
3813
3854
3914
3808
3827
3827
3839
3821
3919
3919
4013
3968
3999
3981
3969
4009
4069
4038
4013
3982
3982
3929
3929
3915
3874
3947
3920
3907
3964
3904
3817
3916
3873
3833
3837
3837
3837
3872
3872
3872
3883
3856
3839
3911
3924
3924
3910
3922
3898
3895
3895
3813
3827
3807
3728
3728
3750
3760
3837
3791
3797
3812
3833
3797
3797
3796
3752
3720
3751
3751
3719
3719
3755
3727
3688
3688
3661
3753
3753
3775
3768
3797
3718
3721
3719
3653
3663
3641
3631
3631
3642
3642
3642
3681
3681
3629
3629
3629
3650
3675
3683
3723
3723
3704
3790
3791
3807
3796
3774
3774
3703
3703
3705
3703
3656
3616
3595
3609
3609
3566
3619
3669
3669
3645
3657
3684
3691
3669
3735
3735
3772
3764
3829
3785
3736
3722
3795
3736
3703
3653
3703
3698
3735
3755
3733
3733
3733
3700
3694
3712
3764
3723
3699
3702
3735
3767
3736
3738
3813
3858
3858
3877
3822
3822
3847
3772
3772
3727
3718
3709
3706
3725
3742
3718
3720
3735
3696
3696
3720
3739
3737
3741
3684
3729
3734
3693
3724
3776
3773
3773
3773
3764
3741
3741
3763
3806
3806
3754
3748
3748
3782
3639
3639
3670
3675
3653
3653
3586
3586
3542
3543
3543
3574
3541
3543
3543
3543
3536
3536
3448
3474
3474
3501
3476
3503
3465
3465
3591
3591
3591
3661
3661
3661
3660
3668
3674
3685
3738
3699
3651
3651
3629
3634
3658
3658
3631
3604
3643
3619
3586
3607
3613
3641
3641
3635
3674
3572
3604
3604
3604
3607
3607
3628
3737
3685
3690
3694
3738
3688
3688
3688
3777
3737
3736
3736
3766
3741
3741
3765
3783
3783
3839
3801
3801
3711
3711
3787
3784
3784
3784
3770
3783
3722
3731
3781
3767
3704
3734
3735
3735
3735
3750
3715
3715
3741
3709
3718
3765
3693
3732
3697
3701
3740
3740
3740
3663
3675
3649
3660
3660
3651
3650
3729
3729
3696
3648
3629
3641
3683
3655
3655
3678
3649
3649
3649
3649
3649
3649
3720
3788
3776
3776
3776
3785
3789
3789
3762
3762
3763
3763
3742
3798
3773
3667
3721
3711
3746
3763
3715
3752
3690
3690
3667
3647
3688
3754
3739
3742
3743
3743
3701
3715
3780
3864
3866
3857
3884
3851
3889
3934
3910
3867
3912
3898
3898
3818
3783
3798
3788
3788
3788
3788
3774
3774
3774
3755
3738
3748
3748
3737
3686
3737
3737
3645
3645
3645
3602
3665
3729
3670
3670
3670
3664
3642
3642
3642
3642
3605
3602
3604
3663
3752
3729
3708
3651
3638
3638
3645
3591
3591
3686
3673
3696
3707
3800
3830
3811
3742
3756
3841
3841
3787
3787
3914
3867
3867
3896
3896
3974
3899
3880
3880
3958
4043
3976
3974
3922
3922
3898
3875
3906
3906
3906
3850
3808
3830
3756
3807
3807
3730
3726
3801
3856
3855
3814
3839
3858
3858
3826
3776
3776
3793
3748
3748
3711
3696
3621
3603
3628
3634
3713
3751
3751
3751
3779
3701
3701
3708
3743
3743
3763
3741
3741
3757
3714
3714
3714
3714
3682
3682
3752
3697
3697
3731
3790
3790
3776
3838
3838
3700
3717
3798
3847
3847
3847
3776
3782
3782
3782
3782
3782
3736
3736
3778
3770
3745
3745
3751
3753
3743
3743
3743
3777
3777
3785
3745
3725
3752
3752
3754
3772
3760
3769
3756
3751
3786
3786
3824
3901
3901
3805
3844
3844
3844
3854
3854
3777
3835
3823
3823
3846
3846
3852
3792
3911
3887
3819
3716
3692
3692
3739
3789
3789
3789
3797
3800
3819
3805
3893
3835
3835
3773
3797
3797
3810
3806
3806
3806
3750
3750
3726
3791
3853
3897
3897
3901
3802
3799
3803
3823
3794
3754
3760
3745
3731
3691
3650
3670
3635
3638
3638
3638
3638
3693
3683
3735
3735
3740
3727
3727
3633
3633
3633
3633
3667
3667
3660
3660
3641
3625
3702
3717
3724
3724
3736
3785
3764
3799
3685
3729
3771
3771
3820
3746
3746
3746
3752
3827
3875
3875
3908
3829
3820
3868
3783
3783
3764
3811
3811
3751
3751
3838
3838
3825
3796
3796
3805
3803
3765
3765
3822
3822
3869
3869
3884
3788
3836
3826
3873
3908
3845
3811
3815
3815
3774
3743
3785
3798
3798
3814
3839
3876
3871
3813
3813
3813
3914
3792
3781
3781
3781
3749
3749
3813
3817
3803
3803
3713
3729
3643
3656
3692
3666
3663
3662
3696
3696
3708
3708
3708
3708
3666
3657
3605
3700
3683
3771
3771
3674
3689
3681
3590
3591
3507
3556
3566
3568
3606
3604
3642
3661
3661
3717
3684
3653
3659
3735
3637
3671
3663
3646
3618
3601
3663
3687
3706
3706
3737
3851
3864
3888
3877
3838
3806
3805
3812
3821
3821
3865
3836
3878
3861
3846
3879
3841
3889
3814
3889
3931
3842
3865
3884
3963
3890
3920
3920
3871
3871
3871
3824
3838
3835
3796
3821
3821
3792
3886
3883
3860
3740
3762
3762
3747
3799
3728
3728
3728
3771
3795
3785
3826
3792
3773
3725
3730
3730
3773
3748
3748
3748
3749
3749
3711
3733
3757
3783
3750
3725
3711
3757
3840
3840
3838
3838
3838
3757
3783
3783
3830
3888
3879
3847
3802
3822
3822
3807
3807
3807
3807
3881
3860
3860
3815
3815
3829
3829
3829
3829
3809
3849
3855
3880
3898
3898
3852
3865
3865
3865
3805
3804
3778
3773
3853
3853
3758
3729
3729
3740
3729
3729
3765
3649
3649
3666
3687
3689
3689
3676
3679
3683
3707
3707
3766
3821
3809
3858
3855
3855
3855
3853
3782
3770
3770
3753
3724
3744
3741
3741
3730
3600
3730
3657
3657
3604
3592
3592
3592
3592
3592
3592
3609
3609
3699
3628
3628
3642
3691
3731
3731
3784
3791
3708
3719
3665
3675
3675
3675
3735
3657
3681
3686
3729
3729
3749
3777
3777
3777
3777
3777
3777
3777
3798
3842
3823
3788
3778
3819
3819
3795
3795
3798
3744
3744
3744
3762
3762
3832
3832
3877
3867
3909
3925
3884
3884
3925
3940
3911
3800
3820
3831
3798
3709
3709
3696
3677
3717
3717
3703
3677
3613
3613
3652
3673
3676
3713
3714
3683
3661
3661
3608
3608
3608
3608
3650
3650
3671
3671
3709
3683
3635
3672
3652
3652
3648
3608
3608
3608
3689
3666
3666
3666
3710
3678
3694
3694
3692
3693
3667
3680
3680
3673
3674
3686
3686
3678
3678
3718
3746
3746
3707
3716
3633
3604
3657
3657
3657
3657
3696
3696
3711
3658
3658
3609
3610
3539
3539
3557
3555
3551
3551
3551
3551
3551
3563
3518
3518
3490
3514
3490
3572
3572
3630
3630
3626
3580
3588
3588
3605
3605
3637
3655
3718
3718
3661
3609
3652
3684
3596
3681
3681
3622
3622
3710
3759
3850
3850
3865
3795
3844
3900
3809
3844
3868
3868
3937
3919
3901
3901
3806
3783
3783
3757
3829
3703
3724
3764
3764
3719
3808
3751
3751
3696
3696
3696
3788
3788
3788
3805
3848
3818
3742
3767
3705
3715
3644
3644
3653
3653
3670
3722
3750
3710
3750
3750
3705
3716
3744
3744
3778
3729
3665
3644
3632
3629
3679
3679
3698
3698
3668
3668
3725
3728
3668
3668
3702
3668
3668
3661
3661
3707
3739
3785
3792
3750
3733
3732
3732
3731
3731
3719
3728
3728
3727
3746
3795
3795
3731
3699
3676
3699
3723
3723
3690
3690
3690
3690
3665
3665
3751
3751
3751
3723
3684
3653
3588
3506
3506
3506
3506
3506
3506
3492
3492
3552
3552
3547
3548
3566
3566
3566
3568
3568
3551
3551
3531
3522
3558
3593
3593
3613
3610
3698
3694
3588
3550
3551
3551
3551
3551
3564
3601
3601
3601
3566
3566
3566
3634
3588
3605
3644
3553
3553
3573
3622
3640
3675
3675
3679
3679
3675
3725
3725
3736
3775
3775
3796
3785
3767
3748
3778
3810
3868
3861
3830
3844
3840
3860
3925
3867
3864
3864
3890
3890
3839
3827
3746
3738
3738
3738
3735
3735
3763
3769
3804
3745
3745
3819
3819
3875
3875
3864
3815
3945
3912
3868
3765
3765
3688
3730
3660
3592
3592
3593
3667
3598
3598
3598
3622
3669
3676
3669
3724
3711
3699
3712
3712
3712
3740
3666
3660
3746
3763
3763
3737
3727
3615
3615
3542
3635
3701
3701
3716
3716
3712
3732
3732
3732
3732
3752
3752
3754
3695
3741
3726
3799
3678
3669
3669
3662
3662
3675
3639
3791
3881
3881
3895
3895
3818
3844
3844
3825
3822
3846
3926
3917
3917
3920
3857
3863
3863
3947
3901
3864
3902
3901
3826
3781
3712
3712
3690
3690
3690
3690
3676
3676
3695
3695
3695
3718
3699
3675
3727
3727
3720
3714
3714
3714
3714
3700
3714
3662
3700
3700
3700
3693
3684
3652
3677
3691
3662
3671
3631
3631
3605
3591
3585
3585
3585
3613
3590
3589
3625
3625
3625
3611
3599
3599
3580
3557
3623
3708
3708
3686
3686
3696
3692
3683
3761
3761
3688
3674
3686
3685
3665
3665
3630
3630
3691
3691
3648
3635
3679
3711
3707
3707
3732
3732
3732
3730
3746
3746
3759
3753
3720
3720
3720
3708
3708
3708
3656
3626
3646
3651
3629
3624
3603
3608
3611
3550
3550
3550
3647
3631
3617
3617
3644
3589
3593
3593
3651
3651
3657
3657
3655
3734
3663
3663
3566
3506
3488
3458
3458
3458
3458
3458
3458
3458
3439
3452
3484
3484
3512
3512
3529
3529
3529
3529
3516
3516
3510
3500
3500
3541
3531
3542
3556
3572
3569
3569
3569
3608
3605
3678
3692
3650
3650
3603
3628
3623
3646
3647
3647
3633
3633
3613
3631
3631
3663
3693
3692
3692
3758
3752
3859
3871
3871
3871
3872
3813
3813
3800
3755
3755
3750
3715
3715
3772
3772
3772
3779
3779
3664
3660
3660
3589
3589
3589
3675
3675
3655
3655
3577
3572
3572
3572
3608
3608
3632
3632
3582
3582
3582
3582
3585
3585
3585
3643
3618
3618
3618
3630
3613
3613
3613
3642
3642
3626
3635
3635
3635
3635
3646
3692
3657
3669
3674
3716
3650
3650
3621
3683
3683
3644
3623
3605
3605
3605
3572
3595
3519
3521
3521
3521
3521
3480
3480
3480
3477
3514
3541
3541
3541
3541
3484
3495
3495
3542
3486
3486
3447
3447
3461
3461
3461
3443
3443
3443
3443
3486
3486
3491
3491
3533
3486
3495
3515
3515
3515
3515
3550
3550
3546
3577
3577
3551
3597
3597
3575
3583
3547
3571
3571
3547
3551
3526
3516
3516
3561
3561
3567
3680
3680
3605
3605
3626
3688
3688
3668
3629
3629
3774
3780
3792
3777
3706
3728
3651
3651
3651
3637
3541
3563
3522
3522
3522
3522
3522
3522
3522
3595
3595
3595
3595
3595
3565
3606
3548
3548
3548
3573
3573
3573
3563
3646
3646
3646
3646
3716
3716
3716
3709
3781
3781
3829
3829
3829
3797
3814
3747
3721
3726
3726
3717
3717
3703
3662
3666
3642
3619
3613
3627
3627
3629
3627
3634
3602
3641
3690
3690
3647
3647
3627
3627
3627
3627
3627
3632
3632
3632
3632
3632
3664
3670
3670
3670
3654
3669
3648
3648
3601
3594
3640
3652
3652
3616
3614
3594
3594
3614
3582
3582
3582
3582
3582
3592
3592
3640
3632
3631
3631
3664
3629
3667
3667
3763
3765
3765
3773
3739
3702
3702
3745
3731
3731
3631
3536
3527
3527
3527
3551
3466
3560
3532
3520
3511
3511
3511
3511
3509
3509
3541
3554
3505
3505
3505
3505
3505
3571
3575
3533
3531
3531
3547
3537
3514
3524
3524
3515
3561
3561
3561
3561
3523
3597
3604
3604
3594
3594
3594
3616
3616
3616
3588
3612
3593
3660
3592
3600
3600
3604
3632
3610
3578
3584
3631
3631
3634
3634
3634
3668
3674
3675
3675
3675
3669
3642
3587
3621
3621
3668
3668
3668
3669
3536
3543
3543
3548
3548
3548
3531
3531
3531
3531
3507
3507
3507
3506
3503
3513
3513
3504
3504
3535
3535
3587
3587
3587
3565
3565
3509
3491
3491
3548
3544
3568
3568
3568
3540
3540
3496
3496
3496
3537
3486
3486
3562
3562
3562
3558
3580
3652
3620
3620
3620
3672
3590
3593
3608
3663
3636
3636
3501
3501
3485
3538
3538
3575
3571
3532
3532
3519
3519
3519
3475
3475
3475
3475
3475
3475
3475
3475
3475
3493
3477
3473
3473
3473
3473
3473
3439
3443
3441
3437
3448
3467
3527
3523
3523
3513
3521
3459
3489
3460
3460
3460
3460
3460
3460
3460
3553
3553
3553
3553
3443
3443
3443
3443
3443
3443
3443
3443
3443
3500
3500
3500
3458
3458
3458
3458
3458
3451
3451
3482
3513
3513
3537
3537
3575
3526
3532
3532
3629
3629
3629
3629
3610
3619
3601
3622
3610
3610
3564
3564
3564
3564
3564
3564
3564
3600
3556
3562
3575
3582
3582
3558
3558
3594
3594
3594
3596
3596
3589
3551
3572
3572
3572
3606
3591
3599
3564
3564
3564
3564
3564
3623
3644
3701
3700
3651
3651
3717
3717
3716
3716
3747
3734
3734
3813
3813
3822
3825
3765
3770
3740
3738
3730
3730
3730
3767
3725
3639
3662
3672
3672
3716
3716
3706
3679
3679
3679
3679
3679
3679
3688
3624
3640
3640
3640
3640
3639
3639
3639
3666
3634
3608
3608
3608
3630
3630
3600
3600
3635
3616
3593
3612
3560
3555
3555
3555
3593
3650
3637
3558
3564
3564
3564
3564
3564
3564
3564
3564
3574
3574
3574
3641
3641
3661
3644
3598
3598
3620
3592
3592
3592
3574
3574
3519
3604
3618
3649
3622
3580
3580
3575
3575
3575
3621
3593
3553
3542
3475
3461
3461
3498
3498
3498
3555
3555
3516
3516
3516
3513
3482
3498
3486
3486
3486
3486
3500
3489
3489
3489
3489
3476
3476
3476
3453
3453
3453
3453
3453
3453
3453
3439
3439
3439
3492
3501
3501
3509
3572
3572
3559
3579
3600
3623
3560
3518
3518
3515
3528
3528
3528
3528
3528
3528
3504
3504
3504
3504
3504
3520
3520
3522
3514
3504
3504
3465
3465
3461
3461
3461
3467
3467
3512
3512
3512
3512
3498
3498
3479
3479
3495
3592
3592
3591
3591
3591
3584
3584
3544
3544
3558
3539
3592
3603
3576
3607
3630
3630
3582
3518
3532
3559
3570
3591
3591
3591
3591
3577
3577
3582
3581
3581
3581
3593
3605
3616
3616
3618
3618
3618
3683
3683
3715
3731
3731
3713
3713
3774
3731
3729
3714
3780
3780
3759
3792
3792
3792
3794
3794
3944
3944
3888
3841
3858
3812
3797
3705
3705
3705
3705
3706
3656
3656
3682
3664
3672
3617
3677
3677
3617
3617
3617
3656
3656
3650
3658
3658
3658
3658
3658
3582
3582
3582
3579
3579
3665
3665
3650
3657
3655
3706
3714
3714
3714
3711
3711
3693
3683
3653
3637
3643
3643
3643
3630
3630
3615
3615
3615
3615
3615
3693
3693
3693
3706
3706
3716
3681
3703
3670
3670
3670
3673
3673
3620
3620
3633
3642
3618
3618
3614
3611
3611
3611
3589
3589
3586
3586
3582
3582
3582
3582
3582
3582
3582
3587
3587
3587
3587
3580
3574
3537
3540
3551
3551
3551
3551
3607
3653
3622
3633
3603
3569
3569
3569
3569
3544
3525
3525
3505
3505
3507
3507
3510
3510
3510
3497
3499
3499
3536
3556
3556
3556
3556
3556
3547
3616
3616
3616
3658
3669
3605
3641
3604
3604
3604
3600
3584
3570
3570
3570
3597
3597
3595
3595
3595
3578
3585
3569
3569
3569
3545
3545
3545
3545
3545
3545
3545
3545
3545
3545
3545
3545
3545
3573
3566
3570
3570
3570
3580
3586
3586
3586
3569
3569
3569
3569
3569
3583
3572
3612
3626
3647
3647
3647
3647
3620
3682
3683
3658
3624
3604
3604
3563
3563
3552
3574
3574
3580
3580
3643
3643
3644
3644
3644
3644
3644
3644
3648
3670
3670
3670
3622
3602
3578
3578
3578
3629
3606
3601
3601
3543
3543
3534
3534
3534
3589
3589
3609
3609
3609
3609
3609
3625
3627
3627
3645
3645
3645
3645
3624
3624
3617
3578
3544
3544
3544
3544
3544
3544
3553
3558
3558
3558
3558
3558
3566
3592
3490
3490
3490
3478
3468
3499
3475
3475
3481
3481
3489
3489
3494
3494
3508
3508
3508
3520
3584
3584
3520
3520
3520
3520
3520
3523
3523
3507
3507
3507
3507
3515
3504
3475
3475
3475
3475
3475
3475
3475
3475
3475
3475
3475
3475
3475
3475
3479
3479
3479
3479
3471
3462
3466
3466
3466
3499
3518
3518
3518
3518
3518
3518
3518
3498
3464
3464
3476
3476
3476
3454
3475
3475
3475
3475
3475
3529
3529
3490
3489
3497
3497
3497
3532
3454
3454
3461
3461
3461
3461
3461
3507
3507
3476
3476
3476
3476
3503
3503
3503
3503
3461
3461
3461
3461
3463
3463
3461
3520
3523
3523
3523
3523
3523
3520
3539
3470
3470
3483
3488
3480
3480
3480
3480
3480
3480
3480
3480
3480
3429
3429
3429
3429
3429
3429
3437
3437
3437
3444
3460
3460
3460
3460
3460
3460
3460
3554
3554
3554
3607
3601
3601
3582
3577
3610
3610
3610
3610
3595
3570
3559
3559
3559
3559
3559
3555
3555
3550
3553
3553
3553
3533
3533
3529
3536
3536
3558
3557
3535
3535
3535
3535
3501
3501
3495
3495
3495
3469
3469
3469
3469
3469
3469
3472
3468
3468
3476
3509
3509
3509
3518
3518
3518
3520
3520
3493
3493
3493
3493
3493
3493
3493
3493
3521
3521
3521
3521
3521
3559
3559
3534
3534
3534
3555
3557
3626
3606
3606
3606
3606
3529
3480
3480
3480
3480
3480
3480
3487
3487
3481
3469
3469
3469
3512
3512
3512
3512
3561
3571
3571
3539
3539
3505
3505
3505
3492
3537
3536
3536
3551
3551
3551
3579
3540
3540
3530
3561
3545
3545
3545
3545
3518
3518
3527
3527
3527
3519
3535
3535
3537
3503
3503
3503
3503
3505
3503
3547
3541
3530
3530
3536
3536
3536
3536
3522
3522
3522
3522
3504
3504
3504
3518
3518
3518
3544
3574
3574
3574
3574
3574
3574
3574
3574
3574
3533
3533
3533
3533
3533
3524
3528
3528
3504
3504
3504
3504
3504
3569
3569
3569
3589
3589
3589
3589
3569
3569
3560
3560
3552
3552
3534
3514
3514
3514
3555
3528
3528
3544
3544
3544
3629
3629
3629
3629
3637
3637
3637
3655
3655
3655
3688
3688
3697
3697
3697
3717
3717
3677
3689
3622
3630
3649
3649
3618
3634
3634
3656
3656
3644
3640
3640
3663
3663
3643
3643
3643
3638
3638
3652
3652
3662
3684
3667
3667
3524
3524
3524
3524
3524
3524
3524
3524
3524
3510
3526
3526
3526
3526
3526
3526
3526
3526
3526
3541
3535
3535
3535
3541
3586
3536
3536
3561
3561
3561
3561
3561
3561
3561
3531
3531
3531
3498
3498
3498
3495
3495
3490
3490
3490
3444
3444
3444
3444
3444
3441
3441
3441
3422
3422
3415
3415
3419
3419
3419
3394
3394
3394
3395
3395
3395
3395
3395
3395
3395
3395
3395
3407
3407
3407
3494
3457
3428
3428
3428
3428
3428
3428
3428
3437
3437
3440
3453
3410
3410
3410
3375
3375
3397
3418
3446
3446
3446
3446
3446
3411
3371
3371
3373
3373
3378
3378
3378
3385
3385
3385
3385
3385
3385
3385
3385
3385
3385
3385
3385
3385
3379
3379
3379
3379
3347
3347
3352
3352
3352
3349
3349
3349
3412
3382
3382
3359
3359
3359
3339
3339
3339
3339
3339
3339
3339
3339
3334
3334
3334
3334
3334
3334
3334
3334
3334
3334
3334
3331
3331
3331
3331
3331
3304
3315
3315
3320
3338
3338
3338
3338
3338
3315
3315
3315
3315
3315
3315
3315
3315
3315
3315
3315
3315
3315
3316
3375
3375
3379
3379
3379
3321
3321
3321
3321
3321
3321
3321
3321
3321
3321
3321
3321
3321
3321
3321
3321
3321
3321
3321
3321
3321
3321
3347
3368
3368
3368
3368
3368
3368
3377
3377
3377
3382
3382
3359
3359
3359
3359
3359
3358
3363
3363
3363
3381
3381
3381
3408
3408
3440
3440
3427
3427
3441
3497
3497
3497
3476
3476
3476
3476
3476
3476
3498
3449
3449
3427
3425
3425
3414
3414
3402
3402
3451
3461
3476
3476
3476
3476
3506
3530
3521
3521
3521
3532
3548
3535
3535
3497
3497
3477
3454
3454
3465
3465
3452
3452
3520
3520
3520
3520
3520
3520
3520
3520
3520
3520
3520
3509
3509
3509
3509
3461
3454
3454
3454
3456
3456
3434
3434
3434
3434
3468
3497
3497
3497
3497
3490
3490
3475
3472
3473
3469
3469
3461
3433
3433
3433
3433
3433
3429
3429
3429
3429
3429
3429
3429
3429
3429
3429
3429
3429
3429
3429
3429
3429
3429
3429
3429
3429
3429
3429
3429
3429
3429
3436
3436
3436
3436
3436
3436
3436
3436
3432
3432
3432
3444
3444
3498
3498
3462
3462
3462
3462
3462
3462
3462
3462
3462
3462
3462
3464
3458
3458
3458
3463
3463
3463
3427
3427
3427
3427
3427
3427
3427
3427
3490
3490
3490
3479
3486
3486
3486
3486
3486
3486
3486
3486
3486
3486
3517
3517
3517
3517
3517
3517
3494
3494
3508
3508
3503
3497
3497
3456
3466
3464
3464
3424
3424
3424
3424
3424
3405
3405
3405
3394
3394
3394
3394
3394
3394
3394
3394
3394
3394
3394
3394
3394
3394
3394
3394
3394
3394
3395
3395
3395
3395
3395
3389
3389
3389
3389
3389
3368
3362
3362
3362
3362
3362
3362
3362
3362
3362
3356
3368
3368
3368
3368
3368
3373
3373
3373
3373
3373
3375
3375
3375
3375
3375
3375
3375
3375
3404
3407
3407
3407
3407
3407
3407
3407
3407
3407
3407
3407
3407
3407
3407
3388
3388
3380
3380
3347
3347
3347
3347
3347
3347
3347
3335
3335
3351
3360
3360
3389
3389
3389
3389
3389
3389
3371
3371
3371
3371
3371
3371
3371
3371
3371
3371
3372
3372
3372
3372
3372
3382
3382
3367
3367
3411
3437
3437
3443
3430
3413
3413
3413
3413
3413
3420
3420
3420
3420
3420
3420
3465
3465
3465
3470
3465
3465
3465
3465
3465
3465
3471
3471
3471
3501
3501
3501
3525
3525
3529
3529
3544
3544
3555
3555
3555
3504
3478
3478
3478
3478
3476
3476
3476
3476
3476
3476
3476
3516
3516
3516
3499
3499
3460
3460
3460
3460
3460
3460
3460
3460
3465
3473
3458
3458
3458
3441
3441
3441
3441
3441
3426
3413
3413
3425
3425
3425
3425
3425
3425
3425
3425
3425
3425
3425
3427
3427
3427
3427
3427
3427
3420
3420
3420
3420
3409
3409
3409
3409
3385
3385
3385
3385
3385
3393
3393
3393
3391
3391
3391
3391
3391
3391
3391
3391
3391
3391
3391
3391
3391
3391
3391
3391
3391
3391
3423
3413
3413
3413
3386
3386
3386
3393
3393
3393
3393
3393
3393
3393
3393
3393
3394
3397
3397
3397
3397
3397
3397
3397
3397
3397
3397
3397
3397
3397
3397
3397
3397
3397
3397
3397
3390
3390
3399
3399
3399
3405
3409
3409
3409
3391
3391
3391
3391
3373
3373
3373
3373
3359
3359
3359
3359
3359
3369
3369
3369
3369
3369
3369
3369
3369
3369
3369
3369
3369
3369
3369
3369
3369
3369
3369
3369
3369
3369
3369
3368
3368
3368
3384
3384
3384
3384
3384
3384
3384
3384
3384
3384
3384
3384
3384
3384
3384
3384
3385
3385
3385
3385
3385
3385
3385
3391
3391
3403
3390
3390
3390
3390
3390
3390
3390
3390
3390
3390
3405
3405
3405
3384
3384
3384
3384
3384
3384
3384
3384
3384
3384
3384
3384
3384
3384
3384
3384
3384
3384
3384
3384
3384
3384
3384
3384
3384
3389
3389
3389
3384
3384
3394
3395
3395
3395
3395
3395
3395
3395
3395
3395
3395
3395
3395
3395
3395
3395
3395
3395
3395
3395
3395
3395
3399
3399
3399
3399
3399
3399
3399
3399
3399
3399
3399
3399
3399
3399
3424
3428
3428
3428
3428
3428
3428
3428
3428
3435
3435
3435
3435
3435
3435
3435
3435
3435
3430
3430
3434
3448
3448
3437
3437
3437
3437
3431
3431
3431
3431
3418
3418
3412
3412
3412
3412
3412
3412
3369
3369
3369
3369
3369
3369
3369
3369
3369
3369
3369
3369
3369
3369
3369
3367
3367
3369
3369
3369
3369
3369
3393
3393
3393
3393
3400
3400
3400
3400
3400
3400
3400
3400
3400
3400
3400
3400
3400
3400
3400
3399
3399
3390
3390
3390
3390
3390
3390
3390
3390
3390
3390
3390
3390
3390
3394
3394
3394
3394
3394
3394
3394
3394
3394
3394
3394
3394
3399
3399
3399
3399
3399
3399
3399
3400
3400
3389
3389
3389
3389
3389
3389
3389
3389
3389
3392
3389
3375
3375
3375
3346
3346
3346
3346
3346
3349
3349
3349
3349
3349
3349
3349
3349
3349
3349
3349
3349
3349
3349
3349
3349
3349
3338
3338
3338
3338
3338
3338
3338
3338
3338
3338
3338
3338
3338
3338
3338
3338
3338
3338
3338
3338
3338
3338
3338
3331
3331
3331
3331
3331
3330
3330
3330
3330
3330
3330
3330
3322
3322
3322
3326
3326
3326
3326
3326
3326
3326
3326
3326
3326
3326
3307
3307
3328
3328
3331
3331
3331
3331
3331
3331
3331
3331
3335
3335
3335
3352
3352
3338
3338
3338
3324
3324
3325
3325
3325
3325
3325
3325
3325
3325
3323
3323
3323
3323
3323
3323
3323
3323
3323
3323
3323
3323
3327
3327
3327
3327
3327
3327
3327
3327
3327
3327
3327
3327
3327
3327
3327
3337
3337
3339
3318
3318
3318
3318
3318
3318
3318
3318
3318
3324
3324
3324
3324
3324
3324
3324
3324
3324
3324
3324
3324
3324
3324
3324
3324
3324
3324
3324
3324
3324
3310
3310
3311
3311
3311
3311
3311
3311
3326
3326
3326
3326
3326
3326
3318
3318
3318
3322
3322
3322
3322
3322
3322
3322
3322
3322
3322
3322
3322
3330
3326
3326
3326
3331
3299
3299
3299
3299
3299
3299
3279
3279
3279
3279
3279
3279
3279
3279
3279
3274
3274
3278
3278
3278
3282
3282
3282
3282
3282
3282
3278
3278
3278
3278
3278
3278
3278
3278
3278
3278
3278
3278
3278
3278
3247
3247
3247
3247
3247
3247
3247
3247
3247
3247
3247
3247
3247
3247
3247
3247
3247
3247
3247
3247
3247
3247
3247
3247
3247
3247
3247
3247
3247
3247
3247
3247
3247
3247
3247
3247
3247
3247
3247
3247
3247
3247
3247
3247
3247
3247
3247
3247
3247
3247
3247
3247
3247
3247
3247
3247
3247
3247
3247
3247
3247
3247
3247
3247
3247
3247
3247
3247
3247
3247
3247
3247
3247
3247
3247
3247
3247
3247
3247
3251
3251
3251
3251
3251
3251
3251
3277
3277
3277
3261
3261
3261
3261
3261
3261
3261
3261
3261
3259
3259
3264
3264
3264
3264
3264
3264
3264
3264
3264
3264
3274
3274
3274
3274
3274
3274
3274
3274
3274
3274
3274
3274
3274
3274
3274
3285
3285
3285
3285
3285
3285
3285
3285
3285
3285
3285
3285
3285
3285
3285
3285
3287
3287
3287
3287
3287
3287
3287
3287
3287
3287
3287
3287
3287
3287
3287
3287
3287
3287
3287
3287
3287
3287
3287
3287
3287
3287
3287
3287
3288
3288
3288
3288
3288
3268
3268
3268
3268
3268
3268
3268
3268
3268
3268
3268
3268
3268
3268
3268
3268
3264
3264
3264
3264
3264
3264
3264
3264
3264
3264
3264
3264
3264
3264
3264
3264
3264
3264
3264
3264
3264
3264
3264
3264
3264
3264
3264
3264
3264
3264
3264
3264
3264
3263
3263
3263
3263
3263
3263
3263
3263
3263
3263
3263
3263
3263
3263
3263
3252
3252
3252
3252
3252
3252
3252
3252
3252
3252
3252
3252
3252
3252
3252
3255
3255
3255
3255
3252
3252
3252
3252
3252
3252
3252
3252
3252
3252
3252
3252
3252
3252
3258
3258
3258
3258
3258
3258
3258
3258
3258
3258
3258
3258
3265
3265
3265
3265
3265
3265
3265
3265
3265
3265
3265
3265
3265
3265
3265
3265
3265
3265
3265
3284
3284
3284
3284
3284
3284
3284
3284
3260
3260
3260
3260
3260
3260
3260
3260
3260
3260
3257
3257
3257
3257
3257
3257
3257
3257
3257
3257
3257
3257
3257
3257
3257
3257
3257
3257
3257
3252
3252
3252
3252
3252
3252
3252
3252
3252
3252
3252
3252
3252
3252
3252
3252
3252
3252
3252
3252
3252
3252
3252
3252
3252
3252
3252
3252
3252
3252
3252
3252
3252
3252
3252
3252
3252
3252
3252
3252
3252
3252
3252
3252
3252
3252
3252
3252
3252
3252
3252
3252
3252
3252
3252
3252
3252
3252
3252
3252
3252
3252
3252
3252
3252
3252
3252
3252
3252
3252
3252
3252
3252
3252
3252
3252
3252
3252
3252
3252
3252
3252
3252
3252
3252
3252
3252
3252
3252
3252
3252
3252
3252
3252
3252
3252
3252
3252
3252
3252
3252
3252
3252
3252
3252
3252
3252
3252
3252
3252
3252
3252
3252
3252
3252
3252
3252
3252
3252
3252
3252
3252
3252
3252
3252
3252
3252
3252
3252
3252
3252
3252
3252
3252
3252
3252
3252
3252
3252
3252
3252
3252
3252
3252
3252
3252
3252
3252
3252
3252
3252
3253
3253
3253
3253
3253
3253
3253
3253
3253
3253
3253
3248
3248
3248
3248
3248
3248
3248
3248
3248
3248
3248
3248
3248
3248
3248
3246
3246
3246
3246
3246
3246
3243
3243
3243
3243
3243
3243
3243
3243
3243
3243
3243
3243
3243
3243
3243
3243
3243
3243
3243
3243
3243
3243
3243
3259
3259
3259
3259
3259
3259
3259
3259
3259
3259
3259
3259
3247
3235
3235
3235
3235
3217
3217
3217
3217
3217
3217
3217
3217
3217
3217
3217
3217
3220
3220
3220
3220
3220
3220
3220
3220
3220
3220
3220
3220
3220
3220
3220
3220
3220
3220
3220
3220
3220
3220
3220
3220
3222
3222
3222
3222
3222
3222
3222
3222
3222
3222
3222
3222
3222
3222
3222
3222
3222
3222
3222
3222
3222
3222
3222
3222
3222
3222
3222
3222
3222
3221
3221
3221
3221
3221
3221
3221
3221
3221
3221
3221
3221
3221
3221
3221
3221
3221
3221
3221
3221
3221
3221
3221
3221
3221
3221
3221
3221
3221
3221
3221
3221
3221
3221
3221
3221
3221
3221
3221
3221
3221
3221
3221
3205
3205
3205
3205
3205
3205
3205
3205
3205
3205
3205
3205
3205
3205
3205
3205
3205
3205
3205
3205
3205
3204
3204
3204
3204
3209
3204
3204
3204
3204
3204
3204
3204
3204
3204
3204
3204
3204
3204
3204
3204
3204
3206
3206
3206
3206
3206
3206
3206
3206
3206
3206
3206
3206
3206
3206
3206
3206
3206
3206
3206
3206
3206
3206
3206
3206
3206
3206
3206
3206
3206
3206
3206
3206
3206
3206
3206
3206
3206
3206
3206
3206
3206
3206
3206
3206
3206
3206
3206
3206
3206
3206
3206
3206
3206
3206
3206
3206
3206
3206
3206
3206
3206
3206
3206
3206
3206
3193
3193
3193
3193
3193
3193
3193
3193
3193
3193
3193
3193
3193
3193
3193
3193
3193
3191
3191
3191
3191
3191
3191
3191
3191
3191
3191
3191
3191
3191
3191
3191
3191
3191
3191
3191
3191
3191
3191
3191
3191
3191
3191
3191
3191
3191
3193
3193
3193
3193
3193
3193
3193
3193
3193
3193
3193
3193
3193
3193
3193
3193
3193
3193
3193
3180
3180
3180
3180
3180
3180
3180
3180
3180
3180
3180
3180
3180
3180
3180
3180
3180
3180
3180
3180
3180
3180
3180
3180
3180
3180
3180
3180
3180
3179
3179
3179
3179
3179
3179
3179
3179
3179
3179
3179
3179
3179
3179
3179
3179
3179
3179
3179
3179
3179
3179
3179
3179
3179
3179
3179
3179
3179
3179
3179
3179
3179
3179
3179
3179
3179
3179
3179
3179
3179
3179
3179
3179
3179
3178
3178
3178
3178
3178
3178
3178
3178
3178
3178
3178
3178
3178
3178
3178
3178
3178
3178
3178
3178
3178
3178
3178
3178
3178
3178
3178
3178
3178
3178
3180
3180
3180
3180
3180
3180
3180
3180
3180
3180
3180
3180
3180
3180
3180
3180
3180
3180
3180
3180
3180
3180
3180
3180
3180
3180
3180
3180
3180
3180
3180
3180
3180
3180
3180
3180
3180
3180
3180
3180
3180
3180
3180
3180
3180
3177
3177
3177
3177
3177
3177
3177
3177
3177
3177
3177
3177
3177
3177
3177
3177
3177
3177
3177
3177
3177
3177
3177
3177
3177
3177
3177
3177
3177
3177
3177
3177
3177
3177
3177
3177
3177
3177
3177
3177
3177
3177
3177
3177
3177
3177
3177
3177
3177
3177
3177
3177
3177
3177
3177
3177
3177
3177
3177
3177
3177
3177
3177
3177
3177
3177
3177
3177
3177
3177
3177
3177
3177
3177
3177
3177
3177
3177
3177
3177
3177
3177
3177
3177
3177
3177
3177
3177
3177
3177
3177
3177
3177
3177
3177
3177
3177
3177
3177
3177
3177
3177
3177
3177
3177
3177
3177
3177
3177
3177
3177
3177
3177
3177
3177
3177
3177
3177
3177
3177
3177
3177
3177
3177
3177
3177
3177
3177
3177
3177
3177
3177
3177
3177
3177
3177
3177
3177
3180
3177
3177
3177
3177
3177
3177
3177
3177
3177
3177
3177
3177
3177
3177
3177
3177
3177
3177
3177
3177
3177
3177
3177
3177
3177
3177
3177
3177
3177
3177
3177
3177
3177
3177
3177
3177
3177
3177
3177
3177
3177
3177
3177
3177
3177
3177
3177
3177
3177
3177
3177
3177
3173
3173
3173
3173
3173
3173
3173
3173
3173
3173
3173
3173
3173
3173
3173
3173
3173
3173
3173
3173
3173
3173
3173
3173
3173
3173
3173
3173
3173
3173
3173
3173
3173
3173
3173
3173
3174
3174
3174
3174
3174
3174
3174
3174
3174
3174
3174
3174
3174
3174
3174
3174
3173
3173
3173
3173
3173
3173
3173
3173
3173
3173
3173
3173
3173
3173
3173
3173
3173
3173
3173
3173
3173
3173
3173
3173
3173
3173
3173
3173
3173
3173
3173
3173
3173
3173
3173
3173
3173
3173
3173
3173
3173
3173
3173
3173
3173
3173
3173
3173
3173
3173
3173
3173
3173
3173
3173
3173
3173
3173
3173
3173
3173
3173
3173
3173
3173
3173
3173
3173
3173
3173
3173
3173
3173
3173
3173
3173
3173
3173
3173
3173
3173
3173
3173
3173
3173
3161
3161
3161
3161
3161
3161
3161
3161
3161
3161
3161
3161
3161
3161
3161
3161
3161
3161
3161
3161
3161
3161
3161
3161
3161
3161
3161
3161
3161
3161
3161
3161
3161
3161
3161
3161
3162
3162
3162
3162
3162
3162
3162
3162
3162
3162
3162
3162
3162
3162
3162
3162
3162
3162
3162
3162
3162
3162
3162
3162
3160
3160
3160
3160
3160
3160
3160
3160
3160
3160
3160
3160
3160
3160
3160
3160
3160
3160
3160
3160
3160
3160
3160
3160
3160
3160
3160
3160
3160
3160
3160
3160
3160
3160
3160
3160
3160
3160
3160
3160
3160
3160
3160
3160
3160
3160
3160
3160
3160
3160
3160
3160
3160
3160
3160
3160
3160
3160
3160
3160
3160
3160
3160
3160
3160
3160
3160
3160
3160
3160
3160
3159
3159
3159
3159
3159
3159
3159
3159
3159
3159
3159
3159
3159
3159
3159
3159
3159
3159
3159
3159
3159
3159
3159
3159
3159
3159
3159
3159
3159
3159
3159
3159
3159
3159
3159
3159
3159
3159
3159
3159
3159
3159
3159
3159
3159
3159
3159
3159
3159
3159
3159
3159
3159
3159
3159
3159
3159
3159
3159
3157
3157
3157
3157
3157
3157
3157
3157
3157
3157
3157
3157
3157
3157
3157
3157
3157
3157
3157
3157
3157
3157
3157
3157
3157
3157
3157
3157
3157
3157
3157
3157
3157
3157
3157
3157
3157
3157
3157
3160
3160
3160
3160
3160
3160
3160
3160
3160
3160
3160
3160
3160
3160
3160
3160
3160
3160
3160
3160
3160
3160
3160
3160
3160
3160
3160
3160
3160
3160
3160
3160
3160
3160
3160
3160
3160
3160
3160
3160
3160
3160
3160
3160
3160
3160
3160
3160
3160
3160
3160
3160
3160
3160
3160
3160
3160
3160
3160
3160
3160
3160
3160
3160
3160
3160
3160
3160
3160
3160
3160
3160
3160
3160
3160
3160
3160
3160
3160
3160
3160
3160
3160
3160
3160
3160
3160
3160
3160
3160
3160
3160
3160
3160
3160
3160
3160
3160
3160
3160
3160
3160
3160
3160
3160
3160
3160
3160
3160
3160
3160
3160
3160
3160
3160
3160
3160
3160
3160
3160
3160
3160
3160
3160
3160
3160
3160
3160
3160
3154
3154
3154
3154
3154
3154
3154
3154
3154
3154
3154
3154
3154
3154
3154
3154
3154
3154
3154
3154
3154
3154
3154
3154
3154
3154
3154
3154
3154
3154
3154
3154
3154
3154
3154
3154
3154
3154
3154
3154
3154
3154
3154
3154
3154
3154
3154
3154
3154
3154
3154
3154
3154
3154
3154
3154
3154
3154
3154
3154
3154
3154
3154
3154
3154
3154
3154
3154
3154
3154
3154
3154
3154
3154
3154
3154
3154
3154
3154
3154
3154
3154
3154
3154
3154
3154
3154
3154
3154
3154
3154
3154
3154
3154
3154
3154
3154
3154
3154
3154
3154
3161
3161
3161
3161
3161
3161
3161
3161
3161
3161
3161
3161
3161
3161
3161
3161
3161
3161
3161
3156
3156
3160
3160
3160
3160
3160
3160
3160
3160
3160
3160
3160
3160
3160
3160
3160
3160
3160
3160
3160
3160
3160
3160
3160
3160
3160
3160
3160
3160
3160
3160
3160
3160
3160
3160
3160
3160
3160
3160
3160
3160
3160
3160
3160
3156
3156
3156
3156
3156
3156
3156
3156
3156
3156
3156
3156
3156
3156
3156
3156
3156
3156
3156
3156
3156
3156
3156
3156
3156
3156
3156
3156
3156
3156
3156
3156
3156
3156
3156
3156
3156
3156
3156
3156
3156
3156
3156
3156
3156
3156
3156
3156
3156
3156
3156
3156
3156
3156
3156
3156
3156
3156
3156
3156
3156
3156
3156
3156
3156
3156
3156
3156
3156
3156
3156
3156
3156
3156
3156
3156
3156
3153
3153
3153
3153
3153
3153
3153
3153
3153
3153
3153
3153
3153
3153
3153
3153
3153
3153
3153
3153
3153
3153
3153
3156
3156
3156
3156
3156
3156
3156
3156
3153
3153
3153
3153
3153
3153
3153
3153
3153
3153
3153
3153
3153
3153
3153
3153
3153
3153
3153
3153
3153
3153
3153
3153
3153
3153
3153
3153
3153
3155
3155
3155
3155
3155
3155
3155
3155
3155
3155
3155
3155
3155
3155
3155
3155
3155
3155
3155
3155
3155
3155
3155
3155
3155
3155
3155
3155
3155
3155
3155
3155
3159
3159
3159
3159
3159
3158
3158
3158
3158
3158
3158
3153
3153
3153
3153
3153
3153
3153
3153
3153
3153
3153
3153
3153
3153
3153
3153
3153
3153
3153
3153
3153
3153
3153
3153
3153
3153
3153
3153
3153
3153
3153
3153
3153
3153
3153
3153
3153
3153
3153
3153
3153
3153
3153
3153
3153
3153
3153
3153
3153
3153
3153
3153
3153
3153
3153
3153
3153
3153
3153
3153
3153
3153
3153
3153
3153
3153
3153
3153
3153
3153
3153
3153
3153
3153
3153
3153
3153
3153
3153
3153
3153
3153
3153
3153
3153
3153
3153
3153
3153
3153
3153
3153
3153
3153
3153
3153
3153
3153
3153
3153
3153
3153
3153
3153
3153
3153
3153
3153
3153
3153
3153
3153
3153
3153
3153
3153
3153
3153
3153
3153
3153
3153
3153
3153
3153
3153
3153
3153
3153
3153
3153
3153
3153
3153
3153
3153
3153
3153
3153
3153
3153
3153
3153
3153
3153
3153
3153
3153
3153
3153
3153
3153
3153
3153
3153
3153
3153
3153
3153
3153
3153
3153
3153
3153
3153
3153
3153
3153
3153
3153
3153
3153
3153
3153
3153
3153
3153
3153
3153
3153
3153
3153
3153
3153
3153
3153
3153
3153
3156
3156
3156
3156
3156
3156
3156
3156
3156
3156
3155
3155
3155
3155
3155
3155
3155
3155
3155
3155
3155
3155
3155
3155
3155
3155
3155
3155
3155
3155
3155
3155
3155
3155
3155
3155
3155
3155
3155
3155
3155
3155
3155
3155
3155
3155
3155
3155
3155
3155
3155
3155
3155
3155
3155
3155
3155
3155
3155
3155
3155
3155
3155
3155
3155
3155
3155
3155
3154
3154
3154
3154
3154
3154
3154
3154
3154
3154
3154
3154
3154
3154
3154
3154
3154
3154
3154
3154
3154
3154
3154
3154
3154
3154
3154
3154
3154
3154
3154
3154
3154
3154
3154
3154
3154
3154
3154
3154
3154
3154
3154
3154
3154
3154
3154
3154
3154
3154
3154
3154
3154
3154
3154
3154
3154
3154
3154
3154
3154
3154
3154
3154
3154
3154
3154
3154
3154
3154
3154
3154
3154
3154
3154
3154
3154
3154
3154
3154
3154
3154
3154
3154
3154
3154
3154
3154
3154
3156
3156
3156
3156
3156
3156
3156
3156
3156
3156
3156
3156
3156
3156
3156
3156
3156
3156
3156
3156
3156
3156
3156
3156
3156
3156
3156
3156
3156
3156
3156
3156
3156
3156
3156
3156
3156
3156
3156
3156
3156
3156
3156
3156
3156
3156
3156
3156
3156
3156
3156
3156
3156
3156
3156
3156
3156
3156
3156
3156
3156
3156
3156
3156
3156
3159
3159
3159
3159
3159
3159
3159
3159
3159
3159
3159
3159
3159
3159
3159
3159
3159
3159
3159
3159
3159
3159
3159
3159
3159
3159
3159
3159
3159
3159
3159
3159
3159
3159
3159
3159
3159
3159
3159
3159
3159
3159
3159
3159
3159
3159
3159
3159
3159
3159
3159
3159
3159
3159
3159
3159
3159
3159
3159
3159
3159
3159
3159
3159
3159
3159
3159
3159
3159
3159
3159
3159
3159
3159
3159
3159
3159
3159
3159
3159
3159
3159
3159
3159
3159
3159
3159
3159
3159
3159
3159
3159
3159
3159
3159
3159
3155
3155
3155
3155
3155
3155
3155
3155
3155
3155
3155
3155
3155
3155
3155
3155
3155
3155
3155
3155
3155
3155
3155
3155
3155
3155
3155
3155
3155
3155
3155
3155
3155
3155
3155
3155
3155
3155
3155
3155
3155
3155
3155
3155
3155
3155
3155
3155
3155
3155
3155
3155
3155
3155
3155
3155
3155
3155
3155
3155
3155
3155
3155
3155
3155
3155
3155
3155
3155
3155
3155
3155
3155
3155
3155
3155
3155
3155
3155
3155
3155
3155
3155
3155
3155
3155
3155
3155
3155
3155
3155
3155
3155
3155
3155
3155
3155
3155
3155
3155
3155
3155
3155
3155
3155
3155
3155
3155
3155
3155
3155
3155
3155
3155
3155
3155
3155
3155
3155
3155
3155
3155
3155
3155
3155
3155
3155
3155
3155
3155
3155
3155
3155
3155
3155
3155
3155
3155
3155
3155
3155
3155
3155
3155
3155
3155
3155
3155
3155
3155
3155
3155
3155
3155
3155
3155
3155
3155
3155
3155
3155
3155
3155
3155
3155
3155
3155
3155
3155
3155
3155
3155
3155
3155
3155
3155
3155
3155
3155
3155
3155
3155
3155
3155
3155
3155
3155
3155
3155
3155
3155
3155
3155
3155
3155
3155
3155
3155
3155
3155
3155
3155
3155
3155
3155
3155
3155
3155
3155
3155
3153
3153
3153
3153
3153
3153
3153
3153
3153
3153
3153
3153
3153
3153
3153
3153
3153
3153
3153
3153
3153
3153
3153
3153
3153
3153
3153
3153
3153
3153
3153
3153
3153
3153
3153
3153
3153
3153
3153
3153
3153
3153
3153
3153
3153
3153
3153
3153
3153
3153
3153
3153
3153
3153
3153
3153
3153
3153
3153
3153
3153
3153
3153
3153
3153
3153
3153
3153
3153
3153
3153
3153
3153
3153
3153
3153
3153
3153
3153
3153
3153
3153
3153
3153
3153
3153
3153
3153
3153
3153
3153
3153
3153
3153
3154
3154
3154
3154
3154
3154
3154
3154
3154
3154
3154
3154
3154
3154
3154
3154
3154
3154
3154
3154
3154
3154
3154
3154
3154
3154
3154
3154
3154
3154
3154
3154
3154
3156
3156
3156
3156
3156
3156
3156
3156
3156
3156
3156
3156
3156
3156
3156
3156
3156
3157
3157
3157
3157
3157
3157
3157
3157
3157
3157
3157
3157
3157
3157
3157
3157
3157
3157
3157
3157
3157
3157
3157
3157
3157
3157
3157
3157
3149
3149
3149
3149
3149
3149
3149
3149
3149
3149
3149
3149
3149
3149
3149
3149
3149
3149
3149
3149
3149
3149
3149
3149
3149
3149
3149
3149
3149
3149
3149
3149
3149
3149
3149
3149
3149
3149
3149
3149
3149
3149
3149
3149
3149
3149
3149
3149
3149
3149
3149
3149
3149
3149
3149
3149
3149
3149
3149
3149
3149
3149
3149
3149
3149
3149
3149
3149
3149
3149
3149
3149
3149
3149
3149
3149
3149
3149
3149
3149
3149
3149
3149
3149
3149
3149
3149
3149
3149
3149
3149
3149
3149
3149
3149
3149
3149
3149
3149
3149
3149
3149
3149
3149
3149
3149
3149
3149
3149
3149
3149
3149
3149
3149
3149
3149
3149
3149
3149
3149
3149
3149
3149
3149
3149
3149
3149
3149
3149
3149
3149
3149
3149
3149
3149
3149
3149
3149
3149
3149
3149
3149
3149
3149
3149
3149
3149
3149
3149
3149
3149
3149
3149
3149
3149
3149
3147
3147
3147
3147
3147
3147
3147
3147
3147
3147
3147
3147
3147
3147
3147
3147
3147
3147
3147
3147
