7998
8053
7980
7980
7980
7958
8011
7993
8010
7952
7987
8003
7967
7954
7954
8030
7984
7923
7927
7915
7915
7954
7899
7899
7925
7859
7859
7824
7829
7867
7813
7830
7824
7758
7758
7767
7797
7824
7777
7773
7760
7692
7692
7626
7608
7620
7601
7573
7641
7608
7578
7445
7400
7439
7472
7481
7481
7493
7493
7475
7457
7558
7598
7553
7553
7516
7505
7441
7461
7490
7505
7562
7616
7593
7593
7628
7570
7659
7624
7577
7658
7689
7727
7806
7836
7836
7780
7764
7848
7821
7824
7799
7799
7799
7793
7791
7874
7774
7831
7728
7683
7677
7756
7728
7718
7640
7629
7691
7787
7787
7815
7776
7815
7757
7800
7788
7767
7827
7857
7933
7944
7927
7896
7865
7857
7815
7881
7749
7769
7646
7700
7727
7678
7710
7710
7759
7808
7816
7792
7843
7779
7740
7740
7763
7787
7769
7769
7699
7682
7725
7657
7755
7669
7635
7623
7607
7631
7631
7562
7629
7591
7516
7549
7515
7543
7512
7524
7524
7512
7585
7637
7590
7548
7551
7552
7573
7594
7658
7722
7682
7707
7645
7656
7549
7549
7570
7564
7564
7622
7666
7682
7719
7831
7826
7906
7812
7774
7728
7749
7749
7669
7701
7711
7635
7587
7664
7695
7698
7754
7750
7698
7743
7642
7642
7630
7696
7701
7728
7701
7666
7666
7702
7770
7758
7813
7752
7772
7746
7709
7620
7627
7629
7714
7679
7634
7655
7694
7726
7764
7777
7779
7746
7848
7848
7757
7802
7784
7786
7799
7783
7861
7841
7806
7773
7764
7747
7767
7767
7756
7785
7837
7837
7820
7736
7763
7726
7751
7830
7747
7747
7798
7755
7755
7721
7646
7702
7765
7736
7752
7634
7635
7635
7613
7645
7681
7681
7607
7640
7621
7606
7642
7770
7758
7786
7818
7725
7757
7757
7742
7790
7842
7836
7863
7861
7830
7767
7820
7820
7842
7892
7897
7887
7895
7865
7865
7856
7920
7954
7954
7915
7915
7915
7915
7991
7872
7872
7874
7838
7890
7890
7890
7887
7871
7872
7861
7849
7849
7843
7850
7850
7828
7828
7771
7774
7794
7744
7828
7885
7928
7992
7986
7986
7994
7955
7927
7857
7904
7956
7949
7949
7947
7927
8017
8026
8016
7986
7992
7959
7959
7908
7896
7917
7941
7927
7880
7852
7822
7804
7849
7831
7807
7796
7845
7912
7882
7771
7825
7796
7739
7757
7760
7801
7837
7790
7783
7779
7723
7739
7735
7719
7700
7768
7729
7721
7786
7881
7852
7915
7920
7879
7846
7877
7820
7832
7825
7883
7925
8004
8004
7906
7951
7928
7888
7913
7913
7853
7807
7805
7730
7746
7728
7769
7704
7648
7660
7660
7741
7769
7783
7706
7720
7706
7706
7738
7656
7621
7620
7702
7743
7817
7817
7857
7857
7898
7874
7840
7841
7928
7841
7841
7798
7768
7823
7819
7802
7838
7935
7845
7935
7942
7916
7885
7885
7923
7858
7827
7873
7874
7927
7813
7767
7846
7815
7822
7776
7840
7849
7751
7703
7676
7647
7676
7715
7723
7661
7647
7616
7544
7553
7561
7582
7574
7485
7525
7484
7561
7511
7456
7491
7472
7460
7588
7545
7541
7534
7562
7530
7452
7472
7509
7444
7486
7447
7453
7453
7453
7422
7380
7424
7424
7417
7453
7402
7504
7548
7642
7690
7642
7660
7718
7718
7703
7703
7714
7729
7652
7621
7596
7574
7569
7573
7602
7674
7736
7630
7625
7657
7657
7645
7578
7578
7537
7611
7653
7734
7781
7686
7761
7723
7682
7682
7682
7655
7746
7746
7776
7800
7754
7735
7710
7716
7772
7772
7780
7640
7641
7684
7700
7695
7738
7716
7810
7882
7896
7901
7974
7891
7917
7932
7964
7984
7928
7864
7866
7826
7848
7864
7808
7860
7860
7829
7811
7847
7812
7760
7797
7725
7716
7676
7694
7695
7726
7734
7728
7777
7708
7668
7583
7583
7507
7494
7522
7588
7590
7650
7629
7714
7756
7843
7920
7920
7889
7970
8020
7937
7964
8029
8064
8052
8095
8096
8075
8000
7966
7966
7947
7975
7911
7926
7946
7931
7968
7964
7964
8062
8032
7999
7999
7989
7977
7940
7982
7982
8009
8009
7923
7856
7843
7888
7998
7979
8014
8061
8069
8016
8026
7993
7979
7980
7989
7938
7870
7870
7788
7795
7755
7795
7888
7935
8013
7996
8025
7990
7932
7914
7914
7903
7829
7880
7963
7926
7979
7931
7929
7872
7898
7891
7921
7937
7999
7996
7896
7887
7972
7979
8014
7987
8091
8097
8074
8098
8098
8074
8106
8133
8182
8113
8083
8054
8040
8055
8008
8011
7959
7960
8037
8071
8079
7955
7835
7839
7847
7887
7892
7903
8008
7972
7892
7888
7923
7937
7903
7903
7857
7853
7805
7804
7804
7795
7755
7781
7843
7843
7843
7893
7870
7841
7876
7816
7761
7820
7790
7790
7769
7803
7819
7798
7830
7795
7703
7723
7749
7724
7721
7701
7722
7720
7759
7728
7760
7725
7728
7743
7687
7643
7709
7658
7706
7725
7696
7645
7660
7648
7649
7662
7632
7607
7586
7611
7605
7606
7562
7629
7594
7650
7698
7732
7638
7599
7576
7571
7582
7553
7456
7496
7476
7469
7489
7426
7460
7450
7457
7550
7610
7658
7650
7549
7528
7567
7512
7484
7484
7484
7465
7530
7584
7567
7507
7518
7601
7580
7536
7556
7589
7556
7519
7520
7470
7482
7492
7554
7554
7528
7613
7709
7690
7690
7678
7691
7698
7689
7826
7826
7789
7733
7725
7786
7784
7784
7798
7798
7708
7660
7693
7666
7661
7697
7661
7668
7657
7715
7715
7715
7696
7655
7622
7622
7637
7604
7604
7603
7605
7656
7625
7544
7573
7577
7599
7599
7580
7619
7621
7610
7597
7614
7626
7608
7614
7657
7664
7640
7562
7573
7617
7618
7630
7597
7624
7658
7733
7749
7733
7756
7743
7693
7733
7733
7777
7746
7823
7853
7853
7903
7888
7891
7880
7864
7846
7841
7792
7690
7696
7723
7703
7703
7810
7810
7927
7945
7931
7931
7848
7837
7860
7886
7886
7934
7891
7973
7910
7876
7845
7864
7863
7779
7785
7822
7843
7822
7769
7812
7812
7812
7843
7854
7833
7798
7839
7876
7859
7877
7838
7785
7818
7858
7858
7829
7731
7711
7746
7721
7648
7673
7641
7641
7633
7633
7602
7684
7684
7746
7692
7630
7641
7641
7651
7651
7630
7628
7564
7576
7715
7783
7748
7832
7793
7793
7793
7783
7754
7766
7839
7841
7798
7827
7810
7844
7944
7968
7994
7994
7955
7973
7932
7972
7946
8021
8038
8048
7998
7975
7956
7956
7946
8013
8154
8163
8215
8205
8205
8213
8213
8146
8001
8042
7984
8050
7995
8035
7985
8006
8035
7961
8000
7945
7907
7875
7909
7909
7980
7883
7883
7922
7922
7935
7915
7892
7867
7981
7946
7924
7858
7863
7894
7830
7804
7810
7820
7843
7881
7800
7818
7895
7891
7903
7918
7883
7889
7841
7841
7777
7799
7890
7912
7889
7878
7854
7853
7876
7880
7869
7869
7920
7909
7952
7953
7848
7898
7954
7972
7909
7882
7869
7881
7894
7894
7896
7887
7827
7851
7828
7775
7784
7769
7712
7720
7725
7798
7839
7796
7812
7800
7829
7869
7796
7796
7782
7899
7875
7883
7890
7891
7877
7794
7794
7718
7707
7748
7811
7774
7870
7870
7852
7872
7978
7925
7909
7909
7909
7845
7817
7817
7817
7820
7817
7822
7762
7707
7703
7703
7683
7683
7688
7688
7688
7669
7651
7666
7680
7723
7744
7731
7728
7690
7662
7712
7765
7829
7868
7900
7933
7830
7833
7869
7865
7941
7908
7833
7743
7728
7743
7734
7734
7787
7746
7641
7584
7655
7655
7655
7655
7636
7739
7739
7707
7707
7688
7710
7710
7709
7711
7711
7711
7754
7785
7785
7792
7792
7740
7699
7676
7660
7644
7654
7703
7642
7619
7619
7646
7646
7698
7707
7707
7707
7666
7784
7770
7858
7823
7817
7837
7837
7835
7843
7843
7840
7753
7751
7731
7672
7673
7694
7712
7794
7794
7673
7688
7673
7673
7693
7686
7684
7716
7689
7685
7636
7636
7636
7616
7643
7694
7735
7852
7810
7758
7758
7743
7697
7797
7793
7760
7877
7919
7927
7888
8032
7922
7919
7914
7916
8067
8015
7952
7943
7905
7987
8030
7977
7939
7836
7789
7812
7821
7770
7814
7768
7768
7664
7702
7699
7692
7693
7701
7679
7673
7683
7728
7782
7733
7732
7700
7810
7872
7886
7872
7876
7876
7962
7918
7862
7872
7960
7918
7877
7883
7924
7940
7972
7940
7900
7870
7819
7823
7887
7899
7905
7881
7839
7811
7811
7839
7869
7869
7820
7787
7728
7771
7814
7798
7676
7782
7763
7735
7768
7736
7771
7854
7707
7723
7801
7808
7775
7745
7732
7750
7774
7890
7959
7948
7934
7941
7955
7970
8024
7935
7958
7912
7986
7944
7944
7943
7964
8003
7990
8034
7893
7846
7899
7830
7808
7737
7707
7738
7634
7622
7624
7668
7668
7584
7612
7612
7601
7601
7601
7671
7671
7671
7712
7676
7624
7680
7650
7620
7654
7678
7707
7675
7628
7710
7647
7631
7632
7650
7584
7588
7588
7567
7599
7569
7471
7491
7548
7503
7530
7543
7565
7520
7529
7597
7622
7622
7675
7625
7573
7598
7558
7555
7616
7578
7601
7598
7677
7675
7719
7682
7658
7681
7689
7814
7814
7906
7930
7820
7761
7832
7815
7747
7773
7798
7841
7876
7838
7815
7857
7857
7858
7858
7842
7835
7823
7851
7780
7765
7771
7714
7695
7755
7788
7800
7850
7864
7765
7734
7751
7884
7851
7799
7766
7784
7820
7844
7727
7693
7693
7738
7766
7786
7786
7819
7891
7891
7891
7868
7876
7876
7866
7845
7699
7662
7662
7702
7727
7669
7744
7727
7649
7649
7613
7614
7622
7549
7487
7402
7402
7402
7417
7383
7399
7444
7418
7419
7486
7479
7475
7491
7491
7499
7505
7505
7552
7592
7581
7597
7611
7591
7591
7655
7655
7658
7693
7724
7717
7704
7677
7698
7733
7754
7685
7715
7729
7641
7587
7587
7587
7599
7547
7543
7577
7635
7635
7636
7661
7729
7645
7576
7529
7529
7499
7571
7547
7639
7611
7578
7570
7551
7546
7546
7552
7575
7503
7563
7534
7555
7518
7497
7534
7534
7555
7543
7579
7652
7561
7592
7622
7668
7685
7645
7650
7591
7591
7540
7532
7490
7573
7546
7584
7584
7604
7604
7604
7546
7500
7420
7467
7501
7511
7537
7575
7567
7633
7733
7733
7748
7748
7700
7639
7636
7601
7550
7540
7622
7622
7671
7614
7602
7629
7705
7686
7658
7717
7737
7768
7777
7766
7825
7936
7819
7856
7861
7839
7852
7759
7744
7744
7747
7809
7809
7780
7712
7780
7756
7761
7768
7685
7727
7783
7742
7709
7692
7649
7676
7676
7757
7760
7842
7911
7880
7842
7785
7682
7671
7703
7734
7759
7671
7701
7654
7708
7681
7635
7635
7650
7755
7758
7746
7718
7759
7804
7843
7812
7809
7796
7796
7780
7780
7847
7854
7854
7819
7880
7915
7828
7818
7793
7862
7766
7738
7759
7780
7757
7824
7910
7910
7913
7814
7771
7649
7632
7647
7647
7652
7628
7630
7660
7624
7591
7549
7565
7649
7646
7682
7679
7690
7733
7780
7769
7788
7774
7778
7743
7710
7770
7760
7801
7767
7743
7787
7786
7791
7780
7804
7787
7766
7846
7797
7771
7823
7823
7847
7805
7828
7830
7809
7782
7713
7734
7701
7649
7633
7681
7657
7657
7657
7657
7705
7719
7641
7641
7621
7621
7580
7643
7635
7746
7752
7729
7692
7713
7603
7578
7620
7642
7603
7603
7611
7617
7617
7659
7713
7748
7785
7765
7758
7744
7738
7752
7841
7792
7798
7774
7702
7671
7671
7660
7639
7672
7689
7645
7676
7614
7654
7654
7654
7660
7641
7685
7700
7682
7598
7641
7680
7776
7727
7799
7802
7799
7805
7758
7786
7825
7820
7795
7818
7798
7821
7821
7821
7871
7933
7953
7945
7919
7890
7881
7924
7910
7910
7821
7861
7844
7772
7761
7779
7754
7786
7865
7961
8027
8046
8066
8044
8066
8028
8084
8140
8092
8045
8086
8044
8094
8104
8118
8136
8144
8161
8196
8115
8115
8084
8029
8023
7984
8062
8062
8062
8017
8017
8021
8021
7995
7937
7937
7937
7926
7938
7916
7951
7941
7959
7931
7877
7840
7830
7760
7760
7760
7755
7771
7714
7808
7798
7828
7846
7846
7829
7811
7823
7824
7833
7874
7904
7887
7945
7945
7922
7883
7834
7827
7850
7823
7823
7904
7817
7817
7817
7883
7776
7817
7782
7782
7765
7702
7623
7653
7621
7633
7648
7648
7649
7663
7622
7508
7508
7597
7588
7575
7605
7569
7521
7599
7641
7663
7657
7657
7655
7657
7702
7684
7689
7689
7767
7679
7758
7712
7705
7686
7731
7753
7837
7872
7894
7814
7800
7738
7743
7751
7755
7755
7847
7876
7907
7919
7932
7899
7857
7906
7962
7955
7934
7934
7881
7815
7866
7848
7848
7886
7870
7782
7780
7787
7787
7713
7723
7845
7854
7836
7827
7761
7725
7677
7672
7665
7689
7660
7633
7633
7715
7674
7653
7667
7700
7662
7687
7677
7665
7648
7621
7565
7608
7586
7549
7608
7608
7546
7546
7575
7556
7536
7487
7575
7551
7573
7529
7552
7541
7545
7603
7631
7575
7575
7620
7554
7594
7594
7592
7554
7554
7554
7566
7616
7650
7683
7707
7712
7622
7622
7652
7662
7704
7666
7691
7685
7730
7695
7695
7641
7633
7650
7695
7760
7769
7790
7809
7743
7796
7733
7670
7636
7636
7655
7627
7627
7583
7590
7656
7642
7626
7591
7584
7757
7776
7771
7698
7686
7721
7719
7668
7700
7732
7746
7728
7669
7676
7764
7764
7679
7640
7640
7655
7659
7668
7653
7762
7829
7716
7739
7763
7761
7703
7757
7720
7670
7670
7695
7663
7640
7669
7669
7665
7645
7667
7653
7617
7617
7648
7687
7687
7627
7627
7689
7762
7771
7832
7820
7828
7828
7719
7766
7750
7696
7696
7723
7724
7744
7710
7771
7753
7753
7734
7734
7701
7774
7850
7806
7806
7820
7857
7895
7895
7931
7900
7957
7957
7997
8023
8042
7985
7992
7983
7972
7963
8011
8028
8086
8086
8086
7965
7992
7954
7882
7798
7761
7782
7782
7739
7768
7780
7899
7857
7798
7829
7842
7842
7796
7875
7845
7839
7828
7828
7828
7925
7925
7925
7927
7960
7973
7947
7907
8003
7931
7871
7807
7809
7824
7824
7847
7804
7817
7747
7729
7669
7677
7677
7631
7556
7560
7623
7613
7649
7635
7609
7633
7659
7563
7555
7555
7602
7536
7558
7558
7561
7561
7525
7525
7517
7612
7545
7581
7608
7559
7510
7587
7590
7590
7643
7611
7607
7594
7595
7649
7739
7739
7739
7698
7697
7682
7685
7667
7680
7680
7758
7707
7746
7746
7815
7837
7863
7900
7900
7867
7867
7855
7794
7809
7795
7706
7739
7775
7709
7707
7704
7686
7590
7609
7609
7571
7543
7504
7545
7504
7504
7525
7491
7491
7491
7576
7607
7584
7581
7550
7525
7489
7518
7569
7575
7634
7506
7496
7628
7668
7668
7676
7729
7829
7803
7750
7755
7755
7670
7699
7699
7673
7739
7710
7641
7637
7663
7714
7741
7741
7766
7737
7705
7745
7710
7660
7687
7687
7709
7792
7778
7779
7783
7781
7724
7673
7658
7658
7801
7761
7761
7702
7713
7650
7653
7611
7657
7617
7679
7723
7698
7710
7781
7685
7685
7670
7662
7697
7769
7740
7740
7737
7743
7711
7711
7735
7777
7757
7757
7713
7713
7740
7662
7706
7647
7645
7645
7629
7605
7605
7596
7596
7609
7696
7603
7598
7598
7661
7600
7735
7810
7868
7805
7756
7754
7754
7754
7754
7767
7695
7778
7728
7728
7750
7750
7780
7765
7765
7677
7709
7709
7709
7717
7812
7824
7824
7824
7766
7756
7739
7721
7675
7684
7609
7684
7686
7674
7650
7695
7686
7686
7638
7665
7692
7692
7643
7755
7755
7729
7705
7705
7701
7819
7819
7808
7845
7841
7850
7852
7813
7813
7885
7903
7794
7803
7813
7813
7764
7764
7787
7836
7836
7828
7729
7710
7710
7686
7719
7755
7643
7622
7617
7535
7535
7510
7510
7497
7548
7560
7489
7487
7523
7515
7549
7539
7604
7669
7633
7704
7704
7647
7661
7617
7591
7567
7604
7591
7624
7586
7587
7612
7591
7591
7548
7550
7489
7489
7534
7426
7478
7478
7445
7431
7445
7513
7516
7552
7574
7574
7561
7552
7590
7557
7523
7566
7566
7537
7524
7524
7497
7483
7486
7486
7506
7506
7506
7551
7649
7684
7692
7740
7754
7746
7670
7683
7683
7713
7730
7714
7718
7729
7803
7825
7835
7797
7867
7829
7776
7851
7959
7965
8111
8106
8069
8069
8069
8069
8015
8015
8014
7998
7931
7953
7852
7794
7825
7821
7749
7661
7703
7724
7762
7789
7744
7753
7716
7799
7759
7712
7712
7668
7588
7658
7658
7628
7626
7633
7633
7676
7736
7736
7736
7737
7737
7737
7700
7620
7675
7646
7689
7699
7699
7699
7731
7664
7664
7664
7730
7735
7769
7798
7810
7731
7826
7826
7816
7848
7848
7907
7907
7802
7802
7829
7843
7705
7690
7624
7644
7674
7670
7718
7734
7649
7605
7553
7556
7685
7685
7632
7670
7711
7682
7694
7676
7676
7581
7649
7644
7680
7680
7721
7716
7822
7843
7843
7843
7841
7833
7778
7732
7744
7773
7724
7709
7595
7639
7639
7622
7622
7610
7602
7588
7548
7623
7590
7602
7584
7583
7631
7631
7611
7611
7554
7541
7526
7531
7663
7638
7638
7632
7708
7652
7592
7586
7586
7569
7605
7657
7617
7650
7699
7716
7733
7758
7707
7707
7707
7691
7780
7793
7793
7749
7749
7783
7739
7683
7734
7717
7690
7690
7718
7720
7713
7713
7725
7785
7759
7795
7795
7809
7809
7775
7775
7750
7750
7673
7627
7627
7627
7629
7625
7634
7622
7676
7620
7620
7640
7618
7548
7538
7538
7485
7485
7510
7490
7490
7551
7666
7706
7706
7696
7696
7730
7632
7679
7756
7817
7846
7873
7871
7871
7831
7915
7950
7913
7913
7913
7909
7877
7877
7849
7849
7811
7716
7674
7630
7681
7694
7718
7779
7735
7686
7758
7754
7754
7727
7727
7727
7785
7738
7733
7743
7677
7617
7580
7580
7674
7599
7562
7534
7507
7546
7548
7592
7604
7604
7517
7526
7508
7521
7447
7468
7447
7437
7416
7406
7457
7438
7438
7576
7562
7589
7698
7700
7700
7661
7728
7780
7768
7835
7813
7784
7758
7758
7812
7734
7680
7671
7666
7662
7655
7666
7711
7780
7824
7768
7689
7724
7745
7664
7698
7764
7737
7788
7788
7791
7720
7744
7688
7655
7700
7709
7734
7679
7740
7712
7661
7727
7798
7794
7769
7686
7686
7628
7628
7636
7743
7678
7662
7662
7695
7724
7670
7670
7713
7713
7699
7701
7733
7774
7753
7688
7660
7712
7712
7668
7594
7594
7644
7667
7667
7653
7653
7663
7667
7667
7690
7703
7670
7732
7732
7714
7807
7888
7888
7874
7908
7913
7878
7854
7854
7819
7923
7923
7945
7825
7825
7822
7751
7800
7800
7791
7849
7885
7842
7880
7790
7778
7810
7782
7788
7790
7753
7753
7753
7753
7722
7695
7749
7744
7734
7709
7709
7624
7624
7662
7662
7662
7655
7721
7721
7715
7715
7734
7815
7834
7795
7737
7711
7711
7711
7745
7732
7732
7708
7698
7646
7582
7510
7510
7481
7522
7547
7537
7549
7549
7517
7517
7453
7467
7567
7487
7487
7561
7524
7550
7550
7563
7581
7595
7600
7644
7667
7718
7757
7757
7767
7752
7764
7764
7864
7872
7932
7932
7906
7866
7892
7883
7830
7824
7829
7829
7822
7814
7791
7791
7791
7726
7695
7739
7777
7766
7766
7827
7935
7885
7910
7898
7842
7850
7802
7797
7802
7802
7758
7717
7717
7673
7673
7683
7664
7688
7648
7741
7837
7830
7828
7861
7840
7836
7831
7810
7778
7778
7783
7838
7834
7877
7884
7896
7869
7869
7892
7892
7825
7787
7786
7784
7784
7820
7830
7833
7833
7778
7789
7743
7706
7706
7720
7709
7690
7689
7689
7689
7692
7670
7670
7656
7666
7666
7666
7666
7666
7635
7635
7641
7655
7651
7634
7593
7642
7620
7620
7620
7633
7636
7645
7596
7659
7618
7651
7679
7637
7649
7592
7595
7617
7601
7522
7583
7593
7603
7603
7608
7608
7603
7617
7623
7595
7595
7595
7632
7540
7539
7583
7583
7573
7565
7567
7567
7637
7723
7666
7668
7605
7605
7678
7683
7636
7692
7689
7754
7759
7766
7766
7766
7766
7765
7812
7916
7864
7864
7864
7865
7818
7738
7738
7761
7764
7703
7748
7733
7669
7677
7654
7654
7654
7697
7720
7704
7622
7617
7690
7690
7661
7659
7659
7733
7733
7697
7697
7679
7679
7661
7661
7661
7653
7646
7618
7646
7637
7637
7586
7586
7595
7560
7590
7628
7674
7659
7666
7654
7591
7611
7644
7666
7550
7530
7530
7558
7550
7596
7620
7628
7628
7628
7606
7624
7660
7672
7672
7644
7593
7600
7605
7642
7642
7617
7617
7700
7775
7726
7763
7763
7744
7748
7837
7837
7875
7912
7886
7924
7982
7982
7967
7966
7927
7930
7889
7842
7842
7842
7842
7851
7848
7915
7952
7952
7986
7855
7802
7835
7830
7771
7771
7822
7822
7754
7717
7695
7655
7655
7730
7754
7733
7666
7668
7643
7639
7639
7598
7598
7598
7596
7635
7635
7635
7618
7618
7618
7608
7620
7597
7603
7693
7656
7658
7629
7635
7651
7651
7605
7605
7605
7654
7587
7527
7540
7579
7549
7503
7573
7629
7649
7590
7615
7600
7579
7572
7624
7624
7632
7567
7581
7587
7582
7550
7522
7522
7547
7547
7622
7583
7551
7551
7505
7524
7560
7551
7559
7605
7638
7616
7609
7536
7544
7597
7626
7709
7709
7698
7626
7686
7690
7672
7707
7707
7698
7663
7635
7652
7652
7703
7705
7688
7760
7831
7903
7850
7850
7912
7944
7944
7984
7968
7959
7975
7905
7909
7896
7896
7808
7773
7790
7797
7781
7816
7809
7886
7886
7888
7855
7804
7806
7806
7795
7789
7776
7775
7803
7716
7708
7675
7681
7647
7615
7615
7585
7585
7589
7522
7627
7656
7673
7649
7661
7661
7713
7758
7749
7713
7740
7740
7778
7795
7795
7797
7767
7786
7770
7770
7790
7816
7819
7831
7852
7776
7733
7751
7739
7664
7706
7749
7739
7709
7668
7710
7710
7710
7649
7649
7702
7669
7614
7614
7622
7592
7592
7578
7605
7605
7581
7533
7602
7624
7652
7652
7624
7657
7658
7658
7708
7598
7598
7598
7598
7598
7585
7585
7465
7468
7419
7445
7489
7489
7476
7412
7429
7429
7429
7450
7450
7482
7505
7508
7508
7508
7496
7559
7595
7577
7572
7660
7671
7713
7616
7619
7619
7609
7609
7609
7599
7546
7519
7519
7530
7521
7557
7527
7558
7558
7558
7558
7568
7591
7591
7582
7548
7481
7509
7509
7541
7557
7537
7554
7531
7550
7540
7543
7562
7507
7539
7539
7466
7466
7517
7517
7572
7562
7628
7628
7606
7549
7512
7555
7555
7599
7595
7625
7585
7585
7569
7569
7525
7548
7508
7548
7579
7543
7673
7640
7589
7602
7668
7667
7665
7665
7650
7650
7650
7737
7737
7744
7744
7707
7720
7612
7612
7612
7621
7636
7563
7528
7494
7541
7541
7541
7506
7499
7499
7567
7604
7583
7558
7555
7547
7604
7605
7669
7627
7664
7617
7603
7603
7572
7566
7532
7532
7583
7572
7579
7579
7593
7593
7617
7641
7641
7523
7523
7530
7530
7519
7519
7519
7484
7498
7498
7538
7469
7519
7594
7670
7670
7686
7747
7746
7711
7737
7742
7723
7674
7674
7680
7680
7658
7634
7642
7597
7502
7502
7502
7510
7468
7484
7483
7450
7459
7522
7492
7460
7501
7501
7609
7609
7716
7715
7627
7632
7630
7671
7671
7735
7682
7676
7779
7784
7758
7710
7704
7736
7705
7696
7623
7623
7648
7675
7731
7731
7700
7700
7700
7700
7700
7640
7595
7553
7553
7557
7585
7585
7521
7521
7575
7557
7589
7619
7611
7611
7611
7622
7611
7611
7678
7678
7678
7719
7727
7724
7735
7741
7741
7741
7708
7789
7818
7818
7802
7802
7807
7785
7777
7754
7785
7770
7745
7705
7673
7673
7638
7638
7630
7623
7511
7517
7563
7525
7560
7590
7553
7594
7616
7604
7604
7577
7577
7607
7628
7539
7574
7588
7588
7626
7580
7580
7609
7608
7563
7563
7584
7584
7584
7584
7572
7572
7572
7582
7565
7625
7550
7523
7531
7556
7578
7576
7544
7522
7522
7559
7589
7589
7589
7646
7644
7660
7660
7709
7722
7690
7690
7666
7689
7712
7683
7683
7691
7687
7685
7685
7677
7708
7708
7694
7658
7735
7730
7719
7719
7719
7739
7707
7693
7713
7713
7713
7651
7647
7681
7627
7620
7688
7637
7627
7627
7668
7668
7656
7656
7634
7686
7707
7705
7707
7799
7801
7801
7719
7690
7687
7687
7687
7687
7702
7612
7612
7612
7637
7637
7702
7665
7620
7620
7631
7646
7648
7689
7708
7708
7708
7801
7814
7716
7716
7758
7749
7736
7790
7810
7858
7788
7760
7699
7742
7723
7691
7691
7712
7712
7688
7757
7722
7719
7679
7679
7738
7738
7738
7738
7735
7773
7791
7791
7788
7764
7778
7682
7657
7625
7631
7645
7550
7550
7525
7624
7624
7539
7539
7518
7518
7468
7470
7466
7418
7418
7500
7500
7475
7475
7475
7475
7475
7475
7475
7475
7475
7439
7461
7461
7495
7495
7495
7425
7392
7478
7478
7519
7485
7489
7489
7552
7554
7558
7612
7582
7547
7501
7483
7477
7480
7480
7479
7463
7502
7502
7502
7502
7539
7545
7576
7600
7598
7598
7614
7611
7652
7640
7621
7621
7615
7615
7615
7615
7615
7596
7596
7624
7624
7634
7634
7667
7710
7658
7651
7721
7721
7682
7634
7660
7577
7577
7541
7541
7492
7460
7415
7442
7442
7504
7526
7477
7490
7547
7588
7558
7558
7587
7597
7661
7661
7698
7655
7655
7662
7656
7661
7644
7644
7644
7637
7641
7586
7604
7604
7604
7702
7656
7585
7635
7611
7611
7571
7588
7609
7595
7583
7584
7655
7589
7608
7603
7618
7618
7618
7618
7618
7618
7634
7651
7659
7659
7678
7678
7678
7678
7741
7732
7724
7723
7737
7735
7690
7675
7693
7672
7652
7565
7584
7559
7562
7523
7540
7577
7577
7580
7493
7456
7428
7428
7428
7437
7418
7419
7453
7473
7462
7454
7456
7456
7410
7445
7544
7544
7544
7566
7542
7390
7406
7409
7497
7474
7447
7516
7428
7440
7496
7537
7537
7586
7483
7483
7483
7483
7511
7556
7556
7500
7500
7500
7508
7478
7486
7540
7511
7543
7543
7543
7520
7520
7574
7552
7552
7552
7552
7604
7561
7561
7482
7509
7509
7577
7548
7461
7466
7466
7489
7493
7483
7482
7482
7419
7419
7419
7347
7335
7380
7380
7454
7454
7440
7426
7456
7493
7493
7529
7529
7529
7481
7481
7441
7441
7421
7342
7349
7349
7349
7401
7401
7401
7403
7409
7492
7492
7488
7449
7350
7350
7372
7328
7328
7328
7303
7322
7373
7373
7373
7373
7391
7391
7384
7417
7417
7413
7413
7413
7413
7413
7413
7405
7405
7405
7405
7405
7398
7393
7393
7393
7393
7393
7343
7362
7386
7413
7413
7365
7365
7411
7399
7402
7383
7374
7374
7374
7378
7378
7378
7372
7399
7387
7397
7422
7422
7422
7424
7424
7420
7454
7471
7497
7497
7497
7492
7507
7420
7515
7572
7572
7512
7512
7512
7561
7561
7561
7561
7565
7565
7550
7516
7490
7490
7547
7577
7605
7605
7605
7605
7605
7579
7579
7579
7579
7579
7579
7579
7652
7668
7668
7657
7657
7657
7657
7657
7648
7719
7719
7646
7668
7645
7634
7634
7630
7630
7630
7636
7659
7661
7660
7584
7589
7589
7588
7610
7561
7561
7593
7593
7514
7552
7490
7513
7523
7545
7520
7520
7488
7514
7532
7539
7539
7539
7539
7552
7530
7530
7599
7606
7571
7601
7601
7601
7601
7580
7598
7598
7630
7654
7601
7615
7592
7686
7686
7631
7631
7631
7639
7635
7642
7722
7722
7658
7658
7658
7653
7653
7653
7663
7711
7711
7711
7733
7675
7675
7675
7675
7643
7714
7738
7676
7680
7712
7717
7635
7635
7635
7614
7614
7538
7537
7537
7506
7508
7508
7521
7520
7529
7528
7581
7577
7539
7539
7506
7513
7465
7457
7507
7507
7413
7416
7442
7466
7466
7466
7466
7466
7508
7495
7495
7495
7516
7492
7530
7530
7530
7479
7479
7481
7481
7399
7399
7399
7399
7399
7396
7332
7332
7332
7332
7332
7321
7293
7295
7334
7293
7293
7293
7293
7293
7293
7299
7299
7299
7278
7296
7285
7277
7277
7277
7287
7287
7252
7252
7252
7259
7259
7326
7266
7266
7284
7275
7251
7251
7251
7251
7251
7221
7195
7195
7195
7195
7195
7195
7170
7175
7175
7142
7119
7169
7169
7283
7283
7280
7280
7286
7334
7334
7364
7348
7348
7382
7386
7386
7386
7427
7444
7462
7448
7419
7419
7449
7418
7440
7414
7414
7420
7406
7406
7406
7412
7419
7397
7354
7283
7320
7333
7357
7336
7323
7323
7323
7285
7285
7285
7309
7309
7309
7323
7291
7287
7287
7287
7305
7305
7326
7332
7332
7332
7349
7349
7349
7308
7308
7308
7256
7272
7272
7360
7242
7274
7287
7309
7300
7354
7354
7354
7354
7346
7346
7346
7346
7346
7346
7356
7373
7374
7374
7328
7328
7365
7338
7338
7313
7313
7244
7187
7187
7187
7187
7173
7173
7148
7148
7218
7249
7249
7249
7249
7249
7254
7254
7266
7266
7250
7250
7250
7250
7250
7250
7355
7355
7352
7353
7353
7305
7301
7301
7373
7331
7307
7307
7307
7307
7307
7307
7336
7336
7338
7405
7398
7398
7401
7420
7420
7422
7422
7388
7365
7343
7318
7356
7356
7308
7359
7359
7369
7393
7393
7393
7393
7436
7436
7436
7487
7430
7430
7430
7430
7506
7506
7518
7528
7481
7460
7460
7395
7385
7409
7384
7384
7392
7392
7392
7409
7401
7401
7345
7350
7365
7365
7404
7323
7364
7333
7318
7318
7305
7305
7291
7285
7285
7327
7381
7335
7391
7390
7402
7402
7402
7402
7402
7414
7414
7414
7414
7384
7414
7356
7356
7356
7358
7403
7403
7403
7403
7403
7403
7458
7420
7446
7446
7446
7485
7485
7499
7428
7429
7463
7431
7448
7448
7408
7408
7408
7408
7415
7415
7415
7396
7392
7365
7330
7330
7302
7302
7302
7303
7303
7334
7311
7311
7311
7309
7309
7309
7309
7319
7327
7327
7327
7415
7415
7386
7386
7375
7340
7360
7360
7380
7375
7375
7394
7415
7415
7415
7415
7434
7431
7389
7363
7363
7363
7363
7364
7364
7368
7369
7369
7369
7369
7387
7387
7387
7327
7327
7327
7327
7327
7327
7340
7340
7340
7349
7349
7329
7443
7493
7520
7520
7460
7460
7409
7409
7398
7402
7354
7354
7354
7340
7369
7369
7331
7331
7331
7331
7331
7331
7331
7332
7332
7332
7332
7332
7333
7391
7391
7456
7459
7457
7446
7446
7432
7422
7422
7422
7358
7358
7359
7377
7377
7434
7434
7434
7430
7422
7424
7473
7417
7417
7417
7336
7360
7403
7390
7390
7381
7381
7381
7361
7361
7361
7361
7361
7366
7366
7366
7366
7422
7386
7413
7384
7384
7384
7384
7384
7384
7384
7435
7433
7433
7432
7427
7419
7345
7345
7345
7345
7368
7367
7343
7326
7322
7322
7322
7287
7287
7278
7278
7278
7290
7243
7231
7231
7231
7248
7248
7248
7234
7254
7263
7263
7263
7263
7264
7264
7234
7260
7218
7218
7218
7218
7248
7248
7248
7233
7247
7244
7261
7261
7261
7261
7261
7265
7265
7265
7250
7247
7247
7282
7354
7285
7285
7285
7285
7279
7233
7235
7235
7235
7258
7258
7258
7258
7265
7265
7217
7217
7217
7213
7213
7213
7213
7272
7272
7300
7300
7300
7316
7316
7316
7257
7257
7257
7257
7257
7248
7248
7282
7282
7282
7298
7288
7318
7346
7342
7342
7319
7366
7335
7359
7385
7411
7388
7388
7388
7388
7388
7388
7388
7445
7462
7462
7466
7484
7484
7483
7479
7479
7503
7562
7562
7564
7558
7557
7557
7557
7637
7582
7552
7490
7563
7522
7522
7522
7547
7507
7515
7537
7527
7486
7486
7527
7527
7527
7527
7527
7552
7552
7567
7567
7567
7557
7557
7576
7576
7576
7576
7528
7528
7494
7494
7494
7457
7457
7457
7448
7445
7474
7469
7411
7411
7421
7421
7421
7421
7421
7421
7423
7432
7426
7407
7418
7418
7409
7432
7432
7454
7412
7410
7410
7410
7410
7398
7398
7398
7398
7398
7398
7398
7398
7379
7379
7408
7408
7408
7390
7395
7395
7403
7403
7403
7352
7352
7352
7352
7359
7389
7377
7405
7405
7394
7394
7454
7477
7433
7433
7433
7433
7433
7433
7450
7450
7450
7458
7458
7458
7458
7444
7444
7434
7375
7326
7325
7289
7289
7341
7306
7329
7329
7329
7329
7329
7329
7326
7326
7353
7353
7323
7323
7323
7323
7323
7281
7281
7326
7348
7348
7348
7348
7348
7348
7348
7325
7355
7355
7408
7408
7400
7317
7317
7317
7317
7317
7307
7317
7317
7317
7317
7349
7341
7341
7341
7341
7341
7340
7352
7352
7352
7352
7352
7352
7352
7322
7322
7322
7322
7286
7290
7290
7290
7290
7306
7345
7345
7345
7400
7403
7431
7454
7454
7454
7454
7454
7422
7394
7427
7452
7465
7495
7455
7455
7406
7347
7347
7347
7362
7352
7352
7352
7358
7374
7374
7366
7366
7366
7366
7350
7350
7416
7448
7430
7430
7451
7376
7382
7404
7404
7404
7404
7426
7426
7426
7426
7426
7426
7426
7488
7480
7477
7477
7472
7504
7492
7480
7484
7484
7484
7484
7484
7484
7484
7507
7507
7515
7515
7540
7513
7542
7542
7542
7542
7541
7541
7540
7552
7542
7542
7568
7573
7504
7504
7504
7533
7533
7533
7577
7565
7608
7582
7582
7597
7611
7572
7579
7579
7550
7464
7464
7464
7484
7484
7491
7488
7499
7506
7506
7497
7414
7414
7414
7414
7414
7466
7466
7467
7467
7467
7467
7450
7450
7450
7450
7460
7460
7413
7413
7426
7426
7426
7426
7426
7426
7445
7445
7445
7445
7445
7445
7459
7459
7459
7459
7415
7359
7359
7363
7401
7401
7431
7431
7422
7422
7410
7410
7410
7435
7435
7435
7435
7433
7433
7433
7338
7341
7341
7341
7341
7341
7341
7341
7341
7341
7364
7364
7364
7364
7364
7364
7360
7376
7389
7384
7384
7384
7358
7358
7358
7358
7358
7358
7361
7361
7418
7404
7379
7351
7351
7359
7359
7359
7359
7359
7359
7359
7359
7324
7324
7330
7330
7330
7291
7291
7291
7291
7326
7295
7295
7295
7259
7265
7263
7263
7263
7253
7253
7244
7244
7270
7255
7255
7255
7263
7239
7239
7239
7239
7239
7239
7239
7239
7239
7231
7231
7259
7270
7256
7256
7256
7284
7284
7284
7296
7296
7296
7296
7269
7269
7269
7269
7269
7269
7269
7269
7269
7296
7362
7362
7362
7323
7373
7338
7338
7338
7338
7338
7316
7316
7316
7316
7316
7316
7316
7316
7314
7314
7314
7314
7316
7316
7316
7316
7316
7281
7281
7314
7314
7314
7314
7314
7314
7314
7279
7279
7272
7272
7272
7330
7330
7341
7320
7297
7297
7297
7240
7240
7240
7240
7238
7238
7272
7272
7272
7272
7272
7261
7261
7293
7293
7293
7277
7277
7296
7281
7281
7281
7278
7278
7278
7300
7291
7291
7284
7268
7318
7318
7318
7318
7318
7318
7318
7318
7318
7337
7308
7308
7308
7268
7268
7268
7250
7250
7250
7296
7296
7296
7296
7352
7352
7343
7343
7343
7343
7343
7343
7343
7343
7343
7343
7341
7341
7347
7392
7338
7324
7288
7294
7279
7292
7300
7300
7300
7300
7302
7302
7282
7252
7252
7252
7252
7252
7252
7238
7238
7265
7265
7250
7250
7250
7250
7230
7253
7235
7236
7236
7236
7227
7227
7250
7250
7250
7250
7206
7220
7226
7255
7256
7256
7256
7256
7236
7223
7223
7223
7211
7159
7159
7159
7159
7159
7138
7138
7155
7155
7155
7155
7155
7155
7097
7097
7097
7097
7134
7134
7134
7134
7134
7134
7134
7107
7107
7107
7107
7107
7107
7113
7119
7119
7119
7119
7119
7119
7154
7165
7165
7165
7192
7195
7177
7177
7177
7125
7125
7099
7099
7097
7097
7097
7097
7097
7097
7150
7159
7159
7147
7160
7160
7160
7162
7170
7170
7186
7186
7186
7186
7216
7216
7216
7208
7208
7208
7208
7208
7203
7203
7203
7203
7207
7207
7207
7207
7172
7172
7155
7139
7139
7139
7139
7139
7155
7155
7155
7155
7179
7172
7168
7168
7168
7186
7174
7174
7155
7155
7155
7155
7155
7155
7155
7146
7146
7161
7161
7201
7201
7209
7209
7209
7209
7209
7220
7220
7220
7220
7220
7220
7220
7220
7220
7220
7208
7208
7208
7239
7252
7252
7252
7241
7251
7251
7295
7295
7260
7251
7251
7245
7245
7245
7196
7196
7196
7196
7196
7196
7175
7175
7175
7175
7175
7175
7158
7158
7158
7158
7158
7158
7158
7158
7158
7158
7154
7154
7142
7147
7147
7147
7147
7147
7147
7147
7147
7147
7147
7147
7147
7202
7202
7202
7202
7202
7183
7183
7190
7190
7190
7171
7171
7118
7114
7114
7114
7114
7114
7114
7118
7118
7118
7109
7109
7109
7109
7109
7109
7109
7109
7109
7109
7109
7109
7107
7107
7107
7107
7090
7090
7087
7075
7061
7061
7061
7073
7059
7059
7059
7059
7059
7062
7062
7062
7022
7022
7022
7037
7038
7038
7038
7038
7038
7038
7019
7019
7019
7019
7019
7019
7019
7019
7019
7019
7019
7019
7019
7019
7019
7019
7019
7054
7054
7054
7054
7054
7054
7054
7067
7067
7067
7092
7092
7092
7092
7092
7092
7097
7128
7128
7128
7103
7102
7102
7102
7102
7102
7102
7102
7102
7102
7102
7102
7157
7157
7155
7145
7140
7125
7125
7125
7125
7125
7125
7125
7125
7125
7138
7120
7120
7120
7120
7149
7149
7149
7149
7149
7149
7149
7149
7149
7178
7178
7219
7235
7235
7205
7205
7205
7189
7068
7137
7151
7151
7151
7151
7151
7075
7075
7075
7075
7075
7075
7075
7075
7075
7075
7075
7075
7075
7033
7033
7033
7033
7033
7033
7033
7047
7047
7047
7047
7036
7036
7036
7036
7036
7051
7051
7051
7051
7051
7051
7051
7051
7002
7016
7016
7016
7016
7016
7016
7016
7022
7022
7022
7022
7006
7006
7006
7006
7006
7006
7006
7006
7006
7006
7044
7044
7044
7019
6992
6992
6992
6992
6992
6997
7029
7029
7029
7022
7022
7022
7022
7022
7022
7026
7026
7026
7019
7010
7013
7013
7013
7013
7013
7010
7010
7010
7014
7014
7014
7014
7024
7021
7021
7048
7048
7048
7048
7048
7048
7048
7048
7048
7048
7065
7065
7079
7079
7079
7079
7079
7054
7050
7078
7078
7078
7076
7076
7128
7128
7146
7146
7146
7146
7146
7146
7146
7161
7130
7130
7130
7130
7130
7130
7130
7130
7130
7130
7130
7130
7130
7130
7130
7130
7130
7107
7107
7107
7107
7107
7068
7068
7114
7114
7103
7103
7103
7103
7103
7094
7094
7094
7094
7094
7094
7098
7098
7098
7098
7101
7101
7101
7101
7083
7083
7083
7083
7083
7083
7083
7083
7083
7083
7083
7083
7083
7083
7083
7083
7083
7086
7086
7086
7086
7086
7086
7086
7086
7086
7087
7087
7087
7087
7120
7094
7107
7107
7107
7107
7107
7107
7107
7107
7107
7107
7107
7107
7088
7088
7088
7088
7088
7088
7088
7088
7104
7104
7104
7104
7104
7104
7109
7109
7109
7109
7109
7109
7106
7106
7106
7106
7106
7089
7089
7089
7089
7089
7089
7089
7089
7082
7082
7082
7082
7082
7079
7072
7072
7072
7072
7090
7090
7090
7113
7113
7113
7113
7113
7084
7084
7084
7084
7084
7084
7084
7092
7092
7092
7092
7092
7092
7092
7092
7092
7115
7115
7115
7133
7116
7120
7120
7120
7120
7120
7067
7067
7067
7067
7067
7067
7072
7072
7072
7072
7072
7072
7072
7072
7072
7072
7072
7060
7076
7076
7076
7076
7076
7076
7076
7076
7076
7076
7076
7076
7076
7076
7076
7076
7076
7076
7076
7076
7076
7076
7059
7059
7059
7059
7060
7060
7060
7060
7060
7060
7058
7058
7058
7058
7058
7072
7072
7072
7072
7064
7064
7064
7064
7064
7064
7064
7064
7058
7058
7058
7058
7058
7058
7058
7058
7058
7058
7058
7058
7058
7058
7058
7058
7058
7058
7058
7058
7058
7074
7074
7074
7074
7055
7055
7052
7052
7052
7020
7020
7020
7020
7020
7020
7020
7020
7020
7020
7020
7020
7020
7029
7029
7029
7029
7029
7029
7030
7050
7050
7050
7050
7050
7050
7050
7048
7048
7048
7048
7048
7074
7074
7074
7074
7074
7069
7068
7068
7068
7043
7043
7043
7043
7043
7043
7055
7055
7055
7055
7055
7055
7077
7077
7077
7085
7085
7085
7084
7084
7084
7084
7140
7140
7140
7137
7137
7120
7118
7118
7104
7104
7101
7101
7101
7101
7101
7111
7111
7111
7111
7111
7111
7111
7111
7098
7098
7114
7114
7114
7114
7114
7114
7109
7109
7109
7109
7109
7109
7104
7104
7104
7109
7090
7090
7090
7090
7090
7090
7090
7090
7090
7090
7090
7110
7112
7112
7112
7111
7093
7093
7093
7093
7093
7093
7093
7093
7093
7093
7093
7106
7106
7106
7118
7118
7118
7118
7118
7118
7125
7088
7067
7067
7067
7067
7067
7005
7005
7051
7033
7033
7033
7033
7033
7033
7015
7015
7015
7015
7015
7015
7015
6999
6999
6999
6999
6999
6985
6985
6985
6985
6985
6985
6985
6985
6984
6984
6984
6984
6984
6984
6978
6978
6978
6978
6979
6979
6979
6979
6979
6979
6979
6979
6979
6979
6979
6979
6979
6979
6979
6979
6979
6979
6962
6962
6962
6964
6964
6964
6956
6956
6956
6956
6956
6956
6956
6956
6956
6956
6956
6956
6956
6956
6956
6956
6956
6956
6956
6938
6938
6938
6938
6937
6937
6937
6937
6937
6937
6937
6937
6937
6937
6937
6937
6937
6937
6937
6941
6941
6941
6941
6941
6941
6941
6941
6941
6930
6930
6930
6930
6927
6927
6927
6927
6927
6921
6924
6924
6924
6924
6924
6924
6924
6924
6924
6924
6924
6924
6896
6896
6896
6896
6896
6896
6896
6896
6896
6896
6896
6896
6896
6896
6896
6870
6881
6881
6875
6875
6875
6875
6875
6875
6875
6875
6875
6875
6875
6875
6875
6875
6875
6875
6875
6875
6875
6875
6875
6875
6875
6861
6861
6861
6861
6861
6861
6861
6861
6900
6900
6900
6900
6900
6900
6900
6900
6900
6900
6900
6900
6901
6901
6901
6901
6901
6901
6901
6901
6901
6901
6901
6901
6901
6901
6901
6901
6901
6901
6901
6901
6901
6906
6906
6906
6906
6906
6906
6906
6906
6906
6906
6906
6906
6906
6906
6906
6906
6918
6918
6918
6919
6919
6919
6919
6919
6919
6919
6908
6908
6900
6900
6900
6900
6900
6900
6900
6869
6869
6869
6869
6869
6869
6869
6869
6869
6869
6869
6869
6869
6869
6869
6869
6869
6869
6896
6896
6896
6896
6896
6896
6896
6896
6896
6896
6896
6896
6896
6881
6896
6896
6896
6896
6896
6896
6896
6896
6896
6896
6877
6877
6877
6877
6877
6877
6877
6883
6883
6883
6883
6883
6883
6885
6885
6885
6885
6885
6885
6885
6885
6885
6876
6876
6876
6876
6876
6876
6876
6876
6876
6876
6876
6876
6876
6899
6889
6889
6889
6889
6889
6872
6872
6872
6872
6872
6872
6872
6872
6872
6872
6872
6872
6872
6872
6872
6872
6872
6873
6873
6873
6873
6873
6873
6873
6873
6873
6873
6873
6873
6873
6873
6873
6873
6873
6873
6873
6873
6873
6873
6873
6873
6873
6873
6873
6873
6873
6873
6873
6873
6873
6873
6873
6873
6873
6873
6873
6873
6873
6873
6873
6873
6873
6873
6873
6873
6873
6862
6862
6862
6862
6862
6862
6862
6862
6862
6860
6868
6868
6868
6868
6868
6868
6868
6868
6868
6868
6868
6868
6868
6868
6868
6868
6868
6868
6868
6847
6847
6847
6847
6847
6847
6847
6847
6847
6847
6847
6847
6847
6847
6847
6847
6847
6847
6847
6847
6847
6847
6847
6847
6847
6847
6847
6847
6847
6847
6847
6847
6847
6847
6847
6847
6847
6846
6846
6846
6846
6846
6846
6846
6846
6846
6848
6848
6848
6848
6848
6848
6848
6848
6848
6848
6848
6848
6848
6842
6842
6842
6842
6842
6842
6842
6842
6842
6842
6842
6842
6842
6842
6858
6858
6858
6858
6858
6858
6858
6858
6858
6858
6858
6858
6858
6865
6865
6865
6865
6855
6855
6855
6844
6838
6838
6838
6838
6845
6845
6845
6845
6845
6845
6845
6845
6845
6845
6845
6845
6845
6845
6845
6845
6845
6845
6845
6845
6845
6845
6845
6845
6845
6845
6845
6845
6845
6845
6845
6845
6845
6845
6845
6845
6845
6845
6845
6845
6844
6844
6844
6844
6844
6844
6844
6844
6844
6844
6838
6838
6838
6838
6838
6838
6844
6844
6844
6845
6845
6845
6845
6828
6828
6828
6828
6828
6828
6828
6828
6828
6828
6828
6828
6828
6828
6828
6828
6828
6828
6828
6828
6828
6828
6823
6823
6823
6823
6823
6823
6823
6823
6823
6823
6823
6823
6823
6823
6823
6823
6823
6823
6823
6823
6823
6823
6823
6823
6823
6823
6823
6823
6823
6823
6823
6823
6823
6823
6823
6823
6823
6823
6823
6823
6823
6823
6799
6799
6799
6799
6799
6799
6799
6799
6799
6799
6799
6799
6798
6798
6798
6798
6799
6799
6799
6799
6799
6799
6799
6799
6799
6799
6799
6799
6799
6799
6798
6798
6798
6798
6798
6798
6798
6798
6798
6798
6798
6798
6798
6798
6798
6798
6798
6798
6798
6798
6798
6798
6798
6798
6798
6798
6798
6798
6803
6803
6803
6803
6803
6803
6803
6803
6803
6803
6803
6803
6803
6803
6803
6803
6803
6803
6803
6803
6803
6803
6803
6803
6809
6809
6795
6795
6792
6769
6769
6769
6769
6769
6769
6769
6769
6769
6769
6769
6769
6769
6769
6769
6769
6769
6769
6769
6769
6769
6769
6769
6761
6761
6761
6761
6761
6761
6761
6761
6761
6761
6761
6761
6761
6761
6761
6761
6761
6773
6773
6773
6773
6760
6760
6760
6760
6760
6760
6760
6760
6760
6760
6760
6760
6760
6760
6760
6760
6760
6760
6760
6760
6753
6753
6753
6753
6753
6753
6753
6753
6753
6767
6767
6767
6767
6767
6767
6767
6767
6754
6754
6754
6754
6754
6754
6754
6754
6754
6754
6754
6754
6754
6754
6754
6754
6756
6756
6756
6756
6756
6756
6756
6756
6756
6756
6756
6756
6756
6756
6756
6756
6756
6756
6756
6756
6756
6756
6756
6756
6756
6756
6756
6756
6756
6756
6756
6756
6756
6756
6756
6756
6756
6756
6756
6756
6756
6756
6756
6754
6754
6754
6748
6748
6748
6748
6748
6748
6748
6748
6748
6748
6748
6748
6748
6748
6748
6748
6754
6754
6754
6754
6754
6754
6754
6754
6754
6754
6754
6754
6754
6754
6754
6754
6754
6757
6757
6757
6757
6757
6757
6757
6757
6757
6757
6757
6757
6757
6757
6757
6757
6757
6757
6757
6757
6757
6757
6757
6757
6757
6757
6757
6757
6757
6757
6757
6757
6757
6757
6757
6757
6757
6757
6757
6757
6757
6757
6757
6757
6757
6757
6757
6757
6757
6757
6757
6757
6757
6757
6757
6757
6757
6757
6757
6757
6757
6757
6757
6757
6757
6757
6757
6757
6757
6757
6757
6757
6757
6749
6749
6749
6749
6749
6749
6749
6749
6749
6749
6749
6749
6749
6754
6754
6754
6754
6754
6754
6754
6754
6754
6754
6754
6754
6754
6754
6754
6754
6754
6754
6754
6754
6754
6754
6754
6754
6754
6754
6748
6748
6748
6748
6748
6748
6748
6748
6748
6748
6748
6748
6748
6748
6748
6748
6748
6748
6748
6748
6748
6748
6742
6742
6742
6742
6742
6742
6742
6742
6742
6742
6742
6742
6742
6742
6736
6736
6736
6736
6736
6736
6736
6736
6736
6736
6736
6736
6736
6736
6736
6736
6736
6736
6736
6736
6736
6736
6736
6736
6736
6736
6736
6736
6736
6736
6736
6736
6736
6736
6736
6736
6736
6736
6736
6736
6736
6736
6736
6736
6736
6736
6736
6736
6736
6736
6736
6736
6736
6736
6736
6736
6736
6736
6736
6736
6736
6736
6724
6724
6724
6724
6721
6721
6721
6721
6721
6721
6721
6721
6721
6721
6721
6721
6721
6721
6721
6721
6721
6721
6721
6721
6721
6721
6721
6721
6721
6721
6721
6721
6721
6721
6721
6721
6721
6721
6721
6721
6729
6729
6720
6720
6720
6718
6718
6718
6718
6718
6718
6718
6718
6718
6718
6718
6718
6718
6718
6718
6718
6718
6718
6718
6718
6718
6718
6718
6718
6718
6718
6718
6718
6718
6718
6718
6718
6718
6718
6718
6718
6718
6718
6718
6718
6718
6718
6718
6718
6718
6718
6718
6718
6718
6718
6718
6718
6718
6718
6718
6718
6718
6718
6718
6718
6718
6718
6718
6718
6718
6718
6718
6718
6718
6718
6718
6717
6717
6717
6717
6717
6717
6717
6717
6717
6717
6717
6717
6717
6717
6717
6717
6717
6717
6717
6717
6717
6717
6717
6717
6717
6717
6717
6717
6717
6717
6717
6717
6717
6717
6717
6717
6717
6717
6717
6717
6717
6717
6717
6717
6717
6717
6717
6717
6717
6715
6715
6715
6715
6715
6715
6715
6715
6715
6715
6715
6715
6715
6715
6715
6715
6715
6715
6715
6715
6715
6715
6715
6715
6715
6715
6715
6715
6715
6715
6716
6716
6716
6716
6716
6716
6716
6716
6716
6716
6716
6716
6716
6716
6716
6716
6716
6716
6720
6720
6720
6720
6720
6720
6720
6720
6720
6709
6709
6709
6709
6709
6709
6709
6709
6709
6709
6709
6709
6709
6709
6709
6709
6709
6709
6709
6709
6709
6709
6709
6709
6709
6709
6716
6716
6716
6716
6716
6716
6716
6716
6716
6716
6716
6716
6716
6716
6716
6716
6716
6716
6716
6716
6716
6716
6716
6716
6716
6716
6716
6716
6716
6716
6716
6716
6716
6716
6716
6716
6716
6716
6716
6716
6716
6710
6710
6710
6709
6709
6709
6709
6709
6709
6709
6709
6709
6709
6709
6709
6709
6709
6709
6709
6709
6709
6709
6709
6709
6709
6709
6709
6709
6709
6703
6703
6703
6703
6703
6703
6703
6703
6703
6703
6703
6703
6703
6703
6703
6703
6703
6703
6703
6703
6703
6703
6703
6703
6703
6703
6703
6703
6703
6703
6703
6703
6703
6703
6703
6703
6703
6703
6703
6703
6703
6703
6703
6703
6703
6703
6703
6703
6703
6703
6703
6703
6703
6703
6703
6703
6703
6703
6703
6703
6703
6703
6703
6703
6703
6703
6703
6703
6703
6703
6703
6703
6703
6703
6703
6703
6703
6703
6703
6703
6703
6703
6703
6703
6703
6703
6703
6703
6703
6703
6703
6703
6703
6703
6703
6703
6703
6703
6703
6703
6703
6703
6703
6703
6703
6703
6703
6703
6703
6703
6703
6703
6703
6703
6703
6703
6703
6703
6703
6703
6703
6703
6703
6703
6703
6703
6703
6703
6703
6703
6703
6703
6703
6703
6703
6703
6703
6703
6703
6703
6703
6703
6703
6703
6703
6703
6703
6703
6703
6703
6703
6703
6703
6703
6703
6703
6703
6703
6703
6703
6703
6703
6703
6703
6703
6703
6703
6703
6703
6703
6703
6703
6703
6703
6703
6703
6703
6703
6703
6703
6703
6703
6703
6703
6703
6703
6703
6703
6703
6703
6703
6703
6703
6703
6703
6703
6703
6703
6703
6703
6703
6706
6706
6706
6706
6706
6706
6706
6706
6709
6709
6709
6709
6709
6709
6709
6709
6709
6709
6709
6709
6709
6709
6709
6709
6709
6709
6709
6709
6709
6709
6709
6715
6715
6715
6715
6715
6715
6715
6715
6715
6715
6715
6715
6731
6731
6731
6731
6731
6731
6731
6731
6731
6730
6730
6730
6730
6730
6730
6730
6730
6730
6730
6730
6730
6730
6730
6730
6730
6730
6730
6730
6730
6730
6730
6730
6730
6730
6730
6751
6751
6751
6751
6751
6751
6751
6751
6751
6751
6722
6722
6722
6722
6722
6722
6722
6722
6722
6722
6722
6722
6722
6722
6725
6725
6725
6725
6725
6725
6725
6725
6725
6725
6725
6725
6725
6725
6725
6725
6725
6725
6725
6725
6725
6725
6725
6725
6725
6725
6725
6725
6725
6725
6725
6725
6727
6727
6727
6727
6727
6727
6727
6729
6729
6729
6729
6729
6729
6729
6729
6729
6729
6729
6729
6729
6729
6729
6729
6729
6729
6729
6729
6729
6729
6729
6729
6729
6729
6729
6729
6729
6727
6727
6727
6727
6727
6727
6727
6727
6727
6727
6727
6727
6727
6727
6727
6727
6727
6727
6727
6727
6727
6727
6727
6727
6727
6727
6727
6727
6727
6727
6727
6727
6727
6727
6727
6727
6727
6727
6727
6727
6727
6727
6728
6728
6728
6728
6728
6728
6728
6728
6728
6728
6728
6728
6728
6728
6728
6728
6728
6728
6728
6728
6728
6728
6728
6728
6728
6728
6728
6728
6728
6728
6728
6728
6728
6728
6728
6730
6730
6730
6730
6730
6730
6730
6730
6730
6730
6730
6730
6730
6730
6730
6733
6733
6733
6733
6733
6733
6733
6733
6733
6733
6733
6733
6733
6733
6733
6733
6733
6733
6733
6733
6733
6733
6733
6733
6733
6733
6733
6733
6733
6733
6733
6733
6733
6733
6733
6733
6733
6733
6733
6733
6733
6733
6733
6733
6733
6733
6733
6733
6733
6733
6733
6733
6733
6732
6732
6732
6732
6732
6732
6732
6730
6730
6730
6730
6730
6720
6720
6720
6720
6720
6720
6720
6720
6720
6720
6720
6720
6720
6720
6720
6720
6720
6720
6720
6720
6720
6720
6720
6720
6720
6720
6720
6720
6720
6720
6720
6720
6720
6720
6720
6720
6720
6720
6720
6720
6720
6720
6720
6720
6720
6720
6720
6720
6720
6720
6720
6720
6720
6720
6720
6720
6720
6729
6718
6718
6718
6718
6718
6718
6718
6718
6718
6718
6715
6715
6715
6715
6715
6715
6715
6715
6715
6715
6715
6715
6715
6715
6715
6715
6715
6715
6715
6715
6715
6715
6715
6715
6715
6715
6715
6715
6715
6715
6715
6715
6715
6715
6715
6715
6715
6715
6715
6715
6715
6715
6715
6715
6715
6715
6715
6715
6715
6715
6715
6715
6715
6715
6715
6715
6703
6703
6703
6703
6703
6703
6703
6703
6703
6703
6703
6703
6703
6703
6703
6703
6703
6703
6703
6703
6703
6703
6703
6703
6703
6703
6703
6703
6703
6703
6703
6703
6703
6703
6703
6703
6703
6703
6703
6703
6703
6703
6703
6703
6703
6703
6703
6703
6703
6703
6703
6703
6703
6703
6703
6703
6703
6703
6705
6705
6705
6705
6705
6705
6705
6705
6705
6705
6705
6705
6705
6705
6705
6705
6701
6701
6701
6701
6701
6701
6701
6701
6700
6700
6700
6700
6700
6700
6700
6700
6700
6700
6700
6700
6700
6700
6700
6700
6700
6700
6700
6700
6700
6700
6700
6700
6700
6700
6700
6700
6700
6700
6700
6700
6700
6700
6700
6700
6700
6700
6700
6700
6700
6700
6700
6700
6700
6700
6700
6700
6700
6700
6700
6700
6700
6700
6700
6700
6700
6700
6700
6700
6700
6700
6700
6700
6700
6700
6700
6700
6700
6700
6700
6700
6700
6700
6700
6700
6700
6700
6700
6700
6700
6700
6700
6700
6700
6700
6700
6700
6700
6700
6700
6700
6700
6700
6700
6700
6700
6700
6700
6700
6700
6700
6700
6700
6700
6700
6700
6700
6700
6700
6700
6700
6700
6700
6700
6700
6700
6700
6700
6700
6700
6700
6700
6700
6700
6700
6700
6700
6700
6700
6700
6700
6700
6700
6700
6700
6700
6700
6700
6700
6700
6700
6700
6700
6700
6700
6700
6700
6700
6700
6700
6700
6700
6700
6700
6700
6700
6700
6700
6700
6700
6700
6700
6700
6700
6700
6700
6700
6700
6700
6700
6700
6700
6700
6700
6700
6700
6700
6700
6700
6700
6700
6700
6700
6700
6700
6700
6700
6700
6700
6700
6700
6700
6700
6700
6700
6700
6700
6700
6700
6700
6700
6700
6700
6700
6700
6700
6700
6700
6700
6700
6700
6700
6700
6700
6700
6700
6700
6700
6700
6700
6700
6700
6700
6700
6700
6700
6700
6700
6700
6700
6700
6700
6700
6700
6700
6700
6700
6700
6700
6700
6700
6700
6700
6700
6700
6700
6700
6700
6700
6700
6700
6700
6700
6700
6698
6698
6698
6698
6698
6698
6698
6698
6698
6698
6698
6698
6698
6698
6698
6698
6698
6698
6698
6698
6698
6698
6698
6698
6698
6698
6698
6698
6698
6698
6689
6689
6689
6689
6689
6689
6689
6689
6689
6689
6689
6689
6689
6689
6689
6689
6689
6689
6689
6689
6689
6689
6689
6689
6689
6689
6689
6689
6689
6689
6689
6689
6689
6689
6689
6689
6689
6689
6689
6689
6689
6689
6689
6696
6696
6696
6696
6696
6696
6696
6696
6696
6696
6696
6696
6696
6696
6696
6696
6696
6696
6696
6696
6696
6696
6696
6696
6696
6696
6696
6696
6696
6696
6696
6696
6696
6696
6696
6696
6696
6683
6683
6683
6683
6683
6683
6683
6683
6683
6683
6683
6683
6683
6683
6683
6683
6683
6683
6683
6683
6683
6683
6683
6683
6683
6683
6683
6683
6683
6683
6683
6683
6683
6683
6683
6683
6683
6683
6683
6683
6683
6685
6685
6685
6681
6681
6681
6681
6681
6681
6681
6681
6681
6681
6681
6681
6681
6681
6681
6681
6681
6681
6681
6681
6681
6681
6681
6681
6681
6681
6683
6683
6683
6683
6683
6683
6683
6683
6683
6683
6683
6683
6683
6683
6683
6683
6683
6683
6683
6683
6683
6683
6683
6683
6683
6683
6683
6683
6683
6683
6683
6683
6683
6683
6683
6683
6683
6683
6683
6683
6683
6683
6683
6683
6683
6683
6683
6683
6683
6683
6683
6683
6683
6683
6683
6683
6683
6683
6683
6683
6683
6683
6683
6683
6683
6683
6683
6683
6683
6683
6683
6683
6683
6683
6683
6683
6683
6683
6683
6683
6683
6683
6683
6683
6683
6683
6683
6683
6683
6683
6683
6683
6683
6683
6683
6683
6683
6683
6683
6683
6683
6683
6683
6683
6683
6683
6683
6683
6683
6683
6677
6677
6677
6677
6677
6677
6677
6677
6677
6677
6677
6677
6677
6677
6677
6677
6677
6677
6677
6677
6677
6677
6677
6677
6677
6677
6677
6677
6677
6677
6677
6677
6677
6677
6677
6676
6676
6676
6676
6676
6676
6676
6676
6676
6676
6676
6676
6676
6676
6676
6676
6676
6676
6676
6676
6676
6676
6676
6676
6676
6676
6676
6676
6676
6676
6676
6676
6676
6676
6676
6676
6676
6676
6676
6676
6676
6676
6676
6676
6676
6676
6676
6676
6676
6676
6676
6676
6676
6676
6676
6676
6676
6676
6676
6676
6676
6676
6676
6676
6676
6676
6676
6676
6676
6676
6676
6676
6676
6676
6676
6676
6676
6676
6676
6676
6676
6676
6676
6676
6676
6676
6676
6676
6676
6676
6676
6676
6676
6676
6676
6676
6676
6676
6676
6676
6676
6676
6676
6676
6676
6676
6676
6676
6676
6676
6676
6676
6676
6676
6676
6676
6676
6676
6676
6676
6676
6673
6673
6673
6673
6673
6673
6673
6673
6673
6673
6673
6673
6673
6673
6673
6673
6673
6673
6673
6673
6673
6673
6673
6673
6673
6673
6673
6673
6673
6673
6673
6673
6673
6673
6673
6673
6673
6673
6673
6673
6673
6673
6673
6673
6673
6673
6673
6673
6673
6673
6673
6673
6673
6673
6673
6673
6673
6673
6673
6673
6673
6673
6673
6673
6673
6673
6673
6673
6673
6673
6673
6673
6673
6673
6673
6673
6673
6673
6673
6673
6664
6664
6664
6664
6664
6664
6664
6664
6664
6664
6664
6664
6664
6664
6664
6664
6664
6664
6664
6664
6664
6664
6664
6664
6664
6664
6664
6664
6664
6664
6664
6664
6664
6664
6664
6664
6664
6664
6664
6664
6664
6664
6664
6664
6664
6664
6664
6664
6664
6664
6664
6664
6664
6664
6664
6664
6664
6664
6664
6664
6664
6664
6664
6664
6664
6664
6664
6664
6664
6664
6664
6664
6664
6664
6664
6664
6664
6664
6664
6664
6664
6664
6664
6664
6664
6664
6664
6664
6664
6664
6664
6664
6664
6664
6664
6664
6664
6664
6664
6664
6664
6664
6664
6664
6664
6664
6664
6664
6664
6664
6664
6664
6664
6664
6664
6664
6664
6664
6662
6662
6662
6662
6662
6662
6662
6662
6662
6662
6662
6662
6661
6661
6661
6661
6661
6661
6661
6661
6661
6661
6661
6661
6661
6661
6661
6661
6661
6657
6657
6657
6657
6653
6653
6653
6653
6653
6653
6653
6653
6653
6653
6653
6653
6653
6653
6653
6653
6653
6653
6653
6653
6653
6653
6653
6653
6653
6653
6653
6653
6653
6653
6653
6653
6653
6653
6653
6653
6653
6653
6653
6653
6653
6653
6653
6653
6653
6653
6653
6653
6656
6656
6656
6656
6656
6656
6656
6656
6656
6656
6656
6656
6656
6656
6656
6656
6656
6656
6656
6656
6656
6656
6656
6656
6656
6656
6656
6656
6656
6656
6662
6662
6662
6662
6662
6662
6662
6662
6662
6662
6662
6662
6662
6662
6662
6662
6656
6656
6656
6656
6656
6656
6656
6656
6656
6656
6656
6656
6656
6656
6650
6650
6650
6650
6650
6650
6650
6650
6650
6650
6650
6650
6650
6650
6650
6650
6650
6650
6650
6650
6650
6650
6650
6650
6650
6650
6650
6650
6650
6650
6650
6650
6650
6650
6650
6650
6650
6650
6650
6650
6650
6650
6650
6650
6650
6650
