7781
7740
7713
7756
7756
7723
7711
7709
7745
7752
7717
7687
7686
7654
7642
7657
7655
7594
7572
7549
7545
7552
7578
7578
7574
7573
7621
7637
7703
7678
7666
7678
7665
7591
7626
7773
7796
7796
7852
7793
7773
7807
7807
7735
7748
7755
7833
7785
7777
7777
7747
7767
7758
7837
7837
7860
7860
7804
7801
7786
7847
7817
7801
7751
7760
7785
7734
7785
7817
7856
7858
7829
7838
7833
7854
7899
8020
7886
7876
8008
7910
7907
7907
7912
7938
8014
8005
7965
7954
7954
7909
7905
7852
7921
7874
7812
7817
7829
7862
7898
7879
7893
7836
7798
7865
7924
7918
7881
7910
7930
7975
7991
7981
7921
7926
7926
7893
7800
7839
7821
7829
7797
7792
7814
7736
7807
7826
7844
7758
7630
7633
7618
7625
7632
7609
7638
7638
7627
7550
7550
7536
7551
7619
7700
7734
7709
7770
7770
7740
7752
7761
7768
7751
7742
7738
7671
7626
7776
7832
7816
7863
7742
7682
7708
7708
7720
7720
7721
7718
7783
7755
7754
7720
7768
7736
7707
7756
7724
7724
7714
7760
7741
7803
7891
7903
7908
7865
7841
7860
7831
7790
7755
7731
7710
7710
7729
7847
7808
7831
7852
7830
7830
7821
7845
7848
7848
7930
7837
7850
7841
7841
7820
7862
7771
7842
7842
7877
7873
7839
7861
7850
7828
7777
7759
7841
7821
7894
7894
7964
7965
7965
7971
7918
7947
7930
7920
7960
7906
7896
7875
7875
7912
7901
7888
7874
7910
7915
7830
7804
7748
7726
7765
7765
7746
7746
7715
7685
7821
7818
7696
7765
7787
7702
7783
7749
7691
7804
7725
7665
7659
7685
7681
7681
7713
7720
7701
7767
7724
7756
7855
7763
7803
7825
7902
7931
7937
7895
7838
7868
7902
7865
7842
7791
7791
7764
7796
7811
7756
7753
7753
7728
7711
7785
7784
7694
7758
7714
7720
7676
7676
7724
7751
7751
7751
7691
7547
7527
7531
7527
7527
7539
7540
7576
7571
7549
7586
7660
7652
7652
7576
7600
7611
7611
7666
7671
7675
7709
7762
7741
7739
7797
7765
7706
7858
7886
7919
7868
7902
7944
7976
7962
8026
8029
8065
8039
8033
8072
7989
7982
7930
7886
7944
7855
7782
7813
7734
7745
7815
7831
7766
7735
7728
7728
7699
7752
7806
7794
7794
7757
7681
7682
7682
7663
7669
7658
7725
7705
7699
7630
7663
7709
7691
7721
7735
7686
7722
7750
7833
7833
7777
7825
7837
7786
7786
7827
7874
7947
7992
7960
7960
7993
7960
7786
7790
7835
7835
7846
7852
7850
7820
7788
7674
7609
7677
7759
7770
7753
7706
7697
7679
7779
7784
7687
7687
7757
7746
7749
7721
7820
7820
7779
7678
7743
7765
7834
7818
7850
7850
7839
7839
7783
7783
7801
7760
7768
7739
7739
7802
7802
7744
7699
7725
7718
7676
7635
7635
7635
7635
7561
7607
7701
7747
7765
7732
7721
7709
7709
7709
7656
7608
7542
7521
7521
7600
7642
7642
7538
7559
7554
7535
7535
7535
7598
7587
7539
7520
7558
7558
7556
7583
7517
7483
7556
7495
7435
7386
7271
7271
7333
7297
7267
7318
7412
7407
7310
7255
7255
7324
7341
7376
7370
7310
7282
7319
7327
7319
7275
7287
7417
7370
7354
7354
7378
7421
7421
7471
7406
7369
7444
7467
7467
7438
7403
7434
7472
7485
7564
7618
7668
7664
7671
7716
7716
7740
7616
7612
7636
7653
7691
7760
7779
7823
7844
7848
7816
7806
7825
7859
7855
7824
7846
7874
7943
7976
7903
7877
7920
7932
7899
7874
7877
7899
7899
7844
7831
7880
7913
7870
7870
7880
7887
7896
7881
7921
7946
7914
7934
7866
7913
7949
7962
7879
7876
7904
7875
7850
7883
7843
7839
7961
7977
7926
7994
7924
8009
8009
7967
7952
7959
7985
7908
7895
7862
7835
7877
7936
7943
7873
7795
7791
7770
7758
7785
7863
7824
7798
7821
7821
7841
7838
7831
7885
7984
8035
8038
8026
8011
8011
8011
8007
8007
7975
7878
7801
7844
7844
7848
7905
7897
7834
7852
7807
7785
7808
7730
7867
7850
7785
7757
7757
7757
7814
7829
7805
7730
7718
7718
7718
7708
7652
7611
7626
7685
7685
7685
7747
7653
7653
7646
7636
7670
7682
7645
7644
7662
7651
7651
7663
7675
7779
7734
7735
7705
7718
7749
7692
7696
7667
7685
7682
7729
7652
7647
7569
7634
7576
7638
7594
7634
7661
7726
7664
7664
7683
7701
7835
7717
7640
7672
7721
7703
7711
7685
7622
7669
7619
7638
7638
7685
7629
7622
7615
7616
7643
7609
7609
7643
7575
7612
7607
7522
7534
7469
7487
7586
7586
7593
7557
7584
7566
7595
7584
7674
7738
7762
7773
7828
7861
7815
7719
7772
7747
7775
7750
7743
7794
7764
7781
7720
7815
7793
7793
7795
7664
7666
7688
7741
7785
7757
7732
7734
7681
7692
7699
7680
7611
7579
7579
7522
7526
7518
7525
7566
7563
7563
7650
7664
7613
7684
7726
7645
7649
7607
7625
7695
7690
7690
7758
7758
7774
7689
7691
7675
7688
7722
7814
7814
7756
7770
7822
7791
7815
7826
7906
7900
7879
7801
7762
7762
7777
7766
7799
7887
7856
7825
7756
7677
7705
7682
7652
7652
7676
7681
7728
7768
7759
7736
7675
7694
7698
7686
7620
7681
7645
7575
7578
7578
7544
7503
7484
7484
7504
7598
7601
7588
7516
7534
7534
7558
7625
7617
7620
7620
7599
7568
7566
7582
7551
7536
7651
7646
7709
7724
7794
7863
7849
7848
7857
7857
7818
7818
7829
7820
7737
7731
7729
7763
7644
7644
7661
7687
7706
7706
7601
7601
7585
7585
7585
7585
7599
7713
7757
7750
7725
7742
7742
7718
7717
7732
7703
7740
7760
7770
7753
7713
7621
7686
7712
7678
7678
7673
7663
7655
7633
7654
7687
7661
7650
7676
7687
7721
7709
7646
7676
7670
7671
7671
7671
7755
7774
7772
7749
7722
7739
7775
7692
7726
7680
7680
7651
7707
7742
7787
7793
7820
7748
7752
7683
7738
7719
7719
7775
7765
7759
7759
7749
7727
7728
7683
7714
7636
7636
7645
7631
7641
7641
7722
7694
7696
7772
7860
7791
7791
7784
7818
7818
7784
7673
7653
7682
7741
7741
7700
7692
7656
7629
7614
7595
7557
7545
7527
7590
7693
7676
7723
7700
7727
7733
7771
7772
7769
7721
7691
7728
7714
7742
7783
7788
7761
7784
7737
7714
7723
7707
7744
7744
7789
7715
7770
7800
7800
7734
7719
7679
7677
7677
7717
7664
7694
7662
7665
7738
7786
7708
7733
7845
7829
7807
7805
7862
7801
7732
7778
7778
7799
7799
7799
7799
7804
7701
7701
7644
7617
7590
7631
7632
7628
7628
7573
7610
7638
7625
7607
7639
7679
7736
7661
7661
7682
7675
7690
7699
7811
7803
7884
7892
7818
7786
7751
7771
7802
7783
7788
7829
7829
7903
7903
7929
7871
7817
7868
7912
7838
7796
7819
7808
7864
7838
7830
7840
7831
7819
7836
7888
7827
7725
7749
7786
7768
7756
7762
7783
7783
7800
7800
7848
7873
7882
7849
7799
7765
7779
7813
7746
7744
7680
7796
7796
7728
7747
7662
7698
7662
7750
7783
7817
7787
7787
7798
7803
7807
7771
7754
7758
7770
7808
7836
7832
7856
7856
7904
7913
7907
7944
7945
7890
7881
7881
7858
7862
7891
7872
7829
7944
7929
7929
7884
7822
7823
7827
7777
7818
7752
7847
7881
7881
7868
7788
7766
7777
7809
7771
7825
7858
7874
7832
7832
7843
7851
7829
7897
7897
7897
7920
7949
7872
7893
7867
7834
7894
7905
7859
7948
7963
8042
8013
8020
8078
8099
8099
8064
8156
8097
8194
8225
8208
8167
8170
8206
8206
8211
8132
8076
8076
8053
8049
8088
8120
8165
8179
8062
7970
8004
7993
7981
7899
7945
7898
7869
7948
7971
8032
7992
7924
7935
7882
7866
7816
7739
7743
7743
7810
7847
7787
7759
7743
7831
7792
7727
7707
7733
7748
7685
7685
7701
7657
7622
7731
7827
7824
7825
7806
7800
7759
7828
7795
7756
7756
7726
7726
7810
7754
7701
7707
7707
7674
7703
7689
7649
7661
7693
7693
7755
7742
7677
7677
7710
7730
7707
7610
7639
7614
7650
7650
7650
7652
7770
7769
7750
7772
7790
7769
7794
7732
7715
7669
7647
7647
7647
7647
7647
7624
7642
7644
7624
7603
7603
7593
7524
7556
7570
7563
7582
7621
7648
7646
7564
7577
7539
7548
7604
7600
7619
7631
7617
7644
7623
7623
7643
7637
7688
7693
7698
7775
7797
7740
7880
7882
7882
7803
7755
7772
7782
7706
7787
7787
7731
7730
7725
7756
7750
7750
7741
7724
7740
7704
7731
7757
7757
7717
7747
7767
7810
7827
7844
7782
7764
7764
7691
7719
7702
7668
7730
7720
7740
7726
7604
7610
7588
7626
7569
7569
7576
7549
7521
7502
7502
7458
7479
7460
7444
7431
7420
7420
7506
7524
7554
7554
7509
7509
7570
7496
7554
7542
7506
7541
7545
7551
7563
7551
7650
7601
7601
7601
7681
7645
7657
7643
7718
7755
7796
7769
7724
7774
7767
7767
7767
7868
7906
7897
7897
7915
7855
7968
8033
7931
7862
7919
7957
7945
7900
7873
7896
7908
7995
7938
7938
7941
7933
7981
7982
7986
8012
8000
7994
7965
7965
7946
7882
7882
7887
7800
7868
7752
7703
7686
7627
7666
7686
7686
7685
7709
7700
7711
7681
7715
7701
7652
7634
7677
7668
7713
7716
7763
7797
7784
7701
7639
7639
7639
7627
7590
7569
7569
7602
7603
7635
7651
7701
7701
7690
7692
7661
7661
7692
7756
7756
7804
7752
7807
7807
7816
7705
7769
7752
7705
7694
7668
7685
7685
7697
7689
7687
7641
7602
7609
7618
7724
7655
7722
7719
7709
7723
7710
7683
7677
7663
7713
7764
7772
7803
7803
7847
7842
7928
7928
7899
7891
7830
7829
7807
7807
7825
7921
7908
7939
7883
7899
7923
7898
7899
7895
7817
7854
7922
7858
7808
7803
7798
7841
7845
7873
7843
7903
7840
7791
7791
7791
7763
7753
7773
7816
7741
7728
7728
7746
7753
7742
7764
7753
7789
7733
7718
7718
7632
7597
7633
7633
7641
7642
7670
7655
7644
7657
7716
7741
7718
7755
7713
7701
7701
7705
7682
7666
7750
7882
7856
7743
7800
7823
7819
7888
7957
7912
7993
7941
8014
7954
7950
7969
7889
7948
7950
8013
7975
7952
7954
7972
7969
8038
8043
7983
7983
8003
7939
7939
7924
8005
7954
7954
7957
7956
7993
7995
7995
8047
8008
8047
8077
8018
7977
7962
7977
7995
7967
7961
7919
7907
7924
7909
7877
7872
7812
7843
7916
7930
7864
7855
7919
8009
7994
7929
8008
8008
7920
8002
8009
8021
8035
8066
8066
8052
8038
8078
8112
8034
8012
7988
8029
8042
7996
7988
8051
8025
8084
8084
8123
8136
8076
8093
8075
8114
8053
8029
8020
8020
8011
8108
8240
8320
8264
8241
8241
8241
8292
8319
8306
8257
8238
8215
8190
8186
8099
8091
8110
8058
8048
8013
8013
8015
7971
7964
7976
7982
7985
7944
7986
7966
7964
7910
7959
7953
7953
8070
8045
8063
7943
7939
7945
7895
7854
7831
7800
7730
7795
7709
7707
7733
7794
7736
7754
7797
7784
7788
7813
7833
7754
7678
7738
7758
7770
7770
7790
7832
7832
7863
7888
7863
7847
7897
7951
7964
7892
7892
7841
7905
7870
7850
7866
7940
7932
7913
7930
7912
7920
7961
7956
7906
7906
7852
7874
7871
7956
7956
7981
7981
7993
8080
8144
8045
8076
8113
8056
8012
7988
8038
8058
8050
7972
7972
7879
7895
7895
7800
7787
7858
7903
7889
7921
7974
8001
7978
7941
7948
7987
8019
8024
8062
8062
8086
8086
8110
8045
7935
7929
7982
7924
7919
8002
7928
7974
7874
7905
7860
7867
7867
7826
7857
7859
7922
7925
7862
7829
7782
7865
7856
7856
7790
7790
7836
7742
7697
7788
7797
7796
7803
7832
7771
7744
7754
7739
7739
7743
7806
7713
7781
7888
7947
7891
7853
7900
7934
7857
7869
7786
7827
7813
7838
7666
7682
7721
7678
7711
7707
7841
7767
7765
7680
7607
7607
7662
7679
7674
7550
7565
7537
7514
7514
7539
7497
7545
7540
7536
7493
7449
7482
7482
7462
7540
7540
7487
7487
7588
7631
7627
7563
7629
7629
7537
7456
7465
7489
7525
7588
7592
7523
7567
7507
7600
7600
7562
7560
7543
7543
7569
7569
7597
7597
7587
7540
7540
7540
7540
7540
7540
7540
7616
7633
7485
7502
7502
7490
7490
7489
7489
7514
7507
7507
7539
7491
7520
7587
7605
7575
7557
7501
7523
7524
7524
7510
7510
7510
7493
7517
7542
7557
7579
7579
7593
7622
7622
7542
7616
7604
7620
7659
7620
7670
7629
7646
7520
7542
7511
7511
7527
7559
7559
7553
7630
7630
7615
7615
7613
7687
7652
7691
7691
7691
7691
7676
7640
7625
7640
7678
7742
7750
7679
7637
7605
7672
7703
7718
7792
7750
7772
7779
7856
7848
7915
7915
7891
7891
7922
7922
7928
7928
7875
7887
7888
7837
7872
7860
7855
7765
7765
7779
7779
7777
7702
7707
7707
7715
7715
7761
7769
7806
7806
7847
7890
7905
7961
7894
7909
7790
7801
7774
7791
7791
7817
7834
7838
7785
7841
7805
7760
7736
7664
7672
7672
7674
7711
7700
7745
7745
7762
7841
7845
7845
7805
7774
7770
7757
7719
7746
7754
7717
7717
7673
7742
7640
7691
7651
7625
7625
7662
7654
7684
7707
7681
7684
7663
7663
7629
7655
7650
7714
7726
7806
7799
7839
7785
7668
7679
7660
7698
7795
7757
7757
7771
7790
7758
7814
7794
7778
7765
7812
7727
7727
7727
7671
7683
7690
7630
7678
7675
7663
7667
7739
7755
7694
7760
7790
7889
7889
7947
7958
8016
8045
8037
8037
8006
8029
7932
7932
7911
7911
7906
7921
7919
7834
7790
7739
7739
7708
7797
7769
7802
7849
7817
7804
7750
7750
7647
7605
7605
7532
7541
7567
7449
7449
7472
7548
7531
7531
7530
7530
7496
7543
7543
7543
7543
7543
7543
7471
7471
7419
7469
7479
7479
7416
7416
7441
7516
7468
7419
7395
7353
7378
7420
7436
7448
7516
7516
7516
7552
7639
7639
7604
7625
7629
7674
7590
7560
7556
7613
7661
7627
7577
7587
7596
7607
7607
7635
7635
7529
7589
7603
7657
7663
7631
7652
7652
7603
7594
7633
7669
7701
7758
7758
7797
7757
7757
7745
7748
7782
7785
7793
7761
7761
7824
7786
7839
7747
7741
7690
7703
7705
7814
7807
7813
7752
7738
7741
7824
7799
7763
7838
7867
7861
7884
7867
7984
8075
8066
7958
7950
7859
7823
7803
7757
7792
7784
7784
7838
7813
7802
7753
7753
7704
7684
7714
7695
7652
7652
7748
7644
7669
7727
7789
7822
7813
7728
7785
7775
7753
7709
7715
7720
7730
7779
7747
7714
7767
7727
7701
7599
7596
7596
7607
7607
7611
7651
7698
7698
7717
7724
7689
7596
7635
7674
7755
7767
7763
7784
7744
7791
7791
7777
7783
7688
7693
7714
7751
7745
7745
7760
7760
7707
7760
7841
7783
7753
7756
7831
7872
7893
7800
7811
7876
7902
7919
7929
7976
7957
7929
7929
7929
7928
7863
7863
7785
7766
7758
7768
7791
7799
7831
7881
7832
7817
7824
7860
7823
7830
7777
7719
7717
7718
7792
7866
7857
7847
7855
7828
7760
7692
7695
7817
7867
7867
7867
7906
7975
7963
7849
7937
7866
7830
7857
7857
7842
7808
7844
7778
7791
7824
7826
7833
7830
7786
7705
7752
7820
7890
7994
7919
7878
7875
7856
7895
7895
7927
7843
7843
7852
7801
7913
7842
7903
7945
7889
7810
7822
7738
7653
7672
7663
7639
7597
7660
7663
7651
7659
7616
7549
7429
7418
7449
7449
7511
7489
7489
7489
7452
7443
7443
7428
7428
7428
7468
7502
7495
7547
7547
7494
7537
7565
7643
7625
7625
7596
7688
7619
7669
7691
7691
7700
7700
7736
7761
7762
7786
7849
7849
7862
7807
7806
7827
7853
7887
7865
7856
7808
7798
7764
7828
7848
7774
7712
7743
7734
7793
7826
7836
7794
7864
7804
7796
7796
7788
7831
7831
7797
7866
7904
7871
7853
7861
7762
7848
7876
7850
7881
7909
7870
7870
7858
7766
7863
7862
7909
7840
7784
7784
7746
7768
7769
7769
7718
7743
7818
7817
7790
7799
7776
7732
7748
7699
7704
7787
7787
7738
7744
7762
7675
7675
7675
7685
7686
7703
7713
7732
7746
7733
7734
7647
7638
7638
7638
7638
7583
7566
7617
7640
7640
7637
7640
7652
7626
7683
7699
7731
7728
7728
7728
7702
7740
7740
7740
7740
7740
7740
7737
7737
7770
7810
7853
7853
7836
7809
7854
7848
7839
7737
7720
7759
7762
7785
7713
7727
7729
7726
7730
7763
7763
7894
7894
7918
7918
7828
7941
7925
7974
7974
7974
7919
7962
7963
7963
7936
7926
7912
7872
7892
7892
7906
7877
7877
7877
7887
7913
7940
7924
7962
7962
7995
7963
7976
7976
7936
7813
7783
7811
7765
7767
7748
7738
7719
7762
7741
7748
7717
7739
7797
7832
7851
7828
7745
7773
7775
7775
7766
7760
7736
7736
7846
7765
7757
7776
7776
7748
7744
7740
7816
7790
7716
7669
7721
7647
7679
7679
7679
7679
7755
7750
7836
7836
7857
7857
7906
7906
8031
7998
7971
7941
7926
7924
7971
7971
7942
7942
7882
7862
7847
7801
7786
7794
7866
7866
7856
7836
7816
7792
7803
7803
7835
7876
7835
7793
7778
7797
7808
7821
7913
7913
7915
7915
7915
7897
7914
7912
7886
7811
7784
7805
7805
7805
7757
7752
7755
7713
7730
7745
7706
7706
7728
7661
7736
7736
7736
7736
7705
7708
7825
7875
7901
7891
7825
7890
7889
7873
7932
7850
7892
7751
7751
7724
7724
7715
7750
7752
7636
7573
7597
7583
7583
7608
7634
7654
7714
7654
7657
7688
7641
7651
7651
7682
7700
7700
7627
7653
7616
7639
7744
7756
7657
7679
7670
7572
7582
7582
7569
7651
7635
7635
7596
7574
7667
7665
7690
7662
7595
7598
7596
7530
7504
7505
7574
7574
7574
7516
7532
7558
7513
7492
7560
7548
7530
7530
7607
7575
7554
7587
7566
7586
7586
7586
7529
7604
7580
7509
7547
7504
7514
7504
7504
7504
7504
7469
7428
7475
7475
7470
7489
7538
7586
7586
7505
7512
7558
7554
7544
7559
7550
7550
7625
7591
7642
7642
7647
7637
7665
7665
7722
7752
7852
7784
7743
7695
7695
7700
7706
7670
7693
7759
7765
7712
7712
7734
7721
7682
7662
7662
7696
7700
7672
7584
7505
7508
7509
7559
7580
7566
7536
7538
7577
7562
7519
7498
7522
7483
7536
7575
7578
7578
7609
7593
7605
7603
7672
7650
7650
7669
7673
7660
7660
7643
7643
7640
7710
7710
7717
7734
7754
7811
7845
7845
7842
7802
7802
7707
7734
7736
7722
7669
7655
7655
7647
7647
7647
7647
7688
7739
7775
7652
7648
7691
7689
7728
7706
7706
7664
7680
7799
7816
7799
7823
7867
7856
7819
7694
7620
7595
7593
7618
7596
7673
7673
7596
7624
7646
7641
7546
7531
7554
7577
7577
7587
7620
7620
7624
7547
7547
7624
7605
7600
7589
7642
7642
7687
7687
7714
7717
7702
7722
7746
7757
7734
7681
7721
7739
7739
7739
7760
7715
7710
7754
7725
7709
7617
7617
7617
7620
7678
7636
7632
7632
7632
7644
7671
7599
7592
7592
7598
7620
7644
7661
7650
7650
7650
7650
7650
7724
7775
7728
7643
7616
7642
7642
7724
7718
7718
7718
7696
7661
7728
7702
7673
7677
7677
7673
7627
7627
7637
7637
7678
7678
7624
7609
7575
7584
7654
7773
7791
7774
7791
7791
7790
7767
7761
7770
7828
7824
7735
7679
7705
7729
7732
7761
7719
7763
7717
7760
7760
7760
7785
7829
7804
7807
7782
7786
7808
7833
7857
7779
7764
7764
7796
7794
7838
7838
7870
7838
7787
7777
7838
7838
7784
7784
7796
7838
7856
7766
7776
7776
7771
7808
7782
7673
7711
7709
7709
7717
7754
7730
7778
7800
7865
7901
7942
7869
7816
7816
7834
7733
7765
7809
7868
7868
7811
7815
7818
7799
7840
7877
7883
7883
7867
7814
7814
7781
7688
7743
7743
7743
7743
7717
7717
7696
7698
7663
7591
7662
7677
7736
7706
7819
7819
7716
7716
7747
7693
7702
7710
7643
7569
7553
7484
7501
7443
7469
7469
7501
7501
7535
7619
7605
7605
7718
7679
7679
7725
7759
7726
7726
7646
7646
7612
7615
7613
7613
7591
7610
7612
7612
7625
7646
7696
7699
7671
7699
7703
7754
7795
7762
7815
7799
7800
7817
7810
7831
7812
7777
7777
7777
7775
7793
7793
7828
7824
7832
7795
7795
7795
7826
7804
7814
7799
7798
7798
7824
7824
7904
7870
7951
7995
7956
7921
7838
7792
7816
7816
7814
7805
7764
7764
7764
7665
7623
7617
7612
7612
7612
7625
7611
7642
7686
7686
7674
7608
7750
7740
7740
7720
7675
7653
7653
7653
7653
7665
7649
7657
7664
7715
7675
7629
7629
7613
7620
7515
7520
7542
7542
7590
7560
7586
7579
7591
7566
7599
7599
7630
7664
7628
7574
7614
7556
7614
7614
7614
7558
7558
7525
7520
7468
7481
7470
7499
7569
7610
7569
7553
7540
7540
7540
7540
7582
7514
7479
7511
7489
7490
7413
7369
7369
7411
7396
7396
7458
7508
7508
7490
7390
7410
7408
7396
7378
7385
7472
7480
7480
7523
7511
7468
7492
7492
7492
7495
7454
7490
7473
7499
7561
7572
7584
7598
7594
7619
7648
7627
7593
7603
7619
7620
7620
7620
7620
7598
7598
7589
7568
7568
7657
7657
7652
7653
7655
7616
7616
7632
7647
7647
7647
7647
7621
7621
7527
7597
7568
7561
7608
7639
7740
7704
7728
7676
7676
7671
7679
7615
7637
7618
7747
7694
7694
7658
7694
7747
7646
7713
7712
7705
7739
7810
7810
7810
7844
7859
7878
7822
7874
7938
7918
7916
7869
7774
7790
7743
7729
7657
7676
7625
7633
7608
7658
7658
7658
7706
7740
7728
7749
7748
7854
7789
7789
7847
7874
7838
7792
7712
7731
7731
7801
7812
7831
7780
7780
7751
7797
7769
7737
7725
7715
7715
7715
7715
7715
7715
7675
7675
7685
7685
7632
7632
7624
7624
7652
7628
7625
7605
7605
7628
7635
7635
7638
7664
7643
7685
7675
7668
7647
7717
7732
7685
7654
7619
7650
7720
7704
7682
7664
7664
7704
7767
7806
7753
7753
7791
7791
7678
7678
7691
7703
7680
7622
7694
7708
7705
7705
7705
7626
7636
7678
7630
7617
7582
7579
7554
7554
7598
7634
7634
7629
7559
7559
7599
7558
7554
7555
7555
7610
7641
7646
7649
7606
7550
7517
7503
7503
7465
7564
7648
7601
7565
7565
7536
7536
7536
7536
7536
7512
7560
7683
7648
7648
7600
7620
7620
7620
7620
7608
7658
7679
7703
7671
7713
7682
7675
7736
7743
7723
7679
7679
7679
7642
7571
7571
7599
7568
7563
7563
7611
7611
7624
7656
7741
7803
7802
7725
7694
7694
7631
7656
7654
7653
7653
7654
7657
7657
7660
7660
7646
7617
7605
7563
7559
7576
7611
7521
7539
7599
7584
7584
7648
7724
7627
7627
7606
7606
7606
7559
7511
7495
7495
7495
7462
7471
7504
7529
7549
7558
7566
7557
7542
7542
7586
7524
7521
7521
7521
7525
7551
7513
7560
7617
7677
7677
7633
7616
7571
7571
7629
7629
7629
7630
7630
7631
7631
7617
7597
7618
7706
7693
7693
7737
7737
7752
7752
7746
7785
7710
7690
7754
7754
7764
7757
7753
7753
7762
7821
7809
7805
7696
7715
7715
7713
7713
7713
7590
7533
7535
7535
7572
7614
7614
7607
7723
7735
7692
7758
7758
7758
7741
7744
7741
7692
7571
7571
7531
7556
7556
7619
7581
7534
7569
7663
7721
7617
7578
7564
7620
7620
7663
7663
7688
7710
7711
7725
7778
7721
7724
7721
7715
7670
7653
7592
7592
7592
7561
7521
7521
7521
7521
7469
7469
7469
7562
7481
7473
7473
7442
7442
7504
7505
7525
7453
7453
7453
7483
7447
7479
7479
7470
7509
7514
7516
7523
7523
7523
7531
7531
7575
7552
7521
7424
7503
7500
7472
7472
7558
7678
7659
7659
7659
7659
7659
7658
7699
7699
7698
7708
7714
7636
7621
7598
7554
7554
7568
7493
7407
7407
7471
7456
7456
7550
7540
7537
7565
7565
7600
7609
7580
7586
7607
7558
7571
7571
7648
7673
7665
7613
7592
7642
7618
7630
7667
7664
7627
7615
7615
7615
7624
7612
7588
7605
7630
7615
7615
7569
7580
7645
7698
7698
7698
7698
7703
7717
7626
7637
7627
7620
7657
7650
7650
7679
7679
7708
7729
7724
7742
7748
7741
7749
7726
7734
7719
7778
7778
7817
7733
7746
7656
7646
7658
7598
7596
7505
7550
7484
7496
7496
7510
7513
7513
7513
7513
7487
7484
7417
7429
7392
7411
7411
7411
7375
7469
7469
7417
7381
7355
7355
7355
7355
7365
7365
7365
7365
7368
7368
7356
7397
7403
7399
7399
7366
7366
7366
7335
7346
7327
7327
7296
7333
7385
7385
7385
7385
7414
7414
7363
7363
7411
7428
7428
7457
7454
7432
7439
7462
7504
7510
7510
7476
7476
7445
7502
7459
7459
7427
7404
7404
7444
7436
7436
7436
7436
7432
7398
7398
7424
7431
7382
7382
7382
7382
7466
7450
7437
7433
7427
7412
7400
7367
7383
7392
7464
7445
7381
7413
7456
7456
7456
7437
7485
7485
7444
7451
7451
7465
7465
7465
7518
7554
7546
7546
7516
7530
7530
7530
7523
7523
7575
7575
7484
7519
7519
7507
7546
7517
7526
7526
7475
7485
7438
7414
7392
7392
7392
7384
7401
7381
7414
7422
7422
7470
7478
7478
7486
7513
7513
7537
7537
7537
7537
7537
7548
7496
7469
7469
7469
7484
7478
7478
7498
7534
7576
7557
7601
7681
7726
7662
7710
7735
7705
7649
7658
7658
7657
7593
7593
7593
7599
7654
7628
7650
7619
7630
7599
7599
7615
7595
7539
7549
7478
7526
7506
7579
7591
7624
7656
7719
7686
7757
7697
7662
7662
7662
7706
7759
7759
7759
7759
7819
7775
7760
7736
7722
7695
7705
7725
7771
7723
7676
7676
7722
7722
7784
7784
7806
7760
7767
7671
7645
7671
7622
7560
7510
7498
7498
7543
7501
7490
7502
7482
7464
7464
7464
7441
7441
7505
7529
7529
7488
7488
7484
7484
7484
7484
7484
7552
7533
7587
7577
7597
7588
7588
7560
7560
7564
7509
7475
7490
7490
7490
7504
7519
7513
7513
7513
7495
7486
7486
7526
7482
7539
7539
7539
7539
7520
7564
7546
7561
7561
7577
7487
7527
7522
7532
7590
7641
7615
7615
7552
7489
7484
7484
7475
7501
7545
7528
7528
7528
7528
7496
7485
7485
7485
7597
7597
7597
7741
7741
7741
7639
7639
7631
7604
7528
7475
7475
7468
7468
7506
7506
7564
7562
7536
7530
7530
7530
7490
7490
7495
7495
7454
7480
7547
7560
7581
7581
7547
7496
7496
7478
7475
7522
7556
7564
7557
7540
7540
7540
7540
7514
7511
7497
7531
7550
7550
7559
7559
7522
7516
7516
7545
7557
7520
7506
7532
7541
7577
7559
7566
7574
7538
7518
7553
7553
7511
7511
7545
7545
7572
7558
7545
7505
7494
7515
7595
7595
7595
7557
7604
7576
7583
7516
7516
7566
7533
7561
7561
7522
7531
7527
7505
7470
7404
7404
7404
7419
7421
7488
7409
7471
7471
7471
7469
7458
7441
7472
7474
7470
7481
7481
7481
7481
7481
7603
7683
7705
7697
7713
7713
7713
7752
7670
7665
7633
7695
7630
7583
7583
7583
7630
7616
7540
7540
7540
7540
7605
7565
7565
7551
7551
7551
7551
7503
7503
7503
7503
7503
7544
7560
7591
7591
7596
7596
7596
7583
7606
7606
7595
7518
7535
7543
7572
7572
7544
7596
7643
7643
7698
7706
7653
7674
7641
7613
7613
7713
7713
7713
7687
7709
7682
7779
7761
7778
7763
7846
7846
7738
7738
7738
7738
7653
7653
7584
7596
7596
7616
7608
7627
7620
7585
7585
7618
7618
7646
7646
7666
7690
7658
7668
7652
7619
7630
7675
7687
7687
7687
7690
7642
7633
7633
7643
7643
7643
7643
7647
7669
7669
7669
7669
7723
7751
7695
7686
7717
7717
7717
7717
7721
7700
7678
7678
7635
7650
7678
7667
7667
7659
7658
7666
7676
7689
7660
7559
7582
7582
7582
7612
7643
7597
7517
7517
7517
7525
7467
7467
7459
7458
7480
7495
7495
7495
7485
7485
7471
7500
7470
7441
7475
7475
7494
7500
7500
7500
7499
7495
7488
7483
7564
7564
7579
7591
7578
7528
7503
7505
7592
7592
7618
7627
7627
7627
7633
7635
7568
7553
7553
7565
7565
7556
7556
7556
7558
7558
7558
7558
7613
7609
7560
7560
7560
7560
7547
7547
7547
7547
7597
7591
7591
7609
7613
7616
7619
7619
7613
7651
7689
7704
7704
7694
7690
7690
7690
7717
7708
7708
7708
7708
7697
7687
7732
7732
7760
7698
7698
7698
7683
7683
7651
7626
7626
7626
7656
7710
7735
7780
7784
7777
7777
7777
7777
7752
7694
7694
7632
7658
7648
7654
7699
7699
7699
7699
7699
7699
7669
7670
7687
7726
7722
7735
7732
7708
7708
7755
7802
7848
7820
7785
7750
7751
7751
7793
7793
7793
7719
7702
7702
7808
7768
7768
7771
7795
7811
7797
7841
7844
7844
7844
7816
7734
7778
7736
7740
7740
7745
7775
7775
7783
7737
7745
7760
7760
7790
7767
7718
7718
7718
7779
7670
7646
7646
7657
7657
7657
7699
7713
7677
7700
7686
7670
7670
7629
7633
7633
7633
7625
7668
7767
7764
7801
7720
7720
7642
7571
7547
7612
7612
7632
7616
7616
7575
7559
7542
7542
7542
7542
7566
7575
7628
7628
7625
7593
7583
7583
7583
7582
7582
7611
7622
7610
7575
7547
7541
7541
7541
7494
7453
7479
7479
7477
7477
7477
7523
7563
7563
7563
7554
7554
7534
7534
7534
7534
7534
7534
7534
7534
7534
7534
7542
7542
7522
7495
7460
7511
7511
7486
7490
7485
7493
7479
7484
7523
7554
7497
7497
7497
7474
7474
7474
7466
7466
7466
7466
7475
7503
7503
7501
7506
7470
7471
7426
7426
7413
7413
7359
7359
7359
7359
7359
7359
7359
7426
7426
7441
7482
7482
7482
7440
7440
7440
7392
7392
7371
7327
7327
7327
7343
7343
7343
7343
7330
7324
7388
7363
7383
7383
7383
7383
7368
7368
7408
7427
7451
7451
7463
7463
7485
7544
7544
7544
7544
7571
7565
7512
7507
7555
7555
7487
7478
7483
7483
7516
7498
7481
7481
7506
7500
7500
7466
7436
7436
7452
7436
7436
7436
7397
7397
7394
7463
7463
7463
7443
7443
7431
7408
7408
7408
7476
7545
7543
7543
7498
7455
7419
7420
7420
7419
7419
7419
7472
7472
7464
7478
7492
7492
7437
7437
7423
7402
7391
7429
7429
7370
7370
7391
7391
7382
7394
7399
7399
7399
7399
7388
7498
7498
7497
7544
7520
7558
7558
7501
7501
7523
7523
7526
7556
7556
7556
7564
7564
7564
7564
7514
7514
7514
7540
7549
7605
7605
7605
7605
7605
7605
7604
7557
7536
7499
7482
7525
7512
7468
7534
7534
7516
7504
7526
7446
7516
7516
7516
7514
7514
7516
7499
7499
7484
7462
7452
7497
7497
7497
7464
7464
7464
7464
7464
7478
7503
7503
7503
7513
7513
7513
7583
7583
7517
7510
7519
7453
7411
7420
7420
7412
7394
7384
7384
7428
7428
7426
7426
7426
7442
7431
7449
7476
7471
7467
7464
7464
7451
7540
7529
7501
7497
7497
7497
7497
7531
7529
7529
7529
7497
7497
7497
7497
7497
7465
7402
7402
7418
7478
7431
7431
7431
7431
7431
7431
7431
7435
7426
7416
7425
7425
7425
7425
7414
7393
7413
7413
7439
7449
7478
7478
7496
7496
7500
7500
7550
7570
7546
7502
7502
7477
7477
7513
7490
7510
7510
7490
7490
7490
7490
7490
7490
7468
7468
7435
7502
7515
7517
7517
7468
7468
7468
7440
7484
7423
7459
7459
7459
7459
7459
7459
7463
7469
7469
7534
7534
7534
7534
7534
7509
7508
7513
7513
7593
7593
7593
7593
7593
7628
7621
7621
7634
7626
7632
7632
7632
7602
7602
7594
7549
7583
7545
7545
7545
7545
7594
7550
7623
7623
7623
7626
7626
7606
7606
7627
7624
7591
7591
7579
7581
7600
7600
7581
7581
7572
7572
7572
7572
7587
7539
7539
7516
7516
7522
7491
7529
7529
7514
7514
7514
7514
7514
7514
7517
7514
7514
7514
7499
7470
7470
7519
7515
7526
7543
7543
7543
7543
7543
7554
7525
7525
7525
7491
7491
7491
7491
7496
7496
7501
7515
7404
7404
7404
7378
7378
7378
7372
7372
7372
7351
7352
7373
7336
7336
7316
7283
7283
7283
7252
7252
7274
7274
7232
7278
7278
7278
7278
7278
7278
7269
7269
7269
7269
7277
7255
7255
7255
7234
7215
7215
7215
7099
7099
7099
7099
7082
7082
7096
7096
7093
7093
7093
7093
7093
7093
7093
7093
7077
7077
7113
7113
7142
7142
7142
7176
7176
7176
7176
7176
7135
7135
7135
7173
7173
7173
7173
7173
7173
7173
7173
7162
7173
7157
7157
7157
7147
7147
7147
7147
7147
7134
7134
7134
7134
7140
7140
7134
7134
7134
7145
7145
7145
7145
7174
7174
7174
7174
7174
7174
7174
7174
7217
7217
7217
7228
7228
7228
7263
7263
7280
7250
7250
7250
7250
7273
7273
7344
7344
7359
7359
7367
7367
7330
7330
7376
7376
7354
7354
7377
7377
7347
7347
7347
7347
7308
7251
7279
7279
7279
7279
7219
7197
7214
7271
7271
7271
7281
7244
7244
7244
7244
7244
7244
7244
7222
7222
7214
7212
7212
7212
7234
7234
7234
7234
7249
7250
7258
7260
7230
7239
7239
7239
7231
7242
7242
7242
7249
7249
7236
7236
7236
7204
7236
7236
7270
7260
7260
7260
7260
7260
7261
7274
7274
7274
7274
7274
7274
7258
7258
7258
7258
7258
7260
7260
7260
7260
7235
7260
7270
7254
7193
7194
7194
7194
7202
7202
7177
7194
7191
7191
7162
7162
7162
7162
7143
7169
7198
7226
7226
7221
7236
7236
7188
7188
7190
7190
7190
7187
7187
7152
7175
7208
7208
7208
7208
7246
7246
7246
7254
7254
7254
7254
7230
7243
7243
7243
7243
7243
7280
7277
7229
7229
7262
7244
7294
7294
7294
7294
7294
7294
7294
7294
7294
7294
7294
7310
7285
7291
7291
7291
7291
7291
7291
7291
7276
7332
7276
7276
7276
7276
7276
7276
7276
7329
7329
7320
7320
7295
7260
7260
7260
7282
7273
7273
7273
7273
7273
7273
7251
7241
7241
7241
7287
7282
7282
7278
7288
7288
7254
7276
7255
7249
7286
7296
7275
7275
7275
7275
7275
7275
7268
7233
7233
7218
7218
7200
7200
7181
7181
7181
7181
7273
7273
7182
7182
7182
7178
7178
7178
7178
7157
7170
7123
7162
7162
7167
7167
7167
7158
7158
7158
7158
7158
7158
7133
7133
7133
7189
7183
7183
7191
7226
7226
7256
7256
7256
7256
7256
7254
7272
7260
7280
7280
7280
7264
7264
7264
7264
7264
7264
7264
7270
7313
7277
7277
7263
7263
7260
7260
7260
7260
7260
7260
7260
7252
7252
7252
7252
7252
7252
7252
7252
7252
7245
7198
7198
7198
7198
7198
7198
7198
7295
7276
7276
7276
7276
7276
7285
7285
7285
7285
7285
7285
7279
7279
7307
7307
7307
7300
7365
7303
7303
7303
7267
7267
7292
7292
7336
7336
7367
7367
7367
7367
7367
7369
7343
7342
7342
7342
7342
7342
7342
7342
7342
7366
7367
7367
7367
7367
7367
7367
7357
7357
7314
7314
7314
7314
7314
7314
7314
7314
7319
7362
7344
7344
7344
7344
7344
7344
7344
7344
7344
7344
7361
7361
7361
7361
7360
7360
7358
7358
7358
7358
7337
7337
7364
7364
7351
7354
7301
7264
7264
7264
7264
7264
7274
7274
7295
7295
7279
7279
7279
7276
7276
7276
7276
7276
7320
7309
7262
7269
7269
7269
7220
7220
7220
7220
7228
7228
7228
7239
7213
7245
7218
7218
7218
7218
7218
7218
7218
7248
7271
7271
7271
7274
7242
7242
7242
7242
7242
7242
7242
7242
7242
7242
7229
7229
7232
7232
7232
7267
7271
7267
7287
7269
7269
7269
7269
7277
7277
7277
7298
7298
7298
7316
7316
7305
7315
7293
7330
7346
7346
7346
7291
7291
7291
7291
7291
7291
7286
7274
7274
7274
7274
7274
7274
7274
7274
7274
7286
7286
7286
7286
7286
7286
7245
7253
7253
7253
7253
7243
7243
7243
7243
7243
7244
7244
7244
7244
7244
7236
7236
7257
7257
7257
7257
7250
7272
7272
7272
7263
7263
7263
7263
7263
7351
7351
7330
7337
7337
7337
7337
7365
7380
7376
7376
7376
7376
7304
7304
7304
7304
7289
7289
7289
7263
7172
7172
7172
7172
7172
7172
7172
7172
7172
7162
7162
7162
7162
7162
7162
7162
7162
7162
7162
7162
7162
7162
7162
7162
7162
7162
7162
7162
7162
7175
7175
7176
7081
7075
7075
7087
7100
7100
7100
7100
7096
7096
7078
7070
7070
7070
7070
7070
7070
7070
7069
7069
7078
7078
7078
7078
7078
7078
7078
7078
7078
7078
7100
7100
7100
7109
7109
7109
7109
7109
7109
7109
7109
7101
7126
7136
7116
7116
7116
7116
7116
7091
7091
7110
7133
7147
7147
7147
7147
7147
7140
7140
7140
7155
7105
7105
7110
7102
7102
7102
7128
7128
7128
7131
7140
7140
7140
7139
7139
7133
7133
7133
7160
7160
7160
7160
7160
7160
7160
7160
7160
7160
7160
7160
7140
7140
7140
7140
7140
7116
7116
7116
7132
7132
7139
7149
7149
7149
7149
7149
7149
7149
7149
7149
7149
7149
7149
7149
7149
7149
7118
7118
7118
7118
7118
7118
7118
7093
7093
7093
7093
7093
7093
7091
7091
7091
7091
7091
7094
7094
7094
7140
7140
7140
7147
7147
7147
7147
7147
7147
7147
7147
7137
7137
7137
7137
7140
7140
7140
7140
7140
7140
7140
7141
7136
7118
7118
7139
7139
7139
7139
7144
7144
7114
7114
7114
7125
7143
7143
7143
7143
7164
7164
7164
7164
7148
7148
7148
7148
7148
7116
7116
7116
7120
7120
7120
7120
7138
7138
7117
7117
7117
7092
7092
7092
7092
7092
7069
7069
7069
7069
7069
7069
7083
7083
7083
7083
7083
7083
7083
7083
7078
7071
7095
7095
7095
7144
7144
7144
7138
7138
7107
7107
7107
7107
7110
7110
7110
7110
7105
7105
7109
7104
7104
7104
7104
7104
7104
7104
7104
7098
7105
7106
7106
7106
7106
7106
7106
7106
7106
7106
7106
7106
7106
7106
7106
7111
7111
7111
7104
7100
7100
7100
7100
7100
7100
7100
7100
7096
7057
7057
7057
7057
7057
7067
7067
7067
7067
7067
7067
7067
7067
7067
7067
7075
7075
7075
7075
7075
7075
7075
7075
7075
7075
7075
7075
7075
7075
7075
7075
7072
7072
7072
7072
7072
7072
7072
7072
7072
7072
7072
7056
7056
7120
7079
7081
7081
7081
7081
7081
7081
7083
7083
7083
7107
7137
7157
7157
7157
7148
7148
7153
7140
7140
7140
7140
7140
7140
7140
7140
7140
7140
7148
7180
7149
7149
7114
7114
7114
7104
7104
7101
7120
7120
7120
7111
7110
7110
7110
7106
7106
7106
7106
7106
7106
7106
7106
7106
7106
7106
7106
7106
7106
7100
7100
7100
7100
7100
7100
7100
7100
7100
7100
7100
7100
7100
7100
7100
7100
7100
7100
7100
7100
7100
7100
7100
7100
7100
7100
7100
7100
7100
7100
7100
7096
7096
7109
7109
7099
7099
7106
7106
7106
7106
7106
7106
7106
7106
7106
7106
7106
7106
7106
7106
7106
7106
7106
7106
7106
7104
7082
7082
7082
7082
7082
7082
7082
7082
7082
7082
7082
7078
7078
7078
7071
7071
7071
7071
7071
7071
7071
7071
7071
7071
7071
7053
7053
7053
7053
7047
7063
7063
7063
7063
7063
7063
7063
7068
7077
7072
7072
7072
7072
7072
7041
7041
7041
7041
7041
7041
7041
7041
7041
7050
7050
7050
7050
7050
7050
7050
7050
7050
7050
7046
7046
7046
7046
7046
7046
7046
7046
7046
7046
7046
7046
7046
7046
7046
7046
7046
7046
7046
7046
7046
7046
7046
7046
7034
7034
7032
7032
7040
7040
7040
7040
7040
7026
7026
7026
7026
7026
7026
7026
7026
7026
7026
7026
7026
7038
7027
7027
7027
7027
7029
7029
7042
7042
7042
7042
7013
7013
7013
7017
7017
7017
7017
7030
7030
7030
7030
7030
7026
7026
7026
7026
7026
7026
7026
7026
7026
7026
7026
7052
7052
7052
7052
7052
7052
7052
7052
7052
7052
7052
7091
7094
7071
7071
7071
7071
7058
7058
7058
7058
7058
7058
7058
7058
7006
7006
7006
7006
7006
7006
7006
7006
7006
7006
7006
7006
7006
7006
7006
7006
7006
7006
7006
7006
7006
7006
7006
7006
7006
7006
7006
7006
7006
7023
7023
7023
7023
7023
7023
7023
7040
7040
7040
7040
7040
7040
7040
7040
7019
7019
7019
7019
7019
7019
7019
7019
7019
7011
7018
7018
7009
7009
7009
7009
6992
6997
6997
6997
6990
7033
7023
7023
7023
7023
7023
7018
7018
7018
7018
7018
7006
7006
7006
7006
7006
7006
7006
7006
7006
7006
7006
7015
7015
7015
7015
7015
7015
7015
7015
7015
7015
7015
7015
7015
7003
7003
6989
6989
6989
6989
6989
6989
6989
6989
6989
6989
6989
6989
6989
6989
6989
6989
6989
6989
6989
6989
6992
6992
6992
6992
6992
6992
6992
6994
6994
6994
6994
6994
6994
6994
6994
6994
6994
6994
6994
7006
7006
7006
7006
7006
7006
7006
7006
7006
7006
7006
7006
7006
7006
7006
7006
7006
7006
7006
7006
7006
7006
7006
7006
7006
7035
7035
7035
7035
7035
7035
7035
7035
7035
7035
7035
7035
7035
7035
7034
7034
7034
7034
7034
7034
7034
7034
7034
7034
7034
7034
7034
7034
7034
7034
7043
7043
7043
7043
7043
6982
6982
6982
6978
6953
6953
6953
6953
6953
6953
6953
6953
6953
6953
6953
6953
6953
6953
6953
6953
6953
6953
6953
6943
6943
6943
6943
6943
6943
6943
6949
6949
6949
6949
6949
6949
6949
6949
6949
6949
6949
6949
6949
6949
6949
6949
6949
6949
6949
6949
6963
6963
6963
6963
6963
6963
6963
6963
6963
6963
6963
6939
6939
6939
6939
6939
6939
6939
6939
6950
6950
6950
6950
6950
6950
6950
6950
6950
6950
6950
6950
6925
6925
6925
6925
6925
6925
6925
6925
6925
6925
6925
6925
6925
6925
6925
6925
6925
6925
6925
6925
6918
6918
6918
6918
6918
6918
6918
6918
6918
6918
6918
6918
6918
6918
6918
6918
6918
6918
6917
6917
6917
6917
6917
6917
6917
6917
6917
6917
6917
6917
6917
6917
6909
6909
6909
6909
6909
6909
6909
6909
6909
6909
6909
6909
6909
6909
6909
6909
6909
6909
6910
6910
6910
6910
6910
6910
6913
6913
6913
6913
6913
6913
6913
6913
6913
6913
6913
6913
6913
6913
6913
6913
6913
6913
6913
6913
6913
6913
6913
6909
6909
6909
6909
6909
6909
6909
6909
6909
6909
6909
6909
6909
6909
6909
6909
6909
6909
6909
6909
6909
6909
6909
6909
6909
6909
6909
6909
6909
6911
6907
6907
6907
6907
6907
6907
6907
6907
6907
6907
6907
6907
6907
6912
6912
6912
6912
6927
6927
6927
6927
6927
6927
6927
6927
6927
6927
6925
6925
6925
6925
6927
6927
6927
6927
6923
6923
6923
6923
6923
6923
6923
6923
6923
6923
6923
6923
6923
6923
6923
6923
6923
6923
6923
6923
6923
6923
6923
6923
6923
6923
6923
6923
6923
6923
6923
6923
6923
6923
6923
6923
6923
6923
6923
6923
6923
6923
6923
6923
6923
6923
6923
6916
6916
6916
6916
6916
6916
6916
6916
6916
6916
6916
6916
6916
6916
6916
6916
6916
6916
6916
6916
6916
6916
6916
6916
6916
6916
6916
6916
6916
6916
6916
6916
6916
6916
6916
6916
6916
6916
6916
6916
6916
6916
6916
6916
6916
6916
6916
6916
6916
6916
6916
6916
6916
6916
6916
6916
6916
6916
6935
6935
6935
6935
6935
6935
6935
6935
6935
6935
6935
6935
6935
6935
6935
6925
6925
6925
6925
6925
6925
6925
6925
6925
6925
6925
6925
6925
6925
6925
6925
6942
6942
6942
6942
6942
6942
6942
6942
6942
6942
6942
6942
6942
6942
6942
6942
6942
6942
6942
6942
6942
6942
6945
6945
6945
6945
6945
6945
6945
6945
6945
6945
6945
6945
6945
6945
6945
6945
6945
6945
6945
6945
6945
6945
6945
6945
6945
6945
6945
6945
6945
6945
6945
6945
6945
6945
6945
6945
6945
6945
6945
6945
6945
6945
6945
6945
6945
6945
6948
6948
6948
6948
6948
6948
6956
6956
6956
6956
6956
6968
6968
6968
6934
6934
6934
6934
6934
6934
6934
6934
6934
6934
6934
6934
6934
6934
6934
6934
6934
6934
6934
6934
6934
6934
6934
6933
6933
6933
6933
6933
6933
6933
6933
6933
6933
6933
6933
6933
6933
6933
6933
6933
6933
6933
6933
6933
6933
6933
6933
6933
6933
6950
6950
6950
6950
6950
6950
6922
6922
6922
6922
6922
6922
6922
6922
6922
6922
6922
6922
6922
6922
6922
6922
6922
6922
6922
6922
6922
6922
6922
6922
6922
6922
6922
6922
6922
6922
6922
6922
6922
6922
6922
6922
6922
6922
6922
6922
6922
6927
6927
6927
6927
6927
6924
6924
6924
6924
6924
6903
6903
6903
6903
6903
6903
6903
6903
6903
6903
6903
6903
6903
6903
6903
6911
6911
6911
6911
6911
6911
6911
6911
6911
6901
6901
6901
6901
6901
6901
6901
6901
6901
6901
6891
6891
6891
6891
6891
6886
6886
6886
6886
6886
6886
6886
6886
6886
6886
6886
6886
6886
6886
6886
6886
6886
6886
6886
6886
6886
6886
6886
6886
6886
6886
6886
6886
6886
6886
6886
6886
6886
6886
6886
6886
6886
6886
6884
6884
6884
6884
6884
6884
6884
6884
6884
6884
6884
6884
6884
6884
6884
6884
6884
6884
6884
6884
6884
6884
6884
6884
6884
6884
6884
6884
6884
6872
6872
6872
6872
6891
6891
6891
6891
6891
6891
6891
6891
6898
6898
6898
6898
6898
6898
6898
6898
6898
6898
6898
6898
6898
6898
6898
6898
6898
6898
6898
6898
6898
6898
6898
6898
6898
6898
6898
6898
6898
6898
6898
6898
6898
6898
6898
6898
6898
6898
6898
6898
6898
6900
6900
6900
6900
6900
6900
6900
6900
6900
6900
6900
6900
6900
6900
6900
6900
6900
6900
6900
6900
6900
6900
6900
6900
6900
6900
6900
6900
6900
6900
6900
6900
6900
6900
6900
6900
6900
6900
6900
6900
6900
6900
6900
6900
6900
6888
6888
6888
6888
6888
6888
6888
6888
6888
6888
6888
6888
6888
6888
6888
6888
6888
6888
6888
6888
6888
6888
6888
6888
6888
6888
6888
6888
6888
6888
6888
6888
6888
6888
6888
6888
6888
6888
6888
6888
6888
6888
6888
6888
6888
6888
6888
6888
6888
6888
6888
6888
6888
6888
6888
6888
6888
6888
6888
6888
6888
6888
6888
6888
6888
6888
6888
6888
6888
6888
6888
6888
6888
6888
6888
6888
6888
6891
6891
6887
6887
6887
6887
6887
6887
6887
6887
6887
6887
6887
6887
6887
6887
6887
6887
6887
6887
6887
6887
6887
6887
6887
6887
6887
6887
6887
6887
6887
6887
6887
6887
6887
6887
6887
6887
6887
6887
6887
6887
6887
6887
6887
6887
6887
6887
6887
6887
6887
6887
6891
6891
6891
6891
6891
6902
6902
6902
6902
6902
6902
6902
6902
6902
6902
6902
6902
6902
6902
6902
6902
6902
6902
6902
6902
6902
6902
6902
6902
6902
6902
6902
6902
6902
6902
6902
6902
6902
6902
6902
6902
6902
6902
6902
6902
6902
6902
6902
6902
6902
6902
6902
6902
6902
6902
6902
6902
6902
6902
6890
6891
6891
6891
6891
6891
6891
6891
6891
6891
6891
6891
6891
6891
6891
6891
6891
6891
6891
6891
6891
6891
6891
6891
6891
6891
6891
6887
6887
6887
6887
6887
6887
6887
6887
6887
6887
6887
6887
6887
6887
6887
6887
6887
6887
6887
6887
6887
6887
6887
6887
6887
6887
6887
6887
6887
6860
6860
6860
6860
6860
6860
6860
6860
6860
6860
6860
6860
6860
6860
6860
6860
6860
6860
6860
6860
6860
6860
6860
6860
6860
6860
6860
6860
6860
6860
6860
6860
6860
6860
6860
6862
6862
6862
6862
6862
6862
6862
6862
6862
6862
6862
6862
6862
6862
6862
6862
6862
6862
6862
6862
6862
6862
6862
6862
6862
6862
6862
6862
6862
6862
6862
6862
6862
6862
6862
6862
6862
6862
6862
6862
6862
6862
6862
6862
6862
6862
6864
6864
6864
6864
6864
6864
6864
6864
6864
6864
6864
6864
6864
6864
6864
6864
6864
6864
6864
6864
6864
6864
6864
6864
6864
6864
6864
6864
6864
6864
6864
6864
6864
6864
6864
6864
6864
6864
6864
6864
6864
6864
6864
6864
6864
6864
6864
6864
6864
6864
6864
6864
6864
6864
6864
6864
6864
6864
6864
6864
6864
6864
6864
6864
6864
6864
6864
6864
6864
6864
6864
6864
6864
6864
6864
6864
6864
6864
6866
6866
6866
6866
6866
6866
6866
6866
6866
6866
6866
6866
6866
6866
6866
6866
6866
6866
6866
6866
6866
6866
6866
6866
6866
6866
6866
6866
6866
6866
6866
6866
6866
6866
6866
6866
6866
6866
6866
6866
6866
6866
6866
6866
6866
6866
6866
6866
6866
6866
6866
6866
6866
6866
6866
6866
6866
6866
6866
6866
6866
6866
6866
6866
6866
6866
6866
6866
6866
6866
6866
6866
6866
6866
6866
6866
6866
6866
6866
6866
6866
6866
6866
6866
6866
6866
6866
6866
6866
6866
6866
6866
6866
6866
6866
6866
6866
6866
6866
6866
6866
6866
6866
6866
6866
6866
6866
6866
6866
6866
6866
6866
6866
6866
6866
6866
6866
6866
6866
6866
6866
6866
6866
6866
6866
6866
6866
6866
6866
6866
6866
6866
6866
6866
6866
6866
6866
6866
6866
6866
6866
6866
6866
6866
6866
6866
6866
6866
6866
6866
6866
6866
6866
6866
6866
6866
6866
6866
6866
6866
6866
6866
6866
6866
6866
6866
6866
6866
6866
6866
6866
6866
6866
6866
6866
6866
6866
6866
6866
6866
6866
6866
6866
6866
6866
6866
6866
6866
6866
6866
6866
6866
6866
6866
6866
6866
6866
6866
6866
6866
6866
6866
6866
6866
6866
6866
6866
6866
6866
6866
6866
6866
6866
6866
6866
6866
6866
6866
6866
6866
6866
6866
6866
6866
6866
6866
6866
6866
6866
6866
6866
6866
6866
6866
6866
6866
6866
6866
6866
6866
6866
6866
6866
6866
6866
6866
6866
6866
6866
6866
6866
6866
6866
6866
6866
6866
6866
6866
6866
6866
6866
6866
6866
6866
6866
6866
6866
6866
6866
6866
6866
6866
6866
6866
6866
6866
6866
6866
6866
6866
6866
6866
6866
6866
6866
6866
6866
6866
6866
6866
6866
6866
6866
6866
6866
6868
6868
6868
6868
6868
6868
6868
6868
6868
6868
6868
6868
6868
6868
6868
6866
6866
6866
6866
6866
6866
6866
6866
6866
6866
6866
6866
6866
6866
6866
6866
6866
6866
6866
6866
6866
6866
6866
6866
6866
6866
6866
6864
6864
6850
6850
6850
6850
6850
6850
6850
6850
6850
6850
6850
6850
6850
6850
6850
6850
6850
6850
6850
6850
6850
6850
6850
6850
6850
6850
6850
6850
6850
6850
6837
6837
6837
6837
6837
6837
6837
6837
6837
6837
6837
6837
6837
6837
6837
6837
6837
6837
6837
6837
6837
6837
6837
6837
6837
6837
6832
6832
6832
6832
6832
6832
6832
6832
6832
6832
6832
6832
6832
6832
6832
6832
6832
6832
6832
6832
6832
6832
6832
6832
6832
6832
6832
6832
6832
6832
6832
6832
6832
6832
6832
6834
6834
6834
6834
6834
6834
6834
6834
6834
6835
6835
6835
6835
6835
6835
6835
6835
6835
6835
6835
6835
6835
6835
6835
6835
6835
6835
6835
6835
6835
6835
6835
6835
6835
6835
6835
6835
6835
6835
6835
6835
6835
6835
6835
6835
6835
6835
6835
6835
6835
6835
6835
6835
6835
6835
6835
6835
6835
6835
6835
6835
6835
6835
6835
6835
6835
6835
6835
6835
6835
6835
6835
6835
6835
6835
6835
6835
6835
6835
6835
6835
6835
6835
6835
6835
6835
6835
6835
6835
6835
6835
6835
6835
6835
6835
6835
6835
6835
6835
6835
6835
6835
6835
6835
6835
6835
6835
6827
6827
6827
6827
6827
6827
6827
6827
6827
6827
6827
6827
6827
6827
6827
6827
6827
6827
6827
6827
6827
6827
6827
6827
6827
6827
6827
6827
6827
6827
6827
6827
6827
6827
6827
6827
6827
6827
6827
6827
6827
6827
6827
6827
6827
6827
6827
6827
6827
6827
6827
6827
6827
6827
6827
6827
6827
6827
6827
6827
6827
6827
6827
6827
6827
6827
6827
6829
6829
6829
6829
6829
6829
6829
6829
6829
6829
6829
6829
6829
6829
6829
6829
6829
6829
6829
6829
6829
6829
6829
6829
6829
6829
6829
6829
6829
6829
6829
6829
6829
6829
6829
6829
6829
6829
6829
6829
6829
6829
6829
6829
6829
6829
6829
6831
6826
6826
6826
6826
6826
6826
6821
6821
6821
6821
6821
6821
6821
6821
6821
6821
6821
6821
6821
6821
6821
6821
6821
6821
6821
6821
6821
6821
6821
6821
6821
6821
6821
6821
6821
6821
6821
6821
6821
6821
6821
6821
6821
6821
6821
6821
6821
6821
6821
6821
6821
6821
6821
6821
6821
6821
6821
6821
6821
6821
6821
6821
6821
6821
6821
6821
6821
6821
6821
6821
6821
6821
6821
6821
6821
6821
6821
6821
6821
6821
6821
6821
6821
6821
6821
6821
6821
6821
6821
6821
6821
6821
6821
6821
6821
6821
6821
6821
6821
6821
6821
6821
6821
6821
6821
6821
6821
6821
6821
6821
6821
6821
6821
6821
6821
6821
6821
6821
6821
6821
6821
6821
6821
6821
6821
6821
6821
6821
6821
6821
6821
6821
6821
6821
6821
6821
6821
6821
6821
6821
6821
6821
6821
6821
6821
6821
6821
6821
6821
6821
6821
6821
6821
6821
6821
6821
6821
6821
6821
6821
6821
6821
6821
6821
6821
6821
6821
6821
6821
6821
6821
6821
6821
6821
6821
6821
6821
6821
6821
6821
6821
6821
6821
6821
6821
6821
6821
6821
6821
6821
6821
6821
6821
6821
6821
6821
6821
6821
6821
6821
6821
6821
6821
6821
6821
6821
6821
6821
6821
6821
6821
6821
6821
6821
6821
6821
6821
6821
6821
6821
6821
6821
6821
6821
6821
6821
6821
6821
6821
6821
6821
6821
6821
6821
6821
6821
6821
6821
6821
6821
6821
6821
6821
6821
6821
6821
6821
6821
6821
6821
6821
6821
6821
6821
6821
6821
6821
6821
6821
6821
6821
6821
6821
6821
6821
6821
6821
6821
6821
6821
6821
6821
6821
6821
6821
6821
6821
6821
6821
6821
6821
6821
6821
6821
6821
6821
6821
6821
6821
6821
6821
6821
6821
6821
6821
6821
6821
6821
6821
6821
6821
6821
6821
6821
6821
6821
6821
6821
6821
6821
6821
6821
6821
6821
6821
6821
6821
6821
6821
6821
6821
6821
6821
6821
6821
6821
6821
6821
6821
6821
6821
6821
6821
6821
6821
6821
6821
6821
6821
6821
6821
6821
6821
6821
6821
6821
6821
6821
6821
6821
6821
6821
6821
6821
6821
6821
6821
6821
6821
6821
6821
6821
6821
6821
6821
6821
6821
6821
6821
6821
6821
6821
6821
6821
6821
6821
6821
6821
6821
6821
6821
6821
6821
6821
6821
6821
6821
6821
6821
6821
6821
6821
6821
6821
6821
6821
6821
6821
6821
6821
6821
6821
6821
6821
6821
6821
6821
6821
6822
6822
6822
6822
6822
6822
6822
6822
6822
6822
6822
6822
6822
6822
6822
6822
6822
6822
6822
6822
6822
6822
6822
6822
6822
6822
6822
6822
6822
6822
6822
6822
6822
6822
6822
6822
6822
6822
6822
6822
6822
6822
6822
6822
6821
6821
6821
6821
6821
6821
6821
6821
6821
6821
6821
6821
6821
6821
6821
6821
6821
6821
6821
6821
6821
6821
6821
6821
6821
6821
6821
6821
6821
6821
6821
6821
6821
6821
6821
6821
6821
6821
6821
6821
6821
6821
6821
6821
6821
6821
6821
6821
6821
6821
6821
6821
6821
6821
6821
6821
6821
6821
6821
6821
6821
6821
6821
6821
6821
6821
6821
6821
6821
6821
6821
6821
6821
6821
6821
6821
6814
6814
6814
6814
6814
6814
6814
6814
6814
6814
6814
6814
6814
6814
6814
6814
6814
6814
6814
6814
6814
6814
6814
6814
6814
6814
6814
6814
6814
6814
6814
6814
6814
6814
6814
6814
6814
6814
6814
6814
6814
6814
6814
6814
6814
6814
6814
6814
6814
6814
6814
6814
6814
6814
6814
6814
6814
6814
6814
6814
6814
6814
6814
6814
6814
6814
6814
6814
6814
6814
6814
6814
6814
6814
6814
6814
6814
6814
6814
6814
6814
6814
6814
6814
6814
6814
6814
6814
6814
6814
6814
6814
6814
6814
6814
6814
6814
6814
6814
6814
6814
6814
6814
6814
6814
6814
6814
6814
6814
6814
6814
6814
6814
6814
6814
6814
6814
6814
6814
6814
6814
6814
6814
6814
6814
6814
6814
6814
6814
6814
6814
6814
6814
6814
6814
6814
6814
6814
6814
6814
6814
6814
6814
6814
6814
6814
6814
6814
6814
6814
6814
6814
6814
6814
6814
6814
6814
6814
6814
6814
6814
6814
6814
6814
6814
6814
6814
6814
6814
6814
6814
6814
6814
6814
6814
6814
6808
6808
6808
6808
6808
6808
6808
6808
6808
6808
6808
6808
6808
6808
6808
6808
6808
6808
6808
6808
6808
6808
6808
6808
6808
6808
6808
6808
6808
6808
6808
6808
6808
6808
6808
6808
6808
6808
6808
6808
6808
6808
6808
6808
6808
6808
6808
6808
6808
6808
6808
6808
6808
6808
6808
6811
6811
6811
6811
6802
6802
6802
6802
6802
6802
6802
6802
6802
6802
6802
6802
6802
6802
6802
6802
6802
6802
6802
6802
6802
6802
6802
6802
6802
6802
6802
6802
6802
6802
6802
6802
6802
6802
6802
6802
6802
6802
6802
6802
6802
6802
6802
6802
6802
6802
6802
6802
6802
6802
6802
6802
6802
6802
6802
6802
6802
6802
6802
6802
6802
6802
6802
6802
6802
6802
6802
6802
6802
6802
6802
6802
6802
6802
6802
6802
6802
6802
6802
6802
6802
6802
6802
6802
6802
6802
6802
6802
6802
6802
6802
6802
6802
6802
6802
6802
6802
6802
6802
6802
6802
6802
6802
6802
6802
6802
6802
6802
6802
6802
6802
6802
6802
6802
6802
6802
6802
6802
6802
6802
6802
6802
6802
6802
6802
6802
6802
6802
6802
6802
6802
6802
6802
6802
6802
6802
6802
6802
6802
6802
6802
6802
6802
6802
6802
6802
6802
6802
6802
6798
6798
6798
6798
6798
6798
6798
6798
6798
6798
6798
6798
6798
6798
6798
6798
6798
6798
6798
6793
6793
6793
6793
6793
6793
6793
6793
6793
6793
6793
6793
6793
6793
6793
6793
6793
6793
6793
6793
6794
6794
6794
6794
6794
6794
6794
6794
6794
6794
6794
6794
6794
6794
6794
6794
6794
6794
6794
6794
6794
6794
6794
6794
6794
6794
6794
6794
6794
6794
6794
6794
6794
6794
6794
6794
6794
6794
6794
6794
6794
6794
6794
6794
6794
6794
6794
6794
6794
6794
6794
6794
6794
6794
6794
6794
6794
6794
6794
6794
6794
6794
6794
6794
6794
6794
6794
6794
6794
6794
6794
6794
6794
6794
6794
6794
6794
6794
6794
6794
6794
6794
6794
6794
6794
6794
6794
6794
6794
6794
6794
6794
6794
6794
6794
6794
6794
6794
6794
6794
6794
6794
6794
6794
6794
6794
6794
6795
6795
6795
6795
6795
6788
6788
6788
6788
6788
6788
6788
6788
6788
6788
6788
6788
6788
6788
6788
6788
6788
6788
6788
6788
6788
6788
6788
6788
6788
6788
6788
6788
6788
6788
6788
6788
6788
6788
6788
6788
6788
6788
6788
6788
6788
6788
6788
6788
6788
6788
6770
6770
6770
6770
6770
6770
6770
6770
6770
6770
6770
6770
6770
6770
6770
6770
6770
6770
6770
6770
6770
6770
6770
6770
6770
6770
6770
6770
6770
6770
6770
6770
6770
6770
6770
6770
6770
6770
6770
6770
6770
6770
6770
6770
6770
6770
6770
6770
6770
6770
6770
6770
6770
6770
6770
6770
6770
6770
6770
6770
6770
6770
6770
6770
6770
6770
6770
6770
6770
6770
6770
6770
6760
6760
6760
6760
6760
6760
6760
6760
6760
6760
6760
6760
6760
6760
6760
6760
6760
6760
6760
6760
6760
6760
6760
6760
6760
6760
6760
6760
6760
6760
6760
6760
6760
6760
6760
6760
6760
6760
6760
6760
6760
6760
6760
6760
6760
6760
6760
6760
6760
6760
6760
6760
6760
6760
6760
6760
6760
6760
6760
6760
6760
6760
6760
6760
6760
6760
6760
6760
6760
6760
6760
6760
6760
6760
6760
6760
6760
6760
6760
6760
6760
6760
6760
6760
6760
6760
6760
6760
6761
6761
6761
6761
6761
6761
6761
6761
6761
6761
6761
6761
6761
6761
6761
6761
6761
6761
6761
6761
6761
6761
6761
6761
6761
6761
6761
6761
6761
6761
6761
6761
6761
6761
6763
6763
6763
6763
6754
6754
6754
6754
6754
6754
6756
6756
6756
6756
6756
6756
6756
6756
6756
6756
6756
6756
6756
6756
6756
6756
6736
6736
6736
6736
6736
6736
6736
6736
6736
6736
6736
6736
6736
6736
6736
6736
6736
6736
6736
6736
6736
6736
6736
6736
6736
