7720
7664
7630
7600
7641
7644
7583
7492
7541
7568
7575
7575
7542
7550
7495
7528
7549
7488
7521
7608
7532
7513
7483
7473
7473
7482
7484
7588
7606
7512
7528
7538
7553
7605
7638
7683
7752
7720
7693
7828
7674
7677
7713
7713
7716
7659
7690
7692
7675
7541
7541
7522
7553
7515
7514
7508
7477
7543
7572
7665
7665
7638
7612
7612
7636
7634
7628
7605
7746
7789
7789
7740
7798
7702
7691
7647
7681
7676
7691
7665
7652
7618
7570
7594
7607
7670
7670
7628
7581
7622
7639
7729
7709
7754
7754
7714
7614
7652
7717
7778
7833
7841
7809
7740
7714
7701
7726
7726
7735
7710
7723
7686
7749
7802
7884
7842
7892
7943
7966
7909
7877
7886
7899
7899
7909
7861
7843
7875
7775
7776
7776
7776
7718
7777
7798
7798
7789
7701
7678
7678
7620
7668
7674
7689
7678
7633
7607
7675
7578
7578
7578
7578
7598
7563
7560
7554
7554
7594
7566
7629
7611
7618
7646
7551
7519
7519
7539
7539
7579
7609
7625
7533
7533
7493
7500
7535
7537
7546
7474
7553
7577
7535
7535
7585
7600
7499
7516
7525
7525
7525
7517
7468
7443
7409
7392
7429
7344
7369
7351
7473
7612
7569
7593
7567
7527
7545
7579
7579
7501
7510
7481
7525
7547
7564
7600
7547
7565
7609
7609
7580
7585
7518
7537
7593
7694
7665
7670
7718
7712
7747
7676
7630
7637
7645
7655
7724
7773
7773
7751
7779
7771
7819
7871
7777
7754
7785
7775
7742
7709
7752
7681
7681
7702
7566
7560
7544
7523
7647
7646
7698
7608
7608
7688
7647
7634
7647
7725
7694
7738
7738
7725
7708
7690
7657
7669
7649
7657
7677
7697
7733
7723
7684
7712
7793
7873
7847
7813
7925
7976
7893
7892
7929
7929
7882
7969
7981
7946
7927
7927
7840
7790
7790
7829
7955
7944
7851
7874
7884
7915
7916
7922
7966
8039
8023
8060
8062
8112
8092
8052
8037
8132
8175
8161
8230
8279
8269
8236
8252
8236
8151
8092
8149
8156
8145
8014
7944
7958
7925
7942
7933
7980
7963
7857
7857
7864
7935
7948
7948
8024
8073
7955
7935
7949
8040
8046
8046
7983
7977
7994
7973
7916
7867
7867
7810
7810
7755
7802
7880
7902
7897
7935
7877
7799
7799
7798
7706
7692
7658
7658
7659
7695
7655
7655
7664
7648
7648
7621
7669
7669
7653
7612
7634
7656
7667
7578
7686
7649
7644
7689
7733
7770
7721
7721
7721
7812
7768
7768
7794
7844
7803
7819
7897
7826
7780
7837
7733
7754
7806
7811
7765
7783
7823
7871
7866
7936
7884
7808
7811
7842
7867
7810
7810
7796
7777
7767
7787
7802
7895
7895
7988
7982
7924
7924
7832
7867
7897
7955
7959
8021
8016
7922
7859
7811
7762
7692
7666
7701
7654
7711
7677
7693
7760
7748
7738
7703
7688
7696
7763
7800
7851
7878
7917
7941
8006
7989
8045
8002
7953
7931
7931
7817
7746
7786
7786
7786
7765
7802
7776
7839
7780
7698
7720
7754
7764
7745
7680
7648
7690
7759
7784
7846
7787
7793
7772
7732
7803
7794
7758
7780
7842
7897
7917
7892
7796
7697
7697
7768
7739
7824
7833
7833
7821
7735
7763
7845
7845
7845
7845
7903
7859
7859
7859
7859
7829
7829
7829
7899
7848
7753
7711
7664
7633
7649
7660
7708
7715
7716
7646
7656
7622
7689
7641
7747
7762
7726
7734
7706
7620
7661
7643
7613
7616
7616
7738
7686
7555
7548
7509
7518
7585
7585
7640
7640
7661
7657
7655
7682
7654
7758
7744
7741
7741
7741
7664
7720
7692
7737
7752
7688
7688
7730
7753
7735
7712
7727
7690
7707
7704
7727
7747
7729
7687
7786
7820
7800
7788
7788
7850
7850
7864
7759
7770
7784
7784
7844
7910
7959
7959
7967
7975
7884
7901
7887
7866
7875
7865
7852
7852
7830
7814
7814
7830
7830
7830
7889
7875
7875
7875
7842
7854
7854
7829
7943
7955
7919
7943
7839
7784
7756
7785
7868
7866
7866
7915
7915
7797
7784
7784
7857
7880
7880
7880
7962
7894
7939
7888
7825
7782
7782
7782
7773
7835
7835
7815
7825
7750
7750
7770
7773
7765
7872
7836
7856
7789
7793
7793
7944
7958
7989
8025
7998
8037
8003
8079
7958
7923
8000
7919
7949
7863
7790
7806
7781
7869
7835
7901
7844
7902
7865
7805
7811
7891
7925
7906
7863
7964
7932
7974
7912
7977
7931
7997
7952
8011
7993
7943
7958
7998
8052
8001
8047
7996
7951
7912
7896
7842
7823
7850
7842
7890
7894
7899
7890
7778
7778
7760
7699
7726
7726
7741
7734
7737
7737
7690
7670
7738
7707
7746
7718
7723
7774
7788
7723
7699
7607
7597
7524
7579
7562
7639
7736
7702
7690
7690
7713
7668
7714
7756
7680
7651
7616
7553
7580
7577
7594
7710
7720
7720
7781
7736
7737
7740
7737
7877
7833
7719
7692
7638
7658
7709
7672
7763
7779
7818
7792
7788
7849
7883
7936
7901
7835
7763
7757
7705
7667
7662
7698
7682
7696
7744
7744
7797
7842
7842
7810
7814
7751
7773
7813
7832
7843
7878
7878
7831
7865
7865
7943
7947
7913
7913
7847
7818
7677
7637
7645
7645
7679
7629
7680
7725
7692
7658
7658
7629
7644
7644
7637
7607
7650
7693
7769
7711
7726
7726
7705
7779
7760
7821
7872
7885
7872
7872
7815
7824
7797
7829
7834
7834
7854
7856
7862
7870
7832
7852
7852
7806
7792
7769
7788
7813
7813
7827
7786
7725
7738
7742
7767
7767
7705
7643
7575
7600
7563
7632
7579
7648
7648
7632
7632
7625
7625
7625
7664
7621
7692
7795
7795
7749
7745
7745
7709
7735
7722
7722
7722
7781
7776
7792
7810
7842
7782
7821
7819
7791
7888
7760
7744
7753
7804
7772
7778
7711
7681
7678
7669
7679
7679
7679
7679
7694
7734
7749
7706
7722
7736
7693
7689
7671
7651
7772
7843
7841
7741
7681
7681
7681
7663
7763
7760
7811
7830
7843
7950
7950
7827
7830
7824
7904
7916
7833
7763
7761
7816
7789
7789
7738
7726
7605
7655
7648
7645
7603
7689
7672
7687
7687
7708
7633
7619
7606
7575
7561
7531
7504
7572
7579
7611
7577
7654
7647
7627
7635
7643
7692
7731
7702
7674
7614
7654
7656
7711
7757
7795
7700
7726
7710
7693
7731
7734
7742
7717
7705
7755
7727
7731
7799
7718
7727
7727
7719
7729
7698
7631
7723
7729
7727
7635
7651
7576
7624
7655
7632
7635
7635
7660
7660
7717
7687
7660
7687
7680
7694
7640
7553
7529
7529
7545
7545
7590
7604
7611
7611
7647
7728
7784
7744
7756
7717
7803
7862
7816
7824
7902
7882
7951
8012
7952
7964
7992
7987
8021
8102
8068
8019
8044
8004
7959
7931
7994
7962
7990
7986
7954
7902
7940
7881
7931
8003
8025
7962
8006
7924
7935
7909
7795
7748
7769
7762
7810
7861
7850
7800
7775
7813
7803
7769
7785
7935
7896
7911
7930
7950
7942
7915
7908
7917
7883
7910
7909
7940
7814
7777
7759
7800
7783
7778
7800
7800
7843
7889
7894
7875
7877
7860
7860
7841
7822
7786
7808
7839
7872
7903
7853
7883
7893
7893
7856
7850
7804
7835
7818
7786
7812
7812
7846
7846
7943
7865
7856
7853
7767
7833
7833
7864
7865
7847
7869
7854
7854
7783
7809
7882
7769
7769
7764
7789
7713
7757
7785
7847
7795
7726
7805
7862
7851
7856
7813
7815
7808
7790
7816
7824
7832
7899
7820
7829
7874
7874
7967
7931
7895
7893
7898
7873
7826
7832
7862
7863
7863
7863
7829
7850
7859
7892
7869
7817
7800
7776
7813
7804
7723
7761
7715
7706
7717
7691
7694
7736
7736
7761
7799
7825
7723
7722
7668
7720
7712
7668
7632
7631
7668
7725
7684
7701
7701
7755
7720
7738
7796
7842
7842
7842
7801
7681
7685
7700
7771
7712
7851
7835
7824
7815
7759
7692
7720
7719
7711
7656
7656
7639
7660
7663
7614
7666
7644
7649
7627
7649
7565
7561
7538
7514
7609
7606
7632
7657
7631
7631
7647
7647
7703
7703
7617
7561
7569
7559
7583
7582
7507
7542
7615
7637
7543
7509
7509
7658
7634
7711
7658
7654
7711
7667
7644
7608
7594
7557
7577
7555
7618
7618
7627
7584
7629
7613
7639
7673
7727
7885
7885
7874
7862
7869
7913
7919
7964
7966
7958
7915
7936
7936
7930
7809
7720
7752
7859
7864
7738
7848
7857
7748
7798
7750
7650
7657
7657
7657
7657
7638
7656
7656
7656
7723
7765
7750
7732
7732
7732
7698
7682
7710
7662
7609
7640
7764
7760
7676
7728
7772
7776
7776
7885
7885
7861
7759
7824
7722
7811
7923
7927
7804
7775
7709
7614
7614
7607
7635
7642
7681
7686
7598
7619
7577
7577
7577
7604
7542
7598
7598
7607
7607
7606
7660
7648
7579
7579
7600
7577
7562
7605
7647
7643
7650
7668
7668
7701
7669
7681
7616
7616
7608
7574
7574
7571
7590
7586
7576
7585
7585
7585
7482
7549
7486
7475
7496
7492
7496
7493
7527
7551
7551
7543
7508
7483
7470
7470
7553
7553
7490
7476
7538
7501
7517
7478
7555
7548
7567
7577
7580
7588
7607
7605
7560
7526
7489
7528
7593
7593
7563
7492
7472
7526
7526
7526
7578
7571
7571
7559
7562
7592
7499
7464
7464
7488
7522
7445
7496
7485
7465
7465
7459
7484
7484
7572
7523
7568
7621
7621
7564
7574
7617
7648
7645
7667
7683
7701
7734
7745
7777
7777
7723
7720
7720
7676
7683
7665
7628
7591
7585
7585
7550
7544
7569
7611
7696
7696
7644
7722
7722
7714
7728
7728
7728
7748
7728
7727
7760
7760
7773
7773
7745
7745
7815
7773
7773
7789
7794
7714
7692
7771
7771
7755
7756
7756
7770
7740
7739
7739
7738
7716
7745
7645
7663
7683
7680
7640
7640
7661
7663
7708
7738
7808
7755
7862
7843
7803
7801
7857
7789
7794
7794
7788
7813
7841
7913
7859
7859
7854
7854
7868
7900
7871
7879
7911
7982
7908
7908
7883
7883
7894
7874
7857
7889
7908
7912
8011
8038
8073
8073
7988
7893
7862
7862
7868
7852
7852
7908
7938
7938
7936
7914
7927
7858
7858
7904
7883
7773
7710
7713
7723
7789
7757
7757
7794
7787
7829
7920
7914
7873
7845
7824
7834
7845
7785
7819
7813
7813
7752
7797
7729
7753
7806
7818
7746
7728
7766
7709
7642
7644
7654
7653
7740
7735
7769
7770
7778
7797
7696
7690
7655
7674
7696
7696
7718
7765
7782
7787
7817
7808
7906
7965
7965
7929
7904
7907
7860
7901
7954
7928
7815
7843
7819
7902
7905
7928
7877
7827
7774
7772
7753
7714
7722
7717
7710
7746
7675
7675
7692
7692
7662
7662
7675
7641
7684
7664
7567
7598
7633
7679
7611
7669
7671
7659
7666
7681
7681
7710
7729
7649
7587
7577
7600
7600
7618
7657
7659
7706
7692
7720
7726
7725
7723
7721
7728
7689
7658
7662
7635
7591
7631
7542
7549
7622
7556
7592
7592
7589
7639
7642
7670
7694
7731
7731
7705
7698
7706
7696
7672
7671
7671
7645
7721
7764
7732
7732
7764
7759
7723
7723
7723
7723
7714
7724
7685
7737
7869
7871
7870
7843
7813
7684
7687
7697
7683
7676
7655
7696
7692
7712
7650
7631
7658
7644
7644
7690
7690
7563
7531
7510
7530
7540
7540
7554
7583
7560
7570
7571
7553
7597
7636
7636
7683
7712
7711
7645
7592
7589
7529
7558
7531
7489
7507
7527
7551
7562
7624
7584
7654
7708
7703
7724
7724
7622
7599
7653
7601
7601
7636
7636
7654
7647
7647
7623
7614
7632
7632
7632
7638
7742
7705
7807
7781
7866
7866
7913
7953
7932
7879
7927
7909
7813
7798
7781
7796
7812
7815
7815
7824
7844
7830
7830
7849
7762
7725
7725
7774
7773
7808
7750
7741
7731
7719
7630
7637
7637
7605
7637
7682
7673
7673
7638
7656
7664
7560
7560
7641
7676
7680
7715
7691
7691
7684
7576
7576
7666
7657
7713
7692
7683
7698
7627
7671
7671
7606
7689
7725
7725
7657
7639
7680
7682
7700
7723
7686
7709
7724
7727
7708
7694
7715
7696
7714
7714
7680
7680
7680
7679
7679
7679
7681
7715
7689
7681
7600
7600
7582
7584
7571
7552
7552
7490
7460
7460
7462
7450
7450
7480
7489
7528
7609
7592
7638
7691
7668
7675
7602
7578
7600
7566
7590
7620
7620
7600
7534
7598
7598
7598
7635
7629
7773
7713
7690
7604
7600
7605
7567
7531
7601
7682
7739
7693
7739
7695
7680
7786
7786
7765
7703
7713
7715
7719
7754
7793
7780
7768
7759
7759
7638
7672
7675
7610
7597
7595
7595
7609
7566
7646
7689
7781
7781
7836
7836
7836
7739
7778
7769
7769
7769
7769
7778
7778
7737
7810
7789
7786
7663
7643
7664
7626
7661
7686
7678
7678
7730
7710
7710
7709
7709
7741
7743
7772
7756
7886
7960
7960
7951
7881
7889
7849
7892
7935
7985
7949
7835
7760
7785
7732
7739
7678
7679
7679
7711
7693
7757
7757
7791
7791
7769
7743
7700
7708
7708
7708
7782
7728
7728
7689
7701
7679
7679
7679
7682
7682
7682
7679
7646
7609
7609
7608
7671
7753
7753
7692
7788
7661
7618
7620
7620
7657
7710
7716
7680
7705
7668
7772
7727
7702
7755
7755
7811
7815
7805
7806
7792
7792
7792
7760
7826
7805
7832
7882
7876
7902
7880
7819
7788
7808
7817
7789
7809
7814
7814
7814
7841
7854
7857
7868
7879
7856
7868
7879
7879
7876
7892
7869
7872
7813
7835
7873
7935
7973
7960
7988
8013
8013
7949
7851
7866
7878
7878
7879
7850
7823
7838
7799
7755
7823
7825
7826
7779
7779
7779
7783
7834
7854
7815
7794
7794
7794
7790
7710
7805
7787
7730
7730
7730
7730
7730
7730
7689
7691
7638
7610
7555
7553
7539
7539
7529
7531
7531
7532
7592
7573
7601
7558
7474
7547
7551
7528
7554
7651
7651
7671
7674
7629
7665
7675
7631
7580
7635
7643
7667
7691
7731
7787
7718
7699
7726
7663
7716
7607
7625
7637
7637
7637
7622
7631
7635
7661
7648
7660
7666
7654
7632
7656
7641
7590
7596
7545
7594
7594
7560
7579
7505
7524
7497
7496
7512
7625
7616
7624
7569
7557
7608
7600
7679
7616
7616
7619
7627
7655
7671
7665
7723
7761
7761
7737
7734
7827
7827
7803
7796
7788
7788
7800
7769
7773
7759
7757
7805
7841
7796
7793
7793
7901
7983
7971
7919
7879
7949
8038
8062
8086
8086
8027
8007
8042
8067
8175
8073
8094
8211
8171
8118
8045
7979
7943
7860
7839
7847
7957
7846
7764
7781
7726
7811
7821
7798
7806
7866
7856
7968
7955
7955
7864
7860
7881
7883
7883
7840
7836
7883
7808
7803
7825
7825
7780
7737
7737
7758
7775
7749
7771
7779
7696
7696
7677
7704
7688
7732
7677
7783
7792
7725
7712
7755
7687
7652
7667
7717
7575
7573
7563
7570
7570
7593
7597
7522
7544
7544
7515
7541
7524
7560
7510
7510
7499
7548
7418
7495
7545
7555
7559
7612
7668
7648
7648
7648
7655
7695
7639
7656
7622
7658
7700
7700
7672
7664
7766
7746
7725
7651
7602
7597
7641
7640
7697
7623
7558
7533
7526
7452
7488
7498
7510
7561
7483
7486
7398
7451
7448
7491
7447
7607
7600
7637
7630
7687
7680
7645
7656
7655
7587
7629
7570
7577
7636
7598
7598
7583
7619
7619
7641
7657
7572
7578
7547
7552
7593
7593
7593
7572
7571
7657
7617
7606
7587
7599
7577
7605
7560
7514
7509
7585
7585
7567
7572
7579
7579
7529
7462
7470
7483
7566
7611
7690
7693
7693
7680
7678
7721
7733
7779
7761
7761
7780
7780
7792
7792
7776
7710
7776
7737
7819
7819
7805
7821
7824
7793
7794
7795
7795
7775
7842
7849
7841
7893
7893
7895
7863
7863
7930
7892
7892
7971
7843
7843
7868
7941
7941
7940
7940
7988
8008
7999
8019
8030
7996
7869
7903
7928
7905
7917
7917
7873
7771
7798
7834
7834
7813
7835
7904
7866
7824
7820
7873
7836
7836
7836
7834
7834
7850
7856
7834
7751
7752
7750
7750
7758
7770
7764
7755
7772
7731
7787
7769
7675
7655
7655
7587
7617
7659
7695
7677
7682
7683
7683
7698
7692
7656
7698
7763
7801
7801
7811
7811
7808
7868
7868
7868
7796
7744
7725
7728
7736
7755
7757
7774
7821
7886
7867
7867
7869
7782
7779
7813
7763
7739
7795
7851
7856
7879
7817
7747
7783
7722
7673
7663
7694
7681
7684
7743
7699
7757
7697
7709
7757
7757
7710
7637
7596
7603
7604
7611
7576
7604
7604
7604
7623
7581
7650
7663
7626
7608
7622
7653
7639
7674
7744
7706
7706
7646
7601
7668
7733
7743
7748
7814
7852
7911
7884
7851
7851
7825
7825
7682
7729
7661
7643
7677
7677
7671
7602
7704
7654
7651
7706
7636
7680
7616
7659
7659
7659
7659
7550
7609
7627
7672
7672
7672
7636
7630
7587
7598
7573
7603
7537
7556
7560
7545
7577
7495
7458
7419
7438
7452
7452
7504
7438
7477
7477
7454
7435
7446
7366
7464
7492
7582
7602
7587
7559
7528
7528
7511
7516
7452
7460
7458
7448
7368
7427
7428
7480
7472
7472
7431
7480
7491
7419
7402
7424
7424
7424
7417
7457
7452
7459
7463
7487
7440
7446
7511
7492
7492
7483
7539
7539
7526
7520
7635
7635
7661
7610
7579
7598
7617
7659
7659
7606
7582
7567
7581
7609
7611
7540
7551
7570
7543
7555
7619
7652
7651
7650
7654
7606
7600
7710
7685
7634
7634
7634
7647
7698
7705
7705
7705
7813
7817
7818
7858
7815
7766
7807
7807
7762
7727
7754
7664
7680
7668
7738
7738
7820
7816
7861
7863
7863
7868
7810
7835
7840
7840
7802
7828
7840
7809
7809
7761
7764
7750
7761
7766
7805
7761
7740
7729
7708
7749
7710
7667
7642
7642
7622
7587
7595
7601
7593
7595
7615
7615
7615
7531
7541
7505
7526
7520
7524
7567
7567
7553
7553
7553
7608
7603
7603
7582
7582
7612
7612
7592
7601
7601
7562
7638
7638
7610
7581
7581
7651
7657
7670
7699
7662
7692
7622
7714
7652
7659
7659
7659
7652
7643
7670
7668
7668
7632
7587
7635
7719
7754
7754
7770
7777
7859
7812
7698
7666
7651
7660
7656
7656
7621
7582
7551
7562
7562
7560
7560
7493
7576
7582
7582
7616
7567
7567
7567
7630
7668
7676
7660
7700
7636
7634
7671
7623
7694
7690
7690
7683
7683
7750
7742
7776
7742
7730
7653
7692
7674
7684
7712
7712
7713
7648
7625
7609
7627
7693
7683
7678
7678
7649
7649
7706
7706
7774
7774
7782
7782
7822
7861
7861
7777
7754
7810
7753
7798
7864
7868
7770
7886
7859
7820
7766
7705
7677
7661
7661
7675
7662
7711
7711
7711
7791
7853
7853
7862
7870
7898
7931
7931
7948
7955
7921
7907
7902
7877
7842
7796
7796
7814
7766
7761
7800
7774
7700
7723
7783
7761
7723
7791
7791
7851
7805
7815
7865
7788
7788
7734
7760
7760
7661
7655
7668
7649
7592
7592
7601
7519
7535
7571
7571
7523
7523
7658
7658
7658
7649
7610
7594
7568
7571
7638
7636
7644
7703
7740
7769
7778
7711
7711
7711
7697
7670
7681
7693
7751
7760
7792
7855
7808
7868
7764
7770
7831
7748
7701
7755
7755
7755
7824
7824
7763
7765
7696
7696
7673
7673
7701
7712
7680
7613
7597
7610
7614
7614
7637
7637
7612
7611
7616
7679
7642
7658
7717
7717
7643
7643
7694
7679
7679
7679
7663
7663
7661
7660
7682
7705
7705
7705
7700
7700
7720
7759
7759
7739
7799
7734
7693
7772
7713
7690
7669
7650
7705
7771
7722
7734
7734
7754
7774
7719
7772
7771
7771
7791
7839
7839
7782
7849
7864
7817
7817
7819
7819
7793
7793
7762
7742
7778
7741
7671
7637
7641
7691
7642
7633
7632
7579
7663
7663
7701
7773
7774
7774
7763
7763
7694
7673
7673
7592
7551
7513
7557
7586
7586
7586
7586
7606
7597
7643
7597
7588
7615
7596
7622
7624
7634
7579
7548
7550
7550
7550
7542
7515
7546
7534
7626
7629
7644
7515
7560
7560
7612
7607
7623
7630
7657
7714
7691
7686
7701
7654
7718
7626
7631
7621
7611
7607
7607
7694
7712
7764
7774
7801
7715
7715
7660
7781
7781
7781
7768
7757
7757
7696
7704
7690
7652
7652
7603
7675
7685
7685
7685
7711
7711
7744
7727
7727
7727
7715
7708
7722
7682
7682
7682
7643
7635
7613
7628
7540
7540
7519
7504
7475
7464
7456
7456
7482
7482
7504
7536
7617
7640
7640
7636
7640
7594
7554
7571
7565
7626
7557
7557
7548
7548
7591
7553
7553
7602
7602
7602
7563
7572
7541
7541
7541
7606
7649
7633
7619
7619
7619
7619
7633
7663
7658
7620
7681
7718
7700
7700
7684
7684
7668
7687
7641
7644
7644
7674
7672
7656
7667
7688
7686
7675
7642
7644
7530
7540
7576
7576
7590
7519
7519
7538
7538
7527
7535
7506
7511
7565
7556
7580
7580
7580
7591
7634
7654
7722
7722
7694
7648
7676
7676
7676
7655
7655
7664
7725
7793
7790
7823
7786
7761
7761
7796
7831
7774
7711
7684
7704
7704
7704
7710
7762
7766
7722
7705
7733
7733
7733
7675
7602
7587
7587
7582
7560
7537
7502
7464
7481
7477
7412
7360
7368
7362
7358
7448
7448
7452
7452
7452
7455
7486
7364
7388
7428
7431
7406
7345
7363
7335
7353
7353
7402
7410
7447
7409
7387
7423
7424
7506
7539
7539
7539
7539
7549
7493
7453
7453
7443
7496
7592
7592
7592
7594
7594
7594
7581
7526
7495
7480
7480
7466
7466
7434
7472
7472
7474
7472
7408
7501
7488
7488
7488
7508
7547
7547
7616
7616
7585
7585
7619
7578
7578
7584
7609
7536
7505
7520
7520
7520
7499
7509
7471
7495
7451
7477
7440
7516
7516
7564
7588
7588
7575
7575
7632
7628
7542
7631
7660
7601
7619
7647
7647
7647
7663
7705
7657
7619
7619
7567
7609
7585
7585
7610
7604
7632
7641
7540
7526
7522
7525
7525
7520
7524
7534
7561
7581
7615
7639
7701
7701
7687
7686
7686
7615
7577
7572
7560
7513
7514
7520
7520
7520
7543
7543
7502
7483
7483
7483
7544
7546
7563
7585
7585
7675
7675
7713
7675
7675
7664
7664
7621
7621
7527
7527
7568
7578
7576
7564
7569
7596
7667
7643
7653
7653
7613
7607
7536
7526
7526
7585
7539
7558
7522
7462
7462
7466
7531
7610
7614
7562
7581
7547
7570
7570
7617
7524
7529
7603
7491
7491
7488
7500
7500
7500
7517
7514
7484
7514
7496
7448
7430
7454
7493
7495
7396
7396
7344
7316
7356
7417
7433
7451
7451
7477
7477
7510
7508
7481
7519
7519
7471
7499
7421
7421
7421
7421
7421
7448
7452
7480
7487
7601
7619
7618
7547
7630
7641
7641
7655
7656
7701
7693
7718
7719
7776
7777
7786
7786
7734
7767
7739
7802
7813
7813
7810
7797
7814
7823
7828
7828
7714
7752
7769
7800
7800
7800
7776
7776
7755
7810
7873
7854
7854
7767
7767
7739
7778
7862
7901
7795
7795
7731
7724
7724
7751
7790
7809
7809
7900
7877
7819
7807
7809
7830
7830
7859
7801
7755
7781
7802
7825
7747
7749
7696
7799
7799
7788
7788
7842
7842
7856
7838
7769
7746
7761
7781
7781
7750
7714
7693
7693
7689
7689
7698
7670
7619
7571
7571
7569
7569
7490
7490
7456
7512
7512
7533
7533
7434
7415
7444
7535
7535
7535
7483
7509
7488
7503
7503
7424
7424
7485
7484
7450
7450
7484
7516
7519
7519
7522
7576
7569
7501
7501
7501
7564
7564
7564
7560
7557
7557
7557
7545
7627
7627
7641
7698
7652
7638
7638
7654
7674
7674
7662
7662
7633
7513
7499
7552
7552
7552
7552
7547
7565
7581
7581
7581
7605
7563
7531
7460
7460
7403
7444
7491
7483
7540
7549
7549
7509
7500
7567
7538
7581
7569
7496
7538
7538
7540
7500
7470
7445
7445
7445
7445
7428
7449
7449
7428
7428
7428
7428
7436
7436
7390
7444
7475
7479
7557
7554
7604
7604
7600
7600
7600
7514
7509
7509
7490
7490
7513
7552
7552
7552
7546
7569
7603
7591
7649
7586
7516
7516
7516
7587
7614
7703
7729
7772
7763
7747
7728
7737
7737
7741
7816
7715
7720
7591
7579
7545
7548
7548
7570
7567
7501
7503
7591
7591
7523
7523
7549
7612
7650
7677
7677
7677
7641
7641
7641
7677
7646
7608
7657
7664
7664
7664
7664
7664
7705
7747
7751
7778
7792
7809
7727
7701
7682
7646
7632
7632
7672
7660
7553
7570
7574
7574
7574
7574
7574
7585
7580
7600
7600
7561
7561
7562
7562
7562
7590
7596
7560
7586
7552
7600
7616
7616
7654
7544
7566
7576
7578
7500
7467
7558
7558
7516
7524
7566
7566
7566
7566
7566
7527
7514
7536
7636
7616
7611
7611
7611
7637
7637
7544
7554
7507
7507
7508
7526
7545
7545
7545
7551
7550
7497
7497
7497
7471
7471
7471
7435
7442
7438
7393
7393
7420
7460
7460
7381
7381
7417
7435
7435
7435
7435
7435
7435
7412
7406
7501
7496
7496
7492
7541
7546
7580
7580
7580
7580
7563
7529
7583
7605
7610
7610
7640
7606
7606
7606
7606
7606
7566
7510
7507
7503
7523
7595
7664
7560
7560
7560
7517
7512
7580
7580
7607
7607
7607
7556
7556
7556
7538
7538
7538
7548
7518
7539
7539
7485
7437
7485
7470
7449
7464
7509
7512
7520
7525
7525
7551
7551
7523
7523
7528
7597
7584
7556
7530
7530
7429
7429
7473
7479
7507
7507
7527
7519
7505
7505
7476
7476
7466
7488
7516
7505
7498
7498
7562
7562
7562
7548
7554
7578
7531
7552
7593
7641
7660
7660
7612
7612
7619
7722
7722
7739
7715
7695
7695
7637
7618
7601
7547
7576
7501
7477
7454
7454
7454
7454
7454
7476
7476
7362
7362
7393
7393
7396
7396
7452
7494
7494
7404
7413
7413
7368
7368
7408
7400
7400
7386
7409
7445
7445
7445
7409
7417
7381
7375
7372
7372
7465
7467
7514
7475
7428
7429
7429
7475
7491
7524
7553
7579
7579
7612
7609
7586
7518
7518
7528
7528
7518
7518
7510
7477
7524
7542
7614
7614
7592
7611
7609
7609
7546
7511
7511
7511
7525
7525
7494
7520
7520
7520
7520
7447
7447
7460
7442
7478
7483
7416
7441
7441
7337
7376
7376
7376
7337
7305
7305
7275
7307
7329
7325
7313
7238
7238
7220
7220
7220
7246
7265
7265
7265
7311
7306
7306
7394
7434
7364
7364
7331
7331
7344
7366
7366
7357
7357
7333
7335
7372
7438
7453
7473
7484
7484
7460
7460
7454
7442
7492
7511
7498
7498
7438
7455
7527
7527
7522
7506
7523
7445
7434
7379
7379
7318
7318
7292
7292
7317
7352
7352
7399
7401
7423
7415
7406
7420
7420
7420
7423
7423
7412
7432
7432
7403
7390
7370
7370
7405
7405
7405
7447
7407
7407
7380
7380
7413
7430
7503
7458
7413
7413
7444
7373
7343
7343
7410
7368
7382
7444
7475
7475
7402
7408
7423
7423
7457
7455
7455
7429
7498
7498
7498
7511
7539
7513
7511
7541
7537
7518
7570
7519
7544
7497
7500
7500
7491
7486
7486
7486
7519
7519
7503
7503
7503
7526
7511
7543
7543
7535
7499
7666
7626
7645
7645
7635
7635
7570
7521
7521
7500
7500
7530
7530
7530
7585
7660
7597
7658
7644
7557
7485
7488
7410
7412
7395
7342
7342
7383
7364
7398
7406
7406
7460
7485
7473
7473
7483
7483
7478
7478
7478
7461
7481
7454
7475
7475
7420
7420
7420
7420
7427
7427
7427
7453
7465
7465
7465
7442
7442
7523
7555
7555
7555
7541
7541
7518
7518
7453
7450
7450
7501
7507
7556
7556
7556
7597
7562
7562
7548
7548
7543
7543
7543
7526
7526
7526
7535
7536
7536
7577
7564
7564
7553
7503
7557
7572
7550
7512
7503
7503
7497
7532
7532
7518
7518
7505
7530
7530
7519
7502
7502
7534
7532
7528
7528
7528
7503
7497
7462
7482
7482
7433
7414
7414
7414
7414
7421
7421
7421
7405
7472
7569
7616
7565
7513
7495
7495
7501
7499
7429
7392
7384
7384
7384
7447
7428
7428
7428
7428
7428
7428
7428
7440
7470
7487
7487
7489
7489
7489
7489
7527
7553
7553
7553
7553
7594
7594
7564
7509
7509
7531
7515
7532
7578
7477
7477
7477
7526
7526
7516
7502
7493
7444
7337
7337
7342
7394
7423
7486
7482
7482
7498
7500
7487
7487
7505
7500
7498
7494
7494
7562
7558
7558
7617
7617
7610
7594
7546
7552
7556
7526
7480
7480
7495
7496
7490
7464
7464
7464
7460
7477
7503
7474
7475
7509
7502
7502
7487
7473
7458
7458
7458
7472
7451
7451
7446
7446
7420
7446
7446
7446
7467
7481
7481
7481
7459
7459
7413
7413
7425
7388
7389
7389
7383
7428
7428
7428
7404
7386
7417
7385
7366
7366
7366
7366
7386
7388
7383
7383
7383
7383
7378
7373
7463
7401
7401
7349
7385
7419
7419
7419
7400
7341
7341
7318
7296
7296
7296
7337
7338
7338
7348
7335
7335
7333
7355
7301
7301
7308
7310
7310
7310
7310
7354
7317
7317
7346
7346
7369
7369
7369
7380
7380
7399
7407
7407
7371
7371
7300
7300
7300
7300
7345
7362
7362
7368
7368
7368
7368
7373
7354
7354
7354
7372
7337
7361
7371
7371
7363
7363
7363
7318
7318
7315
7315
7306
7306
7306
7339
7319
7337
7328
7282
7278
7283
7283
7283
7283
7273
7273
7273
7293
7293
7281
7203
7198
7198
7198
7198
7227
7227
7205
7205
7205
7205
7221
7283
7283
7239
7239
7272
7207
7226
7226
7226
7226
7226
7240
7301
7270
7299
7299
7310
7310
7310
7310
7352
7307
7307
7293
7293
7293
7293
7355
7336
7304
7304
7304
7304
7316
7360
7360
7360
7425
7425
7425
7425
7419
7415
7415
7415
7415
7415
7435
7399
7408
7408
7403
7403
7387
7386
7386
7386
7386
7421
7391
7400
7400
7391
7391
7441
7490
7529
7475
7475
7476
7476
7482
7488
7488
7483
7496
7493
7495
7495
7503
7503
7503
7479
7500
7541
7546
7556
7463
7463
7463
7464
7464
7404
7404
7398
7398
7432
7419
7413
7409
7409
7397
7397
7397
7341
7340
7347
7347
7347
7347
7374
7374
7345
7340
7340
7340
7343
7323
7368
7368
7368
7368
7368
7386
7413
7413
7413
7375
7384
7384
7384
7382
7382
7382
7382
7382
7382
7382
7443
7435
7447
7447
7447
7472
7472
7472
7472
7452
7416
7416
7399
7399
7377
7379
7379
7379
7425
7425
7404
7419
7419
7423
7415
7423
7423
7436
7407
7407
7453
7449
7425
7409
7366
7366
7366
7366
7366
7366
7366
7379
7379
7393
7393
7427
7427
7427
7440
7494
7481
7481
7481
7513
7513
7513
7554
7554
7559
7522
7517
7499
7499
7531
7537
7537
7527
7548
7547
7537
7545
7564
7613
7613
7670
7655
7634
7619
7509
7486
7486
7486
7494
7528
7526
7509
7517
7519
7534
7534
7541
7541
7541
7510
7510
7510
7510
7510
7510
7488
7488
7488
7488
7422
7456
7423
7423
7423
7423
7404
7404
7404
7404
7404
7404
7419
7447
7447
7455
7455
7455
7460
7404
7396
7510
7516
7492
7438
7438
7432
7432
7432
7432
7427
7427
7427
7424
7424
7424
7393
7422
7422
7436
7436
7436
7436
7436
7441
7441
7515
7515
7574
7544
7494
7482
7440
7440
7435
7477
7457
7442
7442
7442
7442
7442
7425
7425
7370
7369
7369
7366
7325
7335
7335
7335
7335
7337
7337
7337
7359
7359
7359
7377
7370
7400
7417
7378
7378
7378
7378
7378
7347
7347
7347
7347
7356
7355
7380
7384
7388
7388
7368
7371
7350
7323
7323
7305
7305
7313
7301
7266
7294
7294
7294
7334
7334
7370
7376
7381
7381
7381
7409
7409
7409
7409
7436
7436
7436
7415
7415
7415
7415
7442
7442
7427
7427
7427
7427
7427
7400
7384
7375
7392
7392
7403
7403
7403
7403
7403
7417
7426
7454
7439
7473
7441
7441
7445
7445
7436
7414
7385
7385
7413
7413
7388
7371
7322
7322
7360
7360
7344
7344
7384
7384
7384
7384
7321
7301
7276
7276
7263
7276
7259
7271
7346
7346
7346
7346
7357
7357
7357
7359
7363
7363
7363
7371
7371
7371
7309
7309
7294
7294
7310
7310
7336
7336
7335
7328
7313
7313
7313
7280
7280
7276
7276
7284
7284
7311
7297
7297
7238
7238
7238
7239
7239
7239
7244
7244
7244
7244
7244
7208
7258
7234
7246
7246
7238
7212
7212
7212
7210
7210
7229
7235
7201
7201
7227
7201
7182
7182
7182
7182
7182
7196
7233
7237
7261
7261
7239
7239
7239
7239
7214
7197
7192
7149
7149
7149
7149
7161
7108
7166
7098
7098
7098
7098
7098
7098
7104
7104
7104
7114
7140
7140
7143
7143
7190
7144
7172
7172
7176
7160
7160
7156
7152
7177
7177
7218
7208
7190
7229
7218
7218
7257
7240
7241
7221
7221
7265
7265
7265
7274
7302
7340
7340
7289
7289
7289
7289
7229
7239
7279
7279
7279
7282
7291
7288
7305
7305
7305
7305
7305
7263
7237
7237
7294
7258
7258
7258
7299
7269
7269
7269
7289
7331
7331
7331
7331
7355
7355
7361
7361
7341
7395
7385
7425
7427
7423
7423
7423
7423
7400
7430
7430
7430
7440
7435
7353
7353
7353
7323
7324
7324
7324
7324
7324
7324
7315
7352
7352
7322
7317
7317
7317
7317
7317
7309
7309
7287
7287
7287
7287
7286
7286
7286
7286
7286
7272
7272
7293
7293
7299
7299
7299
7295
7295
7295
7297
7297
7297
7300
7300
7300
7300
7300
7300
7297
7297
7297
7297
7333
7333
7329
7290
7290
7290
7296
7342
7342
7340
7310
7287
7287
7246
7258
7258
7258
7263
7263
7263
7240
7240
7240
7240
7231
7231
7228
7228
7228
7228
7228
7228
7227
7195
7195
7165
7167
7184
7213
7213
7213
7276
7276
7276
7276
7276
7207
7223
7223
7245
7254
7254
7280
7240
7240
7240
7202
7220
7234
7234
7213
7213
7206
7206
7206
7206
7206
7206
7206
7250
7250
7299
7292
7303
7303
7303
7309
7309
7321
7321
7321
7247
7247
7247
7247
7247
7247
7264
7264
7264
7244
7244
7257
7253
7290
7318
7318
7332
7332
7325
7299
7299
7299
7292
7263
7263
7235
7235
7235
7243
7299
7261
7255
7255
7254
7254
7254
7281
7289
7289
7289
7289
7289
7289
7289
7289
7289
7380
7380
7338
7336
7336
7336
7336
7336
7332
7332
7332
7345
7311
7290
7301
7333
7333
7355
7355
7399
7399
7399
7399
7390
7390
7390
7390
7426
7426
7426
7426
7417
7401
7401
7401
7401
7428
7428
7428
7428
7417
7417
7417
7417
7394
7398
7398
7398
7432
7444
7407
7387
7387
7348
7337
7326
7338
7338
7354
7354
7354
7354
7354
7353
7342
7342
7297
7297
7297
7345
7345
7345
7345
7348
7407
7407
7407
7407
7407
7407
7407
7460
7460
7460
7460
7455
7420
7420
7389
7389
7383
7361
7361
7361
7361
7361
7375
7336
7336
7336
7257
7257
7217
7217
7217
7217
7217
7217
7210
7210
7210
7167
7170
7170
7159
7156
7148
7176
7176
7176
7225
7201
7206
7206
7160
7196
7196
7196
7178
7191
7191
7231
7231
7231
7231
7163
7125
7126
7091
7120
7120
7120
7120
7141
7141
7141
7141
7141
7141
7141
7141
7141
7177
7177
7177
7177
7177
7177
7177
7186
7163
7163
7163
7163
7191
7191
7182
7188
7188
7188
7188
7185
7199
7186
7186
7199
7199
7199
7197
7197
7196
7196
7202
7227
7227
7227
7227
7227
7236
7195
7187
7177
7216
7216
7216
7235
7218
7216
7216
7216
7216
7222
7222
7222
7299
7249
7177
7177
7169
7177
7177
7177
7177
7164
7164
7164
7190
7190
7190
7190
7190
7153
7153
7146
7146
7146
7124
7124
7124
7124
7124
7124
7060
7060
7079
7079
7079
7079
7079
7119
7115
7117
7117
7168
7168
7168
7207
7207
7207
7215
7187
7180
7180
7180
7203
7234
7186
7171
7217
7217
7268
7242
7229
7244
7244
7244
7254
7254
7251
7265
7242
7242
7237
7237
7237
7221
7221
7221
7221
7217
7236
7236
7234
7234
7218
7218
7225
7225
7225
7225
7225
7225
7222
7182
7182
7193
7209
7209
7209
7209
7267
7260
7260
7260
7224
7224
7224
7224
7224
7261
7261
7255
7255
7227
7227
7226
7188
7157
7162
7162
7162
7169
7165
7112
7112
7112
7098
7098
7101
7101
7101
7101
7101
7101
7096
7096
7096
7096
7096
7096
7096
7096
7125
7096
7096
7096
7096
7096
7096
7104
7104
7104
7104
7104
7118
7118
7152
7164
7168
7168
7168
7168
7168
7163
7171
7171
7171
7159
7186
7186
7186
7186
7186
7186
7186
7186
7186
7186
7186
7182
7194
7208
7212
7212
7212
7212
7212
7212
7212
7212
7212
7220
7220
7220
7220
7251
7280
7280
7280
7280
7246
7253
7253
7253
7253
7253
7253
7232
7232
7232
7232
7232
7237
7237
7249
7185
7185
7185
7170
7170
7141
7129
7127
7144
7144
7140
7140
7140
7140
7163
7185
7185
7214
7214
7214
7198
7198
7198
7198
7182
7156
7161
7161
7161
7161
7179
7179
7179
7179
7161
7182
7161
7161
7138
7117
7117
7117
7117
7151
7151
7151
7151
7151
7177
7177
7177
7193
7193
7193
7177
7209
7199
7199
7186
7186
7186
7186
7170
7246
7246
7246
7246
7246
7246
7246
7246
7246
7246
7246
7217
7203
7203
7212
7212
7212
7212
7212
7212
7212
7212
7253
7253
7256
7256
7218
7218
7218
7202
7202
7202
7200
7168
7136
7136
7136
7136
7136
7136
7136
7136
7136
7136
7136
7137
7137
7137
7141
7141
7141
7141
7149
7153
7153
7153
7153
7153
7153
7157
7157
7157
7157
7157
7157
7157
7156
7144
7098
7098
7098
7084
7084
7084
7084
7075
7075
7075
7075
7075
7075
7075
7075
7122
7122
7122
7103
7103
7103
7125
7125
7125
7125
7101
7074
7074
7102
7102
7102
7129
7129
7129
7129
7129
7129
7129
7129
7117
7117
7100
7093
7093
7093
7093
7093
7090
7090
7090
7090
7096
7096
7096
7103
7098
7098
7109
7109
7109
7109
7084
7084
7084
7051
7051
7051
7051
7051
7051
7051
7028
7028
7028
7028
7028
7028
7043
7043
7062
7062
7062
7062
7062
7062
7062
7062
7050
7050
7050
7050
7050
7101
7096
7096
7096
7096
7096
7096
7096
7096
7096
7096
7096
7117
7117
7117
7117
7123
7123
7123
7123
7123
7118
7118
7118
7118
7087
7087
7087
7087
7087
7098
7098
7098
7098
7058
7058
7058
7058
7058
7058
7058
7058
7065
7065
7065
7065
7065
7065
7065
7065
7069
7076
7102
7052
7052
7052
7048
7048
7048
7048
7048
7048
7048
7016
7016
7001
7001
7001
7001
7001
7001
7001
7001
7001
7001
7001
7001
7001
7001
7001
6986
6999
6999
6999
6999
6999
6999
6999
7010
7010
6975
6986
6986
7007
7007
7005
7005
7005
7005
7005
7005
7005
6976
6976
6976
6976
6976
6976
6976
6976
6976
6976
6992
6992
6992
7064
7064
7064
7064
7064
7064
7030
7030
7030
7030
7030
7030
7030
7030
7035
7035
7035
7091
7091
7091
7091
7091
7091
7091
7091
7091
7091
7091
7091
7091
7091
7091
7091
7091
7091
7099
7099
7099
7099
7099
7089
7089
7063
7013
7013
7013
7013
7013
7013
6984
6984
6984
6984
6984
6984
6984
6984
6978
6978
6978
6978
6978
6978
6978
6978
6978
6972
6972
6980
7022
7057
7057
7057
7057
7057
7057
7057
7057
7057
7057
7057
7057
7057
7057
7057
7057
7057
7057
7057
7057
7057
7057
7057
7057
7057
7057
7057
7057
7057
7057
7067
7067
7067
7067
7067
7067
7065
7069
7069
7047
7047
7047
7047
7047
7047
7047
7035
7035
7035
7035
7035
7035
7035
7067
7067
7067
7067
7067
7067
7067
7067
7066
7066
7066
7066
7066
7074
7048
7048
7048
7048
7048
7036
7036
7036
7036
6997
6997
6997
6997
6997
6997
6997
7017
7017
7017
7017
7012
6991
7023
7023
7068
7068
7068
7068
7068
7068
7089
7089
7089
7091
7085
7085
7085
7068
7061
7061
7061
7061
7061
7061
7064
7064
7053
7053
7053
7062
7073
7063
7063
7063
7063
7063
7063
7053
7051
7051
7051
7051
7051
7051
7051
7051
7051
7051
7051
7051
7051
7081
7081
7081
7081
7081
7081
7081
7081
7081
7081
7081
7068
7068
7052
7052
7052
7052
7052
7037
7037
7037
7019
6978
6978
6978
6978
6978
6978
6978
6978
6978
6978
6966
6966
6974
6974
6974
6974
6974
6974
6974
6974
6974
6974
6974
6977
6977
6977
6977
6977
6977
6977
6977
6977
6977
6947
6947
6947
6947
6947
6947
6947
6947
6947
6947
6947
6947
6948
6948
6955
6955
6955
6955
6955
6955
6955
6944
6944
6944
6944
6944
6944
6944
6944
6944
6974
6981
6981
6981
6981
6981
6981
6977
6986
6986
6986
6986
6986
6986
6986
7005
7006
7009
7009
7009
7009
7009
7009
7009
7009
7009
7009
7009
7009
7009
7009
7009
7009
7009
7009
7020
7020
7020
7020
7020
7020
7020
7020
7011
7011
7002
7002
7002
7002
7002
7002
7002
7002
6977
6977
6977
6999
6999
6999
6999
6999
6999
6999
6999
6999
6999
6999
6990
6990
6990
6990
6990
6990
6990
6990
6990
6990
6964
6964
6964
6964
6964
6965
6952
6952
6986
6986
6986
6987
6987
6945
6945
6945
6945
6945
6945
6945
6945
6945
6945
6945
6945
6945
6945
6945
6945
6945
6945
6945
6945
6945
6945
6945
6945
6945
6945
6945
6945
6945
6945
6945
6945
6945
6945
6945
6947
6947
6947
6947
6947
6947
6947
6947
6947
6947
6947
6947
6947
6947
6947
6947
6947
6947
6947
6947
6947
6947
6947
6947
6947
6930
6930
6930
6930
6930
6930
6930
6930
6930
6930
6930
6930
6930
6930
6930
6930
6930
6908
6908
6908
6908
6908
6908
6908
6908
6908
6908
6908
6908
6908
6908
6908
6908
6908
6898
6898
6898
6888
6888
6888
6888
6881
6881
6881
6881
6881
6881
6881
6881
6881
6881
6881
6902
6902
6899
6899
6899
6899
6899
6899
6899
6899
6899
6899
6899
6899
6899
6899
6899
6886
6886
6886
6886
6886
6886
6886
6886
6886
6886
6886
6886
6886
6886
6886
6886
6879
6879
6879
6879
6879
6884
6884
6884
6884
6883
6883
6883
6883
6883
6883
6883
6883
6842
6842
6842
6842
6842
6842
6842
6842
6842
6842
6842
6842
6842
6842
6842
6842
6842
6842
6842
6842
6842
6842
6842
6842
6842
6842
6842
6842
6845
6845
6863
6836
6836
6836
6836
6836
6836
6836
6836
6836
6836
6836
6836
6836
6836
6836
6836
6836
6836
6836
6836
6836
6836
6836
6836
6836
6836
6836
6836
6836
6836
6836
6836
6836
6836
6836
6836
6836
6836
6836
6836
6836
6836
6836
6836
6836
6836
6836
6836
6836
6836
6836
6836
6836
6836
6836
6836
6836
6836
6836
6836
6836
6836
6836
6836
6836
6836
6836
6836
6836
6836
6836
6836
6836
6836
6836
6836
6836
6836
6836
6836
6836
6836
6836
6836
6836
6836
6836
6836
6836
6836
6836
6836
6836
6836
6836
6836
6836
6836
6836
6836
6836
6836
6836
6836
6836
6836
6836
6836
6836
6836
6836
6836
6836
6836
6836
6836
6836
6836
6836
6836
6836
6836
6836
6836
6836
6836
6836
6836
6836
6836
6836
6836
6836
6836
6836
6836
6845
6845
6845
6845
6845
6845
6845
6845
6845
6845
6845
6845
6845
6845
6845
6845
6845
6845
6845
6845
6845
6845
6845
6845
6845
6845
6845
6845
6845
6845
6845
6845
6845
6845
6845
6845
6845
6845
6845
6853
6853
6853
6853
6853
6857
6857
6857
6857
6857
6857
6857
6857
6857
6857
6857
6857
6857
6857
6857
6857
6857
6857
6857
6857
6857
6857
6857
6857
6857
6857
6857
6857
6857
6857
6857
6857
6857
6857
6857
6857
6857
6857
6857
6857
6857
6857
6857
6857
6857
6857
6857
6857
6857
6857
6860
6860
6860
6860
6860
6860
6860
6860
6860
6884
6884
6884
6884
6884
6865
6865
6865
6865
6865
6865
6865
6865
6865
6865
6865
6865
6868
6868
6868
6868
6868
6868
6868
6873
6873
6873
6873
6873
6873
6873
6873
6873
6873
6873
6873
6873
6850
6850
6850
6850
6850
6850
6850
6858
6858
6858
6858
6858
6858
6852
6848
6848
6848
6848
6848
6848
6848
6848
6848
6848
6848
6848
6848
6848
6848
6854
6854
6854
6854
6854
6854
6854
6854
6854
6854
6854
6854
6854
6854
6854
6854
6854
6864
6864
6864
6864
6864
6864
6864
6864
6864
6864
6864
6864
6864
6864
6864
6864
6864
6864
6864
6864
6864
6864
6864
6864
6891
6891
6886
6886
6886
6886
6886
6886
6886
6886
6886
6886
6886
6886
6886
6886
6886
6886
6886
6886
6886
6886
6886
6886
6886
6890
6890
6878
6886
6886
6886
6886
6886
6886
6886
6885
6885
6885
6885
6885
6885
6885
6859
6859
6859
6859
6859
6859
6859
6859
6859
6859
6859
6859
6859
6859
6859
6859
6859
6859
6859
6859
6859
6859
6859
6857
6857
6857
6857
6857
6857
6857
6857
6861
6861
6861
6861
6861
6851
6851
6851
6851
6851
6848
6848
6848
6848
6848
6848
6848
6848
6848
6848
6848
6848
6848
6848
6848
6820
6820
6820
6820
6820
6820
6820
6820
6820
6822
6822
6822
6822
6822
6822
6822
6825
6825
6825
6825
6825
6825
6825
6825
6825
6825
6825
6825
6825
6825
6825
6825
6825
6825
6825
6825
6825
6825
6825
6825
6825
6825
6825
6825
6825
6825
6825
6825
6825
6825
6825
6825
6825
6825
6825
6825
6825
6824
6824
6824
6824
6824
6824
6824
6824
6824
6824
6824
6824
6824
6824
6824
6824
6824
6824
6824
6824
6824
6824
6824
6824
6824
6824
6824
6824
6824
6824
6824
6824
6824
6824
6824
6824
6824
6824
6824
6824
6824
6824
6824
6824
6824
6824
6824
6824
6824
6824
6824
6824
6824
6824
6824
6824
6824
6824
6824
6824
6824
6824
6824
6824
6824
6824
6824
6824
6824
6824
6824
6824
6824
6824
6824
6824
6824
6824
6824
6824
6824
6824
6824
6824
6824
6824
6824
6824
6824
6824
6824
6824
6824
6824
6824
6824
6824
6824
6824
6824
6824
6824
6824
6824
6824
6824
6824
6824
6824
6824
6824
6824
6824
6824
6824
6824
6824
6824
6824
6824
6824
6824
6824
6824
6824
6824
6824
6824
6824
6824
6824
6824
6824
6824
6824
6824
6824
6824
6824
6824
6824
6824
6824
6824
6824
6824
6824
6824
6824
6824
6824
6824
6824
6824
6824
6824
6824
6824
6824
6824
6824
6824
6824
6824
6824
6824
6824
6824
6824
6824
6824
6824
6824
6824
6824
6824
6824
6824
6824
6824
6824
6824
6824
6824
6824
6824
6824
6824
6824
6824
6824
6824
6824
6824
6824
6824
6819
6819
6819
6819
6819
6819
6819
6819
6819
6821
6821
6821
6821
6821
6821
6821
6821
6821
6821
6821
6821
6821
6821
6821
6821
6821
6821
6821
6821
6821
6821
6821
6821
6821
6821
6821
6821
6821
6821
6821
6821
6821
6821
6821
6821
6821
6821
6821
6801
6790
6790
6790
6790
6790
6790
6780
6780
6780
6780
6780
6780
6780
6780
6780
6780
6780
6780
6780
6780
6780
6780
6780
6780
6780
6780
6780
6780
6780
6780
6780
6783
6783
6783
6783
6783
6783
6783
6783
6783
6783
6785
6785
6785
6785
6785
6785
6785
6785
6785
6785
6785
6785
6785
6785
6785
6785
6785
6785
6785
6785
6785
6785
6785
6785
6785
6785
6785
6785
6785
6785
6785
6785
6785
6785
6785
6785
6785
6785
6785
6785
6785
6785
6785
6785
6785
6785
6785
6785
6785
6785
6785
6785
6785
6785
6785
6785
6785
6785
6785
6785
6785
6785
6785
6785
6785
6785
6785
6785
6785
6785
6785
6785
6785
6785
6785
6785
6785
6785
6785
6785
6785
6785
6785
6785
6785
6785
6785
6785
6785
6785
6785
6785
6785
6785
6785
6785
6785
6785
6785
6785
6785
6785
6785
6785
6783
6783
6783
6783
6783
6783
6783
6783
6783
6783
6783
6783
6783
6783
6783
6783
6783
6783
6783
6783
6783
6783
6783
6783
6783
6783
6783
6783
6783
6783
6783
6783
6783
6783
6783
6783
6783
6783
6783
6783
6783
6783
6783
6783
6783
6783
6783
6783
6783
6783
6783
6783
6783
6783
6783
6783
6783
6783
6783
6783
6783
6783
6783
6783
6783
6783
6783
6783
6783
6783
6783
6783
6783
6783
6783
6783
6783
6783
6783
6783
6783
6783
6783
6783
6783
6783
6783
6783
6783
6783
6783
6783
6783
6783
6783
6783
6783
6783
6783
6783
6783
6783
6783
6783
6783
6783
6783
6783
6783
6783
6783
6783
6783
6783
6783
6783
6783
6783
6783
6783
6783
6782
6782
6782
6782
6782
6782
6782
6782
6782
6782
6782
6782
6782
6782
6782
6782
6782
6782
6782
6782
6782
6782
6782
6782
6782
6782
6782
6782
6782
6782
6782
6782
6782
6782
6782
6782
6782
6782
6782
6782
6782
6782
6782
6782
6782
6782
6782
6782
6782
6782
6782
6782
6782
6782
6782
6782
6787
6787
6787
6787
6787
6787
6787
6787
6787
6787
6787
6787
6787
6787
6787
6787
6787
6787
6787
6787
6787
6787
6787
6787
6787
6787
6787
6787
6787
6787
6787
6787
6787
6787
6787
6787
6787
6787
6787
6787
6787
6787
6787
6787
6787
6787
6787
6787
6787
6787
6787
6787
6787
6787
6787
6787
6787
6787
6787
6787
6787
6787
6787
6787
6787
6787
6787
6787
6787
6787
6787
6787
6787
6787
6787
6787
6787
6787
6787
6787
6787
6787
6787
6787
6787
6787
6787
6787
6787
6787
6787
6787
6787
6787
6787
6785
6785
6785
6785
6785
6785
6785
6785
6785
6785
6785
6785
6785
6785
6785
6785
6785
6785
6785
6787
6787
6787
6787
6787
6787
6787
6787
6787
6787
6787
6787
6787
6787
6787
6787
6787
6787
6787
6787
6787
6787
6787
6787
6787
6787
6787
6787
6787
6787
6787
6787
6787
6787
6787
6787
6787
6787
6787
6780
6780
6780
6780
6780
6780
6780
6780
6780
6780
6781
6781
6781
6775
6775
6775
6775
6775
6775
6775
6775
6775
6775
6775
6775
6775
6773
6773
6773
6773
6773
6773
6773
6773
6773
6778
6778
6778
6778
6778
6778
6778
6778
6778
6778
6778
6778
6778
6778
6778
6778
6778
6778
6778
6778
6778
6778
6778
6778
6778
6778
6778
6778
6778
6778
6778
6778
6778
6777
6777
6777
6777
6777
6777
6755
6755
6755
6755
6755
6755
6755
6755
6755
6753
6753
6753
6753
6753
6753
6753
6753
6753
6753
6753
6753
6753
6753
6753
6753
6753
6753
6753
6753
6753
6753
6753
6753
6753
6753
6753
6753
6753
6753
6753
6753
6753
6753
6753
6753
6753
6753
6753
6753
6753
6753
6753
6753
6753
6753
6753
6753
6753
6753
6753
6753
6753
6753
6753
6753
6753
6740
6740
6740
6740
6740
6740
6740
6740
6740
6740
6740
6740
6740
6740
6740
6740
6740
6740
6740
6740
6740
6740
6740
6740
6740
6740
6740
6740
6740
6740
6740
6740
6740
6740
6740
6740
6740
6740
6740
6740
6740
6740
6740
6740
6740
6740
6740
6740
6740
6740
6740
6740
6740
6740
6740
6740
6740
6740
6740
6725
6725
6729
6729
6729
6729
6729
6729
6729
6729
6729
6729
6729
6729
6729
6729
6734
6734
6734
6734
6734
6734
6734
6734
6734
6735
6735
6735
6735
6735
6735
6735
6735
6735
6735
6735
6735
6735
6735
6735
6735
6735
6735
6735
6735
6735
6735
6735
6735
6735
6735
6735
6735
6735
6735
6735
6735
6735
6735
6735
6735
6735
6735
6735
6735
6735
6735
6735
6735
6735
6735
6735
6735
6735
6735
6735
6735
6735
6735
6735
6735
6735
6735
6735
6735
6735
6735
6735
6735
6735
6735
6735
6735
6735
6735
6735
6735
6735
6735
6735
6735
6735
6735
6735
6735
6735
6735
6735
6735
6735
6735
6735
6735
6735
6735
6735
6735
6737
6737
6737
6737
6737
6737
6737
6737
6737
6737
6737
6737
6737
6737
6737
6737
6737
6737
6737
6737
6737
6737
6737
6737
6737
6737
6737
6737
6737
6737
6737
6737
6737
6737
6737
6737
6737
6737
6737
6737
6737
6737
6737
6737
6737
6737
6737
6737
6737
6737
6737
6737
6737
6737
6737
6737
6737
6737
6737
6737
6737
6737
6737
6737
6737
6737
6737
6737
6737
6737
6737
6737
6737
6737
6737
6737
6737
6737
6737
6737
6737
6737
6737
6737
6737
6737
6737
6737
6737
6737
6737
6737
6737
6737
6737
6737
6737
6737
6737
6737
6737
6721
6721
6721
6721
6721
6721
6721
6721
6721
6721
6721
6721
6721
6721
6721
6721
6721
6721
6721
6721
6721
6721
6721
6721
6721
6721
6721
6721
6721
6721
6721
6721
6721
6721
6721
6721
6721
6721
6721
6721
6721
6721
6721
6721
6721
6721
6721
6721
6721
6721
6721
6721
6721
6721
6721
6721
6721
6721
6721
6721
6721
6721
6721
6721
6721
6721
6721
6721
6721
6721
6721
6721
6721
6721
6721
6721
6721
6721
6721
6721
6721
6721
6721
6721
6721
6721
6721
6721
6721
6721
6721
6721
6721
6721
6721
6721
6721
6721
6721
6721
6721
6721
6721
6721
6721
6721
6721
6721
6721
6721
6721
6721
6721
6721
6721
6721
6721
6721
6721
6721
6721
6721
6721
6721
6721
6721
6721
6721
6721
6721
6721
6721
6721
6721
6721
6721
6721
6721
6721
6733
6733
6733
6733
6733
6733
6733
6733
6733
6733
6733
6733
6733
6733
6733
6733
6733
6733
6733
6733
6733
6733
6733
6733
6733
6733
6733
6733
6733
6733
6733
6733
6733
6733
6733
6733
6733
6733
6733
6733
6733
6733
6729
6729
6729
6729
6729
6729
6729
6729
6729
6729
6729
6729
6729
6729
6729
6729
6729
6729
6729
6729
6729
6729
6729
6729
6729
6729
6729
6729
6729
6729
6729
6729
6729
6729
6729
6729
6729
6729
6729
6734
6734
6734
6709
6707
6707
6707
6707
6707
6707
6707
6707
6707
6707
6707
6707
6707
6707
6707
6707
6707
6707
6707
6707
6707
6707
6707
6707
6709
6709
6709
6709
6709
6709
6709
6709
6709
6709
6709
6709
6709
6709
6709
6709
6709
6709
6709
6709
6709
6709
6709
6709
6709
6709
6709
6709
6709
6709
6709
6709
6709
6709
6709
6709
6709
6709
6709
6709
6709
6709
6709
6709
6709
6709
6709
6709
6709
6709
6709
6709
6709
6709
6709
6709
6709
6702
6702
6702
6702
6702
6702
6702
6702
6702
6702
6702
6702
6702
6702
6702
6702
6702
6702
6702
6702
6702
6702
6702
6702
6702
6702
6702
6702
6702
6702
6702
6702
6702
6702
6702
6702
6702
6702
6702
6702
6699
6699
6699
6699
6699
6699
6699
6699
6699
6699
6699
6699
6699
6699
6699
6699
6699
6699
6699
6699
6699
6699
6699
6699
6699
6699
6699
6699
6699
6699
6699
6699
6699
6699
6699
6699
6699
6699
6699
6698
6698
6698
6698
6698
6698
6698
6698
6698
6698
6698
6698
6698
6698
6698
6698
6698
6698
6698
6698
6698
6698
6698
6698
6698
6698
6698
6698
6698
6698
6698
6698
6698
6698
6698
6698
6698
6698
6698
6698
6698
6698
6698
6698
6698
6698
6698
6698
6698
6698
6698
6698
6698
6698
6698
6698
6698
6698
6698
6698
6698
6698
6698
6698
6698
6698
6698
6698
6698
6698
6698
6698
6698
6698
6698
6698
6698
6698
6698
6698
6698
6698
6698
6698
6698
6698
6698
6698
6698
6698
6698
6698
6698
6698
6698
6698
6698
6698
6698
6698
6698
6698
6698
6698
6698
6698
6698
6698
6698
6698
6698
6698
6698
6700
6700
6696
6696
6696
6696
6696
6696
6696
6696
6696
6696
6696
6696
6696
6696
6696
6696
6696
6696
6696
6696
6696
6696
6696
6696
6696
6696
6696
6696
6696
6696
6696
6696
6696
6696
6696
6696
6696
6696
6696
6696
6696
6696
6696
6696
6696
6696
6696
6696
6696
6696
6696
6696
6696
6696
6696
6696
6696
6696
6696
6696
6696
6696
6696
6691
6691
6691
6691
6691
6691
6691
6691
6691
6691
6691
6691
6691
6691
6691
6691
6691
6691
6691
6691
6691
6691
6691
6691
6691
6691
6691
6691
6691
6691
6691
6691
6691
6691
6691
6691
6691
6691
6691
6691
6691
6691
6691
6691
6691
6691
6691
6691
6691
6691
6691
6691
6691
6691
6691
6691
6691
6691
6691
6691
6691
6691
6691
6691
6691
6691
6691
6691
6691
6691
6691
6691
6691
6691
6691
6691
6691
6691
6691
6690
6690
6690
6690
6690
6690
6690
6690
6690
6690
6690
6690
6690
6690
6690
6690
6690
6690
6690
6690
6690
6690
6690
6690
6690
6690
6690
6690
6690
6690
6690
6690
6690
6690
6690
6690
6690
6690
6690
6690
6690
6690
6690
6690
6690
6690
6690
6690
6679
6679
6679
6679
6679
6679
6679
6679
6679
6679
6679
6679
6679
6679
6679
6679
6679
6679
6679
6679
6679
6679
6679
6679
6679
6679
6679
6679
6679
6679
6679
6679
6679
6679
6679
6679
6679
6679
6679
6679
6679
6679
6679
6679
6679
6672
6672
6672
6672
6672
6672
6672
6672
6672
6672
6672
6672
6672
6672
6672
6672
6672
6672
6672
6672
6672
6672
6672
6672
6672
6672
6672
6672
6672
6672
6672
6672
6672
6672
6672
6672
6672
6672
6672
6672
6672
6672
6672
6672
6672
6672
6672
6672
6672
6672
6672
6672
6672
6672
6672
6672
6672
6672
6672
6672
6672
6672
6672
6672
6672
6672
6672
6672
6672
6672
6672
6672
6672
6672
6672
6672
6672
6672
6672
6672
6672
6672
6672
6672
6672
6672
6672
6672
6672
6672
6672
6672
6672
6672
6672
6672
6672
6672
6672
6672
6672
6672
6672
6672
6672
6672
6672
6674
6674
6674
6674
6674
6674
6674
6674
6674
6674
6674
6674
6674
6674
6674
6674
6674
6674
6674
6674
6674
6674
6674
6674
6674
6674
6674
6674
6674
6674
6674
6674
6674
6674
6676
6676
6676
6676
6676
6676
6676
6676
6676
6676
6676
6676
6676
6676
6676
6676
6676
6676
6676
6676
6676
6676
6676
6676
6676
6676
6676
6676
6676
6676
6676
6676
6676
6676
6676
6676
6676
6676
6676
6676
6676
6676
6676
6676
6676
6676
6676
6676
6676
6676
6676
6676
6676
6676
6676
6676
6676
6676
6676
6676
6676
6676
6676
6676
6676
6676
6676
6676
6676
6676
6676
6676
6676
6676
6676
6676
6668
6668
6668
6668
6668
6668
6668
6668
6668
6668
6668
6668
6668
6668
6668
6668
6668
6668
6668
6668
6668
6668
6668
6668
6668
6668
6668
6668
6668
6668
6668
6668
6668
6668
6668
6668
6668
6668
6668
6668
6668
6668
6668
6668
6668
6668
6668
6668
6668
6668
6668
6668
6668
6668
6668
6668
6668
6668
6668
6668
6668
6668
6668
6668
6668
6668
6668
6668
6668
6668
6668
6668
6668
6668
6668
6668
6668
6668
6668
6668
6668
6668
6668
6668
6668
6668
6668
6668
6668
6668
6668
6668
6668
6668
6668
6668
6668
6668
6668
6668
6668
6668
6668
6668
6668
6668
6668
6668
6668
6668
6668
6668
6668
6668
6668
6668
6668
6668
6668
6668
6668
6668
6668
6668
6668
6668
6668
6668
6668
6668
6668
6668
6668
6668
6668
6668
6668
6668
6668
6668
6668
6668
6668
6668
6668
6668
6668
6668
6668
6668
6668
6668
6668
6668
6668
6668
6668
6668
6668
6668
6668
6668
6668
6668
6668
6668
6668
6668
6668
6668
6668
6668
6668
6668
6668
6668
6668
6668
6668
6668
6668
6668
6668
6668
6668
6668
6668
6668
6668
6668
6668
6668
6668
6668
6668
6668
6668
6668
6668
6668
6668
6668
6668
6668
6668
6668
6668
6668
6668
6668
6668
6668
6668
6668
6668
6668
6668
6668
6668
6668
6668
6668
6668
6668
6668
6668
6668
6668
6668
6668
6668
6668
6668
6668
6668
6668
6668
6668
6668
6668
6668
6668
6668
6668
6668
6668
6668
6668
6668
6668
6668
6668
6668
6668
6668
6668
6668
6668
6668
6668
6668
6668
6668
6668
6668
6668
6668
6668
6668
6668
6668
6668
6668
6668
6668
6668
6668
6668
6668
6668
6668
6668
6668
6668
6668
6668
6668
6668
6668
6668
6668
6668
6668
6668
6668
6668
6668
6668
6668
6668
6668
6668
6668
6668
6668
6668
6668
6668
6668
6668
6668
6668
6668
6668
6668
6668
6668
6668
6668
6668
6668
6668
6668
6668
6668
6668
6668
6668
6668
6668
6668
6668
6668
6668
6668
6668
6668
6668
6668
6668
6668
6668
6668
6668
6668
6668
6668
6668
6668
6668
6668
6668
6668
6668
6668
6668
6668
6668
6668
6668
6668
6668
6668
6668
6668
6668
6668
6668
6668
6668
6668
6668
6668
6668
6668
6668
6668
6668
6668
6668
6668
6668
6668
6668
6668
6668
6668
6668
6668
6668
6668
6668
6668
6668
6668
6669
6669
6669
6669
6669
6669
6669
6669
6669
6669
6669
6669
6669
6669
6669
6669
6669
6669
6669
6669
6669
6669
6669
6669
6669
6669
6669
6669
6669
6669
6669
6669
6669
6669
6669
6669
6669
6669
6669
6669
6669
6669
6669
6669
6669
6669
6669
6669
6669
6669
6669
6669
6669
6669
6669
6669
6669
6669
6669
6669
6669
6669
6669
6669
6669
6669
6669
6669
6669
6669
6669
6669
6669
6669
6669
6669
6669
6669
6669
6669
6669
6669
6669
6668
6668
6668
6668
6668
6668
6668
6668
6668
6668
6668
6668
6668
