2920
2926
2954
2917
2917
2917
2917
2870
2870
2904
2888
2888
2888
2894
2894
2916
2940
2940
2940
2940
2940
2940
2958
2958
2958
2958
2958
2958
2971
2971
3005
3005
2960
2925
2996
2996
2989
2989
2980
3003
3003
2947
2948
2914
2914
2845
2882
2967
2967
2961
2961
2961
2961
2961
2961
2961
2961
2961
2961
2961
2961
2966
2966
2933
2933
2933
2933
2925
2917
2917
2917
2951
2951
3040
3024
3024
3040
3040
3134
3125
3125
3125
3125
3117
3117
3127
3127
3065
2998
2998
2998
2998
2998
2998
2998
2998
3009
3009
3009
3009
2998
2998
2998
2998
3030
3030
3031
3031
3031
3031
3031
3055
3055
3055
2986
2986
2946
2942
2942
2942
2942
2942
2942
2942
2903
2903
2903
2903
2903
2893
2906
2906
1819
1819
1819
1847
1847
1847
1847
1847
1847
1847
1847
1847
1847
1847
1847
1847
1847
1853
1824
1824
1859
1859
1859
1859
1859
1859
1859
1859
1859
1875
1825
1825
1825
1732
1732
1801
1805
1805
1805
1805
1805
1805
1805
1805
1826
1826
1826
1826
1826
1833
1833
1833
1833
1816
1816
1816
1816
1816
1719
1722
1722
1722
1716
1716
1716
1716
1716
1716
1716
1716
1716
1716
1716
1716
1716
1716
1716
1716
1716
1716
1716
1716
1716
1716
1716
1716
1716
1716
1716
1716
1716
1716
1716
1760
1760
1760
1760
1760
1760
1760
1760
1760
1760
1760
1760
1760
1760
1760
1747
1749
1749
1749
1731
1731
1731
1731
1731
1731
1731
1731
1731
1731
1731
1731
1731
1731
1731
1731
1731
1777
1777
1777
1770
1770
1770
1770
1770
1770
1770
1770
1770
1770
1770
1770
1770
1770
1770
1770
1770
1770
1770
1770
1770
1770
1770
1770
1770
1770
1714
1714
1714
1714
1714
1714
1714
1714
1714
1714
1714
1714
1714
1714
1714
1714
1684
1684
1684
1684
1684
1684
1684
1684
1684
1684
1684
1684
1684
1671
1671
1671
1671
1671
1671
1671
1671
1671
1671
1671
1671
1671
1671
1671
1671
1671
1671
1749
1749
1749
1749
1749
1749
1749
1749
1749
1749
1749
1749
1749
1749
1749
1749
1749
1749
1749
1749
1749
1749
1749
1749
1749
1719
1728
1728
1728
1728
1728
1728
1728
1728
1728
1728
1728
1747
1747
1747
1747
1747
1759
1759
1759
1759
1759
1759
1759
1759
1759
1759
1759
1747
1747
1747
1747
1747
1773
1773
1773
1773
1773
1773
1773
1796
1796
1796
1796
1796
1796
1796
1796
1796
1841
1841
1841
1841
1841
1841
1861
1861
1861
1861
1861
1869
1869
1869
1869
1869
1869
1869
1812
1812
1812
1800
1800
1800
1803
1803
1789
1789
1757
1757
1757
1757
1791
1791
1791
1791
1791
1791
1791
1791
1791
1775
1779
1779
1801
1801
1801
1725
1725
1725
1725
1725
1725
1703
1703
1703
1703
1703
1849
1849
1849
1849
1849
1849
1849
1849
1849
1849
1849
1849
1849
1849
1849
1849
1849
1849
1849
1849
1849
1849
1849
1849
1849
1849
1849
1849
1849
1849
1849
1849
1860
1860
1860
1860
1860
1860
1860
1860
1860
1741
1668
1668
1709
1709
1709
1709
1709
1763
1763
1763
1763
1763
1763
1763
1763
1763
1763
1763
1721
1721
1721
1721
1721
1721
1721
1721
1725
1725
1725
1725
1725
1725
1725
1725
1725
1725
1725
1725
1725
1725
1725
1725
1725
1725
1725
1725
1725
1671
1671
1671
1671
1671
1671
1671
1648
1748
1740
1740
1740
1740
1740
1740
1740
1740
1740
1740
1740
1740
1740
1699
1699
1699
1699
1699
1699
1699
1792
1792
1792
1759
1759
1844
1844
1844
1844
1844
1756
1756
1756
1756
1756
1756
1756
1756
1756
1756
1756
1756
1756
1756
1756
1756
1756
1756
1756
1799
1799
1799
1799
1799
1799
1799
1799
1799
1799
1799
1799
1799
1799
1799
1799
1799
1799
1799
1799
1799
1799
1799
1799
1799
1799
1799
1763
1763
1763
1763
1761
1761
1761
1761
1761
1761
1761
1761
1761
1761
1761
1761
1761
1712
1680
1680
1680
1680
1680
1680
1680
1680
1680
1680
1680
1680
1677
1677
1677
1677
1681
1681
1681
1681
1681
1681
1681
1681
1681
1681
1681
1681
1681
1681
1681
1681
1681
1681
1681
1681
1681
1623
1623
1623
1623
1623
1623
1600
1600
1600
1600
1600
1600
1600
1600
1600
1600
1600
1600
1635
1635
1635
1635
1635
1635
1635
1664
1664
1664
1664
1664
1664
1651
1651
1651
1651
1651
1651
1651
1651
1651
1651
1651
1651
1624
1624
1624
1577
1610
1610
1610
1610
1610
1610
1610
1610
1645
1643
1708
1708
1708
1743
1743
1743
1743
1743
1743
1743
1743
1743
1843
1843
1843
1843
1843
1843
1843
1843
1843
1814
1814
1814
1814
1814
1814
1814
1814
1814
1840
1840
1840
1840
1840
1840
1840
1840
1810
1821
1821
1821
1821
1821
1821
1821
1821
1821
1821
1821
1821
1821
1821
1821
1821
1821
1821
1821
1821
1821
1821
1821
1821
1821
1821
1821
1821
1821
1841
1841
1841
1841
1841
1841
1841
1841
1841
1841
1841
1841
1841
1841
1841
1841
1841
1841
1843
1843
1843
1843
1843
1843
1843
1843
1843
1843
1843
1843
1856
1856
1892
1892
1984
1984
1984
1984
1984
1984
1958
1958
1958
1958
1958
1958
1897
1897
1897
1897
1897
1784
1784
1784
1784
1784
1784
1784
1784
1784
1784
1846
1846
1846
1846
1846
1846
1846
1846
1846
1817
1817
1817
1848
1848
1848
1848
1848
1826
1826
1826
1826
1826
1880
1884
1884
1896
1896
1896
1805
1873
1873
1873
1873
1873
1873
1873
1843
1843
1843
1843
1843
1843
1843
1843
1843
1843
1843
1843
1790
1721
1721
1721
1721
1721
1721
1689
1689
1689
1689
1689
1689
1689
1689
1690
1690
1723
1723
1723
1723
1723
1723
1723
1761
1761
1761
1761
1761
1761
1761
1761
1761
1761
1712
1697
1697
1697
1697
1697
1697
1697
1697
1697
1697
1697
1697
1697
1683
1683
1683
1683
1683
1683
1683
1683
1717
1717
1717
1717
1717
1717
1717
1717
1717
1709
1709
1724
1724
1724
1724
1724
1763
1763
1763
1763
1763
1763
1763
1763
1763
1763
1768
1768
1768
1768
1768
1768
1768
1768
1768
1768
1768
1768
1768
1697
1697
1697
1697
1697
1697
1697
1697
1697
1697
1697
1697
1697
1688
1688
1704
1704
1704
1704
1704
1704
1706
1706
1706
1706
1706
1706
1706
1706
1706
1706
1706
1706
1706
1706
1706
1706
1706
1706
1706
1706
1706
1706
1706
1705
1705
1705
1705
1705
1705
1705
1692
1692
1692
1692
1692
1692
1692
1827
1827
1827
1827
1827
1839
1820
1820
1820
1820
1820
1820
1820
1820
1820
1820
1820
1820
1820
1820
1795
1795
1795
1795
1795
1795
1795
1795
1795
1795
1830
1830
1832
1806
1806
1806
1806
1806
1806
1806
1806
1806
1806
1806
1806
1806
1806
1806
1795
1795
1718
1718
1716
1716
1716
1716
1716
1716
1716
1716
1716
1716
1716
1716
1716
1716
1716
1716
1716
1716
1716
1716
1716
1743
1743
1743
1661
1661
1661
1661
1661
1661
1661
1661
1661
1661
1661
1661
1661
1661
1661
1661
1661
1661
1631
1631
1631
1631
1604
1604
1604
1604
1604
1604
1604
1604
1604
1604
1604
1604
1604
1604
1582
1582
1582
1582
1582
1582
1582
1582
1582
1582
1582
1501
1501
1501
1501
1501
1501
1501
1501
1501
1501
1501
1501
1501
1501
1501
1501
1501
1501
1501
1501
1501
1501
1501
1501
1501
1501
1501
1501
1501
1501
1501
1501
1501
1501
1501
1501
1501
1501
1501
1501
1501
1501
1501
1501
1501
1501
1501
1492
1492
1492
1492
1492
1492
1492
1492
1492
1492
1492
1492
1492
1492
1492
1492
1492
1473
1473
1523
1523
1523
1523
1523
1523
1523
1522
1612
1612
1612
1612
1612
1612
1612
1612
1612
1612
1612
1612
1612
1612
1645
1645
1645
1645
1645
1645
1645
1645
1645
1645
1645
1645
1645
1645
1645
1645
1645
1645
1645
1645
1645
1645
1645
1645
1645
1645
1645
1645
1645
1645
1645
1645
1645
1645
1659
1659
1659
1659
1659
1659
1727
1608
1608
1608
1608
1608
1608
1608
1608
1608
1608
1608
1608
1608
1608
1608
1608
1608
1608
1608
1608
1714
1714
1714
1714
1714
1714
1714
1714
1714
1714
1714
1676
1676
1676
1676
1676
1676
1676
1676
1676
1601
1601
1601
1601
1601
1601
1601
1601
1601
1601
1601
1601
1601
1601
1601
1601
1601
1601
1601
1601
1601
1601
1601
1601
1601
1601
1601
1601
1601
1601
1601
1601
1601
1601
1601
1601
1601
1601
1601
1601
1601
1546
1546
1546
1546
1546
1546
1546
1546
1546
1546
1546
1546
1546
1546
1546
1546
1546
1546
1454
1454
1454
1454
1454
1454
1454
1454
1454
1454
1454
1454
1454
1454
1454
1454
1454
1454
1454
1454
1454
1454
1454
1454
1454
1454
1457
1457
1457
1457
1557
1557
1557
1557
1557
1557
1557
1557
1557
1557
1557
1557
1557
1557
1557
1557
1557
1557
1557
1557
1557
1557
1557
1557
1557
1557
1557
1557
1557
1557
1557
1557
1557
1557
1557
1557
1557
1557
1557
1574
1586
1641
1641
1641
1641
1641
1641
1641
1641
1641
1641
1641
1641
1641
1641
1641
1641
1641
1641
1641
1641
1641
1590
1519
1519
1519
1519
1519
1519
1519
1519
1519
1519
1519
1519
1519
1519
1519
1519
1519
1549
1549
1549
1549
1549
1549
1549
1549
1549
1549
1549
1549
1549
1549
1549
1549
1549
1549
1549
1549
1549
1549
1549
1549
1549
1549
1549
1549
1549
1549
1549
1549
1549
1549
1549
1549
1549
1549
1549
1549
1549
1549
1549
1549
1549
1549
1549
1549
1549
1549
1549
1549
1549
1549
1549
1549
1549
1549
1549
1549
1503
1503
1488
1488
1488
1488
1453
1453
1453
1453
1453
1453
1453
1453
1453
1453
1453
1453
1453
1509
1509
1509
1509
1509
1509
1534
1534
1534
1534
1594
1594
1594
1594
1594
1594
1594
1594
1594
1594
1633
1633
1609
1609
1609
1609
1609
1609
1609
1609
1609
1609
1609
1609
1609
1609
1609
1609
1609
1609
1609
1609
1609
1609
1609
1609
1609
1609
1609
1609
1609
1609
1609
1609
1609
1609
1615
1615
1615
1615
1615
1615
1615
1610
1610
1610
1610
1610
1610
1610
1610
1610
1610
1610
1610
1610
1578
1578
1578
1578
1578
1578
1578
1578
1578
1578
1578
1578
1578
1578
1578
1578
1578
1578
1578
1578
1578
1578
1578
1578
1578
1578
1578
1578
1578
1578
1578
1578
1578
1578
1578
1578
1578
1578
1578
1578
1578
1578
1578
1578
1578
1578
1578
1578
1578
1578
1578
1578
1578
1578
1578
1578
1578
1578
1578
1578
1578
1578
1613
1613
1613
1613
1613
1613
1613
1613
1613
1636
1636
1636
1636
1636
1636
1636
1613
1613
1613
1613
1613
1613
1613
1613
1613
1613
1613
1613
1613
1613
1563
1563
1563
1563
1563
1563
1563
1563
1563
1627
1627
1627
1627
1627
1627
1627
1627
1627
1627
1627
1627
1627
1627
1627
1627
1627
1627
1627
1627
1627
1627
1627
1627
1627
1627
1627
1627
1627
1627
1627
1627
1627
1627
1627
1627
1627
1627
1627
1627
1627
1627
1627
1627
1637
1637
1637
1637
1637
1637
1637
1637
1637
1637
1637
1637
1637
1637
1637
1637
1637
1637
1637
1570
1570
1570
1570
1570
1570
1570
1570
1570
1570
1570
1570
1589
1589
1589
1589
1589
1589
1589
1589
1589
1589
1589
1589
1589
1589
1589
1589
1589
1589
1594
1594
1594
1594
1594
1594
1594
1594
1594
1594
1594
1594
1594
1594
1619
1619
1619
1619
1619
1637
1637
1578
1578
1578
1578
1578
1578
1578
1578
1578
1578
1578
1578
1578
1578
1600
1600
1599
1599
1599
1599
1599
1599
1599
1599
1599
1599
1599
1599
1599
1599
1599
1599
1602
1684
1684
1684
1684
1684
1684
1684
1684
1684
1684
1684
1684
1684
1684
1684
1684
1684
1684
1684
1684
1684
1684
1684
1684
1684
1684
1630
1630
1630
1630
1630
1630
1630
1630
1630
1630
1630
1630
1630
1630
1630
1630
1630
1630
1558
1558
1558
1558
1558
1558
1558
1558
1574
1574
1574
1574
1574
1574
1574
1574
1574
1574
1574
1574
1574
1574
1574
1574
1574
1574
1574
1574
1574
1574
1574
1574
1574
1574
1574
1574
1574
1574
1574
1574
1574
1574
1574
1574
1574
1574
1574
1574
1574
1574
1574
1574
1574
1574
1574
1574
1535
1535
1535
1535
1535
1535
1535
1535
1535
1535
1535
1465
1470
1470
1470
1470
1470
1470
1470
1470
1470
1470
1470
1470
1470
1470
1470
1470
1470
1470
1470
1470
1470
1470
1470
1470
1470
1470
1470
1470
1470
1470
1470
1470
1470
1470
1470
1470
1470
1470
1470
1470
1470
1470
1470
1470
1470
1470
1470
1470
1470
1470
1470
1450
1450
1450
1450
1450
1450
1450
1450
1450
1450
1450
1450
1450
1450
1450
1450
1450
1450
1450
1450
1450
1450
1450
1450
1450
1450
1450
1450
1450
1450
1450
1450
1450
1450
1450
1450
1450
1450
1450
1450
1450
1450
1450
1450
1450
1450
1450
1450
1450
1546
1563
1563
1563
1563
1563
1563
1563
1563
1563
1563
1563
1563
1563
1554
1554
1554
1554
1554
1554
1526
1498
1498
1498
1498
1498
1498
1498
1498
1498
1498
1498
1498
1498
1498
1498
1498
1555
1555
1555
1555
1555
1555
1555
1555
1555
1555
1555
1555
1555
1555
1555
1555
1555
1557
1557
1556
1556
1556
1556
1556
1556
1556
1556
1556
1556
1556
1556
1556
1556
1556
1556
1556
1556
1556
1556
1556
1627
1627
1627
1627
1627
1627
1627
1627
1627
1627
1627
1627
1627
1627
1627
1627
1627
1627
1627
1618
1618
1618
1618
1618
1667
1667
1667
1667
1667
1667
1667
1667
1667
1667
1667
1667
1667
1667
1637
1637
1637
1637
1637
1637
1637
1637
1637
1637
1637
1637
1637
1637
1637
1637
1637
1637
1637
1637
1637
1637
1637
1637
1637
1635
1635
1635
1635
1635
1635
1611
1611
1587
1587
1587
1587
1587
1587
1587
1631
1668
1668
1668
1668
1668
1668
1668
1668
1668
1668
1668
1668
1668
1668
1668
1668
1668
1656
1656
1656
1656
1673
1673
1673
1673
1673
1673
1673
1673
1673
1630
1630
1630
1630
1630
1630
1630
1630
1630
1630
1630
1630
1630
1630
1630
1630
1630
1630
1674
1674
1674
1674
1674
1674
1674
1674
1674
1674
1674
1674
1674
1674
1674
1674
1674
1674
1674
1674
1674
1674
1674
1674
1674
1674
1674
1564
1564
1564
1564
1564
1564
1564
1564
1564
1417
1417
1417
1417
1417
1417
1417
1417
1417
1417
1417
1417
1417
1417
1417
1417
1417
1417
1417
1417
1417
1417
1417
1417
1417
1417
1417
1417
1417
1417
1417
1417
1417
1417
1417
1417
1417
1417
1417
1417
1417
1417
1417
1470
1470
1470
1470
1470
1470
1470
1470
1470
1470
1470
1470
1470
1470
1470
1470
1470
1470
1470
1470
1470
1470
1470
1470
1470
1470
1470
1470
1470
1470
1524
1524
1524
1524
1524
1524
1524
1524
1524
1524
1514
1514
1514
1534
1534
1534
1534
1534
1534
1534
1534
1534
1534
1572
1572
1572
1572
1572
1572
1582
1592
1592
1592
1575
1575
1575
1575
1575
1575
1575
1575
1575
1575
1575
1559
1559
1559
1559
1559
1559
1522
1522
1522
1522
1522
1522
1522
1522
1522
1522
1522
1522
1522
1522
1522
1512
1512
1512
1512
1512
1512
1512
1547
1616
1616
1616
1616
1616
1616
1616
1616
1616
1616
1616
1616
1616
1616
1616
1616
1616
1616
1616
1616
1616
1616
1616
1616
1616
1597
1597
1597
1539
1539
1539
1539
1539
1539
1539
1539
1539
1539
1539
1539
1539
1539
1539
1539
1539
1539
1539
1459
1459
1459
1459
1459
1459
1459
1459
1459
1459
1459
1459
1459
1459
1459
1502
1502
1502
1502
1502
1502
1502
1502
1502
1502
1502
1502
1502
1502
1502
1502
1502
1502
1502
1502
1502
1502
1502
1502
1502
1530
1530
1530
1530
1530
1530
1530
1530
1530
1530
1530
1592
1592
1592
1592
1592
1592
1592
1592
1592
1592
1592
1592
1592
1592
1592
1592
1592
1592
1592
1592
1592
1592
1592
1592
1592
1592
1535
1535
1535
1535
1535
1535
1501
1501
1501
1501
1501
1501
1501
1501
1501
1501
1499
1499
1499
1499
1499
1499
1499
1499
1499
1499
1499
1499
1499
1499
1499
1499
1499
1499
1499
1499
1499
1499
1499
1499
1499
1499
1499
1499
1499
1499
1499
1499
1499
1499
1499
1499
1499
1499
1499
1499
1499
1499
1499
1499
1499
1499
1499
1499
1499
1499
1499
1499
1499
1499
1499
1499
1499
1499
1499
1499
1499
1499
1499
1499
1499
1499
1499
1499
1499
1499
1499
1499
1499
1499
1499
1499
1499
1499
1499
1476
1476
1476
1476
1470
1470
1470
1470
1470
1470
1470
1470
1364
1364
1364
1364
1364
1364
1364
1364
1364
1364
1364
1364
1364
1364
1364
1364
1364
1364
1364
1364
1364
1364
1364
1341
1341
1341
1341
1341
1341
1341
1341
1341
1341
1341
1341
1341
1341
1341
1341
1341
1341
1341
1341
1341
1341
1341
1341
1341
1341
1341
1438
1438
1438
1438
1438
1438
1438
1438
1438
1438
1438
1438
1438
1438
1438
1438
1438
1438
1438
1438
1438
1438
1438
1438
1438
1438
1438
1438
1438
1438
1438
1438
1438
1438
1438
1438
1438
1438
1438
1438
1438
1438
1438
1438
1438
1438
1438
1438
1438
1438
1438
1438
1438
1438
1438
1438
1438
1438
1438
1438
1438
1438
1438
1438
1438
1438
1448
1448
1448
1448
1448
1448
1448
1448
1448
1448
1448
1448
1448
1448
1448
1448
1448
1448
1448
1448
1448
1448
1448
1448
1448
1448
1448
1448
1448
1448
1448
1448
1448
1448
1448
1448
1448
1448
1448
1448
1448
1448
1448
1448
1448
1448
1448
1448
1448
1448
1448
1448
1448
1448
1448
1448
1448
1448
1448
1448
1448
1448
1448
1448
1448
1448
1448
1448
1448
1432
1432
1432
1432
1432
1432
1432
1432
1432
1432
1432
1432
1432
1432
1432
1432
1432
1359
1359
1359
1359
1359
1359
1359
1359
1359
1359
1359
1359
1359
1359
1359
1359
1359
1359
1359
1359
1359
1359
1359
1359
1359
1359
1359
1359
1359
1359
1359
1359
1359
1359
1359
1359
1359
1359
1359
1359
1359
1359
1359
1359
1359
1359
1359
1359
1359
1359
1359
1359
1359
1359
1359
1359
1359
1359
1359
1359
1359
1359
1359
1359
1359
1390
1390
1390
1390
1390
1390
1390
1390
1390
1390
1390
1390
1390
1390
1390
1390
1390
1390
1390
1390
1390
1390
1390
1390
1390
1390
1390
1390
1390
1390
1390
1390
1390
1390
1390
1390
1390
1390
1390
1390
1390
1390
1390
1390
1390
1390
1390
1390
1390
1390
1370
1370
1370
1370
1370
1370
1370
1370
1370
1370
1370
1370
1370
1370
1415
1415
1415
1415
1415
1415
1415
1415
1415
1415
1415
1415
1415
1415
1415
1415
1415
1415
1387
1387
1387
1387
1387
1387
1387
1387
1387
1387
1387
1387
1387
1387
1387
1387
1387
1387
1387
1387
1387
1387
1387
1387
1387
1387
1387
1387
1387
1387
1387
1387
1387
1387
1387
1387
1387
1387
1387
1387
1387
1387
1387
1387
1387
1387
1387
1387
1387
1387
1387
1387
1387
1387
1387
1387
1387
1387
1387
1387
1387
1387
1387
1387
1387
1387
1387
1387
1387
1387
1387
1387
1387
1387
1387
1387
1387
1387
1387
1387
1387
1387
1387
1387
1387
1387
1387
1387
1387
1387
1387
1387
1387
1337
1337
1337
1337
1337
1337
1337
1337
1337
1337
1337
1337
1337
1350
1350
1350
1350
1350
1350
1350
1350
1350
1350
1350
1350
1350
1350
1350
1350
1350
1350
1350
1350
1350
1350
1350
1350
1350
1350
1350
1350
1350
1350
1350
1350
1350
1350
1350
1350
1350
1350
1350
1350
1350
1350
1350
1350
1350
1350
1350
1350
1350
1325
1325
1325
1325
1325
1325
1325
1325
1325
1325
1325
1325
1325
1325
1325
1325
1325
1325
1325
1325
1325
1325
1325
1325
1325
1325
1325
1325
1325
1325
1325
1325
1325
1325
1325
1373
1373
1373
1373
1373
1373
1373
1373
1373
1373
1373
1373
1373
1373
1373
1373
1373
1373
1373
1373
1373
1373
1373
1373
1373
1373
1373
1373
1373
1386
1386
1386
1386
1386
1386
1386
1386
1386
1386
1386
1386
1386
1386
1386
1386
1386
1386
1386
1360
1360
1360
1360
1360
1360
1360
1360
1360
1360
1360
1360
1360
1360
1360
1460
1460
1460
1460
1460
1460
1460
1460
1460
1460
1460
1460
1460
1460
1460
1460
1460
1460
1551
1551
1551
1551
1420
1420
1420
1420
1420
1420
1420
1420
1420
1420
1420
1420
1420
1420
1420
1420
1420
1420
1420
1420
1420
1420
1420
1420
1420
1420
1420
1420
1420
1420
1420
1420
1420
1420
1420
1420
1420
1420
1420
1420
1420
1420
1420
1420
1420
1420
1420
1420
1420
1420
1420
1420
1420
1420
1420
1420
1420
1420
1420
1420
1420
1420
1430
1430
1430
1430
1430
1430
1430
1430
1430
1430
1430
1430
1430
1430
1430
1430
1430
1430
1430
1430
1414
1414
1414
1414
1414
1414
1414
1414
1414
1414
1414
1414
1414
1414
1414
1414
1414
1414
1414
1414
1414
1371
1371
1371
1371
1371
1371
1371
1371
1371
1371
1375
1375
1375
1375
1375
1375
1375
1375
1375
1375
1375
1375
1375
1375
1375
1375
1375
1375
1375
1375
1375
1375
1375
1375
1375
1375
1375
1375
1375
1375
1375
1375
1375
1375
1375
1375
1375
1375
1375
1375
1375
1375
1375
1375
1375
1375
1375
1375
1375
1375
1375
1375
1375
1375
1375
1375
1375
1375
1375
1375
1375
1375
1375
1375
1375
1375
1375
1375
1375
1375
1375
1375
1375
1375
1375
1375
1375
1375
1375
1375
1375
1375
1375
1375
1375
1375
1375
1375
1375
1375
1375
1375
1375
1389
1389
1389
1389
1389
1389
1389
1389
1389
1389
1389
1389
1389
1389
1389
1389
1389
1389
1389
1388
1388
1388
1388
1388
1388
1388
1388
1388
1388
1388
1388
1388
1388
1388
1388
1388
1388
1388
1388
1388
1388
1388
1388
1388
1388
1388
1388
1388
1388
1388
1430
1430
1430
1430
1430
1430
1430
1430
1430
1430
1430
1430
1430
1430
1430
1430
1430
1430
1430
1430
1430
1430
1430
1430
1430
1430
1430
1430
1430
1430
1430
1430
1430
1430
1430
1430
1430
1430
1430
1430
1430
1430
1430
1430
1430
1386
1386
1386
1386
1386
1386
1386
1386
1386
1386
1386
1386
1386
1386
1386
1386
1386
1386
1386
1386
1386
1386
1386
1386
1386
1386
1386
1386
1386
1386
1386
1386
1386
1386
1386
1386
1386
1386
1386
1295
1295
1295
1295
1295
1295
1295
1295
1295
1295
1295
1295
1295
1295
1295
1295
1295
1295
1295
1295
1295
1295
1295
1295
1295
1295
1295
1295
1295
1295
1295
1295
1295
1295
1295
1295
1295
1295
1295
1295
1295
1295
1295
1295
1295
1295
1295
1295
1295
1295
1295
1295
1295
1295
1295
1295
1295
1295
1295
1295
1295
1295
1295
1295
1295
1295
1295
1295
1295
1295
1295
1295
1295
1295
1295
1295
1295
1295
1295
1295
1295
1295
1295
1295
1295
1295
1295
1295
1295
1295
1295
1295
1295
1295
1295
1295
1295
1295
1295
1295
1295
1295
1295
1295
1295
1295
1295
1295
1295
1295
1295
1295
1295
1295
1295
1295
1295
1295
1295
1295
1295
1295
1295
1295
1295
1295
1295
1295
1295
1295
1295
1295
1295
1295
1295
1295
1295
1295
1295
1295
1295
1295
1295
1295
1295
1295
1295
1295
1295
1295
1295
1295
1295
1295
1295
1295
1295
1295
1295
1295
1295
1295
1295
1295
1295
1295
1295
1295
1295
1295
1295
1295
1295
1295
1295
1295
1295
1295
1295
1295
1295
1295
1295
1295
1295
1295
1295
1295
1295
1295
1295
1295
1295
1295
1295
1295
1295
1295
1295
1295
1295
1295
1295
1295
1295
1295
1295
1295
1295
1295
1295
1295
1295
1295
1295
1295
1295
1295
1295
1295
1295
1295
1295
1295
1295
1295
1295
1295
1279
1279
1279
1279
1279
1279
1279
1279
1279
1279
1279
1279
1279
1279
1279
1279
1279
1279
1279
1279
1279
1279
1279
1279
1279
1279
1279
1279
1279
1279
1279
1279
1279
1279
1279
1279
1279
1279
1279
1279
1279
1279
1279
1279
1279
1279
1279
1279
1279
1279
1279
1279
1279
1279
1279
1279
1279
1279
1279
1279
1279
1279
1279
1279
1279
1279
1279
1279
1279
1279
1279
1279
1279
1279
1279
1279
1279
1279
1279
1279
1279
1279
1279
1279
1279
1279
1279
1279
1279
1279
1279
1279
1279
1279
1279
1279
1279
1279
1279
1279
1279
1279
1279
1279
1279
1279
1279
1279
1279
1279
1279
1279
1279
1279
1279
1279
1279
1279
1279
1279
1279
1279
1279
1279
1279
1279
1279
1279
1279
1279
1279
1279
1279
1279
1279
1279
1279
1279
1279
1279
1279
1279
1279
1279
1279
1279
1279
1279
1279
1279
1279
1279
1279
1279
1279
1279
1279
1279
1279
1279
1279
1279
1279
1279
1279
1279
1279
1279
1279
1279
1279
1279
1279
1279
1279
1279
1279
1279
1279
1279
1279
1279
1279
1279
1279
1245
1245
1245
1245
1245
1245
1245
1245
1245
1245
1245
1245
1245
1245
1245
1245
1245
1245
1245
1245
1245
1245
1245
1245
1245
1245
1245
1245
1245
1245
1245
1245
1245
1245
1245
1245
1245
1245
1245
1245
1245
1245
1245
1245
1245
1245
1245
1245
1245
1245
1245
1245
1245
1245
1245
1245
1245
1245
1245
1245
1245
1245
1245
1245
1245
1245
1245
1245
1245
1245
1245
1245
1245
1245
1245
1245
1245
1245
1245
1245
1245
1245
1245
1245
1245
1245
1245
1245
1245
1245
1245
1245
1245
1245
1245
1245
1245
1245
1245
1245
1245
1245
1245
1245
1245
1245
1245
1245
1245
1245
1245
1245
1245
1245
1245
1245
1245
1245
1245
1245
1245
1245
1245
1245
1245
1245
1245
1245
1245
1245
1245
1245
1245
1245
1245
1245
1245
1245
1245
1245
1245
1245
1245
1245
1245
1245
1245
1245
1245
1245
1245
1245
1245
1245
1245
1245
1245
1245
1245
1245
1245
1245
1245
1245
1245
1245
1245
1245
1245
1245
1245
1245
1245
1245
1245
1245
1245
1245
1245
1245
1245
1245
1245
1245
1245
1245
1245
1245
1245
1245
1245
1245
1245
1245
1245
1245
1245
1245
1245
1245
1245
1245
1245
1245
1245
1245
1245
1245
1245
1245
1245
1245
1245
1245
1245
1245
1245
1245
1245
1245
1334
1334
1334
1334
1334
1334
1334
1334
1334
1334
1334
1334
1334
1334
1334
1334
1334
1334
1334
1334
1334
1334
1334
1334
1334
1334
1334
1334
1334
1334
1334
1334
1334
1334
1334
1334
1334
1334
1334
1334
1334
1334
1334
1334
1334
1334
1334
1334
1334
1334
1334
1334
1334
1334
1334
1334
1334
1334
1334
1334
1334
1334
1334
1334
1334
1334
1334
1334
1334
1334
1334
1334
1334
1334
1334
1334
1334
1334
1334
1334
1334
1334
1334
1334
1334
1334
1334
1334
1334
1334
1306
1306
1306
1306
1306
1306
1306
1306
1306
1306
1306
1306
1306
1306
1306
1306
1306
1306
1306
1306
1306
1306
1306
1306
1306
1306
1306
1306
1306
1306
1306
1306
1306
1306
1306
1306
1306
1306
1306
1306
1306
1306
1306
1306
1306
1306
1306
1306
1306
1306
1306
1306
1306
1306
1306
1306
1306
1306
1306
1306
1306
1306
1306
1306
1306
1306
1306
1306
1306
1306
1306
1306
1306
1306
1306
1306
1306
1306
1306
1306
1306
1306
1306
1306
1306
1306
1306
1306
1306
1306
1306
1306
1306
1306
1306
1306
1306
1306
1306
1306
1306
1306
1306
1306
1306
1306
1306
1306
1306
1306
1306
1306
1306
1306
1306
1306
1306
1306
1306
1306
1306
1306
1306
1306
1306
1306
1306
1306
1306
1306
1306
1306
1306
1306
1306
1306
1306
1306
1306
1306
1306
1306
1306
1306
1306
1306
1306
1306
1306
1306
1306
1306
1306
1306
1306
1306
1306
1306
1306
1306
1306
1306
1306
1306
1306
1306
1306
1306
1306
1306
1306
1306
1306
1306
1306
1306
1306
1306
1306
1306
1306
1306
1306
1306
1306
1306
1306
1306
1306
1306
1306
1306
1306
1306
1306
1306
1306
1306
1340
1340
1340
1340
1340
1340
1340
1340
1340
1340
1340
1340
1340
1340
1340
1340
1340
1340
1340
1324
1324
1324
1324
1305
1305
1305
1305
1305
1305
1305
1305
1305
1305
1305
1305
1305
1305
1305
1305
1305
1305
1305
1305
1305
1305
1305
1305
1305
1305
1305
1305
1305
1305
1305
1305
1305
1305
1305
1305
1305
1219
1219
1219
1219
1219
1219
1219
1219
1219
1219
1219
1219
1219
1219
1219
1219
1219
1219
1219
1219
1219
1219
1219
1219
1219
1219
1219
1219
1219
1219
1219
1219
1219
1219
1219
1219
1219
1219
1219
1276
1276
1276
1276
1276
1276
1276
1276
1276
1276
1276
1276
1276
1276
1276
1276
1276
1276
1276
1276
1276
1276
1276
1276
1276
1276
1276
1276
1276
1276
1276
1276
1276
1276
1276
1276
1276
1276
1276
1276
1276
1276
1276
1276
1276
1276
1276
1276
1276
1276
1276
1276
1276
1276
1276
1276
1276
1276
1276
1276
1276
1276
1276
1276
1276
1276
1276
1276
1276
1276
1276
1276
1276
1276
1276
1276
1276
1276
1276
1276
1276
1276
1276
1276
1276
1276
1276
1276
1276
1276
1276
1276
1276
1276
1276
1276
1276
1276
1276
1276
1276
1276
1276
1276
1276
1276
1276
1276
1276
1276
1276
1276
1276
1276
1276
1276
1276
1276
1276
1276
1276
1276
1276
1276
1276
1276
1276
1276
1276
1276
1276
1276
1276
1276
1276
1276
1276
1276
1276
1276
1276
1276
1276
1276
1276
1276
1276
1276
1276
1276
1276
1276
1276
1276
1276
1276
1276
1276
1276
1276
1276
1276
1276
1276
1276
1276
1276
1276
1276
1276
1276
1276
1276
1276
1276
1276
1276
1276
1276
1276
1276
1276
1276
1276
1276
1276
1276
1276
1276
1276
1276
1276
1276
1276
1276
1276
1276
1276
1276
1276
1276
1276
1276
1276
1276
1276
1276
1276
1276
1276
1276
1276
1276
1276
1276
1276
1276
1276
1276
1276
1276
1276
1276
1276
1276
1276
1276
1276
1276
1276
1276
1276
1276
1276
1276
1276
1276
1276
1276
1276
1276
1276
1276
1276
1276
1276
1276
1276
1276
1276
1276
1276
1276
1276
1276
1276
1276
1276
1276
1276
1276
1276
1276
1276
1276
1276
1276
1276
1276
1276
1276
1276
1276
1276
1276
1276
1276
1276
1276
1276
1276
1276
1276
1276
1276
1276
1276
1276
1276
1276
1276
1276
1276
1276
1276
1276
1276
1276
1276
1276
1276
1276
1276
1276
1276
1276
1276
1276
1276
1276
1276
1276
1276
1276
1276
1276
1276
1276
1276
1276
1276
1276
1276
1276
1276
1276
1276
1276
1276
1276
1276
1276
1276
1276
1276
1276
1276
1276
1276
1276
1276
1276
1276
1276
1276
1276
1276
1276
1276
1276
1276
1276
1276
1276
1276
1276
1276
1276
1276
1276
1276
1276
1276
1276
1276
1276
1276
1276
1276
1276
1276
1276
1276
1276
1276
1276
1276
1276
1276
1276
1276
1276
1276
1276
1276
1276
1276
1276
1276
1276
1276
1276
1276
1276
1276
1276
1276
1276
1276
1276
1276
1276
1276
1276
1276
1276
1276
1276
1276
1276
1276
1276
1276
1276
1276
1276
1276
1276
1276
1276
1276
1276
1276
1276
1276
1276
1276
1276
1276
1276
1276
1276
1276
1276
1276
1276
1276
1276
1276
1276
1276
1276
1276
1276
1276
1276
1276
1276
1276
1276
1276
1276
1276
1276
1276
1276
1276
1276
1276
1276
1276
1276
1276
1276
1276
1276
1276
1276
1276
1276
1276
1276
1276
1276
1276
1276
1276
1276
1276
1276
1276
1276
1276
1276
1276
1276
1276
1276
1276
1276
1276
1276
1276
1276
1276
1276
1276
1276
1276
1276
1276
1276
1276
1276
1276
1276
1276
1276
1276
1276
1276
1276
1276
1276
1276
1276
1276
1276
1276
1276
1276
1276
1276
1276
1276
1276
1276
1276
1276
1276
1276
1276
1276
1276
1276
1276
1276
1276
1276
1276
1276
1276
1276
1289
1289
1289
1289
1289
1289
1289
1289
1289
1289
1289
1289
1289
1289
1289
1289
1289
1289
1289
1289
1289
1289
1289
1289
1289
1289
1289
1289
1289
1289
1289
1289
1289
1289
1289
1289
1289
1289
1289
1289
1289
1289
1289
1289
1289
1289
1289
1289
1289
1289
1289
1289
1289
1289
1289
1289
1289
1289
1289
1289
1289
1289
1289
1289
1289
1289
1289
1289
1289
1289
1289
1289
1289
1289
1219
1219
1219
1219
1219
1219
1219
1219
1219
1219
1219
1219
1219
1219
1219
1219
1219
1219
1219
1219
1219
1219
1219
1219
1219
1219
1219
1219
1219
1219
1219
1219
1219
1219
1219
1219
1219
1219
1219
1219
1219
1219
1219
1219
1219
1219
1219
1219
1219
1219
1219
1219
1219
1219
1219
1219
1219
1219
1219
1219
1219
1219
1219
1219
1219
1219
1219
1219
1219
1219
1219
1219
1219
1219
1219
1219
1219
1219
1219
1219
1219
1219
1219
1219
1219
1219
1219
1219
1219
1219
1219
1219
1219
1219
1219
1219
1219
1219
1219
1219
1219
1219
1219
1219
1219
1219
1219
1219
1219
1219
1219
1219
1219
1219
1219
1219
1219
1219
1219
1219
1219
1219
1219
1219
1219
1219
1219
1219
1219
1219
1219
1219
1219
1219
1219
1219
1219
1219
1219
1219
1219
1219
1219
1219
1219
1219
1219
1219
1219
1219
1219
1219
1219
1219
1219
1219
1219
1219
1219
1219
1219
1219
1219
1219
1219
1219
1219
1219
1219
1219
1219
1219
1219
1219
1219
1219
1219
1219
1219
1219
1214
1214
1214
1214
1214
1214
1214
1214
1214
1214
1214
1214
1214
1214
1214
1214
1214
1214
1214
1214
1214
1214
1214
1214
1214
1214
1214
1214
1214
1214
1214
1214
1214
1214
1214
1214
1214
1214
1214
1214
1214
1214
1214
1214
1214
1214
1214
1214
1214
1214
1214
1214
1214
1214
1214
1214
1214
1214
1214
1214
1214
1214
1214
1214
1214
1214
1214
1214
1214
1214
1214
1214
1214
1214
1214
1214
1214
1214
1214
1214
1214
1214
1214
1214
1214
1214
1214
1214
1214
1214
1214
1214
1214
1214
1214
1214
1214
1214
1214
1214
1214
1214
1214
1214
1214
1214
1214
1214
1214
1214
1214
1214
1214
1214
1214
1214
1214
1214
1214
1214
1214
1214
1214
1214
1214
1214
1214
1214
1214
1214
1214
1214
1214
1214
1214
1214
1214
1214
1214
1214
1214
1214
1214
1214
1214
1214
1214
1214
1214
1214
1214
1214
1214
1214
1214
1214
1214
1214
1214
1214
1214
1214
1214
1214
1214
1214
1214
1214
1214
1214
1214
1214
1214
1214
1214
1214
1214
1214
1214
1214
1214
1214
1214
1214
1214
1214
1214
1214
1214
1214
1214
1214
1214
1214
1214
1214
1214
1214
1214
1214
1214
1214
1214
1214
1214
1214
1214
1214
1214
1214
1214
1214
1214
1214
1214
1214
1214
1214
1214
1214
1214
1214
1214
1214
1214
1214
1214
1214
1214
1214
1214
1214
1214
1214
1214
1214
1214
1214
1214
1214
1214
1214
1214
1214
1214
1214
1214
1214
1214
1214
1214
1214
1214
1214
1214
1214
1214
1214
1214
1214
1214
1214
1214
1214
1214
1214
1214
1214
1214
1214
1214
1214
1214
1214
1214
1214
1214
1214
1214
1214
1214
1214
1214
1214
1214
1214
1214
1214
1214
1214
1214
1214
1214
1214
1214
1214
1214
1214
1214
1214
1214
1214
1214
1214
1214
1214
1214
1214
1214
1214
1214
1214
1214
1214
1214
1214
1214
1214
1214
1214
1214
1214
1214
1214
1214
1214
1214
1214
1214
1214
1214
1214
1214
1214
1214
1214
1214
1214
1214
1214
1214
1214
1214
1214
1214
1214
1214
1214
1214
1214
1214
1214
1214
1214
1214
1214
1214
1214
1214
1214
1214
1214
1214
1214
1214
1214
1214
1214
1214
1214
1214
1214
1214
1214
1214
1214
1214
1214
1214
1214
1214
1214
1214
1214
1214
1214
1214
1214
1214
1214
1214
1214
1214
1214
1214
1214
1214
1214
1214
1214
1214
1214
1214
1214
1214
1214
1214
1214
1214
1214
1214
1214
1214
1214
1214
1214
1214
1214
1214
1214
1214
1214
1214
1214
1214
1214
1214
1214
1214
1214
1214
1214
1214
1214
1214
1214
1214
1214
1214
1214
1214
1214
1214
1214
1214
1214
1214
1214
1214
1214
1214
1214
1214
1214
1214
1214
1214
1214
1214
1214
1214
1214
1214
1214
1214
1214
1214
1214
1214
1214
1214
1214
1214
1214
1214
1214
1214
1214
1214
1214
1214
1214
1214
1214
1214
1214
1214
1214
1214
1214
1214
1214
1214
1214
1214
1214
1214
1214
1214
1214
1214
1214
1214
1214
1214
1214
1214
1214
1214
1214
1214
1214
1214
1214
1214
1214
1214
1214
1214
1214
1214
1214
1214
1214
1214
1214
1214
1214
1214
1214
1214
1214
1214
1214
1214
1214
1214
1214
1214
1214
1214
1214
1214
1214
1214
1214
1214
1214
1214
1214
1214
1214
1214
1214
1214
1214
1214
1214
1214
1214
1214
1214
1214
1214
1214
1214
1214
1214
1214
1214
1214
1214
1214
1214
1214
1214
1214
1214
1214
1214
1214
1214
1214
1214
1214
1214
1214
1214
1214
1214
1214
1214
1214
1214
1214
1214
1214
1214
1214
1214
1214
1214
1214
1214
1214
1214
1214
1214
1214
1214
1214
1214
1214
1214
1214
1214
1214
1214
1214
1214
1214
1214
1214
1214
1214
1214
1214
1214
1214
1214
1214
1214
1214
1214
1214
1214
1214
1214
1214
1214
1214
1214
1214
1214
1214
1214
1214
1214
1214
1214
1214
1214
1214
1214
1214
1214
1214
1214
1214
1214
1214
1214
1214
1214
1214
1214
1214
1214
1214
1214
1214
1214
1214
1214
1214
1214
1214
1214
1214
1214
1214
1214
1214
1214
1214
1214
1214
1214
1214
1214
1214
1214
1214
1214
1214
1214
1214
1214
1214
1214
1214
1214
1214
1214
1214
1214
1214
1214
1214
1214
1214
1214
1214
1214
1214
1214
1214
1214
1214
1214
1214
1214
1214
1214
1214
1214
1214
1214
1214
1214
1214
1214
1214
1214
1214
1214
1214
1214
1214
1214
1214
1214
1214
1214
1214
1214
1214
1214
1214
1214
1214
1214
1214
1214
1214
1214
1214
1214
1214
1214
1214
1214
1214
1214
1214
1214
1214
1214
1214
1214
1214
1214
1214
1214
1214
1214
1214
1214
1214
1214
1214
1214
1214
1214
1214
1214
1214
1214
1214
1214
1214
1214
1214
1214
1214
1214
1214
1214
1214
1214
1214
1214
1214
1214
1214
1214
1214
1214
1214
1214
1214
1214
1214
1214
1214
1214
1214
1214
1214
1214
1214
1214
1214
1214
1214
1214
1214
1214
1214
1214
1214
1214
1214
1214
1214
1214
1214
1214
1214
1214
1214
1214
1214
1214
1214
1214
1214
1214
1214
1214
1214
1214
1214
1214
1214
1214
1214
1214
1214
1214
1214
1214
1214
1214
1214
1214
1214
1214
1214
1214
1214
1214
1214
1214
1214
1214
1214
1214
1214
1214
1214
1214
1214
1214
1214
1214
1214
1214
1214
1214
1214
1214
1214
1214
1214
1214
1214
1214
1214
1214
1214
1214
1214
1214
1214
1214
1214
1214
1214
1214
1214
1214
1214
1214
1214
1214
1214
1214
1214
1214
1214
1214
1214
1214
1214
1214
1214
1214
1214
1214
1214
1214
1214
1214
1214
1214
1214
1214
1214
1214
1214
1214
1214
1214
1214
1214
1214
1214
1214
1214
1214
1214
1214
1214
1214
1214
1214
1214
1214
1214
1214
1214
1214
1214
1214
1214
1214
1214
1214
1214
1214
1214
1214
1214
1214
1214
1214
1214
1214
1214
1214
1214
1214
1214
1214
1214
1214
1214
1214
1214
1214
1214
1214
1214
1214
1214
1214
1214
1214
1214
1214
1214
1214
1214
1214
1214
1214
1214
1214
1214
1214
1214
1214
1214
1214
1214
1214
1214
1214
1214
1214
1214
1214
1214
1214
1214
1214
1214
1214
1214
1214
1214
1214
1214
1214
1214
1214
1214
1214
1214
1214
1214
1214
1214
1214
1214
1214
1214
1214
1214
1214
1214
1214
1214
1214
1214
1214
1214
1214
1214
1214
1214
1214
1214
1214
1214
1214
1214
1214
1214
1214
1214
1214
1214
1214
1214
1214
1214
1214
1214
1214
1214
1214
1214
1214
1214
1214
1214
1214
1214
1214
1214
1214
1214
1214
1214
1214
1214
1214
1214
1214
1214
1214
1214
1214
1214
1214
1214
1214
1214
1214
1214
1214
1214
1214
1214
1214
1214
1214
1214
1214
1214
1214
1214
1214
1214
1214
1214
1214
1214
1214
1214
1214
1214
1214
1214
1214
1214
1214
1214
1214
1214
1214
1214
1214
1214
1214
1214
1214
1214
1214
1214
1214
1214
1214
1214
1214
1214
1214
1214
1214
1214
1214
1214
1214
1214
1214
1214
1214
1214
1214
1214
1214
1214
1214
1214
1214
1214
1214
1214
1214
1214
1214
1214
1214
1214
1214
1214
1214
1214
1214
1214
1214
1214
1214
1214
1214
1214
1214
1214
1214
1214
1214
1214
1214
1214
1214
1214
1214
1214
1214
1214
1214
1214
1214
1214
1214
1214
1214
1214
1214
1214
1214
1214
1214
1214
1214
1214
1214
1214
1214
1214
1214
1214
1214
1214
1214
1214
1214
1214
1214
1214
1214
1214
1214
1214
1214
1214
1214
1214
1214
1214
1214
1214
1214
1214
1214
1214
1214
1214
1214
1214
1214
1214
1214
1214
1214
1214
1214
1214
1214
1214
1214
1214
1214
1214
1214
1214
1214
1214
1214
1214
1214
1214
1214
1214
1214
1214
1214
1214
1214
1214
1214
1214
1214
1214
1214
1214
1214
1214
1214
1214
1214
1214
1214
1214
1214
1214
1214
1214
1214
1214
1214
1214
1214
1214
1214
1214
1214
1214
1214
1214
1214
1214
1214
1214
1214
1214
1214
1214
1214
1214
1214
1214
1214
1214
1214
1214
1214
1214
1214
1214
1214
1214
1214
1214
1214
1214
1214
1214
1214
1214
1214
1214
1214
1214
1214
1214
1214
1214
1214
1214
1214
1214
1214
1214
1214
1214
1214
1214
1214
1214
1214
1214
1214
1214
1214
1214
1214
1214
1214
1214
1214
1214
1214
1214
1214
1214
1214
1214
1214
1214
1214
1214
1214
1214
1214
1214
1214
1214
1214
1214
1214
1214
1214
1214
1214
1214
1214
1214
1214
1214
1214
1214
1214
1214
1214
1214
1214
1214
1214
1214
1214
1214
1214
1214
1214
1214
1214
1214
1214
1214
1214
1214
1214
1214
1214
1214
1214
1214
1214
1214
1214
1214
1214
1214
1214
1214
1214
1214
1214
1214
1214
1214
1214
1214
1214
1214
1214
1214
1214
1214
1214
1214
1214
1214
1214
1214
1214
1214
1214
1214
1214
1214
1214
1214
1214
1214
1214
1214
1214
1214
1214
1214
1214
1214
1214
1214
1214
1214
1214
1214
1214
1214
1214
1214
1214
1214
1214
1214
1214
1214
1214
1214
1214
1214
1214
1214
1214
1214
1214
1214
1214
1214
1214
1214
1214
1214
1214
1214
1214
1214
1214
1214
1214
1214
1214
1214
1214
1214
1214
1214
1214
1214
1214
1214
1214
1214
1214
1214
1214
1214
1214
1214
1214
1214
1214
1214
1214
1214
1214
1214
1214
1214
1214
1214
1214
1214
1214
1214
1214
1214
1214
1214
1214
1214
1214
1214
1214
1214
1214
1214
1214
1214
1214
1214
1214
1214
1214
1214
1214
1214
1214
1214
1214
1214
1214
1214
1214
1214
1214
1214
1214
1214
1214
1214
1214
1214
1214
1214
1214
1214
1214
1214
1214
1214
1214
1214
1214
1214
1214
1214
1214
1214
1214
1214
1214
1214
1214
1214
1214
1214
1214
1214
1214
1214
1214
1214
1214
1214
1214
1214
1214
1214
1214
1214
1214
1214
1214
1214
1214
1214
1214
1214
1214
1214
1214
1214
1214
1214
1214
1214
1214
1214
1214
1214
1214
1214
1214
1214
1214
1214
1214
1214
1214
1214
1214
1214
1214
1214
1214
1214
1214
1214
1214
1214
1214
1214
1214
1214
1214
1214
1214
1214
1214
1214
1214
1214
1214
1214
1214
1214
1214
1214
1214
1214
1214
1214
1214
1214
1214
1214
1214
1214
1214
1214
1214
1214
1214
1214
1214
1214
1214
1214
1214
1214
1214
1214
1214
1214
1214
1214
1214
1214
1214
1214
1214
1214
1214
1214
1214
1214
1214
1214
1214
1214
1214
1214
1214
1214
1214
1214
1214
1214
1214
1214
1214
1214
1214
1214
1214
1214
1214
1214
1214
1214
1214
1214
1214
1214
1214
1214
1214
1214
1214
1214
1214
1214
1214
1214
1214
1214
1214
1214
1214
1214
1214
1214
1214
1214
1214
1214
1214
1214
1214
1214
1214
1214
1214
1214
1214
1214
1214
1214
1214
1214
1214
1214
1214
1214
1214
1214
1214
1214
1214
1214
1214
1214
1214
1214
1214
1214
1214
1214
1214
1214
1214
1214
1214
1214
1214
1214
1214
1214
1214
1214
1214
1214
1214
1214
1214
1214
1214
1214
1214
1214
1214
1214
1214
1214
1214
1214
1214
1214
1214
1214
1214
1214
1214
1214
1214
1214
1214
1214
1214
1214
1214
1214
1214
1214
1214
1214
1214
1214
1214
1214
1214
1214
1214
1214
1214
1214
1214
1214
1214
1214
1214
1214
1214
1214
1214
1214
1214
1214
1214
1214
1214
1214
1214
1214
1214
1214
1214
1214
1214
1214
1214
1214
1214
1214
1214
1214
1214
1214
1214
1214
1214
1214
1214
1214
1214
1214
1214
1214
1214
1214
1214
1214
1214
1214
1214
1214
1214
1214
1214
1214
1214
1214
1214
1214
1214
1214
1214
1214
1214
1214
1214
1214
1214
1214
1214
1214
1214
1214
1214
1214
1214
1214
1214
1214
1214
1214
1214
1214
1214
1214
1214
1214
1214
1214
1214
1214
1214
1214
1214
1214
1214
1214
1214
1214
1214
1214
1214
1214
1214
1214
1214
1214
1214
1214
1214
1214
1214
1214
1214
1214
1214
1214
1214
1214
1214
1214
1214
1214
1214
1214
1214
1214
1214
1214
1214
1214
1214
1214
1214
1214
1214
1214
1214
1214
1214
1214
1214
1214
1214
1214
1214
1214
1214
1214
1214
1214
1214
1214
1214
1214
1214
1214
1214
1214
1214
1214
1214
1214
1214
1214
1214
1214
1214
1214
1214
1214
1214
1214
1214
1214
1214
1214
1214
1214
1214
1214
1214
1214
1214
1214
1214
1214
1214
1214
1214
1214
1214
1214
1214
1214
1214
1214
1214
1214
1214
1214
1214
1214
1214
1214
1214
1214
1214
1214
1214
1214
1214
1214
1214
1214
1214
1214
1214
1214
1214
1214
1214
1214
1214
1214
1214
1214
1214
1214
1214
1214
1214
1214
1214
1214
1214
1214
1214
1214
1214
1214
1214
1214
1214
1214
1214
1214
1214
1214
1214
1214
1214
1214
1214
1214
1214
1214
1214
1214
1214
1214
1214
1214
1214
1214
1214
1214
1214
1214
1214
1214
1214
1214
1214
1214
1214
1214
1214
1214
1214
1214
1214
1214
1214
1214
1214
1214
1214
1214
1214
1214
1214
1214
1214
1214
1214
1214
1214
1214
1214
1214
1214
1214
1214
1214
1214
1214
1214
1214
1214
1214
1214
1214
1214
1214
1214
1214
1214
1214
1214
1214
1214
1214
1214
1214
1214
1214
1214
1214
1214
1214
1214
1214
1214
1214
1214
1214
1214
1214
1214
1214
1214
1214
1214
1214
1214
1214
1214
1214
1214
1214
1214
1214
1214
1214
1214
1214
1214
1214
1214
1214
1214
1214
1214
1214
1214
1214
1214
1214
1214
1214
1214
1214
1214
1214
1214
1214
1214
1214
1214
1214
1214
1214
1214
1214
1214
1214
1214
1214
1214
1214
1214
1214
1214
1214
1214
1214
1214
1214
1214
1214
1214
1214
1214
1214
1214
1214
1214
1214
1214
1214
1214
1214
1214
1214
1214
1214
1214
1214
1214
1214
1214
1214
1214
1214
1214
1214
1214
1214
1214
1214
1214
1214
1214
1214
1214
1214
1214
1214
1214
1214
1214
1214
1214
1214
1214
1214
1214
1214
1214
1214
1214
1214
1214
1214
1214
1214
1214
1214
1214
1214
1214
1214
1214
1214
1214
1214
1214
1214
1214
1214
1214
1214
1214
1214
1214
1214
1214
1214
1214
1214
1214
1214
1214
1214
1214
1214
1214
1214
1214
1214
1214
1214
1214
1214
1214
1214
1214
1214
1214
1214
1214
1214
1214
1214
1214
1214
1214
1214
1214
1214
1214
1214
1214
1214
1214
1214
1214
1214
1214
1214
1214
1214
1214
1214
1214
1214
1214
1214
1214
1214
1214
1214
1214
1214
1214
1214
1214
1214
1214
1214
1214
1214
1214
1214
1214
1214
1214
1214
1214
1214
1214
1214
1214
1214
1214
1214
1214
1214
1214
1214
1214
1214
1214
1214
1214
1214
1214
1214
1214
1214
1214
1214
1214
1214
1214
1214
1214
1214
1214
1214
1214
1214
1214
1214
1214
1214
1214
1214
1214
1214
1214
1214
1214
1214
1214
1214
1214
1214
1214
1214
1214
1214
1214
1214
1214
1214
1214
1214
1214
1214
1214
1214
1214
1214
1214
1214
1214
1214
1214
1214
1214
1214
1214
1214
1214
1214
1214
1214
1214
1214
1214
1214
1214
1214
1214
1214
1214
1214
1214
1214
1214
1214
1214
1214
1214
1214
1214
1214
1214
1214
1214
1214
1214
1214
1214
1214
1214
1214
1214
1214
1214
1214
1214
1214
1214
1214
1214
1214
1214
1214
1214
1214
1214
1214
1214
1214
1214
1214
1214
1214
1214
1214
1214
1214
1214
1214
1214
1214
1214
1214
1214
1214
1214
1214
1214
1214
1214
1214
1214
1214
1214
1214
1214
1214
1214
1214
1214
1214
1214
1214
1214
1214
1214
1214
1214
1214
1214
1214
1214
1214
1214
1214
1214
1214
1214
1214
1214
1214
1214
1214
1214
1214
1214
1214
1214
1214
1214
1214
1214
1214
1214
1214
1214
1214
1214
1214
1214
1214
1214
1214
1214
1214
1214
1214
1214
1214
1214
1214
1214
1214
1214
1214
1214
1214
1214
1214
1214
1214
1214
1214
1214
1214
1214
1214
1214
1214
1214
1214
1214
1214
1214
1214
1214
1214
1214
1214
1214
1214
1214
1214
1214
1214
1214
1214
1214
1214
1214
1214
1214
1214
1214
1214
1214
1214
1214
1214
1214
1214
1214
1214
1214
1214
1214
1214
1214
1214
1214
1214
1214
1214
1214
1214
1214
1214
1214
1214
1214
1214
1214
1214
1214
1214
1214
1214
1214
1214
1214
1214
1214
1214
1214
1214
1214
1214
1214
1214
1214
1214
1214
1214
1214
1214
1214
1214
1214
1214
1214
1214
1214
1214
1214
1214
1214
1214
1214
1214
1214
1214
1214
1214
1214
1214
1214
1214
1214
1214
1214
1214
1214
1214
1214
1214
1214
1214
1214
1214
1214
1214
1214
1214
1214
1214
1214
1214
1214
1214
1214
1214
1214
1214
1214
1214
1214
1214
1214
1214
1214
1214
1214
1214
1214
1214
1214
1214
1214
1214
1214
1214
1214
1214
1214
1214
1214
1214
1214
1214
1214
1214
1214
1214
1214
1214
1214
1214
1214
1214
1214
1214
1214
1214
1214
1214
1214
1214
1214
1214
1214
1214
1214
1214
1214
1214
1214
1214
1214
1214
1214
1214
1214
1214
1214
1214
1214
1214
1214
1214
1214
1214
1214
1214
1214
1214
1214
1214
1214
1214
1214
1214
1214
1214
1214
1214
1214
1214
1214
1214
1214
1214
1214
1214
1214
1214
1214
1214
1214
1214
1214
1214
1214
1214
1214
1214
1214
1214
1214
1214
1214
1214
1214
1214
1214
1214
1214
1214
1214
1214
1214
1214
1214
1214
1214
1214
1214
1214
1214
1214
1214
1214
1214
1214
1214
1214
1214
1214
1214
1214
1214
1214
1214
1214
1214
1214
1214
1214
1214
1214
1214
1214
1214
1214
1214
1214
1214
1214
1214
1214
1214
1214
1214
1214
1214
1214
1214
1214
1214
1214
1214
1214
1214
1214
1214
1214
1214
1214
1214
1214
1214
1214
1214
1214
1214
1214
1214
1214
1214
1214
1214
1214
1214
1214
1214
1214
1214
1214
1214
1214
1214
1214
1214
1214
1214
1214
1214
1214
1214
1214
1214
1214
1214
1214
1214
1214
1214
1214
1214
1214
1214
1214
1214
1214
1214
1214
1214
1214
1214
1214
1214
1214
1214
1214
1214
1214
1214
1214
1214
1214
1214
1214
1214
1214
1214
1214
1214
1214
1214
1214
1214
1214
1214
1214
1214
1214
1214
1214
1214
1214
1214
1214
1214
1214
1214
1214
1214
1214
1214
1214
1214
1214
1214
1214
1214
1214
1214
1214
1214
1214
1214
1214
1214
1214
1214
1214
1214
1214
1214
1214
1214
1214
1214
1214
1214
1214
1214
1214
1214
1214
1214
1214
1214
1214
1214
1214
1214
1214
1214
1214
1214
1214
1214
1214
1214
1214
1214
1214
1214
1214
1214
1214
1214
1214
1214
1214
1214
1214
1214
1214
1214
1214
1214
1214
1214
1214
1214
1214
1214
1214
1214
1214
1214
1214
1214
1214
1214
1214
1214
1214
1214
1214
1214
1214
1214
1214
1214
1214
1214
1214
1214
1214
1214
1214
1214
1214
1214
1214
1214
1214
1214
1214
1214
1214
1214
1214
1214
1214
1214
1214
1214
1214
1214
1214
1214
1214
1214
1214
1214
1214
1214
1214
1214
1214
1214
1214
1214
1214
1214
1214
1214
1214
1214
1214
1214
1214
1214
1214
1214
1214
1214
1214
1214
1214
1214
1214
1214
1214
1214
1214
1214
1214
1214
1214
1214
1214
1214
1214
1214
1214
1214
1214
1214
1214
1214
1214
1214
1214
1214
1214
1214
1214
1214
1214
1214
1214
1214
1214
1214
1214
1214
1214
1214
1214
1214
1214
1214
1214
1214
1214
1214
1214
1214
1214
1214
1214
1214
1214
1214
1214
1214
1214
1214
1214
1214
1214
1214
1214
1214
1214
1214
1214
1214
1214
1214
1214
1214
1214
1214
1214
1214
1214
1214
1214
1214
1214
1214
1214
1214
1214
1214
1214
1214
1214
1214
1214
1214
1214
1214
1214
1214
1214
1214
1214
1214
1214
1214
1214
1214
1214
1214
1214
1214
1214
1214
1214
1214
1214
1214
1214
1214
1214
1214
1214
1214
1214
1214
1214
1214
1214
1214
1214
1214
1214
1214
1214
1214
1214
1214
1214
1214
1214
1214
1214
1214
1214
1214
1214
1214
1214
1214
1214
1214
1214
1214
1214
1214
1214
1214
1214
1214
1214
1214
1214
1214
1214
1214
1214
1214
1214
1214
1214
1214
1214
1214
1214
1214
1214
1214
1214
1214
1214
1214
1214
1214
1214
1214
1214
1214
1214
1214
1214
1214
1214
1214
1214
1214
1214
1214
1214
1214
1214
1214
1214
1214
1214
1214
1214
1214
1214
1214
1214
1214
1214
1214
1214
1214
1214
1214
1214
1214
1214
1214
1214
1214
1214
1214
1214
1214
1214
1214
1214
1214
1214
1214
1214
1214
1214
1214
1214
1214
1214
1214
1214
1214
1214
1214
1214
1214
1214
1214
1214
1214
1214
1214
1214
1214
1214
1214
1214
1214
1214
1214
1214
1214
1214
1214
1214
1214
1214
1214
1214
1214
1214
1214
1214
1214
1214
1214
1214
1214
1214
1214
1214
1214
1214
1214
1214
1214
1214
1214
1214
1214
1214
1214
1214
1214
1214
1214
1214
1214
1214
1214
1214
1214
1214
1214
1214
1214
1214
1214
1214
1214
1214
1214
1214
1214
1214
1214
1214
1214
1214
1214
1214
1214
1214
1214
1214
1214
1214
1214
1214
1214
1214
1214
1214
1214
1214
1214
1214
1214
1214
1214
1214
1214
1214
1214
1214
1214
1214
1214
1214
1214
1214
1214
1214
1214
1214
1214
1214
1214
1214
1214
1214
1214
1214
1214
1214
1214
1214
1214
1214
1214
1214
1214
1214
1214
1214
1214
1214
1214
1214
1214
1214
1214
1214
1214
1214
1214
1214
1214
1214
1214
1214
1214
1214
1214
1214
1214
1214
1214
1214
1214
1214
1214
1214
1214
1214
1214
1214
1214
1214
1214
1214
1214
1214
1214
1214
1214
1214
1214
1214
1214
1214
1214
1214
1214
1214
1214
1214
1214
1214
1214
1214
1214
1214
1214
1214
1214
1214
1214
1214
1214
1214
1214
1214
1214
1214
1214
1214
1214
1214
1214
1214
1214
1214
1214
1214
1214
1214
1214
1214
1214
1214
1214
1214
1214
1214
1214
1214
1214
1214
1214
1214
1214
1214
1214
1214
1214
1214
1214
1214
1214
1214
1214
1214
1214
1214
1214
1214
1214
1214
1214
1214
1214
1214
1214
1214
1214
1214
1214
1214
1214
1214
1214
1214
1214
1214
1214
1214
1214
1214
1214
1214
1214
1214
1214
1214
1214
1214
1214
1214
1214
1214
1214
1214
1214
1214
1214
1214
1214
1214
1214
1214
1214
1214
1214
1214
1214
1214
1214
1214
1214
1214
1214
1214
1214
1214
1214
1214
1214
1214
1214
1214
1214
1214
1214
1214
1214
1214
1214
1214
1214
1214
1214
1214
1214
1214
1214
1214
1214
1214
1214
1214
1214
1214
1214
1214
1214
1214
1214
1214
1214
1214
1214
1214
1214
1214
1214
1214
1214
1214
1214
1214
1214
1214
1214
1214
1214
1214
1214
1214
1214
1214
1214
1214
1214
1214
1214
1214
1214
1214
1214
1214
1214
1214
1214
1214
1214
1214
1214
1214
1214
1214
1214
1214
1214
1214
1214
1214
1214
1214
1214
1214
1214
1214
1214
1214
1214
1214
1214
1214
1214
1214
1214
1214
1214
1214
1214
1214
1214
1214
1214
1214
1214
1214
1214
1214
1214
1214
1214
1214
1214
1214
1214
1214
1214
1214
1214
1214
1214
1214
1214
1214
1214
1214
1214
1214
1214
1214
1214
1214
1214
1214
1214
1214
1214
1214
1214
1214
1214
1214
1214
1214
1214
1214
1214
1214
1214
1214
1214
1214
1214
1214
1214
1214
1214
1214
1214
1214
1214
1214
1214
1214
1214
1214
1214
1214
1214
1214
1214
1214
1214
1214
1214
1214
1214
1214
1214
1214
1214
1214
1214
1214
1214
1214
1214
1214
1214
1214
1214
1214
1214
1214
1214
1214
1214
1214
1214
1214
1214
1214
1214
1214
1214
1214
1214
1214
1214
1214
1214
1214
1214
1214
1214
1214
1214
1214
1214
1214
1214
1214
1214
1214
1214
1214
1214
1214
1214
1214
1214
1214
1214
1214
1214
1214
1214
1214
1214
1214
1214
1214
1214
1214
1214
1214
1214
1214
1214
1214
1214
1214
1214
1214
1214
1214
1214
1214
1214
1214
1214
1214
1214
1214
1214
1214
1214
1214
1214
1214
1214
1214
1214
1214
1214
1214
1214
1214
1214
1214
1214
1214
1214
1214
1214
1214
1214
1214
1214
1214
1214
1214
1214
1214
1214
1214
1214
1214
1214
1214
1214
1214
1214
1214
1214
1214
1214
1214
1214
1214
1214
1214
1214
1214
1214
1214
1214
1214
1214
1214
1214
1214
1214
1214
1214
1214
1214
1214
1214
1214
1214
1214
1214
1214
1214
1214
1214
1214
1214
1214
1214
1214
1214
1214
1214
1214
1214
1214
1214
1214
1214
1214
1214
1214
1214
1214
1214
1214
1214
1214
1214
1214
1214
1214
1214
1214
1214
1214
1214
1214
1214
1214
1214
1214
1214
1214
1214
1214
1214
1214
1214
1214
1214
1214
1214
1214
1214
1214
1214
1214
1214
1214
1214
1214
1214
1214
1214
1214
1214
1214
1214
1214
1214
1214
1214
1214
1214
1214
1214
1214
1214
1214
1214
1214
1214
1214
1214
1214
1214
1214
1214
1214
1214
1214
1214
1214
1214
1214
1214
1214
1214
1214
1214
1214
1214
1214
1214
1214
1214
1214
1214
1214
1214
1214
1214
1214
1214
1214
1214
1214
1214
1214
1214
1214
1214
1214
1214
1214
1214
1214
1214
1214
1214
1214
1214
1214
1214
1214
1214
1214
1214
1214
1214
1214
1214
1214
1214
1214
1214
1214
1214
1214
1214
1214
1214
1214
1214
1214
1214
1214
1214
1214
1214
1214
1214
1214
1214
1214
1214
1214
1214
1214
1214
1214
1214
1214
1214
1214
1214
1214
1214
1214
1214
1214
1214
1214
1214
1214
1214
1214
1214
1214
1214
1214
1214
1214
1214
1214
1214
1214
1214
1214
1214
1214
1214
1214
1214
1214
1214
1214
1214
1214
1214
1214
1214
1214
1214
1214
1214
1214
1214
1214
1214
1214
1214
1214
1214
1214
1214
1214
1214
1214
1214
1214
1214
1214
1214
1214
1214
1214
1214
1214
1214
1214
1214
1214
1214
1214
1214
1214
1214
1214
1214
1214
1214
1214
1214
1214
1214
1214
1214
1214
1214
1214
1214
1214
1214
1214
1214
1214
1214
1214
1214
1214
1214
1214
1214
1214
1214
1214
1214
1214
1214
1214
1214
1214
1214
1214
1214
1214
1214
1214
1214
1214
1214
1214
1214
1214
1214
1214
1214
1214
1214
1214
1214
1214
1214
1214
1214
1214
1214
1214
1214
1214
1214
1214
1214
1214
1214
1214
1214
1214
1214
1214
1214
1214
1214
1214
1214
1214
1214
1214
1214
1214
1214
1214
1214
1214
1214
1214
1214
1214
1214
1214
1214
1214
1214
1214
1214
1214
1214
1214
1214
1214
1214
1214
1214
1214
1214
1214
1214
1214
1214
1214
1214
1214
1214
1214
1214
1214
1214
1214
1214
1214
1214
1214
1214
1214
1214
1214
1214
1214
1214
1214
