7634
7665
7622
7683
7670
7676
7630
7650
7576
7541
7554
7534
7570
7576
7525
7546
7504
7521
7501
7501
7468
7494
7580
7617
7617
7617
7633
7659
7649
7644
7644
7644
7677
7726
7674
7712
7724
7724
7723
7673
7673
7598
7614
7631
7631
7729
7729
7762
7762
7723
7712
7778
7778
7846
7825
7831
7818
7807
7804
7786
7720
7786
7786
7823
7895
7909
7868
7920
7898
7804
7826
7826
7895
7946
7920
7988
7873
7873
7857
7846
7868
7855
7758
7774
7760
7764
7764
7793
7809
7756
7697
7685
7707
7683
7643
7628
7653
7654
7722
7800
7817
7825
7795
7760
7817
7853
7780
7811
7830
7796
7822
7810
7804
7893
7955
8006
7950
7880
7945
7930
7897
7855
7730
7735
7809
7776
7871
7979
7997
7980
7892
7898
7987
7850
7887
7907
7978
7978
8009
7892
7834
7900
7940
7933
7933
7917
7915
7940
7907
7847
7857
7847
7847
7778
7814
7823
7749
7751
7713
7705
7768
7733
7662
7680
7776
7764
7852
7787
7728
7779
7815
7856
7877
7962
7962
7858
7889
7925
7925
7873
7871
7864
7775
7775
7782
7780
7814
7836
7836
7884
7842
7842
7842
7836
7898
7856
7843
7790
7740
7792
7891
7843
7799
7828
7859
7869
7880
7942
7949
8027
8053
7949
7897
7858
7845
7888
8006
7980
7979
7977
8005
8043
8009
8041
8031
7988
7931
7927
7946
7946
7857
7846
7841
7818
7798
7801
7828
7950
7936
7885
7815
7863
7862
7778
7790
7804
7865
7792
7806
7801
7791
7799
7848
7828
7882
7892
7808
7740
7760
7756
7756
7751
7731
7706
7737
7712
7719
7740
7750
7865
7830
7907
7886
7901
7901
7944
7982
7982
7993
8044
7995
7995
7995
7998
7972
7972
7972
7971
7904
7890
7914
7914
7956
7971
7996
7979
7962
7911
7843
7908
7783
7785
7784
7743
7803
7906
7883
7905
7867
7846
7838
7849
7871
7867
7832
7780
7732
7773
7798
7798
7756
7815
7781
7790
7724
7669
7579
7560
7446
7446
7428
7402
7478
7439
7429
7447
7546
7593
7581
7557
7542
7549
7559
7570
7663
7603
7600
7541
7476
7515
7544
7513
7619
7679
7638
7649
7642
7584
7541
7549
7511
7551
7509
7439
7462
7507
7555
7553
7557
7574
7621
7603
7593
7585
7585
7653
7744
7699
7697
7613
7639
7638
7638
7638
7691
7667
7690
7656
7657
7671
7643
7693
7678
7647
7670
7670
7683
7683
7712
7712
7638
7709
7700
7734
7684
7710
7762
7731
7774
7770
7756
7759
7660
7660
7674
7677
7725
7727
7766
7747
7747
7716
7800
7840
7795
7856
7888
7876
7857
7800
7743
7814
7791
7777
7775
7729
7736
7673
7649
7574
7615
7615
7631
7660
7660
7771
7771
7826
7769
7702
7681
7625
7659
7665
7710
7630
7604
7614
7599
7599
7651
7651
7679
7683
7726
7763
7751
7735
7712
7655
7621
7553
7539
7523
7511
7531
7453
7479
7518
7553
7555
7595
7531
7536
7607
7553
7542
7595
7595
7590
7544
7518
7504
7465
7582
7562
7562
7540
7540
7522
7543
7519
7619
7654
7649
7630
7649
7638
7592
7624
7766
7683
7660
7692
7734
7764
7758
7796
7753
7750
7757
7757
7734
7731
7709
7770
7781
7811
7895
7969
8003
8010
8010
8010
8022
7971
7855
7819
7803
7858
7844
7874
7877
7792
7792
7820
7858
7819
7735
7686
7725
7709
7741
7815
7820
7796
7762
7762
7780
7856
7853
7870
7858
7829
7891
7910
7843
7859
7742
7717
7707
7779
7784
7716
7716
7792
7872
7864
7840
7810
7826
7857
7857
7785
7828
7814
7807
7781
7812
7869
7831
7831
7782
7777
7795
7795
7722
7756
7779
7726
7747
7747
7682
7738
7732
7691
7677
7734
7686
7726
7701
7733
7784
7803
7799
7825
7860
7929
7929
7865
7818
7793
7793
7827
7856
7856
7921
7839
7969
7937
7916
7866
7804
7807
7670
7714
7714
7696
7685
7769
7716
7697
7783
7882
7909
7923
7948
7871
7857
7852
7829
7819
7806
7717
7720
7720
7715
7685
7744
7739
7739
7780
7831
7810
7800
7803
7830
7775
7854
7887
7946
7949
7903
7918
7872
7872
7869
7880
7881
7793
7845
7845
7874
7835
7835
7830
7741
7742
7784
7777
7886
7867
7917
7993
8039
7957
7936
7952
7978
8000
7992
7963
8014
8014
8030
8030
7956
7963
7963
7899
7898
7947
7938
7918
7932
7924
7939
7957
7952
8000
7961
7961
8012
7959
7994
8017
7972
7897
7829
7884
7884
7895
7785
7785
7743
7715
7771
7681
7643
7638
7551
7643
7707
7707
7755
7756
7749
7685
7688
7697
7685
7710
7724
7758
7690
7690
7667
7697
7686
7702
7670
7704
7726
7804
7804
7812
7861
7826
7914
7914
7991
7973
7941
7962
8083
8135
8135
8135
8179
8090
8146
8146
8122
8056
8083
8162
8191
8133
8130
8154
8226
8210
8202
8137
8087
8109
8108
8044
8042
8019
7987
7992
8050
8094
8168
8195
8221
8189
8226
8210
8212
8187
8192
8109
8085
8099
8028
8073
8078
8071
8096
8088
8051
8065
8185
8247
8307
8324
8297
8297
8297
8212
8238
8311
8274
8290
8274
8272
8230
8218
8214
8159
8159
8217
8243
8253
8283
8291
8279
8263
8278
8214
8140
8148
8126
8180
8197
8155
8187
8334
8293
8236
8268
8145
8145
8145
8143
8088
8124
8092
8032
7999
7995
8036
7980
7980
7940
7905
7840
7811
7817
7878
7965
8024
7946
7946
7946
7980
7932
7924
7924
7910
8011
8016
7974
7932
7901
7897
7879
7857
7822
7763
7772
7791
7805
7784
7756
7774
7740
7750
7787
7768
7708
7653
7714
7700
7655
7675
7667
7694
7688
7738
7747
7711
7723
7708
7745
7728
7857
7889
7865
7828
7820
7770
7806
7871
7880
7880
7867
7883
7945
7931
7849
7889
7863
7928
7827
7812
7832
7851
7872
7958
7993
8039
7960
7927
7976
7948
7976
7961
7892
7887
7938
7957
7988
8072
8019
8060
8067
8082
8068
8068
8051
8057
8083
8077
8090
8131
8171
8112
8088
8088
8135
8185
8185
8192
8114
8098
8098
8156
8161
8176
8184
8170
8126
8126
8092
8106
8084
8086
8108
8012
7978
8016
8037
8042
8022
7992
7956
7956
7953
7883
7883
7883
7969
8041
8041
7932
7947
7894
7904
7899
7899
7880
7880
7867
7857
7887
7813
7790
7878
7903
7901
7892
7919
7985
7901
7912
7891
7900
7902
7923
7901
7842
7858
7793
7821
7821
7836
7836
7811
7832
7789
7788
7784
7771
7771
7821
7833
7886
7935
7957
7957
7949
8053
8073
8089
8121
8052
7963
8020
8011
7994
8146
8226
8260
8232
8271
8227
8165
8145
8145
8150
8150
8134
8061
8022
8036
8083
8111
8145
8057
8017
8051
8051
8005
8010
7943
7943
7952
7985
7947
7963
8028
8049
8104
8156
8168
8140
8110
8064
8005
8080
8145
8191
8189
8192
8199
8197
8197
8167
8163
8147
8181
8134
8142
8142
8181
8198
8164
8193
8167
8202
8109
8007
7895
7896
7819
7750
7750
7733
7761
7855
7848
7879
7876
7896
7878
7878
7874
7796
7753
7788
7817
7890
7885
7885
7868
7878
7881
7885
7885
7859
7871
7871
7876
7904
7896
7888
7984
7992
8075
8027
7984
7944
7968
7988
7943
7915
7902
7909
7854
7874
7895
7954
7980
7958
7952
7952
7929
7880
7857
7860
7877
7893
7893
7853
7861
7861
7862
7878
7961
7959
7909
7919
7927
7924
7856
7856
7917
7904
7762
7753
7753
7705
7732
7686
7686
7704
7725
7767
7718
7737
7735
7746
7729
7859
7854
7883
7941
7900
7878
7827
7847
7806
7785
7770
7698
7698
7698
7698
7647
7647
7643
7697
7761
7687
7707
7729
7718
7728
7763
7762
7773
7766
7749
7795
7747
7775
7851
7782
7770
7723
7687
7666
7649
7649
7638
7597
7591
7577
7695
7720
7700
7689
7744
7829
7755
7767
7767
7742
7762
7802
7868
7826
7866
7867
7817
7817
7705
7705
7678
7583
7585
7562
7554
7581
7581
7569
7569
7602
7602
7667
7593
7511
7540
7520
7591
7567
7659
7693
7700
7681
7638
7668
7670
7697
7726
7736
7725
7727
7727
7610
7610
7610
7655
7608
7666
7633
7627
7580
7547
7547
7620
7620
7611
7631
7631
7578
7616
7627
7627
7602
7541
7580
7616
7529
7489
7631
7620
7595
7595
7612
7555
7551
7523
7483
7529
7579
7654
7606
7635
7659
7659
7664
7681
7699
7703
7703
7733
7782
7815
7815
7704
7749
7763
7750
7752
7745
7735
7645
7642
7704
7668
7701
7751
7741
7741
7711
7689
7725
7675
7675
7713
7697
7644
7644
7679
7621
7630
7707
7656
7652
7660
7700
7729
7658
7605
7566
7623
7604
7646
7617
7604
7600
7679
7724
7648
7697
7711
7787
7716
7794
7734
7738
7736
7764
7722
7722
7778
7778
7718
7718
7710
7695
7785
7747
7738
7732
7760
7767
7769
7725
7773
7752
7736
7776
7745
7663
7663
7742
7734
7773
7773
7810
7789
7772
7863
7892
7830
7857
7743
7693
7774
7695
7670
7721
7734
7727
7638
7681
7745
7697
7712
7670
7659
7663
7663
7728
7771
7811
7797
7797
7755
7696
7698
7698
7735
7748
7770
7770
7810
7764
7718
7764
7774
7738
7698
7678
7646
7652
7556
7583
7634
7631
7611
7594
7642
7642
7608
7543
7541
7559
7559
7594
7599
7619
7657
7611
7611
7598
7598
7682
7644
7592
7540
7526
7536
7577
7572
7552
7631
7584
7557
7556
7615
7583
7645
7709
7729
7707
7707
7698
7664
7611
7620
7631
7704
7769
7769
7746
7709
7730
7736
7762
7697
7720
7720
7630
7635
7585
7548
7531
7531
7595
7636
7644
7650
7650
7612
7678
7678
7721
7721
7648
7645
7573
7564
7545
7594
7587
7622
7622
7638
7682
7688
7653
7693
7659
7722
7673
7655
7686
7716
7716
7745
7796
7768
7768
7727
7727
7769
7778
7738
7719
7755
7755
7712
7764
7853
7788
7788
7840
7896
7976
7976
7952
7910
7927
7851
7894
7899
7906
7876
7893
7873
7873
7915
7904
7894
7940
7940
7924
7956
7962
7957
7987
7962
7927
7917
7888
7888
7900
7872
7835
7833
7855
7815
7793
7749
7690
7661
7641
7610
7610
7645
7647
7602
7669
7599
7592
7632
7686
7758
7758
7704
7716
7731
7751
7703
7711
7684
7684
7663
7653
7595
7633
7592
7571
7554
7537
7537
7537
7619
7617
7617
7611
7587
7606
7593
7572
7512
7555
7567
7608
7608
7596
7591
7591
7490
7505
7510
7536
7540
7512
7512
7540
7477
7439
7398
7397
7386
7374
7396
7396
7466
7466
7522
7466
7415
7419
7414
7406
7482
7506
7486
7480
7495
7503
7546
7518
7448
7404
7397
7383
7375
7386
7386
7385
7370
7333
7333
7349
7416
7416
7429
7474
7494
7450
7454
7454
7418
7414
7441
7427
7429
7471
7511
7459
7463
7415
7414
7401
7294
7397
7457
7418
7560
7497
7497
7581
7682
7640
7655
7655
7714
7762
7705
7693
7694
7704
7840
7896
7880
7848
7848
7848
7820
7808
7806
7762
7853
7873
7883
7883
7879
7860
7829
7767
7771
7589
7600
7580
7632
7632
7609
7633
7657
7669
7683
7668
7615
7678
7640
7597
7674
7708
7687
7765
7765
7720
7690
7664
7587
7536
7525
7504
7558
7517
7607
7691
7691
7745
7731
7731
7731
7768
7897
7943
7910
7926
7918
7860
7948
7871
7871
7874
7816
7842
7842
7852
7808
7847
7899
7899
7864
7813
7803
7845
7864
7883
7812
7816
7816
7832
7804
7796
7864
7791
7678
7734
7740
7673
7673
7697
7697
7697
7650
7652
7602
7644
7653
7807
7694
7672
7672
7664
7730
7781
7839
7858
7804
7784
7756
7708
7728
7752
7724
7704
7595
7608
7665
7685
7693
7681
7681
7693
7695
7737
7681
7681
7714
7705
7708
7757
7759
7779
7739
7739
7778
7822
7857
7915
7825
7886
7912
7874
7813
7813
7751
7720
7716
7684
7771
7787
7787
7796
7776
7752
7812
7821
7729
7755
7848
7840
7872
7879
7883
7930
7848
7801
7815
7792
7779
7827
7740
7798
7813
7772
7740
7804
7780
7853
7872
7872
7872
7864
7820
7743
7703
7763
7667
7667
7678
7661
7650
7654
7654
7661
7640
7678
7692
7692
7697
7697
7693
7698
7698
7684
7719
7655
7683
7629
7653
7736
7595
7609
7588
7588
7573
7573
7576
7637
7602
7611
7664
7796
7752
7727
7819
7819
7881
7886
7836
7740
7746
7754
7795
7827
7730
7717
7690
7730
7737
7735
7766
7757
7699
7813
7760
7724
7733
7701
7773
7759
7812
7840
7840
7745
7719
7700
7664
7666
7666
7678
7624
7660
7652
7595
7564
7578
7578
7580
7658
7658
7649
7598
7626
7655
7655
7686
7698
7698
7750
7781
7781
7702
7705
7707
7798
7866
7880
7880
7859
7825
7794
7794
7795
7730
7765
7802
7786
7757
7789
7795
7863
7865
7869
7845
7816
7827
7894
8012
7965
7965
7965
7885
7859
7859
7843
7801
7763
7697
7697
7697
7740
7716
7740
7712
7757
7798
7805
7898
7897
7861
7902
7910
7910
7981
7983
7945
7933
7819
7767
7772
7772
7751
7745
7755
7759
7759
7726
7719
7777
7722
7722
7753
7752
7749
7725
7669
7657
7640
7661
7592
7624
7556
7585
7603
7681
7627
7628
7659
7695
7730
7723
7759
7759
7740
7730
7670
7637
7681
7723
7624
7624
7580
7580
7598
7598
7633
7633
7633
7719
7697
7655
7750
7800
7797
7810
7845
7846
7816
7775
7763
7748
7706
7711
7705
7713
7682
7737
7748
7748
7696
7710
7662
7690
7686
7686
7704
7704
7734
7670
7670
7670
7670
7610
7576
7645
7580
7613
7544
7513
7557
7517
7507
7527
7564
7648
7550
7568
7608
7562
7606
7605
7704
7752
7783
7725
7725
7671
7671
7597
7645
7636
7627
7611
7611
7629
7629
7629
7641
7626
7587
7585
7585
7566
7612
7598
7633
7633
7633
7611
7660
7660
7650
7602
7623
7580
7615
7615
7654
7599
7599
7631
7618
7621
7582
7574
7574
7593
7586
7626
7598
7627
7584
7636
7620
7673
7673
7667
7661
7619
7660
7660
7666
7666
7632
7615
7656
7656
7698
7668
7668
7611
7661
7616
7635
7627
7597
7641
7647
7697
7690
7724
7746
7763
7779
7728
7746
7792
7862
7785
7739
7751
7751
7751
7734
7734
7690
7692
7658
7752
7844
7844
7844
7844
7882
7854
7788
7806
7785
7742
7732
7763
7747
7743
7711
7754
7754
7806
7804
7742
7746
7746
7798
7792
7857
7851
7882
7935
7935
7988
7955
7979
7929
7942
7973
7973
7859
7837
7823
7826
7826
7750
7701
7660
7662
7684
7689
7757
7778
7751
7760
7729
7725
7760
7771
7736
7724
7684
7684
7605
7638
7643
7642
7607
7597
7596
7648
7566
7642
7586
7620
7583
7576
7574
7590
7566
7600
7583
7578
7588
7605
7624
7624
7746
7732
7699
7696
7695
7684
7701
7650
7613
7599
7599
7590
7590
7657
7665
7665
7745
7735
7700
7700
7743
7706
7706
7618
7634
7619
7652
7673
7688
7737
7671
7652
7652
7691
7691
7706
7647
7647
7628
7609
7492
7626
7626
7616
7515
7492
7533
7613
7613
7630
7662
7670
7740
7745
7798
7820
7840
7840
7851
7835
7840
7840
7804
7841
7886
7921
7934
7876
7851
7860
7868
7857
7795
7808
7803
7867
7867
7867
7813
7813
7821
7802
7735
7750
7750
7744
7744
7744
7744
7744
7744
7744
7744
7665
7695
7695
7671
7635
7590
7614
7658
7625
7649
7629
7629
7588
7610
7592
7592
7592
7574
7664
7660
7718
7704
7714
7734
7724
7662
7662
7638
7675
7670
7608
7635
7607
7506
7569
7516
7567
7534
7532
7556
7556
7582
7673
7771
7791
7778
7716
7756
7751
7761
7743
7793
7736
7760
7746
7744
7759
7817
7789
7864
7830
7807
7746
7746
7848
7855
7771
7820
7820
7836
7819
7846
7846
7820
7846
7865
7823
7703
7726
7734
7755
7761
7735
7788
7788
7809
7809
7852
7853
7819
7784
7814
7798
7846
7818
7850
7850
7833
7815
7790
7745
7685
7692
7660
7660
7747
7799
7756
7727
7747
7787
7867
7867
7919
7957
7905
7921
7987
7987
7987
7997
7965
7959
8018
8000
8000
8025
7969
7974
8011
8034
8034
8018
8011
8063
8063
8013
8031
8049
8049
8069
7978
7932
7976
7976
7976
7969
7994
7994
7966
7913
7942
7933
7994
7892
7891
7951
7888
7888
7844
7802
7840
7854
7834
7803
7797
7734
7734
7717
7742
7742
7742
7688
7758
7708
7708
7708
7733
7733
7727
7743
7721
7758
7745
7723
7668
7711
7767
7767
7744
7783
7783
7761
7745
7740
7786
7768
7772
7823
7877
7821
7748
7788
7804
7847
7839
7803
7826
7775
7869
7858
7858
7858
7880
7852
7868
7815
7801
7852
7936
7999
8047
8046
8095
8073
8053
8053
8046
8055
7966
7886
7944
7918
7871
7833
7833
7851
7774
7798
7776
7776
7776
7776
7777
7800
7721
7727
7717
7721
7674
7674
7674
7647
7644
7644
7656
7656
7681
7637
7705
7714
7674
7761
7786
7756
7761
7761
7819
7816
7816
7864
7891
7959
7961
7965
7911
7931
7859
7869
7869
7930
7891
7892
7784
7776
7789
7839
7783
7787
7812
7812
7789
7710
7653
7597
7633
7648
7560
7595
7586
7557
7579
7579
7579
7651
7613
7576
7576
7537
7611
7588
7588
7546
7546
7561
7560
7560
7520
7527
7514
7514
7537
7577
7608
7629
7627
7632
7669
7671
7615
7625
7630
7615
7651
7605
7672
7656
7656
7615
7615
7613
7569
7581
7612
7624
7747
7755
7777
7777
7757
7759
7749
7749
7761
7761
7718
7799
7794
7758
7764
7876
7815
7814
7814
7775
7781
7751
7710
7716
7716
7773
7816
7901
7905
7905
7905
7833
7857
7826
7840
7789
7761
7783
7749
7748
7780
7763
7759
7795
7735
7767
7867
7859
7955
7982
8019
8056
7986
8003
8003
7963
7940
7977
7865
7714
7671
7740
7658
7701
7809
7792
7791
7809
7806
7946
7889
7889
7901
7891
7904
7909
7909
7960
7933
7920
7990
7990
8001
8007
7948
7892
7876
7749
7741
7755
7744
7744
7714
7731
7772
7792
7802
7802
7768
7784
7784
7779
7808
7877
7881
7867
7928
7928
7860
7923
7831
7819
7819
7825
7813
7802
7792
7780
7830
7796
7835
7829
7829
7843
7815
7755
7878
7959
7942
7974
7988
8054
7973
7971
7950
7859
7871
7844
7844
7846
7846
7846
7897
7883
7823
7823
7782
7723
7732
7732
7730
7774
7693
7679
7670
7681
7703
7707
7626
7626
7626
7654
7642
7623
7623
7644
7681
7724
7668
7668
7649
7649
7649
7614
7614
7614
7606
7606
7536
7571
7589
7623
7605
7618
7574
7580
7567
7544
7560
7535
7536
7536
7536
7554
7518
7518
7518
7518
7510
7528
7549
7559
7645
7615
7632
7662
7671
7652
7612
7718
7654
7611
7637
7687
7723
7728
7728
7728
7728
7728
7728
7747
7747
7773
7762
7863
7863
7879
7911
7884
7884
7911
7936
7924
7916
7849
7802
7808
7820
7812
7743
7752
7736
7735
7674
7687
7778
7778
7737
7752
7756
7745
7737
7754
7754
7701
7727
7726
7740
7748
7748
7741
7674
7707
7698
7628
7631
7607
7581
7581
7531
7500
7500
7522
7517
7496
7486
7473
7473
7460
7516
7528
7571
7543
7541
7583
7559
7560
7596
7620
7670
7640
7649
7616
7623
7586
7549
7449
7502
7579
7545
7525
7525
7496
7517
7532
7499
7503
7503
7506
7447
7384
7384
7408
7412
7412
7372
7356
7381
7400
7400
7432
7431
7358
7369
7415
7396
7396
7396
7455
7496
7569
7581
7582
7568
7589
7589
7589
7565
7524
7525
7547
7547
7513
7574
7490
7490
7490
7492
7540
7540
7476
7454
7391
7419
7455
7450
7516
7394
7376
7323
7323
7323
7352
7318
7324
7324
7324
7302
7270
7319
7319
7404
7361
7469
7463
7462
7462
7447
7554
7558
7553
7505
7486
7486
7498
7427
7433
7409
7394
7394
7378
7378
7375
7408
7408
7404
7510
7510
7445
7425
7440
7446
7459
7412
7416
7384
7384
7363
7383
7389
7357
7371
7382
7473
7426
7491
7512
7584
7584
7632
7741
7719
7731
7767
7767
7627
7627
7662
7687
7662
7676
7687
7680
7680
7680
7642
7613
7585
7585
7556
7534
7551
7551
7602
7556
7546
7522
7522
7473
7473
7473
7473
7473
7567
7566
7532
7449
7449
7402
7387
7400
7400
7356
7356
7351
7330
7364
7400
7351
7448
7517
7533
7571
7633
7627
7700
7773
7678
7604
7648
7648
7543
7515
7515
7489
7489
7489
7500
7515
7567
7587
7587
7637
7676
7676
7648
7674
7674
7766
7755
7782
7778
7761
7778
7682
7625
7601
7633
7629
7629
7658
7668
7699
7614
7600
7610
7663
7659
7659
7639
7639
7629
7629
7629
7681
7681
7576
7614
7629
7576
7574
7607
7607
7556
7556
7594
7576
7585
7504
7504
7535
7559
7528
7495
7495
7524
7565
7565
7522
7541
7542
7542
7553
7523
7575
7622
7604
7603
7661
7634
7635
7639
7642
7676
7701
7695
7695
7648
7648
7667
7698
7638
7623
7688
7644
7596
7551
7564
7547
7547
7547
7595
7647
7571
7587
7610
7602
7636
7631
7599
7643
7643
7609
7609
7609
7545
7517
7597
7590
7616
7616
7694
7723
7784
7828
7835
7812
7812
7793
7818
7847
7817
7936
7936
7820
7832
7792
7808
7781
7744
7752
7682
7677
7677
7651
7685
7670
7593
7593
7638
7601
7689
7663
7663
7636
7714
7714
7742
7742
7663
7702
7664
7594
7607
7654
7689
7671
7652
7679
7703
7703
7621
7621
7641
7659
7687
7687
7687
7668
7668
7700
7707
7764
7766
7853
7863
7755
7691
7702
7765
7804
7779
7793
7793
7778
7798
7696
7709
7699
7728
7734
7734
7732
7732
7707
7755
7753
7756
7732
7732
7725
7762
7823
7823
7828
7857
7864
7792
7792
7728
7736
7767
7690
7670
7670
7670
7670
7698
7771
7725
7671
7638
7747
7747
7747
7755
7755
7648
7707
7807
7807
7816
7816
7750
7750
7750
7715
7715
7715
7693
7709
7709
7709
7769
7830
7830
7809
7783
7783
7787
7773
7710
7597
7650
7625
7546
7532
7528
7568
7572
7544
7544
7539
7548
7522
7520
7520
7540
7520
7539
7539
7496
7588
7602
7578
7578
7578
7522
7522
7522
7522
7562
7621
7564
7554
7554
7560
7560
7560
7513
7563
7596
7546
7535
7542
7600
7541
7530
7545
7568
7568
7480
7525
7514
7553
7500
7500
7500
7500
7573
7588
7590
7590
7494
7515
7515
7495
7478
7561
7547
7547
7547
7537
7595
7594
7555
7575
7520
7523
7506
7532
7617
7635
7610
7614
7593
7586
7606
7586
7642
7697
7696
7632
7656
7659
7686
7686
7686
7686
7753
7753
7720
7711
7770
7787
7789
7722
7711
7771
7704
7704
7704
7673
7701
7692
7646
7646
7631
7631
7631
7594
7575
7575
7581
7573
7630
7591
7575
7601
7548
7541
7543
7590
7539
7581
7641
7650
7650
7650
7650
7650
7624
7632
7632
7632
7654
7625
7625
7626
7718
7718
7693
7635
7635
7626
7626
7626
7607
7607
7650
7650
7650
7640
7640
7640
7653
7690
7690
7644
7655
7670
7679
7714
7635
7635
7635
7661
7704
7756
7756
7807
7764
7695
7691
7663
7663
7663
7663
7663
7543
7551
7551
7489
7467
7467
7481
7463
7447
7510
7510
7526
7418
7451
7477
7479
7429
7429
7468
7513
7544
7475
7460
7431
7431
7431
7431
7490
7476
7481
7481
7465
7445
7468
7468
7468
7468
7468
7468
7468
7521
7521
7543
7543
7543
7519
7519
7535
7535
7533
7606
7638
7674
7572
7552
7552
7585
7585
7621
7627
7610
7610
7631
7609
7589
7604
7604
7577
7619
7666
7666
7717
7656
7731
7741
7715
7715
7739
7758
7756
7756
7756
7770
7677
7677
7673
7653
7653
7653
7636
7636
7645
7606
7630
7653
7547
7547
7595
7607
7589
7595
7649
7570
7526
7526
7518
7518
7518
7504
7513
7396
7404
7443
7341
7379
7375
7375
7358
7339
7327
7327
7294
7294
7306
7306
7306
7251
7251
7291
7330
7356
7366
7372
7372
7372
7372
7382
7397
7412
7476
7476
7467
7467
7467
7501
7501
7501
7501
7499
7560
7524
7540
7451
7535
7481
7414
7404
7404
7404
7404
7404
7420
7492
7492
7492
7492
7492
7523
7523
7531
7531
7531
7509
7552
7575
7575
7587
7572
7572
7509
7509
7509
7509
7509
7509
7509
7509
7509
7534
7534
7534
7534
7533
7553
7524
7524
7524
7524
7533
7560
7560
7652
7652
7602
7613
7579
7558
7558
7558
7558
7558
7595
7638
7638
7683
7718
7718
7718
7718
7786
7770
7770
7731
7731
7730
7730
7730
7686
7722
7746
7745
7773
7773
7773
7729
7697
7679
7664
7652
7652
7652
7608
7595
7604
7573
7621
7661
7623
7589
7633
7633
7669
7669
7694
7694
7694
7562
7550
7605
7599
7611
7642
7642
7642
7642
7570
7628
7628
7595
7595
7637
7638
7638
7638
7638
7620
7620
7635
7630
7630
7654
7607
7601
7619
7638
7642
7598
7682
7734
7824
7850
7850
7850
7850
7868
7836
7836
7812
7798
7798
7798
7763
7795
7818
7886
7868
7885
7859
7859
7909
7833
7858
7858
7858
7795
7759
7759
7768
7747
7718
7761
7713
7688
7671
7663
7663
7713
7713
7713
7721
7690
7690
7739
7739
7739
7665
7665
7659
7659
7696
7696
7696
7696
7656
7669
7721
7736
7736
7790
7806
7806
7791
7707
7649
7649
7737
7736
7757
7739
7746
7715
7701
7705
7639
7639
7639
7639
7639
7639
7587
7555
7557
7577
7534
7470
7525
7525
7501
7501
7525
7525
7510
7510
7531
7584
7510
7531
7547
7529
7523
7502
7557
7557
7557
7540
7540
7531
7514
7572
7572
7572
7587
7586
7586
7528
7496
7496
7443
7413
7413
7360
7360
7349
7400
7352
7353
7353
7353
7384
7372
7361
7340
7361
7350
7347
7344
7264
7284
7284
7284
7297
7366
7459
7424
7338
7348
7344
7376
7369
7369
7369
7430
7421
7421
7379
7424
7424
7424
7414
7414
7414
7414
7414
7414
7414
7411
7411
7359
7359
7359
7346
7346
7353
7353
7367
7367
7385
7385
7347
7355
7320
7297
7297
7297
7308
7295
7287
7287
7321
7386
7383
7405
7437
7421
7408
7432
7392
7392
7392
7383
7329
7329
7369
7369
7355
7355
7315
7283
7296
7369
7392
7337
7381
7381
7401
7418
7418
7409
7412
7412
7422
7442
7435
7446
7453
7484
7486
7486
7486
7486
7473
7496
7527
7473
7468
7468
7468
7468
7414
7409
7409
7409
7392
7392
7387
7465
7524
7475
7475
7463
7486
7438
7438
7438
7429
7429
7418
7439
7439
7414
7475
7475
7449
7465
7399
7422
7436
7436
7424
7342
7354
7324
7340
7304
7287
7297
7306
7347
7335
7331
7295
7295
7295
7295
7326
7314
7367
7331
7331
7332
7373
7350
7350
7350
7297
7297
7297
7297
7315
7295
7256
7217
7217
7217
7250
7250
7250
7250
7250
7250
7218
7222
7222
7222
7244
7297
7297
7326
7301
7306
7363
7371
7371
7408
7476
7446
7497
7437
7437
7437
7434
7435
7455
7456
7456
7462
7433
7433
7434
7440
7478
7516
7467
7409
7371
7371
7357
7395
7313
7308
7361
7430
7430
7446
7494
7494
7503
7504
7458
7456
7456
7426
7426
7441
7432
7492
7491
7491
7473
7455
7470
7470
7470
7470
7491
7524
7524
7519
7516
7583
7598
7583
7531
7549
7535
7535
7538
7420
7416
7438
7438
7438
7451
7454
7421
7421
7399
7362
7400
7400
7400
7442
7485
7503
7503
7503
7550
7544
7549
7543
7526
7542
7559
7559
7557
7532
7554
7502
7484
7499
7499
7424
7424
7510
7500
7500
7478
7526
7576
7560
7560
7585
7602
7623
7635
7594
7550
7573
7573
7557
7561
7561
7558
7558
7558
7558
7528
7528
7489
7585
7522
7517
7517
7517
7517
7494
7513
7486
7476
7518
7565
7565
7592
7580
7582
7525
7518
7540
7538
7538
7546
7546
7537
7601
7601
7648
7648
7609
7538
7671
7671
7699
7604
7604
7578
7578
7578
7608
7608
7628
7656
7640
7612
7641
7641
7633
7656
7620
7683
7701
7701
7591
7617
7617
7673
7673
7673
7739
7739
7727
7729
7729
7744
7744
7744
7744
7681
7734
7687
7749
7749
7681
7671
7686
7686
7686
7686
7686
7679
7682
7687
7741
7721
7665
7604
7604
7604
7604
7581
7581
7635
7635
7614
7686
7745
7723
7680
7680
7649
7614
7574
7578
7520
7509
7509
7519
7509
7546
7496
7572
7547
7563
7579
7555
7582
7584
7584
7584
7584
7579
7564
7567
7567
7567
7539
7520
7542
7528
7528
7564
7597
7597
7626
7588
7583
7558
7553
7579
7554
7571
7571
7571
7571
7476
7428
7428
7443
7443
7453
7453
7424
7404
7401
7401
7383
7383
7372
7365
7365
7398
7381
7381
7381
7409
7375
7375
7400
7353
7353
7327
7318
7318
7388
7352
7352
7352
7352
7352
7338
7338
7274
7288
7288
7253
7253
7252
7252
7252
7232
7232
7232
7232
7173
7173
7169
7132
7138
7138
7135
7135
7135
7135
7139
7167
7178
7212
7212
7212
7212
7212
7249
7249
7249
7249
7248
7248
7248
7272
7272
7251
7251
7251
7269
7269
7269
7320
7372
7372
7391
7448
7447
7447
7435
7435
7435
7411
7411
7431
7370
7368
7368
7302
7302
7302
7302
7294
7289
7290
7298
7298
7315
7315
7326
7258
7258
7258
7290
7294
7294
7294
7326
7326
7326
7326
7318
7303
7303
7280
7298
7298
7298
7328
7328
7328
7316
7363
7362
7425
7395
7395
7395
7395
7374
7317
7317
7317
7317
7358
7359
7359
7359
7359
7359
7359
7359
7359
7371
7400
7400
7364
7417
7426
7426
7436
7436
7436
7436
7436
7474
7456
7456
7456
7405
7405
7405
7405
7388
7402
7377
7328
7336
7416
7416
7416
7416
7416
7421
7421
7421
7421
7459
7442
7442
7481
7429
7388
7379
7401
7388
7368
7368
7368
7360
7304
7322
7401
7401
7401
7401
7401
7429
7429
7429
7437
7443
7382
7440
7417
7413
7413
7448
7524
7524
7552
7526
7519
7519
7519
7464
7517
7482
7482
7482
7482
7482
7482
7482
7482
7482
7482
7526
7526
7526
7526
7504
7504
7504
7559
7559
7506
7517
7517
7620
7620
7624
7624
7639
7639
7616
7616
7565
7608
7608
7608
7570
7570
7574
7576
7542
7542
7508
7508
7535
7543
7543
7543
7543
7543
7574
7542
7567
7567
7567
7567
7567
7513
7513
7513
7513
7513
7500
7412
7412
7412
7412
7412
7412
7412
7412
7473
7464
7464
7464
7536
7565
7563
7573
7573
7573
7581
7571
7557
7469
7487
7487
7487
7457
7394
7425
7425
7425
7413
7412
7401
7401
7401
7401
7425
7425
7425
7389
7426
7426
7426
7426
7412
7438
7438
7444
7427
7416
7416
7414
7422
7422
7422
7422
7465
7465
7465
7492
7492
7492
7520
7509
7509
7467
7479
7414
7414
7414
7414
7403
7403
7403
7387
7461
7461
7496
7511
7511
7528
7493
7505
7494
7523
7537
7537
7610
7643
7643
7643
7622
7607
7621
7621
7621
7621
7621
7621
7621
7617
7580
7580
7580
7544
7544
7544
7466
7468
7468
7468
7491
7553
7553
7553
7553
7553
7553
7553
7553
7553
7521
7487
7465
7465
7465
7501
7480
7469
7469
7520
7520
7520
7520
7502
7489
7489
7478
7479
7396
7396
7401
7400
7400
7393
7351
7329
7329
7329
7329
7305
7281
7281
7301
7355
7350
7356
7362
7308
7297
7360
7360
7360
7360
7366
7365
7340
7340
7340
7340
7340
7337
7337
7337
7337
7302
7302
7311
7311
7219
7219
7219
7253
7253
7253
7278
7278
7278
7284
7284
7284
7315
7315
7316
7316
7349
7351
7351
7299
7299
7359
7359
7355
7355
7355
7355
7355
7355
7355
7363
7395
7414
7504
7466
7459
7423
7423
7423
7423
7434
7434
7434
7431
7431
7431
7431
7470
7481
7481
7481
7481
7477
7484
7484
7484
7484
7410
7414
7352
7352
7388
7369
7360
7359
7382
7382
7382
7382
7382
7333
7370
7370
7376
7367
7349
7349
7322
7322
7322
7287
7287
7287
7308
7372
7372
7372
7410
7410
7410
7410
7355
7353
7354
7342
7317
7307
7307
7320
7331
7318
7318
7318
7315
7315
7315
7302
7302
7317
7286
7286
7286
7286
7286
7269
7269
7269
7328
7328
7324
7324
7324
7324
7324
7326
7362
7343
7354
7301
7282
7282
7251
7287
7287
7263
7266
7266
7280
7279
7245
7274
7274
7300
7300
7300
7344
7344
7335
7349
7349
7352
7352
7352
7427
7371
7329
7329
7376
7376
7321
7321
7317
7319
7377
7377
7370
7370
7349
7349
7351
7351
7351
7351
7322
7293
7266
7244
7244
7244
7244
7244
7244
7244
7212
7212
7214
7155
7145
7147
7147
7147
7226
7231
7186
7202
7204
7201
7172
7172
7172
7172
7157
7157
7157
7198
7198
7198
7198
7197
7197
7197
7197
7197
7210
7210
7210
7210
7221
7221
7221
7221
7221
7221
7221
7221
7221
7219
7228
7228
7243
7243
7241
7285
7285
7284
7274
7274
7311
7311
7323
7323
7277
7277
7277
7313
7313
7313
7313
7288
7288
7288
7288
7314
7321
7321
7321
7341
7341
7341
7360
7360
7344
7344
7360
7343
7343
7421
7324
7324
7324
7324
7324
7303
7289
7289
7289
7289
7240
7240
7240
7240
7240
7240
7240
7240
7240
7240
7252
7252
7252
7252
7231
7231
7231
7231
7247
7266
7266
7242
7289
7289
7289
7289
7289
7278
7278
7267
7267
7252
7314
7306
7331
7331
7299
7314
7314
7312
7322
7322
7273
7272
7272
7272
7272
7265
7199
7199
7199
7203
7226
7208
7212
7266
7266
7266
7266
7266
7274
7274
7302
7302
7283
7283
7265
7265
7265
7265
7269
7298
7298
7298
7286
7284
7284
7284
7284
7299
7299
7299
7299
7299
7299
7266
7289
7289
7291
7285
7285
7285
7285
7285
7288
7348
7347
7351
7337
7279
7271
7233
7233
7233
7233
7217
7217
7217
7217
7217
7179
7176
7200
7200
7200
7189
7189
7189
7189
7166
7217
7201
7201
7201
7199
7199
7199
7154
7154
7154
7154
7154
7177
7177
7177
7173
7173
7173
7173
7168
7168
7185
7185
7185
7185
7185
7149
7149
7158
7179
7179
7203
7227
7227
7308
7294
7294
7294
7283
7283
7283
7283
7252
7254
7257
7257
7277
7277
7266
7266
7266
7266
7275
7275
7266
7264
7264
7309
7269
7269
7262
7287
7287
7264
7266
7266
7269
7272
7272
7272
7293
7293
7223
7223
7243
7243
7243
7243
7277
7277
7263
7255
7255
7255
7240
7240
7248
7248
7246
7246
7259
7259
7259
7259
7259
7259
7270
7270
7270
7248
7223
7223
7223
7223
7246
7246
7231
7231
7219
7197
7197
7197
7197
7197
7214
7214
7214
7175
7189
7189
7189
7189
7173
7202
7202
7213
7249
7226
7226
7226
7196
7201
7197
7206
7209
7209
7209
7192
7192
7192
7192
7192
7219
7219
7219
7219
7208
7208
7208
7224
7224
7164
7164
7164
7158
7158
7158
7158
7158
7176
7192
7192
7192
7192
7192
7192
7192
7192
7192
7202
7170
7170
7170
7100
7100
7100
7100
7111
7064
7064
7064
7064
7064
7064
7064
7064
7064
7064
7104
7104
7095
7095
7095
7095
7095
7053
7053
7053
7053
7053
7053
7053
7053
7053
7062
7062
7062
7062
7062
7062
7016
7066
7066
7066
7066
7066
7107
7107
7097
7097
7098
7098
7120
7120
7120
7120
7108
7108
7108
7108
7108
7108
7108
7123
7115
7115
7115
7115
7115
7115
7115
7104
7104
7104
7104
7140
7113
7113
7107
7107
7162
7162
7136
7136
7136
7187
7187
7149
7149
7149
7149
7149
7149
7149
7149
7162
7162
7162
7171
7190
7190
7190
7190
7185
7185
7185
7173
7173
7173
7173
7173
7176
7185
7185
7185
7185
7185
7185
7185
7185
7190
7190
7190
7188
7188
7188
7188
7188
7188
7204
7220
7193
7193
7193
7193
7193
7195
7196
7196
7178
7146
7186
7186
7186
7186
7182
7180
7177
7177
7142
7142
7142
7134
7134
7134
7134
7134
7123
7123
7123
7123
7123
7123
7123
7132
7132
7132
7132
7132
7132
7132
7132
7132
7140
7105
7105
7105
7105
7105
7102
7102
7134
7134
7117
7117
7117
7113
7113
7124
7089
7145
7145
7145
7131
7131
7131
7131
7131
7131
7131
7120
7120
7120
7113
7113
7113
7113
7113
7113
7100
7100
7100
7100
7100
7100
7100
7100
7100
7100
7100
7100
7100
7100
7100
7100
7100
7101
7101
7101
7101
7101
7101
7101
7101
7099
7099
7099
7099
7099
7099
7099
7099
7099
7098
7098
7098
7098
7098
7098
7098
7098
7098
7098
7134
7134
7158
7158
7158
7158
7141
7141
7141
7141
7141
7190
7218
7218
7241
7228
7272
7277
7277
7259
7259
7259
7259
7259
7260
7260
7260
7260
7290
7312
7312
7312
7312
7272
7272
7272
7272
7272
7297
7319
7296
7322
7322
7331
7331
7331
7337
7303
7303
7303
7303
7284
7284
7288
7288
7288
7288
7299
7299
7300
7300
7300
7300
7300
7300
7300
7300
7373
7375
7375
7379
7379
7379
7379
7365
7381
7381
7381
7362
7362
7362
7362
7378
7378
7321
7321
7321
7321
7322
7315
7315
7315
7315
7315
7304
7304
7304
7304
7330
7330
7330
7330
7330
7359
7359
7360
7360
7360
7360
7333
7314
7314
7355
7322
7322
7325
7325
7340
7340
7340
7340
7340
7409
7409
7409
7409
7409
7418
7418
7412
7438
7421
7421
7421
7407
7362
7362
7338
7338
7338
7343
7292
7307
7307
7320
7271
7271
7271
7264
7222
7222
7222
7222
7204
7204
7204
7204
7154
7154
7154
7154
7136
7136
7136
7136
7136
7136
7136
7136
7136
7136
7136
7136
7146
7146
7146
7146
7146
7146
7146
7146
7146
7180
7180
7178
7178
7166
7202
7152
7151
7156
7132
7132
7110
7110
7110
7110
7110
7113
7113
7145
7151
7151
7151
7151
7151
7151
7151
7151
7151
7151
7165
7136
7136
7136
7136
7140
7149
7149
7149
7149
7149
7149
7108
7108
7108
7108
7108
7108
7100
7100
7100
7102
7102
7102
7112
7080
7090
7090
7090
7090
7080
7080
7080
7080
7084
7084
7096
7080
7080
7080
7080
7089
7120
7120
7120
7120
7120
7120
7120
7120
7120
7120
7120
7120
7120
7120
7120
7114
7115
7095
7101
7101
7065
7065
7065
7065
7065
7064
7064
7064
7064
7072
7056
7056
7043
7043
7043
7043
7043
7043
7043
7043
7043
7043
7043
7043
7043
7043
7043
7043
7043
7071
7071
7071
7071
7022
7015
7015
7015
7015
7015
7015
7015
7015
6995
6997
6997
6988
6988
6988
6979
6979
6979
7008
7008
7017
7017
7017
7017
7017
7017
7017
7017
7017
7017
7017
6937
6937
6960
6960
6960
6960
6945
6945
6945
6961
6947
6947
6947
6947
6963
6963
6963
6963
6963
6963
6963
6963
6963
6963
6964
6964
6964
6964
6964
6964
6954
6986
6986
6986
6986
6986
6986
6986
6986
6986
6995
6995
6995
6995
7025
7025
6979
6979
6979
6979
6979
6979
6992
6992
6992
6992
6992
6992
6991
6991
6991
6991
6991
6991
6991
6991
6991
6991
6991
6991
6991
6991
7000
7000
7000
7002
7002
7002
7002
7002
7002
6998
7006
6968
6968
6968
6968
6962
6962
6962
6962
6962
6977
6977
6977
6977
6977
6977
6977
6948
6948
6948
6948
6948
6987
6987
6987
6978
6978
6949
6970
6979
6979
6979
6979
6979
6979
6919
6914
6914
6914
6914
6914
6914
6914
6914
6914
6914
6914
6972
6972
6972
6972
6972
6972
6972
6972
6969
6969
6969
6969
6969
6969
6969
6969
6989
6989
6989
6989
6989
6966
6958
6946
6946
6946
6946
6927
6927
6927
6946
6946
6946
6923
6923
6960
6960
6960
6971
6971
6971
6971
6979
6979
6979
6960
6960
6960
6960
6960
6970
6970
6965
6962
6962
6962
6962
6962
6962
6962
6962
6962
6962
6962
6959
6959
6954
6954
6954
6954
6954
6954
6954
6954
6954
6954
6954
6984
6984
6984
6984
6981
6981
6981
6981
6981
6981
6981
6965
6965
6965
6946
6946
6946
6946
6946
6946
6948
6948
6948
6948
6948
6948
6948
6948
6948
6948
6948
6939
6939
6943
6943
6943
6943
6951
6951
6951
6951
6955
6955
6955
6955
6955
6955
6955
6955
6961
6961
6957
6957
6957
6957
6957
6957
6976
6976
6976
6976
6976
6976
6976
6976
6976
6976
6976
6976
6976
6976
6976
6957
6957
6957
6957
6936
6936
6970
6970
6970
6970
6970
6970
6970
6970
6970
6970
6970
6970
6970
6970
6970
6970
6970
6970
6970
6970
6970
6970
6970
6970
6994
6994
6994
6994
7003
7003
7003
7003
7003
7003
7003
6996
6997
6997
6997
6997
6997
7018
7018
7018
7018
7018
7027
7019
7019
7019
7019
7019
7019
6995
6995
6995
6995
6990
6990
6990
6990
6990
6990
6990
6990
6990
6990
6996
6996
6996
6996
6996
6996
6996
6996
6996
6996
6996
6996
6996
6996
6996
6996
6996
6996
6996
6996
7006
6985
6985
6985
6985
6992
6992
6992
6992
6992
6992
6992
6992
6992
6992
6992
6992
6992
6992
6992
6992
6992
6992
6992
6996
6996
6996
6996
6975
6975
6975
6975
6975
6975
6975
6975
6975
6975
6972
6972
6972
6972
6972
6972
6972
6972
6972
6972
6972
6972
6972
6972
6972
6972
6972
6972
6972
6972
6972
6972
6972
6972
6972
6972
6972
6972
6972
6994
6994
6965
6965
6965
6965
6965
6965
6965
6965
6965
6965
6965
6965
6965
6965
6965
6965
6965
6965
6965
6965
6965
6965
6965
6965
6965
6965
6965
6965
6965
6965
6965
6965
6987
6987
6984
6984
6984
6984
6984
6984
6984
6984
6984
6984
6984
6984
6984
6984
6990
6981
6942
6942
6942
6959
6970
6970
6970
6970
6970
6970
6970
6970
6970
6970
6970
6970
6970
6970
6966
6966
6966
6966
6966
6966
6966
6966
6966
6966
6966
6975
6975
6975
6975
6975
6975
6975
6979
6971
6971
6971
6971
6971
6971
6960
6960
6960
6953
6953
6953
6953
6953
6953
6953
6953
6953
6953
6953
6953
6953
6953
6947
6947
6937
6937
6939
6939
6939
6939
6939
6939
6939
6939
6939
6939
6939
6939
6939
6939
6939
6939
6939
6939
6939
6939
6939
6939
6939
6939
6939
6939
6939
6939
6931
6931
6931
6931
6931
6931
6931
6928
6928
6928
6925
6925
6925
6925
6925
6925
6925
6925
6925
6927
6927
6927
6927
6927
6927
6927
6927
6927
6925
6925
6925
6925
6925
6925
6925
6925
6925
6924
6924
6924
6924
6924
6903
6903
6892
6892
6892
6892
6892
6892
6892
6914
6914
6914
6914
6914
6914
6914
6914
6914
6914
6914
6914
6914
6914
6914
6915
6915
6915
6915
6915
6915
6915
6915
6915
6915
6915
6915
6915
6915
6915
6915
6915
6915
6915
6915
6915
6915
6915
6906
6913
6913
6913
6913
6913
6913
6913
6913
6913
6913
6913
6913
6913
6913
6923
6923
6923
6923
6935
6935
6924
6924
6924
6924
6924
6924
6924
6924
6924
6924
6924
6924
6924
6924
6924
6924
6924
6924
6924
6924
6924
6924
6924
6924
6924
6924
6924
6924
6924
6924
6924
6924
6924
6924
6924
6924
6924
6924
6924
6924
6924
6924
6924
6924
6924
6924
6924
6924
6924
6924
6924
6928
6928
6928
6928
6928
6928
6921
6921
6921
6921
6921
6921
6929
6921
6921
6921
6921
6921
6921
6921
6921
6921
6921
6921
6903
6903
6895
6895
6895
6895
6888
6888
6888
6888
6888
6888
6888
6888
6888
6888
6888
6888
6888
6887
6887
6887
6887
6887
6887
6887
6887
6888
6888
6888
6888
6888
6911
6911
6911
6911
6911
6891
6891
6891
6891
6876
6876
6876
6877
6877
6877
6877
6877
6877
6877
6877
6881
6881
6881
6881
6881
6881
6881
6881
6881
6881
6881
6881
6881
6881
6881
6881
6881
6881
6881
6881
6881
6881
6881
6881
6881
6881
6881
6881
6881
6881
6881
6881
6892
6892
6892
6892
6892
6892
6892
6892
6892
6892
6892
6883
6883
6883
6883
6883
6883
6883
6883
6883
6883
6883
6883
6883
6883
6883
6881
6881
6881
6881
6881
6881
6881
6881
6904
6904
6904
6904
6904
6918
6918
6918
6918
6918
6918
6918
6918
6918
6918
6918
6918
6918
6918
6918
6918
6918
6918
6918
6918
6918
6918
6918
6918
6918
6918
6918
6918
6918
6918
6918
6918
6918
6918
6918
6918
6918
6918
6918
6918
6918
6918
6918
6918
6918
6918
6918
6918
6918
6918
6918
6918
6918
6918
6918
6918
6918
6918
6918
6906
6906
6906
6911
6911
6911
6911
6911
6911
6911
6911
6911
6910
6910
6910
6910
6910
6910
6910
6910
6910
6910
6910
6910
6910
6910
6910
6910
6910
6909
6909
6909
6909
6909
6909
6909
6909
6909
6909
6909
6909
6909
6909
6909
6909
6909
6909
6909
6909
6909
6909
6909
6909
6909
6909
6909
6909
6909
6879
6879
6879
6879
6879
6879
6879
6879
6854
6854
6854
6854
6854
6854
6854
6854
6854
6854
6854
6854
6854
6854
6854
6854
6854
6854
6854
6854
6854
6854
6854
6854
6854
6854
6854
6854
6870
6870
6870
6870
6870
6870
6870
6870
6880
6880
6880
6880
6880
6880
6880
6880
6880
6880
6880
6880
6880
6880
6880
6880
6880
6886
6886
6886
6886
6890
6890
6890
6890
6890
6890
6890
6888
6892
6892
6892
6892
6894
6894
6894
6894
6894
6894
6895
6895
6895
6895
6895
6895
6895
6895
6895
6896
6903
6903
6903
6903
6890
6890
6890
6900
6900
6900
6900
6900
6893
6893
6893
6893
6870
6870
6870
6870
6870
6870
6870
6870
6870
6870
6870
6870
6870
6870
6870
6870
6870
6870
6870
6870
6870
6870
6870
6870
6870
6870
6870
6870
6870
6870
6870
6870
6870
6870
6870
6870
6870
6870
6870
6870
6870
6870
6870
6870
6870
6870
6870
6870
6870
6870
6870
6870
6870
6870
6870
6870
6870
6866
6866
6866
6866
6866
6866
6866
6866
6866
6866
6866
6866
6866
6866
6866
6866
6866
6866
6866
6866
6866
6866
6866
6866
6866
6866
6866
6866
6866
6866
6866
6866
6866
6866
6866
6866
6866
6866
6866
6866
6866
6866
6866
6866
6866
6866
6866
6866
6866
6866
6866
6866
6866
6866
6866
6866
6888
6888
6888
6897
6897
6897
6897
6897
6897
6897
6897
6897
6897
6897
6897
6897
6897
6897
6897
6897
6897
6897
6897
6897
6897
6897
6897
6897
6897
6897
6897
6897
6897
6897
6897
6890
6890
6890
6890
6890
6890
6890
6890
6890
6890
6890
6890
6890
6890
6890
6890
6890
6890
6890
6890
6890
6890
6890
6890
6890
6892
6892
6892
6892
6892
6892
6892
6892
6892
6892
6892
6892
6892
6892
6892
6892
6892
6892
6890
6890
6890
6890
6890
6890
6890
6890
6890
6890
6890
6890
6882
6882
6882
6882
6882
6882
6882
6882
6882
6882
6882
6876
6876
6876
6876
6876
6876
6876
6876
6876
6876
6876
6876
6876
6875
6874
6874
6874
6874
6874
6874
6874
6874
6874
6874
6874
6874
6856
6856
6856
6857
6857
6857
6857
6857
6857
6857
6857
6857
6857
6857
6856
6856
6856
6848
6848
6848
6848
6848
6848
6848
6848
6848
6848
6848
6848
6848
6848
6848
6848
6848
6827
6827
6827
6827
6827
6827
6827
6827
6827
6827
6827
6827
6827
6827
6827
6827
6827
6827
6827
6827
6827
6827
6827
6827
6827
6827
6827
6827
6827
6827
6827
6827
6827
6827
6827
6830
6830
6830
6830
6830
6830
6830
6830
6830
6830
6830
6830
6830
6830
6830
6830
6830
6830
6830
6830
6830
6821
6821
6821
6821
6821
6821
6821
6821
6821
6821
6821
6819
6819
6806
6806
6806
6806
6806
6806
6806
6806
6806
6806
6806
6806
6806
6806
6802
6802
6802
6802
6802
6802
6802
6802
6802
6802
6802
6802
6802
6802
6802
6802
6802
6802
6802
6802
6802
6802
6802
6802
6802
6802
6802
6802
6802
6802
6802
6802
6802
6802
6802
6802
6802
6802
6802
6802
6802
6802
6802
6802
6802
6802
6802
6802
6802
6802
6802
6802
6802
6802
6802
6802
6802
6802
6802
6802
6802
6802
6802
6802
6802
6802
6802
6802
6802
6802
6802
6802
6802
6802
6802
6802
6802
6802
6802
6802
6802
6802
6802
6802
6802
6802
6802
6802
6802
6804
6804
6804
6804
6804
6804
6789
6789
6789
6789
6789
6789
6789
6789
6789
6789
6789
6789
6789
6762
6762
6762
6762
6762
6762
6762
6762
6762
6762
6762
6762
6762
6762
6762
6762
6762
6762
6762
6762
6756
6764
6764
6764
6764
6764
6764
6764
6764
6764
6764
6764
6764
6764
6764
6764
6764
6764
6764
6764
6764
6764
6764
6764
6764
6764
6764
6764
6764
6764
6764
6764
6764
6764
6764
6764
6764
6764
6764
6764
6764
6764
6764
6764
6764
6764
6764
6764
6764
6764
6764
6764
6764
6764
6764
6764
6764
6764
6764
6764
6764
6764
6764
6784
6784
6784
6784
6784
6784
6784
6784
6784
6784
6784
6784
6784
6784
6784
6784
6784
6784
6784
6784
6784
6784
6784
6784
6784
6784
6784
6784
6784
6784
6784
6784
6784
6784
6784
6784
6784
6784
6784
6784
6784
6784
6784
6784
6784
6784
6784
6784
6784
6784
6784
6784
6784
6784
6784
6784
6784
6784
6784
6784
6784
6784
6784
6784
6784
6784
6791
6791
6791
6791
6791
6791
6791
6791
6791
6791
6791
6791
6791
6787
6787
6787
6787
6787
6787
6787
6787
6787
6787
6787
6787
6787
6787
6787
6787
6787
6787
6787
6787
6787
6787
6787
6787
6787
6787
6787
6787
6787
6787
6787
6787
6787
6787
6787
6787
6787
6787
6787
6787
6787
6787
6787
6787
6787
6787
6787
6787
6787
6787
6787
6787
6787
6787
6787
6787
6787
6787
6787
6787
6787
6787
6787
6787
6787
6787
6787
6787
6787
6787
6787
6787
6787
6787
6787
6787
6787
6787
6787
6787
6787
6787
6787
6787
6787
6787
6787
6787
6787
6787
6787
6787
6787
6787
6787
6787
6787
6787
6787
6787
6787
6787
6787
6787
6787
6787
6787
6787
6787
6787
6787
6787
6787
6787
6787
6787
6787
6787
6787
6787
6787
6787
6787
6787
6787
6787
6787
6787
6787
6787
6787
6787
6787
6782
6782
6782
6782
6782
6782
6782
6782
6782
6782
6782
6782
6782
6782
6782
6782
6782
6782
6782
6782
6782
6782
6782
6782
6782
6782
6782
6782
6782
6782
6782
6782
6782
6782
6782
6782
6782
6782
6782
6782
6782
6782
6782
6782
6782
6782
6782
6782
6782
6782
6782
6782
6782
6782
6782
6782
6782
6782
6782
6782
6782
6782
6782
6782
6782
6782
6782
6782
6782
6782
6782
6782
6782
6782
6782
6782
6782
6782
6782
6782
6778
6778
6778
6778
6778
6778
6778
6778
6778
6770
6770
6770
6770
6770
6770
6770
6770
6770
6770
6770
6770
6770
6770
6770
6770
6770
6770
6770
6770
6770
6770
6770
6770
6770
6770
6770
6770
6770
6770
6770
6770
6770
6770
6770
6770
6770
6770
6770
6770
6770
6770
6770
6770
6770
6770
6770
6770
6770
6770
6770
6770
6770
6770
6770
6770
6768
6768
6768
6768
6768
6768
6768
6768
6768
6768
6768
6768
6768
6768
6768
6768
6768
6768
6768
6768
6768
6768
6768
6768
6768
6768
6768
6768
6768
6768
6768
6768
6768
6768
6768
6768
6768
6768
6768
6768
6768
6768
6768
6768
6768
6768
6768
6768
6768
6768
6768
6768
6768
6768
6768
6768
6768
6768
6768
6768
6768
6768
6768
6768
6768
6768
6768
6768
6768
6768
6768
6768
6768
6768
6748
6748
6748
6748
6748
6748
6748
6748
6748
6748
6748
6748
6748
6748
6748
6748
6748
6740
6740
6740
6740
6740
6740
6740
6740
6740
6740
6740
6740
6744
6744
6744
6744
6728
6728
6728
6716
6716
6716
6716
6716
6729
6729
6729
6729
6729
6729
6729
6729
6729
6729
6729
6729
6729
6729
6729
6729
6729
6729
6729
6729
6729
6729
6729
6729
6729
6729
6729
6729
6729
6729
6729
6729
6729
6729
6729
6729
6729
6729
6729
6729
6729
6729
6729
6729
6729
6729
6729
6729
6729
6729
6729
6729
6729
6729
6729
6729
6729
6729
6729
6729
6729
6729
6729
6729
6729
6729
6729
6729
6729
6729
6729
6729
6729
6729
6729
6729
6729
6729
6729
6729
6729
6729
6729
6729
6729
6729
6729
6729
6729
6729
6729
6729
6729
6729
6729
6729
6729
6729
6729
6729
6729
6729
6729
6729
6729
6729
6729
6729
6729
6729
6729
6729
6729
6729
6729
6729
6732
6732
6732
6732
6732
6732
6732
6732
6732
6732
6732
6733
6733
6733
6734
6734
6734
6734
6734
6734
6734
6734
6734
6734
6734
6734
6734
6734
6734
6734
6734
6734
6734
6734
6734
6734
6734
6734
6734
6734
6734
6734
6734
6734
6734
6734
6734
6734
6734
6734
6734
6734
6734
6734
6734
6734
6734
6734
6734
6734
6734
6734
6734
6734
6734
6734
6734
6734
6734
6734
6734
6734
6734
6734
6734
6734
6734
6734
6734
6734
6734
6734
6734
6734
6734
6734
6734
6734
6734
6734
6734
6734
6734
6734
6734
6734
6734
6734
6734
6734
6734
6734
6734
6734
6734
6734
6734
6734
6731
6731
6731
6731
6731
6731
6731
6731
6731
6731
6731
6731
6731
6731
6731
6731
6731
6731
6729
6729
6729
6729
6729
6729
6729
6729
6729
6729
6729
6729
6729
6729
6729
6729
6729
6729
6729
6729
6729
6729
6729
6729
6729
6729
6729
6729
6729
6729
6729
6729
6729
6729
6729
6731
6731
6731
6731
6731
6731
6731
6731
6731
6731
6731
6731
6731
6731
6731
6731
6731
6731
6731
6731
6731
6731
6731
6731
6731
6731
6731
6731
6709
6709
6709
6709
6709
6710
6710
6710
6710
6710
6710
6712
6712
6712
6712
6712
6712
6712
6712
6712
6712
6712
6712
6712
6712
6712
6712
6712
6712
6712
6711
6711
6711
6711
6711
6711
6711
6711
6711
6711
6711
6711
6711
6711
6711
6711
6711
6711
6711
6711
6711
6711
6711
6711
6711
6711
6711
6711
6711
6711
6711
6711
6711
6711
6711
6711
6711
6711
6711
6711
6711
6711
6711
6711
6711
6711
6711
6711
6711
6711
6711
6711
6711
6711
6717
6717
6717
6717
6717
6717
6717
6717
6717
6717
6718
6718
6718
6718
6718
6718
6718
6718
6718
6718
6718
6718
6718
6718
6709
6709
6709
6709
6709
6709
6709
6709
6709
6709
6709
6709
6709
6709
6709
6709
6709
6709
6709
6709
6709
6709
6709
6709
6709
6709
6709
6709
6709
6709
6709
6709
6709
6709
6709
6709
6709
6709
6709
6709
6709
6709
6709
6709
6709
6709
6709
6709
6709
6709
6709
6709
6709
6709
6709
6709
6709
6709
6709
6709
6709
6709
6709
6709
6709
6709
6709
6709
6709
6709
6709
6709
6709
6709
6712
6712
6712
6712
6712
6712
6712
6712
6712
6712
6712
6712
6712
6712
6712
6712
6712
6712
6712
6712
6712
6712
6712
6712
6712
6712
6712
6712
6712
6712
6712
6712
6712
6712
6712
6712
6715
6715
6715
6715
6715
6712
6712
6712
6712
6712
6712
6712
6712
6712
6712
6712
6712
6712
6709
6709
6709
6709
6709
6709
6709
6709
6709
6709
6709
6709
6709
6709
6709
6709
6709
6709
6709
6709
6709
6709
6709
6709
6709
6709
6709
6709
6709
6709
6709
6709
6709
6709
6709
6709
6709
6709
6709
6709
6709
6709
6709
6709
6709
6709
6709
6709
6709
6709
6709
6709
6709
6709
6709
6709
6709
6709
6709
6709
6709
6709
6709
6709
6709
6709
6709
6709
6709
6709
6709
6709
6709
6709
6709
6709
6709
6709
6709
6709
6709
6709
6709
6709
6709
6709
6709
6709
6709
6709
6709
6709
6709
6709
6709
6709
6709
6709
6709
6707
6707
6707
6707
6707
6707
6707
6707
6707
6707
6707
6707
6707
6707
6707
6707
6707
6707
6707
6707
6707
6707
6707
6707
6707
6707
6707
6707
6707
6707
6707
6707
6707
6707
6707
6707
6707
6707
6707
6707
6707
6707
6707
6707
6707
6707
6707
6707
6707
6707
6707
6707
6707
6707
6707
6707
6707
6707
6707
6707
6707
6707
6707
6707
6707
6707
6707
6707
6707
6707
6707
6707
6707
6707
6707
6707
6707
6707
6707
6707
6707
6707
6707
6707
6707
6707
6707
6707
6707
6707
6707
6707
6707
6707
6707
6707
6707
6707
6707
6707
6707
6707
6707
6707
6707
6707
6707
6707
6707
6707
6706
6706
6706
6706
6706
6706
6706
6706
6706
6706
6706
6706
6706
6706
6706
6706
6706
6698
6698
6698
6698
6698
6698
6698
6698
6698
6698
6698
6698
6698
6698
6698
6698
6698
6698
6698
6698
6698
6698
6698
6698
6698
6698
6698
6698
6698
6698
6698
6698
6698
6698
6698
6698
6698
6698
6698
6698
6698
6698
6698
6698
6698
6698
6698
6698
6698
6698
6698
6698
6698
6698
6698
6698
6698
6698
6698
6698
6698
6698
6698
6698
6698
6698
6698
6698
6698
6698
6698
6698
6698
6698
6698
6698
6698
6698
6698
6698
6698
6698
6698
6698
6698
6698
6698
6698
6698
6698
6698
6698
6698
6698
6698
6698
6698
6698
6698
6698
6698
6698
6698
6698
6698
6698
6698
6698
6698
6698
6698
6698
6698
6698
6698
6698
6698
6698
6698
6698
6698
6698
6698
6698
6698
6698
6698
6698
6698
6698
6698
6698
6698
6698
6698
6698
6698
6698
6698
6698
6698
6698
6698
6698
6698
6698
6698
6698
6698
6698
6698
6698
6698
6698
6698
6698
6698
6698
6698
6698
6698
6698
6698
6698
6698
6698
6698
6698
6698
6698
6698
6698
6698
6698
6698
6698
6698
6698
6698
6698
6698
6698
6698
6698
6698
6698
6698
6698
6698
6698
6698
6698
6698
6698
6698
6698
6698
6698
6698
6698
6698
6698
6698
6698
6698
6698
6698
6698
6698
6698
6698
6698
6698
6698
6698
6698
6698
6698
6698
6698
6698
6698
6698
6698
6698
6698
6698
6698
6698
6698
6698
6698
6698
6698
6698
6698
6698
6698
6698
6698
6698
6698
6698
6698
6698
6698
6698
6698
6698
6698
6698
6698
6698
6698
6698
6698
6698
6698
6698
6698
6698
6698
6698
6698
6698
6698
6698
6698
6698
6698
6698
6698
6698
6698
6698
6698
6698
6698
6698
6698
6698
6698
6698
6698
6698
6698
6698
6698
6698
6698
6698
6698
6698
6698
6698
6698
6698
6698
6698
6698
6698
6698
6698
6698
6698
6698
6698
6698
6698
6698
6698
6698
6698
6698
6698
6698
6698
6698
6698
6698
6698
6698
6698
6698
6698
6698
6698
6698
6698
6698
6698
6698
6698
6698
6698
6698
6698
6698
6698
6698
6698
6698
6698
6698
6698
6698
6698
6698
6698
6698
6698
6698
6698
6698
6698
6698
6698
6698
6698
6698
6698
6687
6687
6687
6687
6687
6687
6687
6687
6687
6687
6687
6687
6687
6687
6686
6686
6686
6686
6686
6686
6686
6686
6686
6686
6686
6686
6686
6686
6686
6686
6686
6686
6686
6686
6686
6686
6686
6686
6686
6686
6686
6686
6686
6686
6686
6686
6686
6686
6686
6686
6686
6686
6686
6686
6686
6686
6686
6686
6686
6686
6686
6686
6686
6686
6686
6686
6686
6686
6686
6683
6683
6683
6683
6683
6683
6682
6682
6682
6682
6682
6682
6682
6682
6682
6682
6682
6682
6682
6680
6680
6680
6680
6680
6680
6680
6680
6680
6680
6680
6680
6680
6680
6680
6680
6680
6680
6680
6680
6680
6680
6680
6680
6680
6680
6680
6680
6680
6680
6680
6680
6680
6680
6680
6680
6680
6680
6680
6680
6680
6680
6680
6680
6680
6680
6680
6680
6680
6680
6680
6680
6680
6681
6681
6681
6681
6681
6681
6681
6681
6681
6681
6681
6681
6681
6681
6681
6681
6681
6681
6681
6681
6681
6681
6681
6681
6681
6681
6681
6681
6681
6681
6681
6681
6681
6681
6681
6681
6681
6681
6681
6681
6681
6681
6681
6681
6681
6681
6681
6681
6681
6681
6681
6681
6681
6681
6681
6681
6681
6681
6681
6681
6681
6681
6681
6681
6681
6681
6681
6681
6681
6681
6681
6681
6681
6681
6681
6681
6681
6681
6681
6681
6681
6681
6681
6681
6681
6681
6681
6681
6681
6681
6681
6681
6681
6681
6681
6681
6681
6681
6681
6681
6681
6681
6681
6681
6681
6681
6681
6681
6681
6681
6681
6681
6681
6681
6681
6681
6681
6681
6681
6681
6681
6681
6681
6681
6681
6681
6681
6681
6681
6681
6681
6681
6681
6681
6681
6681
6681
6681
6681
6681
6681
6681
6681
6681
6681
6681
6681
6681
6681
6681
6681
6681
6681
6681
6681
6681
6681
6681
6681
6681
6681
6681
6681
6681
6681
6681
6681
6681
6681
6681
6681
6681
6681
6681
6681
6681
6681
6681
6681
6681
6681
6681
6681
6681
6681
6681
6681
6681
6681
6681
6681
6681
6681
6681
6681
6681
6681
6676
6676
6676
6676
6676
6676
6676
6676
6676
6676
6676
6676
6676
6676
6676
6676
6676
6676
6676
6676
6676
6676
6676
6676
6676
6676
6676
6676
6676
6676
6676
6676
6676
6676
6676
6676
6676
6676
6676
6676
6676
6676
6676
6676
6676
6676
6676
6676
6676
6676
6676
6676
6676
6676
6676
6676
6676
6676
6676
6676
6676
6676
6676
6676
6676
6676
6676
6676
6676
6676
6676
6676
6676
6676
6676
6676
6676
6676
6676
6676
6676
6676
6676
6676
6676
6676
6676
6676
6676
6676
6676
6676
6676
6676
6676
6676
6676
6676
6676
6676
6676
6676
6676
6676
6676
6676
6676
6676
6676
6676
6676
6676
6676
6676
6676
6676
6676
