6478
6437
6545
6549
6567
6587
6587
6575
6547
6476
6513
6447
6418
6378
6378
6378
6318
6363
6369
6369
6387
6360
6405
6383
6402
6467
6496
6444
6432
4108
4050
4050
4050
4050
3978
3978
3957
3964
3964
3964
3902
3974
3974
3937
3863
3863
3839
3839
3840
3840
3840
3822
3822
3822
3786
3786
3806
3791
3813
3779
3779
3779
3749
3749
3810
3810
3818
3814
3814
3814
3799
3825
3825
3798
3798
3798
3748
3853
3835
3835
3819
3823
3843
3824
3778
3778
3896
3885
3837
3837
3837
3878
3898
3924
3944
3944
3944
3928
3967
3865
3865
3906
3881
3836
3842
3855
3855
3845
3845
3882
3882
3882
3857
3857
3878
3927
3889
3912
3897
3834
3785
3785
3785
3803
3779
3844
3853
3853
3807
3807
3807
3807
3807
3843
3843
3758
3777
3851
3914
3910
3910
3844
3816
3820
3845
3845
3874
3856
3856
3886
3861
3861
3914
3943
3947
3947
3928
3928
3928
3907
3907
3907
3923
3924
3972
3995
3995
3995
3995
3995
3916
3916
3851
3838
3838
3838
3820
3820
3817
3723
3723
3723
3779
3801
3794
3805
3836
3783
3775
3785
3838
3838
3838
3838
3856
3856
3828
3828
3768
3748
3748
3748
3753
3754
3770
3722
3714
3777
3745
3745
3840
3840
3920
3947
3958
3948
3948
3927
3855
3855
3855
3919
3859
3875
3875
3829
3796
3768
3772
3770
3770
3730
3709
3738
3708
3708
3701
1800
1800
1789
1789
1789
1789
1819
1819
1819
1819
1819
1819
1819
1819
1819
1819
1819
1819
1819
1819
1819
1819
1819
1819
1819
1819
1819
1808
1808
1915
1915
1915
1915
2015
2015
2015
2015
2015
2015
2015
2015
2015
2015
2015
1972
1930
1930
1930
1930
1930
1856
1856
1856
1856
1856
1856
1856
1856
1856
1856
1856
1856
1856
1856
1856
1856
1856
1856
1856
1856
1856
1856
1856
1856
1856
1856
1856
1856
1856
1777
1777
1777
1777
1777
1777
1777
1777
1777
1777
1777
1777
1777
1777
1777
1777
1777
1777
1777
1777
1777
1777
1777
1777
1777
1777
1777
1777
1777
1777
1777
1777
1777
1777
1777
1777
1777
1777
1777
1777
1691
1691
1691
1691
1691
1691
1691
1691
1691
1691
1691
1700
1700
1700
1700
1700
1700
1710
1710
1710
1710
1710
1710
1710
1710
1710
1710
1710
1710
1710
1710
1710
1710
1710
1710
1725
1729
1729
1771
1826
1826
1826
1826
1826
1826
1826
1826
1808
1808
1808
1808
1808
1808
1808
1808
1864
1864
1864
1864
1864
1864
1864
1864
1864
1864
1864
1864
1864
1864
1864
1886
1886
1886
1836
1836
1836
1836
1836
1836
1836
1836
1836
1851
1821
1821
1733
1737
1737
1737
1737
1737
1737
1737
1813
1813
1813
1813
1813
1813
1813
1813
1813
1813
1832
1832
1832
1832
1841
1841
1841
1841
1841
1841
1841
1841
1841
1841
1841
1841
1841
1841
1841
1841
1841
1841
1821
1821
1821
1821
1832
1832
1832
1832
1832
1832
1856
1890
1890
1890
1890
1890
1890
1890
1860
1860
1860
1860
1860
1863
1863
1863
1863
1863
1863
1863
1863
1863
1863
1863
1863
1863
1863
1863
1863
1863
1863
1863
1863
1863
1863
1863
1863
1863
1863
1863
1863
1863
1863
1820
1820
1820
1820
1820
1820
1802
2408
2349
2349
2446
2500
2500
2500
2500
2500
2500
2500
2500
2514
2461
2461
2461
2461
2461
2455
2401
2401
2401
2336
2336
2336
2336
2336
2336
2336
2336
2336
2336
2341
2341
2341
2249
2249
2249
2249
2249
2259
2259
2259
2259
2259
2259
2259
2259
2259
2259
2259
2259
2259
2259
2259
2201
2240
2240
2240
2582
2582
2570
2556
2556
2556
2528
2528
2528
2538
2538
2538
2536
2536
2543
2543
2543
2543
2569
2569
2569
2622
2622
2622
2622
2622
2622
2667
1469
1469
1469
1469
1469
1469
1469
1469
1469
1469
1469
1469
1469
1469
1469
1469
1469
1469
1469
1469
1469
1469
1469
1469
1469
1469
1375
1375
1375
1375
1375
1375
1375
1318
1318
1318
1318
1318
1318
1318
1318
1318
1318
1318
1318
1318
1318
1318
1318
1318
1318
1318
1318
1318
1318
1318
1318
1318
1318
1318
1318
1318
1318
1318
1318
1318
1318
1318
1318
1318
1318
1318
1318
1318
1318
1318
1318
1318
1318
1318
1318
1318
1318
1318
1318
1318
1318
1318
1318
1318
1318
1318
1318
1318
1318
1318
1367
1367
1367
1367
1367
1367
1367
1367
1367
1367
1367
1367
1367
1367
1367
1367
1367
1367
1367
1367
1367
1367
1367
1367
1367
1367
1367
1367
1367
1367
1367
1367
1367
1367
1367
1367
1367
1367
1352
1352
1352
1352
1352
1352
1352
1352
1352
1352
1352
1352
1352
1352
1352
1352
1352
1352
1352
1352
1352
1352
1352
1352
1352
1352
1352
1352
1352
1352
1352
1352
1352
1352
1352
1352
1352
1352
1352
1352
1352
1352
1423
1423
1423
1423
1423
1423
1423
1423
1423
1423
1423
1423
1423
1423
1423
1423
1423
1423
1423
1423
1423
1423
1423
1423
1423
1423
1423
1423
1423
1423
1423
1423
1423
1423
1423
1423
1423
1423
1423
1423
1377
1377
1377
1377
1377
1377
1377
1377
1377
1377
1377
1377
1433
1433
1433
1433
1433
1433
1433
1433
1433
1433
1433
1418
1418
1418
1418
1418
1418
1418
1548
1548
1548
1548
1548
1548
1548
1548
1548
1548
1548
1548
1548
1548
1548
1548
1548
1548
1548
1548
1548
1548
1548
1548
1548
1548
1548
1548
1548
1548
1548
1548
1548
1548
1548
1548
1548
1548
1548
1548
1548
1548
1548
1548
1548
1548
1548
1548
1548
1548
1548
1548
1548
1548
1548
1548
1548
1548
1548
1548
1548
1548
1548
1548
1548
1548
1548
1548
1548
1548
1548
1548
1548
1548
1548
1548
1548
1548
1548
1548
1548
1548
1548
1548
1548
1548
1548
1548
1548
1548
1548
1548
1548
1548
1548
1548
1548
1548
1548
1548
1548
1548
1548
1548
1548
1548
1548
1548
1548
1548
1548
1548
1548
1548
1548
1548
1548
1548
1548
1548
1548
1548
1548
1548
1548
1548
1548
1548
1548
1548
1548
1548
1548
1548
1548
1548
1554
1554
1554
1535
1535
1535
1535
1535
1535
1535
1535
1535
1535
1535
1535
1535
1535
1535
1535
1535
1535
1535
1535
1535
1535
1535
1535
1535
1535
1535
1535
1535
1535
1535
1535
1535
1535
1535
1535
2021
2021
2021
2019
2019
2643
2643
2643
2643
2603
2603
2603
2603
2634
2634
2673
2673
2673
2681
2680
2680
2660
2660
2660
2660
2660
2660
2660
2660
2631
2631
2631
2631
2630
2630
2587
2587
2587
2587
2587
2598
2598
2617
2617
2617
2617
2617
2617
2617
2617
2617
2672
2672
2672
2672
2672
2672
2736
2736
2736
2626
2626
2621
2621
2621
2621
2621
2621
2616
2616
2616
2616
2616
2616
2601
2601
2597
2599
2599
2599
2599
2599
2599
2599
2599
2599
2620
2619
2619
2638
2638
2564
2608
2608
2608
2644
2644
2644
2644
2644
2695
2682
2682
2710
2710
2710
2719
2681
2684
2684
2762
2668
2668
2677
2723
2723
2723
2654
2654
2612
2612
2612
2612
2612
2612
2612
2596
2596
2596
2596
2644
2644
2644
2676
2676
2676
2717
2717
2737
2724
2724
2724
2747
2754
2754
2754
2754
2754
2754
2754
2754
2754
2738
2738
2738
2718
2718
2718
2718
2718
2718
2686
2686
2649
2649
2649
2651
2651
2651
2651
2651
2651
2783
2783
2695
2704
2704
2704
2704
2768
2768
2768
2768
2768
2768
2768
2768
2770
2770
2770
2777
2777
2777
2758
2758
2784
2784
2748
2748
2748
2743
2743
2734
2734
2722
2722
2722
2712
2712
2712
2727
2728
2728
2803
2803
2803
2803
2803
2768
2768
2768
2734
2734
2734
2734
2792
2792
2800
2800
2867
2867
2867
2867
2867
2871
2895
2872
2872
2872
2915
2896
2896
2896
2896
2896
2896
2760
2760
2760
2856
2744
2751
2717
2717
2704
2704
2666
2666
2666
2679
2679
2679
2672
2672
2672
2672
2661
2668
2668
2668
2668
2658
2658
2683
2597
2597
2597
2597
2549
2549
2621
2621
2621
2747
2747
2732
2743
2743
2743
2759
2728
2722
2722
2794
2794
2770
2770
2770
2770
2770
2770
2782
2782
2795
2814
2814
2814
2798
2798
2770
2770
2770
2770
2771
2771
2761
2733
2733
2733
2720
2720
2720
2748
2691
2662
2662
2660
2660
2624
2616
2598
2598
2598
2598
2598
2598
2658
2658
2658
2658
2658
2658
2658
2748
2748
2748
2748
2748
2748
2748
2748
2716
2716
2694
2694
2694
2721
2730
2730
2797
2815
2796
2796
2796
2796
2796
2796
2720
2712
2712
2712
2712
2712
2712
2735
2735
2735
2735
2735
2735
2691
2691
2684
2684
2684
2684
2684
2684
2684
2702
2702
2702
2702
2702
2702
2702
2745
2745
2745
2745
2745
2745
2745
2745
2745
2745
2804
2819
2757
2757
2757
2757
2757
2815
2815
2815
2815
2815
2815
2789
2789
2789
2807
2779
2779
2779
2779
2779
2779
2746
2712
2808
2808
2808
2759
2736
2736
2691
2691
2691
2702
2783
2783
2783
2783
2783
2783
2783
2783
1775
1775
1775
1775
1775
1775
1775
1775
1775
1775
1775
1775
1775
1775
1775
1775
1775
1775
1775
1775
1775
1775
1775
1775
1775
1775
1775
1775
1862
1862
1862
1862
1862
1862
1862
1862
1862
1750
1750
1692
1692
1692
1692
1692
1692
1692
1692
1692
1692
1692
1692
1692
1692
1692
1692
1692
1692
1692
1692
1692
1692
1693
1693
1693
1693
1693
1647
1647
1647
1647
1733
1733
1733
1733
1733
1733
1733
1733
1733
1733
1733
1733
1811
1811
1811
1811
1811
1811
1811
1811
1811
1811
1811
1811
1811
1811
1811
1811
1811
1811
1811
1714
1714
1714
1714
1714
1714
1714
1714
1714
1714
1714
1714
1714
1714
1714
1714
1714
1714
1714
1687
1687
1687
1687
1687
1687
1687
1687
1687
1611
1611
1594
1594
1594
1594
1594
1594
1594
1594
1594
1594
1594
1594
1594
1594
1638
1638
1638
1638
1638
1638
1638
1638
1638
1592
1592
1592
1592
1562
1562
1562
1562
1562
1562
1587
1587
1587
1587
1587
1587
1587
1587
1587
1587
1587
1587
1587
1587
1587
1587
1587
1587
1587
1587
1798
1798
1798
1798
1798
1798
1798
1798
1798
1798
1798
1798
1798
1816
1816
1816
1809
1809
1809
1824
1824
1824
1824
1824
1824
1824
1824
1824
1824
1824
1824
1776
1776
1776
1776
1776
1776
1776
1776
1776
1776
1776
1776
1776
1776
1776
1776
1776
1842
1842
1822
1841
1841
1841
1841
1841
1841
1841
1841
1841
1841
1841
1841
1841
1841
1840
1840
1892
1839
1839
1839
1839
1873
1873
1873
1873
1873
1873
1873
1873
1873
1902
1902
1902
1902
1902
1902
1902
1902
1902
1902
1889
1889
1889
1947
1947
1947
1904
1904
1904
1971
1971
1971
1887
1887
1887
1887
1887
1880
1880
1880
1880
1880
1880
1880
1880
1715
1715
1715
1715
1715
1715
1715
1715
1715
1715
1715
1715
1715
1692
1692
1692
1692
1692
1692
1692
1692
1648
1648
1648
1648
1648
1648
1648
1648
1648
1648
1648
1648
1648
1648
1678
1678
1678
1678
1678
1678
1678
1678
1678
1678
1678
1678
1678
1678
1678
1678
1678
1701
1701
1701
1701
1701
1701
1701
1701
1701
1701
1737
1737
1737
1737
1737
1729
1720
1720
1720
1720
1720
1725
1725
1725
1725
1740
1740
1740
1740
1740
1695
1695
1695
1695
1695
1695
1695
1695
1695
1695
1705
1705
1705
1654
1654
1654
1654
1654
1654
1654
1654
1654
1697
1697
1697
1697
1697
1697
1697
1697
1697
1650
1650
1650
1650
1716
1716
1716
1716
1645
1645
1645
1645
1645
1645
1645
1686
1686
1686
1686
1686
1793
1793
1793
1793
1793
1793
1793
1748
1748
1748
1748
1748
1748
1748
1748
1748
1748
1748
1748
1748
1817
1817
1817
1817
1817
1817
1817
1817
1817
1817
1817
1817
1817
1817
1817
1817
1817
1817
1817
1817
1817
1817
1817
1817
1817
1817
1817
1817
1817
1817
1817
1817
1817
1817
1817
1817
1872
1872
1749
1749
1749
1749
1749
1749
1749
1749
1749
1749
1749
1749
1749
1749
1749
1749
1749
1749
1749
1749
1749
1749
1749
1749
1749
1749
1737
1737
1737
1737
1737
1737
1737
1882
1882
1882
1882
1943
1943
1943
1943
1943
1943
1943
1943
1943
1943
1943
1939
1929
1819
1819
1819
1819
1819
1827
1827
1827
1841
1841
1841
1841
1841
1841
1762
1762
1762
1762
1762
1762
1762
1762
1762
1762
1762
1762
1762
1762
1762
1762
1762
1762
1762
1782
1782
1782
1782
1782
1782
1782
1782
1782
1782
1782
1782
1782
1782
1782
1782
1782
1782
1782
1782
1782
1782
1782
1782
1782
1782
1782
1782
1782
1782
1782
1782
1782
1782
1782
1782
1782
1782
1782
1782
1782
1782
1782
1782
1782
1782
1782
1782
1782
1782
1738
1738
1738
1836
1836
1836
1836
1836
1836
1836
1836
1836
1836
1836
1836
1836
1836
1836
1836
1836
1836
1836
1836
1836
1836
1817
1817
1817
1817
1817
1817
1817
1817
1817
1817
1817
1817
1817
1817
1817
1817
1817
1817
1817
1817
1817
1817
1341
1341
1341
1341
1341
1341
1341
1341
1341
1341
1341
1341
1341
1341
1341
1341
1341
1341
1341
1390
1390
1390
1390
1390
1390
1390
1390
1390
1390
1390
1390
1390
1390
1390
1390
1415
1415
1415
1415
1415
1415
1415
1415
1415
1415
1415
1415
1415
1415
1415
1415
1415
1415
1415
1415
1415
1415
1415
1415
1415
1415
1415
1415
1415
1415
1415
1415
1415
1415
1415
1415
1415
1415
1415
1415
1415
1415
1415
1415
1415
1415
1415
1415
1415
1415
1415
1415
1415
1415
1415
1415
1415
1415
1415
1415
1415
1415
1415
1415
1415
1415
1415
1415
1354
1354
1354
1354
1354
1354
1354
1354
1354
1310
1310
1310
1310
1310
1310
1310
1310
1310
1310
1310
1310
1310
1310
1310
1310
1310
1310
1310
1310
1310
1310
1310
1310
1310
1310
1310
1310
1310
1310
1310
1310
1310
1310
1310
1310
1310
1310
1310
1310
1310
1310
1310
1310
1310
1310
1310
1310
1310
1310
1310
1310
1310
1310
1310
1310
1361
1361
1361
1361
1361
1361
1361
1361
1361
1361
1361
1361
1361
1361
1361
1361
1361
1361
1361
1361
1361
1361
1361
1361
1361
1361
1361
1361
1361
1361
1361
1361
1361
1361
1361
1361
1361
1361
1257
1257
1257
1257
1257
1257
1257
1336
1336
1336
1336
1336
1336
1336
1336
1336
1336
1336
1336
1336
1336
1336
1336
1336
1336
1336
1336
1336
1336
1336
1336
1336
1336
1336
1336
1336
1336
1336
1336
1336
1336
1336
1336
1336
1336
1336
1336
1336
1214
1214
1214
1214
1214
1214
1214
1214
1214
1214
1214
1214
1214
1214
1214
1214
1214
1214
1214
1214
1214
1214
1214
1214
1214
1214
1214
1214
1214
1214
1214
1214
1214
1214
1214
1214
1214
1214
1214
1214
1214
1214
1214
1214
1214
1214
1214
1214
1214
1214
1214
1214
1214
1214
1214
1214
1214
1214
1214
1214
1214
1214
1214
1214
1214
1214
1214
1214
1214
1214
1214
1214
1214
1214
1214
1214
1214
1214
1214
1214
1214
1214
1214
1214
1214
1214
1214
1214
1214
1214
1214
1214
1214
1214
1214
1214
1214
1214
1214
1214
1214
1214
1214
1214
1214
1214
1214
1214
1214
1214
1214
1214
1214
1214
1214
1214
1214
1214
1214
1214
1214
1214
1214
1214
1214
1214
1214
1214
1214
1214
1214
1214
1214
1214
1214
1214
1214
1214
1214
1214
1214
1214
1214
1214
1214
1214
1214
1214
1214
1214
1214
1214
1214
1214
1214
1214
1214
1214
1214
1214
1214
1214
1214
1214
1214
1214
1214
1214
1214
1214
1214
1214
1214
1214
1214
1214
1214
1214
1214
1214
1214
1214
1214
1214
1214
1214
1214
1214
1214
1214
1214
1214
1214
1214
1214
1214
1214
1214
1214
1214
1214
1214
1214
1214
1214
1214
1214
1214
1214
1214
1214
1214
1214
1214
1214
1214
1214
1214
1214
1214
1214
1214
1214
1214
1214
1214
1214
1214
1214
1214
1214
1214
1214
1214
1214
1214
1214
1214
1214
1214
1214
1214
1214
1214
1214
1214
1214
1214
1214
1214
1214
1214
1214
1214
1214
1214
1214
1214
1214
1214
1214
1214
1214
1214
1214
1214
1214
1214
1214
1214
1214
1214
1214
1214
1214
1214
1214
1214
1214
1214
1214
1214
1214
1214
1214
1214
1214
1214
1214
1214
1214
1214
1214
1214
1214
1214
1214
1214
1214
1214
1214
1214
1214
1214
1214
1214
1214
1214
1214
1214
1214
1214
1214
1214
1214
1214
1214
1214
1214
1214
1214
1214
1214
1214
1214
1214
1214
1214
1214
1214
1214
1214
1214
1214
1214
1214
1214
1214
1214
1214
1214
1214
1214
1214
1214
1214
1214
1214
1214
1214
1214
1214
1214
1214
1214
1214
1214
1214
1214
1214
1214
1214
1214
1214
1214
1214
1214
1214
1214
1214
1214
1214
1214
1214
1214
1214
1214
1214
1214
1214
1214
1214
1214
1214
1214
1214
1214
1214
1214
1214
1214
1214
1214
1214
1214
1214
1214
1214
1214
1214
1214
1214
1214
1214
1214
1214
1214
1214
1214
1214
1214
1214
1214
1214
1214
1214
1214
1214
1214
1214
1214
1214
1214
1214
1214
1214
1214
1214
1214
1214
1214
1214
1214
1214
1214
1214
1214
1214
1214
1214
1214
1214
1214
1214
1214
1214
1214
1214
1214
1214
1214
1214
1214
1214
1214
1214
1214
1214
1214
1214
1214
1214
1214
1214
1214
1214
1214
1214
1214
1214
1214
1214
1214
1214
1214
1214
1214
1214
1214
1214
1214
1214
1214
1214
1214
1214
1214
1214
1214
1214
1214
1214
1214
1214
1214
1214
1214
1214
1214
1214
1214
1214
1214
1214
1214
1214
1214
1214
1214
1214
1214
1214
1214
1214
1214
1214
1214
1214
1214
1214
1214
1214
1214
1214
1214
1214
1214
1214
1214
1214
1214
1214
1214
1214
1214
1214
1214
1214
1214
1214
1214
1214
1214
1214
1214
1214
1214
1214
1214
1214
1214
1214
1214
1214
1214
1214
1214
1214
1214
1214
1214
1214
1214
1214
1214
1214
1214
1214
1214
1214
1214
1214
1214
1214
1214
1214
1214
1214
1214
1214
1214
1214
1214
1214
1214
1214
1214
1214
1214
1214
1214
1214
1214
1214
1214
1214
1214
1214
1214
1214
1214
1214
1214
1214
1214
1214
1214
1214
1214
1214
1214
1214
1214
1214
1214
1214
1214
1214
1214
1214
1214
1214
1214
1214
1214
1214
1214
1214
1214
1214
1214
1214
1214
1214
1214
1214
1214
1214
1214
1214
1214
1214
1214
1214
1214
1214
1214
1214
1214
1214
1214
1214
1214
1214
1214
1214
1214
1214
1214
1214
1214
1214
1214
1214
1214
1214
1214
1214
1214
1214
1214
1214
1214
1214
1214
1214
1214
1214
1214
1214
1214
1214
1214
1214
1214
1214
1214
1214
1214
1214
1214
1214
1214
1214
1214
1214
1214
1214
1214
1214
1214
1214
1214
1214
1214
1214
1214
1214
1214
1214
1214
1214
1214
1214
1214
1214
1214
1214
1214
1214
1214
1214
1214
1214
1214
1214
1214
1214
1214
1214
1214
1214
1214
1214
1214
1214
1214
1214
1214
1214
1214
1214
1214
1214
1214
1214
1214
1214
1214
1214
1214
1214
1214
1214
1214
1214
1214
1214
1214
1214
1214
1214
1214
1214
1214
1214
1214
1214
1214
1214
1214
1214
1214
1214
1214
1214
1214
1214
1214
1214
1214
1235
1235
1235
1235
1235
1235
1235
1235
1235
1235
1235
1235
1235
1235
1235
1235
1235
1235
1235
1235
1235
1235
1235
1235
1235
1235
1235
1235
1235
1235
1235
1235
1235
1235
1235
1235
1235
1235
1235
1235
1235
1235
1235
1235
1355
1355
1355
1355
1355
1355
1355
1355
1355
1355
1355
1355
1355
1404
1404
1404
1404
1404
1404
1404
1404
1404
1404
1404
1404
1404
1404
1404
1404
1404
1404
1404
1404
1404
1404
1404
1404
1404
1404
1404
1404
1404
1404
1404
1404
1404
1404
1282
1282
1282
1282
1282
1282
1282
1282
1282
1282
1282
1282
1282
1282
1282
1282
1282
1282
1282
1272
1272
1272
1272
1272
1272
1272
1272
1272
1272
1272
1272
1272
1272
1272
1272
1272
1272
1272
1272
1272
1272
1272
1272
1272
1272
1272
1272
1272
1272
1272
1272
1272
1330
1330
1330
1330
1330
1330
1330
1330
1330
1330
1330
1330
1330
1337
1337
1337
1337
1337
1337
1337
1337
1337
1337
1337
1337
1337
1337
1337
1337
1337
1337
1337
1337
1337
1337
1337
1337
1337
1337
1337
1337
1337
1337
1337
1337
1337
1337
1337
1337
1337
1337
1337
1337
1337
1337
1337
1337
1337
1337
1337
1337
1337
1337
1337
1337
1272
1300
1300
1300
1300
1300
1300
1300
1300
1300
1300
1300
1313
1313
1313
1313
1313
1313
1313
1313
1313
1313
1313
1313
1313
1313
1313
1313
1313
1313
1313
1313
1313
1313
1313
1313
1313
1313
1313
1313
1313
1313
1313
1313
1313
1313
1313
1313
1313
1313
1313
1313
1313
1313
1313
1313
1313
1313
1313
1313
1313
1313
1313
1313
1313
1313
1313
1313
1313
1313
1313
1313
1313
1313
1313
1313
1313
1313
1313
1313
1313
1313
1313
1313
1373
1373
1373
1373
1373
1373
1373
1373
1373
1373
1373
1373
1373
1373
1373
1373
1373
1373
1373
1373
1373
1373
1373
1373
1373
1284
1284
1284
1284
1284
1284
1284
1284
1284
1284
1284
1284
1284
1284
1284
1284
1284
1284
1284
1284
1284
1284
1284
1284
1284
1284
1284
1284
1284
1284
1284
1284
1284
1284
1284
1284
1284
1284
1284
1319
1319
1319
1319
1319
1319
1319
1319
1319
1319
1319
1319
1319
1319
1319
1319
1319
1319
1319
1319
1319
1319
1319
1319
1319
1319
1319
1319
1319
1319
1319
1319
1319
1319
1319
1319
1319
1319
1319
1319
1319
1319
1319
1294
1294
1294
1294
1294
1294
1294
1294
1294
1294
1294
1294
1294
1294
1294
1294
1294
1294
1294
1294
1294
1294
1294
1294
1294
1294
1294
1294
1294
1294
1294
1294
1294
1294
1294
1294
1294
1294
1294
1294
1294
1294
1294
1294
1294
1294
1294
1294
1294
1294
1294
1294
1294
1294
1294
1294
1294
1294
1294
1294
1294
1294
1294
1294
1294
1294
1294
1294
1294
1294
1294
1294
1294
1294
1294
1294
1294
1294
1294
1294
1294
1294
1294
1294
1294
1294
1294
1294
1294
1294
1294
1294
1294
1294
1294
1294
1294
1294
1294
1294
1294
1294
1294
1294
1294
1294
1294
1294
1294
1294
1294
1294
1294
1294
1294
1294
1294
1294
1294
1294
1294
1294
1294
1294
1294
1294
1294
1294
1294
1294
1294
1294
1294
1294
1294
1294
1294
1294
1294
1294
1294
1294
1294
1294
1294
1294
1294
1294
1294
1294
1294
1294
1294
1294
1294
1294
1294
1294
1294
1294
1294
1294
1294
1294
1294
1294
1294
1294
1294
1294
1294
1335
1335
1335
1335
1335
1335
1335
1335
1335
1335
1335
1335
1335
1335
1335
1335
1335
1335
1335
1335
1335
1335
1335
1335
1335
1335
1335
1335
1335
1335
1335
1335
1335
1335
1335
1335
1335
1335
1335
1335
1335
1335
1335
1335
1335
1335
1335
1335
1335
1365
1365
1365
1365
1365
1282
1282
1282
1282
1282
1365
1365
1365
1365
1365
1365
1365
1365
1365
1365
1365
1365
1365
1365
1365
1365
1365
1365
1365
1365
1365
1365
1365
1365
1365
1365
1365
1365
1365
1365
1365
1365
1365
1365
1365
1365
1365
1365
1365
1365
1365
1365
1365
1365
1365
1365
1365
1337
1337
1337
1337
1360
1360
1360
1360
1360
1360
1360
1360
1360
1360
1360
1360
1360
1360
1360
1360
1360
1360
1360
1360
1360
1360
1360
1360
1360
1360
1360
1360
1321
1321
1321
1321
1321
1321
1321
1321
1321
1298
1298
1298
1298
1298
1298
1298
1298
1298
1298
1298
1298
1298
1298
1298
1298
1291
1291
1291
1291
1291
1291
1291
1291
1291
1291
1291
1291
1291
1291
1291
1291
1291
1291
1291
1291
1291
1291
1291
1291
1291
1291
1291
1291
1291
1291
1291
1291
1291
1291
1291
1291
1291
1291
1291
1291
1291
1291
1291
1291
1291
1291
1291
1291
1291
1291
1291
1291
1291
1291
1291
1291
1291
1291
1291
1291
1291
1291
1291
1291
1291
1291
1291
1291
1291
1291
1291
1291
1291
1291
1291
1291
1291
1291
1291
1291
1291
1291
1291
1291
1291
1291
1291
1291
1291
1291
1291
1291
1291
1291
1291
1291
1291
1291
1291
1291
1291
1291
1291
1291
1291
1291
1291
1291
1291
1291
1291
1291
1291
1291
1291
1291
1291
1291
1291
1291
1291
1291
1291
1291
1291
1291
1291
1291
1291
1291
1291
1291
1291
1291
1291
1291
1291
1291
1396
1396
1396
1396
1396
1396
1396
1396
1396
1396
1396
1396
1396
1396
1396
1396
1396
1396
1396
1396
1396
1396
1396
1396
1396
1396
1396
1396
1396
1396
1396
1396
1396
1396
1396
1396
1396
1396
1396
1396
1396
1396
1396
1396
1396
1396
1396
1396
1396
1396
1396
1396
1396
1396
1396
1396
1396
1396
1396
1396
1396
1396
1396
1396
1396
1396
1396
1396
1396
1396
1396
1396
1396
1396
1396
1396
1396
1396
1396
1396
1396
1396
1396
1396
1396
1396
1396
1396
1396
1396
1396
1396
1396
1396
1396
1396
1396
1396
1396
1396
1396
1396
1396
1396
1396
1396
1396
1396
1396
1396
1396
1396
1396
1396
1396
1396
1396
1396
1396
1396
1396
1396
1396
1396
1396
1396
1396
1396
1396
1396
1396
1396
1396
1396
1396
1396
1396
1396
1396
1425
1425
1425
1425
1425
1425
1425
1425
1425
1425
1425
1425
1425
1425
1425
1583
1583
1583
1583
1583
1583
1583
1583
1583
1583
1583
1583
1583
1583
1583
1583
1583
1583
1583
1583
1583
1583
1583
1583
1583
1583
1583
1592
1592
1592
1592
1592
1592
1592
1592
1592
1592
1592
1592
1592
1592
1592
1592
1592
1592
1592
1592
1592
1592
1592
1592
1592
1592
1592
1592
1592
1592
1592
1592
1592
1592
1592
1592
1592
1592
1592
1601
1601
1601
1601
1601
1601
1554
1554
1509
1509
1509
1509
1509
1509
1509
1509
1509
1509
1509
1509
1509
1509
1509
1509
1509
1509
1509
1509
1509
1509
1509
1509
1509
1509
1500
1500
1500
1500
1500
1500
1500
1500
1514
1514
1514
1514
1514
1514
1514
1514
1514
1514
1514
1514
1514
1514
1442
1442
1442
1442
1442
1442
1442
1442
1442
1442
1442
1442
1442
1442
1442
1442
1442
1442
1519
1519
1426
1426
1426
1426
1426
1426
1426
1426
1426
1426
1426
1426
1426
1426
1426
1426
1426
1426
1426
1426
1426
1426
1426
1426
1426
1426
1426
1426
1426
1426
1426
1426
1426
1426
1426
1426
1426
1426
1426
1426
1426
1426
1426
1426
1426
1426
1426
1426
1426
1426
1426
1426
1426
1426
1426
1426
1426
1426
1426
1426
1426
1426
1505
1505
1505
1505
1505
1505
1505
1505
1503
1503
1503
1503
1503
1503
1503
1503
1514
1514
1514
1514
1514
1514
1514
1514
1514
1514
1514
1514
1514
1514
1514
1514
1514
1514
1514
1514
1514
1514
1514
1514
1514
1514
1514
1514
1514
1514
1514
1514
1514
1514
1514
1514
1514
1514
1481
1481
1481
1481
1481
1481
1481
1481
1481
1481
1481
1481
1481
1481
1481
1481
1481
1481
1481
1479
1479
1479
1479
1479
1479
1479
1479
1479
1479
1479
1479
1479
1479
1479
1479
1479
1479
1479
1479
1479
1479
1479
1479
1479
1479
1479
1479
1479
1429
1429
1429
1429
1429
1429
1429
1429
1429
1429
1429
1429
1429
1429
1429
1429
1429
1429
1429
1429
1429
1429
1429
1429
1429
1429
1429
1429
1429
1429
1462
1507
1507
1507
1507
1507
1507
1507
1507
1507
1507
1507
1507
1507
1529
1529
1529
1529
1529
1499
1499
1499
1499
1499
1499
1499
1499
1499
1499
1499
1499
1499
1477
1477
1477
1477
1477
1477
1477
1477
1477
1477
1477
1477
1477
1477
1477
1477
1477
1477
1477
1477
1477
1477
1477
1477
1477
1477
1477
1477
1477
1477
1477
1477
1477
1477
1477
1477
1477
1477
1477
1477
1477
1477
1477
1454
1454
1454
1454
1454
1454
1454
1454
1454
1454
1454
1454
1454
1454
1454
1454
1454
1454
1454
1454
1454
1454
1485
1485
1485
1492
1492
1492
1492
1492
1492
1492
1492
1492
1492
1495
1495
1495
1495
1495
1495
1495
1495
1495
1495
1495
1495
1495
1495
1495
1495
1495
1495
1465
1465
1449
1449
1449
1449
1464
1464
1464
1464
1464
1464
1464
1464
1464
1464
1464
1464
1464
1464
1464
1464
1464
1464
1484
1484
1484
1484
1484
1484
1484
1484
1484
1484
1484
1484
1484
1484
1484
1484
1484
1484
1484
1484
1484
1484
1484
1484
1484
1484
1484
1484
1484
1484
1484
1484
1484
1484
1484
1484
1484
1484
1484
1484
1484
1484
1484
1484
1484
1484
1484
1484
1484
1484
1484
1484
1484
1484
1484
1484
1484
1484
1484
1484
1484
1484
1484
1484
1484
1484
1484
1484
1484
1484
1484
1484
1498
1498
1498
1498
1498
1498
1498
1498
1498
1498
1498
1498
1551
1551
1551
1551
1551
1551
1551
1551
1579
1579
1579
1579
1579
1579
1579
1579
1579
1579
1579
1579
1579
1579
1579
1579
1579
1579
1579
1579
1579
1579
1579
1579
1579
1579
1579
1579
1579
1579
1579
1579
1579
1579
1579
1579
1579
1579
1579
1579
1579
1579
1579
1579
1579
1579
1579
1579
1579
1579
1579
1579
1579
1579
1579
1579
1579
1579
1579
1579
1579
1579
1579
1579
1579
1579
1579
1579
1579
1579
1579
1524
1524
1524
1523
1523
1523
1523
1526
1526
1526
1515
1515
1515
1515
1515
1493
1493
1423
1423
1423
1423
1423
1423
1423
1423
1423
1423
1423
1489
1489
1489
1489
1465
1465
1465
1465
1465
1465
1465
1465
1465
1474
1474
1474
1474
1474
1474
1474
1474
1474
1474
1474
1474
1474
1474
1474
1474
1474
1474
1474
1474
1474
1474
1474
1474
1474
1474
1474
1474
1474
1474
1474
1474
1357
1357
1357
1357
1357
1357
1357
1357
1357
1357
1357
1357
1367
1367
1367
1367
1367
1367
1367
1367
1367
1367
1367
1367
1367
1367
1367
1367
1367
1367
1367
1367
1367
1367
1367
1367
1367
1367
1367
1367
1367
1367
1367
1367
1367
1367
1367
1367
1367
1367
1367
1367
1367
1367
1367
1367
1367
1367
1367
1393
1393
1393
1393
1393
1393
1393
1393
1393
1393
1393
1393
1393
1393
1393
1393
1393
1393
1393
1393
1393
1393
1393
1393
1393
1393
1393
1393
1393
1393
1393
1393
1393
1393
1393
1393
1393
1393
1393
1393
1393
1393
1393
1393
1393
1393
1393
1393
1393
1393
1393
1393
1393
1393
1393
1393
1393
1393
1393
1393
1393
1393
1393
1393
1393
1393
1393
1393
1393
1393
1381
1381
1407
1407
1407
1407
1407
1407
1407
1407
1407
1407
1407
1407
1407
1407
1407
1319
1319
1319
1319
1319
1319
1319
1319
1319
1319
1319
1319
1319
1319
1319
1319
1319
1319
1319
1319
1319
1319
1319
1319
1319
1319
1319
1319
1319
1319
1319
1319
1319
1319
1319
1319
1319
1319
1319
1319
1319
1319
1319
1319
1319
1319
1319
1319
1319
1319
1319
1319
1319
1319
1319
1319
1319
1319
1319
1319
1319
1319
1319
1319
1319
1319
1319
1319
1319
1319
1319
1319
1319
1319
1319
1319
1319
1266
1266
1266
1266
1266
1266
1266
1266
1266
1266
1266
1266
1266
1266
1266
1266
1266
1266
1266
1266
1266
1266
1266
1266
1266
1266
1266
1266
1266
1266
1266
1266
1266
1266
1266
1266
1342
1342
1342
1342
1342
1342
1342
1342
1342
1342
1342
1342
1342
1342
1342
1342
1342
1342
1342
1342
1352
1352
1352
1352
1352
1352
1352
1352
1352
1352
1352
1352
1352
1352
1352
1352
1352
1352
1352
1352
1352
1352
1352
1352
1352
1352
1352
1352
1352
1352
1352
1352
1352
1352
1352
1352
1352
1352
1352
1352
1352
1352
1352
1352
1352
1352
1352
1352
1352
1352
1352
1352
1352
1352
1352
1352
1352
1352
1352
1352
1352
1352
1352
1352
1352
1352
1352
1352
1352
1352
1352
1352
1352
1352
1352
1352
1352
1352
1352
1352
1352
1352
1352
1352
1352
1352
1352
1352
1352
1352
1352
1352
1352
1352
1352
1352
1352
1352
1352
1352
1352
1352
1352
1352
1352
1352
1352
1352
1352
1352
1352
1352
1352
1352
1352
1352
1352
1352
1352
1352
1352
1352
1352
1352
1383
1383
1383
1383
1383
1383
1383
1383
1383
1383
1383
1383
1383
1383
1383
1383
1383
1383
1383
1383
1383
1383
1383
1383
1383
1383
1383
1383
1383
1383
1383
1383
1383
1383
1383
1383
1383
1383
1383
1383
1383
1383
1383
1383
1383
1383
1383
1383
1341
1341
1341
1341
1341
1341
1341
1341
1360
1360
1360
1360
1360
1360
1360
1360
1360
1360
1360
1360
1360
1360
1360
1360
1360
1360
1360
1360
1360
1360
1360
1360
1360
1360
1360
1360
1360
1360
1360
1360
1360
1360
1360
1360
1360
1360
1360
1360
1360
1360
1360
1360
1360
1360
1360
1360
1360
1360
1360
1360
1360
1360
1360
1360
1360
1360
1360
1360
1360
1360
1360
1360
1360
1360
1360
1360
1360
1360
1360
1360
1360
1360
1360
1360
1360
1360
1360
1360
1360
1360
1360
1360
1360
1360
1360
1360
1360
1360
1322
1322
1322
1322
1322
1322
1322
1322
1322
1322
1322
1322
1322
1322
1322
1322
1322
1322
1322
1322
1322
1322
1322
1322
1322
1322
1322
1322
1322
1322
1322
1322
1322
1322
1322
1322
1322
1322
1322
1322
1322
1322
1322
1322
1322
1322
1322
1322
1322
1322
1322
1322
1322
1322
1322
1322
1322
1322
1322
1322
1322
1322
1322
1322
1322
1322
1322
1322
1322
1322
1322
1322
1322
1322
1322
1322
1322
1322
1322
1322
1322
1322
1322
1322
1322
1322
1322
1322
1322
1322
1322
1322
1322
1322
1322
1322
1322
1322
1322
1322
1322
1322
1322
1322
1322
1349
1349
1349
1349
1349
1349
1349
1349
1349
1349
1349
1349
1349
1349
1349
1349
1285
1285
1285
1285
1285
1285
1285
1285
1285
1285
1285
1285
1285
1285
1285
1285
1285
1285
1285
1285
1285
1285
1285
1285
1285
1285
1285
1285
1285
1285
1285
1285
1285
1285
1285
1285
1285
1285
1285
1285
1289
1289
1289
1289
1289
1289
1289
1289
1289
1289
1289
1289
1289
1289
1289
1289
1289
1289
1289
1289
1289
1289
1289
1289
1289
1289
1289
1289
1289
1289
1289
1289
1289
1289
1289
1289
1289
1289
1289
1289
1289
1289
1289
1289
1289
1289
1289
1289
1289
1289
1289
1289
1289
1289
1289
1289
1289
1289
1289
1289
1289
1289
1289
1289
1289
1289
1289
1289
1289
1289
1289
1289
1289
1289
1289
1289
1289
1289
1289
1289
1289
1289
1289
1289
1289
1289
1289
1289
1289
1289
1289
1289
1289
1289
1289
1289
1289
1289
1289
1289
1289
1289
1289
1289
1289
1289
1289
1289
1289
1289
1289
1289
1289
1289
1289
1289
1289
1289
1289
1289
1289
1289
1289
1289
1289
1289
1289
1289
1289
1289
1289
1289
1289
1289
1289
1289
1289
1289
1289
1289
1289
1289
1289
1289
1289
1289
1289
1289
1289
1289
1289
1289
1289
1289
1289
1289
1289
1289
1289
1289
1289
1289
1289
1289
1289
1289
1289
1289
1289
1289
1289
1289
1289
1289
1289
1289
1289
1289
1289
1289
1289
1289
1289
1289
1289
1289
1289
1289
1289
1289
1289
1289
1289
1289
1289
1289
1289
1289
1289
1289
1289
1289
1289
1289
1289
1289
1289
1289
1289
1289
1289
1289
1289
1289
1289
1289
1289
1289
1289
1289
1289
1289
1289
1289
1289
1289
1289
1289
1289
1289
1289
1289
1289
1289
1289
1289
1289
1289
1289
1289
1289
1289
1289
1289
1289
1289
1289
1289
1289
1289
1289
1289
1289
1289
1289
1289
1289
1289
1289
1289
1289
1289
1289
1289
1289
1289
1289
1289
1289
1289
1289
1289
1289
1289
1289
1289
1289
1289
1289
1289
1289
1289
1289
1289
1289
1289
1289
1289
1289
1289
1289
1289
1289
1289
1289
1289
1289
1289
1289
1289
1289
1289
1289
1294
1294
1294
1294
1294
1294
1294
1294
1294
1294
1294
1294
1294
1294
1294
1294
1294
1294
1294
1294
1294
1294
1294
1294
1294
1294
1294
1294
1294
1294
1294
1294
1294
1294
1294
1294
1294
1294
1294
1294
1294
1294
1294
1294
1294
1294
1294
1294
1294
1294
1294
1294
1294
1294
1294
1294
1294
1294
1294
1294
1294
1294
1294
1294
1294
1294
1294
1294
1294
1294
1294
1294
1294
1294
1294
1294
1294
1294
1294
1294
1294
1294
1294
1294
1294
1294
1294
1294
1294
1294
1294
1294
1294
1294
1294
1294
1294
1294
1294
1294
1294
1255
1255
1255
1255
1255
1255
1255
1255
1255
1255
1255
1255
1255
1255
1255
1255
1255
1255
1255
1255
1255
1255
1255
1255
1255
1255
1255
1255
1255
1255
1255
1255
1255
1255
1255
1255
1255
1255
1255
1255
1255
1255
1255
1255
1255
1255
1255
1255
1255
1255
1255
1255
1255
1255
1255
1255
1255
1255
1255
1255
1255
1255
1255
1255
1255
1255
1255
1255
1255
1255
1255
1255
1255
1255
1255
1255
1255
1255
1255
1255
1255
1255
1255
1255
1255
1255
1255
1255
1255
1255
1255
1255
1255
1255
1255
1255
1255
1255
1255
1255
1255
1255
1255
1255
1255
1255
1255
1255
1255
1255
1255
1255
1255
1255
1255
1255
1255
1255
1255
1255
1255
1255
1255
1255
1255
1255
1255
1255
1255
1255
1255
1255
1255
1255
1255
1255
1255
1255
1255
1255
1255
1255
1255
1255
1255
1255
1255
1255
1255
1255
1255
1255
1255
1255
1255
1255
1255
1255
1255
1255
1255
1255
1255
1255
1255
1255
1255
1255
1255
1255
1255
1255
1255
1255
1255
1255
1255
1255
1255
1255
1255
1255
1255
1255
1255
1255
1255
1255
1255
1255
1255
1255
1255
1255
1255
1255
1255
1255
1255
1255
1255
1255
1255
1255
1255
1255
1255
1255
1255
1255
1255
1255
1255
1255
1255
1255
1255
1255
1255
1255
1255
1255
1255
1255
1255
1255
1255
1255
1255
1255
1255
1255
1255
1255
1255
1255
1255
1255
1255
1255
1255
1255
1255
1255
1255
1255
1255
1255
1255
1255
1255
1255
1255
1255
1255
1255
1255
1255
1255
1255
1255
1255
1255
1255
1255
1255
1255
1255
1255
1255
1255
1255
1255
1255
1255
1255
1255
1255
1255
1255
1255
1255
1255
1255
1255
1255
1255
1255
1255
1255
1255
1255
1255
1255
1255
1255
1255
1255
1255
1255
1255
1255
1255
1255
1255
1255
1255
1255
1255
1255
1255
1255
1255
1255
1255
1255
1255
1255
1255
1255
1255
1255
1255
1255
1255
1255
1255
1255
1255
1255
1255
1255
1255
1255
1255
1255
1255
1255
1255
1255
1255
1255
1255
1255
1255
1255
1255
1255
1255
1255
1255
1255
1255
1255
1255
1255
1255
1255
1255
1255
1255
1255
1255
1255
1255
1255
1255
1255
1255
1255
1255
1255
1255
1255
1255
1255
1255
1255
1255
1255
1255
1255
1255
1255
1255
1255
1255
1255
1255
1255
1255
1255
1255
1255
1255
1255
1255
1255
1255
1255
1255
1255
1255
1255
1255
1255
1255
1255
1255
1255
1255
1255
1255
1255
1255
1255
1255
1255
1255
1255
1255
1255
1255
1255
1255
1255
1255
1255
1255
1255
1255
1255
1255
1255
1255
1255
1255
1255
1255
1255
1255
1255
1255
1255
1255
1255
1255
1255
1255
1255
1255
1255
1255
1255
1255
1255
1255
1255
1255
1255
1255
1255
1255
1255
1255
1255
1255
1255
1255
1255
1255
1255
1255
1255
1255
1255
1255
1255
1255
1255
1255
1255
1255
1255
1255
1255
1255
1255
1255
1255
1255
1255
1255
1255
1255
1255
1255
1255
1255
1255
1255
1255
1255
1255
1255
1255
1255
1255
1255
1255
1255
1255
1255
1255
1255
1255
1255
1255
1255
1255
1255
1255
1255
1255
1255
1255
1255
1255
1255
1255
1255
1255
1255
1255
1255
1255
1255
1255
1255
1255
1255
1255
1255
1255
1255
1255
1255
1255
1255
1255
1255
1255
1255
1255
1255
1255
1255
1255
1255
1255
1255
1255
1255
1255
1255
1255
1255
1255
1255
1255
1255
1255
1255
1255
1255
1255
1255
1255
1255
1255
1255
1255
1255
1255
1255
1255
1255
1255
1255
1255
1255
1255
1255
1255
1255
1255
1255
1255
1255
1255
1255
1255
1255
1255
1255
1255
1255
1255
1255
1255
1255
1255
1255
1255
1255
1255
1255
1255
1255
1255
1255
1255
1255
1255
1255
1255
1255
1255
1255
1255
1255
1255
1255
1255
1255
1255
1255
1255
1255
1255
1255
1255
1255
1255
1255
1255
1255
1255
1255
1255
1255
1255
1255
1255
1255
1255
1255
1255
1255
1255
1255
1255
1255
1255
1255
1255
1255
1255
1255
1255
1255
1255
1255
1255
1255
1255
1255
1255
1255
1255
1255
1255
1255
1255
1255
1255
1255
1255
1255
1255
1255
1255
1255
1255
1255
1255
1255
1255
1255
1255
1255
1255
1255
1255
1255
1255
1255
1255
1255
1255
1255
1255
1255
1255
1255
1255
1255
1255
1255
1255
1255
1255
1255
1255
1255
1255
1255
1255
1255
1255
1255
1255
1255
1255
1255
1255
1255
1255
1255
1255
1255
1255
1255
1255
1255
1255
1255
1255
1255
1255
1255
1255
1255
1255
1255
1255
1255
1255
1255
1255
1255
1255
1255
1255
1255
1255
1255
1255
1255
1255
1255
1255
1255
1255
1255
1255
1255
1255
1255
1255
1255
1255
1255
1255
1255
1255
1255
1255
1255
1255
1255
1255
1255
1255
1255
1255
1255
1255
1255
1255
1255
1255
1255
1255
1255
1255
1255
1255
1255
1255
1255
1255
1255
1255
1255
1255
1255
1255
1255
1255
1255
1255
1255
1255
1255
1255
1255
1255
1255
1255
1255
1255
1255
1255
1255
1255
1255
1255
1255
1255
1255
1255
1255
1255
1255
1255
1255
1255
1255
1255
1255
1255
1255
1255
1255
1255
1255
1255
1255
1255
1255
1255
1255
1255
1255
1255
1255
1255
1255
1255
1255
1255
1255
1255
1255
1255
1255
1255
1255
1255
1255
1255
1255
1255
1255
1255
1255
1255
1255
1255
1255
1255
1255
1255
1255
1255
1255
1255
1255
1255
1255
1255
1255
1255
1255
1255
1255
1255
1255
1255
1255
1255
1255
1255
1255
1255
1255
1255
1255
1255
1255
1255
1255
1255
1255
1255
1255
1255
1255
1255
1255
1255
1255
1255
1255
1255
1255
1255
1255
1255
1255
1255
1255
1255
1255
1255
1255
1255
1255
1255
1255
1255
1255
1255
1255
1255
1255
1255
1255
1255
1255
1255
1255
1255
1255
1255
1255
1255
1255
1255
1255
1255
1255
1255
1255
1255
1255
1255
1255
1255
1255
1255
1255
1255
1255
1255
1255
1255
1255
1255
1255
1255
1255
1255
1255
1255
1255
1255
1255
1255
1255
1255
1255
1255
1255
1255
1255
1255
1255
1255
1255
1255
1255
1255
1255
1255
1255
1255
1255
1255
1255
1255
1255
1255
1255
1255
1255
1255
1255
1255
1255
1255
1255
1255
1255
1255
1255
1255
1255
1255
1255
1255
1255
1255
1255
1255
1255
1255
1255
1255
1255
1255
1255
1255
1255
1255
1255
1255
1255
1255
1255
1255
1255
1255
1255
1255
1255
1255
1255
1255
1255
1255
1255
1255
1255
1255
1255
1255
1255
1255
1255
1255
1255
1255
1255
1255
1255
1255
1255
1255
1255
1255
1255
1255
1255
1255
1255
1255
1255
1255
1255
1219
1219
1219
1219
1219
1219
1219
1219
1219
1219
1219
1219
1219
1219
1219
1219
1219
1219
1219
1219
1219
1219
1219
1219
1219
1219
1219
1219
1219
1219
1219
1219
1219
1219
1219
1219
1219
1219
1219
1219
1219
1219
1219
1219
1219
1219
1219
1219
1219
1219
1219
1219
1219
1219
1219
1219
1219
1219
1219
1219
1219
1219
1219
1219
1219
1219
1219
1219
1219
1219
1219
1219
1219
1219
1219
1219
1219
1219
1219
1219
1219
1219
1219
1219
1219
1219
1219
1219
1219
1219
1219
1219
1219
1219
1219
1219
1219
1219
1219
1219
1219
1219
1219
1219
1219
1219
1219
1219
1219
1219
1219
1219
1219
1219
1219
1219
1219
1219
1219
1219
1219
1219
1219
1219
1219
1219
1219
1219
1219
1219
1219
1219
1219
1219
1219
1219
1219
1219
1219
1219
1219
1219
1219
1219
1219
1219
1219
1219
1219
1219
1219
1219
1219
1219
1219
1219
1219
1219
1219
1219
1219
1219
1219
1219
1219
1219
1219
1219
1219
1219
1219
1219
1219
1219
1219
1219
1219
1219
1219
1219
1219
1219
1219
1219
1219
1219
1219
1219
1219
1219
1219
1219
1219
1219
1219
1219
1219
1219
1219
1219
1219
1219
1219
1219
1219
1219
1219
1219
1219
1219
1219
1219
1219
1219
1219
1219
1219
1219
1219
1219
1219
1219
1219
1219
1219
1219
1219
1219
1219
1219
1219
1219
1219
1219
1219
1219
1219
1219
1219
1219
1219
1219
1219
1219
1219
1219
1219
1219
1219
1219
1219
1219
1219
1219
1219
1219
1219
1219
1219
1219
1219
1219
1219
1219
1219
1219
1219
1219
1219
1219
1219
1219
1219
1219
1219
1219
1219
1219
1219
1219
1219
1219
1219
1219
1219
1219
1219
1219
1219
1219
1219
1219
1219
1219
1219
1219
1219
1219
1219
1219
1219
1219
1219
1219
1219
1219
1219
1219
1219
1219
1219
1219
1219
1219
1219
1219
1219
1219
1219
1219
1219
1219
1219
1219
1219
1219
1219
1219
1219
1219
1219
1219
1219
1219
1219
1219
1219
1219
1219
1219
1219
1219
1219
1219
1219
1219
1219
1219
1219
1219
1219
1219
1219
1219
1219
1219
1219
1219
1219
1219
1219
1219
1219
1219
1219
1219
1219
1219
1219
1219
1219
1219
1219
1219
1219
1219
1219
1219
1219
1219
1219
1219
1219
1219
1219
1219
1219
1219
1219
1219
1219
1219
1219
1219
1219
1219
1219
1219
1219
1219
1219
1219
1219
1219
1219
1219
1219
1219
1219
1219
1219
1219
1219
1219
1219
1219
1219
1219
1219
1219
1219
1219
1219
1219
1219
1219
1219
1219
1219
1219
1219
1219
1219
1219
1219
1219
1219
1219
1219
1219
1219
1219
1219
1219
1219
1219
1219
1219
1219
1219
1219
1219
1219
1219
1219
1219
1219
1219
1219
1219
1219
1219
1219
1219
1219
1219
1219
1219
1219
1219
1219
1219
1219
1219
1219
1219
1219
1219
1219
1219
1219
1219
1219
1219
1219
1219
1219
1219
1219
1219
1219
1219
1219
1219
1219
1219
1219
1219
1219
1219
1219
1219
1219
1219
1219
1219
1219
1219
1219
1219
1219
1219
1219
1219
1219
1219
1219
1219
1219
1219
1219
1219
1219
1219
1219
1219
1219
1219
1219
1219
1219
1219
1219
1219
1219
1219
1219
1219
1219
1219
1219
1219
1219
1219
1219
1219
1219
1219
1219
1219
1219
1219
1219
1219
1219
1219
1219
1219
1219
1219
1219
1219
1219
1219
1219
1219
1219
1219
1219
1219
1219
1219
1219
1219
1219
1219
1219
1219
1219
1219
1219
1219
1219
1219
1219
1219
1219
1219
1219
1219
1219
1219
1219
1219
1219
1219
1219
1219
1219
1219
1219
1219
1219
1219
1219
1219
1219
1219
1219
1219
1219
1219
1219
1219
1219
1219
1219
1219
1219
1219
1219
1219
1219
1219
1219
1219
1219
1219
1219
1219
1219
1219
1219
1219
1219
1219
1219
1219
1219
1219
1219
1219
1219
1219
1219
1219
1219
1219
1219
1219
1219
1219
1219
1219
1219
1219
1219
1219
1219
1219
1219
1219
1219
1219
1219
1219
1219
1219
1219
1219
1219
1219
1219
1219
1219
1219
1219
1219
1219
1219
1219
1219
1219
1219
1219
1219
1219
1219
1219
1219
1219
1219
1219
1219
1219
1219
1219
1219
1219
1219
1219
1219
1219
1219
1219
1219
1219
1219
1219
1219
1219
1219
1219
1219
1219
1219
1219
1219
1219
1219
1219
1219
1219
1219
1219
1219
1219
1219
1219
1219
1219
1219
1219
1219
1219
1219
1219
1219
1219
1219
1219
1219
1219
1219
1219
1219
1219
1219
1219
1219
1219
1219
1219
1219
1219
1219
1219
1219
1219
1219
1219
1219
1219
1219
1219
1219
1219
1219
1219
1219
1219
1219
1219
1219
1219
1219
1219
1219
1219
1219
1219
1219
1219
1219
1219
1219
1219
1219
1219
1219
1219
1219
1219
1219
1219
1219
1219
1219
1219
1219
1219
1219
1219
1219
1219
1219
1219
1219
1219
1219
1219
1219
1219
1219
1219
1219
1219
1219
1219
1219
1219
1219
1219
1219
1219
1219
1219
1219
1219
1219
1219
1219
1219
1219
1219
1219
1219
1219
1219
1219
1219
1219
1219
1219
1219
1219
1219
1219
1219
1219
1219
1219
1219
1219
1219
1219
1219
1219
1219
1219
1219
1219
1219
1219
1219
1219
1219
1219
1219
1219
1219
1219
1219
1219
1219
1219
1219
1219
1219
1219
1219
1219
1219
1219
1219
1219
1219
1219
1219
1219
1219
1219
1219
1219
1219
1219
1219
1219
1219
1219
1219
1219
1219
1219
1219
1219
1219
1219
1219
1219
1219
1219
1219
1219
1219
1219
1219
1219
1219
1219
1219
1219
1219
1219
1219
1219
1219
1219
1219
1219
1219
1219
1219
1219
1219
1219
1219
1219
1219
1219
1219
1219
1219
1219
1219
1219
1219
1219
1219
1219
1219
1219
1219
1219
1219
1219
1219
1219
1219
1219
1219
1219
1219
1219
1219
1219
1219
1219
1219
1219
1219
1219
1219
1219
1219
1219
1219
1219
1219
1219
1219
1219
1219
1219
1219
1219
1219
1219
1219
1219
1219
1219
1219
1219
1219
1219
1219
1219
1219
1219
1219
1219
1219
1219
1219
1219
1219
1219
1219
1219
1219
1219
1219
1219
1219
1219
1219
1219
1219
1219
1219
1219
1219
1219
1219
1219
1219
1219
1219
1219
1219
1219
1219
1219
1219
1219
1219
1219
1219
1219
1219
1219
1219
1219
1219
1219
1219
1219
1219
1219
1219
1219
1219
1219
1219
1219
1219
1219
1219
1219
1219
1219
1219
1219
1219
1219
1219
1219
1219
1219
1219
1219
1219
1219
1219
1219
1219
1219
1219
1219
1219
1219
1219
1219
1219
1219
1219
1219
1219
1219
1219
1219
1219
1219
1219
1219
1219
1219
1219
1219
1219
1219
1219
1219
1219
1219
1219
1219
1219
1219
1219
1219
1219
1219
1219
1219
1219
1219
1219
1219
1219
1219
1219
1219
1219
1219
1219
1219
1219
1219
1219
1219
1219
1219
1219
1219
1219
1219
1219
1219
1219
1219
1219
1219
1219
1219
1219
1219
1219
1219
1219
1219
1219
1219
1219
1219
1219
1219
1219
1219
1219
1219
1219
1219
1219
1219
1219
1219
1219
1219
1219
1219
1219
1219
1219
1219
1219
1219
1219
1219
1219
1219
1219
1219
1219
1219
1219
1219
1219
1219
1219
1219
1219
1219
1219
1219
1219
1219
1219
1219
1219
1219
1219
1219
1219
1219
1219
1219
1219
1219
1219
1219
1219
1219
1219
1219
1219
1219
1219
1219
1219
1219
1219
1219
1219
1219
1219
1219
1219
1219
1219
1219
1219
1219
1219
1219
1219
1219
1219
1219
1219
1219
1219
1219
1219
1219
1219
1219
1219
1219
1219
1219
1219
1219
1219
1219
1219
1219
1219
1219
1219
1219
1219
1219
1219
1219
1219
1219
1219
1219
1219
1219
1219
1219
1219
1219
1219
1219
1219
1219
1219
1219
1219
1219
1219
1219
1219
1219
1219
1219
1219
1219
1219
1219
1219
1219
1219
1219
1219
1219
1219
1219
1219
1219
1219
1219
1219
1219
1219
1219
1219
1219
1219
1219
1219
1219
1219
1219
1219
1219
1219
1219
1219
1219
1219
1219
1219
1219
1219
1219
1219
1219
1219
1219
1219
1219
1219
1219
1219
1219
1219
1219
1219
1219
1219
1219
1219
1219
1219
1219
1219
1219
1219
1219
1219
1219
1219
1219
1219
1219
1219
1219
1219
1219
1219
1219
1219
1219
1219
1219
1219
1219
1219
1219
1219
1219
1219
1219
1219
1219
1219
1219
1219
1219
1219
1219
1219
1219
1219
1219
1219
1219
1219
1219
1219
1219
1219
1219
1219
1219
1219
1219
1219
1219
1219
1219
1219
1219
1219
1219
1219
1219
1219
1219
1219
1219
1219
1219
1219
1219
1219
1219
1219
1219
1219
1219
1219
1219
1219
1219
1219
1219
1219
1219
1219
1219
1219
1219
1219
1219
1219
1219
1219
1219
1219
1219
1219
1219
1219
1219
1219
1219
1219
1219
1219
1219
1219
1219
1219
1219
1219
1219
1219
1219
1219
1219
1219
1219
1219
1219
1219
1219
1219
1219
1219
1219
1219
1219
1219
1219
1219
1219
1219
1219
1219
1219
1219
1219
1219
1219
1219
1219
1219
1219
1219
1219
1219
1219
1219
1219
1219
1219
1219
1219
1219
1219
1219
1219
1219
1219
1219
1219
1219
1219
1219
1219
1219
1219
1219
1219
1219
1219
1219
1219
1219
1219
1219
1219
1219
1219
1219
1219
1219
1219
1219
1219
1219
1219
1219
1219
1219
1219
1219
1219
1219
1219
1219
1219
1219
1219
1219
1219
1219
1219
1219
1219
1219
1219
1219
1219
1219
1219
1219
1219
1219
1219
1219
1219
1219
1219
1219
1219
1219
1219
1219
1219
1219
1219
1219
1219
1219
1219
1219
1219
1219
1219
1219
1219
1219
1219
1219
1219
1219
1219
1219
1219
1219
1219
1219
1219
1219
1219
1219
1219
1219
1219
1219
1219
1219
1219
1219
1219
1219
1219
1219
1219
1219
1219
1219
1219
1219
1219
1219
1219
1219
1219
1219
1219
1219
1219
1219
1219
1219
1219
1219
1219
1219
1219
1219
1219
1219
1219
1219
1219
1219
1219
1219
1219
1219
1219
1219
1219
1219
1219
1219
1219
1219
1219
1219
1219
1219
1219
1219
1219
1219
1219
1219
1219
1219
1219
1219
1219
1219
1219
1219
1219
1219
1219
1219
1219
1219
1219
1219
1219
1219
1219
1219
1219
1219
1219
1219
1219
1219
1219
1219
1219
1219
1219
1219
1219
1219
1219
1219
1219
1219
1219
1219
1219
1219
1219
1219
1219
1219
1219
1219
1219
1219
1219
1219
1219
1219
1219
1219
1219
1219
1219
1219
1219
1219
1219
1219
1219
1219
1219
1219
1219
1219
1219
1219
1219
1219
1219
1219
1219
1219
1219
1219
1219
1219
1219
1219
1219
1219
1219
1219
1219
1219
1219
1219
1219
1219
1219
1219
1219
1219
1219
1219
1219
1219
1219
1219
1219
1219
1219
1219
1219
1219
1219
1219
1219
1219
1219
1219
1219
1219
1219
1219
1219
1219
1219
1219
1219
1219
1219
1219
1219
1219
1219
1219
1219
1219
1219
1219
1219
1219
1219
1219
1219
1219
1219
1219
1219
1219
1219
1219
1219
1219
1219
1219
1219
1219
1219
1219
1219
1219
1219
1219
1219
1219
1219
1219
1219
1219
1219
1219
1219
1219
1219
1219
1219
1219
1219
1219
1219
1219
1219
1219
1219
1219
1219
1219
1219
1219
1219
1219
1219
1219
1219
1219
1219
1219
1219
1219
1219
1219
1219
1219
1219
1219
1219
1219
1219
1219
1219
1219
1219
1219
1219
1219
1219
1219
1219
1219
1219
1219
1219
1219
1219
1219
1219
1219
1219
1219
1219
1219
1219
1219
1219
1219
1219
1219
1219
1219
1219
1219
1219
1219
1219
1219
1219
1219
1219
1219
1219
1219
1219
1219
1219
1219
1219
1219
1219
1219
1219
1219
1219
1219
1219
1219
1219
1219
1219
1219
1219
1219
1219
1219
1219
1219
1219
1219
1219
1219
1219
1219
1219
1219
1219
1219
1219
1219
1219
1219
1219
1219
1219
1219
1219
1219
1219
1219
1219
1219
1219
1219
1219
1219
1219
1219
1219
1219
1219
1219
1219
1219
1219
1219
1219
1219
1219
1219
1219
1219
1219
1219
1219
1219
1219
1219
1219
1219
1219
1219
1219
1219
1219
1219
1219
1219
1219
1219
1219
1219
1219
1219
1219
1219
1219
1219
1219
1219
1219
1219
1219
1219
1219
1219
1219
1219
1219
1219
1219
1219
1219
1219
1219
1219
1219
1219
1219
1219
1219
1219
1219
1219
1219
1219
1219
1219
1219
1219
1219
1219
1219
1219
1219
1219
1219
1219
1219
1219
1219
1219
1219
1219
1219
1219
1219
1219
1219
1219
1219
1219
1219
1219
1219
1219
1219
1219
1219
1219
1219
1219
1219
1219
1219
1219
1219
1219
1219
1219
1219
1219
1219
1219
1219
1219
1219
1219
1219
1219
1219
1219
1219
1219
1219
1219
1219
1219
1219
1219
1219
1219
1219
1219
1219
1219
1219
1219
1219
1219
1219
1219
1219
1219
1219
1219
1219
1219
1219
1219
1219
1219
1219
1219
1219
1219
1219
1219
1219
1219
1219
1219
1219
1219
1219
1219
1219
1219
1219
1219
1219
1219
1219
1219
1219
1219
1219
1219
1219
1219
1219
1219
1219
1219
1219
1219
1219
1219
1219
1219
1219
1219
1219
1219
1219
1219
1219
1219
1219
1219
1219
1219
1219
1219
1219
1219
1219
1219
1219
1219
1219
1219
1219
1219
1219
1219
1219
1219
1219
1219
1219
1219
1219
1219
1219
1219
1219
1219
1219
1219
1219
1219
1219
1219
1219
1219
1219
1219
1219
1219
1219
1219
1219
1219
1219
1219
1219
1219
1219
1219
1219
1219
1219
1219
1219
1219
1219
1219
1219
1219
1219
1219
1219
1219
1219
1219
1219
1219
1219
1219
1219
1219
1219
1219
1219
1219
1219
1219
1219
1219
1219
1219
1219
1219
1219
1219
1219
1219
1219
1219
1219
1219
1219
1219
1219
1219
1219
1219
1219
1219
1219
1219
1219
1219
1219
1219
1219
1219
1219
1219
1219
1219
1219
1219
1219
1219
1219
1219
1219
1219
1219
1219
1219
1219
1219
1219
1219
1219
1219
1219
1219
1219
1219
1219
1219
1219
1219
1219
1219
1219
1219
1219
1219
1219
1219
1219
1219
1219
1219
1219
1219
1219
1219
1219
1219
1219
1219
1219
1219
1219
1219
1219
1219
1219
1219
1219
1219
1219
1219
1219
1219
1219
1219
1219
1219
1219
1219
1219
1219
1219
1219
1219
1219
1219
1219
1219
1219
1219
1219
1219
1219
1219
1219
1219
1219
1219
1219
1219
1219
1219
1219
1219
1219
1219
1219
1219
1219
1219
1219
1219
1219
1219
1219
1219
1219
1219
1219
1219
1219
1219
1219
1219
1219
1219
1219
1219
1219
1219
1219
1219
1219
1219
1219
1219
1219
1219
1219
1219
1219
1219
1219
1219
1219
1219
1219
1219
1219
1219
1219
1219
1219
1219
1219
1219
1219
1219
1219
1219
1219
1219
1219
1219
1219
1219
1219
1219
1219
1219
1219
1219
1219
1219
1219
1219
1219
1219
1219
1219
1219
1219
1219
1219
1219
1219
1219
1219
1219
1219
1219
1219
1219
1219
1219
1219
1219
1219
1219
1219
1219
1219
1219
1219
1219
1219
1219
1219
1219
1219
1219
1219
1219
1219
1219
1219
1219
1219
1219
1219
1219
1219
1219
1219
1219
1219
1219
1219
1219
1219
1219
1219
1219
1219
1219
1219
1219
1219
1219
1219
1219
1219
1219
1219
1219
1219
1219
1219
1219
1219
1219
1219
1219
1219
1219
1219
1219
1219
1219
1219
1219
1219
1219
1219
1219
1219
1219
1219
1219
1219
1219
1219
1219
1219
1219
1219
1219
1219
1219
1219
1219
1219
1219
1219
1219
1219
1219
1219
1219
1219
1219
1219
1219
1219
1219
1219
1219
1219
1219
1219
1219
1219
1219
1219
1219
1219
1219
1219
1219
1219
1219
1219
1219
1219
1219
1219
1219
1219
1219
1219
1219
1219
1219
1219
1219
1219
1219
1219
1219
1219
1219
1219
1219
1219
1219
1219
1219
1219
1219
1219
1219
1219
1219
1219
1219
1219
1219
1219
1219
1219
1219
1219
1219
1219
1219
1219
1219
1219
1219
1219
1219
1219
1219
1219
1219
1219
1219
1219
1219
1219
1219
1219
1219
1219
1219
1219
1219
1219
1219
1219
1219
1219
1219
1219
1219
1219
1219
1219
1219
1219
1219
1219
1219
1219
1219
1219
1219
1219
1219
1219
1219
1219
1219
1219
1219
1219
1219
1219
1219
1219
1219
1219
1219
1219
1219
1219
1219
1219
1219
1219
1219
1219
1219
1219
1219
1219
1219
1219
1219
1219
1219
1219
1219
1219
1219
1219
1219
1219
1219
1219
1219
1219
1219
1219
1219
1219
1219
1219
1219
1219
1219
1219
1219
1219
1219
1219
1219
1219
1219
1219
1219
1219
1219
1219
1219
1219
1219
1219
1219
1219
1219
1219
1219
1219
1219
1219
1219
1219
1219
1219
1219
1219
1219
1219
1219
1219
1219
1219
1219
1219
1219
1219
1219
1219
1219
1219
1219
1219
1219
1219
1219
1219
1219
1219
1219
1219
1219
1219
1219
1219
1219
1219
1219
1219
1219
1219
1219
1219
1219
1219
1219
1219
1219
1219
1219
1219
1219
1219
1219
1219
1219
1219
1219
1219
1219
1219
1219
1219
1219
1219
1219
1219
1219
1219
1219
1219
1219
1219
1219
1219
1219
1219
1219
1219
1219
1219
1219
1219
1219
1219
1219
1219
1219
1219
