7010
7010
6983
7096
7132
7097
7067
7059
7062
7032
7087
7087
7100
7040
6981
7018
7006
7088
7085
7069
7067
7054
6991
6991
6991
6991
7032
7089
7089
7082
7107
7095
7084
7084
7099
7059
6974
6836
6801
6758
6758
6784
6749
6733
6733
6652
6652
6652
6708
6708
6675
6681
6656
6650
6650
6664
6664
6642
6650
6626
6641
6681
6666
6743
6855
6855
6843
6805
6793
6873
6873
6873
6873
6815
6815
6815
6876
6790
6736
6777
6782
6858
6929
6920
6946
6981
7007
6928
6928
6888
6836
6872
6885
6792
6829
6891
6959
6993
7074
7154
7154
7083
7032
6913
6900
6904
6829
6806
6806
6806
6842
6878
6878
6883
6883
6950
6956
6924
6868
6865
6806
6811
6811
6811
6886
6902
6902
6972
6972
6972
6935
6978
6902
6894
6881
6887
6887
6900
6801
6792
6792
6866
6884
6776
6776
6840
6840
6923
6932
6914
6905
6910
6918
6887
6951
6974
6992
6992
6992
6992
6992
6992
6997
6971
6952
6965
6965
6926
6926
6926
6926
6869
6869
6912
6912
6906
6909
6872
6893
6850
6922
6939
6984
6981
6994
6980
7008
6951
6993
6928
6920
6867
6916
6906
6850
6852
6852
6859
6859
6875
6817
6864
6839
6796
6860
6911
6906
6867
6858
6824
6831
6889
6864
6881
6951
7028
7033
6979
6977
7017
7000
7000
7000
7013
6965
6989
7061
7067
7067
6988
6981
6916
6916
6947
6947
6891
6822
6821
6873
6877
6887
6943
6975
6975
6896
6896
6964
7014
7018
7016
7000
6951
6951
6951
6975
7098
7051
7037
7034
7061
7130
7127
7127
7126
7138
7071
7082
7104
7100
7060
7060
7051
7003
7003
7058
7039
7039
7050
6974
6879
6934
6922
6965
6965
6889
6903
6957
6941
7071
7109
7094
7081
6973
7073
7089
7096
7026
6942
6914
6859
6827
6841
6799
6819
6821
6830
6840
6832
6738
6738
6767
6750
6791
6829
6829
6823
6820
6803
6810
6818
6854
6817
6865
6828
6857
6758
6782
6776
6736
6693
6693
6784
6897
6845
6803
6728
6753
6869
6869
6836
6833
6855
6830
6830
6829
6832
6852
6849
6756
6775
6790
6790
6860
6847
6847
6834
6829
6779
6741
6769
6748
6765
6804
6836
6838
6814
6797
6835
6835
6779
6777
6842
6842
6854
6815
6815
6889
6843
6915
6896
6876
6869
6802
6766
6840
6840
6821
6861
6805
6797
6797
6783
6742
6742
6775
6775
6746
6668
6686
6649
6639
6639
6639
6635
6657
6573
6506
6498
6481
6586
6553
6511
6517
6514
6548
6548
6607
6624
6664
6676
6684
6680
6657
6722
6785
6740
6726
6659
6644
6625
6635
6672
6690
6767
6842
6797
6782
6782
6827
6862
6893
6893
6881
6887
6813
6795
6798
6803
6796
6761
6816
6816
6763
6759
6727
6630
6634
6653
6658
6683
6647
6679
6625
6693
6708
6707
6707
6664
6690
6753
6828
6865
6865
6848
7002
7050
7017
6937
6889
6916
6899
6899
6899
6940
6832
6840
6767
6797
6788
6788
6788
6771
6752
6745
6745
6865
6816
6863
6895
6895
6889
6991
7020
7061
7011
6952
6930
7013
6943
6824
6849
6802
6812
6812
6745
6831
6781
6781
6766
6770
6779
6740
6692
6733
6684
6684
6639
6585
6587
6594
6672
6661
6629
6641
6677
6677
6674
6600
6576
6570
6613
6613
6548
6582
6623
6630
6676
6676
6676
6697
6746
6822
6906
6963
6841
6841
6905
6905
6872
6864
6864
6886
6878
6850
6848
6865
6865
6902
6836
6808
6808
6808
6777
6839
6839
6839
6788
6757
6777
6864
6893
6851
6917
6878
6878
6829
6870
6825
6772
6777
6825
6847
6770
6753
6773
6773
6810
6834
6817
6892
6885
6906
6848
6924
6938
6803
6864
6847
6814
6814
6798
6798
6813
6850
6850
6904
6904
6862
6847
6879
6878
6860
6958
6933
6865
6865
6847
6827
6831
6832
6781
6781
6751
6778
6689
6651
6688
6780
6794
6818
6811
6811
6775
6788
6856
6875
6908
6919
6975
6949
7031
7041
6994
6973
6948
6968
6937
6898
6838
6809
6809
6770
6855
6922
6967
6967
7002
7002
7043
7043
7115
7124
7047
7063
7063
7063
7063
7038
7018
7018
7043
7043
7038
7038
7055
7055
6964
6982
6982
6981
6977
6938
6838
6818
6808
6807
6851
6874
6874
6874
6874
6902
6929
6871
6827
6863
6863
6863
6863
6813
6887
6864
6826
6772
6772
6785
6785
6738
6738
6682
6738
6735
6782
6842
6800
6802
6818
6855
6800
6861
6877
6813
6818
6818
6818
6923
6871
6935
6912
6912
6912
6905
6939
6955
6932
7029
7025
7025
6996
7024
7024
7029
7020
7006
7013
7052
7051
7051
7045
6983
6954
6964
6936
6881
6909
6902
6920
6903
6903
6906
6906
6869
6864
6894
6894
6937
7072
7110
7138
7135
7116
7116
7178
7209
7192
7192
7146
7187
7187
7187
7074
7074
7074
7074
7095
7052
7063
7063
7098
7098
7082
7090
7115
7088
7064
7039
7013
7017
7017
6975
7061
7010
6984
6960
7003
7050
7079
7079
7077
7057
7060
7035
7035
7023
7089
7121
7121
6974
6960
6900
6897
6899
6892
6893
6927
6908
6912
6924
6990
6990
6897
6830
6827
6801
6776
6776
6747
6793
6802
6840
6899
6860
6977
6993
7106
7054
7006
6983
6983
6983
6983
6958
6978
6961
7042
7042
7072
7142
7017
6970
6924
6914
6856
6856
6859
6902
6840
6928
6890
6924
6988
6988
6939
6965
6954
6933
6975
6921
6967
6893
6893
6932
6884
6868
6915
6891
6888
6902
6940
6884
6884
6973
6967
6967
6884
6896
6988
6992
6992
6992
6953
6953
7007
7042
6967
6967
7055
7066
7060
7011
7084
7046
7161
7142
7142
7065
7024
7066
7069
7051
7051
7107
7089
7180
7280
7337
7338
7320
7320
7185
7124
7032
7032
7032
6984
6968
6968
6911
6822
6809
6779
6780
6850
6848
6848
6825
6825
6825
6880
6933
6933
6899
6897
6897
6804
6817
6767
6791
6757
6801
6890
6890
6890
6960
7024
6945
7022
7030
7044
7028
7031
6997
6996
7025
7010
7010
6900
6932
6994
7032
7011
7011
7011
7027
6950
6950
6949
6911
6911
6943
6935
6997
7073
7049
7078
7111
7110
7065
7065
7040
7124
7104
7167
7125
7142
7095
7145
7146
7128
7102
7102
7201
7158
7155
7168
7168
7168
7214
7254
7165
7089
7061
7115
7132
7208
7093
7022
7022
6994
6993
6926
6896
6941
6941
6941
6941
6941
6953
6986
7029
7088
7065
7115
7084
7049
7072
7108
7064
7041
6991
6991
6973
6973
6967
6904
6968
6975
6975
6961
6985
6966
6966
6966
7003
6942
6992
6992
6915
6928
6924
6899
6899
6873
6867
6899
6888
6871
6864
6864
6864
6886
6849
6876
6876
6892
6833
6876
6844
6842
6837
6837
6810
6825
6839
6839
6872
6845
6831
6877
6877
6745
6742
6723
6723
6729
6729
6729
6760
6833
6858
6864
6866
6823
6797
6797
6794
6765
6768
6801
6819
6849
6834
6834
6806
6841
6904
6869
6847
6850
6878
6877
6854
6854
6854
6854
6854
6854
6766
6832
6854
6890
6890
6903
6917
7023
7027
7067
7054
7071
7090
7086
7058
7044
7061
7061
7090
7073
6939
6969
6977
7022
6988
6985
7013
7085
7042
7013
6968
6993
6955
6955
6959
6871
6921
6865
6865
6967
6973
6956
6888
6837
6874
6874
6874
6894
6887
6887
6845
6901
6901
6901
6919
6919
6854
6863
6863
6863
6877
6867
6863
6935
6914
6894
6894
6922
6895
6860
6812
6831
6888
6894
6899
6899
6944
6961
6991
6979
6925
6925
6996
7043
7026
7026
7060
7037
7099
7112
7070
7037
7062
7062
7013
7031
7126
7050
7050
7032
7062
7100
6997
6997
7014
7023
7012
7067
7000
7009
7041
7023
7023
6976
6985
6913
6923
7026
6980
6981
6981
6959
6955
6996
7066
7116
7139
7169
7169
7099
7099
7099
7099
7099
7065
7065
7094
7115
7044
7062
7115
7115
7122
7091
7091
7085
7095
7200
7155
7145
7169
7060
7071
7076
6993
6964
7012
6936
6935
6935
6919
6880
6880
6944
6811
6801
6801
6822
6822
6840
6850
6850
6832
6800
6817
6807
6796
6776
6860
6782
6798
6793
6863
6852
6904
6967
6991
6991
6967
6924
6924
6942
6931
6931
6847
6784
6738
6840
6816
6818
6818
6818
6875
6926
6868
6891
6901
6905
6905
6865
6844
6877
6903
6903
6901
6901
6861
6841
6872
6872
6798
6800
6837
6887
6962
7020
7020
7001
7001
7011
6989
7005
6940
6938
6948
6952
6952
6924
6924
6924
6985
6997
7058
7067
7085
7085
7095
7097
7129
7079
7063
7063
7101
7097
7089
7119
7119
7049
7049
7108
7142
7102
7160
7116
7151
7053
7049
7049
7070
7046
6994
6994
7017
7008
6966
6894
6958
6958
6943
6926
6926
6926
6926
6939
6956
6956
6940
6940
6916
6916
6941
6941
6930
6887
6876
6868
6860
6860
6883
6862
6810
6908
6902
6902
6907
7004
6993
6979
7029
7048
6927
6952
6915
6915
6779
6732
6729
6729
6710
6636
6633
6578
6571
6561
6589
6589
6622
6595
6579
6550
6566
6566
6567
6558
6558
6511
6511
6511
6511
6543
6503
6514
6514
6560
6591
6591
6597
6616
6661
6710
6715
6715
6687
6736
6736
6789
6789
6679
6781
6746
6746
6726
6726
6674
6735
6735
6735
6735
6735
6735
6780
6762
6769
6761
6761
6744
6760
6795
6827
6778
6777
6764
6807
6807
6807
6807
6845
6845
6845
6845
6845
6845
6845
6856
6814
6787
6787
6883
6862
6821
6821
6821
6840
6858
6858
6858
6858
6858
6901
6901
6928
6928
6861
6912
6912
6871
6781
6689
6764
6819
6819
6893
6930
6930
6943
6963
6951
6912
6869
6869
6988
6946
7007
7012
6937
6969
7029
6997
6926
6978
6951
6880
6924
6924
6924
6924
6990
6929
6929
6965
6965
6965
6965
6981
6977
6891
6876
6770
6797
6895
6853
6853
6846
6860
6832
6832
6761
6797
6729
6749
6809
6750
6768
6834
6734
6802
6796
6745
6712
6687
6706
6706
6706
6681
6736
6804
6763
6778
6820
6820
6857
6855
6808
6746
6746
6813
6787
6737
6774
6782
6786
6786
6791
6791
6791
6791
6775
6775
6812
6851
6808
6808
6885
6791
6808
6796
6832
6885
6824
6824
6920
6931
6991
7058
6978
6983
6983
6986
7004
7020
7020
7020
7011
6892
6951
6922
6844
6783
6781
6851
6972
7003
6946
6975
7001
7019
7052
7049
7091
7110
7140
7064
7108
7023
6943
6952
6943
6919
6870
6896
6920
6920
6934
6934
6966
6982
6935
6873
6927
6983
7001
7001
6965
6964
6937
6911
6983
6883
6881
6944
6968
6969
6891
6891
6849
6913
6960
6921
6944
6919
6942
6951
6944
7003
7003
7014
7057
7006
6962
6971
6996
6881
6879
6917
6918
6902
6949
6936
6805
6872
6985
6968
6968
6968
6977
6977
7040
6998
6983
6983
7012
7103
7103
7038
7054
7005
7005
7000
6947
6947
6947
6947
6998
6935
6935
6945
6957
6957
6939
6890
6890
6858
6861
6861
6876
6868
6846
6810
6841
6841
6841
6828
6769
6868
6840
6755
6806
6818
6818
6889
6895
6895
6846
6983
6983
6931
6931
6939
6830
6823
6900
6900
6836
6852
6873
6905
6851
6765
6810
6838
6853
6853
6853
6789
6789
6734
6734
6734
6734
6768
6768
6768
6709
6745
6745
6786
6786
6809
6829
6863
6849
6796
6834
6809
6809
6934
6896
6806
6824
6824
6784
6784
6784
6850
6842
6872
6800
6870
6895
6944
6989
6975
6931
6938
6938
6983
6983
7038
7077
7122
7122
7122
7061
7007
7007
6993
6962
6942
6884
6877
6877
6850
6850
6887
6877
6910
6918
6983
6917
6908
6927
6973
6973
6969
7018
6977
6975
6969
6937
6954
6954
6882
6921
7030
7034
7087
7123
7135
7135
7202
7140
7120
7038
7033
6970
6982
6953
6968
6968
6968
6968
7006
7005
6852
6852
6800
6800
6800
6824
6774
6823
6812
6757
6751
6772
6758
6758
6758
6765
6764
6765
6787
6831
6746
6746
6769
6716
6716
6765
6765
6844
6784
6758
6835
6875
6880
6880
6880
6822
6822
6875
6937
6985
6940
6940
6935
6936
6969
7058
7058
6983
6958
6970
6970
6971
6957
6951
6999
7051
7039
6998
6998
6988
6988
6944
6935
6915
6935
6921
6886
6886
6806
6905
6955
6955
6861
6861
6836
6823
6823
6801
6805
6855
6846
6783
6799
6847
6823
6764
6785
6777
6829
6829
6829
6798
6785
6798
6863
6834
6867
6867
6798
6798
6798
6776
6781
6820
6877
6920
6953
6984
6987
7014
7014
7010
7014
6959
6977
6915
6836
6866
6833
6883
6898
6847
6792
6795
6740
6799
6833
6875
6810
6838
6834
6749
6749
6798
6780
6883
6883
6883
6883
6877
6914
6914
6914
6940
6944
6964
6999
7033
7042
6995
6911
6911
6922
6922
6873
6876
6876
6982
6995
6978
6978
6978
6989
6972
6924
6904
6819
6844
6844
6846
6854
6871
6875
6901
6931
6926
6922
6922
6981
6981
6981
6936
6975
6922
6916
6916
6915
6924
6991
6979
6979
6933
6930
6930
6879
6879
6889
6966
7004
7112
7108
7115
7146
7169
7086
7079
7079
7063
7063
6993
6912
6912
6875
6809
6804
6766
6766
6792
6781
6757
6775
6775
6798
6767
6767
6770
6776
6827
6848
6850
6887
6887
6803
6846
6819
6843
6869
6902
6897
6910
6887
6767
6824
6792
6826
6933
6942
6952
6883
6887
6872
6841
6905
6948
6929
6912
6912
6903
6922
6942
6892
6832
6863
6826
6817
6817
6817
6857
6899
6830
6831
6883
6950
6993
7009
7002
6967
6972
6978
6974
6984
6973
6985
7051
7013
7013
6989
6974
6998
6998
6958
6965
6940
6920
6966
6963
6963
6921
6946
6988
6988
6988
6968
6968
6993
7041
7039
7039
7042
6996
7033
7108
7072
7095
7065
7065
7134
7134
7134
7087
7071
6984
6972
7009
7032
7016
6943
6882
6848
6810
6810
6810
6739
6755
6728
6728
6728
6736
6770
6771
6810
6808
6785
6805
6763
6806
6806
6846
6876
6876
6880
6880
6880
6802
6802
6844
6819
6819
6817
6817
6810
6810
6839
6864
6837
6837
6901
6901
6797
6813
6745
6669
6675
6675
6675
6734
6809
6812
6844
6841
6808
6839
6788
6779
6707
6705
6765
6813
6770
6729
6776
6769
6746
6746
6806
6806
6822
6822
6822
6760
6819
6793
6772
6779
6779
6819
6698
6663
6776
6776
6776
6740
6740
6861
6803
6803
6803
6743
6700
6625
6625
6634
6591
6607
6643
6678
6708
6774
6853
6822
6819
6865
6821
6821
6842
6798
6818
6818
6818
6776
6824
6824
6824
6874
6864
6789
6800
6807
6807
6797
6768
6807
6791
6791
6843
6934
7011
6934
6934
6934
7038
6974
6974
7050
7081
7081
7051
7056
6989
6989
7043
6986
6941
6941
6963
6984
7005
6997
6953
6953
6969
6901
6889
6911
6940
6906
6931
6931
6932
6950
6950
7014
7014
6901
6966
6926
6959
6960
6978
6926
6926
6926
6926
6957
6941
6947
6937
6972
6903
6903
6902
6924
6948
6963
6915
6879
6883
6834
6851
6810
6810
6807
6780
6739
6771
6785
6894
6847
6847
6847
6897
6897
6897
6870
6866
6861
6893
6893
6893
6893
6876
6840
6870
6888
6826
6826
6815
6900
6825
6873
6866
6902
6956
6973
6973
6973
6961
6932
6956
6955
6946
6919
6919
6898
6948
6896
6896
6895
6898
6934
6883
6900
6891
6865
6879
6906
6963
7030
7094
7094
7201
7243
7191
7148
7170
7161
7161
7161
7099
7180
7129
7081
7081
7026
7015
7005
6932
6836
6826
6818
6791
6830
6798
6798
6830
6788
6785
6762
6762
6797
6848
6843
6836
6807
6805
6836
6805
6805
6805
6859
6823
6826
6884
6884
6795
6784
6785
6828
6845
6730
6730
6730
6723
6733
6747
6802
6773
6773
6796
6786
6845
6808
6808
6733
6649
6637
6637
6661
6648
6648
6644
6701
6688
6716
6759
6825
6778
6710
6701
6680
6660
6699
6699
6779
6766
6712
6712
6740
6733
6757
6757
6747
6747
6747
6837
6869
6911
6922
6922
6922
6877
6924
6816
6906
6906
6894
6914
6914
6914
6951
6951
6951
6906
6906
6859
6885
6885
6883
6798
6798
6778
6720
6756
6745
6745
6745
6745
6745
6793
6800
6786
6787
6806
6806
6757
6706
6735
6723
6745
6805
6788
6763
6789
6770
6722
6782
6723
6749
6749
6743
6758
6734
6733
6712
6697
6697
6697
6717
6663
6679
6679
6687
6713
6721
6703
6703
6703
6703
6732
6751
6737
6725
6725
6727
6725
6721
6707
6695
6705
6701
6701
6701
6701
6686
6668
6668
6710
6710
6710
6761
6761
6732
6648
6648
6745
6665
6684
6684
6684
6727
6711
6812
6812
6743
6772
6772
6772
6772
6828
6826
6826
6826
6734
6706
6696
6696
6748
6736
6728
6791
6791
6786
6789
6730
6740
6725
6742
6707
6780
6778
6806
6831
6861
6885
6848
6848
6848
6847
6971
6900
6951
6848
6820
6798
6709
6709
6683
6683
6612
6596
6596
6597
6573
6600
6600
6619
6619
6619
6597
6597
6597
6677
6677
6677
6708
6656
6656
6793
6781
6781
6794
6817
6817
6867
6836
6836
6841
6841
6798
6767
6790
6790
6792
6792
6765
6774
6790
6881
6845
6845
6804
6804
6782
6750
6790
6817
6792
6817
6774
6759
6759
6736
6736
6805
6805
6782
6776
6791
6739
6662
6662
6662
6662
6662
6662
6662
6693
6757
6825
6750
6750
6750
6681
6681
6705
6770
6770
6770
6781
6820
6815
6815
6782
6760
6845
6792
6814
6814
6855
6854
6897
6895
6909
6818
6873
6873
6915
6894
6876
6863
6862
6898
6898
6881
6891
6879
6841
6895
6895
6843
6860
6823
6714
6767
6787
6745
6727
6727
6727
6766
6806
6806
6806
6806
6861
6889
6896
6852
6869
6832
6886
6898
6902
6800
6800
6696
6706
6706
6710
6724
6826
6826
6826
6784
6718
6718
6718
6718
6632
6634
6634
6634
6634
6650
6702
6702
6716
6716
6716
6679
6679
6668
6716
6780
6780
6780
6827
6817
6878
6878
6878
6882
6882
6882
6884
6828
6828
6825
6873
6842
6841
6912
6904
6943
6987
7038
7029
7029
7038
6985
6985
6935
6935
6949
6909
6921
6908
6908
6883
6866
6769
6769
6719
6682
6687
6687
6711
6711
6755
6774
6789
6814
6831
6835
6862
6862
6827
6827
6825
6882
6931
6958
6857
6934
6921
6921
6911
6911
6878
6940
6927
6927
6967
6954
6956
7009
6919
6919
6919
6912
6912
6923
6896
6877
6909
6909
6909
6909
6888
6937
6937
6999
7018
7018
7018
6993
6942
6942
6929
6929
6929
6912
6912
6863
6830
6830
6830
6899
6913
6977
6924
6942
6908
6854
6853
6913
6896
6912
6913
6944
6862
6862
6857
6857
6828
6871
6894
6837
6858
6840
6743
6749
6774
6780
6809
6809
6878
6928
6934
6861
6843
6873
6813
6813
6782
6782
6793
6758
6778
6754
6699
6699
6708
6699
6713
6770
6775
6876
6876
6876
6839
6781
6812
6769
6716
6716
6707
6707
6689
6689
6720
6710
6690
6703
6703
6691
6690
6680
6763
6685
6685
6710
6710
6710
6780
6850
6877
6848
6796
6807
6807
6794
6846
6846
6846
6845
6845
6845
6838
6899
6797
6847
6776
6776
6769
6769
6769
6769
6769
6769
6769
6769
6817
6881
6883
6910
6912
6944
6878
6889
6902
6882
6871
6871
6826
6781
6803
6803
6803
6741
6857
6878
6821
6800
6779
6779
6779
6779
6761
6829
6793
6816
6850
6850
6850
6850
6838
6815
6805
6805
6824
6824
6801
6843
6842
6835
6830
6834
6857
6857
6857
6857
6862
6838
6838
6837
6837
6837
6837
6837
6837
6922
6903
6902
6903
7014
6936
6922
6892
6892
6848
6863
6863
6889
6889
6960
6961
6959
6959
6959
6965
6976
6911
6950
6950
6895
6871
6834
6845
6845
6845
6845
6845
6825
6773
6756
6756
6772
6772
6695
6697
6710
6744
6747
6776
6742
6757
6757
6783
6738
6738
6777
6777
6777
6760
6760
6792
6882
6882
6882
6882
6921
6921
6882
6873
6873
6896
6918
6903
6962
6996
6891
6891
6926
6916
6916
6916
6992
6992
7036
7036
7036
7069
7055
6946
6946
6949
6949
6946
6914
6919
6960
6959
6984
6883
6883
6893
6896
6896
6978
6954
6954
6930
6926
6886
6904
6903
6909
6891
6950
6936
6975
6955
6999
7047
7026
7058
7085
7114
7066
7066
7001
6997
6855
6907
6877
6836
6837
6844
6844
6844
6844
6810
6732
6732
6753
6753
6753
6727
6727
6744
6781
6866
6818
6818
6911
6911
6985
6985
7003
7005
7012
7012
7012
7023
7023
6922
6922
6880
6899
6899
6891
6911
6934
6934
6934
6934
6942
6842
6874
6880
6886
6812
6733
6736
6736
6709
6709
6733
6778
6765
6765
6795
6770
6782
6820
6818
6818
6765
6793
6793
6793
6808
6818
6812
6776
6729
6729
6706
6765
6773
6773
6666
6653
6653
6653
6631
6647
6647
6740
6740
6740
6697
6607
6607
6609
6604
6604
6604
6604
6571
6571
6571
6627
6612
6593
6593
6593
6589
6590
6670
6641
6655
6680
6690
6664
6622
6684
6714
6713
6713
6713
6715
6779
6779
6779
6810
6800
6778
6735
6702
6702
6702
6719
6719
6743
6786
6724
6713
6713
6713
6661
6661
6700
6749
6749
6749
6761
6761
6764
6794
6792
6759
6759
6759
6845
6845
6845
6845
6900
6844
6907
6928
6989
6843
6841
6798
6798
6798
6838
6838
6838
6844
6848
6809
6819
6819
6909
6909
6941
6935
6959
6959
6918
6954
6954
6930
6963
6919
6919
6936
6936
6936
6901
6864
6796
6796
6763
6793
6793
6850
6861
6815
6815
6826
6826
6819
6792
6792
6792
6842
6796
6882
6929
6929
6938
6938
6863
6863
6903
6875
6925
6925
6777
6788
6807
6847
6847
6847
6858
6810
6809
6755
6755
6755
6793
6830
6892
6892
6816
6839
6839
6874
6874
6874
6874
6850
6850
6886
6886
6894
6894
6893
6884
6850
6850
6850
6850
6862
6862
6862
6715
6715
6718
6733
6733
6733
6744
6711
6751
6758
6774
6750
6747
6747
6810
6844
6844
6884
6884
6888
6888
6888
6889
6838
6810
6824
6761
6767
6754
6754
6754
6754
6754
6766
6719
6685
6743
6684
6684
6691
6691
6678
6678
6699
6699
6699
6700
6698
6698
6698
6698
6682
6682
6682
6693
6693
6708
6732
6703
6702
6702
6702
6701
6727
6717
6737
6742
6762
6762
6762
6762
6662
6662
6662
6633
6633
6622
6622
6605
6605
6585
6586
6648
6657
6650
6650
6603
6603
6644
6614
6614
6625
6595
6632
6632
6611
6611
6611
6611
6611
6682
6682
6682
6683
6683
6687
6616
6616
6680
6666
6660
6616
6598
6583
6583
6638
6640
6625
6615
6622
6622
6592
6534
6534
6585
6585
6548
6548
6513
6513
6478
6478
6535
6562
6614
6614
6599
6619
6619
6612
6612
6574
6558
6616
6647
6647
6574
6581
6491
6601
6582
6619
6588
6589
6582
6618
6640
6584
6584
6550
6550
6578
6578
6578
6679
6679
6614
6625
6625
6623
6582
6582
6582
6649
6649
6641
6641
6638
6638
6638
6638
6635
6571
6615
6615
6575
6583
6514
6526
6526
6553
6553
6644
6632
6632
6632
6632
6625
6631
6651
6651
6729
6655
6679
6751
6772
6772
6781
6761
6756
6772
6790
6772
6772
6743
6762
6724
6691
6678
6658
6618
6600
6600
6600
6671
6671
6660
6686
6600
6602
6602
6609
6609
6609
6648
6651
6696
6708
6691
6639
6663
6663
6663
6663
6650
6654
6597
6597
6664
6696
6647
6720
6711
6711
6711
6717
6711
6710
6692
6692
6662
6677
6629
6571
6571
6571
6554
6693
6699
6721
6721
6743
6723
6723
6693
6693
6743
6679
6667
6667
6667
6667
6708
6651
6627
6627
6630
6630
6666
6740
6740
6770
6778
6778
6778
6778
6735
6735
6746
6710
6653
6684
6684
6603
6603
6603
6603
6603
6603
6603
6603
6603
6603
6603
6565
6553
6523
6508
6508
6511
6540
6540
6530
6449
6444
6466
6463
6463
6463
6463
6463
6463
6488
6488
6488
6512
6530
6530
6530
6479
6515
6515
6515
6486
6466
6482
6524
6494
6469
6469
6430
6430
6473
6473
6473
6473
6473
6465
6465
6465
6465
6465
6473
6473
6465
6465
6459
6459
6459
6459
6459
6526
6526
6526
6531
6483
6416
6482
6477
6479
6479
6479
6502
6502
6502
6502
6502
6538
6538
6538
6538
6538
6548
6556
6562
6612
6612
6576
6576
6574
6527
6527
6486
6513
6510
6472
6477
6481
6541
6541
6521
6591
6591
6613
6613
6613
6613
6613
6602
6602
6569
6584
6584
6547
6547
6605
6559
6559
6559
6604
6680
6780
6789
6789
6789
6783
6740
6708
6706
6732
6745
6745
6765
6772
6772
6772
6762
6803
6821
6821
6798
6789
6796
6816
6781
6781
6760
6760
6760
6760
6767
6767
6767
6800
6743
6739
6827
6809
6772
6706
6718
6701
6701
6686
6712
6712
6708
6702
6702
6702
6702
6702
6702
6702
6685
6689
6685
6685
6685
6685
6690
6690
6732
6746
6766
6766
6766
6821
6821
6821
6806
6806
6806
6767
6856
6944
6928
6924
6906
6943
6978
6972
6968
7015
6912
6912
6935
6964
6922
6950
6956
6983
6944
6865
6844
6792
6792
6790
6790
6790
6790
6872
6872
6866
6829
6796
6796
6768
6768
6783
6783
6783
6824
6824
6824
6824
6788
6830
6830
6846
6881
6881
6875
6875
6858
6876
6876
6876
6876
6892
6942
6928
6886
6858
6849
6825
6805
6805
6805
6805
6805
6805
6805
6804
6752
6792
6819
6819
6826
6854
6819
6762
6762
6762
6826
6821
6821
6879
6879
6874
6848
6850
6864
6814
6814
6791
6744
6731
6709
6691
6691
6624
6632
6633
6654
6701
6662
6662
6677
6622
6622
6622
6622
6622
6622
6539
6565
6565
6579
6638
6638
6600
6579
6610
6612
6612
6628
6662
6659
6631
6631
6631
6668
6669
6647
6647
6625
6662
6662
6737
6737
6737
6737
6737
6791
6791
6779
6779
6767
6767
6744
6647
6647
6629
6590
6572
6616
6618
6653
6653
6626
6579
6571
6571
6571
6611
6633
6647
6647
6647
6619
6550
6539
6540
6540
6500
6476
6554
6554
6545
6545
6545
6544
6544
6564
6563
6549
6586
6586
6579
6597
6597
6562
6562
6562
6602
6601
6575
6566
6549
6549
6549
6549
6577
6577
6577
6577
6577
6531
6531
6531
6559
6530
6537
6537
6537
6547
6572
6539
6526
6526
6526
6440
6464
6520
6509
6520
6534
6520
6520
6470
6517
6556
6678
6716
6716
6710
6699
6645
6617
6629
6629
6691
6703
6747
6747
6745
6701
6641
6619
6619
6619
6592
6592
6592
6592
6592
6592
6641
6641
6641
6597
6577
6622
6615
6615
6615
6629
6629
6614
6608
6618
6618
6644
6679
6679
6607
6559
6522
6522
6522
6522
6522
6579
6621
6645
6696
6696
6708
6724
6688
6688
6659
6598
6598
6598
6601
6582
6584
6584
6548
6548
6548
6553
6497
6497
6505
6505
6510
6516
6547
6547
6547
6592
6585
6573
6580
6566
6566
6597
6597
6610
6610
6617
6578
6597
6597
6597
6597
6623
6623
6750
6701
6701
6678
6678
6661
6713
6713
6681
6681
6624
6609
6609
6609
6609
6674
6674
6674
6666
6666
6588
6635
6608
6602
6569
6555
6572
6572
6597
6587
6587
6587
6587
6587
6673
6704
6650
6701
6701
6701
6674
6695
6695
6695
6694
6734
6734
6734
6734
6666
6680
6680
6684
6684
6684
6684
6646
6624
6667
6586
6564
6603
6597
6590
6549
6565
6565
6589
6582
6586
6594
6573
6642
6629
6629
6671
6667
6648
6656
6648
6648
6633
6635
6635
6681
6681
6681
6699
6699
6661
6624
6679
6593
6593
6593
6618
6618
6627
6601
6601
6605
6604
6597
6571
6571
6535
6535
6535
6498
6503
6503
6503
6503
6463
6463
6463
6463
6463
6463
6444
6433
6433
6465
6465
6443
6443
6432
6432
6432
6432
6461
6435
6422
6475
6475
6475
6475
6495
6502
6600
6561
6561
6480
6467
6467
6467
6530
6524
6524
6524
6550
6488
6488
6488
6523
6523
6547
6538
6538
6503
6503
6423
6402
6444
6439
6452
6473
6471
6458
6458
6431
6420
6420
6420
6420
6345
6360
6388
6388
6409
6486
6486
6486
6545
6564
6615
6586
6628
6589
6619
6595
6553
6625
6665
6665
6665
6669
6619
6555
6545
6545
6551
6552
6609
6609
6609
6609
6540
6540
6556
6556
6590
6590
6586
6635
6635
6646
6610
6580
6667
6667
6707
6737
6752
6825
6834
6834
6832
6800
6789
6750
6769
6702
6702
6702
6664
6652
6699
6664
6629
6629
6622
6622
6585
6585
6596
6580
6609
6609
6595
6601
6572
6552
6552
6564
6516
6516
6516
6516
6516
6516
6516
6516
6516
6473
6473
6481
6481
6476
6506
6505
6505
6543
6590
6537
6537
6537
6537
6535
6537
6525
6538
6524
6488
6568
6509
6509
6500
6548
6538
6538
6522
6493
6493
6493
6493
6496
6496
6478
6511
6486
6486
6486
6510
6510
6496
6546
6546
6546
6546
6546
6539
6553
6553
6548
6548
6548
6548
6565
6565
6545
6591
6546
6546
6546
6622
6622
6576
6576
6576
6576
6495
6549
6545
6617
6617
6612
6566
6564
6564
6579
6592
6592
6592
6592
6592
6612
6581
6581
6581
6581
6571
6571
6666
6644
6685
6685
6689
6689
6730
6732
6710
6710
6774
6774
6790
6699
6783
6777
6760
6690
6690
6709
6721
6721
6766
6778
6684
6684
6684
6676
6676
6663
6663
6623
6623
6623
6644
6620
6647
6647
6673
6673
6663
6663
6733
6677
6677
6677
6677
6637
6637
6619
6590
6590
6590
6590
6624
6624
6618
6611
6611
6606
6606
6635
6635
6673
6700
6625
6625
6676
6639
6530
6525
6525
6525
6563
6563
6582
6582
6586
6586
6604
6644
6644
6644
6644
6564
6564
6564
6564
6571
6571
6552
6552
6474
6477
6474
6474
6505
6497
6571
6573
6573
6573
6576
6576
6576
6535
6535
6489
6496
6468
6468
6511
6489
6490
6476
6476
6476
6475
6514
6491
6491
6491
6580
6580
6580
6580
6578
6579
6557
6565
6561
6510
6513
6513
6513
6510
6522
6522
6522
6522
6522
6550
6550
6583
6583
6535
6535
6536
6550
6550
6554
6573
6573
6573
6573
6573
6573
6573
6573
6573
6504
6500
6499
6499
6496
6496
6505
6505
6505
6505
6505
6501
6501
6501
6543
6542
6542
6546
6560
6535
6516
6540
6540
6540
6540
6528
6528
6528
6495
6495
6495
6495
6491
6491
6499
6534
6534
6518
6518
6518
6532
6511
6531
6531
6531
6531
6531
6531
6531
6531
6542
6556
6556
6556
6572
6570
6591
6591
6591
6620
6620
6620
6620
6624
6624
6610
6610
6599
6599
6599
6599
6599
6618
6618
6669
6653
6653
6653
6653
6653
6663
6653
6653
6578
6578
6578
6578
6578
6543
6543
6543
6543
6551
6551
6559
6546
6546
6546
6546
6546
6546
6546
6539
6550
6538
6538
6538
6538
6538
6538
6538
6538
6532
6532
6533
6533
6533
6533
6561
6561
6573
6573
6552
6565
6565
6632
6632
6670
6634
6660
6660
6660
6660
6583
6585
6610
6610
6610
6533
6515
6418
6421
6433
6452
6452
6452
6453
6453
6454
6419
6419
6419
6429
6429
6429
6490
6475
6475
6475
6487
6490
6490
6490
6490
6461
6480
6480
6480
6464
6459
6458
6458
6445
6458
6458
6458
6462
6462
6446
6446
6446
6403
6403
6403
6432
6467
6467
6467
6452
6447
6447
6447
6457
6421
6391
6391
6389
6389
6389
6433
6433
6433
6433
6424
6424
6424
6424
6420
6484
6440
6440
6420
6420
6420
6420
6431
6412
6412
6412
6412
6412
6412
6412
6441
6442
6437
6431
6431
6403
6403
6372
6369
6369
6369
6369
6370
6370
6399
6421
6421
6433
6480
6461
6461
6469
6521
6470
6506
6557
6568
6568
6568
6568
6568
6555
6492
6492
6492
6492
6492
6492
6473
6514
6514
6517
6517
6489
6489
6504
6502
6502
6535
6549
6549
6554
6540
6539
6567
6572
6572
6572
6578
6578
6578
6578
6528
6528
6532
6532
6530
6536
6536
6519
6624
6624
6624
6624
6624
6631
6611
6611
6598
6576
6573
6534
6534
6534
6534
6530
6530
6482
6482
6482
6482
6543
6548
6548
6572
6572
6557
6537
6537
6535
6535
6538
6562
6613
6613
6602
6602
6674
6683
6684
6687
6659
6645
6645
6652
6652
6652
6652
6588
6588
6588
6581
6581
6581
6581
6581
6544
6572
6572
6572
6572
6572
6561
6561
6561
6552
6552
6552
6552
6552
6552
6587
6591
6591
6591
6566
6566
6601
6601
6640
6640
6636
6597
6597
6597
6597
6594
6594
6594
6590
6559
6559
6576
6576
6576
6576
6576
6535
6535
6535
6601
6601
6571
6571
6554
6554
6554
6538
6538
6538
6552
6552
6552
6552
6552
6552
6575
6575
6590
6590
6570
6570
6570
6533
6515
6515
6506
6478
6478
6478
6478
6478
6478
6478
6478
6491
6493
6544
6539
6539
6539
6539
6524
6524
6524
6512
6512
6504
6504
6504
6507
6507
6507
6552
6552
6506
6495
6525
6525
6525
6525
6525
6525
6525
6534
6582
6603
6603
6603
6591
6591
6591
6591
6591
6591
6591
6591
6591
6606
6563
6574
6574
6574
6552
6552
6552
6552
6552
6566
6557
6557
6557
6544
6544
6544
6516
6516
6541
6577
6636
6629
6705
6675
6668
6629
6637
6635
6635
6635
6654
6654
6661
6628
6671
6671
6674
6674
6674
6674
6674
6674
6705
6705
6705
6677
6655
6655
6655
6628
6628
6600
6606
6606
6606
6597
6619
6617
6617
6617
6638
6638
6614
6614
6614
6614
6614
6593
6581
6552
6552
6552
6590
6562
6561
6551
6539
6507
6516
6516
6476
6509
6519
6507
6460
6449
6439
6433
6433
6395
6395
6404
6404
6404
6404
6439
6439
6439
6451
6451
6475
6475
6475
6472
6472
6447
6439
6439
6432
6432
6432
6437
6437
6437
6420
6420
6420
6420
6420
6449
6449
6450
6450
6450
6441
6441
6438
6438
6438
6438
6479
6479
6479
6479
6490
6490
6479
6479
6479
6479
6505
6545
6545
6581
6588
6638
6638
6645
6645
6645
6645
6554
6554
6554
6554
6554
6510
6510
6510
6528
6528
6477
6404
6381
6381
6381
6358
6358
6369
6369
6369
6391
6492
6492
6500
6500
6500
6500
6438
6425
6394
6400
6400
6385
6385
6376
6376
6368
6411
6411
6384
6384
6399
6399
6418
6410
6410
6414
6414
6426
6426
6426
6438
6407
6407
6358
6358
6358
6351
6351
6343
6334
6334
6349
6349
6361
6361
6361
6361
6361
6339
6327
6327
6327
6354
6354
6377
6382
6382
6382
6409
6409
6409
6409
6409
6414
6426
6426
6426
6419
6428
6435
6455
6455
6455
6455
6453
6453
6453
6460
6450
6450
6470
6479
6479
6477
6477
6458
6458
6458
6458
6445
6445
6445
6430
6430
6430
6430
6381
6398
6398
6398
6398
6370
6370
6389
6389
6389
6389
6389
6389
6389
6389
6389
6389
6389
6389
6416
6431
6431
6431
6430
6404
6404
6404
6404
6404
6412
6412
6412
6412
6412
6412
6412
6417
6449
6478
6478
6478
6478
6447
6460
6460
6431
6439
6439
6439
6439
6409
6403
6403
6403
6419
6419
6419
6419
6398
6418
6458
6458
6466
6466
6466
6440
6440
6440
6424
6424
6424
6424
6424
6419
6465
6465
6465
6409
6514
6455
6455
6455
6455
6525
6575
6576
6538
6538
6545
6545
6559
6553
6553
6537
6559
6559
6537
6561
6555
6555
6538
6507
6470
6452
6463
6463
6463
6491
6490
6479
6479
6462
6462
6457
6457
6457
6457
6454
6435
6435
6435
6435
6411
6411
6411
6425
6418
6418
6412
6412
6391
6391
6391
6403
6403
6422
6422
6422
6411
6411
6411
6411
6411
6411
6411
6411
6411
6408
6454
6454
6440
6425
6425
6425
6425
6436
6422
6422
6503
6503
6503
6491
6491
6429
6429
6429
6429
6428
6428
6433
6415
6415
6415
6415
6415
6415
6438
6428
6428
6416
6416
6399
6399
6399
6399
6399
6382
6382
6382
6382
6382
6382
6382
6380
6380
6382
6382
6388
6315
6330
6311
6311
6311
6337
6280
6280
6280
6255
6247
6247
6247
6247
6222
6222
6240
6240
6240
6240
6240
6240
6240
6240
6240
6240
6240
6240
6240
6243
6243
6243
6274
6274
6274
6274
6241
6241
6241
6241
6241
6241
6241
6241
6223
6223
6223
6229
6229
6229
6222
6240
6238
6238
6238
6238
6238
6238
6238
6241
6281
6278
6271
6271
6257
6270
6270
6287
6287
6287
6287
6287
6287
6267
6267
6267
6267
6267
6267
6267
6267
6267
6267
6267
6271
6250
6250
6250
6204
6204
6204
6204
6204
6208
6208
6264
6264
6264
6249
6249
6249
6249
6250
6250
6250
6250
6250
6243
6243
6243
6243
6243
6241
6241
6245
6245
6259
6259
6262
6253
6244
6244
6244
6244
6244
6263
6246
6246
6246
6246
6246
6248
6248
6248
6248
6248
6248
6248
6248
6300
6342
6342
6342
6342
6342
6324
6370
6363
6363
6363
6370
6358
6358
6325
6280
6259
6304
6335
6374
6374
6374
6346
6346
6346
6346
6346
6361
6361
6363
6355
6355
6355
6344
6344
6344
6344
6344
6298
6298
6298
6285
6285
6285
6285
6248
6260
6260
6260
6260
6260
6248
6248
6248
6248
6248
6248
6239
6239
6239
6239
6260
6256
6256
6266
6297
6297
6297
6307
6292
6292
6292
6287
6287
6292
6269
6271
6337
6337
6343
6343
6355
6355
6322
6322
6322
6322
6322
6331
6290
6290
6308
6307
6307
6307
6307
6321
6321
6321
6321
6322
6309
6309
6309
6309
6309
6309
6347
6347
6345
6345
6345
6345
6328
6328
6328
6328
6328
6328
6301
6310
6287
6287
6287
6287
6287
6287
6287
6287
6287
6287
6287
6287
6329
6343
6343
6343
6343
6343
6337
6337
6337
6332
6332
6332
6332
6332
6332
6332
6384
6384
6384
6384
6384
6348
6348
6348
6348
6312
6312
6284
6284
6284
6284
6290
6290
6290
6302
6287
6287
6287
6287
6287
6283
6283
6283
6283
6283
6283
6278
6278
6278
6278
6278
6278
6278
6278
6278
6278
6260
6260
6260
6267
6267
6267
6236
6236
6225
6225
6225
6225
6225
6225
6225
6225
6225
6225
6225
6225
6225
6225
6225
6225
6225
6225
6225
6225
6225
6225
6225
6225
6225
6225
6225
6225
6225
6225
6225
6225
6265
6265
6265
6265
6265
6265
6265
6265
6265
6259
6259
6259
6259
6259
6259
6249
6249
6249
6249
6249
6247
6247
6247
6249
6249
6249
6249
6261
6261
6255
6255
6262
6262
6262
6262
6262
6262
6271
6271
6271
6271
6265
6265
6265
6265
6265
6265
6265
6265
6264
6264
6264
6264
6264
6264
6264
6264
6270
6270
6254
6254
6254
6254
6254
6254
6254
6250
6250
6250
6268
6268
6250
6250
6250
6241
6241
6241
6241
6241
6241
6254
6228
6228
6228
6208
6208
6223
6223
6223
6223
6208
6208
6208
6219
6219
6219
6219
6219
6219
6208
6208
6208
6208
6208
6208
6207
6196
6205
6205
6205
6205
6205
6205
6226
6226
6226
6210
6210
6210
6218
6218
6218
6218
6218
6218
6218
6218
6218
6218
6218
6218
6218
6206
6206
6206
6206
6206
6206
6206
6206
6206
6206
6206
6206
6208
6242
6242
6242
6242
6242
6240
6240
6240
6240
6240
6240
6240
6240
6240
6240
6240
6233
6233
6233
6233
6233
6233
6233
6231
6231
6231
6231
6231
6231
6231
6231
6231
6231
6236
6236
6236
6236
6236
6258
6258
6233
6164
6164
6164
6176
6176
6176
6176
6176
6168
6168
6168
6168
6168
6161
6161
6158
6158
6158
6158
6158
6158
6158
6158
6158
6158
6158
6158
6158
6158
6158
6158
6158
6158
6158
6163
6163
6152
6152
6150
6150
6150
6150
6153
6153
6153
6164
6164
6164
6159
6159
6159
6159
6159
6159
6138
6138
6128
6128
6128
6128
6128
6128
6140
6140
6140
6140
6140
6149
6149
6149
6133
6133
6133
6133
6133
6133
6133
6133
6133
6133
6133
6133
6133
6133
6133
6133
6133
6133
6133
6133
6133
6133
6133
6133
6133
6133
6133
6168
6168
6141
6141
6141
6156
6156
6156
6156
6156
6156
6141
6141
6141
6153
6153
6153
6153
6153
6153
6153
6153
6153
6153
6152
6152
6152
6152
6152
6152
6152
6152
6152
6152
6152
6152
6152
6156
6156
6156
6156
6156
6156
6156
6152
6152
6152
6152
6152
6152
6152
6152
6152
6152
6152
6152
6152
6148
6148
6148
6148
6109
6140
6140
6140
6140
6148
6148
6148
6162
6129
6129
6129
6129
6129
6129
6124
6124
6124
6124
6124
6124
6124
6124
6124
6124
6127
6127
6127
6127
6127
6127
6127
6127
6127
6127
6127
6127
6127
6127
6127
6127
6127
6127
6127
6127
6127
6132
6132
6132
6132
6132
6132
6132
6132
6132
6132
6132
6132
6132
6132
6132
6132
6132
6132
6132
6132
6132
6123
6128
6111
6127
6111
6111
6111
6111
6111
6122
6122
6137
6137
6137
6137
6137
6137
6137
6137
6137
6137
6137
6137
6137
6137
6137
6137
6137
6137
6137
6154
6154
6154
6154
6154
6154
6154
6154
6154
6154
6154
6154
6154
6154
6158
6158
6158
6154
6154
6154
6154
6154
6138
6138
6125
6125
6125
6118
6118
6118
6118
6118
6118
6118
6118
6114
6114
6114
6082
6082
6082
6082
6082
6082
6082
6082
6082
6082
6082
6082
6082
6082
6082
6082
6082
6082
6082
6094
6094
6094
6094
6094
6094
6077
6077
6077
6077
6077
6077
6077
6077
6077
6077
6077
6077
6077
6077
6077
6079
6079
6079
6079
6079
6079
6079
6079
6079
6079
6079
6079
6079
6079
6079
6079
6079
6079
6079
6079
6085
6085
6085
6085
6085
6085
6085
6085
6085
6074
6074
6074
6074
6074
6074
6074
6074
6074
6074
6074
6074
6089
6089
6089
6089
6082
6082
6082
6082
6082
6082
6082
6082
6082
6082
6082
6082
6082
6082
6082
6082
6097
6097
6097
6097
6095
6120
6120
6120
6120
6120
6120
6082
6082
6082
6082
6082
6082
6082
6082
6082
6082
6082
6082
6084
6081
6081
6081
6081
6087
6087
6087
6087
6079
6079
6079
6079
6079
6079
6079
6079
6079
6079
6079
6079
6079
6079
6079
6079
6079
6079
6079
6079
6079
6079
6079
6079
6079
6079
6079
6081
6081
6081
6081
6081
6073
6073
6073
6073
6077
6077
6077
6077
6073
6073
6073
6055
6055
6055
6055
6051
6054
6054
6054
6054
6054
6050
6046
6046
6046
6054
6061
6055
6055
6055
6080
6080
6080
6060
6060
6060
6060
6072
6072
6072
6072
6072
6072
6071
6071
6071
6071
6071
6071
6071
6071
6065
6065
6065
6065
6065
6065
6065
6065
6065
6065
6065
6065
6065
6051
6051
6051
6051
6051
6051
6051
6051
6051
6051
6051
6051
6051
6051
6051
6051
6049
6060
6060
6060
6060
6060
6060
6060
6060
6060
6060
6060
6060
6060
6060
6060
6060
6060
6060
6060
6060
6060
6060
6060
6060
6060
6053
6053
6053
6053
6053
6053
6053
6056
6049
6049
6056
6061
6060
6060
6060
6060
6056
6056
6056
6056
6056
6056
6056
6056
6056
6056
6056
6056
6056
6044
6044
6044
6044
6044
6044
6044
6044
6044
6044
6044
6044
6044
6044
6044
6044
6044
6044
6044
6044
6044
6044
6044
6044
6044
6044
6044
6044
6044
6044
6044
6044
6044
6044
6044
6044
6044
6044
6044
6044
6044
6044
6044
6043
6043
6043
6043
6043
6043
6043
6043
6076
6074
6074
6074
6074
6074
6073
6073
6073
6073
6073
6073
6073
6073
6073
6076
6076
6076
6076
6076
6076
6076
6076
6076
6076
6076
6066
6066
6066
6066
6066
6066
6066
6066
6066
6066
6066
6066
6074
6074
6075
6075
6075
6075
6075
6075
6075
6075
6075
6063
6063
6063
6063
6063
6063
6063
6063
6063
6063
6063
6063
6063
6063
6063
6063
6063
6063
6063
6063
6063
6063
6063
6063
6063
6063
6063
6063
6063
6063
6063
6063
6063
6063
6063
6063
6063
6063
6063
6063
6063
6063
6063
6063
6063
6063
6063
6063
6063
6063
6063
6063
6063
6063
6063
6063
6063
6063
6063
6063
6063
6063
6063
6063
6063
6063
6063
6063
6072
6072
6072
6072
6072
6072
6072
6063
6063
6063
6063
6063
6063
6063
6063
6063
6063
6063
6063
6063
6063
6063
6063
6063
6063
6063
6063
6063
6063
6063
6063
6064
6064
6064
6064
6064
6064
6064
6064
6064
6064
6064
6064
6064
6064
6064
6064
6064
6064
6064
6064
6064
6064
6064
6064
6064
6064
6064
6064
6064
6064
6057
6057
6057
6042
6042
6042
6042
6042
6042
6042
6042
6042
6042
6042
6060
6060
6060
6060
6060
6060
6060
6060
6060
6060
6051
6051
6051
6051
6051
6051
6059
6053
6053
6058
6058
6058
6058
6053
6053
6053
6053
6053
6053
6031
6031
6031
6016
6016
6016
6016
6016
6016
6016
6016
6016
6016
6016
6016
6016
6016
6016
6016
6016
6016
6016
6016
6016
6016
6016
6016
6016
6016
6016
6016
6016
6016
6016
6016
6016
6016
6020
6020
6020
6020
6020
6020
6020
6020
6020
6020
6020
6020
6020
6020
6020
6020
6037
6037
6037
6037
6037
6017
6017
6017
6017
6017
6017
6017
6017
6017
6017
6017
6017
6017
6017
6017
6017
6017
6017
6017
6017
6017
6017
6017
6017
6015
6015
6015
6015
6015
6015
6015
6015
6015
6015
6015
6015
6015
6015
6015
6015
6015
6015
6015
6015
6015
6015
6015
6015
6015
6015
6015
6015
6015
6015
6015
6015
6015
6015
6015
6015
6015
6015
6015
6015
6015
6015
6015
6015
6015
6015
6015
6015
6015
6015
6015
6015
6015
6015
6015
6015
6015
6015
6015
6015
6015
6015
6015
6015
6015
6015
6015
6011
6011
6011
6011
6011
6011
6011
6007
6007
6007
6007
6007
6007
6007
6007
6007
6007
6007
6007
6007
6007
6007
6014
6014
6014
6014
6014
6014
6014
6007
6007
6007
6007
6007
6007
6007
6007
6023
6023
6023
6023
6023
6023
6023
6023
6023
6023
6023
6023
6023
6023
6023
6023
6023
6023
6023
6023
6023
6023
6023
6023
6023
6023
6023
6023
6023
6023
6023
6023
6023
6023
6023
6023
6023
6023
6023
6023
6023
6023
6023
6023
6023
6032
6032
6036
6036
6036
6036
6036
6036
6036
6036
6035
6035
6035
6035
6035
6035
6035
6035
6035
6035
6035
6035
6035
6035
6035
6035
6035
6035
6035
6029
6029
6029
6029
6029
6029
6029
6029
6029
6029
6031
6031
6031
6031
6031
6031
6031
6031
6028
6028
6028
6028
6028
6028
6028
6028
6028
6030
6030
6030
6030
6030
6030
6030
6030
6030
6030
6031
6031
6031
6030
6030
6030
6030
6030
6030
6030
6030
6030
6030
6030
6030
6030
6030
6030
6032
6032
6032
6032
6032
6032
6032
6032
6032
6032
6032
6032
6032
6032
6032
6032
6032
6032
6032
6032
6032
6030
6030
6030
6030
6030
6030
6030
6030
6030
6030
6031
6031
6031
6031
6031
6031
6031
6031
6031
6031
6031
6031
6031
6031
6031
6031
6031
6031
6031
6031
6031
6031
6031
6031
6031
6031
6031
6031
6031
6031
6031
6031
6031
6031
6031
6031
6031
6031
6031
6031
6031
6031
6031
6031
6031
6031
6030
6030
6030
6030
6030
6030
6030
6030
6030
6030
6030
6030
6030
6030
6030
6030
6030
6030
6030
6030
6030
6030
6030
6030
6030
6030
6030
6030
6030
6030
6030
6030
6030
6030
6030
6030
6030
6030
6030
6030
6030
6030
6030
6030
6030
6030
6030
6030
6030
6030
6030
6030
6030
6030
6030
6030
6030
6030
6030
6030
6030
6030
6030
6030
6030
6030
6030
6030
6030
6030
6030
6030
6030
6030
6030
6030
6030
6030
6032
6032
6032
6032
6032
6032
6032
6032
6032
6032
6032
6032
6032
6032
6032
6032
6032
6032
6032
6032
6032
6032
6032
6032
6032
6032
6032
6032
6032
6032
6032
6032
6032
6032
6032
6032
6032
6032
6032
6032
6032
6032
6032
6032
6032
6032
6032
6032
6032
6032
6032
6032
6032
6032
6032
6032
6032
6032
6032
6032
6032
6032
6032
6032
6032
6032
6032
6032
6032
6032
6032
6032
6032
6032
6032
6032
6032
6032
6032
6032
6032
6032
6032
6032
6032
6032
6032
6032
6032
6032
6032
6032
6032
6032
6032
6032
6032
6032
6032
6032
6032
6032
6032
6032
6032
6032
6032
6032
6032
6032
6032
6032
6032
6032
6032
6032
6032
6032
6032
6032
6032
6032
6032
6032
6032
6032
6032
6032
6032
6032
6032
6032
6032
6032
6032
6032
6032
6032
6032
6032
6032
6032
6032
6032
6030
6030
6030
6030
6030
6030
6030
6030
6030
6030
6030
6030
6030
6030
6030
6030
6030
6033
6033
6033
6033
6033
6028
6028
6028
6028
6028
6028
6028
6028
6028
6028
6028
6028
6028
6028
6028
6028
6028
6028
6028
6028
6028
6028
6028
6028
6028
6028
6028
6028
6028
6029
6029
6029
6029
6029
6029
6029
6029
6029
6029
6031
6031
6031
6036
6036
6036
6036
6036
6036
6036
6036
6036
6036
6036
6036
6036
6036
6036
6036
6035
6035
6035
6035
6035
6035
6035
6035
6035
6035
6035
6031
6031
6031
6031
6031
6031
6031
6031
6031
6031
6031
6031
6031
6031
6031
6031
6031
6031
6031
6031
6031
6031
6031
6031
6031
6031
6031
6031
6031
6031
6031
6031
6031
6031
6031
6032
6032
6032
6032
6031
6031
6031
6031
6031
6031
6031
6031
6031
6031
6031
6031
6031
6031
6031
6031
6031
6031
6031
6031
6031
6031
6031
6031
6031
6031
6031
6031
6031
6031
6031
6031
6031
6031
6031
6031
6031
6031
6031
6031
6031
6031
6031
6031
6031
6031
6031
6031
6031
6031
6031
6031
6031
6031
6031
6031
6031
6031
6031
6031
6031
6031
6031
6031
6031
6031
6031
6031
6031
6031
6031
6031
6031
6031
6031
6031
6031
6031
6031
6031
6031
6031
6031
6031
6031
6031
6031
6031
6031
6031
6031
6031
6031
6031
6031
6031
6031
6031
6031
6031
6031
6031
6031
6031
6031
6031
6031
6031
6031
6031
6031
6031
6031
6031
6031
6031
6031
6031
6031
6031
6031
6031
6031
6031
6031
6031
6031
6031
6031
6031
6031
6031
6031
6031
6031
6031
6031
6031
6031
6031
6031
6031
6031
6031
6031
6031
6031
6031
6031
6031
6031
6031
6031
6031
6031
6031
6031
6031
6031
6031
6031
6031
6031
6031
6031
6031
6031
6031
6031
6031
6031
6031
6031
6031
6031
6031
6031
6031
6031
6031
6031
6031
6031
6031
6031
6031
6031
6031
6031
6031
6009
6009
6009
6009
6009
6009
6009
6009
6009
6009
6009
6009
6009
6009
6009
6009
6009
6009
6009
6009
6009
6009
6009
6009
6009
6009
6009
6009
6009
6009
6009
6009
6009
6009
6009
6009
6009
6009
6009
6009
6009
6009
6009
6009
6009
6009
6009
6009
6009
6009
6009
6009
6009
6009
6009
6009
6009
6009
6009
6009
6009
6009
6009
6009
6009
6009
6009
6009
6009
6009
6009
6009
6009
6009
6009
6009
6009
6009
6009
6009
6009
6009
6009
6009
6009
6009
6009
6009
6009
6009
6009
6009
6009
6009
6009
6009
6009
6009
6009
6009
6009
6009
6009
6009
6009
6009
6009
6009
6009
6009
6009
6009
6009
6009
6009
6009
6009
6009
6009
6009
6009
6009
6009
6009
6009
6009
6009
6009
6009
6009
6009
6009
6009
6009
6009
6009
6009
6009
6009
6009
6009
6009
6009
6009
6009
6009
6009
6009
6009
6009
6009
6009
6009
6009
6009
6009
6009
6009
6009
6009
6009
6009
6009
6009
6009
6009
6011
6011
6006
6006
6006
6006
6006
6006
6006
6006
6006
6006
6006
6006
6006
6006
6006
6006
6006
6006
6006
6006
6006
6004
6004
6004
6004
6004
6004
6004
6004
6004
6004
6004
6004
6004
6004
6004
6004
6004
6004
6004
6004
6004
6004
6004
6004
6004
6004
6004
6004
6004
6004
6004
6004
6004
6004
6004
6004
6004
6004
6004
6004
6004
6004
6004
6004
6004
6004
6004
6004
6004
6004
6004
6004
6004
6004
6004
6004
6004
6004
6004
6004
6004
6004
6004
6004
6004
6004
6004
6004
6003
6003
6003
6003
6003
6003
6003
6003
6003
6003
6003
6003
6003
6003
6003
6003
6003
6003
6003
6003
6003
6003
6003
6003
6003
6003
6003
6003
6003
6003
6003
6003
6003
6003
6003
6003
6003
6003
6003
6003
6003
6003
6005
6005
6005
6005
6005
6005
6005
6005
6005
6005
6005
6005
6005
6005
6005
6005
6005
6005
6005
6005
6005
6005
6005
6005
6005
6005
6005
6005
6005
6005
6005
6005
6005
6005
6005
6005
6005
6005
6005
6005
6005
6005
6005
6005
6005
6005
6005
6005
6005
6005
6005
6005
6005
6005
6005
6005
6010
6010
6010
6010
6010
6010
6010
6010
6010
6010
6003
6003
6003
6003
6003
6003
6003
6003
6003
6003
6003
6003
6002
6002
6002
6002
6002
6002
6002
6002
6002
6002
6002
6002
6002
6002
6002
6002
6002
6002
6002
6002
6002
6002
6002
6002
6002
6002
6002
5999
5999
5999
5999
5999
5999
5999
5999
5999
5999
5999
5999
5999
5999
5999
5999
5999
5999
5999
5999
5999
5999
5999
5999
5999
5999
5999
5999
5999
5999
5999
5999
5999
5999
5999
5999
5999
5999
5999
5999
5999
5999
5999
5999
5999
5999
5999
5999
5999
5999
5999
5999
5999
5999
5999
5999
5999
5999
5999
5999
5999
5999
5999
5999
5999
5999
5999
5999
5999
5999
5999
5999
5999
5999
5999
5999
5999
5999
5999
5999
5999
5999
5999
5999
5999
5999
5999
5999
5999
5999
5999
5999
5999
5999
5999
5999
5999
5999
5999
5999
5999
5999
5999
5999
5999
5999
5999
5999
5999
5999
5999
5996
5996
5996
5996
5996
5996
5996
5996
5996
5996
5996
5996
5996
5996
5996
5996
5996
5996
5996
5996
5997
5997
5997
5997
5997
5997
5997
5997
5997
5997
5997
5997
5997
5997
5997
5997
5997
5997
5996
5996
5996
5996
5996
5996
5996
5996
5996
5996
5996
5996
5996
5996
5996
5996
5996
5996
5996
5996
5996
5996
5996
5996
5996
5996
5996
5996
5996
5996
5996
5996
5996
5996
5996
5996
5996
5996
5996
5996
5996
5996
5996
5996
5997
5997
5997
5997
5997
5997
5997
5998
5998
5998
5998
5998
5998
5998
5998
5998
5998
5998
5998
5998
5998
5998
5998
5998
5998
5998
5998
5998
5998
5998
5998
5998
5998
5998
5998
5998
5998
5998
5997
5997
5997
5997
5997
5997
5997
5997
5997
5997
5997
5997
5997
5997
5997
5997
5997
5997
5997
5997
5997
5997
5997
5997
5997
5997
5997
5997
5997
5997
5997
5997
5997
5997
5997
5997
5997
5997
5997
5997
5997
5997
5997
5997
5997
5997
5997
5994
5994
5994
5994
5994
5994
5994
5994
5994
5994
5994
5994
5994
5994
5994
5994
5994
5994
5994
5994
5994
5994
5994
5994
5994
5994
5994
5994
5994
5994
5994
5994
5994
5994
5994
5994
5994
5969
5969
5969
5969
5969
5969
5969
5969
5969
5969
5969
5969
5969
5969
5969
5969
5969
5969
5969
5969
5969
5969
5969
5969
5969
5969
5969
5969
5969
5969
5969
5969
5969
5969
5969
5969
5969
5969
5969
5969
5969
5973
5973
5973
5973
5973
5973
5973
5973
5973
5973
5973
5973
5973
5967
5967
5967
5967
5967
5967
5967
5967
5967
5967
5967
5967
5967
5967
5967
5967
5967
5967
5967
5967
5967
5967
5967
5967
5967
5967
5967
5967
5967
5967
5967
5967
5967
5967
5967
5967
5967
5967
5967
5967
5967
5967
5967
5967
5967
5967
5967
5967
5967
5967
5967
5967
5967
5967
5967
5967
5967
5967
5967
5967
5967
5967
5967
5967
5967
5960
5960
5960
5960
5960
5960
5960
5960
5960
5960
5960
5960
5960
5953
5953
5953
5953
5953
5953
5953
5953
5953
5953
5953
5953
5953
5953
5953
5953
5953
5953
5953
5953
5953
5953
5953
5953
5953
5953
5953
5953
5953
5953
5953
5953
5953
5953
5953
5953
5953
5953
5953
5953
5953
5953
5953
5953
5953
5953
5953
5953
5953
5953
5953
5953
5953
5953
5953
5953
5953
5953
5953
5953
5953
5953
5953
5953
5944
5944
5944
5944
5944
5944
5944
5944
5944
5944
5944
5944
5944
5944
5944
5944
5944
5944
5944
5944
5944
5943
5943
5943
5943
5943
5943
5943
5943
5943
5943
5943
5943
5943
5943
5943
5943
5943
5943
5945
5945
5945
5945
5945
5945
5945
5945
5945
5945
5945
5945
5945
5945
5945
5945
5945
5945
5945
5945
5945
5945
5945
5945
5945
5945
5945
5945
5945
5945
5945
5945
5945
5945
5943
5943
5943
5943
5943
5943
5943
5943
5943
5943
5943
5943
5943
5943
5943
5943
5943
5943
5943
5943
5943
5943
5943
5943
5943
5943
5943
5943
5943
5943
5943
5943
5943
5933
5933
5933
5933
5933
5933
5933
5933
5933
5933
5933
5933
5933
5933
5933
5933
5933
5933
5933
5933
5933
5926
5926
5926
5926
5926
5926
5926
5923
5923
5923
5923
5923
5923
5923
5923
5923
5923
5923
5923
5923
5923
5923
5923
5923
5923
5923
5923
5923
5923
5923
5923
5923
5923
5923
5923
5923
5923
5923
5923
5923
5923
5923
5923
5923
5923
5923
5923
5923
5923
5923
5923
5923
5923
5923
5923
5923
5923
5923
5923
5923
5925
5925
5925
5925
5925
5925
5925
5925
5925
5925
5925
5925
5925
5925
5925
5925
5925
5925
5925
5925
5925
5925
5925
5925
5925
5925
5925
5925
5925
5925
5925
5925
5925
5925
5925
5925
5925
5925
5925
5925
5925
5925
5925
5925
5925
5925
5925
5925
5925
5925
5925
5925
5925
5925
5925
5925
5925
5925
5925
5925
5925
5925
5925
5925
5925
5925
5925
5925
5925
5925
5925
5925
5925
5925
5925
5925
5925
5925
5925
5925
5925
5925
5925
5925
5925
5925
5925
5925
5925
5925
5925
5925
5925
5925
5925
5925
5925
5925
5925
5925
5925
5925
5925
5925
5923
5923
5923
5925
5925
5925
5925
5925
5925
5925
5925
5925
5925
5925
5925
5925
5925
5925
5925
5925
5925
5925
5925
5925
5925
5925
5925
5925
5925
5925
5925
5925
5925
5925
5925
5925
5925
5925
5925
5925
5925
5925
5925
5925
5925
5925
5925
5925
5925
5925
5925
5925
5925
5925
5925
5925
5925
5925
5925
5925
5925
5925
5925
5925
5925
5925
5925
5925
5925
5925
5925
5925
5925
5925
5925
5925
5925
5925
5925
5925
5925
5922
5922
5922
5922
5922
5922
5922
5922
5922
5922
5922
5922
5922
5922
5922
5922
5922
5922
5922
5922
5922
5922
5922
5922
5922
5922
5922
5922
5922
5922
5922
5922
5922
5922
5922
5922
5922
5922
5922
5922
5922
5922
5922
5922
5922
5922
5914
5914
5914
5914
5914
5914
5914
5914
5914
5914
5914
5914
5914
5914
5914
5914
5914
5914
5914
5914
5914
5914
5914
5914
5914
5914
5914
5914
5914
5914
5914
5914
5914
5914
5914
5914
5914
5914
5914
5914
5914
5914
5914
5914
5914
5914
5914
5914
5914
5914
5914
5914
5915
5915
5915
5915
5915
5914
5914
5914
5914
5914
5914
5919
5919
5919
5919
5919
5919
5919
5919
5919
5919
5919
5919
5919
5919
5919
5919
5919
5919
5919
5919
5919
5919
5919
5919
5919
5919
5919
5919
5919
5919
5919
5919
5919
5919
5919
5919
5919
5919
5919
5919
5919
5919
5919
5919
5919
5919
5919
5919
5919
5919
5919
5919
5919
5919
5919
5919
5919
5919
5919
5919
5919
5919
5919
5919
5919
5919
5919
5919
5919
5919
5919
5919
5919
5919
5919
5919
5919
5919
5919
5919
5919
5919
5919
5919
5919
5919
5919
5919
5919
5919
5919
5919
5919
5919
5919
5919
5919
5919
5919
5919
5919
5919
5919
5919
5924
5924
5924
5924
5924
5924
5924
5924
5924
5924
5924
5924
5924
5924
5924
5924
5924
5924
5924
5924
5924
5924
5924
5919
5919
5919
5919
5919
5927
5927
5927
5927
5927
5927
5927
5927
5927
5927
5927
5927
5927
5927
5927
5927
5927
5927
5927
5919
5919
5919
5919
5919
5919
5919
5919
5919
5919
5919
5919
5919
5919
5919
5919
5919
5919
5919
5919
5915
5915
5915
5915
5915
5915
5915
5915
5915
5915
5915
5915
5915
5915
5915
5915
5915
5915
5915
5915
5915
5915
5915
5915
5915
5915
5915
5915
5915
5915
5915
5915
5915
5915
5915
5915
5915
5915
5915
5915
5915
5915
5915
5915
5915
5915
5915
5915
5915
5915
5915
5915
5915
5915
5915
5915
5915
5915
5915
5915
5915
5915
5915
5915
5915
5915
5915
5915
5915
5915
5915
5915
5915
5915
5915
5915
5915
5915
5915
5915
5915
5915
5915
5915
5915
5915
5915
5915
5915
5915
5915
5915
5915
5915
5915
5915
5915
5915
5915
5915
5915
5915
5915
5915
5915
5915
5916
5916
5916
5916
5916
5916
5916
5916
5916
5916
5920
5920
5920
5920
5920
5920
5920
5920
5920
5920
5920
5920
5920
5920
5920
5920
5920
5920
5920
5920
5920
5920
5916
5916
5916
5916
5915
5915
5915
5915
5915
5915
5915
5915
5915
5915
5915
5915
5915
5915
5915
5915
5915
5915
5919
5919
5924
5924
5924
5924
5924
5924
5924
5924
5924
5924
5924
5924
5924
5924
5924
5924
5924
5924
5919
5919
5919
5919
5919
5919
5919
5919
5919
5919
5919
5919
5919
5919
5919
5919
5919
5919
5919
5919
5919
5919
5919
5919
5919
5919
5919
5919
5919
5919
5919
5919
5919
5919
5919
5919
5919
5919
5919
5919
5919
5919
5919
5919
5919
5919
5919
5919
