6883
6872
6945
6963
6963
6946
6977
6939
6954
6903
6805
6817
6806
6723
6752
6833
6850
6835
6930
6934
6872
6872
6907
6968
6931
6931
6871
6891
6826
6848
6859
6859
6824
6881
6857
6820
6854
6806
6817
6838
6897
6971
6954
7005
7046
7080
6985
6985
7045
7026
6978
7085
7085
7065
6993
7028
7028
7028
7012
6983
6984
6973
6973
6958
6958
6961
6931
6906
7019
6941
6941
6941
6918
6931
6951
6936
7003
7015
7025
7009
7019
7127
7161
7201
7208
7072
7129
7108
7104
7104
7158
7158
7047
7031
6976
6923
6977
6981
7087
7094
7045
7042
6983
6943
6983
6983
6983
6971
6939
6936
6958
6994
6956
6941
6981
6977
6977
6977
6975
7010
6931
6995
7046
7123
7139
7158
7173
7175
7227
7166
7157
7191
7154
7154
7129
7154
7075
7075
7063
7044
7044
7044
6974
6883
6834
6881
6902
6909
6909
6879
6811
6846
6892
6848
6858
6830
6873
6873
6887
6893
6956
6931
7008
6983
6988
6956
7056
7056
7106
7043
7006
7006
6970
7043
7074
6953
6953
6834
6853
6853
6832
6832
6831
6848
6848
6838
6838
6869
6833
6797
6771
6839
6813
6789
6740
6694
6768
6792
6876
6803
6865
6861
6861
6861
6927
6927
6915
6871
6832
6832
6774
6765
6775
6808
6856
6839
6904
6896
6867
6817
6816
6732
6684
6738
6717
6676
6703
6717
6724
6748
6748
6786
6788
6801
6819
6906
6860
6845
6866
6866
6925
6938
6980
7035
7038
7015
6956
6937
6924
6940
6980
6980
6913
6909
6840
6887
6805
6828
6848
6852
6848
6831
6771
6806
6815
6813
6813
6929
6917
6965
6954
6954
6983
6962
6976
7048
6971
7010
6998
6998
7041
7030
7030
7030
6995
6932
6935
6960
6918
6801
6840
6840
6840
6850
6858
6857
6858
6798
6862
6837
6885
6885
6885
6926
6917
6981
6947
6947
6940
6848
6836
6836
6841
6714
6682
6682
6742
6839
6868
6764
6817
6825
6832
6814
6937
6941
6928
6971
6971
7011
6995
7069
6976
6976
6927
6859
6863
6875
6856
6837
6747
6775
6807
6855
6857
6859
6898
6937
6941
6977
6923
6923
6962
7025
6930
6977
6856
6821
6883
6883
6907
6853
6853
6793
6882
6882
6882
6900
6841
6857
6865
6865
6918
6961
6987
6987
6999
6983
7029
7024
7049
7085
7025
7053
7059
7116
7103
7087
7025
6998
7003
6998
7024
7004
7016
7016
7043
6988
7068
7020
7020
7007
7007
6973
6973
7001
6967
6943
7028
7028
7039
7039
7039
7097
7022
7022
7005
6961
6963
6963
7037
7002
7056
7037
6938
6938
6938
7013
7013
6892
7013
7013
6958
7019
6995
6882
6896
6905
6913
6972
7044
7031
7100
7041
7079
7079
7007
6957
6954
7043
7043
6993
6993
6997
6924
6924
6885
6871
6894
6894
6938
6878
6878
6837
6866
6897
6897
6897
6937
6992
6992
6893
7000
6941
6994
6969
6890
7000
6906
6906
6892
6866
6809
6809
6809
6809
6815
6925
6996
6962
6962
7011
7011
7056
7090
7090
6974
7083
7052
7041
7008
6960
6960
6972
7030
7061
7074
7073
7068
7060
7183
7206
7237
7260
7275
7291
7278
7290
7300
7300
7317
7338
7338
7362
7250
7285
7185
7172
7061
7061
6991
7020
6948
6981
6946
6861
6866
6874
6886
6878
6813
6813
6851
6897
6900
6889
6861
6896
6896
6829
6899
6895
6895
6939
6938
6935
6888
6882
6898
6861
6861
6932
6950
6963
6993
6942
6956
7010
6953
6984
6979
7010
7097
7056
7073
7099
7017
6923
7012
7012
7027
7027
7020
6999
7043
7081
7081
7090
7090
7090
7095
7095
7085
7128
7099
7001
7027
7006
7006
7009
7061
6962
6947
6999
6985
6915
6979
6983
6983
7029
7029
6999
7079
7043
7043
7105
7105
7105
7105
7094
7066
7069
7069
7069
7095
7095
7112
7112
7064
7064
7081
7081
7081
7145
7142
7142
7163
7153
7082
7051
7016
6980
7012
7059
7068
7068
7062
7062
7093
7052
7052
7040
7127
7129
7064
7123
7096
7133
7133
7124
7155
7164
7050
7050
7012
7046
7022
7025
6950
6950
7009
6974
7048
7061
7087
6983
7011
6978
7066
6997
7002
7002
7004
6991
7018
6986
6946
6954
6970
6866
6845
6761
6762
6802
6880
6844
6793
6793
6829
6831
6805
6805
6875
6883
6883
6892
6897
6897
6787
6916
6916
6892
6873
6898
6916
6844
6879
6879
6879
6885
6885
6912
6871
6871
6926
6929
6895
6892
6918
7013
6992
6992
6963
6920
6895
7001
7001
7074
7096
7107
7107
7133
7059
7050
6993
6946
6992
6992
6979
6973
6936
6966
6920
7022
7022
7022
7025
6934
6883
6883
6849
6864
6930
6921
7018
6935
6915
6948
6930
6975
6922
6910
6821
6753
6764
6784
6805
6747
6754
6754
6786
6786
6736
6763
6773
6776
6777
6870
6857
6887
6887
6931
6860
6860
6812
6806
6786
6769
6842
6787
6772
6702
6702
6646
6620
6666
6705
6720
6767
6660
6652
6673
6636
6678
6689
6711
6711
6711
6711
6704
6803
6802
6802
6837
6878
6843
6794
6736
6731
6731
6649
6755
6757
6784
6784
6723
6734
6734
6708
6701
6616
6658
6642
6642
6666
6666
6679
6752
6697
6755
6834
6896
6896
6866
6893
6886
6790
6811
6837
6806
6827
6911
6911
6973
6993
6999
7022
6921
6821
6798
6798
6774
6774
6782
6780
6805
6815
6789
6771
6753
6767
6767
6767
6781
6818
6819
6851
6969
6950
6940
6833
6886
6953
6953
6909
6909
6903
6903
6879
6879
6881
6826
6873
6912
6991
6939
6939
6972
6938
7012
6974
7055
7128
7086
7070
7076
7076
7035
7033
7021
7013
7028
7015
6965
6939
6977
6958
6895
6895
6895
6892
6884
6878
6843
6855
6935
6952
6994
6977
6877
6867
6853
6882
6840
6845
6868
6861
6861
6850
6835
6806
6800
6768
6768
6766
6823
6823
6870
6856
6784
6786
6799
6846
6866
6875
6874
6841
6887
6957
6958
6950
6979
6979
6994
6979
7054
7054
7039
7119
7090
7077
7048
7065
7028
7028
7051
6973
6878
6878
6878
6919
6903
6957
7036
7056
7007
6944
6944
6935
6994
6994
7007
6979
6969
6966
6946
6965
6943
6978
6939
6964
6954
6883
6875
6901
6895
6888
6918
6872
6844
6841
6841
6854
6854
6887
6887
6850
6850
6753
6753
6836
6901
6901
6901
6828
6847
6847
6847
6868
6906
6923
6890
6947
6942
6942
6933
6976
6983
7056
7108
7070
7019
7019
6985
7012
6958
6966
6973
6882
6815
6805
6805
6836
6854
6854
6854
6784
6818
6805
6761
6839
6851
6851
6851
6845
6843
6863
6863
6884
6884
6827
6852
6780
6780
6777
6751
6718
6718
6724
6741
6752
6733
6733
6733
6716
6650
6650
6561
6674
6650
6657
6690
6651
6675
6687
6694
6694
6720
6720
6761
6814
6873
6907
6907
6998
6943
6943
6911
6951
6990
7011
7011
6920
6978
6978
6993
6993
6973
6975
6974
6920
6911
6911
6860
6962
6871
6907
6891
6832
6789
6738
6794
6853
6774
6725
6757
6758
6749
6691
6713
6713
6758
6758
6723
6741
6758
6685
6700
6645
6611
6622
6630
6591
6587
6579
6686
6653
6664
6595
6655
6645
6704
6689
6744
6672
6659
6727
6727
6727
6681
6610
6617
6666
6688
6752
6728
6758
6685
6676
6710
6710
6813
6834
6766
6811
6796
6809
6805
6838
6869
6849
6829
6862
6828
6900
6891
6939
6961
6965
6959
6959
6878
6789
6739
6715
6673
6752
6728
6767
6726
6808
6808
6808
6795
6886
6841
6859
6833
6845
6885
6885
6893
6903
6903
6933
6910
6855
6828
6828
6816
6824
6890
6840
6837
6804
6804
6787
6783
6759
6759
6818
6818
6818
6758
6744
6723
6723
6851
6920
6934
6955
6915
6920
6988
6950
6899
6858
6829
6829
6829
6888
6888
6885
6878
6883
6868
6943
6894
6829
6842
6802
6890
6847
6900
6858
6858
6887
6875
6957
6956
6956
6929
6913
6974
6944
6944
6944
6863
6886
6888
6915
6947
6956
6899
6899
6906
6902
6893
6878
6879
6847
6872
6887
6860
6870
6834
6794
6787
6801
6750
6750
6800
6800
6792
6792
6769
6834
6822
6745
6610
6594
6594
6594
6584
6571
6515
6515
6556
6556
6642
6647
6581
6581
6631
6678
6697
6681
6728
6698
6622
6639
6629
6600
6576
6563
6543
6548
6507
6551
6523
6543
6644
6650
6695
6696
6701
6711
6722
6701
6705
6671
6596
6598
6598
6587
6659
6662
6629
6632
6699
6692
6721
6741
6726
6724
6733
6666
6666
6628
6575
6626
6622
6675
6614
6697
6658
6658
6658
6658
6655
6626
6632
6603
6581
6617
6648
6680
6708
6721
6683
6715
6723
6723
6731
6731
6818
6765
6730
6730
6732
6672
6697
6697
6651
6651
6651
6668
6624
6624
6625
6598
6574
6574
6574
6638
6638
6765
6752
6752
6752
6741
6741
6659
6666
6670
6670
6663
6731
6727
6661
6661
6623
6603
6601
6643
6643
6672
6734
6789
6802
6738
6673
6694
6753
6798
6882
6926
6949
6922
6917
6948
6941
6888
6900
6905
6905
6895
6895
6924
6978
6961
6949
6898
6855
6885
6972
6890
6947
6961
6885
6885
6906
7005
7040
6951
7019
7068
7001
6978
6978
7044
7038
7003
6977
6947
6981
6986
6943
6947
7002
7013
6984
6924
6925
6913
6932
6873
6851
6864
6864
6861
6861
6837
6837
6877
6861
6834
6834
6863
6917
7012
6977
6954
7076
7074
7071
7030
7004
7009
7043
7067
7068
7033
6976
6954
6938
6874
6956
7019
7019
7043
7078
7078
7038
7047
7047
7040
7062
7047
7017
7000
7086
7067
6983
6990
7032
7063
7040
7052
7052
6998
6947
6962
6950
6997
6996
6926
6889
6846
6937
6952
6984
7004
6976
6911
6911
6911
6875
6893
6942
7052
7011
6945
6898
6898
6938
6949
6935
6935
7001
6971
6973
6967
6985
6945
6930
6930
7011
7041
7128
7177
7189
7132
7028
7033
7019
6990
6999
6977
6977
6977
7023
7023
7022
6971
6937
6937
6937
6882
6885
6845
6815
6828
6828
6846
6794
6784
6784
6784
6855
6887
6935
6935
6867
6878
6955
7000
6872
6895
6895
6841
6776
6776
6776
6766
6843
6853
6853
6890
6925
6981
6997
6997
6997
6910
6878
6858
6870
6870
6801
6777
6794
6764
6748
6788
6788
6809
6814
6910
6910
6885
6925
6908
6908
6927
6849
6887
6887
6926
6926
6922
6923
6923
6923
6878
6860
6860
6837
6810
6810
6803
6807
6755
6726
6699
6699
6649
6636
6730
6723
6735
6692
6753
6709
6709
6687
6713
6729
6713
6734
6762
6762
6868
6802
6802
6801
6795
6859
6865
6806
6780
6770
6781
6809
6763
6714
6751
6789
6720
6720
6629
6640
6673
6681
6681
6681
6666
6666
6674
6674
6736
6736
6721
6726
6687
6694
6723
6723
6683
6683
6683
6703
6689
6689
6646
6647
6710
6700
6700
6688
6768
6751
6718
6720
6702
6702
6726
6727
6700
6698
6732
6818
6816
6704
6704
6704
6692
6697
6666
6610
6610
6711
6639
6620
6652
6612
6576
6572
6572
6575
6621
6647
6647
6708
6704
6703
6685
6755
6819
6819
6783
6687
6697
6681
6715
6679
6679
6617
6694
6634
6634
6685
6681
6655
6746
6746
6746
6797
6837
6886
6886
6876
6868
6868
6878
6783
6770
6770
6794
6796
6822
6822
6906
6909
6879
6912
6876
6923
6913
6861
6792
6732
6708
6708
6675
6686
6755
6745
6745
6698
6722
6832
6832
6832
6832
6840
6811
6783
6735
6735
6735
6762
6743
6743
6804
6804
6842
6833
6871
6871
6879
6838
6812
6922
6888
6925
6922
6883
6897
6901
6928
6972
6980
7062
7090
7035
7010
6995
6991
6948
7004
6942
6936
6924
6845
6874
6876
6876
6868
6832
6821
6834
6864
6822
6745
6754
6751
6792
6776
6764
6802
6752
6751
6822
6839
6929
6920
6896
6892
6914
6889
6889
6856
6813
6763
6779
6788
6788
6788
6788
6786
6786
6725
6794
6794
6788
6804
6803
6819
6732
6696
6628
6621
6646
6625
6634
6634
6653
6697
6655
6652
6594
6683
6683
6671
6678
6724
6704
6780
6801
6795
6878
6918
6850
6878
6905
6905
6855
6890
6890
6882
6880
6849
6767
6783
6782
6815
6815
6807
6792
6809
6782
6679
6623
6623
6564
6564
6564
6564
6564
6592
6593
6690
6740
6751
6845
6845
6849
6849
6901
6877
6897
6897
6875
6871
6867
6796
6805
6787
6787
6783
6773
6748
6757
6849
6799
6742
6749
6783
6730
6759
6747
6771
6732
6732
6804
6800
6792
6879
6906
6902
6948
6948
6948
6938
7016
7016
7084
7084
6983
6904
6904
6893
6845
6796
6796
6796
6796
6792
6789
6856
6864
6860
6803
6803
6771
6664
6693
6668
6696
6717
6734
6686
6653
6653
6661
6731
6731
6750
6750
6750
6750
6763
6730
6694
6694
6651
6657
6651
6651
6656
6651
6670
6637
6670
6632
6571
6558
6583
6627
6649
6649
6686
6686
6712
6626
6627
6627
6627
6657
6657
6673
6737
6737
6737
6660
6645
6638
6635
6635
6635
6641
6641
6698
6634
6634
6626
6615
6615
6619
6648
6664
6735
6737
6785
6831
6831
6925
6825
6855
6829
6869
6868
6949
6981
6948
6884
6752
6828
6900
6947
6947
6973
6966
6814
6808
6813
6809
6809
6756
6825
6825
6858
6858
6809
6806
6825
6825
6835
6884
6884
6880
6895
6909
6909
6825
6794
6794
6794
6794
6850
6878
6913
6874
6941
6898
6813
6909
6851
6890
6792
6825
6871
6865
6871
6863
6863
6863
6861
6830
6803
6803
6848
6882
6959
6901
6938
6986
6936
6936
6976
6976
6926
6926
6936
6975
6975
7037
7080
7067
7055
7033
7033
7045
7045
7034
7039
6938
6898
6860
6812
6780
6813
6840
6850
6780
6780
6783
6799
6778
6778
6778
6722
6722
6738
6738
6779
6761
6740
6703
6688
6712
6712
6787
6787
6734
6734
6768
6768
6768
6757
6767
6758
6741
6686
6686
6671
6671
6627
6587
6574
6540
6574
6565
6565
6565
6551
6576
6551
6584
6584
6584
6628
6628
6628
6677
6677
6642
6767
6794
6766
6792
6746
6735
6706
6702
6702
6708
6746
6767
6747
6779
6879
6879
6886
7002
7002
7043
7087
7156
7113
7113
7103
7119
7117
7211
7211
7156
7156
7101
7108
7095
7075
7089
7014
6993
6947
6932
7000
7015
7015
7001
7016
7016
6991
7071
7061
7082
7035
7035
7022
7022
6955
7034
6985
6915
6915
6915
6942
7001
6937
6935
6950
6921
6921
6945
6970
7027
7045
7045
7033
6985
6906
6906
6790
6812
6822
6816
6854
6738
6690
6681
6707
6707
6769
6737
6820
6820
6820
6752
6675
6643
6643
6625
6650
6714
6759
6824
6805
6747
6695
6742
6752
6752
6762
6747
6768
6735
6861
6822
6844
6829
6754
6781
6794
6794
6803
6836
6836
6836
6790
6790
6640
6661
6661
6577
6560
6618
6609
6604
6644
6619
6648
6559
6559
6527
6641
6720
6789
6789
6854
6831
6818
6788
6790
6762
6715
6793
6793
6796
6796
6796
6750
6757
6757
6757
6780
6762
6805
6846
6784
6784
6815
6802
6822
6802
6782
6785
6785
6785
6785
6785
6832
6832
6806
6806
6806
6817
6790
6830
6897
6854
6743
6675
6643
6625
6665
6688
6676
6676
6729
6723
6706
6648
6673
6673
6698
6650
6679
6645
6645
6660
6663
6657
6661
6726
6701
6701
6675
6666
6688
6677
6728
6718
6751
6751
6762
6728
6661
6607
6607
6616
6557
6557
6570
6575
6575
6599
6599
6618
6682
6668
6668
6667
6667
6667
6667
6698
6642
6657
6664
6664
6678
6728
6689
6686
6695
6695
6691
6713
6634
6634
6680
6680
6680
6698
6666
6609
6609
6617
6617
6695
6688
6649
6699
6695
6668
6668
6772
6838
6838
6891
6888
6920
6953
6912
6858
6753
6828
6792
6736
6736
6795
6789
6789
6789
6814
6811
6776
6763
6747
6733
6762
6702
6760
6687
6684
6741
6741
6655
6665
6750
6677
6757
6814
6886
6887
6837
6837
6884
6891
6868
6892
6892
6861
6859
6835
6813
6809
6828
6797
6797
6775
6889
6891
6891
6838
6840
6890
6910
6896
6914
6885
6879
6879
6879
6894
6862
6845
6854
6847
6796
6824
6824
6804
6893
6911
6911
6898
6898
6946
6946
6927
6886
6910
6903
6924
6851
6850
6894
6886
6914
6910
6954
6975
6900
6899
6894
6887
6887
6887
6887
6931
6931
6970
6970
6970
6894
6894
6923
6835
6812
6812
6897
6897
6897
6911
6911
6924
6924
6924
6938
6938
6837
6742
6791
6805
6802
6802
6809
6845
6821
6876
6876
6845
6856
6856
6915
6874
6887
6877
6814
6836
6859
6825
6855
6829
6792
6827
6832
6832
6805
6763
6785
6798
6800
6800
6767
6767
6767
6816
6787
6794
6794
6782
6857
6893
6788
6788
6782
6795
6857
6857
6857
6876
6859
6841
6860
6860
6796
6776
6776
6829
6808
6808
6808
6879
6812
6819
6851
6840
6886
6888
6825
6799
6776
6807
6816
6804
6850
6801
6801
6852
6855
6855
6825
6825
6790
6802
6832
6845
6845
6845
6759
6759
6759
6746
6746
6746
6716
6716
6682
6699
6699
6699
6699
6699
6699
6733
6733
6715
6727
6782
6782
6828
6825
6774
6774
6853
6859
6859
6878
6878
6969
6868
6820
6870
6842
6767
6775
6747
6752
6747
6747
6770
6829
6791
6834
6878
6914
6871
6836
6871
6901
6920
6970
6888
6927
6927
6927
6927
6927
6927
6945
6854
6953
6959
6903
6874
6874
6784
6758
6758
6769
6769
6836
6767
6767
6754
6804
6788
6765
6765
6765
6803
6765
6789
6755
6755
6781
6781
6872
6872
6880
6871
6876
6863
6888
6897
6843
6929
6896
6837
6837
6842
6853
6839
6839
6869
6859
6837
6881
6858
6908
6902
6923
6952
6860
6833
6804
6835
6853
6856
6894
6830
6830
6830
6843
6801
6740
6810
6859
6833
6817
6822
6822
6872
6831
6838
6870
6770
6754
6768
6785
6846
6846
6825
6825
6825
6834
6836
6929
6867
6789
6789
6789
6785
6776
6776
6776
6828
6866
6866
6894
6989
6996
6996
6996
6996
6996
6982
6982
6916
6917
6950
6951
6951
7006
7030
7030
7030
6997
6877
6877
6959
6969
6959
6959
6959
6959
6936
6936
6930
6930
6947
6935
6932
6949
6962
6988
6966
6960
6960
6993
6964
6964
6964
7000
7040
7097
7129
7019
7019
7004
6921
6877
6901
6901
6901
6945
6945
6945
6935
6955
6940
6940
6865
6825
6881
6881
6950
6971
6964
6972
6871
6871
6871
6836
6836
6836
6836
6836
6816
6818
6870
6836
6810
6799
6810
6810
6845
6804
6808
6825
6819
6819
6819
6788
6856
6776
6776
6842
6955
7038
7015
7002
7036
7036
7143
7143
7174
7214
7248
7240
7279
7262
7221
7221
7175
7143
7154
7154
7132
7134
7132
7123
7127
7104
7105
7105
7174
7174
7152
7054
7048
7058
7058
7022
7049
7076
7034
7080
7060
7028
7034
6912
6893
6879
6813
6843
6843
6813
6874
6874
6874
6883
6814
6814
6875
6906
6877
6862
6893
6907
6962
6962
6950
6956
6956
6944
6944
7008
6939
6891
6894
6878
6865
6847
6847
6853
6853
6853
6913
6913
6815
6815
6801
6801
6788
6786
6779
6779
6753
6784
6784
6787
6835
6808
6784
6784
6743
6770
6770
6771
6853
6832
6832
6878
6849
6849
6958
6876
6813
6806
6782
6767
6767
6784
6821
6935
6893
6893
6893
6893
6874
6874
6863
6981
7064
7090
7116
7077
7077
7109
7122
7110
7067
7154
7117
7123
7106
7097
7134
7134
7078
7078
7029
7029
6984
6984
6984
6930
6933
6966
6966
7006
7006
6986
6974
6978
7004
7004
7004
7050
7034
6997
6997
6930
6888
6903
6903
6808
6808
6798
6820
6811
6811
6823
6823
6741
6722
6722
6757
6745
6736
6709
6709
6717
6732
6752
6752
6752
6752
6749
6734
6734
6734
6734
6734
6745
6745
6775
6775
6775
6805
6851
6851
6849
6849
6849
6849
6825
6825
6847
6847
6776
6774
6774
6740
6740
6811
6808
6808
6808
6775
6752
6861
6861
6872
6914
6959
6959
6959
6968
6968
6968
6968
6948
6948
6910
6879
6879
6804
6714
6829
6829
6832
6832
6832
6832
6832
6843
6843
6843
6823
6843
6863
6863
6772
6749
6757
6724
6724
6811
6811
6824
6824
6777
6743
6762
6798
6858
6809
6759
6759
6735
6754
6754
6721
6742
6695
6633
6605
6596
6609
6627
6606
6670
6659
6686
6669
6669
6671
6717
6717
6766
6770
6700
6700
6683
6683
6648
6648
6648
6671
6691
6691
6688
6577
6618
6618
6618
6618
6618
6618
6580
6580
6619
6619
6650
6692
6700
6685
6720
6720
6733
6733
6670
6631
6631
6631
6601
6596
6653
6653
6610
6610
6610
6630
6606
6679
6678
6659
6659
6638
6638
6635
6623
6699
6763
6763
6759
6760
6774
6812
6830
6830
6830
6836
6833
6833
6840
6837
6736
6736
6736
6720
6713
6781
6735
6735
6710
6662
6662
6662
6662
6569
6539
6588
6549
6602
6623
6672
6672
6672
6660
6614
6614
6614
6614
6620
6620
6621
6607
6607
6607
6650
6650
6697
6716
6704
6674
6737
6708
6708
6738
6701
6701
6672
6690
6690
6738
6734
6734
6722
6721
6679
6662
6684
6692
6686
6686
6640
6618
6547
6547
6507
6497
6451
6451
6451
6451
6491
6491
6491
6491
6550
6550
6501
6484
6477
6490
6452
6478
6478
6496
6469
6507
6488
6604
6604
6545
6537
6432
6440
6440
6450
6450
6457
6443
6465
6465
6465
6556
6547
6557
6560
6547
6629
6553
6553
6556
6580
6608
6661
6661
6661
6661
6616
6651
6661
6661
6699
6699
6719
6782
6813
6823
6852
6942
6949
6923
6897
6915
6915
6915
6915
6915
6860
6860
6781
6689
6698
6650
6681
6674
6607
6607
6607
6604
6615
6602
6602
6602
6607
6607
6641
6641
6681
6681
6681
6681
6682
6682
6682
6667
6708
6665
6692
6666
6680
6680
6680
6771
6778
6760
6758
6789
6830
6817
6741
6783
6776
6783
6783
6783
6754
6754
6754
6754
6754
6738
6738
6726
6810
6729
6709
6819
6846
6846
6846
6827
6886
6875
6807
6850
6858
6858
6917
6917
6882
6866
6866
6913
6911
6858
6858
6783
6783
6759
6755
6749
6749
6749
6749
6774
6774
6774
6829
6842
6900
6938
6938
6881
6933
6968
6940
6940
6837
6825
6825
6825
6868
6868
6781
6781
6815
6828
6828
6828
6828
6860
6860
6860
6837
6837
6837
6837
6857
6732
6746
6720
6720
6720
6766
6760
6730
6766
6748
6748
6748
6783
6755
6820
6808
6722
6722
6770
6757
6757
6757
6757
6729
6742
6688
6769
6732
6798
6798
6798
6757
6865
6865
6805
6830
6830
6830
6830
6806
6733
6725
6682
6627
6623
6631
6673
6641
6641
6641
6627
6596
6698
6726
6731
6724
6724
6740
6740
6701
6645
6645
6645
6645
6645
6684
6684
6684
6623
6568
6521
6591
6569
6579
6610
6625
6629
6629
6655
6655
6622
6622
6567
6599
6662
6618
6618
6618
6628
6642
6642
6631
6741
6696
6696
6786
6786
6786
6786
6802
6764
6732
6732
6762
6815
6762
6762
6762
6763
6783
6785
6788
6761
6812
6806
6770
6731
6731
6776
6769
6727
6736
6785
6778
6794
6770
6770
6760
6760
6762
6762
6747
6747
6693
6617
6617
6638
6678
6643
6609
6597
6597
6614
6614
6614
6614
6622
6639
6640
6640
6640
6623
6625
6673
6683
6683
6697
6697
6717
6741
6673
6713
6713
6690
6690
6622
6550
6550
6605
6686
6686
6686
6612
6568
6568
6538
6557
6553
6553
6549
6549
6536
6524
6492
6492
6509
6559
6577
6642
6590
6559
6559
6531
6531
6433
6430
6450
6450
6450
6461
6460
6454
6450
6507
6507
6512
6548
6548
6548
6548
6568
6434
6434
6428
6428
6535
6535
6512
6509
6509
6507
6470
6569
6508
6508
6567
6574
6551
6551
6528
6511
6489
6583
6572
6572
6563
6563
6654
6575
6646
6728
6743
6755
6719
6822
6770
6719
6719
6711
6557
6636
6669
6637
6637
6598
6623
6623
6611
6564
6564
6564
6564
6564
6564
6577
6577
6576
6608
6608
6608
6652
6652
6587
6587
6615
6615
6615
6615
6615
6632
6679
6624
6624
6624
6631
6653
6679
6679
6674
6628
6595
6640
6558
6558
6568
6534
6520
6521
6606
6672
6672
6663
6584
6562
6619
6615
6620
6651
6651
6672
6672
6709
6709
6722
6722
6684
6697
6697
6690
6663
6663
6736
6736
6696
6736
6696
6677
6677
6634
6665
6652
6652
6632
6595
6595
6602
6514
6545
6540
6520
6520
6520
6520
6553
6513
6468
6468
6475
6475
6427
6400
6365
6365
6365
6436
6436
6440
6440
6461
6446
6446
6434
6434
6434
6434
6460
6450
6418
6460
6522
6510
6501
6501
6501
6558
6555
6555
6607
6607
6607
6607
6626
6666
6635
6644
6644
6654
6660
6640
6583
6587
6612
6612
6590
6590
6667
6667
6637
6681
6681
6681
6681
6681
6674
6674
6618
6678
6678
6680
6680
6697
6638
6638
6553
6564
6579
6579
6579
6579
6579
6579
6579
6579
6579
6579
6533
6533
6533
6541
6541
6541
6541
6541
6592
6592
6592
6592
6615
6579
6549
6553
6553
6553
6588
6638
6638
6718
6710
6694
6721
6721
6721
6721
6784
6731
6724
6780
6780
6780
6771
6735
6722
6722
6722
6722
6722
6722
6645
6645
6645
6645
6638
6638
6679
6679
6699
6699
6701
6586
6669
6664
6621
6621
6597
6601
6601
6592
6592
6592
6629
6653
6653
6653
6618
6618
6618
6651
6651
6651
6651
6651
6648
6625
6642
6642
6642
6642
6642
6627
6638
6620
6620
6620
6634
6616
6630
6604
6630
6647
6647
6647
6639
6639
6639
6708
6708
6649
6700
6729
6742
6742
6742
6690
6676
6701
6669
6669
6669
6669
6644
6644
6644
6633
6633
6633
6680
6683
6683
6693
6693
6662
6689
6701
6681
6625
6650
6646
6661
6562
6562
6528
6497
6497
6497
6497
6497
6498
6508
6461
6461
6461
6447
6447
6468
6487
6493
6543
6543
6543
6543
6538
6538
6488
6515
6515
6530
6524
6524
6506
6506
6506
6551
6560
6596
6596
6580
6580
6544
6544
6533
6543
6543
6511
6511
6508
6478
6478
6500
6459
6454
6454
6518
6510
6536
6562
6535
6535
6536
6536
6618
6571
6571
6571
6571
6579
6579
6592
6499
6611
6611
6660
6601
6601
6593
6593
6593
6609
6610
6718
6688
6688
6726
6742
6749
6749
6749
6812
6731
6645
6640
6640
6629
6629
6606
6606
6627
6634
6717
6696
6690
6679
6681
6685
6685
6685
6731
6761
6773
6771
6707
6731
6731
6667
6661
6667
6669
6698
6698
6698
6698
6766
6762
6762
6783
6783
6799
6755
6755
6755
6755
6763
6774
6684
6684
6684
6684
6684
6631
6636
6677
6677
6677
6642
6553
6576
6577
6576
6583
6583
6553
6569
6526
6564
6555
6555
6563
6550
6586
6647
6663
6601
6595
6627
6622
6622
6662
6674
6674
6674
6637
6593
6595
6584
6584
6584
6555
6555
6555
6529
6561
6561
6561
6549
6549
6549
6549
6549
6549
6549
6588
6597
6597
6615
6632
6632
6652
6660
6660
6677
6677
6697
6697
6697
6636
6621
6621
6604
6604
6576
6576
6576
6605
6601
6549
6560
6560
6662
6662
6662
6646
6606
6608
6608
6608
6599
6588
6635
6609
6633
6633
6650
6628
6628
6628
6628
6635
6616
6645
6645
6554
6554
6554
6553
6537
6537
6537
6537
6568
6568
6568
6568
6522
6522
6522
6561
6610
6650
6669
6669
6625
6596
6653
6652
6648
6663
6663
6698
6698
6655
6655
6649
6659
6659
6659
6659
6659
6671
6680
6703
6718
6564
6564
6542
6542
6542
6542
6542
6569
6587
6588
6588
6599
6599
6599
6620
6644
6648
6648
6671
6662
6632
6709
6709
6709
6751
6751
6751
6723
6713
6713
6704
6639
6639
6639
6542
6542
6542
6542
6542
6542
6629
6614
6614
6608
6608
6650
6637
6637
6636
6636
6629
6629
6650
6656
6662
6605
6605
6605
6605
6608
6616
6658
6658
6672
6672
6672
6672
6724
6714
6714
6744
6834
6882
6881
6829
6831
6831
6831
6831
6831
6743
6743
6792
6792
6792
6792
6814
6747
6747
6699
6656
6595
6615
6615
6538
6561
6505
6505
6550
6494
6529
6529
6503
6503
6503
6532
6532
6565
6565
6565
6565
6565
6565
6565
6555
6569
6577
6523
6540
6548
6549
6556
6556
6577
6577
6601
6692
6661
6633
6632
6632
6624
6655
6655
6652
6662
6665
6648
6648
6589
6589
6589
6618
6618
6679
6679
6653
6653
6655
6686
6686
6707
6707
6687
6650
6561
6561
6561
6527
6527
6527
6513
6513
6513
6513
6537
6537
6526
6538
6582
6582
6548
6505
6476
6532
6465
6454
6572
6572
6543
6525
6525
6525
6483
6496
6496
6508
6491
6491
6491
6487
6487
6533
6533
6533
6588
6620
6620
6589
6589
6529
6529
6532
6532
6532
6532
6532
6532
6534
6534
6530
6554
6541
6541
6548
6591
6547
6495
6495
6516
6542
6562
6545
6560
6560
6560
6564
6564
6574
6606
6708
6708
6708
6652
6518
6506
6535
6527
6519
6519
6509
6509
6509
6509
6509
6509
6504
6545
6563
6563
6563
6571
6571
6571
6563
6563
6583
6583
6615
6615
6605
6605
6605
6564
6527
6527
6536
6473
6422
6438
6496
6445
6445
6445
6461
6505
6532
6532
6584
6568
6568
6568
6583
6583
6654
6678
6658
6676
6683
6683
6683
6699
6640
6700
6696
6640
6640
6640
6641
6671
6664
6614
6614
6542
6549
6549
6549
6549
6506
6506
6490
6490
6490
6490
6521
6521
6521
6521
6521
6511
6511
6532
6531
6531
6531
6546
6556
6586
6589
6589
6578
6578
6616
6616
6620
6616
6616
6616
6665
6665
6665
6700
6693
6728
6647
6631
6584
6614
6648
6648
6666
6666
6623
6645
6645
6651
6576
6576
6576
6576
6576
6576
6623
6679
6651
6651
6668
6668
6668
6668
6668
6694
6679
6636
6636
6636
6636
6633
6633
6633
6633
6633
6617
6622
6622
6624
6613
6592
6595
6613
6606
6606
6606
6652
6652
6652
6652
6630
6630
6621
6621
6626
6626
6626
6633
6684
6633
6633
6633
6633
6602
6691
6691
6686
6637
6668
6638
6638
6666
6666
6666
6656
6656
6639
6613
6597
6551
6551
6529
6529
6529
6529
6529
6486
6499
6500
6500
6493
6513
6513
6513
6521
6541
6481
6487
6534
6534
6534
6534
6511
6511
6489
6489
6489
6489
6426
6413
6421
6433
6404
6368
6368
6389
6389
6417
6422
6436
6436
6436
6460
6460
6460
6460
6460
6474
6474
6468
6463
6446
6446
6413
6413
6422
6428
6428
6422
6422
6422
6422
6430
6432
6432
6432
6466
6498
6478
6478
6478
6478
6519
6530
6530
6530
6530
6533
6533
6508
6508
6563
6566
6566
6566
6566
6562
6472
6472
6489
6542
6542
6469
6475
6545
6545
6545
6522
6522
6522
6513
6492
6469
6469
6421
6421
6415
6415
6411
6472
6496
6496
6496
6496
6496
6510
6510
6510
6510
6510
6510
6566
6570
6570
6570
6570
6540
6540
6561
6650
6643
6673
6673
6673
6624
6624
6624
6624
6624
6624
6624
6624
6600
6600
6556
6556
6556
6556
6539
6539
6539
6539
6539
6534
6534
6534
6526
6526
6529
6529
6529
6549
6549
6629
6629
6595
6596
6596
6560
6560
6560
6529
6530
6530
6539
6586
6586
6564
6560
6560
6607
6607
6579
6579
6579
6574
6591
6591
6591
6591
6602
6612
6611
6595
6619
6619
6619
6619
6616
6641
6641
6641
6641
6641
6641
6641
6633
6628
6628
6628
6628
6588
6598
6607
6607
6606
6606
6625
6613
6590
6573
6573
6560
6560
6560
6538
6538
6538
6538
6556
6559
6567
6567
6628
6628
6628
6628
6628
6624
6622
6622
6611
6611
6611
6611
6622
6608
6608
6648
6648
6648
6648
6648
6547
6547
6577
6548
6561
6536
6523
6523
6523
6517
6512
6494
6494
6493
6493
6493
6476
6476
6476
6472
6551
6510
6500
6499
6499
6499
6499
6499
6499
6499
6505
6538
6538
6534
6523
6547
6557
6557
6523
6520
6466
6466
6466
6461
6460
6476
6418
6418
6498
6478
6449
6418
6418
6418
6418
6418
6395
6395
6368
6396
6383
6343
6330
6363
6345
6345
6345
6358
6358
6374
6354
6354
6354
6338
6338
6291
6340
6369
6386
6375
6397
6397
6397
6425
6425
6425
6425
6425
6425
6425
6425
6425
6425
6425
6425
6425
6425
6417
6417
6448
6468
6468
6436
6418
6418
6418
6418
6376
6324
6309
6309
6274
6279
6279
6279
6279
6276
6276
6276
6276
6276
6276
6298
6327
6367
6367
6367
6367
6367
6401
6407
6407
6407
6407
6407
6407
6407
6430
6450
6480
6480
6530
6556
6556
6556
6511
6449
6462
6462
6472
6452
6511
6511
6511
6511
6511
6547
6547
6597
6573
6524
6506
6485
6485
6485
6451
6451
6451
6451
6451
6451
6451
6447
6450
6466
6481
6481
6481
6481
6481
6481
6481
6481
6481
6481
6478
6557
6557
6557
6557
6557
6538
6538
6538
6538
6538
6538
6558
6469
6469
6469
6469
6469
6519
6519
6519
6558
6558
6569
6617
6543
6493
6493
6493
6488
6488
6492
6492
6438
6438
6451
6451
6472
6490
6490
6521
6521
6503
6514
6518
6532
6541
6541
6541
6541
6541
6507
6510
6510
6510
6510
6483
6483
6483
6463
6478
6514
6538
6508
6508
6478
6478
6450
6421
6421
6421
6457
6457
6457
6457
6424
6424
6428
6428
6428
6417
6438
6438
6438
6454
6434
6463
6513
6513
6513
6491
6491
6491
6462
6462
6446
6445
6441
6441
6441
6482
6478
6478
6478
6478
6475
6471
6471
6471
6471
6455
6456
6456
6442
6396
6396
6389
6389
6381
6385
6357
6357
6357
6357
6392
6384
6384
6399
6399
6399
6399
6398
6373
6373
6373
6373
6325
6354
6354
6354
6354
6354
6354
6354
6354
6354
6348
6348
6348
6349
6371
6371
6352
6352
6352
6368
6368
6368
6368
6368
6368
6336
6324
6359
6359
6359
6359
6367
6367
6367
6367
6367
6367
6367
6367
6367
6316
6316
6316
6316
6330
6330
6327
6332
6332
6329
6329
6329
6315
6315
6316
6316
6352
6352
6352
6352
6352
6352
6352
6352
6352
6352
6352
6352
6352
6364
6363
6359
6359
6382
6382
6382
6382
6379
6379
6379
6389
6375
6375
6375
6375
6356
6343
6343
6343
6343
6355
6355
6383
6436
6368
6368
6368
6368
6368
6377
6377
6377
6377
6382
6382
6385
6385
6385
6395
6400
6395
6462
6428
6432
6385
6385
6385
6381
6381
6381
6381
6441
6441
6447
6439
6439
6439
6439
6442
6458
6458
6408
6408
6408
6408
6408
6408
6404
6404
6404
6404
6410
6374
6374
6373
6373
6373
6365
6365
6365
6393
6393
6431
6416
6416
6453
6453
6469
6469
6427
6427
6427
6427
6397
6397
6416
6416
6416
6416
6416
6416
6416
6416
6397
6406
6407
6415
6415
6442
6442
6446
6427
6422
6427
6420
6420
6420
6420
6420
6420
6420
6420
6413
6429
6429
6429
6429
6429
6429
6429
6429
6429
6429
6429
6429
6426
6458
6458
6457
6457
6457
6434
6434
6469
6469
6469
6469
6469
6469
6469
6469
6469
6469
6469
6469
6462
6462
6462
6462
6462
6462
6462
6462
6462
6462
6475
6475
6475
6446
6446
6446
6446
6444
6444
6444
6444
6460
6460
6443
6435
6435
6435
6435
6435
6435
6435
6435
6480
6466
6428
6410
6410
6399
6399
6399
6396
6396
6400
6400
6400
6400
6416
6442
6442
6442
6442
6406
6406
6406
6406
6406
6396
6396
6396
6400
6425
6403
6403
6403
6403
6423
6398
6386
6386
6417
6417
6434
6446
6413
6413
6413
6416
6410
6410
6398
6398
6398
6398
6398
6393
6393
6373
6373
6373
6373
6377
6377
6388
6419
6419
6404
6404
6404
6404
6404
6432
6432
6432
6432
6393
6393
6393
6392
6383
6383
6383
6383
6389
6389
6389
6389
6389
6389
6389
6389
6389
6395
6395
6395
6371
6371
6371
6371
6370
6370
6435
6442
6442
6442
6442
6431
6423
6423
6423
6423
6423
6423
6423
6423
6442
6442
6448
6448
6448
6448
6460
6460
6448
6448
6504
6453
6498
6498
6498
6498
6480
6480
6480
6482
6471
6471
6471
6473
6473
6473
6473
6473
6473
6471
6453
6478
6482
6482
6482
6482
6482
6473
6440
6438
6438
6441
6424
6424
6413
6413
6388
6388
6388
6388
6388
6384
6384
6384
6384
6358
6358
6358
6358
6358
6358
6358
6358
6352
6352
6364
6348
6348
6348
6348
6348
6348
6348
6348
6348
6348
6348
6348
6348
6348
6379
6421
6424
6424
6424
6424
6424
6424
6435
6444
6458
6459
6459
6471
6519
6519
6519
6519
6519
6519
6519
6490
6490
6490
6441
6441
6441
6441
6441
6441
6441
6441
6441
6441
6441
6441
6519
6519
6521
6506
6506
6506
6506
6506
6507
6507
6507
6507
6507
6507
6507
6528
6507
6507
6541
6541
6526
6526
6526
6535
6542
6528
6500
6483
6491
6491
6503
6503
6503
6474
6474
6474
6476
6474
6458
6458
6440
6440
6440
6440
6403
6403
6403
6403
6403
6403
6403
6403
6403
6403
6403
6403
6403
6403
6403
6409
6409
6409
6372
6372
6372
6372
6372
6374
6374
6375
6375
6375
6373
6373
6373
6372
6372
6403
6403
6403
6403
6392
6393
6393
6393
6383
6383
6398
6398
6434
6434
6434
6391
6402
6402
6402
6402
6403
6367
6367
6367
6367
6367
6367
6367
6367
6367
6367
6367
6359
6359
6359
6359
6359
6359
6359
6359
6357
6357
6357
6357
6357
6357
6357
6357
6357
6357
6357
6357
6357
6357
6357
6357
6349
6349
6349
6349
6349
6344
6344
6344
6344
6344
6344
6344
6344
6344
6344
6348
6348
6348
6348
6348
6348
6348
6348
6348
6348
6326
6326
6326
6337
6337
6337
6337
6337
6337
6337
6337
6337
6337
6335
6324
6334
6334
6334
6345
6334
6342
6342
6342
6342
6342
6351
6346
6337
6337
6323
6323
6323
6323
6323
6323
6323
6323
6323
6312
6312
6312
6312
6312
6312
6312
6312
6312
6312
6312
6312
6312
6312
6327
6327
6327
6327
6327
6327
6327
6327
6312
6312
6312
6312
6312
6312
6312
6312
6312
6312
6312
6312
6312
6312
6312
6312
6312
6311
6311
6311
6311
6324
6324
6331
6331
6356
6356
6356
6341
6341
6341
6353
6353
6353
6353
6353
6353
6353
6357
6357
6363
6363
6363
6363
6351
6351
6320
6320
6320
6320
6320
6320
6320
6320
6320
6327
6327
6326
6326
6326
6326
6326
6349
6349
6349
6349
6380
6380
6380
6380
6361
6361
6361
6361
6361
6360
6372
6403
6403
6403
6403
6428
6428
6406
6406
6406
6406
6386
6386
6369
6369
6369
6369
6369
6369
6384
6381
6381
6381
6381
6381
6381
6363
6363
6363
6363
6363
6362
6349
6349
6349
6349
6349
6342
6316
6329
6329
6329
6316
6311
6311
6311
6311
6314
6311
6311
6311
6311
6311
6311
6311
6311
6311
6316
6345
6345
6345
6345
6328
6328
6328
6328
6325
6288
6288
6288
6288
6288
6288
6288
6288
6288
6288
6288
6288
6288
6288
6261
6261
6261
6261
6261
6260
6260
6260
6262
6253
6253
6253
6246
6246
6272
6272
6271
6271
6308
6308
6308
6308
6308
6308
6308
6308
6311
6307
6307
6307
6307
6307
6307
6307
6307
6307
6307
6307
6307
6307
6304
6304
6336
6323
6314
6314
6314
6314
6314
6314
6323
6323
6323
6341
6365
6365
6365
6365
6365
6361
6361
6353
6353
6360
6360
6374
6374
6374
6374
6373
6373
6384
6384
6384
6384
6384
6393
6393
6393
6393
6393
6393
6399
6394
6394
6394
6394
6394
6452
6452
6457
6439
6404
6394
6394
6394
6385
6385
6385
6385
6374
6342
6342
6342
6342
6342
6342
6342
6342
6342
6356
6356
6356
6444
6444
6349
6349
6349
6349
6349
6349
6349
6349
6344
6344
6344
6344
6344
6344
6344
6344
6344
6348
6348
6348
6351
6361
6361
6361
6361
6361
6361
6364
6364
6364
6364
6324
6324
6324
6350
6359
6383
6383
6383
6383
6383
6383
6383
6383
6383
6383
6383
6375
6375
6375
6375
6375
6375
6375
6375
6375
6375
6375
6375
6375
6375
6367
6367
6367
6367
6367
6367
6366
6308
6308
6313
6313
6313
6313
6313
6313
6303
6303
6316
6316
6316
6316
6316
6316
6316
6316
6316
6319
6323
6323
6365
6365
6365
6365
6367
6359
6359
6359
6318
6318
6318
6318
6285
6285
6291
6291
6291
6278
6249
6249
6256
6256
6256
6256
6256
6256
6263
6266
6266
6266
6266
6273
6273
6273
6273
6273
6273
6273
6266
6266
6276
6276
6276
6276
6276
6300
6300
6300
6300
6300
6300
6303
6303
6303
6303
6303
6301
6292
6290
6264
6264
6264
6264
6264
6264
6264
6266
6245
6226
6226
6226
6226
6226
6226
6224
6224
6224
6224
6228
6228
6228
6228
6228
6228
6244
6244
6244
6214
6214
6214
6214
6214
6214
6217
6217
6217
6217
6217
6217
6232
6232
6232
6232
6232
6232
6232
6232
6232
6232
6232
6232
6232
6232
6232
6232
6232
6232
6232
6232
6233
6233
6233
6233
6233
6233
6233
6233
6233
6233
6233
6233
6233
6233
6233
6233
6233
6233
6233
6233
6233
6233
6233
6233
6232
6232
6232
6232
6232
6232
6232
6232
6220
6220
6220
6220
6227
6227
6246
6246
6246
6246
6246
6246
6246
6246
6246
6246
6246
6246
6246
6246
6246
6246
6246
6246
6246
6246
6246
6246
6246
6246
6250
6251
6251
6251
6265
6265
6265
6265
6265
6265
6265
6267
6272
6272
6266
6257
6257
6257
6257
6284
6284
6284
6291
6331
6331
6331
6331
6331
6331
6331
6331
6339
6339
6339
6339
6339
6339
6339
6339
6339
6339
6324
6327
6327
6327
6327
6327
6327
6327
6327
6317
6317
6317
6317
6317
6317
6317
6317
6318
6318
6318
6309
6309
6309
6309
6309
6304
6304
6304
6304
6304
6304
6247
6247
6247
6247
6247
6247
6248
6248
6248
6227
6227
6227
6230
6235
6225
6225
6225
6220
6218
6218
6218
6208
6208
6208
6208
6208
6208
6208
6208
6208
6208
6208
6199
6199
6199
6199
6199
6199
6199
6199
6199
6199
6199
6199
6199
6199
6199
6199
6199
6199
6199
6199
6199
6199
6199
6192
6192
6192
6192
6192
6207
6207
6207
6205
6205
6205
6191
6194
6194
6194
6194
6194
6194
6210
6210
6197
6197
6197
6197
6197
6197
6197
6197
6197
6197
6197
6197
6197
6197
6197
6189
6189
6189
6189
6189
6189
6189
6189
6189
6189
6189
6189
6189
6189
6189
6189
6189
6189
6189
6189
6189
6189
6188
6188
6189
6189
6188
6188
6188
6188
6188
6188
6188
6188
6188
6180
6180
6180
6180
6180
6180
6180
6180
6180
6180
6180
6180
6180
6180
6180
6180
6180
6180
6180
6180
6182
6182
6182
6201
6201
6201
6201
6201
6201
6201
6201
6201
6201
6201
6181
6181
6181
6178
6179
6179
6179
6168
6168
6168
6168
6168
6168
6168
6184
6184
6191
6191
6191
6191
6199
6199
6214
6214
6213
6213
6213
6213
6177
6177
6177
6177
6177
6177
6177
6177
6177
6177
6177
6177
6177
6177
6177
6177
6177
6177
6177
6177
6177
6177
6177
6172
6172
6172
6172
6147
6147
6147
6147
6147
6147
6139
6139
6139
6139
6139
6139
6150
6150
6150
6150
6150
6150
6150
6150
6150
6150
6150
6150
6150
6150
6150
6150
6150
6150
6150
6150
6150
6150
6150
6150
6150
6150
6150
6150
6150
6150
6150
6134
6134
6134
6134
6134
6134
6143
6143
6143
6143
6143
6143
6134
6134
6134
6134
6134
6134
6134
6134
6134
6134
6134
6134
6134
6134
6134
6134
6134
6134
6134
6134
6134
6134
6134
6134
6134
6134
6134
6131
6131
6116
6116
6116
6116
6116
6116
6116
6116
6116
6114
6114
6114
6114
6103
6103
6103
6103
6103
6128
6128
6104
6104
6104
6104
6104
6104
6104
6104
6104
6104
6104
6104
6104
6104
6104
6104
6104
6104
6104
6104
6104
6104
6104
6104
6104
6104
6104
6104
6104
6104
6104
6104
6104
6104
6104
6104
6104
6104
6104
6104
6104
6104
6104
6104
6104
6104
6104
6104
6104
6104
6104
6104
6104
6104
6104
6104
6104
6104
6104
6104
6104
6104
6104
6104
6104
6104
6104
6105
6105
6105
6105
6105
6105
6107
6107
6107
6107
6107
6107
6107
6107
6107
6107
6107
6107
6107
6107
6107
6107
6107
6107
6107
6104
6104
6104
6104
6104
6104
6104
6104
6105
6105
6105
6105
6105
6105
6105
6105
6107
6107
6107
6107
6107
6107
6107
6107
6107
6107
6107
6107
6107
6106
6106
6106
6106
6106
6106
6106
6106
6106
6106
6106
6106
6106
6106
6106
6106
6106
6098
6098
6098
6097
6097
6097
6097
6097
6097
6097
6097
6097
6100
6100
6100
6100
6100
6100
6100
6100
6100
6100
6100
6100
6100
6100
6100
6100
6100
6100
6100
6100
6097
6097
6097
6097
6097
6097
6097
6097
6097
6097
6097
6097
6097
6097
6097
6106
6106
6106
6106
6106
6106
6106
6106
6119
6119
6119
6119
6119
6119
6119
6119
6119
6119
6119
6097
6097
6097
6097
6097
6097
6097
6097
6097
6097
6097
6097
6097
6097
6097
6097
6097
6097
6097
6097
6097
6097
6097
6097
6097
6097
6097
6097
6097
6102
6102
6102
6102
6102
6102
6102
6102
6102
6106
6106
6106
6106
6106
6106
6106
6106
6106
6106
6112
6112
6112
6112
6105
6105
6105
6105
6108
6108
6108
6107
6107
6107
6107
6107
6107
6107
6107
6107
6107
6107
6107
6107
6107
6107
6107
6107
6107
6130
6130
6134
6134
6134
6134
6128
6128
6128
6128
6128
6128
6128
6128
6128
6128
6128
6128
6128
6128
6128
6128
6122
6122
6122
6122
6122
6126
6126
6126
6126
6126
6126
6126
6126
6126
6121
6121
6121
6121
6121
6121
6121
6121
6121
6138
6138
6138
6138
6138
6138
6138
6138
6138
6138
6140
6140
6140
6140
6140
6140
6140
6140
6140
6140
6140
6140
6140
6144
6144
6144
6144
6153
6153
6153
6150
6150
6150
6150
6150
6150
6150
6150
6150
6150
6150
6150
6150
6150
6150
6150
6150
6150
6150
6150
6147
6147
6147
6147
6147
6147
6147
6147
6147
6147
6147
6147
6147
6147
6147
6150
6150
6150
6150
6150
6139
6139
6139
6139
6139
6139
6139
6139
6149
6149
6149
6149
6149
6149
6149
6149
6149
6149
6149
6149
6149
6149
6149
6149
6149
6149
6149
6149
6149
6149
6149
6149
6149
6149
6149
6149
6149
6149
6149
6149
6149
6127
6127
6127
6127
6127
6127
6127
6129
6129
6129
6129
6119
6119
6119
6123
6123
6123
6123
6119
6119
6119
6119
6121
6121
6121
6121
6121
6121
6121
6121
6121
6121
6121
6121
6121
6121
6121
6121
6121
6124
6124
6124
6124
6124
6124
6124
6124
6124
6124
6124
6124
6124
6124
6120
6120
6120
6120
6120
6120
6120
6120
6120
6120
6120
6120
6120
6120
6120
6120
6120
6120
6120
6124
6124
6124
6124
6124
6124
6124
6124
6130
6130
6121
6121
6121
6121
6121
6121
6121
6121
6121
6121
6121
6121
6121
6121
6121
6121
6121
6121
6121
6121
6121
6121
6121
6121
6121
6121
6121
6121
6121
6121
6121
6121
6121
6121
6121
6121
6121
6121
6121
6121
6121
6121
6121
6121
6121
6121
6121
6121
6121
6121
6121
6121
6121
6121
6121
6121
6117
6117
6117
6117
6117
6117
6117
6117
6117
6117
6112
6112
6112
6112
6104
6104
6104
6104
6104
6104
6104
6104
6104
6091
6091
6091
6091
6091
6091
6091
6091
6091
6091
6096
6096
6110
6110
6110
6110
6110
6110
6110
6110
6110
6110
6110
6110
6110
6110
6110
6110
6110
6110
6110
6110
6110
6096
6096
6096
6096
6095
6095
6095
6095
6095
6095
6095
6095
6095
6095
6095
6095
6095
6095
6095
6095
6095
6095
6095
6095
6095
6095
6095
6095
6095
6095
6095
6095
6095
6095
6095
6095
6095
6095
6095
6095
6095
6095
6095
6095
6095
6095
6095
6095
6095
6091
6091
6091
6091
6091
6091
6091
6091
6091
6091
6091
6091
6091
6091
6091
6091
6091
6091
6091
6091
6091
6091
6091
6091
6091
6091
6091
6091
6091
6091
6091
6091
6091
6091
6091
6091
6091
6091
6091
6091
6091
6091
6091
6091
6091
6091
6091
6091
6091
6091
6091
6091
6091
6091
6091
6091
6094
6094
6094
6094
6094
6094
6094
6094
6094
6094
6094
6094
6094
6094
6094
6094
6094
6094
6094
6094
6094
6094
6094
6094
6094
6094
6094
6094
6094
6094
6094
6094
6094
6094
6094
6094
6094
6094
6094
6094
6094
6094
6092
6092
6092
6092
6092
6092
6092
6092
6092
6089
6089
6089
6089
6089
6089
6089
6089
6089
6089
6089
6089
6089
6089
6089
6089
6089
6089
6089
6089
6089
6089
6089
6089
6089
6089
6089
6089
6089
6089
6089
6089
6089
6089
6089
6089
6089
6089
6089
6089
6089
6089
6089
6089
6089
6089
6089
6089
6089
6089
6089
6089
6089
6089
6089
6089
6089
6089
6089
6089
6089
6089
6089
6089
6089
6089
6089
6089
6089
6089
6089
6089
6089
6089
6089
6089
6089
6089
6089
6089
6089
6089
6089
6089
6089
6089
6089
6089
6089
6089
6089
6089
6089
6089
6089
6089
6089
6089
6081
6081
6081
6081
6081
6081
6081
6081
6081
6081
6081
6081
6081
6081
6081
6081
6081
6081
6081
6081
6081
6081
6081
6081
6081
6081
6081
6081
6081
6081
6081
6081
6081
6081
6081
6081
6081
6081
6081
6081
6081
6081
6081
6081
6081
6081
6081
6081
6081
6081
6081
6081
6081
6081
6081
6081
6081
6081
6081
6081
6081
6081
6081
6081
6081
6081
6081
6081
6081
6081
6081
6081
6081
6080
6080
6080
6080
6080
6080
6080
6080
6080
6080
6080
6080
6080
6080
6080
6080
6080
6080
6080
6080
6075
6075
6075
6075
6075
6075
6075
6075
6075
6075
6075
6075
6075
6075
6075
6075
6075
6075
6075
6075
6075
6075
6075
6075
6075
6075
6075
6075
6075
6075
6075
6075
6075
6075
6075
6075
6075
6075
6075
6075
6075
6075
6075
6075
6075
6075
6075
6075
6075
6075
6075
6075
6075
6075
6075
6075
6075
6075
6075
6075
6075
6075
6075
6077
6077
6077
6077
6077
6077
6077
6079
6079
6079
6079
6079
6079
6079
6079
6079
6079
6079
6079
6079
6079
6079
6079
6079
6079
6079
6079
6079
6079
6079
6079
6079
6079
6079
6079
6079
6079
6079
6079
6079
6079
6079
6079
6079
6079
6079
6079
6079
6079
6079
6079
6079
6079
6079
6079
6079
6079
6079
6079
6079
6079
6075
6075
6075
6075
6075
6075
6075
6075
6075
6075
6075
6075
6075
6075
6075
6075
6075
6075
6075
6075
6075
6075
6075
6075
6075
6075
6075
6075
6075
6075
6075
6075
6075
6075
6075
6075
6075
6075
6075
6075
6075
6075
6075
6075
6075
6075
6075
6075
6075
6075
6075
6075
6075
6075
6075
6075
6075
6075
6075
6075
6075
6075
6075
6075
6075
6075
6075
6075
6075
6075
6075
6082
6082
6082
6082
6082
6082
6082
6074
6074
6074
6074
6074
6074
6074
6074
6061
6061
6059
6059
6059
6059
6059
6059
6059
6059
6059
6059
6059
6059
6059
6059
6059
6059
6059
6059
6059
6059
6059
6059
6059
6059
6059
6059
6059
6059
6059
6059
6059
6059
6059
6059
6059
6059
6059
6059
6059
6059
6059
6059
6059
6059
6059
6059
6059
6059
6059
6059
6059
6059
6059
6059
6059
6059
6059
6059
6059
6059
6059
6059
6059
6059
6059
6059
6059
6059
6059
6059
6059
6059
6059
6059
6059
6059
6059
6059
6059
6059
6059
6059
6059
6059
6059
6059
6059
6059
6059
6059
6059
6059
6059
6059
6059
6059
6059
6059
6059
6059
6059
6059
6059
6059
6059
6059
6059
6059
6059
6059
6059
6058
6058
6058
6058
6058
6058
6058
6058
6058
6058
6058
6058
6058
6057
6057
6057
6057
6057
6057
6057
6057
6057
6057
6057
6057
6057
6060
6060
6060
6064
6064
6064
6064
6064
6064
6064
6064
6064
6064
6064
6064
6064
6064
6064
6064
6064
6064
6064
6064
6064
6064
6064
6064
6064
6064
6064
6064
6064
6064
6064
6064
6071
6071
6071
6071
6071
6071
6071
6071
6071
6064
6064
6064
6064
6068
6064
6064
6064
6064
6068
6068
6068
6068
6068
6068
6068
6068
6068
6068
6068
6068
6068
6068
6068
6068
6068
6067
6064
6064
6064
6064
6064
6064
6064
6064
6064
6064
6064
6064
6064
6064
6064
6064
6064
6064
6064
6064
6064
6064
6064
6064
6064
6064
6064
6064
6064
6064
6064
6064
6064
6064
6064
6064
6064
6064
6064
6064
6064
6064
6064
6064
6064
6064
6064
6064
6064
6064
6064
6064
6064
6064
6064
6064
6064
6064
6064
6064
6064
6064
6064
6064
6067
6067
6067
6067
6067
6067
6067
6067
6067
6067
6067
6067
6067
6067
6067
6067
6067
6067
6067
6067
6067
6067
6067
6067
6067
6067
6067
6067
6067
6067
6067
6067
6067
6067
6067
6067
6067
6067
6067
6067
6058
6058
6058
6058
6057
6058
6058
6058
6058
6058
6058
6058
6058
6058
6058
6058
6058
6058
6048
6048
6050
6047
6047
6047
6045
6045
6045
6045
6045
6045
6045
6045
6045
6045
6045
6045
6045
6045
6045
6045
6045
6045
6045
6041
6041
6041
6041
6041
6041
6041
6041
6041
6041
6041
6041
6041
6041
6041
6041
6041
6041
6041
6041
6041
6041
6041
6041
6041
6041
6041
6037
6037
6037
6037
6037
6037
6037
6037
6033
6033
6033
6033
6033
6033
6033
6033
6033
6033
6033
6033
6032
6026
6026
6026
6026
6026
6026
6026
6026
6026
6026
6026
6026
6026
6026
6026
6026
6026
6026
6026
6026
6026
6026
6026
6026
6026
6026
6026
6026
6022
6027
6027
6027
6027
6027
6027
6027
6027
6027
6027
6027
6027
6027
6027
6027
6027
6027
6027
6027
6027
6027
6027
6027
6027
6027
6027
6027
6027
6027
6031
6031
6031
6031
6031
6031
6031
6031
6031
6031
6031
6031
6031
6031
6031
6027
6027
6027
6027
6027
6027
6027
6027
6027
6027
6027
6027
6027
6027
6027
6027
6027
6027
6027
6027
6027
6027
6027
6027
6027
6027
6027
6027
6027
6027
6027
6027
6027
6027
6027
6027
6027
6027
6027
6027
6027
6027
6027
6027
6027
6027
6027
6027
6027
6027
6027
6027
6027
6027
6027
6027
6027
6027
6027
6027
6027
6027
6027
6027
6027
6027
6027
6027
6027
6027
6027
6027
6027
6027
6027
6027
6027
6027
6027
6027
6027
6027
6027
6027
6027
6027
6027
6027
6027
6027
6027
6027
6027
6027
6027
6027
6027
6027
6027
6027
6027
6027
6027
6027
6027
6027
6027
6027
6027
6027
6027
6027
6027
6027
6027
6027
6027
6027
6027
6027
6027
6027
6027
6027
6027
6027
6027
6026
6026
6026
6026
6026
6026
6026
6036
6036
6036
6036
6036
6036
6036
6036
6036
6036
6030
6030
6030
6030
6030
6030
6030
6030
6030
6030
6030
6030
6030
6030
6030
6030
6030
6030
6030
6030
6023
6023
6023
6023
6023
6023
6023
6023
6023
6023
6023
6023
6023
6023
6023
6023
6023
6023
6023
6023
6023
6023
6023
6023
6023
6023
6023
6023
6023
6023
6023
6023
6014
6014
6014
6014
6014
6014
6014
6014
6014
6014
6014
6014
6014
6014
6014
6014
6014
6014
6014
6014
6014
6014
6014
6014
6014
6014
6014
6014
6014
6014
6014
6014
6014
6014
6014
6014
6014
6014
6014
6009
6009
6009
6009
6009
6010
6010
6010
6010
6010
6010
6010
6010
6010
6010
6010
6010
6010
6010
6010
6010
6010
6010
6010
6010
6010
6010
6010
6010
6013
6013
6013
6013
6013
6013
6004
6004
6015
6015
6015
6015
6015
6015
6015
6015
6015
6015
6015
6015
6015
6015
6015
6015
6015
6015
6004
6003
6003
6003
6003
6003
6003
6003
6003
6003
6003
6003
6003
6003
6003
6003
6003
6003
6003
6003
6003
6003
6003
6003
6003
6003
6003
6003
6003
6003
6003
6003
6003
6003
6003
6003
6003
6003
6003
6003
6003
6000
6000
6000
6000
6000
6000
6000
6000
6000
6000
6000
6000
6000
6000
6000
6000
6003
6003
6003
6003
6003
6003
6003
6003
6003
6003
6003
6003
6003
6003
6003
6003
6003
6003
6003
6003
6003
6003
6003
6003
6003
6003
6003
6003
6003
6003
6003
6003
6003
6003
6003
6003
6003
6003
6003
6003
6003
6003
6003
6003
6003
6003
6003
6003
6003
6003
6003
6003
6003
6003
6003
6003
6003
6003
6003
6003
6003
6003
6003
6003
6003
6003
6003
6003
6003
6000
6000
6000
6000
6000
6002
6002
6002
6002
6002
6002
6002
6002
6002
6002
6002
6002
6002
6002
6002
6002
6002
6002
6002
6002
6002
6002
6002
6002
5998
5998
5998
5998
5998
5998
5998
5998
5998
5998
5998
5998
5998
5998
5998
5998
5998
5998
5998
5998
5998
5999
5999
5999
5999
5999
5999
5999
5999
5999
5999
5999
5999
5999
5999
5999
5999
5999
5999
5999
5999
5999
5999
5999
5999
5999
5999
5999
5999
5999
5999
5999
5999
5999
5999
5999
5999
5999
5999
5999
5999
5999
5999
5999
5999
5999
5999
5999
5999
5999
5999
5999
5999
5999
5999
5999
5999
5999
5999
5999
5999
6000
6000
6000
6000
6000
6000
6000
6000
6000
6000
6000
6000
6000
6000
6000
5998
5998
5998
5998
5998
5998
5998
5998
5998
5998
5998
5998
5998
5998
5998
5998
5998
5998
5998
5998
5998
5998
5998
5998
5998
5998
5998
5998
5998
5998
5998
5998
5998
5998
5998
5998
5998
5998
5998
5998
5998
5998
5998
5998
5998
5998
5998
5998
5998
5998
5998
5998
5998
5998
5998
5998
5998
5998
5998
5998
5998
5998
5998
5998
5998
5998
5998
5998
5998
5998
5998
5998
5998
5998
5998
5998
5998
5998
5998
5998
5998
5998
5998
5998
5998
5998
5998
5998
5998
5998
5998
5998
5998
5998
5998
5998
5998
5998
5998
5998
5998
5998
5998
5998
5998
5998
5998
5998
5998
5998
5998
5998
5998
5998
5998
5998
5998
5998
5998
5998
5998
5998
5998
5998
5998
5998
5998
5998
5998
5998
5998
5998
5998
5998
5998
5998
5998
5998
5998
5998
5998
5998
5998
5998
5998
5998
5998
5998
5998
5998
5998
5998
5998
5998
5998
5998
5998
5998
5998
5998
5998
5998
5998
5998
5998
5998
5998
5998
5998
5998
5998
5998
5998
5998
5998
5998
5998
5998
5998
5998
5998
5998
5998
5998
5998
5998
5998
5998
5998
5998
5998
5998
5998
5998
5998
5998
5998
5998
5998
5998
5998
5998
5998
5998
5998
5998
5998
5998
5998
5998
5998
5998
5998
5998
5998
5998
5998
5998
5998
5998
5998
5998
5998
5998
5998
5998
5998
5998
5998
5998
5998
5998
5998
5998
5998
5998
5998
5998
5998
5998
5998
5998
5998
5998
5998
5998
5998
5998
5998
5998
5998
5998
5998
5998
5998
5998
5998
5998
5998
5998
5998
5998
5998
5998
5998
5998
5998
5998
5998
5998
5998
5998
5998
5998
5998
5998
5998
5998
5998
5998
5998
5998
5998
5998
5998
5998
5998
5998
5998
5998
5998
5998
5998
5998
5995
5987
5987
5987
5987
5987
5987
5987
5987
5987
5987
5987
5987
5987
5987
5987
5987
5987
5993
5993
5993
5993
5993
5993
5993
5993
5993
5993
5993
5993
5993
5993
5993
5993
5993
5993
5993
5993
5993
5993
5993
5993
5993
5993
5999
5999
5999
5999
5999
5999
5999
5999
5999
5999
5999
5999
5999
5999
5999
5999
5999
5993
5993
5993
5993
5993
5993
5993
5993
5993
5993
5993
5993
5993
5993
5993
5993
5993
5993
5993
5993
5993
5993
5993
5993
5993
5993
5993
5993
5993
5993
5993
5993
5993
5993
5993
5993
5993
5996
5996
5996
5996
5996
5996
5996
5996
5996
5996
5996
5996
5996
5993
5993
5993
5993
5993
5993
5993
5993
5993
5993
5993
5993
5993
5993
5993
5993
5993
5993
5993
5993
5993
5993
5993
5993
5993
5993
5993
5993
5993
5993
5993
5993
5993
5993
5993
5993
5993
5993
5993
5993
5993
5993
5993
5993
5993
5993
5993
5993
5993
5993
5993
5993
5993
5993
5993
5993
5993
5993
5993
5993
5993
5993
5993
5993
5993
5993
5993
5993
5993
5993
5993
5993
5993
5993
5993
5993
5993
5987
5987
5987
5987
5987
5987
5987
5987
5987
5987
5987
5987
5987
5987
5987
5987
5987
5987
5987
5987
5987
5987
5987
5987
5987
5987
5987
5987
5987
5987
5987
5987
5987
5987
5987
5987
5987
5987
5987
5987
5987
5980
5980
5980
5980
5980
5980
5980
5980
5980
5980
5980
5980
5980
5980
5980
5980
5980
5980
5980
5980
5980
5980
5980
5980
5980
5980
5980
5980
5980
5980
5980
5980
5980
5980
5980
5980
5980
5980
5980
5980
5980
5980
5980
5980
5980
5980
5980
5980
5980
5980
5980
5980
5980
5980
5980
5980
5980
5980
5980
5980
5980
5980
5980
5980
5980
5980
5980
5980
5980
5980
5980
5980
5980
5980
5980
5980
5980
5980
5980
5980
5980
5980
5980
5980
5980
5980
5983
5983
5983
5983
5973
5973
5973
5973
5973
5973
5973
5975
5975
5975
5975
5975
5975
5975
5975
5975
5975
5975
5975
5975
5975
5975
5975
5975
5975
5975
5975
5975
5975
5975
5975
5975
5975
5975
5975
5975
5975
5975
5975
5975
5975
5982
5982
5982
5982
5982
5982
5982
5982
5982
5982
5981
5981
5981
5981
