6792
6804
6856
6856
6945
6908
6908
6954
7010
7010
7010
6928
6875
6888
6900
6929
6925
6914
6914
6914
6898
6902
6822
6780
6828
6808
6842
6900
7017
7017
7017
6978
6986
6978
6989
6989
7033
7063
7041
7150
7095
7109
7189
7189
7189
7150
7196
7135
7179
7133
7042
6984
6959
6969
7061
7023
7008
7028
7168
7199
7185
7143
7198
7155
7177
7101
7120
7137
7107
7092
7101
7101
7157
7119
7143
7196
7198
7198
7176
7160
7171
7228
7221
7235
7312
7267
7230
7176
7020
7020
7007
6921
6921
6900
6836
6835
6826
6829
6808
6866
6724
6755
6812
6857
6914
6914
6942
6942
6942
7006
6944
6840
6840
6816
6816
6865
6824
6887
6887
6918
6906
6879
6909
6950
6950
6959
7023
6990
6990
6990
6930
6930
6817
6773
6767
6666
6687
6738
6671
6749
6714
6655
6642
6635
6635
6610
6576
6590
6590
6596
6719
6688
6732
6777
6695
6695
6746
6807
6861
6873
6870
6841
6892
6968
7035
7035
6995
6995
6995
7057
6970
7026
7030
7037
6985
6985
6964
6964
6975
6968
6870
6866
6866
6872
6874
6874
6877
6891
6891
6978
7085
7139
7164
7102
7175
7175
7193
7193
7120
7128
7128
7106
7062
7045
7104
7137
7158
7117
7114
7028
6969
7002
6973
6973
6965
6933
6902
6874
6889
6889
6848
6848
6908
6908
6908
6908
6908
6914
6914
6948
7039
6947
6953
6953
6943
6969
6912
6912
6960
6960
6893
6922
6922
6934
6934
6881
6881
6881
6930
6989
7083
7084
7058
7011
7011
7001
7001
6988
6985
7023
7020
7020
7020
7020
7020
7030
6954
7020
7080
7080
7023
7023
6962
7043
7043
7029
7097
7124
7124
7124
7124
7068
7028
7022
7013
7013
7025
6982
7002
6954
6907
6903
6866
6899
6928
6928
6875
6875
6808
6779
6808
6851
6859
6866
6862
6862
6839
6946
6942
7023
7023
7055
7055
7055
7041
7023
6998
6961
7024
7000
7029
7061
7077
7136
7124
7125
7050
7012
7002
7002
6977
7022
6888
6909
6911
6987
6985
6957
7019
7003
6954
6910
6886
6861
6935
6866
6914
6962
6945
6848
6816
6840
6840
6865
6874
6903
6903
6924
6924
6906
6925
6906
6871
6916
6918
6918
6927
6946
7008
6993
6907
6952
7004
7009
7028
6980
7008
6914
6933
6922
7041
7041
7001
6986
7099
7157
7124
7103
7103
7086
7046
7046
6966
6935
6945
6925
6925
6921
6860
6842
6964
6964
6950
6975
7008
7042
6989
7027
7028
7028
7083
7081
7081
6960
6950
6918
6904
6904
6904
6904
6816
6816
6813
6788
6852
6852
6882
6882
6819
6784
6839
6839
6839
6816
6816
6881
6833
6833
6833
6833
6764
6764
6764
6764
6672
6601
6574
6580
6543
6540
6530
6498
6541
6558
6627
6655
6716
6775
6783
6783
6778
6676
6666
6761
6800
6687
6687
6689
6689
6698
6731
6731
6797
6828
6855
6793
6782
6722
6643
6655
6569
6612
6612
6635
6635
6553
6548
6580
6608
6636
6636
6658
6609
6544
6658
6755
6755
6774
6804
6804
6804
6881
6832
6832
6918
6887
6899
6793
6807
6862
6862
6856
6870
6783
6783
6733
6705
6701
6679
6679
6679
6704
6704
6734
6769
6750
6877
6872
6858
6858
6806
6880
6936
7016
7029
6897
6896
6948
6952
6918
6889
6830
6808
6808
6808
6835
6835
6759
6730
6760
6757
6760
6797
6799
6799
6822
6730
6730
6730
6841
6866
6866
6777
6780
6776
6702
6702
6789
6730
6730
6743
6773
6773
6741
6828
6835
6745
6756
6816
6780
6789
6785
6777
6762
6731
6731
6809
6757
6682
6677
6680
6623
6623
6622
6572
6613
6549
6618
6618
6651
6748
6679
6673
6690
6679
6766
6728
6699
6759
6813
6754
6724
6661
6663
6638
6655
6655
6682
6671
6668
6659
6710
6710
6710
6603
6682
6749
6802
6872
6882
6882
6813
6915
6909
6909
6909
6909
6915
6876
6962
6962
6924
6907
6906
6939
6886
6905
6912
6926
6840
6863
6884
6884
6822
6880
6847
6885
6939
6939
6929
7002
6913
6822
6875
6859
7000
7000
6995
6922
6885
6916
6969
6969
6939
7057
7136
7126
7060
7060
6973
7003
7023
6894
6925
6865
6865
6837
6837
6837
6863
6867
6884
6900
6936
6892
6844
6854
6770
6748
6770
6770
6839
6897
6897
6797
6834
6834
6842
6842
6885
6991
6980
6928
6928
6961
6981
6907
6988
6980
6990
6993
6993
6984
6984
6829
6810
6782
6790
6790
6731
6726
6711
6721
6740
6715
6787
6781
6723
6706
6706
6741
6741
6727
6671
6671
6671
6689
6722
6742
6752
6745
6745
6691
6729
6729
6649
6649
6685
6685
6637
6709
6709
6786
6781
6689
6695
6603
6559
6527
6461
6427
6416
6442
6445
6448
6511
6511
6549
6504
6504
6506
6503
6560
6560
6570
6588
6588
6629
6629
6593
6625
6676
6675
6679
6688
6688
6788
6746
6707
6707
6752
6752
6752
6809
6825
6836
6838
6890
6890
6890
6833
6882
6877
6850
6837
6837
6837
6777
6698
6757
6730
6735
6724
6740
6715
6671
6677
6698
6667
6635
6601
6696
6648
6656
6689
6689
6690
6618
6600
6568
6576
6491
6574
6580
6526
6557
6614
6686
6686
6549
6652
6721
6827
6910
6885
6916
6916
6916
6903
6918
6928
6919
6896
6872
6881
6946
6946
7020
6960
6951
6932
6873
6829
6829
6855
6799
6799
6863
6859
6868
6815
6843
6921
6897
6891
6891
6900
6894
7014
6997
6985
6985
6911
6990
7023
6993
7011
7011
6953
6979
7046
7035
7046
7008
6974
6940
6988
6981
6981
7056
7051
7001
6979
6932
6821
6867
6871
6884
6855
6870
6870
6870
6808
6779
6779
6779
6769
6769
6769
6789
6794
6733
6727
6738
6738
6738
6770
6770
6805
6832
6867
6930
6959
6963
7044
7031
6995
6965
6971
6971
6990
6951
6951
6951
6828
6793
6855
6840
6875
6844
6844
6804
6828
6878
6877
6892
6855
6872
6872
6925
6896
6872
6803
6803
6790
6778
6778
6828
6940
6981
7082
7050
6924
6931
6931
6830
6817
6838
6790
6746
6786
6786
6786
6786
6758
6826
6853
6823
6823
6823
6812
6712
6705
6718
6738
6754
6697
6688
6650
6654
6666
6618
6700
6671
6671
6774
6695
6732
6732
6758
6758
6762
6790
6790
6728
6740
6740
6741
6741
6741
6746
6744
6779
6760
6760
6738
6752
6807
6842
6782
6825
6820
6781
6831
6843
6866
6863
6841
6812
6815
6841
6837
6798
6833
6857
6857
6857
6857
6857
6857
6906
6930
6968
6957
6957
6868
6937
6915
6898
6879
6905
6865
6865
6865
6852
6854
6813
6807
6774
6827
6796
6796
6750
6811
6724
6730
6727
6727
6838
6833
6794
6691
6667
6700
6700
6757
6757
6748
6772
6683
6776
6834
6774
6774
6737
6737
6737
6737
6768
6787
6738
6705
6771
6777
6790
6790
6802
6685
6639
6639
6706
6628
6610
6737
6728
6728
6704
6709
6645
6656
6574
6538
6591
6563
6510
6551
6598
6662
6654
6660
6641
6679
6679
6574
6532
6532
6496
6496
6519
6544
6531
6542
6602
6672
6672
6686
6686
6574
6560
6550
6511
6492
6562
6562
6597
6583
6585
6575
6576
6621
6621
6562
6562
6580
6611
6633
6579
6613
6600
6654
6659
6593
6662
6662
6670
6698
6755
6729
6737
6795
6795
6741
6705
6771
6771
6771
6681
6749
6771
6785
6789
6789
6786
6830
6794
6831
6831
6882
6967
6898
6966
6966
6890
6830
6830
6832
6852
6878
6878
6937
6918
6925
6903
6914
6931
6965
6998
7102
7095
6998
7012
7012
6995
6995
6978
7057
7098
7098
7098
7063
7077
7038
7047
7059
7007
6953
6872
6891
6823
6825
6801
6870
6935
6894
6894
6898
6898
6912
6878
6878
6762
6762
6789
6788
6788
6824
6810
6827
6827
6880
6936
6933
6922
6935
6885
6946
6961
6944
6944
6956
6939
6915
6894
6915
6950
6895
6889
6894
6848
6848
6778
6781
6760
6842
6837
6902
6855
6876
6881
6881
6928
6891
6883
6904
6931
6921
6914
6946
6950
6964
6905
6938
6914
7027
6975
6949
6960
6965
6974
6961
6933
6889
6935
6910
6908
6955
6888
6840
6812
6838
6838
6805
6822
6756
6756
6789
6789
6789
6767
6744
6785
6753
6766
6766
6794
6794
6787
6787
6803
6747
6817
6842
6855
6862
6906
6899
6903
6951
6893
6791
6780
6780
6737
6712
6710
6680
6706
6706
6748
6767
6769
6720
6676
6749
6749
6786
6733
6736
6793
6817
6793
6793
6789
6789
6799
6799
6821
6821
6821
6821
6823
6784
6814
6778
6790
6787
6778
6736
6680
6677
6667
6702
6761
6761
6784
6784
6784
6778
6792
6774
6774
6748
6788
6924
6816
6896
6896
6896
6903
6897
6966
6983
7008
6975
6942
6942
6860
6782
6782
6825
6847
6831
6873
6856
6860
6779
6848
6832
6810
6822
6820
6814
6822
6817
6931
6941
6828
6896
6878
6902
6880
6888
6888
6888
6966
7014
7053
6986
7018
7018
7071
7010
7064
7029
7069
7002
7002
6969
7025
7056
7025
7001
6975
6966
6863
6815
6849
6844
6841
6766
6784
6819
6819
6842
6923
6920
6920
6921
6989
7016
7016
6947
7017
7068
7044
7017
6985
7009
7038
6958
6906
6906
6881
6889
6907
6930
6877
6877
6877
6939
7022
7022
7053
7053
7075
7075
7014
7050
7047
7120
7093
7093
6993
7002
6965
7016
7094
7057
7085
7089
7118
7112
6993
6993
6964
6926
6835
6778
6836
6862
6892
6908
6908
6876
6876
6854
6854
6916
6929
6883
6852
6852
6852
6846
6883
6801
6801
6830
6851
6820
6834
6913
6910
6935
6909
6957
6957
6904
6914
6914
6914
6879
6861
6861
6875
6843
6853
6860
6860
6906
6919
6871
6859
6881
6862
6842
6855
6851
6844
6859
6782
6825
6788
6809
6785
6781
6830
6795
6827
6827
6758
6758
6735
6800
6794
6794
6807
6807
6888
6919
6956
6852
6861
6861
6925
6944
6944
6911
6880
6838
6890
6912
6915
6926
6989
6995
7012
7012
7045
7009
7004
7038
7038
6945
6923
6874
6874
6828
6806
6779
6773
6764
6748
6745
6745
6836
6836
6833
6873
6905
6973
6957
7000
7016
7065
7049
7049
7049
7049
7049
7049
7074
7074
7092
7115
7104
7031
6969
7035
7004
7020
6927
6961
6961
6901
6917
6971
6931
6924
6991
6991
6968
6984
6970
6924
6885
6885
6933
6973
6929
6909
6780
6748
6827
6827
6889
6889
6940
6913
6828
6828
6773
6790
6790
6790
6790
6758
6749
6750
6764
6724
6625
6606
6606
6616
6616
6629
6622
6622
6614
6614
6652
6621
6601
6566
6605
6605
6626
6626
6626
6556
6475
6482
6482
6482
6531
6531
6531
6513
6576
6600
6600
6660
6666
6758
6758
6780
6780
6780
6780
6814
6814
6796
6811
6751
6756
6788
6788
6731
6767
6767
6783
6795
6820
6815
6826
6918
6830
6829
6881
6881
6881
6956
6969
6906
6962
6882
6870
6944
6871
6875
6875
6875
6880
6853
6956
6974
6960
6970
6934
6947
6849
6836
6878
6848
6839
6921
6943
6959
6988
6988
6946
6907
6897
6897
6878
6950
7020
7047
7075
7075
7019
6976
6976
7018
7038
7038
7038
7031
7000
7090
7092
7147
7147
7233
7233
7252
7279
7252
7250
7236
7259
7216
7206
7174
7174
7057
7015
7015
7019
7031
6987
6987
6944
6965
6949
6964
6982
7002
7060
7083
7097
7037
7037
7037
7052
7040
7069
7068
7050
6978
6984
7095
7095
7095
7058
7055
7079
6961
6968
6974
6953
6956
6956
6974
6984
6995
6967
6957
6899
6845
6797
6754
6783
6805
6752
6752
6801
6801
6801
6827
6843
6810
6862
6862
6927
6927
6911
6932
6932
6932
6903
6847
6818
6842
6882
6930
6930
6930
6885
6887
6795
6795
6767
6767
6752
6701
6793
6811
6813
6745
6745
6745
6678
6690
6680
6680
6680
6680
6659
6636
6687
6672
6672
6672
6705
6677
6677
6677
6648
6648
6700
6708
6735
6736
6818
6818
6818
6830
6818
6818
6853
6853
6853
6885
6907
6859
6855
6911
6871
6857
6861
6850
6882
6834
6801
6763
6763
6780
6780
6780
6780
6795
6778
6721
6741
6793
6768
6789
6748
6748
6691
6779
6761
6761
6739
6700
6696
6696
6749
6749
6809
6809
6834
6834
6833
6833
6833
6785
6785
6760
6781
6804
6748
6792
6749
6796
6796
6804
6726
6726
6717
6777
6858
6858
6853
6977
6950
6950
6931
6976
6976
6931
7035
6966
6938
6875
6884
6939
6942
6956
6956
6925
6848
6847
6866
6868
6863
6829
6836
6862
6772
6891
6898
6898
6923
6923
6877
6897
6897
6887
6887
6887
6886
6870
6870
6845
6848
6848
6848
6917
6840
6840
6840
6844
6834
6845
6971
7018
6941
6941
6915
6853
6819
6816
6866
6866
6877
6862
6862
6833
6853
6795
6795
6753
6787
6749
6831
6829
6852
6852
6852
6886
6993
6993
6993
6993
7049
6924
6974
6925
6890
6931
6888
6841
6775
6775
6775
6775
6676
6676
6676
6677
6626
6628
6600
6651
6718
6632
6608
6651
6651
6723
6670
6787
6763
6764
6833
6756
6736
6772
6780
6799
6752
6752
6793
6806
6806
6800
6732
6788
6831
6831
6849
6849
6877
7016
7088
7088
7083
7100
7100
7103
7052
7034
7034
7056
6992
7015
7015
6921
6921
6861
6861
6883
6895
6972
6972
6948
6930
6929
6983
6919
7025
7010
6996
6938
6938
6940
6869
6896
6892
6906
6906
6941
6941
6928
6980
6877
6877
6805
6765
6765
6778
6773
6706
6706
6718
6793
6793
6744
6744
6794
6789
6777
6746
6746
6763
6847
6847
6863
6937
6861
6876
6801
6801
6767
6863
6863
6902
6902
6902
6934
6826
6773
6801
6732
6764
6779
6757
6757
6757
6781
6740
6779
6740
6740
6748
6748
6670
6670
6716
6721
6837
6837
6839
6850
6850
6850
6810
6768
6792
6777
6749
6814
6793
6814
6859
6931
6907
6897
6771
6857
6859
6940
6950
7005
7005
6971
6935
6935
6898
6898
6921
6921
6956
6973
6903
6848
6848
6794
6858
6801
6757
6753
6753
6710
6645
6645
6645
6694
6681
6717
6740
6707
6704
6765
6827
6791
6791
6908
6894
6926
6841
6810
6808
6808
6908
6878
6836
6836
6805
6831
6797
6797
6797
6760
6746
6749
6784
6784
6803
6807
6778
6678
6698
6698
6698
6699
6655
6687
6710
6652
6648
6633
6655
6608
6599
6599
6599
6631
6577
6623
6665
6665
6665
6684
6670
6650
6672
6696
6694
6694
6718
6718
6755
6753
6692
6718
6667
6740
6740
6809
6807
6776
6700
6749
6749
6749
6676
6650
6567
6586
6586
6636
6636
6659
6652
6620
6634
6614
6697
6722
6795
6795
6740
6694
6694
6675
6682
6670
6653
6653
6613
6613
6621
6607
6599
6706
6627
6657
6652
6652
6768
6875
6875
6875
6862
6862
6787
6725
6757
6757
6728
6757
6757
6757
6774
6774
6774
6822
6814
6823
6794
6754
6781
6829
6870
6870
6879
6844
6798
6798
6803
6798
6875
6910
6910
6914
6914
6912
6900
6952
7006
7038
6965
6965
6942
6924
6924
6924
6761
6806
6760
6738
6751
6740
6723
6720
6754
6762
6748
6780
6780
6763
6862
6789
6789
6693
6694
6680
6674
6706
6728
6728
6788
6791
6803
6822
6809
6778
6783
6698
6731
6780
6780
6768
6768
6798
6798
6739
6739
6739
6700
6791
6715
6833
6816
6888
6821
6827
6801
6745
6745
6766
6725
6725
6787
6806
6845
6904
6894
6890
6908
6998
6886
6837
6837
6810
6806
6806
6806
6806
6806
6940
6925
6864
6825
6825
6821
6899
6791
6838
6816
6736
6767
6767
6767
6767
6769
6756
6765
6769
6759
6759
6777
6780
6706
6706
6723
6776
6805
6798
6798
6758
6751
6725
6725
6725
6725
6725
6620
6660
6660
6660
6626
6626
6654
6662
6662
6603
6636
6558
6577
6621
6641
6597
6597
6597
6582
6595
6609
6667
6640
6606
6599
6664
6595
6596
6533
6523
6549
6622
6622
6658
6671
6665
6630
6653
6653
6659
6651
6657
6662
6692
6692
6692
6725
6756
6717
6773
6784
6826
6811
6854
6872
6872
6872
6872
6905
6921
6920
6927
6886
6855
6768
6768
6743
6743
6713
6771
6809
6731
6731
6681
6699
6727
6727
6727
6592
6592
6618
6601
6649
6649
6670
6631
6624
6624
6624
6615
6615
6623
6623
6649
6726
6726
6742
6812
6866
6870
6870
6870
6949
6949
6896
6899
6899
6961
6824
6770
6770
6770
6770
6797
6831
6881
6948
6948
6948
6948
6948
6910
6910
6821
6822
6766
6760
6781
6812
6848
6848
6847
6881
6963
6908
6826
6870
6851
6857
6857
6875
6871
6887
6764
6801
6801
6797
6772
6734
6756
6827
6828
6914
6914
6914
6919
6919
6919
6964
6918
6860
6859
6774
6840
6739
6731
6734
6749
6749
6770
6738
6738
6738
6700
6677
6718
6718
6738
6738
6738
6711
6780
6749
6745
6745
6745
6776
6749
6785
6785
6834
6834
6794
6741
6741
6781
6757
6742
6742
6742
6703
6672
6744
6697
6749
6689
6689
6800
6795
6795
6788
6778
6820
6845
6858
6810
6810
6867
6867
6850
6850
6876
6876
6834
6834
6814
6811
6811
6767
6787
6773
6756
6726
6726
6725
6725
6699
6738
6776
6834
6837
6837
6889
6840
6840
6833
6833
6833
6746
6768
6682
6717
6717
6717
6724
6691
6726
6703
6703
6704
6706
6706
6706
6706
6706
6715
6786
6758
6724
6742
6789
6815
6815
6815
6815
6784
6776
6776
6776
6776
6776
6776
6776
6776
6777
6777
6744
6744
6739
6710
6648
6648
6685
6694
6716
6716
6716
6716
6609
6520
6600
6600
6600
6600
6593
6633
6618
6599
6584
6593
6542
6482
6482
6504
6575
6575
6560
6573
6592
6576
6576
6561
6565
6613
6613
6636
6603
6650
6603
6632
6632
6703
6703
6625
6625
6641
6740
6776
6764
6719
6679
6679
6679
6635
6618
6601
6601
6604
6604
6626
6682
6587
6579
6592
6592
6609
6607
6559
6559
6644
6596
6554
6554
6554
6540
6546
6552
6552
6609
6609
6609
6609
6613
6632
6601
6601
6615
6594
6594
6594
6594
6603
6642
6640
6711
6711
6711
6655
6676
6648
6641
6669
6681
6681
6701
6644
6644
6567
6567
6485
6485
6484
6581
6574
6574
6612
6571
6511
6511
6498
6581
6581
6589
6589
6543
6543
6548
6548
6548
6548
6548
6548
6561
6561
6605
6605
6583
6585
6571
6539
6539
6565
6559
6562
6604
6604
6604
6642
6684
6632
6632
6638
6638
6638
6683
6632
6682
6682
6761
6679
6654
6654
6626
6658
6680
6751
6791
6781
6771
6804
6804
6787
6787
6799
6760
6724
6729
6652
6655
6560
6559
6581
6592
6592
6669
6712
6701
6701
6738
6750
6750
6760
6648
6675
6600
6682
6678
6678
6658
6776
6717
6661
6657
6616
6616
6616
6616
6630
6637
6650
6589
6589
6617
6640
6640
6683
6683
6639
6633
6612
6612
6612
6705
6694
6658
6692
6723
6723
6700
6687
6687
6668
6652
6687
6690
6690
6690
6665
6665
6659
6664
6664
6665
6631
6633
6633
6633
6633
6659
6659
6663
6663
6663
6682
6682
6682
6682
6679
6679
6666
6707
6651
6684
6694
6698
6723
6684
6709
6655
6702
6679
6666
6666
6666
6699
6684
6684
6739
6743
6743
6750
6750
6671
6635
6635
6656
6708
6719
6734
6732
6841
6858
6858
6832
6864
6828
6828
6873
6835
6824
6837
6837
6742
6758
6758
6808
6853
6853
6853
6872
6810
6810
6885
6865
6833
6833
6943
6978
7012
6998
7019
7019
7019
7102
7144
7057
7000
7024
7015
6976
6959
6959
7003
6940
6955
6900
6868
6869
6928
6919
7039
7046
7046
7046
7046
7086
7086
7086
7075
7038
7041
7044
7054
7059
7071
7095
7095
7074
7056
6995
6910
6882
6897
6897
6944
6944
6907
6869
6864
6753
6854
6798
6834
6758
6710
6765
6795
6722
6733
6700
6672
6672
6673
6673
6673
6673
6700
6724
6724
6783
6812
6812
6780
6756
6830
6851
6851
6842
6842
6814
6889
6868
6868
6860
6771
6736
6730
6730
6733
6692
6680
6658
6676
6708
6654
6654
6654
6676
6654
6735
6732
6718
6712
6729
6729
6771
6771
6771
6749
6749
6828
6828
6826
6772
6791
6869
6944
6968
6940
6959
6880
6852
6896
6839
6889
6768
6768
6758
6758
6758
6814
6771
6797
6797
6800
6800
6912
6834
6850
6921
6935
6924
6989
6989
6989
6974
6943
6886
6870
6874
6911
6911
6911
6907
6982
6944
7010
6974
6974
6912
6900
6956
6954
6996
7022
7022
6937
6996
7007
6910
6880
6870
6870
6874
6864
6864
6872
6956
6905
6837
6837
6873
6893
6893
6785
6705
6705
6705
6682
6678
6663
6694
6693
6758
6737
6734
6734
6774
6729
6733
6733
6733
6773
6867
6879
6855
6867
6837
6808
6808
6808
6795
6801
6780
6787
6787
6736
6775
6771
6764
6770
6768
6693
6699
6708
6711
6676
6660
6664
6617
6646
6713
6713
6713
6714
6714
6664
6689
6695
6708
6708
6708
6743
6743
6707
6632
6696
6723
6714
6714
6714
6654
6654
6626
6624
6624
6623
6712
6712
6712
6677
6677
6717
6721
6719
6710
6738
6738
6743
6769
6791
6793
6808
6729
6729
6745
6745
6829
6829
6787
6715
6755
6743
6742
6757
6647
6651
6695
6830
6830
6837
6806
6896
6887
6887
6819
6819
6819
6806
6765
6834
6889
6936
6961
6976
6913
6913
6871
6871
6848
6807
6813
6813
6813
6800
6800
6767
6817
6817
6877
6896
6896
6842
6757
6826
6858
6904
6883
6883
6833
6809
6801
6801
6820
6699
6699
6699
6758
6758
6761
6746
6749
6771
6771
6772
6695
6709
6709
6728
6735
6736
6736
6748
6740
6697
6750
6786
6789
6780
6807
6812
6682
6682
6762
6740
6781
6781
6797
6797
6816
6852
6795
6795
6795
6725
6702
6741
6741
6730
6713
6680
6587
6587
6574
6574
6570
6570
6634
6652
6649
6649
6680
6680
6632
6649
6634
6634
6634
6634
6634
6735
6731
6731
6766
6764
6743
6674
6654
6654
6680
6692
6692
6667
6667
6672
6761
6680
6753
6753
6808
6804
6815
6815
6699
6699
6667
6677
6692
6758
6758
6671
6665
6665
6671
6671
6672
6662
6653
6644
6644
6669
6669
6669
6652
6652
6737
6737
6737
6752
6774
6809
6863
6856
6868
6904
6903
6899
6899
6899
6899
6900
6900
6900
6900
6867
6871
6871
6787
6787
6762
6805
6763
6760
6760
6760
6759
6738
6738
6746
6746
6749
6700
6686
6797
6823
6821
6756
6786
6800
6800
6729
6696
6696
6688
6734
6740
6740
6776
6776
6769
6769
6769
6769
6720
6679
6740
6740
6740
6740
6740
6740
6737
6720
6789
6748
6769
6769
6657
6723
6713
6713
6759
6792
6792
6792
6769
6769
6769
6710
6710
6710
6710
6681
6724
6783
6783
6844
6844
6831
6794
6818
6831
6913
6913
6833
6833
6833
6863
6863
6705
6696
6647
6647
6708
6702
6676
6670
6635
6645
6651
6658
6697
6682
6682
6682
6682
6682
6682
6712
6712
6712
6760
6814
6814
6814
6814
6873
6910
6910
6953
6953
6885
6957
6897
6931
6928
6869
6943
6985
6978
7032
6988
6899
6940
6883
6785
6785
6773
6820
6773
6803
6783
6801
6838
6838
6835
6835
6782
6782
6730
6724
6720
6720
6720
6720
6740
6720
6720
6720
6762
6762
6749
6740
6713
6698
6692
6692
6711
6710
6676
6662
6657
6657
6729
6729
6729
6738
6738
6738
6738
6709
6709
6727
6741
6808
6867
6721
6721
6721
6721
6721
6729
6744
6744
6751
6751
6868
6815
6793
6771
6724
6634
6589
6589
6589
6543
6551
6551
6602
6633
6633
6611
6606
6606
6618
6618
6618
6618
6618
6624
6624
6640
6691
6714
6749
6746
6734
6656
6716
6716
6645
6645
6663
6633
6627
6673
6673
6776
6792
6792
6814
6814
6819
6819
6819
6824
6831
6831
6838
6916
6912
6884
6802
6803
6889
6836
6865
6867
6867
6904
6912
6975
6986
6960
6969
7000
7000
7014
7071
7058
7058
7006
6968
6939
6939
6937
6976
6976
6996
7048
7026
7026
7026
6976
6944
6944
7006
6961
7018
7028
6995
6961
6954
6933
6959
6919
6817
6788
6888
6888
6888
6868
6959
6964
6964
6910
6910
6844
6844
6933
6906
6906
6906
6906
6929
6942
6918
6918
6887
6867
6867
6891
6856
6897
6944
7010
6979
6979
7029
7021
7051
6996
6996
6997
6978
6965
6899
6899
6899
6914
6889
6897
6916
6895
6895
6895
6888
6888
6888
6888
6887
6866
6866
6872
6872
6864
6822
6811
6811
6811
6811
6811
6811
6884
6834
6834
6812
6812
6812
6812
6847
6871
6820
6803
6803
6811
6811
6811
6843
6846
6845
6845
6864
6817
6817
6829
6829
6905
6905
6859
6831
6831
6762
6779
6779
6680
6680
6680
6680
6701
6695
6666
6666
6666
6722
6701
6697
6697
6670
6686
6694
6713
6713
6753
6790
6791
6791
6820
6830
6806
6776
6776
6776
6809
6809
6809
6794
6794
6794
6794
6794
6846
6846
6788
6731
6731
6734
6734
6809
6835
6835
6835
6818
6823
6754
6750
6750
6715
6697
6673
6673
6627
6627
6627
6634
6657
6657
6657
6655
6655
6655
6655
6655
6673
6652
6641
6630
6661
6661
6685
6685
6685
6716
6669
6668
6696
6650
6669
6669
6669
6675
6675
6630
6724
6674
6672
6653
6653
6655
6639
6652
6652
6730
6809
6767
6767
6766
6757
6757
6757
6690
6625
6625
6625
6629
6629
6625
6629
6601
6614
6567
6591
6565
6543
6617
6633
6633
6613
6641
6677
6681
6685
6662
6662
6662
6644
6644
6642
6642
6642
6693
6705
6705
6705
6705
6693
6645
6645
6676
6676
6676
6701
6691
6695
6719
6720
6780
6750
6750
6728
6712
6712
6694
6642
6642
6659
6672
6770
6841
6841
6838
6778
6820
6757
6753
6715
6720
6634
6634
6644
6614
6586
6586
6610
6594
6635
6635
6547
6566
6540
6540
6540
6556
6558
6565
6571
6568
6599
6649
6648
6658
6669
6669
6580
6580
6580
6580
6580
6580
6607
6574
6539
6507
6556
6550
6540
6541
6541
6528
6528
6541
6517
6517
6490
6486
6481
6465
6465
6506
6502
6532
6522
6556
6520
6520
6509
6509
6517
6517
6520
6567
6567
6567
6608
6608
6501
6501
6501
6552
6552
6552
6580
6584
6584
6569
6569
6552
6552
6520
6514
6514
6514
6576
6576
6550
6550
6550
6550
6479
6479
6479
6479
6479
6525
6525
6525
6505
6505
6520
6551
6551
6551
6551
6480
6486
6486
6573
6576
6576
6576
6655
6685
6744
6776
6753
6753
6753
6753
6753
6695
6690
6633
6633
6633
6604
6514
6508
6508
6524
6536
6536
6536
6536
6536
6571
6571
6530
6475
6475
6506
6506
6495
6535
6550
6498
6498
6516
6516
6512
6512
6567
6523
6529
6496
6533
6533
6572
6572
6599
6599
6619
6619
6619
6630
6630
6622
6622
6622
6629
6589
6595
6595
6594
6594
6594
6591
6591
6609
6623
6623
6671
6604
6616
6583
6540
6540
6530
6530
6575
6612
6612
6606
6590
6590
6590
6590
6591
6616
6567
6528
6528
6528
6568
6560
6560
6570
6590
6590
6605
6552
6552
6540
6470
6417
6417
6422
6422
6426
6405
6405
6405
6416
6386
6386
6421
6456
6456
6417
6387
6432
6491
6512
6510
6510
6510
6578
6584
6584
6584
6584
6515
6515
6515
6515
6554
6545
6579
6579
6579
6563
6563
6563
6563
6557
6560
6527
6527
6527
6467
6467
6467
6424
6420
6420
6431
6431
6431
6431
6452
6477
6477
6477
6456
6456
6422
6493
6471
6536
6498
6498
6518
6518
6518
6518
6510
6581
6573
6573
6573
6559
6559
6613
6629
6613
6613
6584
6584
6584
6584
6582
6582
6593
6593
6593
6593
6615
6593
6593
6593
6605
6605
6583
6589
6589
6589
6559
6559
6569
6569
6546
6546
6546
6541
6476
6478
6478
6477
6477
6477
6525
6525
6523
6523
6523
6523
6554
6553
6553
6553
6553
6553
6523
6521
6542
6577
6577
6579
6621
6621
6566
6566
6566
6565
6565
6565
6565
6594
6594
6606
6607
6507
6471
6471
6471
6494
6459
6459
6459
6460
6476
6476
6496
6496
6473
6473
6473
6518
6518
6602
6505
6476
6437
6402
6402
6402
6402
6402
6402
6402
6402
6485
6480
6460
6434
6434
6434
6448
6436
6436
6436
6475
6449
6449
6428
6458
6452
6452
6452
6452
6475
6475
6519
6472
6472
6464
6464
6496
6465
6465
6465
6465
6465
6430
6434
6419
6419
6419
6471
6428
6408
6408
6408
6408
6407
6452
6507
6469
6511
6511
6511
6519
6572
6572
6594
6565
6565
6565
6501
6494
6476
6476
6476
6522
6522
6522
6522
6535
6535
6535
6535
6535
6535
6535
6466
6478
6478
6478
6476
6476
6476
6476
6476
6476
6476
6476
6476
6476
6562
6562
6562
6562
6562
6543
6543
6658
6658
6671
6638
6587
6614
6614
6659
6655
6655
6655
6671
6620
6614
6627
6627
6637
6680
6680
6642
6657
6663
6610
6593
6600
6600
6653
6653
6622
6622
6622
6648
6648
6648
6648
6664
6664
6604
6647
6623
6619
6619
6619
6619
6649
6639
6634
6645
6645
6625
6625
6628
6625
6633
6601
6617
6617
6617
6667
6675
6675
6724
6699
6699
6718
6695
6695
6695
6662
6597
6597
6597
6573
6573
6573
6639
6617
6633
6626
6595
6689
6695
6693
6693
6738
6755
6755
6732
6736
6774
6818
6775
6797
6797
6797
6826
6826
6814
6858
6909
6896
6787
6696
6695
6695
6690
6705
6773
6827
6827
6811
6811
6774
6747
6710
6710
6715
6715
6669
6707
6629
6636
6636
6631
6624
6624
6645
6645
6655
6655
6655
6640
6598
6598
6598
6603
6603
6603
6603
6603
6574
6622
6622
6622
6604
6604
6631
6564
6564
6556
6556
6570
6576
6597
6580
6598
6602
6602
6593
6539
6533
6495
6495
6495
6482
6494
6494
6470
6470
6470
6470
6463
6459
6437
6437
6437
6437
6470
6499
6499
6499
6474
6474
6486
6486
6486
6479
6479
6479
6482
6529
6534
6534
6534
6534
6534
6541
6544
6570
6624
6622
6665
6665
6665
6639
6625
6625
6625
6607
6607
6607
6607
6645
6662
6673
6703
6682
6734
6668
6665
6666
6666
6680
6670
6689
6677
6688
6688
6716
6700
6674
6710
6710
6708
6708
6711
6711
6724
6724
6724
6737
6728
6732
6732
6728
6728
6649
6649
6612
6613
6613
6613
6613
6661
6691
6658
6658
6630
6630
6595
6591
6550
6550
6550
6550
6537
6537
6537
6523
6491
6533
6506
6506
6499
6499
6482
6482
6482
6498
6509
6521
6529
6524
6552
6552
6552
6552
6552
6552
6589
6589
6558
6552
6552
6552
6567
6546
6561
6561
6561
6561
6561
6609
6609
6480
6466
6459
6445
6445
6454
6454
6454
6488
6488
6488
6488
6488
6488
6488
6488
6488
6482
6482
6482
6482
6476
6476
6476
6446
6486
6464
6489
6486
6486
6431
6431
6372
6391
6391
6391
6390
6408
6412
6412
6412
6412
6489
6489
6466
6521
6521
6521
6498
6498
6496
6496
6496
6485
6448
6473
6458
6487
6453
6440
6440
6440
6440
6429
6448
6448
6468
6468
6494
6494
6494
6494
6494
6471
6471
6509
6509
6509
6509
6509
6509
6509
6496
6561
6561
6547
6510
6510
6507
6525
6617
6695
6643
6645
6644
6644
6644
6616
6618
6639
6733
6733
6733
6761
6725
6726
6726
6768
6768
6768
6768
6768
6768
6761
6770
6744
6744
6771
6785
6783
6793
6820
6796
6796
6796
6796
6796
6817
6817
6817
6776
6776
6751
6820
6805
6798
6798
6798
6812
6812
6812
6739
6755
6797
6771
6747
6723
6723
6698
6698
6632
6632
6604
6621
6602
6602
6602
6594
6594
6565
6533
6533
6498
6513
6513
6484
6430
6427
6427
6427
6427
6437
6437
6454
6454
6454
6454
6467
6464
6464
6464
6464
6465
6448
6450
6450
6450
6450
6478
6478
6478
6471
6513
6513
6514
6514
6514
6532
6532
6515
6515
6515
6567
6505
6505
6517
6494
6564
6564
6564
6523
6523
6523
6475
6475
6462
6392
6415
6415
6415
6415
6415
6415
6463
6463
6416
6416
6416
6420
6421
6421
6458
6458
6463
6463
6506
6506
6498
6507
6482
6478
6429
6429
6496
6496
6477
6477
6550
6534
6576
6511
6511
6511
6511
6588
6588
6588
6563
6563
6538
6424
6513
6513
6558
6558
6558
6537
6521
6521
6480
6495
6495
6495
6475
6475
6475
6475
6475
6475
6475
6438
6478
6478
6478
6478
6519
6518
6518
6518
6530
6546
6546
6542
6542
6547
6547
6518
6518
6518
6531
6525
6525
6525
6510
6510
6509
6542
6583
6550
6550
6550
6550
6550
6550
6550
6550
6550
6550
6550
6542
6542
6588
6588
6588
6615
6615
6656
6656
6656
6656
6656
6635
6607
6607
6607
6613
6613
6613
6631
6631
6631
6631
6605
6605
6581
6581
6622
6622
6622
6622
6622
6622
6597
6573
6573
6593
6593
6572
6572
6572
6572
6571
6558
6581
6587
6587
6587
6577
6635
6656
6656
6656
6656
6656
6656
6656
6663
6604
6604
6571
6571
6571
6593
6593
6531
6531
6539
6498
6542
6542
6504
6552
6546
6537
6543
6543
6543
6543
6543
6543
6543
6543
6486
6486
6486
6486
6486
6486
6486
6486
6486
6486
6486
6486
6505
6505
6538
6538
6538
6562
6562
6562
6562
6562
6562
6562
6562
6562
6562
6562
6562
6571
6552
6547
6547
6547
6539
6539
6566
6566
6564
6564
6582
6582
6582
6582
6597
6606
6668
6672
6594
6594
6594
6595
6588
6579
6618
6629
6629
6646
6659
6659
6629
6623
6611
6611
6611
6582
6582
6582
6575
6575
6575
6573
6588
6598
6637
6573
6573
6490
6490
6460
6463
6463
6463
6463
6463
6463
6463
6463
6463
6480
6480
6480
6480
6480
6475
6475
6475
6500
6500
6500
6502
6502
6502
6502
6492
6492
6502
6502
6502
6492
6492
6492
6492
6492
6492
6492
6537
6532
6532
6549
6523
6523
6499
6499
6519
6519
6519
6579
6579
6579
6537
6539
6539
6539
6539
6539
6517
6517
6517
6517
6505
6505
6505
6482
6482
6470
6485
6485
6485
6485
6504
6477
6461
6461
6545
6542
6535
6535
6535
6485
6479
6402
6402
6402
6402
6396
6393
6393
6393
6407
6415
6480
6453
6437
6437
6437
6437
6437
6437
6448
6448
6448
6448
6448
6448
6448
6448
6403
6403
6376
6376
6376
6376
6376
6376
6376
6376
6384
6384
6377
6377
6372
6372
6364
6404
6404
6411
6411
6421
6421
6421
6438
6391
6391
6361
6361
6361
6361
6361
6361
6361
6361
6374
6374
6374
6374
6374
6372
6372
6372
6372
6379
6379
6379
6378
6378
6378
6363
6363
6332
6337
6337
6337
6337
6337
6337
6337
6390
6368
6369
6369
6369
6369
6369
6369
6369
6369
6346
6346
6339
6365
6365
6365
6347
6316
6263
6263
6263
6263
6263
6263
6317
6327
6303
6336
6348
6354
6354
6354
6356
6362
6336
6339
6350
6350
6305
6305
6305
6294
6294
6359
6359
6352
6360
6412
6412
6412
6399
6399
6399
6416
6416
6406
6420
6420
6398
6398
6398
6398
6401
6401
6401
6382
6377
6377
6410
6414
6414
6414
6400
6400
6400
6400
6401
6401
6353
6353
6353
6330
6330
6330
6330
6330
6330
6330
6324
6320
6320
6320
6320
6325
6325
6325
6325
6325
6325
6325
6325
6325
6325
6325
6358
6358
6358
6358
6376
6376
6376
6376
6376
6376
6376
6376
6379
6379
6379
6355
6371
6371
6371
6371
6371
6371
6368
6368
6368
6368
6368
6368
6370
6370
6370
6370
6370
6370
6370
6370
6370
6370
6370
6370
6352
6352
6352
6352
6352
6352
6352
6352
6352
6352
6352
6352
6353
6358
6358
6417
6422
6422
6428
6428
6429
6400
6400
6401
6401
6422
6408
6389
6390
6398
6402
6399
6393
6393
6393
6393
6393
6393
6382
6381
6381
6381
6381
6381
6402
6402
6402
6402
6402
6402
6402
6402
6402
6402
6402
6402
6402
6402
6402
6402
6431
6378
6378
6378
6394
6394
6395
6395
6437
6437
6406
6413
6436
6436
6460
6460
6460
6460
6480
6480
6404
6407
6407
6407
6407
6407
6407
6462
6462
6463
6441
6411
6411
6411
6411
6393
6393
6378
6378
6432
6432
6432
6473
6493
6491
6491
6449
6430
6466
6470
6463
6463
6446
6391
6391
6369
6325
6311
6311
6311
6311
6311
6311
6311
6309
6309
6309
6309
6322
6323
6319
6319
6319
6326
6326
6325
6345
6345
6328
6328
6298
6310
6310
6348
6348
6311
6311
6329
6329
6329
6329
6345
6345
6345
6345
6345
6345
6345
6345
6345
6345
6345
6345
6345
6345
6345
6326
6326
6295
6295
6301
6295
6295
6295
6295
6295
6346
6346
6346
6321
6321
6321
6321
6321
6321
6321
6321
6320
6318
6318
6318
6319
6319
6319
6319
6319
6313
6314
6341
6341
6341
6341
6341
6341
6341
6341
6359
6359
6359
6336
6336
6336
6336
6336
6336
6336
6339
6339
6339
6339
6343
6343
6343
6343
6350
6350
6328
6328
6328
6328
6328
6328
6328
6328
6328
6328
6366
6364
6362
6356
6356
6356
6356
6328
6328
6328
6316
6316
6316
6316
6316
6316
6342
6342
6342
6351
6349
6349
6327
6327
6327
6327
6327
6327
6327
6327
6327
6327
6327
6327
6327
6312
6318
6318
6318
6303
6329
6329
6317
6317
6270
6289
6289
6289
6275
6275
6275
6275
6279
6279
6279
6279
6279
6279
6279
6279
6279
6279
6279
6279
6279
6279
6270
6270
6270
6270
6258
6258
6257
6257
6257
6257
6257
6257
6311
6311
6328
6328
6328
6328
6328
6328
6323
6323
6323
6323
6323
6293
6293
6293
6293
6293
6293
6293
6293
6293
6270
6270
6270
6270
6270
6270
6270
6270
6279
6279
6279
6264
6248
6242
6242
6276
6276
6276
6276
6260
6246
6246
6288
6288
6287
6251
6251
6251
6251
6251
6251
6251
6251
6251
6251
6243
6243
6261
6261
6245
6245
6245
6245
6245
6245
6245
6216
6216
6219
6226
6219
6219
6219
6219
6219
6219
6214
6221
6221
6221
6222
6221
6204
6204
6204
6204
6204
6204
6227
6218
6246
6249
6249
6249
6249
6214
6214
6210
6210
6224
6232
6232
6232
6232
6232
6196
6196
6196
6196
6196
6196
6196
6219
6219
6219
6192
6200
6200
6207
6206
6206
6206
6206
6206
6206
6206
6206
6206
6206
6206
6206
6206
6206
6206
6206
6206
6206
6206
6206
6206
6206
6206
6206
6211
6211
6211
6211
6206
6209
6194
6194
6194
6194
6179
6190
6175
6175
6175
6175
6191
6173
6176
6176
6176
6176
6176
6176
6176
6176
6176
6176
6152
6152
6152
6152
6152
6152
6154
6154
6154
6154
6154
6154
6154
6154
6152
6152
6152
6152
6152
6152
6152
6152
6152
6152
6161
6161
6161
6140
6140
6140
6140
6140
6140
6152
6152
6152
6152
6152
6152
6152
6153
6145
6145
6145
6145
6145
6145
6145
6145
6157
6157
6157
6157
6157
6157
6157
6157
6157
6157
6157
6157
6156
6156
6156
6156
6156
6169
6162
6162
6162
6162
6162
6162
6162
6162
6162
6162
6162
6162
6162
6165
6194
6169
6169
6167
6167
6167
6167
6167
6167
6167
6167
6178
6178
6140
6133
6133
6133
6133
6129
6129
6115
6115
6115
6099
6099
6099
6103
6103
6112
6112
6112
6112
6112
6112
6112
6112
6112
6112
6112
6112
6112
6105
6105
6105
6105
6105
6105
6105
6105
6105
6102
6105
6106
6106
6106
6106
6106
6106
6106
6072
6072
6072
6072
6072
6072
6072
6072
6072
6072
6072
6072
6072
6082
6082
6078
6078
6078
6078
6078
6078
6078
6099
6099
6099
6099
6099
6099
6099
6099
6099
6099
6099
6099
6099
6099
6099
6099
6099
6100
6100
6100
6104
6104
6104
6104
6104
6104
6093
6093
6093
6093
6093
6128
6128
6127
6127
6127
6127
6127
6127
6127
6127
6127
6127
6127
6127
6127
6127
6127
6127
6127
6127
6127
6127
6127
6127
6127
6127
6127
6127
6127
6127
6127
6127
6127
6084
6084
6084
6084
6084
6087
6087
6087
6087
6087
6087
6087
6087
6087
6087
6087
6087
6087
6088
6084
6084
6084
6084
6084
6084
6084
6084
6102
6106
6106
6106
6106
6106
6106
6106
6106
6106
6106
6106
6106
6122
6122
6122
6122
6122
6122
6128
6128
6128
6128
6128
6128
6128
6128
6178
6178
6178
6178
6178
6178
6178
6178
6178
6178
6180
6189
6174
6174
6174
6174
6174
6174
6174
6174
6174
6174
6174
6174
6190
6190
6190
6190
6183
6209
6209
6209
6200
6200
6200
6200
6200
6200
6200
6200
6200
6198
6198
6198
6198
6198
6199
6199
6199
6199
6199
6199
6199
6199
6199
6198
6198
6198
6198
6198
6198
6198
6198
6198
6190
6190
6188
6188
6188
6188
6188
6188
6188
6188
6188
6188
6188
6188
6188
6188
6188
6188
6188
6188
6188
6188
6188
6202
6202
6202
6202
6202
6202
6202
6205
6190
6190
6172
6172
6172
6172
6172
6172
6172
6172
6172
6172
6172
6213
6213
6213
6213
6213
6213
6213
6213
6213
6193
6193
6206
6206
6206
6206
6206
6206
6206
6206
6206
6206
6206
6206
6233
6233
6233
6230
6230
6230
6210
6210
6210
6210
6210
6210
6210
6210
6210
6210
6210
6210
6210
6210
6210
6210
6210
6200
6200
6200
6200
6214
6214
6214
6214
6214
6214
6214
6214
6214
6220
6220
6203
6203
6203
6203
6203
6203
6203
6203
6205
6213
6213
6213
6213
6213
6213
6213
6213
6213
6213
6203
6211
6208
6208
6210
6210
6210
6210
6210
6210
6210
6210
6210
6210
6210
6210
6210
6213
6213
6213
6213
6213
6213
6213
6213
6213
6213
6213
6213
6213
6213
6213
6213
6213
6235
6221
6221
6187
6187
6187
6187
6187
6187
6187
6187
6187
6187
6188
6188
6188
6188
6188
6188
6188
6188
6188
6188
6188
6188
6204
6204
6204
6204
6204
6204
6204
6194
6194
6194
6194
6194
6194
6194
6194
6194
6194
6216
6216
6216
6218
6218
6218
6218
6218
6218
6218
6218
6218
6218
6218
6218
6218
6218
6218
6218
6218
6218
6218
6218
6218
6218
6188
6188
6190
6190
6182
6182
6185
6185
6185
6185
6185
6185
6185
6185
6185
6185
6192
6192
6132
6132
6132
6132
6118
6118
6118
6118
6109
6109
6109
6124
6124
6124
6124
6128
6128
6132
6132
6142
6142
6142
6142
6142
6150
6168
6168
6168
6168
6168
6168
6168
6168
6168
6168
6168
6183
6183
6183
6183
6183
6183
6183
6173
6173
6173
6173
6173
6173
6169
6169
6169
6169
6150
6150
6150
6150
6150
6143
6143
6143
6143
6150
6150
6150
6155
6155
6155
6155
6155
6155
6155
6150
6150
6150
6150
6137
6137
6137
6137
6137
6137
6137
6137
6137
6137
6131
6131
6131
6131
6154
6154
6154
6154
6154
6154
6154
6154
6154
6154
6154
6154
6154
6154
6154
6159
6159
6159
6159
6159
6159
6159
6159
6159
6159
6159
6159
6159
6159
6154
6154
6154
6154
6154
6154
6154
6154
6154
6154
6154
6154
6158
6154
6154
6154
6154
6154
6154
6154
6154
6154
6154
6117
6117
6117
6117
6117
6121
6121
6121
6121
6100
6100
6100
6100
6100
6100
6100
6100
6100
6100
6100
6100
6100
6100
6100
6100
6100
6100
6100
6100
6100
6100
6100
6100
6100
6100
6100
6100
6100
6100
6100
6100
6100
6100
6100
6092
6092
6092
6092
6092
6092
6092
6092
6089
6089
6089
6089
6089
6089
6089
6089
6089
6089
6079
6079
6079
6079
6079
6079
6064
6064
6064
6064
6064
6064
6068
6068
6068
6068
6068
6068
6041
6041
6041
6041
6041
6041
6041
6041
6041
6041
6041
6041
6040
6040
6040
6040
6040
6040
6040
6040
6040
6040
6040
6040
6040
6040
6040
6040
6040
6040
6040
6040
6040
6040
6040
6040
6040
6040
6039
6039
6042
6042
6042
6042
6042
6042
6042
6042
6042
6042
6042
6042
6042
6042
6037
6037
6037
6037
6037
6037
6037
6037
6037
6037
6037
6037
6037
6037
6037
6037
6037
6037
6037
6037
6037
6037
6037
6037
6037
6037
6037
6037
6037
6037
6037
6037
6028
6028
6028
6028
6028
6028
6028
6028
6028
6028
6028
6028
6028
6028
6028
6030
6030
6030
6030
6030
6030
6030
6030
6028
6028
6028
6028
6028
6028
6028
6028
6028
6028
6028
6028
6028
6028
6028
6028
6028
6020
6016
6016
6016
6016
6016
6016
6016
6014
6014
6006
6006
6006
6006
6018
6018
6018
6018
6018
6018
6018
6018
6011
6011
6011
6011
6011
6011
6011
6011
6001
6001
6001
6001
6001
6001
6001
6001
6001
6001
6001
6001
6001
6001
6001
6001
6001
6001
6001
6001
6001
6001
6001
6001
6001
6001
6001
6001
6001
6005
6005
6008
6008
6002
6002
6002
6002
6002
6002
6002
6002
6002
6002
6002
6002
6002
6002
6002
6001
6001
6001
6001
6001
6001
6001
6001
6001
6001
6001
6001
6001
6001
6001
6001
6001
6001
6001
6001
6001
6001
6001
6001
6001
6001
6001
6001
6001
6001
6001
6001
6001
6001
6001
6001
6001
6001
6001
6001
6000
6011
6011
6011
6011
6011
6011
6011
6011
6011
6011
6011
6011
6011
6011
6011
6011
6011
6011
6011
6011
6011
6011
6011
6011
6011
6011
6011
6011
6011
6011
6011
6011
6011
6011
6011
6011
6011
6011
5985
5985
5985
5985
5985
5985
5985
5985
5985
5985
5985
5985
5985
5985
5985
5985
5985
5985
5985
5985
5985
5985
5985
5985
5985
5997
5997
5998
5998
5998
5998
5996
5996
5996
5996
5996
5996
5996
5996
5996
5996
5996
5996
5996
5996
5996
5996
5996
5996
5996
5996
5996
5999
5999
5999
5999
5999
5999
5999
5999
5999
5999
5999
5999
5999
5999
5999
5999
5999
5999
5999
5999
5999
5999
5999
5999
5999
5999
5999
5999
5999
5999
5999
5999
5999
5999
5999
5999
5999
5999
5999
5999
5999
5999
5999
5999
5999
5999
5999
5999
5999
5999
5999
5999
5999
5999
5999
5999
5999
5999
5999
5999
5999
5999
5999
5999
5999
5999
5999
6006
6006
6006
6006
6006
6006
6006
5999
5999
5999
5999
5999
5999
5999
5999
5999
5999
5999
5999
5999
5999
5999
5999
5999
5999
5999
5999
5999
5999
5999
5999
6015
6015
6015
6015
6015
5997
5997
5997
5997
5997
5997
5997
5997
5997
5997
5997
5997
5997
5997
5997
5997
5997
5997
5997
5997
5997
5997
5997
5997
5994
5994
5994
5994
5988
5988
5988
5988
5988
5988
5988
5988
5985
5985
5985
5985
5985
5985
5985
5985
5985
5985
5985
5985
5985
5985
5985
5985
5985
5985
5987
5987
5987
5987
5987
5987
5987
5987
5987
5987
5987
5987
5991
5991
5991
5991
5991
5991
5991
5991
5988
5988
5988
5988
5988
5988
5988
5988
5988
5988
5988
5988
5988
5988
5988
5988
5988
5988
5988
5988
5988
5988
5988
5988
5988
5988
5996
5996
5994
5994
5994
5994
5994
5994
5994
5994
5994
5994
5994
5994
5994
5994
5994
5994
5994
5994
5994
5994
5994
5994
5994
5994
5994
5988
5988
5988
5988
5988
5988
5988
5988
5988
5988
5988
5988
5988
5988
5988
5988
5988
5988
5988
5988
5988
5988
5988
5988
5988
5988
5988
5988
5988
5988
5988
5988
5996
5996
5996
5996
5996
5996
5996
5996
5998
5996
6000
6000
6000
6000
6000
6000
6000
6000
6000
6000
6000
6000
6000
6000
6000
6000
6000
6000
6000
6000
6000
6000
6000
6000
6000
6000
6000
6000
6000
6000
6000
6000
6000
6000
6000
6000
6000
6000
6000
5996
5996
5996
5996
5996
5996
5996
5996
5996
5996
5996
5996
5996
5996
5996
5996
5996
5996
5996
5996
5996
5996
6002
6002
6002
6002
6002
6002
6002
6002
6002
6002
6002
6002
5982
5982
5982
5982
5982
5982
5982
5982
5982
5982
5982
5982
5982
5982
5982
5982
5982
5982
5982
5982
5982
5982
5982
5982
5982
5982
5982
5982
5982
5982
5982
5982
5982
5982
5982
5982
5982
5982
5982
5982
5982
5982
5982
5982
5982
5982
5982
5982
5982
5982
5982
5982
5982
5982
5982
5982
5982
5982
5982
5982
5982
5982
5982
5982
5982
5982
5982
5982
5982
5982
5982
5982
5982
5982
5982
5982
5982
5982
5982
5982
5982
5982
5982
5982
5982
5982
5982
5982
5982
5982
5982
5982
5982
5982
5982
5982
5982
5982
5985
5985
5985
5985
5985
5985
5985
5985
5985
5985
5985
5985
5985
5985
5985
5985
5985
5985
5985
5985
5985
5985
5985
5985
5982
5982
5982
5983
5983
5983
5983
5983
5983
5983
5983
5981
5973
5973
5973
5973
5973
5973
5973
5973
5973
5973
5973
5973
5973
5969
5969
5969
5969
5969
5969
5969
5969
5969
5969
5969
5969
5969
5969
5969
5969
5969
5969
5969
5969
5969
5969
5969
5971
5971
5971
5971
5975
5975
5975
5975
5975
5975
5975
5975
5975
5975
5975
5975
5975
5975
5975
5975
5975
5975
5975
5975
5975
5975
5975
5975
5975
5975
5975
5975
5975
5975
5975
5975
5975
5975
5975
5975
5975
5975
5975
5975
5975
5975
5975
5975
5978
5978
5978
5978
5978
5978
5978
5978
5978
5978
5978
5978
5978
5978
5978
5978
5978
5978
5978
5978
5978
5978
5978
5978
5978
5978
5978
5978
5978
5978
5978
5978
5979
5979
5979
5979
5979
5979
5979
5979
5979
5979
5979
5979
5979
5979
5979
5979
5979
5979
5979
5979
5979
5979
5979
5979
5979
5979
5979
5979
5979
5979
5979
5979
5979
5979
5979
5979
5979
5979
5979
5979
5979
5979
5979
5979
5979
5979
5979
5979
5979
5979
5979
5979
5979
5979
5978
5978
5978
5978
5978
5978
5978
5978
5978
5978
5978
5978
5978
5978
5978
5978
5978
5978
5978
5978
5978
5978
5978
5978
5978
5978
5978
5978
5978
5978
5978
5978
5978
5978
5978
5978
5978
5978
5978
5978
5978
5978
5978
5978
5978
5978
5981
5981
5981
5981
5981
5981
5981
5981
5981
5981
5981
5981
5981
5981
5981
5981
5981
5981
5981
5981
5981
5981
5981
5981
5981
5981
5981
5981
5981
5981
5981
5981
5981
5981
5981
5981
5981
5981
5981
5981
5981
5981
5981
5981
5981
5981
5981
5981
5981
5981
5981
5981
5981
5981
5981
5981
5981
5981
5981
5981
5981
5981
5981
5981
5981
5981
5981
5981
5981
5981
5981
5981
5981
5981
5981
5981
5988
5988
5988
5988
5988
5988
5988
5988
5988
5988
5988
5988
5988
5988
5988
5988
5988
5988
5988
5988
5988
5988
5988
5988
5988
5987
5987
5987
5987
5987
5987
5987
5987
5987
5987
5987
5987
5987
5987
5987
5987
5987
5987
5989
5989
5989
5989
5989
5989
5989
5990
5990
5990
5990
5990
5990
5990
5990
5990
5990
5990
5990
5990
5990
5990
5990
5990
5990
5990
5990
5990
5990
5990
5990
5990
5990
5990
5990
5990
5990
5993
5993
5993
5993
5993
5993
5993
5993
5993
5993
5993
5993
5993
5993
5993
5993
5993
5993
5993
5993
5990
5990
5990
5990
5990
5990
5990
5990
5990
5990
5990
5990
5990
5990
5990
5990
5990
5987
5987
5987
5987
5987
5987
5987
5987
5987
5987
5987
5987
5987
5987
5987
5987
5987
5987
5987
5987
5987
5987
5987
5987
5987
5987
5987
5987
5987
5987
5990
5990
5990
5990
5990
5990
5990
5990
5990
5987
5987
5987
5987
5987
5987
5987
5987
5987
5987
5987
5987
5987
5987
5987
5987
5987
5987
5987
5987
5987
5987
5987
5987
5987
5987
5987
5987
5987
5987
5987
5987
5987
5987
5987
5987
5987
5987
5987
5987
5987
5987
5987
5987
5987
5987
5987
5987
5987
5987
5987
5987
5987
5987
5987
5987
5987
5987
5987
5987
5987
5987
5987
5987
5987
5987
5987
5987
5987
5987
5987
5987
5987
5997
5997
5997
6000
6000
6000
6000
6000
6000
5992
5992
5992
5992
5992
5992
5992
5987
5987
5987
5987
5987
5987
5987
5987
5987
5987
5987
5987
5987
5987
5987
5987
5987
5987
5987
5987
5987
5987
5987
5987
5987
5987
5987
5987
5987
5987
5987
5987
5987
5987
5987
5987
5987
5987
5987
5987
5987
5987
5987
5987
5987
5987
5987
5987
5987
5987
5987
5987
5987
5987
5987
5987
5987
5987
5987
5987
5987
5987
5987
5987
5987
5987
5987
5987
5987
5987
5987
5987
5987
5987
5987
5987
5987
5987
5987
5987
5987
5987
5987
5987
5987
5987
5987
5991
5991
5991
5991
5991
5991
5991
5991
5991
5991
5991
5991
5988
5988
5988
5988
5988
5988
5988
5988
5988
5988
5988
5988
5988
5988
5988
5988
5988
5988
5988
5988
5988
5988
5988
5988
5988
5988
5988
5988
5988
5988
5988
5988
5988
5988
5988
5988
5988
5988
5988
5988
5988
5988
5988
5988
5988
5988
5988
5988
5988
5988
5988
5988
5988
5994
5994
5994
5994
5994
5994
5994
5988
5988
5988
5988
5988
5988
5988
5988
5988
5988
5988
5988
5988
5988
5988
5988
5988
5988
5988
5988
5988
5988
5988
5988
5988
5988
5988
5988
5988
5988
5988
5988
5988
5988
5988
5988
5988
5988
5988
5988
5988
5988
5988
5988
5988
5988
5988
5988
5988
5988
5988
5988
5988
5988
5988
5988
5988
5988
5988
5988
5988
5988
5988
5988
5988
5988
5988
5988
5988
5988
5988
5988
5988
5988
5988
5988
5988
5988
5988
5988
5988
5988
5988
5988
5988
5988
5988
5989
5989
5989
5989
5989
5989
5989
5989
5989
5989
5990
5990
5991
5991
5991
5991
5991
5991
5991
5991
5991
5991
5991
5990
5990
5990
5990
5990
5990
5990
5990
5990
5990
5990
5987
5987
5987
5987
5987
5987
5987
5987
5987
5987
5987
5987
5987
5987
5987
5987
5987
5987
5987
5987
5987
5987
5987
5987
5987
5987
5987
5987
5987
5987
5987
5987
5987
5987
5987
5987
5987
5987
5987
5987
5987
5987
5987
5987
5987
5987
5987
5987
5987
5987
5987
5987
5987
5987
5987
5987
5987
5987
5994
5994
5994
5994
5994
5994
5994
5994
5994
5987
5987
5987
5984
5984
5984
5984
5984
5984
5984
5984
5984
5984
5984
5984
5984
5984
5984
5984
5984
5984
5984
5984
5984
5984
5984
5984
5984
5984
5984
5984
5984
5984
5984
5984
5984
5984
5984
5984
5984
5984
5984
5984
5982
5982
5982
5982
5982
5982
5982
5982
5982
5982
5982
5982
5982
5982
5982
5982
5982
5982
5982
5982
5982
5982
5982
5982
5982
5982
5982
5982
5982
5982
5982
5982
5982
5982
5982
5982
5982
5982
5982
5982
5982
5982
5982
5982
5982
5982
5982
5982
5982
5982
5982
5982
5982
5984
5984
5984
5984
5984
5984
5984
5984
5984
5984
5984
5989
5989
5989
5989
5989
5989
5989
5989
5989
5989
5989
5989
5989
5989
5989
5988
5988
5988
5988
5988
5988
5988
5988
5988
5988
5988
5988
5988
5988
5988
5988
5988
5988
5988
5988
5988
5988
5988
5988
5988
5988
5988
5988
5988
5988
5988
5988
5988
5988
5988
5983
5983
5983
5983
5983
5983
5983
5983
5983
5983
5983
5983
5983
5983
5983
5983
5983
5983
5983
5983
5983
5983
5983
5983
5983
5983
5983
5983
5983
5983
5983
5983
5983
5983
5983
5983
5983
5983
5983
5983
5983
5977
5980
5980
5980
5980
5980
5980
5980
5980
5980
5977
5977
5977
5977
5977
5977
5977
5977
5977
5977
5977
5977
5977
5977
5977
5977
5977
5977
5977
5977
5977
5977
5977
5977
5977
5977
5977
5977
5977
5977
5977
5977
5977
5977
5977
5976
5976
5976
5976
5976
5976
5978
5978
5978
5978
5978
5978
5978
5978
5975
5975
5975
5975
5975
5975
5975
5975
5975
5975
5975
5975
5975
5975
5975
5975
5975
5975
5975
5975
5975
5975
5975
5975
5975
5975
5975
5975
5975
5975
5975
5975
5976
5976
5976
5976
5976
5976
5975
5975
5975
5975
5975
5975
5975
5975
5975
5975
5975
5975
5975
5975
5975
5975
5975
5975
5975
5975
5975
5975
5975
5975
5975
5975
5975
5975
5975
5975
5975
5975
5975
5975
5975
5975
5975
5975
5975
5975
5975
5975
5975
5975
5975
5975
5975
5975
5975
5975
5975
5975
5975
5975
5975
5975
5975
5975
5975
5975
5975
5975
5975
5975
5975
5975
5975
5975
5975
5975
5975
5975
5975
5975
5975
5975
5975
5975
5975
5975
5975
5975
5975
5975
5975
5975
5978
5978
5978
5978
5978
5978
5978
5978
5978
5978
5978
5978
5978
5978
5978
5978
5978
5978
5978
5978
5978
5978
5978
5978
5978
5978
5978
5978
5978
5978
5978
5978
5978
5978
5978
5978
5978
5982
5982
5982
5982
5982
5982
5982
5982
5982
5982
5982
5982
5982
5982
5982
5982
5982
5982
5982
5982
5982
5975
5975
5975
5975
5975
5975
5975
5975
5975
5975
5975
5975
5975
5975
5981
5981
5975
5975
5975
5975
5975
5975
5975
5975
5975
5975
5975
5975
5975
5975
5975
5975
5975
5975
5975
5975
5975
5975
5975
5975
5975
5975
5975
5975
5975
5975
5975
5975
5975
5975
5975
5975
5975
5975
5975
5975
5975
5975
5975
5975
5975
5975
5977
5977
5975
5975
5975
5975
5975
5975
5975
5975
5975
5975
5975
5975
5975
5975
5975
5975
5975
5975
5975
5975
5975
5975
5975
5975
5975
5975
5975
5975
5975
5975
5975
5975
5975
5975
5975
5975
5975
5975
5975
5975
5975
5975
5975
5975
5975
5975
5975
5975
5975
5975
5975
5975
5975
5975
5975
5975
5975
5975
5975
5975
5975
5975
5975
5975
5975
5975
5975
5975
5975
5975
5975
5975
5975
5975
5975
5975
5975
5975
5975
5975
5975
5975
5975
5975
5975
5975
5975
5975
5975
5975
5975
5975
5975
5975
5975
5975
5976
5976
5976
5976
5976
5976
5976
5976
5976
5976
5976
5976
5976
5976
5976
5976
5976
5976
5975
5975
5975
5975
5975
5975
5975
5975
5975
5975
5975
5975
5975
5975
5975
5975
5975
5975
5975
5975
5975
5975
5975
5975
5975
5975
5975
5975
5975
5975
5975
5975
5975
5975
5975
5975
5975
5975
5975
5975
5975
5975
5975
5975
5975
5975
5975
5975
5975
5975
5975
5975
5975
5975
5975
5975
5975
5975
5975
5975
5975
5975
5975
5975
5975
5975
5975
5975
5975
5975
5975
5975
5975
5975
5975
5975
5975
5975
5975
5975
5975
5975
5975
5975
5975
5975
5975
5975
5975
5975
5975
5975
5975
5975
5975
5975
5975
5975
5975
5975
5975
5975
5975
5975
5975
5975
5975
5975
5975
5975
5975
5975
5975
5975
5975
5976
5976
5976
5976
5976
5976
5976
5976
5976
5976
5976
5976
5976
5976
5976
5976
5976
5976
5976
5976
5976
5976
5976
5976
5976
5976
5976
5976
5976
5976
5976
5976
5976
5976
5976
5976
5976
5976
5976
5976
5976
5976
5976
5976
5976
5976
5976
5976
5976
5976
5976
5976
5976
5976
5976
5976
5976
5976
5976
5976
5976
5976
5976
5976
5976
5976
5985
5985
5985
5985
5985
5985
5985
5976
5976
5976
5976
5976
5976
5976
5976
5976
5976
5976
5976
5976
5976
5976
5976
5976
5976
5976
5976
5976
5976
5976
5976
5976
5976
5976
5976
5976
5976
5976
5976
5976
5976
5976
5976
5976
5976
5976
5976
5976
5976
5976
5976
5976
5980
5980
5980
5980
5980
5980
5980
5980
5980
5980
5980
5980
5980
5980
5980
5980
5980
5980
5980
5980
5980
5980
5980
5980
5980
5980
5980
5980
5980
5980
5980
5980
5980
5980
5980
5980
5980
5980
5980
5980
5980
5976
5976
5976
5976
5976
5976
5976
5976
5976
5976
5976
5976
5976
5976
5976
5976
5976
5976
5976
5976
5976
5976
5976
5976
5976
5976
5976
5976
5976
5976
5976
5976
5976
5976
5976
5976
5977
5977
5977
5977
5977
5977
5977
5977
5977
5976
5976
5976
5976
5976
5976
5976
5976
5976
5976
5976
5976
5976
5976
5976
5976
5976
5976
5976
5976
5976
5976
5976
5976
5976
5976
5976
5976
5976
5976
5976
5976
5976
5976
5976
5976
5976
5976
5982
5982
5982
5982
5982
5982
5982
5982
5982
5982
5982
5982
5982
5982
5982
5986
5986
5986
5986
5986
5986
5986
5986
5986
5986
5986
5986
5986
5986
5986
5986
5986
5986
5986
5986
5986
5986
5986
5986
5986
5986
5986
5986
5986
5986
5986
5986
5986
5986
5986
5986
5986
5986
5986
5986
5986
5986
5986
5986
5986
5986
5986
5986
5986
5986
5986
5986
5986
5986
5986
5986
5986
5986
5986
5986
5986
5986
5986
5986
5986
5986
5986
5986
5986
5986
5986
5986
5986
5986
5986
5986
5986
5986
5986
5986
5986
5986
5986
5986
5986
5986
5986
5986
5986
5986
5986
5986
5986
5986
5986
5986
5986
5986
5986
5986
5986
5986
5986
5986
5986
5986
5986
5986
5986
5986
5986
5986
5986
5986
5986
5986
5986
5986
5986
5986
5986
5986
5986
5986
5981
5981
5981
5993
5993
5993
5973
5973
5973
5973
5973
5973
5973
5973
5973
5973
5973
5973
5973
5973
5973
5973
5973
5973
5973
5973
5973
5973
5973
5973
5973
5973
5973
5973
5973
5973
5973
5973
5973
5973
5973
5973
5973
5973
5973
5973
5973
5973
5979
5979
5979
5979
5979
5979
5973
5973
5973
5973
5973
5973
5973
5973
5973
5973
5973
5973
5973
5973
5973
5973
5973
5973
5973
5973
5973
5978
5978
5978
5978
5973
5973
5973
5973
5973
5973
5973
5973
5973
5973
5973
5973
5973
5973
5973
5973
5973
5973
5973
5973
5973
5973
5973
5973
5973
5973
5973
5973
5973
5973
5973
5973
5973
