6916
6873
6873
6792
6751
6751
6739
6755
6797
6787
6928
6973
6973
6989
6989
6967
6938
6886
6861
6817
6817
6751
6759
6712
6739
6739
6742
6740
6739
6712
6699
6721
6716
6660
6711
6705
6657
6657
6643
6653
6706
6717
6712
6708
6742
6742
6817
6862
6849
6869
6886
6887
6867
6891
6960
7025
7026
7042
7042
7050
7000
7000
7032
7010
6923
6929
6927
6927
6984
7034
6935
6935
6969
6919
6902
6902
6930
6997
6981
7064
7105
7119
7119
7119
7125
7125
7064
7076
7108
7147
7147
7147
7147
7147
7166
7176
7179
7146
7139
7139
7139
7164
7203
7203
7195
7195
7195
7127
7096
7051
7110
7061
7096
7096
7143
7174
7230
7162
7162
7220
7220
7135
7136
7040
7018
7007
7040
7040
7041
7010
6934
6868
6853
6904
6856
6788
6788
6795
6868
6869
6862
6915
6901
6983
6997
7071
7071
7071
7083
6908
6843
6814
6859
6874
6905
6874
6869
6840
6826
6840
6849
6826
6869
6883
6868
6868
6868
6764
6741
6804
6804
6804
6803
6921
6921
6965
6965
6996
6963
6985
7017
7017
6976
6960
6880
6845
6902
6887
6908
6882
6877
6877
6853
6856
6906
6884
6884
6884
6807
6807
6792
6871
6946
7009
7010
6913
6913
6944
6941
6901
6817
6885
6985
6994
6937
6947
6901
6922
6922
6919
6932
6957
6957
6957
6877
7023
7014
7014
7032
6973
6973
6973
6946
6895
6884
6804
6788
6818
6728
6809
6818
6819
6927
6927
6905
6922
6955
6869
6869
6897
6957
6933
6864
6824
6762
6775
6877
6909
6837
6723
6711
6780
6698
6698
6715
6736
6771
6835
6846
6859
6832
6832
6832
6845
6871
6892
6940
6934
6899
6864
6864
6889
6881
6953
6912
6912
6942
6959
7038
7012
6966
6905
6905
6983
7075
7049
7103
7144
7210
7218
7182
7205
7232
7216
7184
7223
7164
7145
7256
7256
7256
7188
7162
7131
7090
7101
7101
7125
7061
7059
7034
7031
7022
6996
6940
6941
6956
7029
7027
7027
7045
7045
7023
7023
7112
7101
7101
7180
7233
7182
7191
7133
7133
7144
7164
7183
7136
7055
7055
7038
7034
7080
7071
7073
7013
7013
6981
6995
7060
7060
7083
7143
7096
7152
7165
7138
7226
7226
7226
7226
7267
7238
7250
7342
7383
7377
7377
7380
7393
7329
7305
7305
7348
7439
7402
7375
7339
7236
7192
7152
7197
7154
7187
7209
7149
7151
7151
7087
7087
7156
7156
7098
7098
7085
7087
7082
7127
7147
7142
7142
7142
7060
7060
7018
6999
7018
6999
6999
6999
6999
6973
7023
7104
7121
7059
7059
6990
7066
7062
7060
7098
7152
7136
7122
7150
7046
7038
7014
6910
6930
6899
6892
6864
6936
6927
6875
6913
6932
6953
6953
7065
7048
7048
7028
7089
7033
7071
7076
7064
7055
7058
7020
7020
6961
7038
7110
7093
7016
7016
7045
7045
7015
7073
7107
7107
7116
7116
7116
7077
7049
7025
7025
7097
7136
7098
7101
7066
7077
7077
7067
7139
7139
7147
7143
7155
7109
7069
7091
7052
6977
6977
6918
6869
6845
6845
6853
6926
6926
6893
6893
6942
6942
6889
6882
6898
6914
6952
6885
6930
6908
6897
6897
6880
6818
6773
6773
6773
6738
6720
6759
6746
6778
6778
6855
6845
6868
6907
6824
6767
6790
6828
6909
6860
6924
6880
6795
6795
6801
6808
6808
6907
6812
6839
6851
6795
6816
6833
6833
6792
6827
6827
6805
6815
6774
6846
6877
6878
6802
6868
6839
6970
6980
7066
7041
7082
7068
7093
7095
7093
7206
7260
7263
7255
7290
7290
7338
7305
7258
7274
7256
7240
7212
7226
7179
7170
7206
7117
7063
7010
7115
7118
7116
7112
7073
7117
7058
6961
6969
7068
7058
7036
7003
6940
6927
6921
6929
6929
6999
7021
6935
6861
6861
6800
6725
6823
6823
6844
6855
6782
6805
6740
6660
6623
6661
6635
6714
6714
6771
6773
6709
6723
6720
6683
6638
6647
6721
6721
6642
6657
6711
6739
6739
6781
6841
6819
6819
6791
6791
6762
6762
6762
6702
6702
6702
6689
6706
6689
6689
6700
6686
6679
6613
6691
6607
6578
6656
6656
6644
6616
6741
6733
6746
6701
6618
6621
6640
6669
6627
6623
6725
6725
6792
6808
6896
6932
6940
6940
6948
6948
6919
6923
6923
6991
6952
6952
6952
6944
6923
6910
6942
6900
6977
6943
6909
6942
6875
6864
6931
6941
6972
6972
6972
6975
6996
7009
7009
7051
7027
6992
7023
6996
7008
6978
7021
6972
6935
6942
6911
6903
6915
6912
6912
6879
6926
6877
6824
6843
6786
6786
6770
6845
6845
6830
6839
6830
6830
6834
6880
6831
6831
6831
6833
6845
6824
6835
6750
6750
6848
6848
6848
6884
6846
6876
6914
6914
6895
6876
6850
6850
6850
6773
6836
6868
6848
6859
6899
6929
6927
6959
6992
6958
6988
6989
6889
6844
6863
6784
6784
6849
6878
6878
6863
6863
6879
6838
6838
6867
6877
6920
6855
6855
6851
6853
6886
6892
6891
6891
6929
6902
6961
6891
6822
6855
6833
6833
6832
6802
6849
6822
6822
6783
6698
6685
6689
6689
6764
6797
6907
6866
6813
6821
6891
6853
6853
6851
6827
6826
6779
6853
6879
6897
6897
6862
6856
6873
6959
6959
6952
6947
6953
6976
6996
7000
6993
6993
6993
6993
7019
7032
7050
6996
6990
6927
6927
6863
6863
6863
6863
6863
6795
6795
6833
6795
6795
6773
6849
6889
6911
6849
6965
7119
7123
7147
7147
7124
7171
7064
7064
7120
7066
7024
7015
6999
6981
6975
6979
7015
6949
6991
6997
6982
6962
6917
6877
6881
6849
6794
6871
6864
6844
6854
6854
6862
6845
6786
6761
6778
6806
6822
6776
6824
6786
6775
6874
6853
6842
6842
6791
6672
6750
6688
6688
6718
6718
6702
6682
6682
6629
6629
6670
6657
6705
6696
6696
6776
6751
6721
6673
6673
6690
6656
6651
6651
6651
6671
6635
6684
6762
6908
6856
6795
6822
6763
6813
6811
6784
6784
6822
6822
6822
6822
6756
6756
6752
6791
6842
6879
6879
6881
6827
6847
6847
6847
6870
6913
6919
6942
6942
6884
6877
6855
6841
6881
6881
6852
6934
6970
7000
6980
6917
6957
6879
6905
6853
6853
6913
6896
6896
6997
6997
6987
7054
6953
6953
6925
6914
6900
6900
6900
6853
6856
6854
6854
6845
6849
6889
6837
6837
6859
6773
6773
6757
6760
6749
6724
6748
6769
6681
6687
6736
6684
6735
6722
6765
6760
6649
6681
6673
6745
6745
6709
6696
6742
6745
6743
6757
6793
6793
6793
6822
6822
6836
6836
6836
6789
6789
6700
6650
6650
6748
6773
6797
6774
6823
6800
6800
6700
6700
6634
6647
6661
6755
6713
6771
6740
6752
6755
6766
6766
6786
6772
6743
6747
6747
6708
6764
6805
6777
6777
6738
6679
6667
6710
6645
6630
6629
6629
6645
6641
6753
6738
6753
6722
6705
6661
6661
6678
6678
6718
6796
6789
6739
6742
6750
6708
6732
6767
6725
6788
6753
6716
6794
6803
6879
6879
6859
6851
6942
6942
6918
6975
7032
7032
7029
7029
7078
7078
7078
7098
7008
7127
7089
7089
7072
7048
7015
7009
7009
7049
6969
6969
6937
6908
6846
6819
6741
6731
6724
6724
6706
6706
6706
6706
6728
6744
6708
6708
6738
6764
6744
6700
6671
6671
6672
6698
6808
6769
6727
6734
6697
6687
6679
6663
6656
6656
6682
6734
6734
6717
6790
6744
6798
6822
6754
6754
6660
6660
6622
6602
6632
6631
6613
6633
6606
6616
6616
6651
6698
6656
6656
6724
6736
6768
6857
6827
6788
6779
6741
6718
6650
6693
6693
6693
6693
6693
6706
6634
6692
6692
6631
6707
6707
6697
6633
6633
6599
6610
6565
6565
6589
6762
6745
6778
6760
6760
6734
6742
6863
6816
6816
6824
6824
6813
6813
6828
6903
6863
6905
6988
6968
6968
6923
6927
6885
6899
6868
6906
6817
6852
6940
6937
6897
6807
6841
6864
6986
7051
7081
7127
7135
7135
7133
7101
7101
7083
7054
7009
7036
6999
6999
6999
6958
7053
7010
7065
7153
7259
7259
7254
7242
7255
7245
7160
7030
6990
6884
6892
6908
6853
6830
6830
6824
6824
6824
6756
6682
6675
6673
6687
6748
6748
6748
6803
6712
6712
6716
6767
6726
6688
6750
6651
6651
6729
6748
6776
6792
6761
6772
6772
6722
6728
6746
6791
6791
6750
6723
6731
6751
6691
6774
6774
6769
6791
6788
6780
6761
6760
6747
6747
6663
6663
6663
6686
6759
6757
6747
6747
6740
6735
6718
6718
6770
6770
6695
6729
6734
6747
6716
6733
6748
6760
6834
6834
6738
6698
6740
6805
6805
6805
6800
6727
6744
6838
6838
6838
6838
6838
6898
6913
6939
6926
6894
6837
6837
6759
6815
6819
6819
6819
6848
6857
6879
6908
6870
6915
6997
6973
6973
6999
6945
6903
6850
6760
6782
6846
6872
6939
6980
6819
6859
6859
6902
6875
6875
6944
6944
6937
6994
6933
6968
6904
6904
6879
6879
6851
6904
6921
6921
6921
6921
6960
6849
6812
6812
6822
6822
6849
6827
6827
6872
6953
6889
6879
6830
6850
6854
6829
6829
6808
6808
6718
6718
6732
6786
6765
6838
6795
6795
6752
6752
6781
6797
6734
6734
6709
6709
6710
6684
6684
6680
6680
6681
6800
6817
6803
6838
6838
6836
6899
6874
6874
6841
6841
6848
6777
6777
6878
6805
6846
6905
6873
6856
6868
6974
6896
6893
6876
6848
6849
6851
6867
6867
6878
6837
6844
6812
6826
6826
6840
6860
6860
6779
6802
6723
6705
6729
6733
6733
6681
6672
6647
6680
6650
6649
6649
6550
6550
6566
6566
6589
6529
6524
6587
6544
6546
6544
6650
6753
6725
6836
6795
6787
6819
6764
6747
6747
6747
6747
6739
6726
6753
6798
6798
6804
6804
6822
6883
6881
6894
6843
6828
6939
6870
6821
6821
6857
6869
6818
6847
6780
6819
6819
6838
6838
6838
6838
6838
6773
6773
6773
6772
6778
6810
6789
6806
6927
7001
6967
6993
6964
6964
6984
6974
6978
6994
6994
7008
7049
7011
7003
6987
7074
7125
7118
7021
6998
6990
6895
6904
6904
6904
6928
6937
6921
6921
6941
6954
6911
6946
6929
6925
6883
6888
6909
6930
6915
6846
6867
6822
6868
6967
6950
6920
6920
6847
6860
6840
6815
6815
6808
6782
6781
6782
6772
6835
6835
6833
6908
6952
7002
6982
6944
6932
6903
6837
6825
6814
6815
6873
6952
6960
6907
6953
6945
6992
6974
6927
6927
6924
6915
6955
6929
6958
6947
6941
6941
6953
6953
6948
6962
7013
6964
6939
6944
6971
7031
6954
6976
7001
6938
6983
6979
7012
7042
6933
6880
6892
6890
6918
6905
6901
6977
6894
6993
7031
6987
6987
6997
6995
6995
6992
6992
7043
7043
6990
6987
7020
7020
7006
6927
6970
6900
6842
6834
6793
6751
6809
6817
6798
6798
6728
6763
6763
6753
6835
6714
6733
6733
6729
6752
6776
6759
6827
6921
6919
6838
6815
6812
6806
6784
6688
6688
6734
6734
6734
6717
6713
6683
6712
6734
6734
6734
6734
6734
6734
6762
6690
6699
6699
6699
6768
6717
6717
6751
6709
6709
6709
6709
6751
6769
6759
6695
6677
6677
6623
6623
6630
6630
6644
6674
6724
6679
6785
6683
6667
6645
6665
6745
6758
6758
6758
6748
6722
6780
6722
6702
6770
6770
6770
6807
6805
6805
6819
6827
6765
6825
6798
6851
6885
6858
6888
6888
6957
6939
6936
6935
6879
6934
6934
6940
6935
6870
6871
6917
6914
6882
6848
6847
6848
6840
6844
6952
6959
6931
6860
6849
6815
6774
6774
6816
6774
6779
6736
6705
6649
6649
6656
6654
6628
6672
6625
6632
6618
6629
6629
6622
6714
6700
6678
6687
6716
6797
6734
6667
6717
6709
6702
6748
6663
6663
6663
6663
6663
6706
6706
6706
6744
6697
6729
6729
6773
6720
6717
6717
6741
6741
6665
6665
6676
6681
6681
6776
6836
6831
6871
6914
6861
6794
6849
6784
6784
6778
6804
6861
6842
6798
6786
6809
6835
6835
6835
6829
6860
6876
6926
6968
7076
7069
7061
7017
7017
7083
7154
7075
6998
7019
7019
7019
7031
7005
7005
7005
7008
6983
6983
7022
6969
6991
6979
6959
7017
7017
7017
6976
6963
6940
6973
6970
7034
7073
7141
7094
7029
7047
7000
7069
7069
7082
7082
7082
7082
7082
6987
6999
6999
7060
7080
7058
7058
7016
7080
7002
6953
6953
6949
6880
6880
6880
6865
6859
6863
6863
6811
6765
6851
6819
6819
6819
6807
6807
6745
6609
6650
6650
6692
6674
6674
6665
6694
6694
6694
6694
6694
6730
6784
6770
6739
6719
6800
6814
6738
6740
6740
6740
6740
6763
6805
6790
6823
6791
6810
6881
6881
6902
6918
6876
6876
6876
6870
6915
6861
6861
6871
6909
6843
6838
6850
6850
6898
6898
6780
6780
6823
6828
6875
6875
6919
6828
6934
6939
6958
6960
6960
6960
6960
6960
6969
6987
7025
6999
7006
6979
6979
6976
6976
6976
6973
7009
6969
6912
6928
7047
7033
7015
6959
6935
6935
6935
6887
6884
6885
6885
6874
6881
6860
6860
6809
6721
6721
6721
6737
6751
6776
6776
6776
6664
6686
6686
6686
6703
6750
6727
6748
6766
6766
6766
6766
6695
6685
6585
6585
6634
6627
6653
6634
6634
6675
6669
6728
6725
6731
6729
6634
6620
6599
6599
6599
6599
6561
6580
6580
6580
6580
6638
6708
6708
6682
6700
6723
6661
6661
6661
6633
6718
6651
6585
6589
6638
6613
6623
6623
6637
6634
6608
6702
6718
6718
6721
6724
6762
6707
6709
6742
6662
6683
6683
6721
6705
6750
6730
6719
6719
6681
6702
6634
6575
6580
6660
6697
6695
6796
6712
6756
6718
6773
6817
6799
6816
6813
6813
6803
6781
6806
6726
6730
6708
6730
6756
6869
6883
6864
6885
6926
6895
6846
6846
6856
6903
6903
6903
6903
6860
6860
6943
6861
6861
6924
6924
6986
6962
6941
6967
6988
6999
6923
6923
6879
6904
6848
6841
6942
6902
6870
6825
6825
6825
6811
6811
6731
6717
6682
6630
6621
6621
6657
6592
6615
6627
6624
6663
6701
6720
6720
6720
6720
6722
6723
6688
6704
6721
6719
6644
6715
6655
6655
6657
6727
6857
6901
6926
6926
6880
6940
6936
6954
6936
7018
7027
7015
7015
7059
7018
7020
6995
6999
6999
6898
6886
6886
6858
6855
6835
6810
6839
6839
6758
6839
6808
6735
6811
6938
6960
6964
6964
6964
6964
6980
6900
6900
6845
6823
6841
6838
6903
6953
7007
6979
7017
7018
6998
6998
6955
7001
6993
6925
6925
6981
7021
7024
7059
7097
7109
7077
7077
7044
6987
6982
6982
6982
6997
6997
6930
6930
6889
6924
6797
6797
6823
6805
6909
6850
6850
6845
6937
6890
6803
6803
6791
6845
6719
6806
6780
6751
6751
6794
6819
6819
6777
6742
6796
6803
6793
6762
6741
6741
6782
6757
6834
6860
6839
6839
6848
6835
6786
6786
6786
6895
6884
6850
6838
6838
6846
6846
6825
6801
6801
6766
6814
6809
6888
6888
6936
6951
6916
6866
6890
6894
6857
6881
6881
6948
6948
6948
6922
6968
6994
6987
6979
7079
7024
6992
7001
6978
6976
6976
6957
6998
6886
6795
6837
6849
6832
6858
6806
6806
6807
6807
6799
6751
6808
6808
6766
6890
6890
6872
6874
6874
6893
6933
6926
6911
6959
6997
7128
7002
6977
6977
6978
6977
6945
6894
6893
6883
6772
6718
6652
6622
6693
6693
6693
6695
6695
6655
6662
6681
6680
6680
6652
6652
6676
6692
6759
6856
6839
6815
6862
6844
6866
6835
6741
6682
6682
6682
6733
6733
6712
6695
6691
6691
6691
6701
6701
6718
6718
6709
6647
6690
6690
6630
6613
6617
6617
6727
6733
6757
6788
6760
6708
6629
6707
6707
6755
6755
6697
6691
6664
6722
6711
6703
6745
6739
6739
6719
6650
6650
6727
6760
6664
6618
6631
6630
6630
6630
6595
6657
6657
6659
6698
6693
6718
6726
6699
6675
6631
6631
6634
6589
6589
6633
6642
6563
6633
6689
6689
6660
6607
6622
6617
6679
6660
6634
6645
6640
6600
6662
6683
6662
6643
6666
6612
6612
6564
6564
6545
6559
6559
6559
6597
6597
6597
6597
6628
6628
6595
6595
6599
6599
6609
6636
6636
6647
6583
6546
6535
6600
6602
6678
6731
6805
6833
6798
6769
6742
6813
6890
6890
6899
6899
6915
6920
6920
6920
6993
7025
7025
7005
6900
6896
6872
6887
6893
6965
6970
6940
6907
6948
6909
6946
6946
6927
6927
6927
6995
7015
6987
6987
7003
6956
6973
6957
7046
7020
6958
7037
7051
6980
7013
7013
7013
7038
7055
7066
7066
7033
7033
7038
6989
6989
6923
6938
6974
6974
6966
6976
6962
6889
6889
6889
6854
6860
6766
6762
6762
6762
6809
6879
6879
6888
6838
6895
6895
6836
6836
6793
6793
6793
6837
6837
6812
6812
6797
6810
6814
6752
6784
6787
6799
6791
6696
6790
6781
6728
6705
6666
6685
6727
6682
6682
6609
6609
6627
6630
6630
6553
6545
6626
6626
6626
6626
6584
6529
6529
6529
6588
6588
6595
6580
6616
6582
6662
6725
6684
6684
6758
6705
6654
6673
6760
6902
6902
6811
6795
6787
6778
6796
6832
6760
6756
6737
6717
6697
6764
6739
6786
6802
6742
6742
6774
6791
6787
6816
6787
6733
6657
6668
6704
6685
6720
6720
6735
6795
6795
6720
6744
6759
6759
6731
6778
6825
6863
6906
6851
6851
6849
6903
6903
6903
6903
6916
6900
6806
6875
6940
6910
6919
6919
6919
6877
6831
6836
6871
6884
6868
6776
6772
6765
6782
6789
6776
6721
6715
6784
6760
6849
6849
6864
6867
6867
6905
6881
6881
6957
6969
6911
6959
6926
6926
6916
6862
6879
6879
6813
6844
6857
6818
6834
6833
6878
6905
6874
6885
6875
6843
6843
6843
6843
6792
6824
6824
6902
6902
6902
6950
6878
6878
6897
6926
6926
6872
6886
6966
6972
6990
6990
6990
7001
7001
6989
6971
6898
6879
6792
6782
6852
6849
6831
6757
6753
6736
6736
6733
6718
6718
6693
6708
6709
6710
6710
6773
6812
6855
6826
6876
6876
6824
6835
6824
6882
6999
6999
6999
6999
6994
6890
6838
6837
6771
6693
6750
6773
6796
6857
6792
6792
6793
6793
6830
6764
6764
6729
6710
6741
6724
6724
6785
6788
6747
6748
6706
6712
6705
6675
6696
6696
6687
6672
6625
6676
6701
6697
6697
6694
6694
6710
6710
6778
6821
6821
6821
6785
6754
6705
6750
6784
6762
6762
6762
6766
6845
6782
6805
6744
6744
6736
6806
6806
6806
6708
6699
6699
6699
6758
6758
6758
6758
6772
6733
6733
6749
6755
6782
6733
6737
6737
6637
6713
6769
6745
6671
6642
6642
6642
6596
6636
6636
6678
6715
6748
6766
6766
6787
6787
6705
6690
6690
6794
6794
6794
6794
6794
6794
6817
6794
6801
6838
6779
6807
6783
6830
6788
6792
6792
6792
6792
6803
6803
6803
6727
6727
6735
6735
6762
6737
6764
6764
6886
6886
6886
6892
6940
6985
7009
6952
6952
7017
6971
6989
6989
6873
6873
6899
6830
6850
6825
6825
6810
6798
6808
6758
6738
6738
6750
6749
6749
6718
6809
6809
6763
6773
6810
6727
6727
6727
6698
6754
6779
6731
6806
6759
6715
6644
6644
6566
6599
6658
6658
6612
6558
6580
6598
6598
6609
6626
6668
6772
6781
6764
6764
6799
6798
6798
6728
6728
6678
6678
6729
6759
6759
6759
6759
6742
6802
6766
6766
6766
6766
6831
6831
6767
6767
6751
6751
6803
6856
6856
6856
6856
6950
7024
7024
7089
7084
7061
6999
6911
6931
6920
6937
6937
6965
6925
6925
6919
6916
6920
6925
6982
6982
7040
6957
6957
6952
6981
6981
6981
6943
6943
6891
6880
6834
6834
6842
6877
6903
6895
6895
6889
6903
6864
6864
6864
6867
6906
6820
6875
6875
6792
6793
6796
6816
6816
6888
6881
7001
7001
6984
6930
6947
6947
6917
6917
6917
6917
6897
6875
6892
6915
6927
6943
6943
6965
6939
6939
6944
6944
6924
6887
6909
6828
6789
6710
6708
6739
6727
6697
6758
6758
6758
6720
6720
6748
6748
6726
6726
6684
6684
6719
6766
6715
6798
6806
6799
6835
6852
6848
6834
6761
6805
6734
6734
6715
6715
6677
6677
6596
6617
6725
6685
6685
6641
6641
6645
6677
6677
6707
6785
6785
6760
6784
6722
6722
6731
6737
6710
6756
6834
6731
6789
6789
6806
6829
6851
6851
6851
6923
6923
6897
6977
6861
6849
6805
6864
6916
6867
6867
6867
6862
6846
6902
6891
6905
6841
6834
6859
6859
6872
6872
6874
6936
6941
6941
6918
6937
6936
6939
6900
6953
7008
7059
7067
7060
7014
6989
6949
6981
6933
6986
6988
7035
6912
6907
6927
6927
6946
6946
6925
6841
6887
6887
6884
6972
6961
6973
6951
6910
6943
6952
6888
6888
6888
6851
6851
6867
6867
6867
6854
6784
6790
6864
6889
6943
6912
6912
6905
6905
6905
6867
6871
6871
6894
6927
6855
6857
6851
6767
6767
6777
6777
6817
6821
6835
6808
6780
6844
6887
6911
6911
6911
6894
6870
6870
6870
6870
6886
6886
6873
6852
6801
6838
6903
6887
6862
6801
6801
6799
6799
6848
6902
6893
6966
7000
6930
6968
6968
6935
6903
6902
6910
6903
6903
6903
6904
6904
6917
6917
6917
6984
6992
6992
6918
6892
6898
6781
6805
6805
6695
6745
6722
6722
6726
6713
6742
6688
6688
6707
6702
6654
6653
6598
6596
6619
6739
6739
6707
6712
6691
6691
6694
6664
6664
6645
6623
6587
6555
6541
6532
6511
6513
6513
6525
6510
6540
6553
6553
6580
6580
6547
6580
6580
6599
6633
6636
6759
6759
6765
6698
6640
6640
6640
6640
6685
6729
6734
6731
6691
6668
6669
6688
6688
6744
6719
6694
6723
6723
6737
6733
6674
6591
6591
6609
6561
6494
6494
6494
6530
6531
6531
6536
6542
6542
6542
6500
6527
6523
6524
6598
6610
6639
6627
6671
6745
6756
6739
6776
6776
6720
6678
6678
6678
6666
6666
6645
6616
6648
6648
6629
6662
6662
6718
6720
6644
6644
6644
6669
6656
6658
6606
6606
6606
6606
6735
6735
6735
6707
6692
6692
6692
6692
6722
6635
6654
6654
6590
6588
6617
6593
6593
6616
6592
6592
6592
6627
6643
6643
6654
6654
6690
6690
6595
6595
6590
6537
6537
6537
6518
6518
6518
6545
6545
6545
6554
6530
6525
6525
6501
6469
6506
6578
6578
6484
6516
6556
6537
6572
6572
6572
6572
6566
6566
6589
6601
6521
6598
6615
6641
6667
6615
6615
6700
6647
6647
6647
6647
6709
6709
6709
6709
6709
6744
6744
6744
6790
6770
6690
6693
6693
6693
6693
6742
6742
6736
6709
6690
6692
6656
6643
6676
6676
6730
6730
6828
6810
6823
6835
6721
6717
6745
6741
6807
6807
6761
6761
6761
6788
6754
6710
6709
6709
6673
6680
6645
6650
6650
6650
6699
6665
6665
6665
6665
6639
6588
6588
6588
6588
6738
6770
6792
6765
6830
6831
6831
6783
6796
6815
6854
6797
6813
6813
6813
6813
6810
6775
6778
6778
6748
6814
6814
6814
6772
6772
6772
6832
6832
6827
6895
6898
6915
6853
6902
6902
6854
6854
6936
6973
6973
6973
6995
6995
6995
6982
7014
6956
6879
6790
6726
6786
6743
6813
6884
6871
6862
6862
6862
6835
6835
6845
6822
6839
6837
6837
6837
6843
6861
6817
6865
6865
6903
6858
6858
6848
6813
6813
6834
6870
6871
6844
6870
6852
6775
6814
6814
6814
6780
6746
6703
6792
6793
6793
6806
6756
6724
6724
6758
6758
6758
6769
6750
6750
6750
6737
6792
6804
6830
6781
6804
6853
6853
6833
6821
6821
6765
6765
6741
6741
6769
6706
6771
6771
6765
6810
6757
6757
6794
6824
6876
6861
6826
6834
6783
6799
6765
6781
6867
6867
6869
6874
6909
6802
6841
6776
6736
6841
6851
6868
6894
6878
6894
6894
6842
6836
6836
6832
6831
6845
6845
6871
6871
6930
6826
6826
6809
6809
6809
6776
6776
6791
6798
6798
6850
6850
6850
6868
6921
6907
6907
6926
6865
6821
6834
6815
6863
6894
6866
6865
6854
6741
6741
6741
6741
6700
6700
6700
6758
6698
6663
6711
6731
6747
6812
6812
6799
6823
6823
6823
6823
6823
6823
6760
6760
6760
6879
6842
6823
6851
6828
6811
6811
6811
6786
6712
6717
6697
6704
6731
6731
6644
6677
6677
6695
6695
6695
6695
6673
6616
6574
6582
6547
6571
6585
6550
6598
6598
6598
6632
6670
6622
6622
6622
6643
6643
6694
6694
6615
6615
6603
6614
6614
6614
6602
6576
6594
6535
6543
6543
6562
6606
6585
6539
6570
6602
6602
6549
6555
6564
6564
6564
6538
6538
6534
6537
6538
6531
6531
6551
6573
6566
6566
6566
6566
6562
6562
6489
6489
6455
6430
6430
6430
6337
6342
6360
6405
6386
6364
6386
6411
6512
6512
6512
6512
6512
6512
6470
6475
6476
6476
6513
6462
6443
6401
6401
6418
6386
6427
6437
6490
6490
6490
6518
6518
6518
6528
6528
6528
6507
6529
6563
6543
6543
6546
6527
6453
6502
6514
6577
6540
6526
6527
6573
6573
6664
6664
6664
6638
6615
6642
6610
6622
6620
6620
6612
6612
6612
6612
6604
6591
6617
6565
6541
6545
6565
6561
6561
6547
6547
6595
6567
6543
6542
6549
6549
6556
6556
6556
6555
6634
6641
6639
6604
6604
6623
6626
6681
6697
6742
6728
6708
6708
6707
6751
6751
6751
6751
6779
6779
6750
6697
6697
6672
6692
6678
6678
6677
6713
6713
6676
6694
6669
6669
6558
6578
6546
6546
6545
6563
6482
6469
6486
6526
6526
6526
6526
6526
6524
6514
6514
6549
6552
6552
6552
6552
6568
6568
6568
6568
6568
6567
6528
6488
6462
6462
6462
6423
6488
6488
6488
6488
6488
6488
6488
6503
6514
6514
6514
6504
6504
6522
6569
6575
6575
6575
6575
6575
6575
6575
6575
6575
6582
6536
6536
6564
6516
6516
6512
6534
6534
6585
6585
6566
6566
6597
6637
6603
6603
6603
6603
6575
6575
6593
6578
6578
6529
6561
6588
6580
6580
6569
6624
6624
6574
6574
6574
6593
6604
6604
6582
6557
6557
6544
6605
6647
6610
6610
6594
6563
6560
6560
6560
6560
6553
6647
6632
6608
6586
6586
6570
6618
6658
6658
6711
6711
6711
6626
6626
6626
6620
6586
6642
6642
6620
6631
6664
6664
6626
6633
6633
6637
6637
6641
6671
6666
6615
6615
6590
6590
6590
6590
6593
6593
6593
6593
6594
6594
6689
6696
6676
6713
6740
6692
6692
6709
6685
6710
6710
6705
6651
6654
6654
6654
6668
6689
6687
6687
6723
6724
6724
6771
6752
6645
6635
6629
6650
6650
6650
6671
6671
6671
6687
6671
6653
6653
6653
6653
6653
6693
6717
6717
6717
6752
6752
6752
6693
6667
6667
6667
6667
6667
6667
6674
6674
6674
6674
6606
6606
6605
6618
6618
6588
6588
6588
6588
6556
6535
6535
6576
6576
6586
6586
6594
6594
6594
6603
6603
6566
6589
6589
6589
6668
6616
6597
6657
6655
6655
6623
6622
6594
6582
6588
6576
6528
6528
6528
6528
6528
6561
6564
6518
6516
6516
6519
6519
6501
6536
6537
6537
6641
6680
6631
6631
6632
6632
6674
6686
6686
6631
6631
6637
6540
6540
6540
6579
6639
6639
6639
6602
6602
6569
6569
6606
6552
6596
6596
6596
6596
6596
6593
6585
6604
6673
6604
6604
6604
6566
6603
6603
6548
6548
6575
6567
6580
6579
6615
6614
6605
6605
6579
6591
6591
6591
6613
6600
6600
6596
6596
6596
6607
6602
6559
6559
6559
6559
6605
6598
6602
6589
6588
6578
6578
6627
6679
6679
6679
6679
6679
6699
6686
6688
6704
6715
6726
6664
6653
6605
6607
6665
6665
6636
6599
6630
6630
6630
6621
6621
6633
6688
6698
6712
6690
6710
6710
6706
6729
6715
6685
6645
6654
6672
6680
6670
6649
6649
6641
6572
6572
6567
6567
6572
6572
6606
6636
6675
6587
6584
6624
6620
6620
6665
6628
6628
6628
6662
6618
6623
6623
6579
6579
6579
6585
6549
6584
6584
6584
6514
6514
6514
6514
6490
6508
6469
6453
6463
6458
6458
6383
6425
6473
6473
6458
6486
6495
6620
6620
6620
6620
6620
6599
6613
6620
6620
6620
6620
6563
6472
6472
6472
6475
6557
6455
6452
6487
6481
6467
6467
6467
6474
6474
6509
6509
6500
6519
6543
6543
6559
6559
6591
6643
6643
6643
6608
6616
6616
6647
6629
6629
6562
6562
6562
6562
6562
6540
6540
6513
6513
6513
6513
6513
6513
6515
6484
6484
6484
6482
6482
6510
6510
6510
6510
6627
6691
6639
6639
6577
6638
6613
6613
6613
6617
6617
6631
6668
6635
6635
6675
6647
6657
6620
6583
6583
6583
6551
6551
6551
6550
6550
6550
6572
6572
6582
6576
6576
6558
6558
6558
6548
6548
6535
6535
6535
6583
6589
6571
6571
6485
6509
6509
6495
6562
6575
6575
6614
6570
6627
6690
6672
6717
6692
6728
6728
6806
6790
6851
6849
6846
6868
6880
6878
6878
6869
6823
6741
6734
6760
6683
6661
6661
6620
6750
6736
6737
6746
6766
6766
6754
6707
6745
6727
6625
6633
6633
6633
6633
6633
6633
6674
6637
6669
6619
6644
6622
6583
6583
6583
6639
6632
6599
6564
6564
6564
6564
6564
6564
6564
6564
6564
6564
6564
6564
6564
6568
6585
6579
6579
6579
6604
6604
6633
6633
6598
6598
6643
6618
6618
6615
6600
6586
6586
6541
6541
6541
6541
6541
6518
6518
6513
6565
6572
6572
6572
6616
6616
6622
6603
6623
6633
6665
6665
6649
6647
6647
6623
6639
6639
6639
6667
6667
6586
6586
6586
6586
6586
6586
6586
6610
6622
6622
6622
6605
6605
6520
6520
6524
6524
6524
6524
6524
6524
6569
6569
6539
6539
6539
6539
6547
6547
6537
6537
6537
6537
6537
6537
6524
6571
6571
6571
6571
6571
6571
6524
6524
6524
6524
6524
6524
6524
6520
6520
6520
6520
6513
6513
6521
6522
6493
6493
6493
6493
6483
6465
6480
6480
6480
6480
6480
6441
6441
6441
6431
6431
6438
6438
6435
6435
6435
6435
6450
6443
6499
6499
6499
6486
6505
6505
6473
6478
6478
6597
6510
6510
6530
6530
6530
6539
6580
6511
6511
6511
6511
6511
6511
6491
6543
6548
6548
6491
6474
6474
6474
6474
6471
6431
6457
6457
6375
6375
6375
6446
6479
6479
6511
6458
6424
6406
6419
6419
6469
6484
6484
6526
6526
6526
6526
6519
6519
6519
6519
6519
6538
6538
6538
6538
6538
6538
6538
6538
6538
6538
6538
6538
6620
6620
6570
6570
6570
6570
6586
6630
6633
6666
6666
6684
6692
6725
6698
6698
6705
6705
6705
6690
6690
6634
6640
6610
6610
6610
6610
6610
6619
6646
6646
6646
6646
6644
6644
6640
6616
6616
6616
6616
6638
6642
6642
6600
6576
6576
6576
6576
6576
6548
6548
6568
6568
6549
6620
6627
6638
6638
6646
6626
6626
6635
6583
6587
6614
6614
6569
6566
6554
6554
6581
6572
6572
6513
6513
6513
6537
6524
6520
6616
6616
6616
6612
6616
6582
6580
6580
6580
6580
6620
6620
6640
6630
6569
6569
6566
6563
6523
6523
6506
6512
6512
6520
6520
6457
6457
6432
6461
6461
6461
6461
6461
6461
6461
6461
6461
6461
6461
6464
6455
6471
6478
6478
6530
6492
6475
6475
6475
6475
6464
6464
6446
6446
6429
6431
6431
6431
6431
6431
6431
6431
6428
6459
6493
6470
6470
6455
6449
6449
6443
6443
6449
6426
6404
6394
6416
6416
6416
6423
6423
6423
6423
6438
6438
6438
6438
6438
6438
6452
6505
6505
6505
6611
6607
6607
6607
6607
6589
6602
6602
6542
6525
6525
6525
6525
6525
6525
6512
6552
6552
6538
6563
6537
6537
6537
6538
6538
6538
6546
6546
6545
6518
6518
6528
6506
6506
6506
6520
6534
6534
6520
6520
6502
6502
6505
6524
6538
6563
6563
6564
6598
6598
6598
6602
6602
6603
6592
6592
6612
6586
6528
6528
6516
6556
6556
6514
6514
6514
6514
6514
6514
6514
6547
6558
6544
6535
6530
6530
6530
6530
6530
6530
6594
6590
6590
6590
6585
6585
6585
6535
6535
6535
6576
6576
6576
6605
6605
6622
6585
6585
6585
6585
6585
6585
6585
6585
6607
6607
6549
6549
6549
6549
6563
6564
6564
6564
6562
6562
6562
6559
6559
6559
6559
6559
6559
6571
6571
6571
6607
6613
6579
6579
6543
6543
6561
6568
6568
6589
6574
6574
6573
6573
6582
6582
6582
6582
6599
6573
6573
6564
6564
6556
6556
6508
6508
6499
6499
6508
6508
6508
6557
6528
6508
6508
6508
6502
6502
6502
6498
6457
6450
6450
6450
6450
6453
6453
6453
6432
6432
6399
6397
6397
6397
6397
6397
6438
6438
6438
6423
6416
6416
6408
6408
6401
6372
6372
6372
6372
6372
6372
6372
6372
6372
6372
6372
6372
6372
6370
6370
6370
6370
6370
6381
6381
6381
6381
6381
6381
6381
6381
6381
6381
6361
6366
6366
6366
6366
6366
6366
6366
6366
6366
6366
6366
6366
6392
6392
6392
6392
6392
6392
6386
6386
6401
6401
6401
6401
6401
6401
6401
6401
6401
6401
6401
6439
6439
6491
6491
6482
6493
6493
6493
6493
6494
6494
6494
6494
6494
6542
6542
6542
6542
6542
6542
6542
6554
6569
6554
6554
6614
6614
6603
6572
6544
6513
6513
6510
6497
6528
6539
6539
6539
6544
6547
6539
6539
6539
6539
6571
6534
6534
6534
6575
6570
6540
6517
6517
6533
6533
6533
6533
6533
6533
6533
6532
6562
6548
6548
6548
6585
6585
6585
6548
6548
6548
6548
6548
6572
6525
6572
6572
6575
6574
6568
6538
6538
6538
6511
6525
6541
6537
6536
6536
6471
6471
6449
6449
6472
6506
6468
6468
6457
6457
6482
6482
6482
6482
6480
6480
6480
6480
6480
6474
6474
6474
6474
6474
6474
6474
6486
6486
6488
6488
6488
6488
6488
6488
6487
6487
6517
6517
6463
6463
6490
6499
6499
6512
6512
6506
6477
6505
6517
6517
6517
6517
6525
6515
6521
6555
6555
6561
6561
6561
6561
6561
6540
6540
6540
6540
6540
6518
6480
6480
6480
6480
6491
6491
6521
6521
6512
6512
6519
6558
6558
6558
6558
6565
6542
6542
6542
6542
6545
6619
6619
6619
6580
6580
6569
6569
6569
6569
6561
6561
6563
6549
6552
6551
6546
6520
6496
6473
6473
6473
6473
6443
6443
6443
6443
6443
6443
6443
6443
6443
6443
6443
6448
6448
6448
6417
6417
6417
6465
6465
6458
6458
6455
6455
6489
6489
6489
6498
6498
6498
6498
6495
6501
6487
6487
6487
6487
6487
6487
6481
6509
6509
6509
6509
6508
6508
6508
6508
6508
6508
6447
6447
6447
6447
6447
6447
6447
6447
6447
6447
6447
6447
6447
6447
6447
6447
6447
6447
6447
6447
6451
6451
6451
6451
6436
6436
6461
6461
6461
6461
6460
6450
6408
6408
6408
6408
6413
6413
6421
6421
6421
6421
6421
6421
6416
6430
6430
6446
6446
6446
6446
6438
6442
6442
6442
6442
6438
6438
6438
6438
6438
6438
6398
6398
6398
6398
6386
6386
6386
6386
6386
6386
6386
6365
6365
6378
6408
6377
6377
6377
6354
6354
6354
6354
6354
6354
6413
6397
6390
6390
6389
6389
6389
6324
6324
6315
6316
6306
6306
6297
6297
6297
6297
6297
6299
6299
6299
6299
6299
6293
6336
6336
6321
6316
6316
6316
6313
6313
6313
6313
6313
6303
6220
6211
6211
6211
6211
6211
6269
6218
6204
6204
6204
6204
6204
6204
6204
6204
6204
6204
6204
6204
6204
6204
6204
6204
6204
6204
6245
6245
6245
6249
6249
6270
6270
6323
6323
6323
6287
6266
6254
6279
6279
6261
6261
6216
6216
6242
6242
6242
6242
6242
6261
6261
6261
6261
6265
6265
6265
6265
6261
6261
6261
6261
6245
6245
6245
6245
6245
6245
6215
6215
6215
6215
6215
6247
6268
6268
6268
6268
6268
6268
6268
6272
6272
6272
6272
6272
6301
6334
6290
6299
6281
6288
6288
6288
6292
6263
6263
6263
6263
6263
6263
6263
6263
6263
6275
6353
6353
6348
6348
6348
6348
6348
6348
6348
6348
6348
6348
6348
6348
6348
6348
6348
6348
6348
6393
6393
6393
6393
6392
6392
6392
6392
6392
6392
6392
6392
6416
6424
6424
6424
6431
6448
6448
6448
6448
6448
6435
6445
6445
6445
6445
6445
6445
6445
6425
6410
6354
6356
6353
6353
6353
6353
6353
6348
6348
6348
6348
6343
6343
6353
6420
6420
6398
6377
6377
6377
6373
6373
6373
6373
6373
6382
6382
6382
6385
6323
6323
6323
6329
6329
6329
6329
6346
6356
6356
6356
6356
6327
6327
6327
6327
6311
6311
6311
6311
6346
6346
6341
6385
6385
6387
6387
6387
6387
6399
6351
6351
6351
6351
6351
6351
6341
6339
6357
6357
6357
6357
6357
6368
6353
6324
6324
6324
6324
6324
6324
6324
6324
6324
6330
6330
6330
6337
6337
6337
6337
6337
6354
6354
6354
6354
6354
6354
6354
6354
6354
6354
6354
6336
6363
6363
6358
6358
6358
6342
6369
6368
6368
6368
6368
6368
6353
6353
6353
6376
6376
6376
6376
6353
6353
6353
6353
6353
6353
6364
6364
6364
6364
6364
6367
6367
6357
6357
6357
6357
6357
6362
6362
6368
6368
6368
6368
6415
6415
6415
6415
6421
6417
6417
6422
6422
6453
6453
6453
6453
6453
6453
6453
6453
6453
6453
6471
6490
6490
6490
6509
6402
6401
6401
6401
6401
6401
6401
6408
6372
6372
6372
6386
6386
6379
6387
6387
6387
6374
6374
6374
6374
6342
6302
6302
6302
6302
6284
6248
6248
6234
6234
6234
6234
6234
6234
6234
6225
6225
6225
6225
6215
6224
6225
6225
6225
6225
6225
6240
6240
6240
6164
6164
6164
6180
6180
6180
6180
6180
6179
6161
6164
6164
6161
6161
6163
6163
6163
6163
6161
6161
6170
6170
6193
6193
6193
6199
6199
6199
6199
6203
6203
6203
6203
6203
6203
6203
6203
6203
6203
6216
6188
6193
6193
6193
6193
6193
6207
6207
6210
6209
6209
6232
6232
6232
6232
6232
6176
6176
6176
6176
6187
6187
6187
6190
6190
6194
6194
6194
6198
6195
6195
6195
6195
6195
6195
6195
6195
6195
6195
6221
6245
6245
6245
6245
6245
6262
6262
6262
6256
6256
6246
6246
6279
6279
6279
6279
6279
6284
6284
6284
6284
6284
6284
6284
6284
6263
6263
6263
6262
6257
6239
6239
6239
6237
6237
6237
6237
6237
6237
6237
6255
6231
6218
6218
6218
6218
6218
6218
6218
6218
6215
6215
6236
6236
6236
6211
6211
6211
6211
6211
6211
6211
6210
6210
6210
6210
6210
6211
6211
6207
6207
6207
6198
6198
6198
6198
6198
6209
6209
6209
6210
6210
6196
6196
6196
6196
6196
6196
6196
6196
6196
6196
6196
6196
6196
6183
6183
6183
6183
6183
6193
6193
6193
6193
6193
6195
6195
6195
6195
6195
6195
6195
6195
6187
6187
6187
6187
6187
6187
6221
6221
6200
6200
6200
6200
6200
6200
6200
6200
6200
6200
6200
6200
6200
6200
6197
6209
6209
6209
6209
6241
6241
6241
6241
6241
6241
6241
6221
6221
6221
6221
6221
6257
6257
6257
6257
6228
6228
6228
6228
6229
6229
6229
6285
6285
6285
6274
6274
6274
6274
6274
6274
6274
6265
6265
6265
6265
6265
6246
6191
6191
6191
6191
6191
6191
6193
6193
6194
6194
6194
6158
6158
6158
6158
6158
6169
6169
6169
6169
6169
6169
6169
6169
6201
6201
6201
6201
6202
6241
6241
6241
6210
6202
6202
6202
6194
6194
6194
6194
6194
6194
6194
6194
6194
6194
6194
6194
6210
6210
6210
6210
6217
6217
6217
6224
6224
6224
6224
6229
6229
6229
6229
6229
6229
6234
6234
6234
6234
6229
6229
6229
6240
6240
6240
6225
6225
6225
6223
6223
6223
6223
6223
6223
6223
6223
6223
6223
6223
6244
6253
6253
6253
6253
6253
6253
6253
6253
6253
6253
6253
6253
6253
6253
6301
6301
6301
6301
6301
6286
6286
6286
6290
6290
6290
6290
6290
6286
6286
6258
6258
6258
6258
6254
6254
6254
6254
6254
6254
6254
6226
6226
6226
6226
6226
6226
6226
6226
6226
6226
6226
6226
6217
6227
6227
6219
6219
6220
6220
6220
6220
6220
6209
6209
6209
6209
6209
6209
6195
6181
6168
6174
6174
6174
6195
6186
6186
6186
6186
6186
6186
6186
6186
6186
6186
6186
6186
6186
6186
6186
6189
6189
6189
6189
6200
6200
6200
6200
6200
6200
6200
6200
6193
6193
6212
6212
6212
6205
6205
6217
6210
6210
6210
6210
6210
6210
6210
6210
6210
6210
6210
6210
6210
6210
6210
6210
6193
6191
6191
6191
6191
6191
6191
6191
6191
6191
6191
6191
6191
6191
6191
6178
6212
6212
6212
6212
6212
6212
6212
6212
6212
6212
6212
6203
6203
6203
6203
6203
6201
6201
6201
6201
6201
6197
6197
6197
6197
6197
6197
6197
6197
6197
6183
6183
6183
6183
6183
6183
6183
6183
6183
6183
6183
6183
6183
6183
6183
6183
6183
6199
6199
6199
6199
6199
6199
6199
6199
6199
6199
6199
6189
6189
6202
6176
6176
6176
6176
6176
6176
6176
6176
6176
6186
6186
6186
6186
6186
6186
6186
6186
6186
6188
6188
6188
6188
6190
6190
6190
6190
6209
6206
6206
6206
6206
6206
6214
6191
6191
6191
6191
6191
6193
6187
6187
6187
6187
6184
6184
6184
6184
6184
6184
6184
6169
6147
6147
6157
6157
6157
6157
6157
6147
6147
6147
6147
6149
6149
6149
6149
6149
6149
6149
6149
6149
6149
6149
6149
6149
6149
6149
6149
6149
6149
6149
6149
6149
6149
6149
6149
6149
6149
6165
6165
6165
6165
6165
6165
6165
6165
6165
6165
6165
6165
6165
6165
6165
6167
6167
6167
6167
6167
6167
6167
6167
6159
6159
6159
6159
6159
6159
6159
6148
6148
6148
6147
6147
6147
6147
6147
6147
6147
6147
6147
6147
6147
6147
6178
6174
6174
6174
6170
6170
6170
6151
6151
6151
6151
6151
6151
6152
6151
6151
6151
6151
6151
6151
6151
6151
6151
6151
6151
6151
6151
6151
6151
6151
6151
6151
6151
6151
6151
6151
6151
6151
6151
6151
6163
6153
6149
6149
6149
6149
6149
6149
6149
6157
6141
6145
6145
6145
6145
6145
6145
6145
6128
6128
6128
6128
6128
6128
6128
6128
6099
6099
6099
6099
6099
6099
6099
6099
6099
6099
6099
6099
6099
6099
6099
6099
6099
6099
6099
6099
6099
6099
6099
6099
6099
6099
6099
6099
6099
6099
6099
6100
6100
6100
6100
6100
6090
6090
6090
6090
6090
6090
6090
6090
6090
6099
6099
6100
6100
6100
6100
6100
6112
6116
6116
6116
6122
6122
6122
6116
6113
6113
6113
6115
6114
6114
6114
6123
6153
6153
6153
6153
6153
6165
6165
6165
6165
6165
6165
6165
6165
6165
6165
6165
6165
6165
6165
6165
6165
6165
6165
6165
6165
6165
6165
6165
6165
6165
6165
6121
6121
6121
6121
6121
6120
6120
6132
6132
6132
6132
6132
6132
6132
6132
6132
6132
6112
6112
6112
6115
6115
6115
6115
6115
6124
6104
6104
6104
6104
6104
6104
6104
6104
6104
6104
6104
6104
6104
6104
6104
6104
6104
6104
6104
6104
6104
6104
6104
6104
6102
6102
6102
6102
6102
6102
6102
6102
6102
6102
6102
6102
6102
6102
6102
6102
6102
6102
6102
6102
6102
6102
6104
6101
6101
6101
6101
6108
6108
6108
6108
6113
6113
6113
6113
6113
6113
6113
6113
6113
6113
6113
6113
6113
6113
6113
6113
6113
6113
6113
6113
6116
6116
6116
6110
6110
6110
6110
6110
6115
6115
6115
6115
6115
6115
6115
6115
6115
6115
6115
6115
6115
6123
6123
6123
6105
6105
6105
6104
6104
6104
6104
6104
6104
6104
6104
6103
6103
6103
6103
6086
6086
6086
6086
6086
6086
6086
6086
6086
6086
6086
6086
6086
6086
6086
6086
6086
6086
6086
6086
6086
6086
6086
6086
6086
6086
6086
6086
6086
6086
6086
6086
6086
6086
6086
6086
6086
6092
6092
6092
6092
6095
6095
6095
6095
6095
6104
6104
6104
6104
6104
6104
6104
6104
6104
6104
6104
6104
6104
6104
6104
6104
6104
6105
6105
6104
6104
6104
6109
6109
6109
6108
6108
6108
6108
6108
6108
6108
6108
6108
6108
6116
6116
6116
6116
6116
6116
6116
6116
6116
6115
6115
6115
6114
6114
6104
6104
6096
6096
6096
6096
6096
6099
6099
6099
6099
6107
6106
6106
6106
6106
6106
6106
6106
6106
6112
6112
6121
6121
6099
6099
6099
6099
6099
6099
6099
6099
6099
6099
6099
6099
6099
6099
6099
6099
6109
6109
6109
6109
6109
6109
6109
6109
6108
6108
6108
6107
6107
6107
6110
6110
6110
6110
6110
6113
6113
6113
6113
6113
6113
6113
6105
6105
6105
6105
6105
6105
6105
6105
6105
6105
6105
6105
6105
6105
6105
6105
6105
6105
6105
6097
6097
6097
6097
6097
6097
6097
6097
6097
6097
6097
6097
6097
6097
6097
6097
6084
6084
6084
6084
6084
6084
6084
6084
6084
6084
6084
6084
6084
6084
6084
6084
6084
6084
6084
6084
6084
6084
6084
6084
6084
6081
6081
6081
6081
6061
6069
6069
6069
6069
6069
6069
6063
6063
6063
6063
6063
6063
6058
6058
6058
6058
6058
6058
6058
6058
6058
6058
6058
6058
6058
6058
6058
6058
6058
6058
6058
6058
6058
6058
6058
6058
6058
6058
6058
6058
6048
6048
6048
6048
6047
6047
6047
6047
6047
6047
6047
6047
6047
6047
6047
6047
6047
6047
6047
6047
6047
6047
6047
6047
6047
6047
6047
6047
6047
6047
6047
6047
6047
6047
6047
6047
6047
6047
6047
6047
6047
6047
6047
6047
6047
6047
6047
6047
6047
6047
6047
6047
6047
6047
6047
6047
6047
6047
6047
6047
6047
6047
6047
6047
6047
6047
6047
6047
6047
6047
6047
6047
6047
6047
6047
6063
6075
6055
6055
6055
6043
6043
6043
6058
6058
6058
6058
6058
6058
6045
6045
6045
6045
6045
6045
6045
6045
6045
6045
6045
6045
6045
6045
6045
6045
6045
6045
6045
6045
6045
6045
6045
6045
6045
6045
6045
6045
6045
6045
6045
6045
6045
6045
6045
6045
6045
6045
6045
6045
6045
6045
6045
6045
6045
6045
6045
6045
6045
6045
6045
6045
6045
6045
6045
6045
6045
6045
6045
6045
6045
6045
6045
6045
6045
6045
6045
6045
6045
6045
6045
6045
6045
6045
6045
6045
6045
6045
6045
6045
6045
6045
6045
6045
6045
6045
6045
6045
6045
6045
6045
6045
6045
6045
6045
6042
6042
6042
6042
6042
6042
6042
6042
6042
6042
6042
6042
6042
6042
6040
6040
6040
6040
6040
6040
6040
6040
6040
6040
6040
6040
6040
6040
6040
6040
6040
6040
6040
6040
6040
6040
6040
6040
6040
6040
6040
6040
6040
6040
6040
6043
6043
6043
6043
6043
6043
6043
6040
6040
6040
6040
6040
6040
6040
6040
6040
6040
6040
6040
6040
6040
6040
6040
6040
6040
6040
6040
6040
6040
6040
6040
6040
6040
6040
6040
6040
6040
6040
6040
6040
6036
6036
6036
6036
6036
6036
6036
6036
6036
6036
6036
6036
6036
6036
6036
6036
6036
6036
6036
6036
6036
6036
6036
6036
6036
6036
6036
6036
6036
6036
6036
6036
6036
6036
6036
6036
6036
6036
6036
6036
6036
6036
6036
6036
6036
6036
6036
6039
6039
6039
6039
6039
6039
6039
6039
6039
6036
6036
6036
6036
6036
6036
6036
6036
6036
6036
6036
6036
6036
6036
6036
6036
6036
6036
6036
6036
6036
6036
6036
6036
6036
6036
6036
6036
6036
6036
6036
6036
6036
6036
6036
6036
6036
6036
6036
6036
6036
6036
6036
6036
6036
6036
6036
6036
6036
6036
6036
6036
6036
6036
6036
6036
6036
6036
6036
6036
6036
6036
6036
6036
6036
6036
6036
6036
6036
6036
6036
6036
6036
6036
6036
6036
6036
6036
6036
6036
6036
6033
6033
6033
6029
6029
6029
6029
6029
6029
6029
6029
6029
6029
6029
6029
6029
6029
6029
6029
6029
6029
6029
6029
6029
6029
6029
6029
6029
6029
6029
6026
6026
6026
6026
6026
6026
6026
6026
6026
6026
6026
6026
6025
6025
6025
6025
6025
6025
6025
6025
6025
6025
6025
6025
6025
6025
6025
6025
6025
6025
6025
6025
6025
6025
6025
6025
6025
6025
6025
6025
6025
6025
6025
6025
6025
6025
6025
6025
6025
6025
6025
6028
6028
6028
6028
6028
6028
6028
6028
6028
6028
6028
6028
6028
6028
6028
6028
6028
6028
6029
6029
6029
6029
6029
6029
6029
6029
6029
6008
6008
6008
6008
6008
6008
6008
6008
6008
6008
6008
6008
6008
6008
6008
6008
6008
6008
6008
6008
6008
6008
6008
6008
6008
6008
6008
6008
6008
6008
6008
6008
6008
6008
6008
6008
6008
6008
6008
6008
6008
6008
6008
6008
6008
6008
6008
6008
6008
6008
6008
6008
6008
6008
6008
6008
6008
6008
6008
6008
6008
6008
6008
6008
6008
6008
6008
6008
6008
6008
5973
5973
5973
5973
5973
5973
5973
5973
5973
5973
5973
5973
5973
5973
5973
5973
5973
5973
5973
5973
5973
5973
5973
5973
5973
5973
5973
5973
5973
5973
5973
5973
5973
5973
5973
5973
5973
5973
5973
5973
5973
5973
5973
5970
5970
5970
5970
5969
5969
5969
5969
5969
5969
5966
5966
5966
5966
5966
5966
5966
5966
5966
5966
5966
5966
5966
5966
5966
5966
5966
5966
5966
5966
5966
5966
5966
5966
5966
5966
5966
5966
5966
5966
5966
5966
5966
5966
5966
5966
5966
5966
5966
5966
5966
5966
5966
5966
5966
5966
5966
5966
5966
5966
5966
5966
5966
5966
5966
5966
5966
5966
5966
5966
5966
5966
5966
5966
5966
5966
5966
5966
5966
5966
5966
5966
5966
5966
5966
5966
5966
5966
5966
5966
5966
5966
5966
5966
5973
5973
5973
5973
5973
5973
5973
5973
5973
5973
5973
5973
5973
5973
5973
5973
5973
5973
5973
5973
5973
5966
5966
5966
5966
5966
5966
5966
5966
5966
5966
5967
5967
5967
5967
5967
5967
5967
5967
5967
5967
5967
5967
5967
5967
5967
5967
5968
5968
5968
5968
5968
5968
5966
5966
5966
5966
5966
5966
5966
5966
5966
5966
5966
5966
5966
5966
5966
5966
5966
5966
5966
5966
5966
5966
5966
5966
5966
5966
5966
5966
5966
5966
5966
5966
5966
5966
5966
5966
5966
5966
5966
5966
5966
5966
5966
5966
5966
5966
5966
5966
5966
5966
5966
5966
5966
5966
5966
5966
5966
5966
5966
5966
5966
5966
5966
5966
5966
5966
5966
5966
5966
5966
5966
5966
5966
5966
5966
5966
5966
5966
5966
5966
5966
5966
5966
5966
5966
5966
5966
5966
5966
5966
5966
5966
5966
5966
5966
5966
5966
5966
5966
5966
5966
5966
5966
5966
5966
5966
5966
5966
5966
5966
5966
5966
5952
5952
5952
5952
5952
5952
5952
5952
5952
5952
5952
5952
5952
5952
5952
5952
5952
5952
5952
5952
5952
5952
5952
5952
5952
5952
5952
5952
5952
5952
5952
5952
5952
5952
5952
5952
5952
5952
5952
5952
5943
5943
5943
5943
5943
5943
5943
5943
5943
5943
5943
5943
5943
5943
5943
5943
5943
5943
5943
5943
5943
5943
5943
5943
5943
5943
5943
5943
5943
5943
5943
5943
5943
5953
5953
5953
5953
5953
5953
5953
5953
5953
5953
5953
5953
5953
5953
5953
5953
5953
5953
5953
5953
5953
5953
5953
5953
5953
5953
5953
5953
5953
5953
5953
5953
5953
5953
5953
5953
5953
5953
5953
5953
5953
5953
5953
5953
5953
5953
5953
5953
5953
5953
5953
5953
5953
5953
5953
5953
5953
5953
5953
5953
5953
5943
5943
5943
5943
5943
5951
5955
5943
5943
5943
5943
5943
5943
5943
5943
5943
5943
5943
5943
5943
5943
5943
5943
5943
5943
5943
5943
5943
5943
5943
5943
5943
5943
5943
5943
5943
5943
5943
5943
5943
5943
5943
5943
5943
5943
5943
5943
5943
5943
5943
5943
5943
5943
5943
5943
5943
5943
5943
5943
5943
5943
5943
5943
5943
5943
5943
5943
5943
5943
5943
5943
5943
5944
5944
5944
5944
5944
5944
5944
5944
5944
5944
5944
5944
5944
5944
5944
5944
5944
5944
5944
5944
5944
5944
5948
5948
5948
5948
5948
5948
5948
5948
5948
5948
5948
5948
5948
5948
5948
5948
5948
5948
5948
5948
5948
5948
5948
5948
5948
5948
5948
5948
5948
5948
5948
5948
5948
5948
5948
5948
5948
5948
5948
5948
5948
5948
5948
5948
5948
5948
5948
5948
5948
5948
5943
5943
5943
5943
5943
5943
5943
5943
5943
5943
5943
5943
5943
5943
5943
5943
5943
5943
5943
5943
5943
5943
5943
5943
5943
5943
5943
5943
5943
5943
5943
5943
5943
5943
5943
5943
5943
5943
5943
5943
5943
5943
5943
5943
5943
5943
5943
5943
5943
5943
5943
5943
5943
5943
5943
5943
5943
5943
5943
5943
5943
5943
5943
5943
5944
5944
5944
5944
5944
5944
5944
5944
5944
5944
5944
5944
5944
5944
5944
5943
5943
5943
5943
5943
5943
5943
5943
5943
5943
5943
5943
5943
5943
5943
5943
5943
5943
5943
5943
5943
5943
5943
5943
5943
5943
5943
5943
5943
5943
5943
5943
5943
5943
5943
5943
5943
5943
5943
5943
5943
5943
5943
5943
5943
5943
5943
5943
5943
5943
5943
5943
5943
5943
5943
5943
5943
5943
5943
5943
5943
5943
5943
5943
5943
5943
5943
5943
5943
5943
5943
5943
5943
5943
5943
5943
5939
5939
5939
5939
5939
5939
5939
5939
5939
5939
5939
5939
5939
5939
5939
5939
5939
5939
5939
5939
5939
5939
5939
5939
5939
5939
5939
5939
5939
5939
5939
5939
5939
5939
5939
5939
5939
5939
5939
5939
5939
5939
5939
5939
5939
5939
5939
5939
5939
5939
5939
5939
5939
5939
5939
5939
5939
5939
5939
5939
5939
5939
5939
5939
5939
5939
5939
5939
5939
5939
5939
5939
5939
5939
5939
5939
5939
5939
5939
5939
5939
5939
5939
5939
5939
5939
5939
5939
5939
5939
5939
5939
5939
5939
5939
5939
5939
5939
5939
5939
5939
5939
5939
5939
5939
5939
5939
5939
5939
5939
5939
5939
5939
5939
5939
5939
5939
5939
5939
5939
5939
5939
5939
5939
5939
5939
5939
5939
5939
5939
5939
5939
5939
5939
5939
5939
5939
5939
5939
5939
5939
5939
5939
5939
5939
5939
5939
5939
5939
5939
5939
5939
5939
5939
5939
5939
5939
5939
5939
5939
5939
5943
5943
5943
5943
5943
5943
5943
5943
5943
5943
5943
5943
5943
5943
5943
5943
5943
5943
5943
5943
5943
5939
5939
5939
5939
5939
5939
5939
5939
5939
5939
5939
5939
5939
5939
5939
5939
5939
5939
5939
5939
5939
5939
5939
5939
5939
5939
5939
5939
5939
5939
5939
5939
5939
5939
5939
5939
5949
5949
5949
5949
5949
5949
5949
5949
5949
5949
5949
5949
5949
5949
5949
5949
5949
5949
5949
5949
5949
5949
5947
5947
5947
5947
5947
5947
5947
5947
5947
5947
5947
5947
5947
5947
5946
5946
5946
5946
5946
5946
5946
5946
5946
5946
5946
5946
5946
5946
5939
5939
5939
5939
5939
5939
5939
5939
5939
5939
5939
5939
5939
5943
5943
5943
5943
5943
5943
5943
5943
5939
5939
5939
5939
5939
5939
5939
5939
5939
5939
5939
5939
5939
5939
5939
5939
5939
5939
5939
5939
5939
5939
5939
5939
5939
5939
5939
5939
5939
5939
5939
5939
5939
5939
5939
5939
5939
5939
5939
5939
5939
5939
5939
5939
5939
5939
5939
5939
5939
5939
5939
5939
5939
5939
5939
5939
5939
5939
5939
5939
5939
5939
5939
5939
5939
5939
5939
5939
5939
5939
5939
5939
5939
5939
5939
5939
5939
5939
5939
5939
5939
5939
5939
5939
5939
5939
5939
5939
5939
5939
5939
5939
5939
5939
5939
5939
5939
5939
5939
5939
5939
5939
5939
5939
5939
5939
5939
5939
5939
5939
5939
5939
5939
5939
5939
5939
5939
5939
5939
5939
5939
5939
5939
5939
5939
5939
5939
5939
5939
5939
5939
5939
5939
5939
5939
5939
5939
5939
5939
5939
5943
5943
5943
5943
5943
5943
5943
5943
5943
5943
5943
5943
5943
5943
5943
5943
5943
5943
5943
5943
5943
5943
5943
5947
5947
5947
5947
5947
5947
5939
5939
5939
5939
5939
5939
5939
5939
5939
5939
5939
5939
5939
5939
5939
5939
5939
5939
5939
5939
5939
5939
5939
5939
5939
5939
5954
5954
5954
5953
5954
5954
5954
5954
5954
5954
5954
5954
5954
5954
5954
5950
5950
5950
5950
5950
5950
5950
5950
5950
5950
5950
5950
5950
5950
5950
5950
5950
5950
5950
5950
5950
5950
5950
5950
5950
5950
5950
5950
5950
5950
5950
5950
5950
5950
5950
5950
5950
5950
5950
5950
5950
5950
5950
5950
5950
5950
5950
5943
5943
5943
5943
5943
5943
5943
5943
5943
5943
5943
5943
5943
5943
5943
5943
5943
5943
5943
5943
5943
5943
5943
5943
5943
5943
5943
5943
5943
5943
5943
5943
5943
5943
5943
5943
5943
5943
5943
5943
5943
5943
5943
5939
5939
5939
5940
5940
5940
5940
5940
5940
5940
5940
5940
5940
5940
5940
5940
5943
5943
5943
5943
5943
5943
5943
5943
5943
5943
5943
5943
5943
5943
5943
5943
5943
5943
5943
5943
5943
5943
5943
5943
5943
5943
5943
5943
5943
5943
5943
5943
5943
5943
5943
5943
5943
5943
5943
5943
5943
5939
5939
5942
5942
5942
5942
5942
5942
5942
5942
5942
5942
5942
5942
5942
5942
5942
5942
5942
5942
5942
5942
5942
5942
5939
5939
5939
5939
5939
5939
5939
5939
5939
5939
5939
5939
5939
5939
5939
5939
5939
5939
5939
5939
5939
5939
5939
5939
5939
5939
5939
5939
5939
5939
5939
5939
5939
5939
5939
5939
5939
5939
5939
5939
5939
5939
5939
5939
5939
5939
5939
5939
5939
5939
5939
5939
5939
5939
5939
5939
5939
5939
5939
5939
5939
5939
5939
5939
5939
5939
5939
5939
5939
5939
5939
5939
5939
5939
5939
5939
5939
5939
5939
5939
5939
5939
5939
5939
5939
5939
5939
5939
5939
5939
5939
5939
5939
5939
5939
5939
5939
5939
5939
5939
5939
5939
5939
5939
5939
5944
5944
5944
5944
5944
5944
5945
5945
5945
5945
5945
5945
5945
5945
5945
5945
5945
5945
5945
5942
5942
5942
5942
5942
5942
5942
5942
5942
5942
5942
5942
5942
5942
5942
5942
5942
5942
5942
5942
5942
5942
5942
5936
5936
5936
5936
5936
5936
5936
5936
5936
5936
5936
5936
5936
5936
5936
5936
5936
5936
5936
5936
5936
5936
5936
5936
5936
5936
5936
5936
5936
5936
5936
5936
5936
5936
5936
5936
5936
5936
5936
5936
5936
5936
5936
5936
5936
5936
5936
5936
5936
5936
5936
5936
5936
5936
5936
5936
5936
5936
5936
5936
5936
5936
5936
5936
5936
5936
5936
5936
5936
5936
5936
5936
5936
5936
5936
5936
5936
5936
5936
5936
5936
5936
5936
5936
5936
5936
5938
5938
5938
5938
5938
5938
5938
5938
5938
5938
5938
5938
5938
5938
5938
5938
5938
5938
5938
5938
5938
5938
5938
5938
5938
5938
5938
5938
5938
5938
5938
5938
5938
5938
5938
5938
5938
5938
5938
5938
5938
5938
5938
5938
5938
5938
5938
5938
5938
5938
5938
5938
5938
5942
5942
5942
5942
5942
5942
5942
5942
5942
5942
5942
5942
5942
5942
5942
5942
5942
5942
5942
5942
5942
5942
5942
5942
5942
5942
5942
5942
5942
5942
5942
5942
5942
5942
5942
5942
5942
5942
5942
5942
5942
5942
5942
5942
5942
5942
5942
5942
5942
5942
5944
5944
5944
5944
5944
5944
5944
5944
5944
5944
5944
5944
5944
5941
5941
5941
5941
5941
5941
5941
5941
5941
5941
5941
5941
5941
5941
5941
5941
5941
5944
5944
5944
5944
5944
5944
5944
5944
5944
5944
5947
5947
5947
5947
5947
5947
5947
5947
5947
5947
5939
5939
5939
5939
5939
5939
5939
5939
5939
5939
5939
5939
5939
5939
5939
5939
5939
5939
5939
5939
5938
5938
5938
5938
5938
5938
5938
5938
5938
5938
5938
5938
5938
5938
5938
5938
5938
5938
5938
5938
5939
5939
5939
5939
5939
5939
5939
5939
5939
5939
5939
5939
5939
5939
5939
5935
5935
5935
5935
5935
5935
5935
5935
5935
5935
5935
5935
5935
5935
5935
5935
5935
5935
5935
5935
5942
5942
5942
5942
5942
5942
5942
5942
5942
5942
5942
5942
5942
5942
5942
5942
5942
5942
5942
5942
5942
5942
5942
5942
5942
5942
5942
5942
5942
5942
5942
5942
5942
5942
5942
5942
5942
5942
5942
5942
5942
5942
5942
5942
5942
5942
5942
5942
5942
5942
5942
5942
5942
5942
5942
5942
5942
5942
5942
5942
5942
5942
5942
5942
5942
5942
5942
5942
5942
5942
5942
5942
5942
5942
5942
5942
5942
5942
5942
5942
5942
5942
5942
5942
5942
5942
5942
5942
5942
5942
5942
5942
5942
5942
5942
5942
5942
5942
5945
5945
5945
5945
5945
5945
5945
5945
5945
5945
5945
5945
5945
5945
5945
5945
5945
5945
5945
5945
5945
5945
5945
5945
5945
5945
5945
5945
5945
5945
5945
5945
5945
5945
5945
5945
5945
5945
5945
