6237
6237
6298
6337
6337
6340
6340
6340
6340
6340
6340
6305
6327
6308
6230
6185
6152
6157
6087
6129
6129
6107
6076
6076
6152
6103
6103
6103
6103
6103
6175
6098
6034
6034
6040
6040
6034
6034
6009
6009
6009
6009
5997
5997
5904
5904
5904
5904
5904
5937
5889
5888
5888
5894
5894
5920
5908
5817
5808
5850
5850
5868
5895
5895
5895
5895
6005
6005
6036
6036
6018
6008
6026
6026
6026
5960
5960
5960
5960
5968
6007
6007
5957
5952
5952
5963
5963
5953
5953
5981
5981
5981
6014
5981
5970
5950
5940
5999
5995
5944
5996
5984
5984
6044
6044
5958
5958
5955
5925
5896
5894
5894
5812
5827
5827
5827
5817
5817
5817
5933
5929
5929
5931
5931
5931
5902
5859
5888
5940
5968
5968
5968
5926
5926
5931
5931
5938
5938
5938
5938
6031
6031
6006
5985
5985
5856
5856
5908
5908
5849
5846
5845
5893
5896
5952
5883
5928
5914
5914
5914
5817
5817
5791
5813
5892
5892
5901
5901
5875
5875
5915
5924
5924
5935
5945
5959
5939
5966
5927
5981
5946
5961
5956
5956
5956
5956
5956
6005
6005
6005
6025
5898
5898
5994
6009
6050
6016
6016
6093
6093
6165
6083
6136
6136
6070
6028
5951
5951
5944
5944
5944
5944
5944
5944
5944
5988
5988
6026
6151
6151
6151
6151
6151
6118
6118
6072
6001
6001
6057
6057
6027
6027
6027
6047
6025
6025
6025
6091
6124
6124
6124
6135
6103
6103
6103
6156
6122
6066
6161
6241
6239
6260
6351
6331
6342
6342
6373
6373
6373
6323
6264
6279
6279
6265
6265
6199
6254
6342
6386
6376
6376
6263
6263
6274
6301
6323
6258
6292
6272
6330
6330
6315
6417
6439
6430
6421
6452
6420
6408
6408
6312
6310
6310
6310
6325
6367
6365
6365
6365
6307
6220
6291
6291
6231
6192
6192
6133
6131
6131
6207
6114
6114
6112
6204
6204
6144
6144
6151
6183
6123
6123
6123
6076
6076
6096
6114
6185
6144
6195
6252
6226
6226
6230
6235
6255
6255
6255
6193
6181
6102
6102
6102
6102
6163
6091
6091
6091
6100
6100
6100
6165
6234
6356
6338
6338
6338
6247
6247
6247
6247
6282
6310
6310
6310
6298
6298
6340
6300
6300
6172
6213
6288
6376
6376
6372
6372
6372
6340
6348
6341
6341
6341
6341
6341
6337
6366
6366
6299
6271
6226
6324
6324
6411
6411
6494
6599
6643
6613
6482
6482
6482
6482
6531
6385
6385
6375
6360
6360
6311
6282
6316
6278
6301
6296
6316
6220
6211
6192
6192
6181
6121
6121
6123
6123
6130
6241
6241
6325
6236
6236
6236
6322
6246
6205
6315
6202
6174
6174
6159
6159
6115
6014
6043
6045
6045
6115
6115
6115
6153
6234
6173
6149
6160
6160
6160
6114
6092
6092
6062
6059
6076
6076
6076
6076
6136
6070
6087
6087
6057
6047
5989
6093
6089
6090
6030
6030
6004
6001
6048
6005
5983
5948
5948
5948
5948
5948
6107
6129
6184
6158
6163
6163
6128
6128
6128
6170
6221
6221
6154
6154
6081
6081
6081
6081
6114
6208
6208
6208
6240
6240
6241
6241
6260
6260
6223
6223
6075
6122
6122
6183
6171
6193
6193
6274
6284
6284
6268
6263
6263
6221
6204
6179
6146
6146
6137
6159
6118
6138
6138
6138
6149
6149
6193
6216
6255
6255
6336
6289
6305
6305
6305
6375
6376
6376
6346
6302
6297
6297
6271
6271
6271
6172
6282
6320
6320
6320
6196
6196
6233
6262
6278
6262
6258
6258
6318
6264
6316
6243
6206
6206
6164
6164
6210
6176
6120
6115
6115
6143
6054
6078
6078
6150
6150
6160
6252
6214
6214
6252
6169
6045
6063
6063
6007
6007
6010
5999
6045
6018
5926
5962
5962
5962
5962
5946
5946
5887
5887
5919
5919
5919
5903
5851
5851
5862
5902
5902
5956
5956
6047
6047
6013
5956
5993
5993
5975
5975
5975
6005
5979
5979
5975
5975
5993
5993
5993
6036
6036
6036
6036
6036
6033
6033
6034
6034
6034
6066
6066
6103
6128
6128
6179
6179
6179
6193
6151
6093
6093
6093
6093
6153
6156
6156
6156
6153
6153
6153
6141
6121
6090
6028
6047
6078
6078
6078
6012
6012
6024
6019
6008
6008
6045
6007
5950
5956
5956
5956
5956
5963
5963
5963
5955
5943
5943
5943
6018
5941
5889
5889
5856
5780
5750
5750
5768
5741
5747
5747
5832
5862
5860
5870
5945
5987
5987
5951
5951
5950
5925
5869
5810
5822
5859
5833
5850
5913
5839
5839
5895
5895
5895
5878
5939
5939
5993
6021
6021
5895
5908
6014
6090
6116
6186
6186
6186
6240
6322
6298
6176
6085
6157
6065
6030
5992
5992
5992
5989
6016
6016
6051
6057
6057
6057
6004
5981
5887
5887
5778
5778
5808
5835
5911
5866
5810
5810
5810
5852
5873
5913
5865
5862
5923
5903
5903
5867
5867
5867
5874
5890
5890
5811
5884
5931
5902
5902
6030
6051
5978
5991
5991
5991
5991
5872
5883
5872
5837
5837
5837
5944
5944
5944
5944
5852
5852
5852
5852
5852
5852
5852
5862
5884
5884
5884
5884
5884
5884
5884
5884
5884
5884
5884
5937
5982
5982
5928
5940
5951
5973
5938
5993
6042
6107
6107
6107
6107
6107
6102
6102
6175
6203
6126
6074
5948
5925
5925
5875
5861
5817
5801
5801
5788
5767
5767
5767
5795
5824
5824
5818
5786
5897
5897
5897
5814
5903
5964
5964
5910
6027
6027
6011
5993
5985
5985
5985
6004
5968
5939
5939
6004
6020
6020
6025
6096
6096
6057
6045
6042
6042
6105
6216
6216
6142
6088
6088
6046
6083
6074
6074
6101
6187
6196
6173
6141
6137
6190
6170
6096
6096
6096
6096
6113
6082
6053
5968
5988
5968
5983
6034
6002
5985
6003
5982
6028
6067
6027
6027
6042
6028
5968
6047
6076
6076
6076
6112
6005
6016
6016
6069
6100
6100
6100
6217
6217
6200
6110
6111
6125
6167
6166
6134
6048
6147
6016
6016
6023
6023
5984
6046
6046
6110
6127
6127
6193
6222
6222
6095
6044
6093
6093
6085
6195
6135
6136
6136
6174
6155
6155
6154
6145
6188
6258
6270
6270
6270
6207
6163
6200
6269
6232
6232
6278
6278
6278
6278
6278
6303
6303
6359
6388
6336
6292
6300
6308
6351
6287
6270
6231
6293
6293
6293
6242
6215
6215
6210
6290
6206
6156
6052
5971
5937
5959
5919
5943
6026
5988
5928
5928
5928
5961
6016
5974
6059
6054
5990
5987
5958
6092
6092
6092
6092
6116
6013
6013
5935
5957
5957
5926
5926
5926
5926
5899
5919
5919
5919
5918
6052
5976
6025
6025
6025
6025
6064
6064
6064
6064
6038
5983
5983
5983
5878
5924
5924
5933
5969
5918
5958
5958
5945
5927
5911
5921
5959
5930
5930
5930
5912
5923
5931
5963
5896
5827
5821
5779
5779
5855
5816
5828
5847
5877
5877
5888
5888
5908
5934
5934
5886
5886
5860
5860
5860
5908
5928
5901
5896
5806
5770
5770
5809
5809
5809
5828
5828
5828
5833
5837
5837
5906
5906
5868
5868
5868
5873
5873
5873
5841
5860
5901
5925
6021
6021
6021
6021
6008
6008
6008
6008
5985
5985
5985
5988
5988
5988
6004
6009
6009
6106
6106
6041
6041
6010
6010
6029
6069
6006
6052
6115
6063
6054
6066
6089
6108
6090
6090
6059
6059
6054
6050
6067
6064
6064
6070
6023
6012
6012
6012
6003
6003
6003
5935
5935
5947
5923
5969
5923
5967
5967
5979
5968
5968
6035
6035
6024
6024
6028
6028
6028
6057
6057
5998
5998
5986
6022
6022
6022
6021
5997
5999
5999
6047
6021
6018
6051
6126
6078
5979
5979
5986
5958
5968
5968
5968
5968
5958
5958
5958
5954
5961
5961
5986
5986
6032
5960
5993
5993
5993
5993
5993
6016
6001
5987
6001
6001
6002
6002
5979
5979
5979
5967
5967
6025
6037
6004
6004
6004
6004
5972
6038
6053
6053
6104
6149
6242
6222
6147
6147
6091
6101
6042
5976
5976
5961
5951
5914
5866
5933
6024
6024
6024
6024
6049
6068
6068
6055
6100
6100
6100
6038
6136
6136
6117
6117
6123
6123
6124
6135
6095
6095
6095
6093
6093
6101
6044
6044
6044
6016
6142
6142
6142
6128
6128
6128
6039
6034
6034
5975
5975
5965
5965
5942
5910
5910
5910
5938
5938
5938
5938
5938
5961
5961
5961
6005
5934
5939
5929
5961
5942
5879
5875
5875
5996
5985
6046
6046
6046
6038
6038
6038
6075
6137
6137
6064
6080
6163
6134
6109
6109
6109
6128
6208
6234
6245
6245
6245
6287
6407
6375
6350
6350
6266
6266
6226
6330
6384
6384
6497
6552
6552
6617
6617
6601
6518
6591
6591
6608
6544
6486
6386
6297
6307
6307
6297
6300
6300
6235
6235
6289
6341
6404
6379
6352
6352
6375
6345
6302
6192
6231
6231
6224
6224
6272
6242
6158
6181
6178
6178
6156
6169
6262
6231
6231
6177
6177
6119
6147
6187
6151
6099
6095
6254
6263
6187
6195
6162
6162
6162
6196
6220
6184
6166
6166
6176
6182
6226
6163
6211
6171
6129
6091
6146
6110
6131
6101
6151
6151
6155
6155
6155
6160
6160
6160
6095
6125
6108
6108
6108
6082
6082
6082
6082
6115
6118
6118
6130
6130
6130
6130
6106
6096
6096
6121
6052
6052
6069
6050
6082
6082
6068
6068
6022
5988
5980
6055
6163
6181
6226
6226
6226
6226
6213
6126
6089
6125
6125
6125
6144
6141
6112
6078
6034
6061
6036
6036
5998
5997
5997
5997
6008
6072
6099
6076
6076
6000
6006
6103
6103
6142
6207
6225
6280
6253
6225
6150
6095
6091
6083
6083
6081
6074
6115
6153
6153
6202
6218
6206
6184
6177
6163
6196
6274
6280
6223
6223
6178
6178
6142
6190
6175
6171
6171
6189
6189
6242
6242
6177
6177
6182
6180
6173
6115
6086
6014
6082
6078
6078
6097
6093
6083
6153
6203
6258
6238
6283
6283
6193
6216
6222
6258
6155
6101
6101
6193
6193
6193
6185
6172
6172
6132
6177
6177
6177
6152
6152
6081
6114
6114
6114
6114
6128
6149
6148
6127
6127
6127
6127
6042
6103
6103
6043
6027
5969
5969
5969
5953
5991
6019
6019
6032
6036
6075
6087
6087
6089
6080
6074
6116
6116
6105
6058
6088
6088
6072
6097
6092
6092
6056
6056
5970
6035
6035
6035
6045
6094
6089
6078
6113
6159
6251
6195
6115
6115
6143
6118
6101
6054
6055
6067
6044
6144
6144
6108
6108
6162
6165
6130
6141
6141
6290
6239
6248
6258
6314
6314
6222
6222
6203
6257
6257
6217
6233
6233
6178
6175
6201
6168
6062
6045
6078
6076
6076
6112
6077
5983
5990
5990
5961
5947
5947
5944
5944
5944
5971
5971
5971
6018
5968
5968
5996
5996
6049
6049
6049
6049
6057
6080
6080
6080
6107
6074
6084
6116
6116
6113
6113
6113
6164
6164
6164
6231
6212
6312
6324
6324
6295
6295
6295
6291
6365
6364
6376
6384
6384
6409
6389
6385
6385
6419
6305
6259
6268
6218
6131
6198
6248
6205
6192
6107
6163
6163
6163
6257
6257
6210
6210
6192
6111
6205
6167
6110
6034
6066
6087
6121
6121
6121
6180
6180
6256
6207
6257
6360
6248
6264
6264
6264
6264
6313
6319
6313
6313
6321
6322
6322
6275
6177
6159
6028
6100
6069
6066
6066
6185
6119
6083
6083
6040
6040
6040
6040
6130
6040
6029
6029
6029
6029
5986
5986
5941
5941
5947
5992
5982
5942
5961
5944
5943
5907
6004
5936
5994
6017
6065
6007
6007
6007
6161
6161
6155
6155
6155
6216
6123
6123
6123
6193
6238
6255
6224
6209
6199
6182
6216
6216
6235
6235
6235
6155
6155
6103
6109
6108
6108
6039
6039
6039
6020
6039
6060
6060
6060
6060
6060
5996
6020
6020
5933
5910
5923
5902
5956
6043
6043
6039
6137
6155
6174
6202
6198
6198
6251
6261
6261
6196
6221
6221
6221
6202
6090
6160
6107
6074
6086
6055
6055
6107
6066
6066
6086
6086
6086
6086
6080
6083
6027
6023
6014
5956
5946
5946
5892
5952
5962
5962
5962
5943
6024
6031
6031
6027
5987
5987
5987
5987
5987
5987
5987
5987
5987
5987
5952
5952
5952
5952
5935
5999
5944
5970
5970
5968
5979
5953
5953
5953
5973
5988
6005
5970
5938
5921
5921
5921
5949
5949
5949
5928
5984
6039
6039
6075
6066
6066
6055
6018
6029
6034
6034
5942
5891
5878
5848
5811
5807
5817
5882
5882
5854
5803
5814
5817
5851
5786
5801
5801
5837
5837
5790
5790
5790
5790
5819
5883
5928
5869
5882
5882
5891
5985
5903
5969
6061
5941
5894
5887
5882
5903
5888
5888
5945
5945
5913
6001
6001
6001
5916
5944
5952
5868
5880
5965
6051
5961
5961
5955
5955
5955
5980
6004
6004
6004
5980
6041
6135
6135
6153
6090
6090
6090
6089
6115
6115
6059
6082
6164
6167
6119
6135
6135
6153
6124
6140
6211
6151
6144
6066
6024
6078
6078
5996
5972
6004
5958
5913
5913
5913
5954
5954
5908
5908
5890
5890
5890
5861
5925
5892
5892
5804
5809
5819
5819
5846
5846
5816
5808
5808
5802
5802
5845
5856
5903
5903
5936
5875
5846
5846
5851
5851
5851
5846
5876
5891
5948
5948
5933
5944
5951
5932
6008
6012
5927
5927
5927
6017
6017
6017
6017
6017
6017
6017
6014
6000
5997
5997
6031
6031
6031
6031
6031
6031
6031
6031
6031
6031
6042
6031
6102
6078
6045
6057
6057
6056
6074
6103
6090
6090
6143
6207
6207
6207
6207
6191
6238
6219
6219
6219
6201
6201
6205
6205
6170
6157
6126
6102
6102
6132
6132
6047
6053
6102
6090
6090
6090
6110
6110
6110
6110
6110
6110
6058
6093
6081
6058
6058
6007
6007
6007
6007
6007
5958
5981
6029
6029
6072
6072
6067
6043
6043
6043
6041
6041
6041
6041
6048
6048
6048
5998
5984
5977
6067
6101
6101
6101
6101
6111
6051
6008
6008
6026
6014
5981
5986
5986
5994
6002
5988
5988
6000
6000
6011
6011
5978
6066
6066
6066
6001
6001
6001
5977
5983
5983
5983
5981
5913
5913
5913
5913
5913
5929
5913
5913
5913
5913
5913
5987
5949
5884
5957
5939
5891
5884
5884
5884
5884
5896
5974
5959
5959
5959
5959
5959
5959
5985
5959
6034
6034
6087
6087
6087
6087
6016
6016
6016
6016
5999
5983
5983
5991
5983
5983
5983
5983
5966
5966
5966
6017
6062
6070
6070
6055
6048
6087
6087
6087
6071
6107
6107
6102
6102
5961
5947
5947
5995
5995
5995
5995
5995
6042
6039
5954
5954
5957
5957
5957
5957
5957
5957
5957
5957
5957
5957
5957
5957
5957
5957
5957
5981
5971
5907
5884
5845
5845
5845
5845
5845
5845
5845
5845
5845
5845
5845
5845
5845
5845
5845
5845
5871
5896
5899
5897
5938
5938
5976
5976
6021
6150
6084
5994
5994
5996
5989
5893
5893
5889
5954
5921
5927
5975
6011
6031
6031
6090
6099
6047
6005
6035
6035
6035
6032
6028
6073
6049
6004
6092
6096
6092
6092
6092
6092
6094
6081
6081
6132
6229
6229
6229
6229
6236
6223
6206
6207
6207
6264
6191
6243
6273
6234
6206
6206
6206
6219
6201
6219
6193
6223
6223
6217
6213
6213
6256
6281
6218
6218
6253
6253
6245
6245
6213
6289
6217
6146
6128
6207
6224
6173
6116
6122
6156
6051
6051
6051
6063
6004
6004
6004
6047
6047
6047
6042
5990
5980
5928
5928
5928
5895
5887
5905
5905
5893
5909
5909
5909
5909
5971
5971
5963
5963
5963
5963
5905
5879
5879
5879
5879
5879
5883
5883
5873
5885
5885
5870
5905
5960
5960
6005
6005
6005
5909
5892
5892
5981
5958
5919
5919
5928
5928
5928
5940
5940
5965
5965
5997
5992
5992
5992
5992
6033
6031
5973
5973
6009
6007
6030
6030
5988
5954
5883
5905
5905
5905
5905
5905
5937
5919
5899
5992
6010
6015
5982
5976
5996
6039
6012
6052
6023
6023
6023
6027
6077
6077
6077
6077
6077
6077
6077
6077
6077
6055
6055
6021
6021
6047
6047
6047
6047
6047
6057
6057
6057
6057
6057
6057
6066
6094
6094
6097
6097
6097
6097
6097
6150
6150
6037
6063
6066
6037
6037
6059
6059
6059
6059
6059
6012
6026
6026
6073
6039
6146
6146
6146
6076
6076
5965
5965
5965
5901
5873
5901
5911
5951
5980
5980
5955
5907
5907
5907
5907
5908
5908
5908
5908
5908
5949
5949
5949
5953
5953
5953
5987
5993
5993
5987
6001
5976
5976
5961
5961
6076
5991
5942
6031
6047
6019
6019
6019
6038
5955
5898
5862
5862
5862
5929
5908
5908
5908
5908
5854
5863
5923
5975
5937
5927
5927
5927
5937
5932
5921
5977
5948
5917
5916
5890
5904
5904
5996
5979
5971
5963
5943
5894
5936
5941
5970
6005
6005
6040
6023
6022
5939
5939
5925
5908
5933
5933
5933
5933
5928
5960
5960
5988
5922
5922
5949
5899
5937
5937
5937
5937
5937
5937
5937
5951
5951
5951
5951
5951
5847
5885
5935
5935
5935
5968
5931
5962
5992
5965
5999
5988
6026
6026
6007
6036
6036
6007
6007
6013
6013
6060
6060
5984
5984
6016
5979
5979
5959
5976
5976
5976
5976
5976
5935
5935
5996
5986
5986
6116
6187
6179
6224
6163
6193
6197
6180
6053
6049
6049
6049
6009
5987
5979
5965
5965
5967
5967
5967
5922
5922
5922
5992
6068
5967
6007
6045
6045
6045
6045
6045
6045
6045
6045
6045
6045
6045
6045
6127
6127
6127
6154
6079
6054
6054
6020
6020
6086
6140
6106
6144
6144
6168
6143
6170
6170
6151
6151
6132
6094
6054
6042
6042
6089
6042
6065
6099
6073
6061
6045
6045
6055
6023
6002
6002
6030
6030
6030
6040
6047
6030
6030
6030
5953
5953
5914
5869
5869
5864
5864
5853
5879
5879
5971
5933
5945
5910
5910
5910
5926
5926
5938
5911
5880
5869
5879
5995
5936
5936
5935
5936
5935
5955
5941
5941
6051
5998
5966
5966
5961
6029
6029
6029
6029
6029
6028
6008
5977
5977
5977
5977
5977
5977
5977
5977
5977
5999
5999
5933
5958
5955
5926
5921
5930
5935
5903
5903
5903
5926
5993
5993
5954
5954
5910
5899
5899
5893
5881
5881
5881
5881
5881
5939
5939
5908
5917
5917
5917
5963
5934
5996
5969
5974
5974
6005
6009
6009
6054
6054
6047
6047
6098
6033
6134
6027
6044
6027
6027
6027
6027
6027
6027
6008
6008
6008
6030
6045
6045
6045
6045
6053
6053
6079
6079
6069
6069
5984
5909
5909
5909
5909
5909
5909
5909
5916
5920
5920
5884
5922
5889
5884
5864
5864
5867
5867
5853
5819
5819
5831
5819
5819
5819
5819
5862
5900
5882
5884
5806
5803
5842
5851
5912
5896
5896
5896
5978
6031
5904
5977
5988
5988
5924
5924
5959
5930
5930
5894
5988
5932
6004
6004
6004
6004
6004
6004
5959
6032
6004
6004
6034
6129
6129
6124
6124
6123
6148
6148
6181
6181
6181
6181
6278
6278
6290
6292
6292
6292
6292
6183
6046
6046
6040
6043
6043
6043
6017
5932
5947
5886
5886
5886
5905
5905
5905
5880
5844
5826
5841
5841
5861
5865
5896
5876
5884
5884
5884
5976
6009
6046
5957
5965
5980
6004
5944
6052
6102
6131
6131
6131
6131
6033
6047
6027
6027
6047
6047
6080
6053
6018
6045
5992
5992
5911
5902
5809
5807
5807
5844
5890
5816
5831
5831
5751
5879
5853
5853
5892
5892
5892
5910
5872
5872
5930
6063
6063
6063
5941
5941
5879
5836
5836
5875
5836
5793
5793
5804
5804
5747
5715
5722
5722
5722
5715
5713
5772
5769
5792
5792
5815
5886
5892
5953
5939
5939
5976
5976
5954
5979
5957
5913
5913
5913
5964
5967
5967
5957
5977
5977
5928
5946
6022
6027
5943
5943
5943
5882
5882
5882
5796
5799
5808
5831
5908
5874
5874
5853
5853
5853
5934
5934
6019
6019
6019
5920
5920
5907
5907
5891
5891
5843
5844
5844
5891
5891
5877
5877
5877
5895
5895
5895
5895
5964
5964
5964
5964
5925
5965
5965
6014
6014
6014
5960
5937
5937
5928
5928
6006
6006
6006
6006
5948
5956
5956
5948
5948
5901
5901
5901
5882
5882
5875
5875
5875
5875
5879
5951
5951
5918
5908
5912
5912
5912
5905
5909
5986
6011
6011
6001
5988
5988
5934
5917
5945
5917
5953
5943
5943
5943
5944
5936
5936
5936
5936
5936
5936
5936
5936
5936
5936
5936
5987
5987
5987
5920
5920
5859
5859
5907
5858
5858
5858
5837
5851
5884
5884
5929
5927
5865
5873
5873
5839
5839
5839
5836
5836
5836
5836
5836
5836
5789
5789
5789
5845
5793
5789
5789
5902
5973
5917
5950
5974
6000
6099
6050
6050
6050
6050
6056
6056
6056
6056
6056
6072
6072
6072
6053
6053
6053
6108
6108
6108
6123
6123
6171
6152
6151
6132
6132
6120
6120
6120
6120
6093
6014
6001
6001
6001
6093
6074
6029
6034
6035
6009
6009
5957
5957
5946
5980
5979
5995
5995
5995
5995
5978
5978
5978
5957
5968
5957
5957
5956
6024
6014
6014
6014
6014
6008
5967
5967
5890
5890
5892
5901
5869
5913
5913
6025
5960
5881
5890
5890
5885
5885
5885
5869
5886
5875
5875
5875
5875
5875
5875
5875
5875
5875
5875
5941
5941
5881
5881
5889
5860
5866
5866
5864
5864
5862
5862
5862
5862
5862
5841
5841
5865
5879
5894
5864
5864
5864
5821
5906
5906
5988
6018
6024
6024
6024
6024
6024
6024
6024
6024
6041
6008
6014
6009
6010
5979
6048
6048
6085
6042
5933
5928
5928
5928
5928
5940
5940
5915
5915
5913
5913
6025
5941
5941
5941
5941
5940
5940
5897
5897
5916
5952
5929
5929
5896
5880
5880
5880
5880
5880
5880
5880
5878
5957
5964
5899
5899
5839
5847
5833
5862
5862
5943
5943
5876
5928
5928
5986
5986
5935
5935
5935
5935
5935
5947
5962
5930
5930
5930
5930
5934
5995
5975
5975
5922
5922
5922
5922
5938
5933
5933
5888
5892
5892
5902
5870
5883
5879
5892
5892
5889
5879
5879
5905
5855
5855
5855
5855
5866
5893
5893
5893
5893
5981
5957
6036
6066
6129
6180
6180
6180
6180
6122
6122
6122
6134
6125
6072
6069
6069
6069
6016
6022
5947
5996
5975
5972
5972
5972
5951
5926
5959
5988
5988
5988
5978
5978
5979
5990
5983
5918
5918
5936
5936
5920
5942
5942
5882
5877
5877
5877
5877
5877
5877
5877
5877
5880
5875
5903
5945
5945
5945
5986
5992
5992
6029
6029
6019
6019
5992
5992
6108
6042
6068
6120
6120
6120
6103
6103
6152
6150
6150
6132
6148
6148
6148
6140
6140
6101
6101
6101
6035
6004
6004
6004
5942
5942
5948
6013
6013
6013
6053
6053
6044
6028
6028
6028
6028
6028
6117
6102
6079
6101
6101
6086
6111
6111
6084
6084
6069
6103
6098
6070
6070
6070
6158
6158
6039
6039
6039
5945
5945
5955
5955
5955
5963
5984
6030
6012
6012
6012
6012
6015
6015
6101
6101
6165
6105
6132
6189
6189
6189
6189
6267
6267
6267
6302
6302
6302
6220
6239
6239
6239
6239
6203
6226
6236
6236
6236
6236
6236
6213
6337
6343
6343
6390
6434
6416
6416
6409
6397
6319
6275
6275
6275
6275
6271
6256
6265
6337
6337
6337
6337
6307
6271
6271
6219
6219
6298
6300
6278
6287
6312
6312
6312
6312
6312
6204
6203
6223
6223
6223
6223
6223
6235
6235
6233
6258
6266
6266
6267
6290
6246
6256
6240
6247
6231
6231
6236
6204
6187
6190
6202
6202
6200
6190
6236
6236
6222
6222
6222
6172
6141
6152
6152
6119
6119
6119
6130
6137
6043
6043
6043
6043
6013
6013
6013
6007
6007
6007
5999
5999
6115
6115
6115
6105
6026
6097
5964
5987
5981
5959
5959
5956
5924
5924
5935
5938
5938
5938
5938
5917
5917
5936
5936
5901
5914
5914
5884
5884
5884
5877
5906
5906
5910
5918
6004
6004
6004
6004
6020
6020
6020
6020
6095
6084
6091
6100
6148
6191
6196
6196
6147
6147
6147
6139
6125
6119
6129
6148
6148
6197
6197
6176
6083
6083
6134
6134
6092
6112
6129
6129
6163
6147
6147
6147
6147
6176
6127
6127
6127
6127
6127
6104
6110
6116
6087
6066
6066
6066
6126
6135
6135
6135
6143
6143
6143
6117
6117
6130
6130
6149
6189
6189
6076
6076
6076
6055
6055
6055
6055
6026
5915
5889
5892
5920
5920
5880
5880
5874
5792
5788
5788
5785
5785
5766
5766
5869
5883
5883
5883
5883
5883
5888
5882
5882
5882
5826
5799
5813
5813
5813
5813
5813
5813
5813
5813
5813
5813
5813
5869
5827
5832
5819
5819
5867
5867
5867
5867
5840
5840
5840
5873
5819
5798
5845
5845
5861
5861
5845
5855
5855
5855
5761
5761
5761
5766
5794
5794
5825
5825
5806
5766
5800
5800
5808
5820
5820
5820
5833
5830
5844
5819
5819
5849
5809
5809
5810
5810
5810
5810
5810
5868
5918
5881
5841
5824
5830
5830
5830
5822
5794
5794
5777
5777
5791
5820
5871
5871
5873
5871
5871
5872
5872
5845
5859
5859
5859
5859
5844
5844
5844
5844
5844
5844
5838
5838
5838
5779
5779
5800
5800
5800
5864
5866
5848
5848
5841
5841
5841
5841
5865
5865
5827
5817
5817
5835
5827
5817
5827
5869
5869
5869
5909
5939
5907
5915
5841
5820
5779
5779
5779
5729
5729
5729
5806
5774
5774
5754
5754
5754
5754
5754
5754
5797
5797
5797
5766
5766
5766
5739
5739
5741
5741
5741
5741
5748
5729
5838
5887
5896
5887
5907
5907
5907
5907
5902
5913
5955
5955
5955
5941
5892
5944
5944
5944
5970
5891
5891
5891
5885
5885
5885
5799
5799
5772
5794
5794
5794
5794
5794
5747
5747
5751
5751
5746
5807
5807
5807
5807
5807
5807
5832
5832
5825
5825
5825
5825
5809
5809
5765
5765
5765
5765
5765
5765
5765
5792
5792
5775
5775
5775
5785
5781
5781
5734
5734
5748
5748
5748
5748
5801
5795
5795
5795
5797
5797
5876
5876
5876
5876
5915
5920
5920
5920
5865
5865
5865
5941
5973
5983
5997
5997
5997
5997
5997
5997
6053
6101
6084
6050
6031
6031
6103
6097
6097
6125
6043
5994
5994
5993
5873
5873
5873
5876
5878
5878
5819
5819
5844
5844
5844
5819
5819
5819
5847
5777
5832
5832
5836
5839
5878
5878
5923
5923
5976
5942
5942
5942
5949
5942
5942
5942
5942
5938
5938
5928
5954
5954
5952
5952
5952
5952
5973
5994
5994
5994
5975
5975
5955
5955
6043
6006
6099
6063
6063
6061
6059
5998
6027
6040
6148
6148
6082
6034
6034
6033
6033
6033
5943
5943
5943
5943
5943
5943
5943
5943
5973
5973
5966
5973
5973
5984
6007
5993
5930
5930
5997
5982
5982
6020
5967
5946
5978
5978
5978
6056
6056
6031
6054
6054
6050
6069
6033
6033
6033
5989
5989
5954
6030
6017
6017
6043
6056
6056
6056
5991
6000
6001
6025
6025
6028
6063
6002
5948
6025
6022
5938
5938
5904
5904
5873
5873
5873
5873
5873
5873
5873
5856
5863
5849
5849
5849
5849
5849
5855
5855
5804
5759
5705
5683
5664
5664
5643
5643
5637
5651
5651
5640
5610
5610
5610
5609
5633
5637
5699
5699
5690
5690
5684
5684
5684
5684
5684
5723
5723
5723
5796
5796
5796
5796
5808
5796
5796
5725
5742
5742
5742
5742
5742
5742
5740
5740
5762
5713
5713
5713
5715
5761
5761
5759
5751
5780
5780
5780
5780
5739
5739
5739
5710
5710
5710
5780
5716
5710
5710
5710
5710
5710
5710
5710
5710
5733
5733
5733
5733
5729
5729
5735
5710
5710
5710
5710
5710
5710
5710
5710
5727
5727
5713
5710
5710
5710
5710
5710
5710
5727
5766
5766
5727
5730
5730
5730
5730
5727
5727
5727
5727
5727
5727
5727
5770
5775
5780
5779
5803
5792
5792
5759
5759
5759
5759
5759
5759
5759
5759
5759
5759
5759
5738
5738
5738
5746
5758
5746
5746
5746
5746
5746
5746
5746
5746
5755
5755
5755
5702
5702
5702
5702
5702
5757
5765
5765
5765
5791
5791
5791
5791
5807
5799
5743
5720
5720
5720
5705
5717
5717
5717
5717
5717
5757
5757
5781
5767
5767
5779
5779
5779
5779
5724
5724
5693
5693
5693
5693
5693
5693
5693
5675
5675
5675
5717
5717
5717
5717
5717
5717
5717
5717
5745
5745
5745
5745
5745
5745
5745
5774
5774
5774
5774
5774
5765
5765
5744
5724
5724
5724
5724
5724
5746
5752
5752
5752
5752
5750
5733
5733
5740
5763
5763
5763
5763
5760
5760
5760
5760
5760
5759
5759
5759
5759
5759
5706
5706
5706
5706
5706
5706
5758
5758
5758
5772
5812
5863
5870
5827
5866
5810
5810
5810
5809
5819
5826
5819
5819
5839
5827
5827
5836
5836
5836
5836
5836
5802
5813
5813
5853
5853
5823
5795
5795
5795
5795
5814
5837
5846
5846
5846
5888
5856
5856
5856
5856
5856
5856
5841
5841
5822
5854
5850
5811
5811
5815
5815
5815
5815
5820
5815
5815
5815
5815
5820
5814
5814
5814
5783
5798
5798
5798
5783
5823
5776
5776
5776
5776
5776
5776
5751
5716
5716
5755
5784
5784
5771
5771
5760
5748
5769
5769
5754
5754
5805
5805
5805
5746
5746
5746
5746
5787
5787
5794
5794
5817
5817
5814
5765
5765
5811
5818
5817
5787
5787
5787
5787
5806
5806
5806
5806
5798
5756
5744
5737
5737
5737
5768
5814
5841
5827
5826
5826
5826
5826
5802
5819
5827
5849
5849
5849
5849
5809
5777
5777
5777
5757
5762
5762
5762
5716
5716
5716
5716
5716
5716
5675
5675
5675
5675
5739
5739
5739
5769
5686
5686
5719
5719
5724
5724
5724
5724
5724
5724
5724
5724
5724
5724
5724
5724
5709
5748
5748
5756
5722
5735
5735
5741
5739
5722
5722
5793
5793
5856
5839
5839
5839
5839
5816
5816
5885
5885
5865
5865
5865
5863
5863
5867
5867
5798
5774
5774
5797
5777
5777
5777
5713
5684
5670
5670
5654
5663
5672
5668
5668
5668
5668
5668
5649
5663
5649
5649
5649
5649
5649
5649
5649
5696
5696
5696
5696
5700
5700
5700
5700
5701
5701
5701
5696
5696
5696
5696
5696
5696
5696
5696
5696
5696
5696
5727
5727
5727
5727
5759
5838
5838
5779
5779
5717
5702
5694
5694
5694
5656
5715
5715
5715
5715
5758
5737
5737
5737
5737
5737
5733
5743
5771
5740
5699
5699
5769
5761
5761
5761
5761
5769
5769
5769
5769
5766
5754
5758
5758
5758
5758
5758
5758
5758
5761
5759
5759
5744
5744
5740
5740
5740
5740
5740
5743
5743
5743
5720
5720
5720
5720
5720
5781
5781
5781
5739
5739
5718
5718
5720
5720
5720
5720
5681
5681
5712
5810
5810
5810
5837
5816
5802
5793
5802
5802
5808
5808
5808
5808
5883
5883
5883
5883
5873
5854
5875
5875
5875
5875
5951
5971
5971
5969
5969
5972
5994
5884
5857
5897
5893
5889
5848
5845
5861
5821
5873
5873
5874
5904
5904
5904
5874
5883
5883
5883
5883
5883
5888
5945
5945
5954
5925
5925
5898
5855
5855
5828
5828
5825
5852
5852
5852
5875
5875
5842
5775
5775
5780
5780
5780
5780
5780
5780
5825
5825
5825
5757
5757
5668
5668
5668
5668
5678
5732
5732
5766
5731
5731
5713
5659
5659
5659
5659
5659
5659
5650
5650
5665
5698
5698
5698
5698
5673
5673
5673
5690
5690
5690
5690
5690
5762
5780
5780
5787
5787
5787
5787
5791
5791
5771
5771
5756
5799
5799
5799
5745
5745
5745
5751
5797
5759
5751
5767
5792
5792
5792
5792
5770
5758
5758
5770
5732
5732
5729
5736
5736
5736
5736
5736
5729
5725
5725
5725
5725
5681
5681
5681
5681
5681
5681
5681
5681
5681
5681
5681
5681
5681
5681
5681
5681
5681
5681
5681
5681
5681
5681
5681
5724
5724
5759
5759
5759
5759
5759
5771
5776
5776
5776
5776
5759
5788
5788
5788
5806
5827
5827
5872
5872
5862
5862
5864
5864
5864
5822
5822
5775
5740
5738
5738
5731
5731
5731
5731
5731
5731
5772
5772
5765
5731
5732
5732
5749
5749
5749
5783
5776
5733
5756
5756
5756
5756
5778
5778
5778
5778
5800
5800
5800
5814
5861
5879
5946
5932
5940
5898
5864
5864
5864
5864
5842
5906
5906
5881
5835
5835
5835
5835
5835
5835
5797
5797
5797
5727
5758
5768
5768
5768
5768
5824
5824
5824
5837
5855
5874
5874
5915
5917
5904
5811
5811
5811
5811
5750
5749
5749
5757
5757
5757
5757
5757
5757
5757
5760
5820
5820
5820
5820
5820
5820
5820
5820
5820
5819
5854
5792
5792
5792
5750
5750
5750
5750
5750
5750
5762
5762
5762
5792
5792
5783
5772
5772
5759
5750
5750
5682
5682
5736
5697
5697
5697
5697
5668
5668
5668
5681
5681
5681
5681
5681
5681
5681
5681
5681
5681
5681
5681
5668
5668
5668
5668
5671
5671
5759
5742
5742
5742
5742
5742
5742
5742
5742
5742
5742
5742
5742
5742
5742
5684
5684
5684
5684
5684
5684
5684
5684
5678
5678
5678
5678
5670
5678
5675
5675
5675
5675
5675
5675
5675
5675
5732
5732
5732
5732
5732
5757
5738
5738
5721
5729
5729
5729
5717
5717
5717
5717
5717
5717
5717
5717
5717
5717
5717
5717
5739
5739
5736
5736
5736
5736
5736
5736
5736
5719
5719
5719
5719
5719
5719
5670
5670
5670
5670
5670
5670
5670
5670
5670
5746
5746
5746
5696
5696
5672
5672
5672
5672
5672
5627
5622
5622
5622
5622
5622
5622
5622
5622
5590
5590
5590
5639
5639
5639
5639
5639
5639
5639
5639
5639
5639
5639
5590
5597
5597
5597
5597
5597
5657
5657
5657
5657
5657
5657
5657
5657
5657
5657
5657
5657
5657
5657
5658
5657
5657
5657
5657
5657
5657
5657
5657
5657
5657
5657
5657
5657
5657
5657
5657
5657
5657
5657
5657
5657
5657
5657
5657
5657
5657
5657
5657
5657
5657
5657
5657
5657
5657
5657
5657
5665
5665
5665
5657
5657
5657
5657
5657
5657
5657
5657
5657
5679
5657
5657
5657
5657
5719
5707
5707
5707
5707
5707
5707
5707
5703
5703
5703
5703
5703
5703
5688
5688
5688
5688
5688
5688
5688
5669
5669
5669
5669
5669
5669
5669
5669
5669
5669
5669
5669
5669
5669
5669
5669
5727
5727
5691
5691
5691
5691
5691
5669
5646
5646
5638
5638
5638
5638
5638
5638
5638
5638
5700
5700
5687
5687
5687
5687
5687
5687
5687
5687
5687
5687
5687
5686
5686
5686
5686
5698
5698
5698
5686
5678
5673
5673
5671
5671
5671
5663
5604
5604
5604
5604
5632
5632
5632
5632
5632
5621
5621
5635
5635
5635
5635
5639
5654
5657
5657
5657
5668
5668
5657
5657
5657
5657
5672
5672
5672
5672
5672
5672
5672
5646
5646
5646
5646
5646
5646
5646
5646
5646
5646
5646
5645
5645
5625
5625
5625
5625
5625
5625
5621
5621
5615
5615
5626
5626
5626
5624
5624
5624
5624
5624
5630
5630
5630
5630
5629
5629
5645
5645
5609
5611
5611
5611
5609
5612
5612
5612
5599
5599
5599
5599
5599
5599
5599
5599
5599
5599
5599
5572
5572
5572
5572
5572
5572
5572
5572
5572
5572
5572
5572
5572
5572
5572
5572
5572
5572
5585
5630
5630
5653
5653
5624
5624
5624
5572
5572
5577
5577
5586
5586
5586
5586
5586
5594
5629
5629
5629
5633
5638
5638
5638
5638
5645
5645
5649
5645
5645
5645
5659
5659
5659
5659
5744
5702
5659
5657
5657
5657
5657
5657
5657
5658
5657
5657
5657
5680
5680
5680
5688
5688
5688
5688
5688
5688
5688
5688
5688
5688
5705
5705
5717
5718
5705
5705
5715
5715
5715
5727
5727
5715
5705
5690
5679
5679
5679
5679
5679
5679
5679
5679
5680
5680
5680
5680
5680
5680
5680
5680
5680
5679
5712
5706
5706
5745
5803
5803
5803
5778
5778
5750
5750
5743
5743
5690
5690
5690
5690
5690
5690
5654
5654
5654
5654
5661
5654
5654
5654
5654
5654
5683
5683
5683
5683
5683
5683
5685
5685
5685
5685
5685
5683
5706
5706
5706
5706
5735
5735
5708
5708
5698
5698
5698
5732
5736
5711
5654
5657
5657
5657
5657
5657
5654
5654
5654
5654
5654
5654
5654
5654
5654
5654
5654
5654
5654
5654
5654
5654
5654
5654
5654
5654
5654
5654
5654
5654
5651
5651
5651
5651
5651
5651
5651
5651
5651
5651
5651
5651
5651
5651
5651
5651
5651
5651
5651
5651
5651
5651
5651
5651
5651
5651
5651
5651
5651
5651
5651
5651
5651
5651
5651
5651
5651
5651
5651
5651
5651
5651
5651
5651
5651
5668
5668
5651
5651
5651
5651
5651
5651
5651
5651
5648
5648
5648
5648
5648
5652
5648
5648
5648
5654
5648
5648
5648
5648
5649
5649
5649
5649
5649
5648
5648
5648
5648
5648
5662
5684
5684
5698
5698
5698
5648
5648
5648
5648
5648
5702
5702
5677
5677
5677
5648
5648
5648
5648
5648
5648
5648
5648
5648
5648
5648
5648
5648
5648
5648
5648
5648
5648
5648
5648
5651
5651
5651
5651
5651
5648
5648
5648
5653
5653
5653
5653
5653
5653
5653
5653
5653
5681
5653
5653
5653
5659
5659
5653
5653
5653
5653
5648
5652
5656
5656
5656
5656
5648
5646
5636
5636
5636
5636
5620
5636
5636
5636
5636
5636
5636
5636
5683
5683
5620
5620
5620
5620
5620
5630
5630
5630
5623
5623
5626
5664
5664
5664
5664
5664
5664
5664
5664
5671
5671
5683
5683
5679
5664
5668
5668
5668
5668
5668
5668
5686
5686
5686
5686
5686
5686
5664
5664
5664
5664
5664
5664
5666
5666
5666
5664
5664
5664
5664
5664
5664
5664
5664
5664
5664
5664
5669
5669
5669
5669
5669
5669
5669
5669
5678
5678
5678
5678
5678
5678
5678
5678
5678
5664
5664
5664
5664
5664
5664
5664
5664
5664
5664
5664
5664
5664
5664
5664
5664
5664
5664
5664
5664
5660
5660
5660
5660
5660
5660
5660
5660
5660
5685
5685
5685
5685
5685
5685
5696
5716
5716
5716
5716
5716
5717
5717
5717
5708
5708
5708
5708
5708
5673
5673
5675
5643
5603
5603
5603
5603
5603
5603
5637
5610
5610
5610
5614
5614
5603
5603
5603
5603
5603
5603
5603
5603
5603
5596
5596
5596
5596
5638
5638
5638
5638
5625
5606
5606
5606
5596
5595
5595
5595
5595
5595
5595
5595
5595
5595
5595
5595
5599
5594
5597
5597
5597
5597
5597
5597
5614
5614
5629
5629
5629
5638
5638
5638
5638
5638
5629
5629
5629
5629
5629
5629
5653
5653
5629
5629
5629
5629
5629
5629
5629
5629
5629
5629
5629
5629
5629
5629
5629
5629
5641
5641
5641
5641
5657
5657
5657
5657
5657
5657
5657
5642
5642
5642
5627
5627
5627
5627
5627
5627
5627
5625
5625
5625
5625
5625
5625
5627
5627
5627
5627
5627
5627
5627
5627
5598
5598
5604
5604
5615
5615
5615
5615
5593
5593
5593
5593
5593
5593
5593
5593
5593
5593
5593
5593
5593
5593
5593
5593
5593
5593
5593
5598
5598
5598
5598
5598
5598
5598
5598
5598
5598
5598
5598
5598
5598
5598
5598
5593
5593
5593
5593
5593
5593
5593
5593
5593
5593
5593
5593
5593
5593
5593
5593
5593
5593
5593
5593
5593
5593
5593
5593
5593
5593
5593
5641
5641
5627
5627
5627
5624
5624
5624
5617
5617
5617
5617
5617
5617
5617
5617
5617
5617
5617
5617
5617
5617
5620
5620
5620
5620
5617
5617
5617
5617
5617
5617
5617
5617
5617
5617
5617
5617
5617
5617
5617
5617
5617
5617
5617
5617
5617
5617
5617
5617
5617
5617
5602
5602
5602
5602
5602
5602
5602
5602
5602
5602
5602
5602
5602
5602
5602
5602
5602
5602
5602
5602
5602
5602
5602
5602
5602
5602
5602
5602
5602
5602
5602
5602
5602
5602
5602
5602
5602
5602
5602
5605
5610
5610
5610
5610
5610
5612
5602
5602
5602
5602
5602
5602
5602
5602
5602
5602
5602
5602
5602
5602
5602
5602
5602
5602
5602
5602
5602
5602
5602
5602
5602
5602
5602
5602
5602
5616
5616
5616
5616
5616
5616
5616
5616
5616
5616
5616
5616
5616
5616
5616
5616
5616
5616
5616
5616
5616
5616
5616
5616
5616
5620
5616
5616
5616
5616
5629
5629
5629
5629
5629
5629
5629
5635
5635
5635
5635
5635
5635
5629
5629
5629
5629
5629
5629
5629
5629
5629
5629
5629
5629
5629
5629
5629
5629
5629
5629
5629
5629
5629
5629
5629
5629
5629
5629
5629
5629
5618
5618
5618
5618
5618
5618
5618
5618
5618
5618
5618
5618
5618
5618
5612
5612
5612
5612
5612
5612
5612
5612
5568
5568
5568
5568
5568
5568
5568
5568
5568
5568
5568
5568
5568
5568
5568
5568
5568
5568
5568
5568
5568
5568
5568
5568
5568
5568
5568
5568
5568
5568
5568
5568
5568
5568
5568
5568
5568
5568
5568
5568
5568
5568
5568
5568
5568
5568
5568
5568
5568
5568
5568
5568
5568
5568
5568
5577
5577
5577
5577
5577
5577
5577
5568
5568
5568
5568
5568
5568
5568
5568
5568
5568
5568
5568
5568
5568
5568
5568
5568
5568
5568
5568
5568
5568
5568
5568
5568
5568
5568
5568
5568
5572
5572
5572
5572
5572
5572
5572
5572
5572
5572
5568
5568
5568
5568
5568
5568
5568
5568
5568
5568
5568
5568
5568
5565
5565
5565
5573
5565
5565
5565
5565
5565
5565
5565
5565
5565
5565
5565
5565
5565
5565
5565
5565
5565
5565
5565
5565
5565
5565
5565
5565
5565
5565
5565
5565
5582
5582
5582
5582
5582
5582
5582
5582
5582
5582
5582
5582
5584
5584
5584
5584
5584
5584
5584
5584
5584
5584
5584
5584
5584
5584
5584
5584
5584
5584
5584
5584
5586
5586
5586
5586
5586
5586
5588
5588
5588
5588
5584
5584
5584
5584
5584
5584
5584
5584
5584
5584
5584
5584
5584
5584
5584
5584
5584
5584
5584
5584
5584
5584
5584
5584
5584
5584
5584
5584
5584
5584
5584
5584
5584
5584
5584
5584
5584
5584
5584
5584
5584
5584
5584
5584
5584
5584
5584
5584
5584
5584
5597
5597
5597
5597
5597
5597
5604
5604
5604
5604
5604
5604
5604
5604
5604
5604
5604
5605
5605
5605
5605
5604
5604
5604
5604
5588
5588
5588
5588
5588
5588
5588
5588
5588
5588
5588
5588
5588
5588
5588
5588
5588
5588
5588
5588
5588
5588
5588
5588
5588
5588
5588
5588
5588
5590
5590
5590
5590
5590
5590
5590
5590
5586
5586
5586
5586
5584
5584
5584
5584
5584
5584
5584
5584
5584
5584
5584
5584
5584
5584
5584
5584
5584
5584
5584
5584
5589
5589
5584
5591
5584
5584
5584
5584
5584
5584
5584
5584
5584
5584
5584
5584
5584
5584
5584
5584
5584
5597
5597
5584
5584
5584
5602
5584
5584
5584
5584
5584
5584
5584
5584
5584
5584
5565
5565
5565
5565
5565
5565
5565
5565
5565
5565
5579
5579
5568
5568
5568
5568
5568
5568
5568
5568
5568
5568
5568
5568
5568
5568
5568
5568
5568
5568
5568
5568
5568
5568
5568
5568
5568
5568
5568
5568
5568
5568
5568
5568
5568
5568
5568
5567
5569
5565
5565
5565
5565
5565
5565
5565
5565
5565
5565
5565
5565
5565
5565
5565
5565
5565
5565
5565
5565
5565
5565
5568
5568
5568
5572
5572
5572
5572
5565
5565
5565
5564
5564
5582
5582
5582
5582
5582
5582
5582
5582
5582
5582
5582
5593
5593
5593
5593
5593
5593
5593
5593
5597
5596
5596
5596
5600
5600
5600
5600
5593
5593
5593
5593
5593
5593
5593
5593
5593
5593
5593
5593
5593
5593
5593
5607
5607
5607
5593
5593
5593
5593
5593
5593
5593
5593
5593
5593
5593
5593
5593
5593
5593
5593
5593
5593
5593
5593
5593
5593
5593
5617
5617
5617
5617
5617
5617
5617
5617
5617
5617
5617
5617
5617
5617
5617
5617
5617
5617
5617
5617
5617
5617
5617
5617
5617
5616
5616
5616
5616
5616
5616
5616
5616
5616
5616
5616
5616
5616
5616
5616
5616
5609
5609
5609
5609
5609
5613
5613
5613
5617
5617
5617
5617
5607
5607
5607
5607
5607
5607
5607
5607
5607
5607
5607
5607
5607
5607
5608
5607
5607
5607
5607
5609
5609
5609
5609
5609
5609
5629
5629
5621
5621
5621
5621
5621
5621
5621
5621
5621
5621
5621
5621
5621
5621
5628
5628
5628
5628
5628
5637
5637
5621
5621
5621
5621
5621
5621
5621
5621
5621
5621
5621
5621
5621
5621
5621
5621
5621
5621
5621
5621
5621
5621
5621
5621
5621
5621
5621
5621
5621
5621
5621
5621
5621
5621
5621
5621
5621
5621
5621
5621
5621
5621
5621
5621
5621
5621
5621
5621
5621
5621
5621
5621
5621
5621
5621
5621
5621
5621
5621
5621
5621
5621
5621
5621
5621
5621
5621
5621
5621
5621
5621
5621
5621
5621
5621
5621
5621
5621
5621
5621
5621
5621
5621
5621
5621
5629
5629
5629
5629
5629
5629
5629
5629
5629
5629
5629
5627
5621
5621
5621
5621
5621
5621
5621
5621
5621
5638
5638
5638
5638
5638
5638
5638
5638
5638
5638
5638
5638
5638
5638
5638
5638
5638
5638
5638
5638
5638
5638
5638
5638
5638
5638
5638
5629
5629
5629
5629
5629
5629
5629
5629
5629
5629
5629
5629
5629
5629
5629
5639
5639
5636
5636
5629
5629
5629
5629
5629
5629
5629
5629
5629
5629
5629
5629
5629
5629
5629
5629
5629
5629
5629
5629
5629
5629
5629
5629
5629
5629
5629
5629
5629
5639
5639
5639
5639
5639
5639
5639
5639
5639
5639
5639
5639
5639
5642
5642
5650
5650
5650
5650
5642
5642
5642
5642
5642
5642
5642
5642
5642
5642
5642
5629
5629
5629
5629
5629
5629
5629
5629
5629
5629
5629
5629
5629
5629
5629
5629
5629
5629
5629
5629
5629
5629
5629
5629
5629
5629
5629
5629
5629
5629
5629
5629
5629
5629
5629
5629
5629
5629
5629
5629
5629
5629
5629
5629
5629
5629
5629
5629
5629
5629
5629
5629
5629
5629
5629
5629
5629
5629
5629
5629
5629
5629
5629
5629
5629
5629
5629
5629
5629
5629
5629
5629
5629
5629
5629
5629
5629
5629
5629
5629
5629
5629
5629
5629
5629
5629
5629
5629
5629
5629
5629
5629
5629
5629
5634
5637
5637
5630
5630
5630
5630
5630
5630
5630
5630
5630
5630
5630
5630
5630
5630
5630
5630
5630
5630
5630
5630
5630
5630
5630
5630
5630
5630
5630
5630
5630
5631
5631
5636
5636
5636
5636
5636
5630
5630
5643
5643
5639
5639
5639
5629
5629
5629
5629
5629
5629
5629
5629
5629
5629
5629
5634
5629
5629
5629
5629
5622
5622
5622
5622
5622
5622
5622
5622
5622
5622
5622
5622
5622
5622
5622
5622
5622
5622
5622
5622
5622
5622
5622
5622
5622
5622
5622
5622
5622
5622
5623
5623
5625
5625
5625
5625
5625
5625
5625
5623
5623
5623
5623
5623
5623
5623
5623
5623
5623
5623
5623
5623
5623
5623
5623
5623
5623
5623
5623
5623
5623
5623
5623
5623
5626
5626
5623
5623
5623
5623
5623
5623
5623
5623
5623
5623
5623
5623
5623
5623
5623
5623
5623
5623
5623
5623
5623
5623
5623
5623
5623
5623
5623
5623
5623
5623
5623
5623
5623
5623
5623
5623
5623
5623
5623
5623
5623
5623
5623
5623
5623
5623
5623
5623
5623
5623
5623
5623
5603
5603
5603
5603
5603
5603
5603
5603
5603
5603
5603
5603
5603
5603
5603
5603
5603
5603
5603
5603
5603
5603
5603
5603
5603
5603
5603
5603
5603
5603
5603
5603
5603
5603
5603
5613
5613
5613
5616
5616
5592
5592
5592
5592
5592
5579
5579
5579
5563
5563
5563
5563
5563
5558
5558
5558
5558
5558
5558
5558
5558
5558
5558
5558
5558
5558
5558
5558
5527
5527
5527
5527
5527
5527
5527
5527
5527
5527
5527
5527
5527
5527
5527
5527
5527
5527
5527
5527
5527
5527
5527
5527
5527
5527
5527
5527
5527
5527
5527
5527
5527
5527
5527
5527
5527
5527
5527
5527
5527
5527
5535
5535
5535
5535
5535
5535
5535
5535
5535
5535
5535
5535
5535
5535
5535
5535
5535
5535
5535
5535
5535
5535
5535
5535
5535
5535
5535
5535
5535
5535
5535
5535
5535
5535
5535
5535
5535
5535
5535
5535
5535
5535
5535
5535
5535
5535
5535
5535
5535
5535
5535
5535
5535
5535
5535
5535
5535
5535
5535
5535
5535
5527
5527
5527
5527
5527
5527
5527
5527
5527
5527
5527
5527
5527
5527
5527
5529
5529
5527
5527
5527
5527
5527
5527
5527
5527
5527
5527
5527
5527
5527
5527
5527
5527
5527
5527
5527
5527
5527
5527
5527
5527
5527
5527
5527
5527
5527
5527
5527
5527
5527
5527
5527
5530
5530
5530
5530
5530
5530
5527
5527
5527
5527
5527
5527
5527
5527
5527
5527
5527
5527
5527
5527
5527
5527
5527
5527
5527
5527
5527
5527
5527
5527
5527
5527
5527
5527
5527
5527
5527
5527
5527
5527
5527
5527
5527
5527
5527
5527
5527
5527
5527
5527
5527
5527
5527
5527
5527
5527
5527
5527
5527
5527
5527
5527
5527
5527
5527
5527
5527
5527
5527
5527
5527
5527
5527
5527
5527
5527
5527
5527
5527
5527
5527
5527
5527
5527
5527
5527
5527
5527
5527
5527
5527
5527
5527
5527
5527
5527
5527
5527
5533
5533
5533
5527
5527
5527
5527
5527
5527
5527
5527
5527
5527
5527
5527
5527
5527
5527
5527
5527
5527
5527
5527
5527
5527
5527
5527
5527
5527
5527
5527
5527
5527
5527
5527
5527
5527
5527
5527
5527
5527
5527
5527
5527
5527
5527
5527
5527
5527
5527
5527
5527
5527
5527
5527
5527
5527
5527
5527
5527
5527
5527
5527
5527
5527
5527
5527
5527
5527
5527
5527
5527
5527
5527
5527
5527
5527
5527
5527
5527
5527
5527
5527
5527
5527
5527
5527
5527
5527
5527
5527
5527
5527
5527
5527
5527
5527
5527
5527
5527
5527
5527
5527
5527
5527
5527
5527
5527
5527
5527
5527
5527
5527
5527
5527
5527
5527
5527
5527
5527
5527
5527
5527
5527
5527
5527
5527
5527
5527
5527
5527
5527
5527
5539
5539
5539
5539
5539
5539
5536
5536
5536
5536
5536
5527
5528
5528
5528
5528
5528
5528
5528
5528
5527
5527
5527
5527
5527
5527
5527
5527
5527
5527
5527
5527
5527
5527
5527
5527
5527
5527
5527
5527
5527
5527
5527
5527
5527
5527
5527
5527
5527
5527
5527
5527
5527
5527
5527
5527
5527
5527
5527
5527
5527
5527
5527
5527
5527
5527
5527
5527
5527
5527
5527
5527
5527
5527
5527
5527
5527
5527
5527
5527
5527
5527
5527
5527
5527
5527
5527
5527
5527
5527
5527
5527
5527
5527
5527
5527
5527
5527
5527
5527
5527
5527
5527
5527
5527
5527
5527
5527
5527
5527
5527
5528
5528
5528
5528
5528
5528
5528
5528
5528
5527
5527
5527
5527
5527
5527
5527
5527
5527
5527
5527
5527
5527
5527
5527
5527
5527
5527
5527
5527
5527
5527
5527
5527
5527
5527
5527
5527
5527
5527
5527
5527
5527
5527
5527
5527
5527
5527
5527
5527
5527
5527
5527
5527
5527
5527
5527
5527
5527
5527
5527
5527
5527
5527
5527
5527
5527
5527
5527
5527
5527
5527
5527
5527
5527
5527
5527
5527
5527
5527
5527
5527
5527
5527
5527
5527
5527
5527
5527
5527
5527
5527
5527
5527
5527
5527
5527
5527
5527
5527
5527
5527
5527
5527
5527
5527
5527
5527
5527
5527
5527
5527
5527
5527
5527
5527
5527
5527
5527
5527
5527
5527
5527
5527
5527
5527
5527
5527
5527
5527
5527
5527
5527
5527
5527
5527
5527
5527
5527
5527
5527
5527
5527
5527
5527
5527
5527
5527
5527
5527
5527
5527
5527
5527
5527
5527
5527
5527
5527
5527
5527
5527
5527
5527
5527
5527
5527
5527
5527
5527
5527
5527
5527
5527
5527
5527
5531
5531
5531
5531
5531
5531
5531
5531
5531
5531
5531
5531
5531
5531
5531
5531
5531
5531
5531
5531
5531
5531
5531
5531
5531
5531
5531
5531
5531
5531
5531
5531
5531
5531
5531
5531
5531
5531
5531
5531
5527
5527
5527
5527
5527
5527
5527
5527
5527
5527
5527
5527
5527
5527
5527
5527
5527
5527
5527
5527
5527
5527
5527
5527
5527
5527
5527
5527
5527
5527
5527
5527
5527
5527
5527
5527
5527
5527
5527
5527
5527
5527
5527
5527
5527
5527
5527
5527
5527
5527
5527
5527
5527
5527
5527
5527
5527
5527
5527
5527
5527
5527
5527
5527
5527
5527
5527
5527
5527
5527
5527
5527
5527
5527
5527
5527
5527
5527
5527
5527
5527
5527
5527
5527
5527
5527
5527
5527
5527
5527
5527
5527
5527
5527
5527
5527
5527
5527
5527
5527
5527
5527
5527
5527
5527
5527
5530
5527
5527
5527
5527
5527
5527
5527
5527
5527
5527
5527
5527
5527
5527
5527
5527
5527
5527
5527
5527
5527
5527
5527
5527
5527
5527
5527
5527
5527
5527
5527
5527
5527
5527
5527
5527
5527
5527
5527
5527
5527
5527
5527
5527
5527
5527
5527
5527
5527
5527
5527
5527
5527
5527
5527
5527
5527
5527
5527
5527
5527
5527
5527
5527
5527
5527
5527
5527
5527
5527
5527
5527
5527
5527
5527
5527
5527
5527
5527
5527
5527
5527
5527
5527
5530
5530
5530
5527
5527
5527
5527
5527
5527
5527
5527
5527
5527
5527
5527
5527
5527
5527
5527
5527
5527
5527
5527
5527
5527
5527
5527
5527
5527
5527
5527
5527
5527
5527
5527
5527
5527
5529
5529
5529
5527
5527
5527
5527
5527
5527
5527
5527
5527
5527
5527
5527
5527
5527
5534
5534
5534
5534
5534
5534
5534
5527
5527
5527
5527
5527
5527
5532
5532
5532
5527
5527
5527
5527
5527
5527
5527
5527
5527
5527
5527
5527
5527
5527
5527
5527
5527
5527
5527
5527
5527
5527
5527
5527
5527
5527
5527
5527
5527
5527
5527
5527
5527
5527
5527
5527
5527
5527
5527
5527
5527
5527
5527
5527
5527
5527
5527
5527
5527
5527
5527
5527
5527
5527
5527
5527
5527
5527
5527
5527
5527
5527
5527
5527
5527
5527
5527
5527
5527
5527
5527
5527
5527
5527
5527
5527
5527
5527
5527
5527
5532
5532
5532
5532
5527
5527
5527
5527
5527
5527
5527
5527
5527
5527
5527
5527
5527
5527
5527
5527
5527
5527
5527
5527
5527
5527
5527
5527
5527
5527
5527
5527
5527
5527
5527
5527
5527
5527
5527
5527
5527
5527
5527
5527
5527
5527
5527
5527
5527
5527
5527
5531
5531
5531
5531
5531
5531
5531
5531
5531
5531
5531
5531
5531
5531
5531
5531
5531
5531
5531
5531
5531
5531
5531
5531
5531
5531
5531
5531
5531
5531
5531
5531
5531
5527
5527
5527
5527
5527
5527
5527
5527
5527
5527
5527
5527
5527
5527
5527
5527
5527
5527
5527
5527
5527
5527
5527
5527
5527
5527
5527
5527
5527
5527
5527
5527
5527
5527
5527
5527
5527
5527
5527
5527
5527
5527
5527
5527
5527
5527
5527
5527
5527
5527
5527
5527
5527
5527
5527
5527
5527
5527
5527
5527
5528
5528
5528
5528
5527
5527
5527
5527
5527
5527
5527
5527
5527
5527
5527
5527
5527
5527
5527
5527
5527
5527
5527
5527
5527
5527
5527
5527
5527
5527
5527
5527
5527
5527
5527
5527
5527
5527
5527
5527
5527
5527
5527
5527
5527
5527
5527
5527
5527
5527
5527
5527
5527
5527
5527
5527
5527
5527
5527
5527
5527
5527
5527
5527
5527
5527
5527
5527
5527
5527
5527
5527
5527
5527
5527
5527
5527
5527
5527
5527
5527
5527
5528
5528
5528
5528
5528
5528
5528
5528
5528
5528
5528
5528
5528
5528
5528
5528
5528
5528
5528
5527
5527
5527
5527
5527
5527
5527
5527
5527
5527
5527
5527
5527
5527
5527
5527
5527
5527
5527
5527
5527
5527
5527
5527
5527
5527
5527
5527
5527
5527
5527
5527
5527
5527
5527
5527
5527
5527
5527
5527
5527
5527
5527
5527
5531
5531
5527
5527
5527
5527
5527
5527
5527
5527
5527
5527
5527
5527
5527
5527
5527
5527
5527
5527
5527
5527
5527
5527
5527
5527
5527
5527
5527
5527
5527
5527
5527
5527
5527
5527
5527
5527
5527
5527
5527
5527
5527
5527
5527
5527
5530
5530
5530
5530
5529
5527
5527
5527
5527
5527
5527
5527
5527
5527
5527
5527
5527
5527
5527
5527
5527
5527
5527
5527
5527
5527
5527
5527
5527
5527
5527
5527
5527
5527
5527
5527
5527
5527
5527
5527
5527
5527
5527
5527
5527
5527
5527
5527
5527
5527
5527
5527
5527
5527
5527
5527
5527
5527
5527
5527
5527
5527
5527
5527
5527
5527
5527
5527
5527
5527
5527
5527
5527
5527
5527
5527
5527
5527
5527
5527
5527
5527
5527
5527
5527
5527
5527
5527
5527
5527
5527
5527
5527
5527
5527
5527
5527
5527
5527
5527
5527
5527
5527
5527
5527
5527
5527
5527
5527
5527
5527
5527
5527
5527
5527
5527
5527
5527
5527
5527
5527
5527
5527
5527
5527
5527
5527
5527
5527
5527
5527
5527
5527
5527
5527
5527
5527
5527
5527
5527
5527
5527
5527
5527
5527
5527
5527
5527
5527
5527
5527
5527
5527
5527
5527
5527
5527
5527
5527
5527
5527
5527
5527
5527
5527
5527
5527
5527
5527
5527
5527
5527
5527
5527
5527
5527
5527
5527
5527
5527
5527
5527
5527
5527
5527
5527
5527
5534
5527
5527
5527
5527
5527
5527
5527
5527
5527
5527
5527
5527
5527
5527
5527
5527
5527
5527
5527
5527
5527
5527
5527
5527
5527
5527
5527
5527
5527
5527
5527
5527
5527
5527
5527
5531
5531
5531
5531
5531
5527
5527
5527
5527
5527
5527
5527
5527
5527
5527
5527
5527
5527
5527
5527
5527
5527
5528
5528
5528
5528
5528
5528
5528
5528
5528
5528
5528
5528
5528
5527
5527
5527
5527
5527
5527
5527
5527
5527
5527
5527
5527
5527
5527
5529
5529
5529
5529
5529
5529
5529
5529
5529
5529
5529
5529
5529
5529
5529
5529
5529
5529
5529
5529
5529
5529
5529
5529
5530
5530
5529
5529
5529
5529
5529
5529
5529
5529
5529
5529
5529
5529
5529
5529
5527
5527
5527
5527
5527
5527
5527
5527
5527
5527
5527
5527
5527
5527
5527
5527
5527
5527
5527
5527
5527
5527
5527
5527
5527
5527
5527
5527
5527
5527
5527
5527
5527
5527
5527
5527
5527
5527
5543
5543
5543
5543
5543
5543
5543
5543
5543
5543
5543
5543
5543
5543
5543
5543
5543
5543
5543
5543
5543
5543
5543
5543
5543
5543
5543
5543
5536
5536
5536
5536
5536
5536
5536
5536
5536
5536
5536
5536
5536
5536
5536
5536
5536
5536
5536
5536
5536
5536
5536
5536
5536
5536
5536
5536
5536
5536
5536
5536
5536
5536
5536
5536
5536
5536
5536
5536
5536
5536
5536
5536
5536
5536
5536
5536
5536
5536
5536
5536
5536
5536
5536
5536
5536
5536
5540
5540
5540
5540
5540
5540
5540
5540
5540
5540
5540
5540
5540
5540
5540
5540
5540
5540
5540
5540
5540
5540
5527
5527
5527
5527
5527
5527
5527
5527
5527
5527
5527
5527
5527
5527
5527
5527
5527
5527
5527
5527
5527
5527
5527
5527
5527
5527
5527
5527
5527
5527
5527
5527
5527
5527
5527
5527
5527
5527
5527
5527
5527
5527
5527
5527
5527
5531
5537
5537
5537
5537
5537
5537
5537
5537
5541
5541
5541
5541
5541
5541
5541
5532
5532
5532
5532
5532
5532
5532
5532
5532
5536
5536
5536
5536
5536
5536
5536
5536
5532
5532
5532
5532
5532
5532
5532
5532
5532
5532
5532
5532
5532
5532
5527
5527
5527
5527
5527
5527
5527
5527
5527
5527
5527
5527
5527
5527
5527
5527
5527
5527
5527
5527
5527
5527
5527
5527
5527
5527
5527
5527
5527
5527
5527
5527
5527
5527
5527
5527
5527
5527
5527
5527
5527
5527
5527
5527
5527
5527
5527
5527
5527
5527
5527
5527
5527
5527
5527
5527
5527
5527
5527
5527
5527
5527
5527
5527
5527
5527
5527
5527
5527
5527
5527
5527
5527
5527
5527
5527
5527
5527
5527
5527
5527
5527
5527
5527
5527
5527
5527
5527
5527
5527
5527
5527
5527
5527
5527
5527
5527
5527
5527
5527
5527
5527
5527
5527
5527
5527
5527
5527
5527
5527
5527
5527
5527
5527
5527
5527
5527
5527
5527
5527
5527
5527
5527
5527
5527
5527
5527
5527
5527
5527
5527
5527
5527
5527
5527
5527
5527
5527
5527
5527
5527
5527
5527
5527
5527
5527
5527
5527
5527
5527
5527
5527
5527
5527
5527
5527
5527
5527
5527
5527
5529
5529
5527
5527
5527
5527
5527
5527
5527
5527
5527
5527
5527
5527
5527
5527
5527
5527
5527
5527
5527
5527
5527
5528
5528
5528
5527
5527
5527
5527
5527
5527
5527
5527
5527
5527
5527
5527
5527
5527
5527
5527
5527
5527
5527
5527
5527
5527
5527
5527
5527
5527
5527
5527
5527
5527
5527
5527
5527
5527
5527
5527
5527
5527
5527
5527
5527
5527
5527
5527
5527
5527
5527
5527
5527
5527
5527
5527
5527
5527
5527
5527
5527
5527
5527
5527
5527
5527
5527
5527
5527
5527
5527
5527
5527
5527
5527
5527
5527
5527
5527
5527
5527
5527
5527
5527
5527
5527
5527
5527
5527
5527
5527
5527
5527
