5915
5915
5915
5865
5865
5845
5801
5799
5823
5846
5810
5834
5862
5889
5889
5880
5942
5996
5996
6032
6094
6114
6093
6091
6059
6106
6105
6175
6162
6162
6087
6101
6101
6101
6069
6069
6085
6057
6057
6057
6057
6061
6060
6115
6115
6115
6045
6045
6080
6080
6080
6080
6105
6123
6125
6059
6059
6059
6059
6059
6052
6052
6055
6033
5998
6034
5968
6015
6040
5991
6009
6010
6010
5998
6008
6008
5975
5975
5986
6037
6041
5975
5975
5966
5903
5903
5928
5928
5916
5916
5919
5919
5919
5919
5989
5867
5959
5916
5998
6056
6056
6037
6037
6028
5999
6136
6136
6136
6136
6026
6041
6026
6026
6019
6060
5958
5945
5969
5956
5933
5925
5925
5957
5990
5990
6002
6041
6094
6094
6040
6055
6115
6115
6144
6144
6150
6169
6121
6024
6045
6037
5945
5954
6032
6032
6032
5899
5899
5899
5899
6009
5994
5980
5980
5980
5993
6067
6120
6087
6154
6154
6137
6142
6142
6179
6084
6109
6114
6114
6110
6013
6013
6013
6050
5991
5991
6077
6077
6107
6056
6006
6006
6006
6001
5983
5983
6035
5986
6021
6021
6021
6003
6035
6042
6064
6134
6134
6134
6097
6104
6126
6144
6167
6164
6208
6201
6367
6367
6338
6231
6278
6221
6221
6121
6131
6131
6004
5994
5958
5958
6004
6004
5958
5958
5869
5869
5853
5853
5967
5957
6059
6059
5996
6000
6000
6083
6159
6112
6112
6112
6112
6112
6112
6115
6149
6140
6140
6151
6097
6169
6169
6137
6166
6166
6137
6122
6122
6122
6122
6216
6230
6172
6211
6215
6199
6178
6254
6228
6253
6253
6249
6257
6227
6227
6276
6276
6246
6246
6271
6273
6241
6289
6295
6293
6293
6342
6318
6245
6245
6214
6206
6206
6216
6174
6180
6187
6115
6172
6172
6231
6239
6321
6276
6276
6260
6293
6391
6418
6411
6411
6411
6411
6419
6419
6484
6501
6501
6449
6430
6485
6438
6384
6321
6321
6341
6416
6410
6410
6488
6517
6517
6517
6484
6538
6517
6509
6436
6407
6407
6407
6323
6323
6323
6233
6233
6233
6255
6255
6254
6284
6254
6228
6228
6187
6187
6165
6144
6099
6143
6200
6200
6200
6239
6174
6172
6128
6143
6143
6143
6137
6137
6156
6138
6138
6130
6106
6106
6158
6154
6154
6154
6118
6149
6167
6187
6188
6153
6153
6216
6265
6194
6204
6195
6232
6263
6240
6233
6233
6233
6221
6225
6087
6087
6096
6096
6096
6096
6079
6072
6072
6072
6072
6042
6032
5947
5957
6024
6030
6194
6187
6221
6221
6221
6221
6240
6262
6262
6262
6262
6262
6306
6329
6329
6235
6235
6284
6284
6323
6339
6246
6258
6272
6165
6053
6053
6041
6035
6014
6014
6008
6008
6068
5992
5979
5933
5930
5893
5955
5999
5999
5955
5987
5917
5942
5933
5888
5876
5896
5910
5909
5909
5986
6020
5968
6051
6062
6062
6062
5983
5885
5880
5880
5906
5892
5892
5918
5918
5878
5828
5828
5843
5838
5859
5880
5812
5812
5792
5792
5790
5790
5804
5919
5919
5908
5918
6017
5977
5936
6065
6075
6099
6099
6117
6214
6234
6196
6095
6095
6095
6154
6154
6117
6110
6110
6110
6110
6110
6110
6110
6110
6065
6065
6065
6065
6065
6102
6094
6094
6094
6135
6069
6106
6222
6248
6248
6276
6250
6246
6208
6165
6140
6117
6222
6222
6119
6119
6087
6145
6145
6145
6145
6145
6099
6099
6127
6021
5982
5995
6004
6004
6026
6004
5984
5984
5984
6033
6016
6016
6016
6044
6044
6044
6044
6044
6044
6059
6059
6056
6071
6049
6049
6177
6177
6177
6177
6177
6177
6177
6177
6177
6174
6174
6174
6065
6065
6065
6065
6065
6065
6065
6065
6065
6065
6065
6070
6090
6090
6090
6102
6102
6102
6165
6067
6067
6067
6059
6031
6068
6068
6068
6068
6051
6032
6079
6077
6074
6047
6065
6101
6045
6045
6100
6011
6044
5991
5991
5991
5926
6065
6065
6067
6067
6075
6119
6119
6119
6109
6109
6180
6180
6180
6204
6204
6271
6231
6193
6228
6228
6303
6303
6303
6226
6226
6250
6250
6250
6254
6229
6286
6364
6364
6324
6375
6375
6404
6294
6294
6252
6320
6329
6363
6363
6326
6270
6302
6304
6332
6296
6215
6299
6299
6299
6299
6299
6307
6307
6315
6252
6172
6158
6158
6158
6167
6120
6124
6115
6080
6080
6104
6141
6163
6229
6119
6144
6126
6126
6100
6106
6196
6196
6208
6262
6280
6280
6296
6296
6284
6284
6295
6216
6232
6193
6111
6157
6199
6101
6150
6150
6150
6204
6206
6326
6337
6309
6247
6286
6269
6269
6341
6407
6407
6365
6337
6337
6307
6307
6255
6255
6235
6222
6159
6177
6220
6193
6193
6164
6149
6149
6181
6181
6181
6120
6116
6116
6141
6126
6126
6126
6141
6141
6062
6057
6084
5992
5922
5922
5922
5922
5922
5891
5886
5904
5905
5905
6024
6024
6085
6176
6176
6176
6147
6100
6037
6050
6050
6079
6079
6140
6080
6080
6080
6080
6067
6067
6067
6024
6024
6024
6032
5974
6050
6050
6132
6180
6180
6180
6180
6180
6148
6148
6148
6106
6118
6090
6092
6081
6081
6118
6141
6112
6112
6095
6095
6095
6152
6142
6195
6259
6193
6182
6135
6041
6041
6038
6038
5954
5954
5923
5959
5966
5956
5954
5942
5990
5990
5988
5971
6070
6070
6082
6054
6044
6072
6072
6079
6079
6090
6072
6072
6122
6122
6122
6122
6122
6080
6080
6080
6080
6080
6080
6090
6090
6090
6120
6120
6120
6120
6120
6120
6153
6153
6158
6134
6134
6110
6110
6028
6028
6053
6053
6053
6071
6068
6017
6009
6007
6032
6167
6118
6118
6118
6118
6118
6118
6097
6145
6088
6160
6080
6080
6049
6109
6109
6127
6127
6127
6127
6127
6127
6091
6091
6071
5943
5922
5922
5922
5922
5949
5949
5949
5949
5949
5961
6007
6007
6007
6019
5953
6018
6018
6136
6136
6136
6136
6136
6136
6116
6116
6061
6061
6024
6024
6068
6068
6068
6104
6061
5964
5978
5941
5941
5941
5941
5941
5951
5973
5973
5973
6065
6022
6078
6078
6022
6078
6123
6179
6179
6173
6071
6071
6078
6073
6073
6018
6018
6034
6068
6174
6131
6003
5997
6040
6040
5936
5962
5972
6075
6075
6136
6098
6109
6069
6074
6074
6099
6233
6186
6167
6127
6127
6148
6148
6148
6239
6294
6350
6350
6316
6316
6359
6359
6286
6238
6238
6285
6245
6274
6287
6252
6252
6130
6172
6172
6216
6216
6169
6169
6152
6152
6181
6159
6159
6162
6162
6164
6164
6120
6157
6157
6164
6164
6094
5996
5996
5996
5976
6003
6026
6042
6100
6155
6237
6354
6343
6354
6422
6422
6453
6453
6453
6453
6380
6383
6335
6356
6320
6320
6214
6138
6167
6167
6181
6268
6290
6290
6242
6149
6149
6149
6201
6201
6201
6201
6201
6201
6136
6125
6102
6072
6090
6062
6062
6049
6049
6049
6171
6171
6215
6193
6157
6157
6075
6075
6075
6166
6225
6136
6133
6063
6079
6062
6062
6062
6039
5949
6099
6072
6159
6105
6148
6148
6148
6148
6145
6160
6128
6096
6097
6010
6043
6043
6059
6099
6099
6082
6082
6082
6044
6124
6092
6154
6154
6139
6157
6147
6147
6147
6115
6129
6125
6114
6114
6128
6008
5970
6026
6000
5996
5984
5984
5984
6015
6014
6014
6006
5963
5963
6054
6029
6035
6036
6151
6210
6227
6217
6217
6217
6285
6342
6287
6212
6268
6268
6114
6030
5947
5947
5891
5907
5892
5871
5871
5871
5864
5853
5853
5853
5853
5945
5978
5978
5978
5978
5978
5978
5978
5978
5957
5957
5957
6002
6002
6002
6002
5944
5944
5944
5944
5944
5944
5944
5901
5901
5833
5833
5833
5833
5833
5818
5720
5767
5826
5823
5764
5764
5729
5729
5803
5803
5840
5875
5985
5981
5984
5984
6061
6061
6061
6152
6152
6152
6165
6165
6170
6170
6201
6203
6209
6279
6248
6238
6260
6260
6326
6326
6333
6333
6306
6278
6278
6278
6375
6394
6394
6490
6490
6475
6417
6404
6401
6401
6382
6308
6308
6358
6358
6423
6423
6405
6405
6345
6345
6343
6343
6343
6343
6276
6276
6274
6274
6274
6274
6274
6271
6271
6231
6186
6186
6186
6182
6114
6117
6117
6119
6119
6087
6087
6087
6087
6083
6083
6083
6083
6083
6083
6068
6073
6020
6020
6020
5948
5980
6040
6090
6048
6020
6020
6019
6016
6016
6015
6015
6015
6015
6054
6015
6077
6032
6032
6011
6026
6124
6124
6120
6146
6230
6230
6315
6243
6243
6220
6232
6232
6265
6313
6267
6267
6267
6285
6285
6285
6300
6204
6204
6235
6193
6193
6193
6193
6182
6182
6150
6155
6155
6155
6214
6214
6166
6159
6225
6261
6278
6278
6215
6183
6183
6085
6085
6085
6085
6085
6180
6180
6180
6192
6192
6281
6281
6136
6113
6146
6195
6195
6162
6168
6164
6140
6053
6041
6040
6040
6055
6042
6042
6042
6090
6045
5981
5981
5949
5941
5973
6042
5918
5917
5969
5941
5929
5958
5964
5954
5954
6012
5990
5990
5998
5998
5998
5998
6117
6117
6117
6117
6085
6085
6119
6119
6002
6026
6066
6043
6046
6046
6015
6026
6051
6042
6042
6032
6010
6022
6027
6109
6071
6048
6052
6052
6052
6052
6118
6152
6152
6194
6194
6135
6172
6172
6062
5971
5907
5886
5889
5990
5990
5990
5990
6002
6002
6017
5945
5894
5941
5941
5965
6091
6175
6116
6032
6094
6096
6096
6019
6019
6022
6075
6047
6047
6047
6062
6062
6047
6047
6047
6034
6034
6034
6047
5964
5964
5914
5924
5890
5890
5890
5890
5890
5890
5890
5890
5890
5925
5925
5924
5950
5971
5964
5915
5915
5882
5852
5911
5911
5911
5893
5893
5893
5893
5893
5913
5944
5944
5937
5937
5937
5937
5937
5937
6026
6026
5967
5967
5981
5981
5981
6002
6002
6049
6049
6049
5964
5964
5964
5964
5946
5946
5982
5982
6001
6083
6098
6098
6024
6024
6057
6116
6119
6119
6107
6068
6068
6053
6065
5967
5991
5991
6144
6134
6134
6112
6078
6057
6108
6108
6122
6125
6125
6125
6108
6108
6108
6108
6122
6122
6122
6122
6062
6077
6146
6113
6187
6113
6031
6066
6053
6051
6038
6038
6038
6063
6030
6010
5963
5963
5978
5934
5934
5934
5961
5971
6070
6073
6013
5985
5985
5966
5934
5958
5870
5846
5846
5846
5846
5772
5782
5820
5795
5855
5855
5792
5812
5834
5868
5871
5871
5840
5840
5840
5814
5814
5814
5831
5831
5925
5925
5925
5925
5911
5914
5914
5873
5873
5873
5873
5873
5873
5873
5873
5873
5873
5873
5873
5873
5873
5873
5873
5873
5873
5873
5873
5873
5873
5887
5887
5883
5883
5883
5905
5905
5943
5943
5880
5880
5880
5900
5929
5936
5936
5890
5910
5855
5855
5839
5870
5909
5909
5872
5872
5839
5839
5839
5826
5880
5919
6025
6025
6025
6025
6014
5957
6019
6016
6016
6016
6016
6016
6016
5978
5819
5819
5764
5803
5803
5794
5739
5794
5794
5794
5801
5834
5834
5917
5917
5871
5874
5837
5837
5864
5831
5887
5887
5887
5900
5900
5937
5937
5949
5955
5914
5887
5887
5879
5877
5780
5804
5834
5834
5915
5915
5838
5844
5844
5811
5834
5815
5803
5885
5941
6021
6021
6049
6030
6018
6018
5952
5938
5913
5913
5856
5894
5937
5937
5977
5898
5898
5895
5921
5967
5917
5836
5836
5879
5879
5864
5864
5864
5826
5826
5826
5826
5851
5836
5884
5877
5860
5860
5756
5756
5756
5756
5756
5756
5827
5821
5842
5836
5797
5797
5797
5841
5841
5816
5856
5980
5962
5962
5958
5958
5937
5937
5937
5961
6003
6003
6003
6072
6072
5993
5994
5963
5940
5962
5962
6074
6097
6110
6110
6110
6116
6146
6228
6228
6140
6156
6014
6039
6061
6061
6088
6037
6098
6098
6098
6176
6160
6204
6204
6213
6251
6285
6264
6154
6154
6253
6253
6196
6104
6108
6108
6108
6091
6095
6107
6145
6075
6127
6127
6127
6074
6099
6106
6106
6118
6056
6056
6077
6077
6092
6173
6194
6176
6176
6176
6159
6159
6164
6164
6238
6266
6239
6239
6239
6210
6212
6212
6212
6295
6264
6264
6273
6262
6266
6266
6266
6312
6312
6312
6312
6312
6312
6226
6226
6226
6212
6243
6243
6243
6243
6133
6139
6116
6152
6152
6164
6162
6162
6162
6187
6187
6114
6114
6086
6118
6121
6136
6136
6169
6169
6141
6148
6155
6197
6269
6269
6247
6240
6192
6117
6117
6117
6102
6040
6040
6039
6006
6006
6068
6071
6087
6093
6124
6086
6055
6027
6027
6027
6027
5998
6026
5998
5932
5932
5927
5950
5984
6016
6016
5988
6035
6072
6072
6048
6016
5971
5971
5926
6003
6003
5985
5985
5985
5985
5987
6072
6022
6022
6022
6068
6077
6119
6224
6253
6253
6199
6140
6140
6140
6140
6037
6037
6066
6043
6036
6045
6110
6110
6110
6110
6110
6101
6043
6043
6043
6055
6055
5973
5980
5998
5998
5965
5965
5965
5988
5977
5994
5990
6031
6017
6018
6059
6006
6006
5966
5908
5850
5812
5789
5821
5821
5821
5861
5879
5914
6006
6050
6107
6093
6093
6050
6060
6060
6060
6060
6060
6060
6060
6006
5908
5963
5903
5905
5837
5837
5921
5944
5951
5951
5871
5926
5955
5852
5852
5829
5811
5916
6009
6009
5948
5948
5932
5941
5941
5934
5934
5886
5886
5950
5960
5960
6100
6132
6132
6171
6171
6189
6133
6200
6200
6205
6190
6210
6274
6252
6260
6173
6162
6141
6141
6158
6158
6158
6158
6158
6159
6159
6225
6225
6207
6207
6242
6242
6145
6073
6073
6093
6093
6093
6093
6093
6050
6032
6054
6122
6139
6194
6282
6282
6226
6226
6226
6271
6271
6247
6307
6335
6335
6335
6335
6361
6387
6317
6267
6314
6314
6311
6393
6418
6378
6378
6389
6344
6344
6308
6323
6346
6367
6378
6506
6487
6544
6544
6466
6474
6341
6341
6309
6221
6168
6127
6170
6176
6107
6107
6080
6073
6047
6152
6080
6075
6007
6020
6036
6039
6039
6039
6039
6068
6098
6081
6081
5994
5981
6022
6096
6105
6105
6086
6086
6086
5993
5993
6063
6083
6089
6126
6217
6193
6193
6193
6132
6089
6103
6103
6104
6082
6031
6031
6031
6075
6075
6075
6075
6075
6091
6091
6058
6114
6114
6192
6222
6222
6239
6245
6273
6227
6227
6227
6227
6221
6230
6230
6230
6230
6231
6231
6230
6230
6233
6181
6105
6090
6090
6144
6129
6123
6123
6123
6079
6079
6099
6036
5942
5901
5901
5913
5941
5941
5932
5902
5900
5885
5841
5841
5839
5801
5857
5890
5890
5938
5938
5868
5908
5876
5876
5886
5890
5889
5889
5872
5853
5871
5883
5883
5906
5906
5893
5818
5817
5818
5904
5904
5868
5929
5980
6022
6066
6093
6093
6185
6080
6009
5969
5969
5968
5963
5965
5944
5973
6091
6091
6099
6123
6123
6123
6135
6135
6135
6135
6209
6209
6218
6272
6293
6157
6157
6157
6102
6102
6126
6026
6026
6068
6068
6068
6079
6043
5981
5981
5968
5924
5936
5924
5924
5874
5874
5874
5874
5934
5934
5934
5934
5934
5934
5954
5933
5933
5883
5883
5883
5883
5834
5910
5910
5910
5953
6019
6067
6067
5990
5990
5990
5990
6016
6018
6073
6114
6152
6152
6185
6175
6161
6161
6205
6164
6198
6198
6189
6189
6189
6189
6232
6206
6206
6118
6067
6132
6132
6132
6132
6012
6012
6076
5985
5987
6012
6040
5997
5997
5997
6003
5914
5901
5901
5901
5919
5893
5912
5865
5865
5867
5916
5909
5909
5948
5999
5992
5946
5868
5868
5868
5887
5887
5887
5887
5825
5825
5825
5825
5867
5988
5988
6002
6004
6004
6004
6004
6062
6062
6062
6062
6100
6129
6129
6129
6129
6129
6096
6072
6154
6154
6084
6084
6084
6084
6044
6126
6147
6147
6154
6154
6134
6134
6093
6040
6095
6095
6121
6172
6123
6204
6204
6179
6211
6176
6176
6159
6115
6181
6182
6182
6194
6159
6169
6172
6125
6173
6173
6173
6105
6140
6156
6172
6115
6115
6079
6043
6085
6069
6069
6064
6064
6123
6049
6055
6055
6187
6179
6182
6182
6182
6151
6208
6213
6213
6219
6217
6217
6167
6082
6083
6129
6059
6059
6029
6029
6082
6061
6095
6091
6112
6112
6069
6069
6069
5979
5979
6026
6026
6037
6037
6109
6093
6093
6183
6221
6221
6221
6180
6180
6180
6204
6183
6171
6171
6225
6225
6225
6234
6287
6239
6121
6121
6138
6156
6043
6043
6041
6021
6057
6046
6016
6016
6044
6005
6005
6005
6005
6007
6005
6005
6005
6005
6005
6005
6005
6005
6005
6005
5982
5982
6052
6008
6001
6008
6008
6008
6008
6147
6147
6140
6218
6306
6267
6257
6230
6230
6230
6221
6221
6221
6291
6291
6291
6291
6294
6204
6158
6158
6158
6160
6158
6170
6061
6040
6048
6063
6062
6062
6010
6150
6094
6115
6115
6115
6137
6077
6104
6081
6081
6081
6081
6015
6120
6222
6222
6164
6164
6164
6146
6178
6202
6256
6256
6256
6256
6256
6244
6082
6045
6045
6045
6045
6001
6088
6088
6056
6056
6067
6046
6046
6046
6039
6039
6064
6064
6064
6126
6126
6169
6180
6258
6218
6112
6123
6123
6111
6228
6240
6168
6168
6196
6105
6076
6096
6035
5987
6068
6068
6055
6044
6015
6076
6076
6076
6076
5985
5985
5950
5950
5965
5908
5902
5902
5969
5990
5990
5960
5960
5960
5960
5960
6000
6024
6024
6062
6015
5986
5992
5992
5983
5980
5980
6011
6011
6043
6043
6043
6096
6096
6111
6111
6111
6111
6162
6079
5998
5998
5998
6049
6067
6106
6106
6106
6106
6106
6106
6060
6037
6037
6037
6053
6053
6025
6025
5998
5982
5982
5970
5970
5970
5946
5946
5927
5927
5927
5927
5927
5943
5968
5968
5968
5969
5986
5986
5987
5987
5941
5881
5910
5898
5898
5914
5914
5886
5949
5958
5960
5892
5964
5964
5964
5964
5954
5954
5954
5954
5927
5912
5874
5916
5916
5916
5916
5857
5857
5828
5792
5792
5817
5846
5862
5886
5913
5913
5913
5913
5913
6057
6049
6032
6032
6032
6032
6032
6032
5931
5931
5931
5875
5875
5875
5877
5877
5895
5895
5910
5910
6007
6007
5885
5885
5851
5851
5871
5871
5871
5898
5876
5906
5836
5893
5983
6018
6018
6018
6073
6073
5993
5952
5903
5926
5926
5853
5853
5853
5844
5843
5843
5843
5843
5843
5843
5825
5800
5800
5800
5828
5828
5849
5849
5849
5860
5793
5808
5880
5880
5880
5909
5880
5880
5880
5876
5847
5852
5858
5848
5964
5964
5941
5910
5831
5868
5868
5842
5863
5803
5819
5819
5830
5830
5891
5942
5942
5942
5942
5942
5946
5824
5817
5817
5751
5751
5787
5787
5773
5753
5753
5753
5753
5751
5751
5751
5751
5774
5774
5816
5922
6003
6003
5988
6022
5997
5952
5968
5968
5941
5930
5944
5869
5855
5855
5811
5818
5813
5813
5813
5824
5824
5824
5824
5813
5778
5778
5886
5838
5838
5819
5819
5819
5819
5819
5808
5841
5819
5844
5816
5823
5900
5900
5883
5938
5938
5999
5978
6030
6030
5934
6003
6003
6010
5989
6004
5947
5947
5902
5961
5955
6064
6120
6099
6001
5958
6010
6010
5989
5989
5969
5991
6063
6049
5993
5987
5987
5987
5987
6022
6022
6022
6018
6018
6103
6103
6119
6189
6180
6095
6095
6095
6122
6138
6138
6138
6137
6101
6101
6157
6157
6208
6226
6195
6195
6177
6237
6237
6206
6266
6266
6266
6266
6266
6220
6217
6217
6217
6227
6197
6213
6213
6283
6252
6251
6251
6268
6285
6238
6259
6249
6234
6234
6234
6234
6181
6181
6141
6126
6126
6117
6117
6066
6066
6034
6034
6022
6055
6055
6055
6032
6032
6071
6071
6186
6186
6092
6092
6025
6070
6070
6076
6132
6047
6010
5952
5952
5952
5952
5952
5952
5952
5952
5991
5922
5936
5922
5934
5955
5969
5964
5958
5996
6055
6055
5976
5976
5976
5976
5979
5963
5986
5965
5965
5963
5963
6011
6014
5979
5998
5943
5943
5943
5921
5911
5952
5920
5960
5970
5970
5970
6072
6072
6062
6026
6039
6039
5997
5972
5972
5972
5972
5972
5972
5996
5996
5996
5925
5925
5925
5853
5879
5886
5954
5954
6008
6055
6083
6063
6069
6170
6078
6086
6086
6093
6058
6058
6036
6036
6036
6057
6057
6057
6041
6044
6041
6041
5978
5978
5983
5983
5983
5983
5927
5946
5946
5986
5948
5948
5981
5981
5981
5981
5981
6033
6017
6017
6014
5998
5990
5990
6018
6019
6019
6002
6042
6050
6050
6057
6060
6114
5976
6013
5976
6027
5983
6003
6003
6014
5966
5929
5878
5878
6000
6000
5901
5901
5853
5873
5873
5895
5982
5982
5982
6045
6045
6045
6083
6083
6112
6147
6147
6147
6147
6147
6092
6121
6130
6095
6095
6063
6063
6124
6124
6141
6097
6097
6097
6097
6074
5959
5959
5945
5990
5990
5993
5993
5993
5967
5967
5967
5967
5964
5995
6015
6055
6045
6045
6002
5998
5998
6001
6012
6015
6015
6043
6043
6015
6094
6137
6088
6150
6150
6150
6219
6219
6286
6330
6330
6301
6349
6362
6328
6315
6314
6314
6314
6314
6279
6279
6279
6248
6292
6292
6202
6295
6295
6239
6241
6239
6239
6151
6229
6188
6188
6120
6120
6120
6233
6235
6235
6235
6140
6140
6150
6108
6105
6047
6046
6046
6031
6031
6043
6043
6010
6001
5984
5984
5979
6023
6038
6043
6043
5991
5991
6006
6006
6018
5985
6081
6081
6077
6083
6175
6175
6110
6111
6111
6111
6111
6111
6111
6111
6136
6195
6207
6207
6153
6149
6149
6109
6097
6149
6138
6138
6170
6248
6270
6184
6264
6216
6208
6208
6208
6185
6155
6155
6151
6178
6178
6178
6178
6178
6178
6178
6170
6111
6037
6027
5972
6002
6028
6028
6028
6036
6035
6035
6063
6046
6067
6067
6067
6080
6127
6127
6127
6012
6027
6027
5984
5963
5854
5853
5890
5890
5890
5890
5890
5910
5910
5910
5910
5910
5910
5981
6081
6020
5916
5946
5925
5925
5928
5809
5841
5868
5785
5785
5785
5760
5760
5760
5767
5772
5846
5865
5865
5865
6012
6000
6000
6000
6016
6016
6059
6059
6022
6061
6054
6130
6093
6093
6101
6057
6057
6047
6047
6042
5976
5976
5933
5933
5933
6025
5961
5967
5919
5931
5922
5916
5852
5842
5794
5821
5858
5873
5866
5890
5946
5907
5840
5840
5840
5840
5840
5921
5863
5865
5865
5884
5918
5890
5890
5908
5890
5984
5984
5984
5997
5997
5997
5997
5959
5959
5959
5959
6024
6024
6055
6031
6096
6096
6096
6096
6114
6114
6114
6105
6105
6031
6031
6031
5935
5931
5931
5931
5931
5931
5940
5940
5940
5940
5940
5940
5936
5933
5940
5918
5918
5918
5918
5918
5918
5918
5972
5978
5978
5978
6023
5982
6082
6082
6078
6086
6096
6096
6096
6096
6096
6072
6072
6015
6015
6015
6015
6028
5994
5982
5982
5997
5997
6049
6067
5993
5993
5993
5914
5914
5914
5882
5882
5857
5926
5922
5922
5922
5922
5945
5959
5959
5902
5905
5905
5905
5905
5905
5945
5945
5919
5909
5909
5909
5938
5938
5938
5938
5938
5938
5975
5975
5975
5975
5948
5948
5948
5948
5895
5895
5895
5895
5895
5934
5945
5945
5908
5860
5860
5860
5865
5865
5865
5865
5871
5876
5905
5905
5905
5922
5907
5907
5926
5926
5926
5926
5926
5926
5937
5936
5852
5839
5841
5894
5867
5884
5884
5884
5884
5884
5884
5876
5876
5876
5869
5922
5941
5941
5943
5943
5986
5986
6006
5991
5991
6050
6045
6086
6086
6086
6086
6092
6135
6150
6059
5938
5888
5886
5886
5862
5870
5848
5848
5902
5902
5919
5919
5919
5919
5919
5919
5919
5919
5919
5919
5919
5919
5919
5919
5919
5919
5906
5933
5886
5891
5844
5844
5802
5835
5835
5835
5802
5831
5843
5843
5843
5843
5868
5869
5874
5883
5883
5883
5883
5879
5906
5906
5892
5870
5870
5870
5865
5865
5865
5865
5865
5895
5895
5895
5895
5895
5895
5895
5895
5962
5962
5962
5880
5880
5880
5869
5843
5843
5843
5850
5889
5858
5908
5868
5885
5885
5933
5935
5967
5948
5995
6033
6033
6033
6036
6036
6036
6036
6036
5975
6048
6032
6032
6037
5999
5999
5999
5999
5976
5976
5935
5955
5974
5974
5974
5974
5974
5994
6025
5979
5938
5938
5938
5938
5938
5938
5938
5938
5938
5938
5938
5938
5938
5968
5920
5920
5920
5920
5920
5920
5920
5920
5925
5925
5925
5925
5907
5892
5892
5892
5892
5892
5892
5892
5892
5892
5906
5906
5900
5900
5958
5958
5958
5916
5852
5827
5849
5903
5903
5883
5883
5877
5877
5908
5908
5840
5840
5787
5787
5867
5867
5867
5867
5844
5807
5786
5738
5778
5760
5721
5805
5809
5841
5841
5841
5818
5807
5807
5807
5807
5807
5807
5807
5807
5807
5861
5861
5861
5861
5861
5875
5875
5875
5875
5875
5875
5875
5875
5875
5902
5937
5918
5918
5918
5918
5918
5904
5857
5857
5857
5927
5927
5927
5927
5871
5871
5871
5871
5886
5927
5886
5886
5880
5880
5880
5880
5884
5884
5926
5926
5926
5880
5908
5908
5908
5908
5949
5949
5971
5926
5901
5901
5935
5943
5943
5951
5921
5921
5927
5941
5941
5914
5914
5914
5906
5870
5843
5843
5843
5843
5843
5843
5843
5843
5843
5843
5843
5843
5843
5843
5843
5843
5838
5846
5846
5838
5838
5838
5776
5776
5762
5836
5836
5836
5836
5836
5898
5862
5862
5862
5862
5862
5862
5868
5888
5888
5835
5835
5835
5796
5796
5796
5810
5810
5810
5812
5812
5833
5841
5852
5852
5888
5882
5882
5920
5920
5920
5908
5860
5834
5834
5834
5834
5834
5790
5785
5785
5785
5785
5785
5785
5819
5789
5886
5882
5899
5926
5829
5847
5847
5847
5885
5885
5885
5885
5885
5885
5885
5885
5885
5885
5885
5885
5885
5909
5909
5945
5925
5966
5920
5920
5904
5904
5908
5896
5896
5989
5989
5970
5965
5952
5952
5893
5889
5889
5876
5868
5868
5949
5974
5949
5990
6010
5990
5990
5988
5921
5876
5882
5885
5851
5851
5870
5870
5932
5932
5932
5932
5932
5863
5792
5839
5839
5841
5841
5841
5841
5841
5841
5841
5849
5849
5849
5849
5785
5785
5785
5807
5804
5804
5804
5804
5804
5804
5804
5792
5792
5834
5768
5783
5771
5747
5747
5715
5715
5715
5715
5718
5718
5718
5718
5718
5718
5718
5736
5736
5734
5734
5734
5756
5725
5725
5725
5725
5725
5721
5721
5744
5744
5744
5744
5744
5744
5763
5763
5763
5756
5745
5735
5744
5729
5729
5776
5753
5753
5753
5799
5827
5827
5747
5747
5747
5801
5801
5809
5809
5809
5809
5809
5809
5809
5809
5809
5809
5809
5809
5809
5753
5753
5753
5753
5753
5753
5753
5753
5753
5753
5753
5753
5753
5753
5753
5762
5736
5738
5741
5738
5727
5727
5727
5727
5722
5722
5722
5791
5791
5791
5712
5712
5705
5705
5705
5715
5775
5775
5775
5775
5834
5834
5834
5834
5833
5817
5847
5847
5847
5819
5868
5859
5844
5856
5834
5875
5905
5905
5929
5946
5940
5930
5930
5937
5893
5909
5909
5847
5847
5890
5873
5949
5949
5949
5949
5861
5952
5952
5952
5926
5926
5926
5926
5926
5924
5921
5926
5831
5801
5808
5811
5815
5815
5852
5889
5852
5852
5860
5953
5963
5963
5953
5992
5992
5992
6014
6002
6002
6002
6002
6002
5955
5917
5925
5911
5911
5911
5911
5911
5869
5860
5788
5788
5788
5788
5788
5838
5838
5863
5816
5816
5792
5792
5792
5792
5792
5796
5781
5781
5781
5863
5790
5790
5790
5856
5844
5864
5864
5864
5864
5858
5858
5814
5814
5831
5828
5828
5828
5828
5775
5775
5775
5775
5784
5784
5784
5772
5772
5772
5772
5810
5810
5810
5814
5830
5830
5788
5788
5788
5816
5818
5818
5818
5818
5815
5815
5834
5888
5926
5956
5935
5926
5926
5926
5926
5886
5902
5842
5873
5871
5871
5818
5871
5941
5941
5941
5941
5941
5941
5941
5904
5904
5974
5982
5932
5932
5932
6007
6007
6005
6007
6007
6007
6007
6007
6007
6007
6007
5983
5983
5983
5916
5908
5899
5899
5888
5861
5861
5933
5933
5933
5933
5933
5859
5859
5887
5874
5823
5840
5840
5835
5835
5870
5870
5871
5901
5899
5899
5899
5899
5929
5929
5941
5927
5927
5873
5896
5896
5873
5904
5904
5904
5838
5838
5838
5851
5906
5906
5975
5975
5975
5975
5975
5994
6010
6010
6039
6039
6011
6011
6011
6011
6148
6119
6119
6119
6119
6166
6064
6064
6073
6054
6111
6060
6126
6079
6079
6039
6039
6039
6039
6039
6039
6039
6039
6039
5943
5908
5908
5908
5864
5864
6020
6020
6052
6052
6052
6052
6052
6042
6042
6042
6042
6039
6132
6132
6132
6132
6106
6106
6106
6106
6106
6106
6106
6069
6069
6069
6069
6069
6069
6039
6039
6039
6039
6039
6039
6039
6125
6094
6094
6039
6042
6042
6042
6059
6066
6083
6071
6042
6039
6087
6062
6062
6054
6054
6054
6054
6063
6022
6022
6022
6022
6022
6022
6022
6079
6060
6060
6045
5976
5976
5976
5976
5959
5837
5813
5825
5825
5813
5813
5790
5799
5786
5786
5786
5786
5786
5786
5829
5786
5786
5786
5805
5805
5805
5805
5805
5788
5788
5788
5786
5786
5827
5827
5840
5840
5828
5828
5828
5828
5828
5828
5828
5828
5828
5828
5864
5827
5915
5888
5886
5886
5886
5886
5886
5886
5886
5886
5845
5845
5845
5845
5880
5880
5817
5828
5817
5817
5881
5863
5891
5891
5891
5838
5838
5838
5849
5849
5849
5849
5878
5878
5878
5909
5909
5909
5909
5885
5898
5895
5895
5895
5920
5920
5920
5920
5890
5890
5890
5890
5825
5791
5791
5791
5791
5791
5820
5820
5820
5820
5820
5820
5811
5811
5812
5791
5791
5799
5799
5799
5864
5864
5878
5878
5881
5791
5788
5788
5847
5831
5831
5787
5787
5775
5775
5776
5776
5775
5775
5775
5775
5775
5775
5775
5828
5828
5828
5828
5828
5828
5828
5828
5828
5828
5828
5828
5828
5800
5800
5800
5800
5800
5800
5800
5799
5874
5874
5923
5934
5934
5934
5934
5898
5885
5867
5867
5867
5867
5867
5867
5855
5855
5855
5855
5855
5855
5855
5855
5855
5855
5849
5829
5829
5829
5829
5829
5795
5795
5790
5790
5801
5826
5826
5826
5790
5815
5815
5815
5833
5790
5790
5790
5790
5790
5795
5851
5837
5837
5837
5837
5865
5839
5839
5839
5832
5832
5832
5832
5832
5832
5832
5832
5832
5814
5784
5784
5784
5784
5784
5784
5784
5784
5784
5784
5788
5788
5788
5709
5709
5709
5709
5709
5703
5741
5748
5748
5806
5762
5758
5772
5772
5780
5780
5780
5780
5780
5780
5841
5841
5841
5841
5839
5839
5839
5809
5809
5809
5780
5780
5780
5780
5780
5780
5780
5780
5780
5780
5780
5784
5784
5784
5784
5780
5780
5780
5780
5780
5780
5780
5780
5780
5780
5780
5780
5788
5788
5788
5788
5822
5822
5836
5836
5836
5904
5904
5916
5973
5973
5958
5916
5900
5908
5896
5896
5896
5896
5896
5896
5896
5896
5896
5896
5896
5896
5896
5896
5894
5894
5894
5778
5778
5778
5800
5766
5766
5766
5766
5766
5766
5777
5777
5770
5770
5777
5777
5792
5748
5722
5722
5722
5722
5695
5669
5704
5704
5680
5684
5718
5718
5718
5718
5718
5718
5727
5727
5727
5727
5727
5717
5717
5717
5717
5727
5727
5727
5727
5727
5727
5699
5721
5721
5721
5724
5724
5683
5683
5667
5667
5667
5667
5658
5658
5658
5658
5658
5658
5658
5658
5658
5697
5678
5678
5678
5717
5717
5722
5755
5753
5753
5753
5753
5753
5753
5753
5753
5779
5779
5779
5775
5775
5775
5775
5775
5775
5775
5775
5775
5775
5775
5775
5793
5793
5793
5793
5793
5810
5810
5810
5825
5825
5799
5799
5799
5799
5789
5785
5785
5785
5785
5785
5790
5790
5790
5790
5790
5790
5790
5790
5770
5770
5798
5798
5798
5743
5743
5743
5743
5796
5796
5796
5796
5796
5800
5839
5839
5839
5842
5842
5842
5842
5821
5821
5821
5821
5821
5821
5821
5821
5821
5835
5835
5855
5876
5876
5876
5876
5876
5876
5876
5876
5818
5818
5818
5818
5820
5820
5692
5692
5692
5692
5692
5692
5692
5692
5692
5642
5688
5688
5670
5670
5670
5685
5685
5685
5685
5728
5728
5748
5748
5748
5748
5748
5695
5695
5723
5704
5679
5679
5679
5679
5679
5679
5679
5679
5703
5703
5703
5703
5703
5709
5703
5672
5672
5672
5672
5672
5672
5679
5719
5719
5719
5719
5726
5735
5726
5726
5693
5693
5694
5694
5694
5721
5721
5721
5721
5721
5764
5790
5758
5758
5758
5758
5758
5734
5734
5734
5734
5797
5822
5798
5784
5767
5767
5767
5802
5864
5867
5867
5867
5867
5855
5855
5827
5827
5813
5813
5813
5813
5813
5813
5813
5832
5813
5813
5813
5813
5818
5818
5813
5813
5769
5769
5770
5770
5770
5769
5769
5769
5776
5777
5777
5889
5893
5900
5900
5900
5895
5895
5861
5879
5879
5890
5899
5899
5899
5899
5890
5893
5902
5902
5902
5887
5887
5847
5847
5847
5847
5841
5805
5805
5805
5805
5767
5743
5755
5755
5755
5736
5734
5734
5734
5734
5773
5788
5788
5812
5734
5734
5734
5734
5734
5734
5734
5734
5757
5757
5771
5752
5752
5752
5787
5788
5787
5787
5787
5787
5787
5794
5787
5787
5787
5708
5708
5688
5688
5701
5701
5701
5717
5717
5717
5717
5717
5717
5698
5698
5635
5646
5652
5652
5652
5652
5652
5652
5652
5652
5652
5652
5652
5652
5652
5652
5661
5636
5620
5611
5611
5611
5651
5665
5665
5665
5636
5627
5627
5611
5611
5611
5623
5623
5623
5623
5611
5611
5611
5611
5611
5611
5611
5668
5668
5672
5614
5614
5614
5614
5614
5614
5625
5625
5625
5625
5625
5625
5598
5598
5598
5598
5598
5598
5598
5598
5598
5598
5598
5598
5598
5598
5598
5603
5603
5603
5598
5598
5598
5600
5600
5600
5600
5600
5600
5600
5608
5608
5608
5608
5608
5608
5608
5608
5608
5608
5608
5600
5600
5600
5600
5633
5639
5672
5615
5615
5615
5600
5624
5624
5624
5624
5624
5624
5624
5629
5629
5629
5629
5655
5655
5655
5655
5655
5655
5655
5655
5655
5655
5655
5659
5655
5655
5655
5655
5655
5655
5655
5655
5655
5655
5655
5655
5655
5655
5655
5655
5655
5662
5662
5632
5632
5632
5684
5684
5684
5684
5684
5644
5644
5644
5644
5644
5644
5644
5644
5644
5676
5676
5681
5640
5640
5640
5640
5640
5640
5643
5666
5666
5666
5666
5678
5700
5729
5743
5746
5743
5743
5743
5743
5743
5726
5726
5726
5755
5755
5755
5735
5735
5735
5735
5735
5651
5651
5613
5613
5613
5613
5613
5613
5613
5613
5613
5613
5613
5613
5613
5621
5664
5664
5621
5627
5622
5622
5622
5628
5628
5628
5628
5628
5628
5622
5622
5622
5647
5659
5673
5673
5673
5646
5646
5639
5670
5670
5670
5670
5639
5639
5639
5639
5639
5639
5639
5639
5639
5639
5639
5639
5639
5639
5639
5639
5639
5639
5639
5639
5639
5683
5683
5683
5644
5644
5644
5639
5639
5639
5639
5639
5639
5639
5655
5655
5655
5655
5655
5655
5655
5655
5655
5655
5655
5655
5655
5655
5655
5655
5655
5642
5642
5639
5639
5639
5639
5639
5639
5639
5639
5639
5639
5639
5639
5639
5639
5639
5639
5639
5639
5639
5639
5639
5639
5639
5639
5639
5639
5639
5639
5639
5639
5639
5639
5639
5639
5639
5639
5639
5639
5639
5639
5643
5663
5708
5708
5708
5708
5708
5708
5715
5715
5713
5667
5667
5667
5667
5667
5667
5690
5706
5726
5718
5718
5718
5718
5730
5730
5727
5735
5759
5759
5759
5759
5752
5752
5752
5760
5760
5760
5760
5760
5760
5760
5760
5751
5751
5751
5708
5708
5708
5708
5708
5708
5708
5708
5682
5682
5682
5682
5682
5682
5728
5728
5728
5728
5728
5710
5710
5688
5701
5735
5740
5740
5740
5740
5740
5740
5740
5740
5764
5753
5753
5757
5757
5768
5860
5860
5861
5861
5833
5820
5820
5820
5820
5820
5787
5787
5787
5787
5787
5787
5787
5787
5787
5727
5727
5727
5727
5721
5729
5729
5671
5671
5671
5671
5671
5671
5671
5671
5636
5636
5636
5636
5636
5636
5645
5645
5645
5636
5636
5636
5636
5636
5636
5636
5636
5636
5636
5636
5636
5636
5636
5636
5636
5636
5636
5636
5651
5651
5651
5651
5651
5651
5671
5640
5640
5640
5640
5640
5640
5640
5640
5640
5640
5640
5640
5640
5650
5650
5640
5640
5640
5640
5640
5640
5640
5640
5636
5636
5636
5623
5623
5664
5664
5664
5664
5664
5664
5664
5664
5664
5664
5664
5664
5708
5708
5689
5694
5694
5694
5694
5694
5694
5694
5682
5682
5682
5645
5645
5645
5645
5645
5645
5645
5645
5645
5645
5637
5637
5637
5637
5637
5637
5655
5655
5658
5658
5658
5680
5680
5680
5669
5669
5669
5669
5669
5669
5669
5669
5674
5636
5636
5636
5636
5636
5636
5636
5682
5682
5682
5682
5682
5682
5682
5682
5682
5682
5682
5682
5682
5682
5682
5682
5682
5685
5685
5682
5684
5684
5684
5684
5684
5684
5684
5684
5684
5684
5684
5684
5684
5684
5684
5684
5684
5684
5670
5670
5670
5670
5667
5667
5667
5667
5667
5667
5667
5667
5667
5665
5665
5665
5665
5611
5615
5611
5611
5592
5592
5592
5592
5592
5592
5592
5592
5592
5592
5592
5592
5592
5592
5592
5592
5592
5592
5592
5592
5592
5592
5592
5600
5600
5618
5618
5592
5592
5592
5592
5592
5592
5592
5592
5592
5596
5596
5592
5592
5592
5592
5592
5592
5592
5592
5592
5592
5592
5592
5592
5592
5592
5601
5601
5601
5601
5592
5592
5592
5592
5592
5592
5592
5574
5574
5574
5574
5574
5574
5574
5575
5575
5575
5575
5575
5575
5575
5579
5579
5579
5579
5579
5585
5585
5585
5588
5588
5588
5580
5580
5580
5580
5580
5580
5580
5588
5642
5642
5642
5642
5642
5642
5642
5642
5642
5642
5642
5642
5642
5642
5642
5642
5642
5642
5642
5642
5642
5642
5642
5642
5642
5642
5642
5642
5642
5642
5642
5642
5642
5637
5637
5637
5637
5637
5637
5637
5637
5637
5637
5637
5637
5676
5646
5643
5637
5637
5646
5646
5646
5646
5646
5637
5639
5639
5639
5639
5646
5646
5646
5646
5637
5637
5637
5637
5637
5637
5633
5640
5640
5640
5640
5640
5640
5635
5635
5635
5635
5635
5635
5641
5641
5641
5618
5618
5618
5618
5618
5618
5618
5618
5618
5618
5618
5618
5618
5618
5618
5618
5618
5618
5618
5618
5614
5614
5614
5614
5614
5614
5612
5612
5621
5621
5621
5621
5650
5650
5650
5650
5650
5650
5644
5644
5644
5644
5644
5643
5643
5636
5631
5631
5622
5622
5622
5622
5622
5622
5622
5580
5580
5580
5580
5580
5580
5580
5580
5580
5580
5580
5580
5585
5585
5585
5585
5588
5588
5588
5588
5588
5588
5588
5588
5588
5588
5588
5588
5588
5588
5588
5588
5588
5588
5588
5589
5589
5589
5589
5588
5588
5588
5582
5582
5580
5583
5594
5601
5588
5588
5585
5585
5588
5582
5580
5580
5580
5580
5580
5580
5580
5580
5580
5580
5580
5580
5580
5580
5580
5580
5580
5580
5580
5589
5589
5592
5592
5594
5594
5652
5652
5652
5652
5652
5646
5646
5681
5681
5681
5681
5669
5669
5669
5669
5678
5678
5678
5649
5649
5649
5649
5649
5649
5649
5649
5660
5660
5674
5712
5701
5700
5700
5683
5683
5678
5678
5678
5678
5687
5687
5687
5663
5663
5663
5663
5663
5663
5663
5663
5663
5663
5663
5663
5663
5673
5673
5673
5663
5663
5663
5663
5663
5663
5663
5663
5661
5661
5661
5661
5661
5661
5661
5661
5661
5661
5661
5661
5676
5676
5676
5676
5676
5672
5672
5672
5672
5672
5672
5672
5672
5672
5672
5672
5672
5672
5672
5672
5672
5672
5672
5672
5672
5672
5672
5672
5672
5672
5672
5672
5672
5680
5680
5681
5681
5681
5681
5681
5681
5681
5681
5681
5681
5672
5672
5672
5672
5672
5672
5672
5672
5672
5666
5666
5666
5666
5666
5663
5663
5663
5667
5667
5667
5667
5667
5667
5667
5667
5667
5663
5663
5663
5659
5659
5659
5659
5625
5625
5625
5625
5625
5625
5625
5625
5618
5595
5595
5595
5595
5585
5585
5585
5585
5585
5585
5585
5585
5585
5585
5585
5585
5585
5585
5585
5585
5585
5585
5585
5585
5585
5596
5596
5596
5596
5596
5596
5598
5598
5585
5591
5591
5585
5585
5585
5585
5585
5585
5585
5607
5607
5607
5607
5607
5607
5607
5607
5607
5607
5607
5607
5607
5596
5596
5596
5596
5596
5596
5612
5612
5612
5612
5612
5612
5615
5615
5615
5615
5615
5615
5615
5615
5615
5615
5608
5608
5608
5608
5608
5608
5608
5608
5622
5622
5622
5622
5622
5622
5622
5608
5608
5608
5608
5608
5608
5608
5608
5608
5608
5608
5608
5585
5585
5585
5585
5585
5585
5585
5585
5585
5585
5585
5585
5585
5585
5585
5585
5585
5585
5585
5585
5585
5585
5585
5585
5585
5585
5585
5585
5585
5585
5585
5585
5585
5585
5585
5585
5585
5585
5585
5585
5585
5585
5585
5585
5585
5585
5585
5585
5585
5585
5585
5585
5585
5585
5585
5585
5585
5585
5585
5585
5585
5585
5585
5585
5585
5585
5585
5585
5585
5585
5585
5585
5585
5585
5585
5585
5585
5585
5585
5585
5585
5601
5601
5601
5601
5601
5585
5585
5585
5585
5585
5585
5585
5585
5585
5585
5585
5585
5585
5585
5585
5585
5585
5585
5585
5585
5585
5585
5585
5585
5585
5585
5585
5585
5585
5585
5585
5585
5585
5585
5585
5585
5594
5604
5604
5604
5556
5556
5556
5556
5556
5556
5556
5556
5556
5556
5556
5556
5556
5556
5556
5556
5556
5556
5556
5556
5556
5556
5556
5556
5556
5556
5556
5556
5565
5556
5556
5556
5556
5556
5556
5556
5556
5556
5556
5556
5551
5551
5551
5551
5551
5551
5569
5551
5551
5551
5552
5552
5551
5551
5551
5551
5551
5551
5551
5551
5551
5551
5551
5551
5551
5551
5551
5551
5551
5551
5551
5551
5551
5551
5551
5551
5551
5551
5551
5551
5551
5551
5551
5551
5551
5551
5551
5560
5560
5560
5560
5560
5560
5560
5560
5555
5555
5555
5555
5555
5555
5555
5555
5555
5557
5557
5557
5557
5555
5555
5555
5552
5552
5552
5552
5551
5550
5550
5550
5550
5550
5550
5550
5550
5552
5552
5552
5552
5552
5552
5552
5552
5552
5552
5552
5552
5552
5552
5552
5552
5552
5552
5552
5556
5556
5556
5556
5554
5555
5555
5555
5555
5555
5555
5555
5555
5555
5555
5555
5555
5555
5555
5555
5555
5555
5555
5555
5555
5555
5555
5561
5561
5561
5561
5562
5562
5562
5562
5562
5562
5562
5562
5562
5562
5562
5562
5562
5562
5562
5562
5562
5562
5562
5562
5562
5562
5560
5560
5560
5558
5558
5562
5573
5573
5573
5573
5573
5573
5573
5573
5573
5573
5573
5552
5552
5561
5561
5561
5561
5561
5561
5561
5561
5561
5561
5561
5561
5561
5540
5540
5540
5540
5540
5540
5540
5540
5538
5538
5538
5538
5538
5538
5538
5538
5538
5538
5538
5538
5538
5538
5538
5538
5538
5538
5537
5537
5537
5537
5537
5537
5537
5537
5537
5537
5537
5537
5543
5543
5543
5543
5543
5543
5537
5537
5537
5537
5537
5537
5537
5537
5537
5537
5537
5537
5537
5537
5537
5537
5537
5537
5537
5537
5539
5539
5537
5537
5537
5537
5537
5537
5537
5537
5537
5537
5537
5537
5537
5537
5537
5537
5537
5537
5537
5537
5537
5537
5537
5537
5537
5537
5537
5537
5537
5537
5537
5537
5537
5537
5537
5537
5537
5537
5537
5537
5537
5537
5537
5537
5537
5537
5537
5554
5554
5554
5537
5537
5537
5537
5537
5537
5537
5537
5537
5537
5537
5537
5537
5541
5537
5537
5537
5537
5537
5537
5537
5537
5537
5537
5537
5537
5537
5537
5549
5537
5537
5537
5537
5537
5537
5537
5537
5555
5555
5555
5555
5555
5555
5555
5555
5555
5555
5555
5555
5555
5555
5555
5555
5555
5555
5555
5555
5555
5555
5555
5555
5555
5555
5555
5555
5555
5555
5555
5555
5555
5555
5555
5555
5555
5555
5555
5555
5555
5555
5555
5555
5555
5555
5555
5555
5555
5555
5555
5555
5555
5555
5555
5555
5555
5555
5555
5555
5555
5555
5555
5560
5560
5560
5560
5560
5560
5560
5560
5560
5562
5562
5562
5555
5555
5555
5555
5555
5555
5555
5555
5555
5555
5555
5555
5555
5555
5555
5561
5555
5555
5555
5555
5555
5555
5555
5555
5555
5555
5555
5555
5555
5555
5555
5585
5585
5585
5585
5585
5585
5585
5585
5585
5585
5585
5585
5585
5585
5585
5594
5594
5594
5584
5584
5584
5584
5584
5584
5579
5579
5579
5579
5579
5579
5579
5579
5579
5579
5579
5579
5579
5579
5579
5579
5579
5579
5579
5579
5579
5579
5579
5579
5579
5579
5579
5579
5579
5579
5579
5579
5579
5579
5579
5579
5579
5579
5579
5579
5579
5579
5579
5579
5579
5579
5579
5579
5579
5579
5579
5579
5579
5579
5579
5579
5579
5579
5579
5579
5579
5579
5579
5579
5579
5579
5579
5579
5579
5579
5592
5592
5592
5592
5592
5592
5592
5592
5592
5592
5592
5592
5592
5592
5592
5592
5592
5592
5592
5592
5592
5592
5592
5592
5592
5592
5592
5592
5592
5592
5592
5592
5592
5592
5592
5592
5590
5590
5590
5590
5590
5590
5579
5579
5579
5579
5579
5579
5579
5579
5579
5579
5579
5579
5579
5579
5579
5579
5579
5579
5579
5579
5579
5579
5579
5579
5579
5579
5579
5579
5579
5579
5579
5579
5579
5579
5579
5579
5579
5579
5579
5579
5579
5579
5579
5579
5579
5579
5579
5579
5579
5577
5577
5577
5579
5579
5579
5579
5579
5579
5579
5579
5579
5579
5579
5579
5579
5579
5579
5579
5579
5579
5577
5577
5577
5577
5577
5577
5577
5577
5577
5577
5577
5577
5577
5577
5577
5577
5577
5577
5577
5577
5577
5577
5577
5577
5577
5577
5577
5577
5577
5577
5577
5577
5577
5577
5577
5577
5577
5577
5577
5577
5577
5577
5577
5577
5577
5577
5577
5577
5577
5577
5577
5577
5577
5577
5577
5577
5577
5577
5577
5577
5577
5577
5577
5577
5577
5577
5577
5577
5577
5577
5577
5577
5577
5577
5577
5577
5577
5577
5577
5577
5577
5577
5577
5577
5577
5577
5577
5577
5577
5577
5577
5577
5577
5577
5577
5577
5577
5577
5577
5577
5577
5577
5577
5578
5578
5578
5578
5578
5577
5577
5577
5577
5577
5577
5577
5577
5577
5577
5577
5577
5577
5577
5577
5577
5577
5577
5582
5582
5582
5560
5560
5560
5560
5560
5560
5560
5569
5569
5560
5560
5560
5560
5560
5560
5560
5560
5560
5560
5560
5560
5560
5560
5560
5560
5560
5560
5560
5560
5560
5560
5560
5560
5560
5560
5560
5560
5560
5560
5560
5560
5560
5547
5547
5547
5547
5547
5547
5547
5527
5527
5527
5527
5527
5527
5527
5527
5527
5527
5527
5527
5527
5527
5527
5527
5529
5529
5529
5529
5529
5529
5529
5529
5529
5529
5529
5529
5529
5529
5529
5529
5527
5527
5527
5527
5527
5527
5527
5527
5527
5533
5533
5533
5533
5533
5533
5533
5533
5533
5533
5527
5527
5527
5527
5533
5533
5533
5533
5533
5533
5533
5533
5533
5533
5533
5533
5533
5533
5533
5533
5533
5533
5533
5533
5538
5538
5538
5538
5538
5538
5538
5538
5538
5538
5538
5538
5538
5538
5538
5538
5538
5538
5538
5538
5538
5538
5540
5540
5540
5540
5540
5540
5540
5538
5538
5538
5538
5538
5538
5538
5538
5538
5533
5533
5533
5533
5533
5533
5533
5533
5533
5533
5533
5533
5533
5533
5533
5533
5533
5533
5533
5533
5533
5533
5533
5533
5533
5533
5533
5533
5533
5533
5533
5533
5533
5533
5533
5533
5533
5533
5533
5533
5533
5533
5533
5533
5533
5533
5533
5533
5533
5533
5533
5533
5533
5533
5533
5533
5533
5533
5533
5533
5533
5533
5533
5533
5533
5533
5533
5533
5533
5533
5533
5533
5533
5533
5533
5533
5533
5533
5533
5533
5533
5533
5533
5533
5533
5533
5533
5533
5533
5533
5533
5533
5533
5533
5533
5533
5533
5533
5533
5533
5533
5533
5533
5533
5533
5536
5536
5536
5536
5536
5533
5533
5533
5533
5533
5533
5533
5533
5533
5533
5533
5533
5533
5533
5533
5533
5533
5533
5533
5533
5533
5533
5533
5533
5533
5533
5533
5533
5533
5533
5535
5533
5533
5533
5533
5534
5534
5534
5534
5534
5533
5533
5533
5533
5533
5533
5533
5533
5533
5533
5533
5533
5533
5533
5533
5533
5533
5533
5533
5533
5533
5533
5533
5533
5533
5533
5533
5533
5533
5533
5533
5533
5533
5533
5533
5533
5533
5533
5533
5533
5533
5533
5533
5533
5533
5533
5533
5533
5533
5533
5533
5533
5533
5533
5533
5533
5533
5533
5533
5533
5533
5533
5533
5533
5533
5533
5533
5533
5533
5533
5533
5533
5533
5533
5533
5533
5533
5533
5533
5533
5533
5533
5533
5533
5533
5533
5533
5533
5533
5533
5533
5533
5533
5533
5533
5533
5533
5533
5533
5533
5533
5533
5533
5533
5533
5533
5533
5533
5533
5533
5533
5533
5533
5533
5533
5533
5533
5533
5533
5531
5531
5531
5531
5531
5531
5531
5527
5527
5527
5530
5530
5530
5530
5530
5530
5530
5530
5530
5530
5530
5527
5527
5527
5527
5527
5527
5527
5527
5527
5528
5528
5528
5528
5528
5528
5528
5528
5527
5527
5527
5527
5527
5527
5527
5527
5527
5527
5527
5527
5527
5527
5527
5527
5527
5527
5527
5527
5527
5527
5527
5527
5527
5527
5527
5527
5527
5527
5527
5527
5527
5527
5527
5527
5527
5527
5527
5527
5527
5527
5527
5527
5527
5527
5527
5527
5527
5527
5527
5527
5529
5529
5529
5529
5527
5527
5527
5527
5527
5527
5527
5527
5527
5527
5527
5527
5527
5527
5527
5527
5527
5527
5527
5527
5527
5527
5527
5527
5527
5527
5527
5527
5527
5527
5527
5527
5527
5535
5535
5535
5527
5527
5527
5527
5527
5527
5527
5527
5527
5527
5527
5527
5527
5527
5527
5527
5528
5528
5527
5527
5527
5527
5527
5527
5527
5527
5527
5527
5527
5527
5527
5527
5527
5527
5527
5527
5527
5527
5527
5527
5527
5527
5527
5527
5527
5527
5528
5528
5528
5528
5528
5528
5528
5528
5528
5528
5527
5527
5527
5527
5527
5527
5527
5527
5527
5527
5527
5527
5527
5527
5527
5527
5527
5527
5527
5527
5527
5527
5527
5527
5527
5527
5527
5527
5527
5527
5527
5527
5527
5527
5527
5527
5527
5527
5527
5527
5527
5527
5527
5527
5527
5527
5529
5529
5529
5529
5529
5529
5529
5529
5529
5529
5529
5529
5529
5529
5529
5529
5529
5529
5529
5529
5529
5529
5529
5529
5529
5529
5529
5529
5529
5529
5529
5529
5529
5529
5529
5529
5529
5529
5527
5527
5527
5527
5527
5527
5527
5527
5527
5527
5527
5527
5527
5527
5527
5527
5527
5527
5527
5527
5534
5534
5534
5534
5534
5534
5534
5534
5534
5533
5527
5527
5527
5527
5527
5527
5527
5527
5527
5527
5527
5527
5527
5527
5527
5527
5527
5527
5527
5527
5527
5527
5527
5527
5527
5527
5527
5527
5527
5527
5527
5527
5527
5527
5527
5527
5527
5527
5527
5527
5527
5527
5527
5527
5527
5527
5527
5527
5527
5527
5527
5527
5527
5527
5527
5527
5527
5527
5527
5527
5527
5527
5527
5527
5527
5527
5527
5527
5527
5527
5527
5527
5527
5527
5527
5527
5527
5527
5527
5527
5527
5527
5527
5527
5527
5527
5527
5527
5527
5527
5527
5527
5527
5527
5527
5527
5527
5527
5527
5527
5527
5527
5527
5527
5527
5527
5527
5527
5527
5527
5527
5527
5527
5527
5527
5527
5527
5527
5527
5527
5527
5527
5527
5527
5530
5530
5530
5530
5530
5530
5530
5530
5530
5530
5530
5530
5527
5527
5527
5527
5527
5527
5527
5527
5527
5527
5527
5527
5527
5527
5527
5527
5527
5527
5527
5527
5527
5527
5527
5527
5527
5527
5527
5527
5527
5527
5527
5527
5527
5527
5527
5527
5527
5527
5527
5527
5527
5527
5527
5527
5527
5527
5527
5527
5527
5527
5527
5527
5527
5527
5527
5527
5527
5527
5527
5527
5527
5527
5527
5527
5527
5527
5527
5527
5527
5527
5527
5527
5527
5527
5527
5529
5529
5535
5535
5535
5535
5532
5532
5532
5532
5532
5532
5532
5532
5532
5532
5532
5527
5527
5527
5527
5527
5527
5527
5527
5527
5527
5527
5527
5527
5527
5527
5527
5527
5527
5527
5527
5527
5527
5527
5527
5527
5527
5527
5527
5527
5527
5527
5527
5527
5527
5527
5527
5527
5527
5527
5527
5527
5527
5527
5527
5527
5527
5527
5527
5527
5527
5527
5527
5527
5527
5527
5527
5527
5527
5527
5527
5527
5527
5527
5527
5527
5527
5527
5527
5527
5527
5527
5527
5527
5527
5527
5527
5527
5527
5527
5527
5527
5527
5527
5527
5527
5527
5527
5527
5527
5527
5527
5527
5527
5527
5527
5527
5527
5527
5527
5527
5527
5527
5527
5527
5527
5527
5527
5527
5527
5527
5527
5527
5527
5527
5527
5527
5527
5527
5527
5527
5527
5527
5527
5527
5527
5527
5527
5527
5527
5527
5527
5527
5527
5527
5527
5527
5527
5527
5527
5527
5527
5527
5527
5527
5527
5527
5527
5527
5527
5527
5527
5527
5527
5527
5527
5527
5527
5527
5527
5527
5527
5527
5527
5527
5527
5527
5527
5527
5527
5527
5527
5527
5527
5527
5527
5527
5527
5527
5527
5527
5527
5527
5528
5527
5527
5527
5527
5527
5527
5527
5527
5527
5527
5527
5527
5527
5527
5527
5531
5531
5531
5531
5531
5531
5531
5531
5531
5531
5531
5531
5531
5531
5531
5531
5531
5531
5531
5531
5531
5531
5527
5527
5527
5527
5527
5527
5527
5527
5527
5527
5527
5527
5527
5527
5527
5527
5527
5527
5527
5527
5527
5527
5527
5527
5527
5527
5527
5527
5527
5527
5527
5527
5527
5527
5527
5527
5527
5529
5529
5529
5529
5529
5529
5529
5529
5529
5529
5529
5529
5527
5527
5527
5527
5527
5527
5527
5527
5527
5527
5527
5527
5527
5527
5527
5527
5527
5527
5527
5527
5527
5527
5527
5527
5527
5527
5527
5527
5527
5527
5527
5527
5527
5527
5527
5527
5527
5527
5527
5527
5527
5527
5527
5527
5527
5527
5527
5527
5527
5530
5530
5530
5530
5530
5530
5530
5530
5530
5530
5530
5530
5530
5530
5530
5530
5530
5527
5532
5531
5531
5531
5531
5530
5530
5528
5528
5528
5528
5528
5528
5528
5528
5528
5528
5528
5528
5527
5527
5527
5527
5527
5527
5527
5527
5527
5527
5527
5527
5527
5527
5527
5527
5527
5527
5527
5527
5527
5527
5527
5527
5527
5527
5527
5527
5527
5527
5527
5527
5527
5527
5527
5527
5527
5527
5527
5527
5527
5527
5527
5531
5531
5531
5531
5531
5531
5531
5539
5539
5539
5539
5539
5539
5534
5534
5527
5527
5527
5527
5527
5527
5527
5548
5548
5548
5548
5548
5548
5548
5548
5548
5548
5548
5548
5548
5548
5548
5548
5548
5548
5548
5548
5548
5548
5548
5548
5548
5548
5548
5548
5548
5548
5548
5548
5548
5548
5548
5548
5548
5548
5548
5548
5548
5548
5548
5548
5548
5552
5552
5552
5552
5552
5552
5548
5548
5548
5548
5548
5548
5548
5548
5548
5548
5548
5547
5547
5547
5547
5547
5547
5547
5547
5547
5547
5547
5547
5547
5529
5529
5529
5527
5527
5527
5527
5527
5527
5527
5527
5527
5527
5527
5527
5527
5527
5527
5527
5527
5527
5527
5527
5527
5527
5527
5527
5527
5527
5527
5527
5527
5527
5527
5527
5527
5527
5527
5527
5527
5527
5527
5527
5527
5527
5527
5527
5527
5527
5527
5527
5527
5527
5527
5527
5527
5527
5527
5527
5527
5529
5529
5529
5529
5529
5529
5529
5529
5529
5529
5527
5527
5527
5527
5527
5527
5527
5527
5527
5527
5527
5527
5527
5527
5527
5527
5527
5527
5527
5527
5527
5527
5527
5528
5528
5528
5528
5528
5528
5528
5528
5528
5528
5528
5528
5528
5528
5528
5528
5528
5528
5528
5528
5528
5528
5528
5528
5528
5528
5528
5528
5528
5528
5528
5528
5528
5528
5528
5528
5527
5527
5527
5527
5527
5532
5532
5533
5533
5533
5533
5533
5533
5533
5528
5528
5528
5528
5528
5528
5528
5528
5528
5528
5528
5528
5528
5528
5527
5527
5527
5527
5527
5527
5527
5527
5527
5527
5527
5527
5527
5527
5527
5527
5527
5527
5527
5527
5527
5527
5527
5527
5527
5527
5527
5527
5527
5527
5527
5527
5527
5527
5527
5527
5527
5527
5527
5527
5527
5527
5527
5527
5527
5527
5527
5527
5527
5527
5527
5527
5527
5527
5527
5527
5527
5527
5527
5527
5527
5527
5527
5527
5527
5527
5527
5527
5527
5527
5527
5527
5527
5527
5527
5527
5527
5527
5527
5527
5527
5527
5527
5527
5527
5527
5527
5527
5527
5527
5527
5527
5527
5527
5527
5527
5527
5527
5527
5527
5527
5527
5527
5527
5527
5527
5527
5527
5527
5527
5527
5527
5527
5527
5527
5532
5532
5532
5532
5532
5532
5532
5532
5532
5532
5531
5531
5531
5531
5531
5531
5531
5531
5531
5531
5531
5531
5531
5531
5531
5531
5531
5531
5531
5531
5531
5531
5531
5531
5531
5531
5531
5531
5531
5531
5531
5531
5531
5531
5531
5533
5533
5533
5533
5533
5533
5533
5531
5531
5531
5531
5531
5531
5531
5531
5531
5531
5531
5531
5531
5531
5531
5531
5531
5531
5531
5531
5531
5531
5531
5531
5531
5531
5531
5531
5531
5531
5531
5531
5531
5531
5531
5531
5531
5531
5531
5531
5531
5531
5531
5531
5531
5531
5531
5531
5531
5531
5531
5531
5531
5531
5531
5531
5531
5531
5531
5531
5531
5531
5531
5531
5531
5531
5531
5542
5542
5542
5542
5542
5535
5535
5535
5535
5535
5535
5535
5535
5535
5535
5535
5535
5535
5535
5535
5535
5535
5527
5527
5527
5527
5527
5527
5527
5527
5527
5531
5531
5531
5531
5531
5531
5531
5531
5531
5531
5531
5531
5531
5531
5531
5531
5531
5531
5531
5531
5531
5531
5531
5531
5531
5531
5531
5531
5531
5531
5531
5531
5531
5531
5531
5531
5531
5531
5531
5531
5531
5531
5531
5531
5531
5531
5531
5531
5531
5531
5531
5531
5531
5531
5531
5531
5531
5531
5531
5531
5531
5531
5531
5531
5531
5531
5531
5531
5531
5527
5527
5527
5527
5527
5527
5527
5527
5527
5527
5527
5527
5527
5527
5527
5527
5527
5527
5527
5527
5527
5527
5527
5527
5527
5527
5527
5527
5527
5527
5527
5527
5527
5527
5527
5527
5527
5529
5529
5529
5527
5527
5527
5528
5527
5527
5527
5527
5527
5527
5527
5527
5527
5527
5527
5527
5527
5527
5527
5527
5527
5527
5527
5527
5527
5527
5527
5527
5527
5527
5527
5527
5527
5527
5527
5527
5527
5527
5527
5527
5527
5527
5527
5527
5527
5527
5527
5527
5527
5527
5527
5527
5527
5527
5527
5527
5527
5527
5527
5527
5527
5527
5527
5527
5527
5527
5527
5527
5527
5527
5527
5527
5527
5527
5527
5527
5527
5527
5527
5527
5527
5527
5527
5527
5527
5527
5527
5527
5527
5527
5527
5527
5527
5527
5527
5527
5527
5527
5527
5527
5527
5527
5527
5527
5527
5527
5527
5527
5527
5527
5527
5527
5527
5527
5527
5527
5527
5527
5527
5527
5527
5527
5527
5527
5527
5527
5527
5527
5527
5527
5527
5527
5527
5527
5527
5527
5527
5527
5527
5527
5532
5532
5532
5527
5527
5527
5527
5527
5527
5527
5527
5527
5527
5527
5527
5527
5527
5527
5527
5527
5527
5527
5527
5527
5527
5527
5527
5527
5527
5527
5527
5527
5527
5527
5527
5527
5527
5527
5527
5530
5527
5527
5527
5527
5527
5527
5527
5527
5530
5530
5530
5530
5530
5530
5527
5527
5527
5527
5527
5527
5527
5527
5527
5527
5527
5527
5527
5527
5527
5527
5527
5527
5527
5527
5527
5527
5527
5527
5527
5527
5527
5527
5527
5527
5527
5527
5527
5527
5527
5527
5527
5527
5527
5527
5527
5527
5527
5527
5527
5527
5527
5527
5527
5527
5527
5527
5527
5527
5527
5527
5527
5527
5527
5527
5527
5527
5527
5527
5527
5527
5527
5527
5527
5527
5527
5527
5527
5527
5527
5527
5527
5527
5527
5527
5527
5527
5527
5527
5527
5527
5527
5527
5527
5527
5527
5527
5527
5527
5527
5527
5527
5527
5527
5527
5527
5527
5527
5527
5527
5527
5527
5527
5527
5527
5527
5527
5527
5527
5527
5527
5527
5527
5527
5527
5527
5527
5527
5527
5527
5527
5527
5527
5527
5527
5527
5527
