4808
4728
4757
4797
4754
4842
4877
4892
4855
4855
4809
4809
4766
4760
4865
4869
4933
4933
4962
5019
4899
4860
4870
4916
4911
4912
4952
4882
4788
4870
4898
4925
4925
4953
4950
5025
4991
4944
4898
4894
4891
4829
4877
4910
4838
4838
4808
4854
4854
4905
4843
4856
4861
4865
5027
5029
5018
4979
4976
4890
4890
4865
4855
4889
4862
4828
4851
4855
4822
4945
4891
4899
4944
4999
5029
4907
4989
4969
4970
4970
4993
4949
5007
5062
5047
5073
4999
4948
4942
4942
4914
4982
5026
5052
5046
4970
4931
4931
4951
4925
4910
4887
4895
4887
4870
4839
4879
4933
4934
4910
4894
4937
4924
4942
4937
5036
4963
5005
4974
4978
5010
4981
5030
5019
4986
4950
5025
4985
4926
4915
4845
4852
4868
4831
4842
4838
4822
4868
4906
4921
4935
4836
4868
4928
4927
4927
4927
4909
4895
4945
4972
4902
4914
4952
4960
4894
4950
4942
4957
4990
4997
4989
4863
4917
4882
4854
4844
4907
4907
4851
4780
4753
4839
4839
4828
4873
4853
4849
4881
4881
4859
4887
4877
4938
4938
4938
4894
4918
4962
4933
4839
4786
4747
4760
4743
4763
4866
4840
4866
4896
4880
4905
4905
4914
4912
4936
4916
4913
4939
5037
4988
5003
5050
5050
5029
5029
5070
5108
5071
5071
5033
5038
5039
5085
5033
4954
4945
4954
4960
4927
4886
4941
4913
4964
5001
5001
5005
5073
4954
4900
4923
4816
4865
4833
4848
4801
4870
4917
4945
4880
4900
4934
4932
4932
4899
4827
4881
4922
4908
4862
4788
4809
4748
4740
4730
4730
4770
4737
4739
4764
4799
4755
4756
4763
4819
4814
4816
4784
4864
4873
4920
4965
4934
4907
4907
4973
4976
4945
4976
4978
5004
4995
4992
5008
4961
4895
4950
4942
4889
4831
4831
4861
4842
4903
4976
4982
4927
4941
4868
4952
4989
4912
4912
4967
4933
4940
4937
4886
4923
4891
4962
4942
4873
4891
4927
4958
4978
4888
4988
4911
4836
4863
5009
5011
5035
4986
4971
4969
4979
4971
4862
4834
4834
4802
4831
4814
4761
4795
4766
4816
4891
4882
4845
4926
4906
4885
4882
4914
4823
4853
4931
4872
4872
4862
4868
4871
4931
4969
5029
5141
5143
5113
5113
5005
5018
5042
5070
5079
5033
4965
4965
4965
4858
4962
4938
4999
4949
4927
4992
4964
4991
5001
4917
4895
4897
4912
5000
5059
4977
4892
4892
4905
4795
4826
4830
4858
4895
4823
4789
4797
4846
4808
4807
4789
4853
4863
4920
4927
4945
4861
4781
4805
4877
4846
4875
4868
4808
4797
4770
4827
4865
4847
4856
4791
4833
4805
4749
4751
4711
4718
4678
4719
4758
4737
4744
4696
4772
4874
4916
4911
4854
4812
4812
4800
4782
4871
4803
4823
4874
4862
4801
4840
4780
4780
4749
4820
4816
4798
4915
4863
4847
4841
4817
4866
4866
4909
4909
4909
4957
4903
4838
4827
4805
4811
4732
4701
4733
4730
4730
4683
4741
4696
4652
4658
4661
4661
4703
4730
4672
4772
4752
4829
4795
4774
4802
4850
4805
4807
4834
4759
4842
4876
4844
4839
4839
4796
4827
4810
4875
4844
4858
4887
4885
4812
4743
4799
4854
4924
4995
4965
4957
4891
4899
4899
4957
4960
4844
4828
4811
4811
4863
4839
4797
4774
4803
4833
4821
4809
4803
4833
4750
4827
4827
4882
4921
4953
5006
5027
5027
4985
4982
4934
4932
4941
4952
4921
4899
4973
5025
5026
4984
4945
4926
4926
4937
4949
4963
4940
4865
4773
4795
4795
4795
4745
4745
4806
4865
4915
4915
4905
4863
4811
4803
4919
4966
5010
5065
5013
5029
4950
4986
4973
4965
5013
4994
4900
4951
4922
4913
4926
4901
4859
4874
4830
4915
5072
5034
4989
4962
4920
4883
4844
4797
4830
4810
4810
4817
4807
4852
4852
4842
4835
4838
4895
4875
4844
4858
4858
4839
4844
4814
4823
4749
4818
4879
4887
4874
4886
4839
4887
4791
4782
4849
4849
4804
4841
4830
4861
4806
4826
4876
4889
4872
4893
4882
4905
4920
4884
4884
4900
4883
4807
4760
4776
4751
4754
4801
4775
4736
4761
4871
4794
4828
4822
4779
4796
4796
4859
4971
4923
4954
4940
4940
4962
4855
4767
4768
4804
4736
4794
4838
4793
4822
4792
4838
4829
4819
4773
4810
4765
4816
4879
4884
4893
4910
4965
4873
4806
4846
4846
4792
4800
4918
4918
4918
4881
4883
4912
4912
4878
4935
4962
4871
4833
4872
4894
4877
4918
5006
4964
4941
4956
5044
5101
5050
5050
5033
4980
4968
4951
4908
4863
4863
4907
4844
4892
4891
4891
4914
4935
4930
4932
4971
4953
4838
4843
4867
4936
4999
4955
4988
5000
5000
4942
4931
4903
4919
4792
4795
4845
4845
4864
4814
4830
4790
4753
4702
4729
4729
4767
4777
4794
4927
4860
4913
4928
4927
4868
4992
4968
4994
4860
4953
4911
4918
4862
4869
4747
4872
4797
4868
4849
4809
4759
4759
4812
4793
4856
4861
4849
4835
4885
4871
4887
4947
4882
4888
4882
4826
4809
4780
4837
4837
4837
4826
4791
4835
4792
4851
4840
4847
4860
4860
4884
4863
4880
4838
4858
4796
4840
4857
4841
4779
4779
4779
4748
4805
4789
4843
4843
4935
4877
4877
4877
4912
4859
4927
4917
4905
4885
4844
4762
4769
4831
4891
4896
4932
4889
4884
4884
4857
4862
4847
4860
4860
4860
4860
4878
4892
4901
4901
4867
4820
4819
4819
4830
4842
4866
4943
4905
4904
4898
4889
4859
4905
4905
4936
4957
4941
4948
4943
4926
4926
4885
4866
4806
4875
4883
4800
4855
4855
4932
4922
4897
4868
5013
4986
4926
4942
5005
5001
5014
5045
5065
4992
5024
5066
5064
5082
5083
5034
5016
4961
5034
4924
4874
4925
4969
4885
4923
4903
4814
4814
4832
4862
4862
4801
4771
4745
4791
4708
4681
4689
4767
4734
4729
4732
4713
4752
4795
4797
4808
4852
4895
4822
4848
4876
4785
4749
4777
4776
4856
4856
4892
4948
4948
4957
4912
4983
4968
4935
4954
4879
4933
4875
4877
4819
4858
4922
4960
4948
4971
4951
4944
4945
4892
4900
4900
4862
4907
4897
4904
4908
4969
5029
5029
4999
4960
5005
5031
5079
5068
5093
5057
5070
5070
5068
5052
5087
5087
5033
5071
5022
5080
5040
5061
5088
5018
4941
4879
4879
4819
4901
4895
4934
4908
4858
4905
4969
4966
4954
4954
4988
4968
4963
4963
4906
4913
4927
5011
5011
5014
5014
5008
4938
5015
4975
4916
4869
4906
4969
4874
4898
4849
4888
4936
5018
5009
5016
4995
4964
4966
4992
5004
4949
4993
4949
4951
4910
4910
4910
4864
4864
4876
4850
4868
4877
4856
4856
4923
4972
4911
4921
4945
4960
4960
4909
4882
4845
4878
4871
4841
4849
4862
4859
4777
4760
4788
4739
4711
4703
4699
4704
4682
4682
4654
4699
4718
4749
4743
4704
4784
4759
4773
4835
4830
4822
4827
4825
4845
4745
4632
4652
4652
4712
4712
4770
4821
4775
4766
4766
4785
4809
4786
4785
4806
4783
4783
4798
4761
4764
4722
4691
4683
4786
4757
4766
4766
4766
4777
4812
4874
4855
4822
4826
4910
4885
4910
4847
4831
4873
4829
4788
4800
4885
4885
4903
4812
4805
4813
4809
4850
4827
4878
4860
4874
4797
4785
4782
4877
4817
4770
4706
4692
4692
4692
4715
4720
4765
4773
4781
4862
4862
4836
4833
4827
4781
4839
4836
4836
4800
4823
4924
4938
5025
5008
5034
5089
5078
5100
5100
5099
5032
5026
4988
5049
4988
5013
4969
4929
4939
4965
4966
4968
4974
4965
4965
5044
5014
4990
5026
4878
4944
4972
4972
4940
4910
4909
4954
5002
4996
4996
4948
4928
4928
4935
4813
4845
4845
4850
4851
4904
4874
4879
4836
4841
4815
4769
4719
4738
4680
4646
4653
4727
4741
4745
4676
4698
4712
4688
4709
4735
4664
4778
4784
4807
4770
4801
4829
4805
4806
4812
4792
4823
4838
4762
4743
4743
4776
4721
4795
4751
4835
4783
4766
4779
4854
4855
4920
4876
4891
4891
4862
4891
4924
4899
4894
4871
4900
4870
4873
4868
4919
4905
4905
4914
4937
4937
4937
5017
4938
4888
4915
4846
4846
4838
4882
4993
4995
5014
4991
4922
4889
4889
4901
4814
4817
4746
4746
4773
4805
4909
4933
4956
4992
4931
4902
4937
4910
4861
4784
4802
4818
4802
4835
4853
4958
4970
5046
5013
5044
4985
4960
4904
4834
4869
4912
4964
4965
4914
4953
4883
4863
4874
4874
4837
4759
4719
4720
4695
4688
4638
4699
4751
4744
4787
4829
4822
4774
4793
4666
4729
4750
4765
4764
4831
4774
4840
4833
4872
4844
4791
4816
4720
4756
4756
4760
4831
4871
4802
4811
4825
4851
4962
4918
4935
4964
4993
4895
4802
4764
4783
4716
4725
4771
4858
4919
4892
4880
4880
4885
4978
4978
4891
4889
4895
4806
4843
4843
4805
4805
4852
4852
4831
4791
4760
4760
4771
4786
4786
4852
4829
4718
4718
4677
4588
4635
4697
4601
4608
4608
4631
4598
4708
4682
4689
4686
4719
4719
4719
4709
4723
4735
4717
4610
4610
4644
4619
4650
4671
4762
4776
4874
4813
4820
4769
4830
4822
4791
4817
4694
4688
4711
4644
4638
4619
4567
4522
4532
4549
4543
4558
4580
4556
4574
4662
4662
4662
4723
4719
4748
4815
4800
4824
4819
4790
4790
4848
4844
4794
4808
4810
4810
4815
4704
4744
4708
4785
4794
4809
4808
4810
4828
4792
4792
4754
4785
4775
4841
4776
4773
4773
4801
4838
4838
4838
4867
4867
4876
4795
4766
4813
4801
4801
4860
4830
4812
4856
4774
4760
4724
4728
4744
4756
4762
4762
4733
4696
4722
4722
4709
4709
4670
4699
4747
4656
4721
4674
4754
4771
4831
4838
4843
4859
4877
4859
4947
4939
4901
4857
4857
4829
4944
5019
5019
5011
5000
4985
4903
4909
4949
4941
4891
4889
4826
4807
4807
4810
4778
4882
4933
4966
5004
4921
4926
4926
5010
4934
5017
4974
4977
4915
4915
4959
4897
4918
4818
4863
4842
4841
4864
4879
4897
4897
4976
4965
4949
5025
4903
4906
4985
4985
5010
5008
4925
4920
4947
5003
5003
5006
4978
4915
4828
4838
4953
4936
5015
4941
4982
4952
4913
4897
4913
4863
4884
4858
4946
4914
4998
4998
4935
4953
5025
5100
5106
5035
5022
5035
4945
4933
4895
4884
5004
4919
4903
4840
4840
4840
4861
4853
4923
4923
4915
4878
4878
4811
4811
4793
4793
4793
4764
4764
4784
4741
4779
4743
4732
4811
4832
4844
4786
4786
4824
4852
4814
4850
4779
4807
4828
4864
4888
4889
4826
4770
4733
4762
4759
4734
4693
4708
4582
4602
4663
4613
4709
4706
4731
4824
4767
4767
4769
4862
4865
4847
4869
4894
4874
4983
4824
4789
4851
4809
4837
4872
4853
4805
4695
4689
4629
4747
4688
4752
4741
4761
4845
4853
4778
4759
4797
4812
4833
4833
4851
4898
4906
4927
4927
4894
4894
4915
4849
4845
4789
4751
4811
4811
4731
4787
4709
4833
4835
4835
4878
4816
4870
4864
4852
4865
4843
4870
4889
4882
4882
4915
4951
4869
4869
4887
4811
4811
4784
4921
4955
5032
5021
5021
5074
4986
4986
4986
4945
4929
4911
4862
4846
4858
4885
4885
4885
4954
4968
4950
4915
4915
4804
4851
4785
4786
4818
4858
4833
4878
4898
4840
4838
4829
4840
4810
4821
4804
4721
4663
4632
4684
4665
4684
4684
4662
4647
4587
4587
4630
4678
4683
4631
4679
4670
4683
4616
4616
4650
4662
4702
4702
4600
4653
4728
4759
4765
4764
4755
4694
4751
4753
4757
4799
4794
4829
4777
4773
4772
4825
4811
4758
4746
4803
4814
4856
4870
4894
4764
4728
4728
4818
4782
4731
4759
4750
4694
4740
4655
4685
4662
4710
4708
4751
4746
4795
4825
4821
4781
4781
4756
4703
4723
4737
4685
4626
4626
4624
4701
4682
4620
4649
4706
4692
4693
4729
4727
4737
4742
4868
4742
4687
4759
4807
4762
4663
4713
4716
4701
4669
4680
4734
4669
4717
4794
4768
4802
4802
4828
4788
4777
4768
4802
4700
4617
4715
4769
4657
4684
4815
4835
4834
4774
4708
4665
4665
4634
4647
4600
4647
4647
4657
4660
4659
4622
4622
4629
4617
4678
4728
4725
4696
4696
4676
4621
4595
4587
4544
4585
4564
4566
4606
4618
4608
4722
4721
4721
4629
4644
4631
4610
4610
4615
4635
4760
4747
4700
4726
4844
4866
4814
4802
4829
4805
4775
4775
4816
4776
4776
4776
4786
4812
4812
4750
4750
4665
4717
4751
4727
4787
4787
4794
4798
4812
4855
4807
4807
4904
4875
4875
4875
4887
4858
4940
4940
4940
4940
4937
4894
4891
4941
4915
4894
4909
4911
4909
4869
4869
4861
4880
4880
4810
4810
4814
4854
4879
4933
4969
4934
4934
4951
5006
4901
4934
5015
5015
5008
4955
4860
4860
4882
4882
4970
4924
4930
4934
4927
4941
4941
4868
4920
4920
4920
4918
4918
4880
4963
4968
4900
4913
4913
4909
4897
4837
4926
4892
4892
4878
4894
4899
4873
4815
4813
4813
4832
4866
4820
4914
4897
4844
4857
4964
4926
4892
4863
4813
4826
4826
4794
4797
4822
4781
4781
4808
4810
4803
4788
4788
4840
4910
4878
4905
4963
4891
4797
4790
4754
4763
4824
4810
4794
4764
4764
4744
4755
4738
4799
4663
4732
4715
4731
4711
4711
4771
4760
4751
4756
4758
4724
4766
4843
4843
4931
4803
4803
4769
4772
4772
4771
4787
4798
4798
4781
4735
4778
4756
4752
4780
4832
4812
4812
4851
4872
4874
4852
4852
4852
4829
4810
4810
4866
4926
4926
4926
5012
5028
4975
5007
5001
5001
5038
5028
5026
5107
5063
4990
4990
4978
5010
5000
5000
4974
4981
4992
5049
5049
5093
5071
5110
5110
5152
5152
5072
5072
5015
5015
5015
5019
5024
5010
5010
5041
4984
4984
5057
5123
5117
5061
5073
4965
4942
4942
4942
4942
4942
4942
4920
4877
4961
4961
4926
4932
4817
4803
4803
4931
4822
4793
4793
4786
4816
4795
4757
4757
4826
4837
4865
4804
4804
4836
4843
4843
4796
4806
4806
4809
4757
4737
4738
4738
4785
4716
4729
4777
4757
4769
4731
4750
4732
4760
4760
4837
4828
4828
4828
4804
4825
4806
4826
4762
4771
4781
4835
4824
4777
4792
4852
4894
4912
4915
4907
4894
4848
4848
4812
4775
4731
4773
4691
4755
4809
4840
4852
4852
4852
4901
4901
4945
4961
4915
4875
4850
4850
4850
4820
4817
4817
4809
4867
4880
4838
4872
4908
4911
4911
4949
5032
4943
4903
4867
4818
4764
4767
4862
4964
4920
4866
4866
4876
4822
4830
4835
4865
4865
4879
4899
4818
4779
4796
4786
4820
4813
4873
4880
4936
4966
4980
5068
5055
5036
5119
5056
5040
5007
4957
4922
4951
4931
5059
4990
4946
4877
4859
4843
4856
4961
4963
5007
4979
4964
4988
4988
4988
4966
4975
4975
4924
4935
4904
4908
4879
4953
5023
5007
4950
4922
4924
4958
4924
4896
4823
4827
4827
4883
4883
4856
4854
4854
4899
4940
4958
4917
4930
4941
4932
4838
4833
4793
4739
4741
4758
4837
4914
4903
4903
4903
4871
4886
4861
4869
4869
4858
4845
4793
4844
4827
4899
4872
4905
4905
4949
4945
5019
4954
4991
4987
4953
4952
4957
5020
4868
4868
4826
4940
4980
4989
4930
4927
4869
4905
4920
4920
4920
4920
4920
4877
4877
4825
4714
4714
4702
4702
4693
4784
4719
4728
4716
4742
4758
4829
4808
4785
4818
4854
4854
4774
4774
4743
4729
4877
4831
4846
4851
4769
4750
4797
4813
4795
4872
4836
4776
4775
4711
4672
4741
4739
4771
4771
4753
4688
4639
4655
4655
4629
4629
4769
4818
4792
4749
4644
4644
4617
4667
4692
4704
4694
4725
4699
4675
4675
4671
4694
4679
4695
4741
4734
4734
4690
4704
4718
4736
4768
4783
4865
4841
4813
4727
4762
4827
4808
4808
4725
4885
4864
4848
4833
4833
4833
4828
4870
4849
4856
4912
4893
4888
4853
4777
4772
4774
4798
4817
4747
4780
4753
4793
4793
4793
4824
4824
4880
4894
4894
4957
4965
4905
4891
4779
4829
4853
4940
4940
4940
4866
4770
4776
4749
4749
4749
4808
4815
4824
4838
4835
4823
4786
4861
4822
4861
4837
4832
4832
4823
4818
4830
4839
4793
4832
4754
4690
4690
4727
4751
4735
4800
4793
4792
4830
4871
4803
4793
4793
4789
4903
4931
4888
4888
4910
4879
4891
4923
4945
4912
4955
4955
4955
4903
4899
4897
4996
5022
5001
4951
4974
4972
4972
5024
4994
5014
5003
4964
4998
4992
4992
4933
4973
4947
4890
4878
4845
4817
4802
4802
4845
4845
4916
4887
4941
4920
4902
4924
4892
4941
4900
4900
4845
4855
4903
4932
4944
4926
4867
4887
4924
4924
4897
4948
4912
4912
4943
4954
4889
4903
4944
4897
4897
4924
4923
4952
4976
4950
4950
4939
4977
4977
5004
5062
5011
5069
5069
5000
5014
5026
5026
5028
4963
4885
4885
4875
4849
4849
4839
4847
4847
4848
4869
4796
4842
4840
4841
4911
4871
5017
5030
5058
5058
4968
4980
5022
5057
5102
5110
5106
5090
5025
5106
5136
5116
5116
5157
5098
5057
5015
4988
4931
4931
5016
5054
5054
5016
4985
4992
4995
4992
4930
4875
4819
4813
4848
4838
4825
4825
4887
4951
4923
4938
4923
5034
5034
4959
5012
5035
4991
4955
4955
4876
4934
4935
5001
5021
4995
5044
5044
5054
5079
5041
5024
5024
5030
4992
4947
4966
4971
4919
4919
4919
4900
4900
4900
4873
4873
4834
4842
4800
4799
4832
4908
4936
4935
4972
4972
4913
4886
4936
4914
4946
4946
4962
4943
4910
4902
4874
4965
4965
4978
4944
4894
4850
4826
4809
4892
4858
4858
4915
4880
4808
4837
4837
4838
4838
4882
4882
4926
4926
4864
4817
4775
4682
4749
4744
4764
4764
4764
4755
4721
4752
4752
4752
4746
4718
4753
4753
4753
4739
4738
4738
4721
4790
4746
4746
4745
4725
4766
4788
4778
4792
4771
4780
4759
4759
4848
4848
4796
4849
4849
4834
4837
4795
4727
4691
4691
4698
4698
4728
4715
4638
4688
4739
4762
4762
4739
4739
4710
4680
4701
4725
4798
4798
4845
4793
4770
4770
4819
4858
4858
4873
4905
4932
4944
4867
4809
4774
4774
4844
4844
4805
4787
4730
4722
4826
4888
4880
4880
4800
4807
4767
4773
4778
4773
4773
4814
4813
4851
4847
4890
4780
4780
4728
4741
4741
4745
4745
4745
4826
4761
4690
4686
4686
4705
4703
4665
4677
4722
4679
4737
4702
4737
4748
4796
4787
4739
4772
4760
4758
4734
4752
4762
4764
4736
4788
4761
4798
4781
4794
4822
4797
4806
4806
4769
4775
4781
4759
4790
4767
4691
4677
4660
4739
4770
4755
4815
4854
4796
4796
4793
4885
4927
4896
4947
4935
4932
4821
4880
4868
4932
4846
4849
4939
4936
4903
4885
4918
4915
4896
4828
4846
4896
4966
4987
4861
4766
4740
4779
4792
4777
4798
4702
4680
4680
4658
4717
4702
4684
4641
4669
4669
4669
4669
4679
4644
4595
4636
4734
4669
4688
4684
4705
4705
4738
4787
4794
4754
4746
4828
4752
4744
4693
4693
4748
4703
4703
4703
4677
4685
4616
4639
4628
4671
4670
4728
4707
4653
4653
4676
4676
4670
4670
4622
4588
4596
4646
4686
4652
4685
4707
4696
4724
4725
4719
4719
4738
4734
4832
4832
4833
4826
4766
4723
4726
4725
4735
4745
4745
4774
4774
4774
4856
4918
4867
4824
4813
4844
4816
4816
4841
4780
4788
4765
4736
4736
4736
4738
4708
4748
4693
4728
4660
4645
4763
4702
4640
4640
4640
4668
4668
4690
4666
4602
4602
4616
4647
4691
4691
4675
4653
4654
4652
4652
4658
4658
4714
4726
4730
4730
4805
4752
4756
4710
4790
4737
4739
4739
4761
4711
4682
4678
4697
4705
4677
4714
4740
4731
4722
4722
4771
4774
4707
4707
4707
4708
4711
4648
4637
4700
4718
4697
4745
4697
4697
4679
4705
4672
4666
4740
4710
4710
4713
4713
4713
4713
4719
4726
4764
4770
4755
4730
4716
4680
4636
4637
4631
4659
4722
4722
4722
4757
4805
4830
4892
4812
4812
4790
4736
4729
4729
4729
4735
4735
4768
4807
4802
4910
4904
4861
4918
4927
4865
4817
4808
4798
4756
4823
4823
4812
4690
4688
4704
4657
4642
4657
4657
4657
4696
4734
4753
4763
4704
4704
4769
4729
4705
4705
4648
4648
4621
4621
4633
4666
4697
4697
4766
4878
4899
4824
4824
4824
4837
4837
4883
4833
4849
4849
4874
4818
4804
4846
4846
4826
4877
4884
4798
4820
4796
4820
4790
4790
4752
4708
4708
4708
4708
4758
4741
4680
4798
4798
4820
4820
4799
4830
4832
4813
4813
4778
4818
4836
4836
4896
4862
4817
4853
4867
4876
4912
4916
4929
4918
4932
4969
4951
4951
4887
4887
4914
4914
4916
4962
4896
4909
4841
4810
4788
4776
4781
4758
4813
4796
4796
4819
4840
4837
4861
4880
4880
4880
4836
4836
4899
4873
4873
4895
4881
4881
4799
4711
4715
4751
4750
4737
4748
4719
4691
4684
4669
4669
4669
4674
4668
4575
4604
4609
4587
4561
4550
4519
4505
4505
4545
4552
4577
4570
4570
4617
4620
4620
4620
4644
4701
4701
4707
4707
4725
4725
4752
4782
4782
4782
4758
4722
4741
4690
4690
4690
4690
4722
4721
4741
4758
4785
4779
4786
4786
4806
4806
4833
4734
4731
4706
4741
4746
4742
4772
4814
4792
4792
4834
4877
4868
4873
4826
4832
4837
4837
4799
4784
4784
4784
4764
4763
4812
4783
4715
4660
4680
4679
4673
4672
4601
4773
4878
4895
4910
4890
4811
4811
4720
4720
4720
4720
4720
4715
4662
4689
4737
4780
4771
4675
4763
4782
4782
4747
4662
4654
4688
4764
4777
4736
4783
4774
4742
4736
4718
4717
4761
4849
4849
4877
4885
4915
4915
4898
4868
4868
4779
4738
4662
4646
4646
4656
4656
4734
4712
4712
4732
4813
4877
4877
4860
4856
4903
4886
4890
4880
4883
4831
4846
4858
4900
4900
4834
4803
4773
4792
4773
4784
4784
4792
4792
4704
4704
4775
4775
4791
4791
4874
4832
4884
4900
4988
4926
4956
4956
4930
4848
4848
4848
4848
4756
4754
4760
4777
4777
4805
4701
4726
4640
4693
4730
4668
4702
4702
4741
4741
4743
4743
4759
4759
4719
4710
4710
4695
4732
4650
4650
4650
4650
4713
4742
4694
4725
4750
4750
4744
4746
4746
4744
4790
4840
4840
4778
4746
4811
4840
4801
4802
4937
4937
4960
4999
4985
4985
4982
4949
4949
4949
4902
4838
4797
4797
4841
4743
4711
4747
4717
4707
4707
4707
4750
4750
4740
4707
4725
4690
4690
4694
4684
4667
4615
4615
4597
4683
4683
4683
4699
4683
4716
4687
4761
4789
4790
4811
4732
4722
4722
4722
4713
4697
4749
4715
4714
4696
4696
4729
4717
4721
4721
4622
4671
4704
4670
4717
4681
4681
4649
4649
4653
4632
4632
4632
4643
4610
4611
4621
4621
4640
4717
4717
4755
4737
4762
4684
4711
4683
4742
4742
4753
4790
4783
4818
4818
4843
4843
4855
4771
4768
4768
4747
4747
4715
4666
4677
4663
4663
4694
4694
4753
4687
4658
4675
4710
4722
4722
4662
4651
4668
4686
4638
4548
4581
4635
4635
4671
4696
4676
4654
4632
4611
4745
4799
4799
4799
4791
4758
4756
4817
4817
4831
4831
4782
4829
4829
4826
4799
4799
4805
4805
4776
4828
4828
4826
4826
4860
4864
4742
4742
4742
4751
4751
4751
4693
4693
4693
4729
4820
4786
4786
4821
4821
4824
4889
4899
4888
4888
4933
4900
4900
4934
4850
4816
4843
4843
4791
4851
4774
4774
4789
4789
4759
4729
4739
4717
4697
4772
4770
4772
4795
4812
4812
4819
4864
4877
4832
4832
4832
4808
4808
4817
4865
4926
4941
4848
4848
4848
4841
4841
4841
4762
4746
4761
4801
4802
4782
4677
4652
4651
4643
4685
4678
4696
4746
4742
4742
4742
4742
4726
4726
4677
4684
4672
4683
4683
4620
4620
4710
4727
4727
4727
4737
4744
4752
4754
4732
4722
4720
4723
4706
4702
4757
4840
4889
4864
4829
4810
4753
4823
4755
4758
4808
4808
4808
4844
4844
4793
4804
4804
4812
4777
4799
4799
4811
4730
4744
4784
4784
4823
4828
4841
4823
4799
4820
4814
4822
4827
4824
4780
4817
4799
4826
4871
4864
4846
4827
4746
4755
4755
4774
4774
4753
4753
4753
4724
4672
4672
4672
4656
4650
4650
4650
4650
4709
4678
4685
4685
4651
4651
4651
4651
4651
4651
4648
4621
4700
4708
4711
4739
4723
4632
4632
4639
4653
4654
4654
4626
4626
4654
4654
4726
4819
4798
4832
4851
4838
4839
4865
4865
4865
4812
4744
4715
4629
4629
4547
4547
4561
4516
4520
4520
4499
4499
4499
4520
4645
4645
4645
4645
4637
4628
4628
4628
4628
4628
4674
4674
4674
4601
4570
4570
4611
4579
4621
4621
4649
4581
4556
4556
4556
4600
4540
4575
4567
4567
4567
4567
4579
4598
4594
4674
4656
4643
4643
4643
4695
4695
4695
4695
4608
4608
4646
4694
4666
4694
4691
4691
4769
4769
4757
4753
4753
4753
4753
4752
4790
4790
4788
4778
4778
4778
4915
4933
4946
4954
4920
4962
4962
4978
4896
4896
4902
4898
4898
4867
4887
4910
4976
4976
4912
4912
4860
4852
4779
4778
4869
4841
4827
4801
4808
4941
4862
4861
4897
4925
4933
4940
4940
4940
4866
4866
4858
4856
4740
4747
4768
4768
4768
4740
4740
4740
4732
4741
4764
4764
4851
4795
4821
4821
4839
4829
4829
4810
4805
4811
4849
4831
4869
4869
4970
4970
4966
4982
4996
4935
4860
4728
4728
4718
4718
4728
4777
4758
4758
4758
4801
4801
4819
4827
4838
4817
4829
4829
4829
4829
4830
4830
4777
4704
4721
4730
4687
4706
4706
4706
4785
4825
4825
4839
4839
4839
4857
4805
4805
4805
4805
4805
4749
4700
4687
4687
4687
4732
4777
4702
4691
4632
4619
4619
4619
4647
4676
4676
4614
4719
4719
4763
4700
4780
4780
4845
4845
4874
4874
4875
4939
4819
4835
4842
4791
4853
4784
4735
4716
4689
4701
4718
4657
4611
4611
4648
4648
4651
4651
4651
4651
4651
4619
4601
4616
4568
4587
4608
4624
4568
4568
4561
4625
4619
4619
4579
4579
4646
4646
4636
4700
4713
4704
4755
4755
4755
4762
4696
4681
4680
4673
4672
4656
4704
4637
4598
4579
4579
4618
4626
4641
4583
4657
4657
4620
4618
4618
4612
4612
4612
4623
4623
4593
4502
4462
4505
4498
4498
4488
4476
4571
4613
4613
4613
4536
4536
4536
4536
4536
4512
4520
4572
4572
4572
4572
4609
4609
4583
4588
4588
4588
4588
4554
4598
4598
4598
4598
4598
4598
4602
4602
4602
4602
4588
4566
4547
4547
4547
4547
4547
4603
4665
4668
4661
4661
4693
4699
4713
4656
4639
4657
4682
4735
4737
4737
4737
4775
4775
4678
4657
4657
4663
4663
4697
4679
4753
4774
4739
4764
4764
4789
4791
4787
4788
4788
4788
4775
4751
4758
4758
4743
4739
4771
4771
4762
4763
4666
4697
4686
4686
4672
4674
4674
4674
4660
4671
4671
4666
4660
4636
4619
4619
4619
4601
4644
4659
4620
4599
4616
4597
4595
4595
4595
4595
4570
4595
4595
4595
4595
4635
4635
4635
4635
4605
4609
4609
4609
4609
4609
4627
4627
4627
4627
4613
4656
4613
4613
4613
4613
4613
4613
4613
4613
4613
4547
4573
4607
4569
4569
4569
4569
4569
4601
4631
4653
4653
4682
4682
4704
4700
4700
4668
4668
4668
4599
4586
4545
4583
4496
4496
4517
4466
4423
4423
4423
4423
4421
4421
4426
4461
4461
4461
4431
4431
4431
4458
4444
4492
4492
4492
4519
4519
4515
4652
4685
4592
4592
4592
4644
4635
4681
4681
4681
4681
4766
4751
4763
4755
4734
4734
4636
4718
4677
4691
4668
4668
4668
4765
4771
4775
4733
4712
4665
4712
4712
4665
4665
4672
4653
4617
4580
4588
4588
4588
4627
4627
4627
4682
4674
4619
4619
4619
4579
4621
4656
4637
4637
4637
4691
4737
4737
4709
4719
4666
4744
4759
4813
4760
4756
4739
4739
4718
4717
4718
4649
4694
4694
4705
4688
4688
4617
4617
4617
4617
4617
4557
4557
4557
4557
4557
4523
4523
4498
4518
4494
4528
4551
4551
4551
4540
4569
4549
4626
4639
4669
4633
4623
4623
4667
4667
4667
4575
4641
4595
4596
4596
4553
4588
4506
4537
4480
4540
4540
4540
4540
4540
4540
4553
4560
4560
4547
4513
4518
4530
4523
4530
4530
4530
4542
4560
4511
4499
4499
4515
4515
4538
4553
4553
4597
4598
4632
4590
4615
4614
4614
4551
4551
4551
4551
4551
4551
4618
4618
4618
4615
4621
4603
4603
4603
4603
4619
4619
4619
4619
4619
4593
4593
4615
4615
4615
4569
4559
4559
4559
4559
4539
4539
4539
4591
4591
4657
4607
4648
4648
4583
4596
4562
4583
4583
4568
4565
4584
4592
4592
4592
4592
4602
4646
4641
4648
4648
4671
4681
4681
4679
4658
4742
4795
4831
4831
4846
4846
4846
4851
4835
4811
4811
4826
4836
4766
4801
4746
4754
4724
4678
4682
4744
4744
4762
4755
4755
4743
4743
4690
4707
4668
4668
4699
4699
4699
4699
4702
4657
4653
4653
4618
4631
4619
4580
4580
4580
4560
4598
4598
4560
4548
4591
4593
4593
4641
4641
4653
4651
4668
4656
4663
4663
4712
4712
4664
4664
4630
4619
4619
4673
4654
4758
4718
4745
4738
4750
4765
4765
4740
4748
4766
4783
4739
4780
4693
4693
4693
4718
4718
4693
4644
4644
4648
4648
4648
4666
4641
4718
4758
4712
4705
4705
4705
4735
4737
4704
4704
4704
4708
4755
4802
4707
4768
4772
4799
4799
4799
4878
4877
4843
4838
4835
4835
4835
4835
4870
4870
4855
4845
4961
4961
4961
4961
4970
4960
4965
4944
4898
4875
4825
4849
4849
4830
4849
4849
4856
4771
4816
4817
4800
4800
4766
4713
4702
4702
4702
4676
4676
4636
4616
4611
4575
4575
4593
4591
4591
4597
4625
4597
4623
4643
4670
4654
4612
4612
4612
4612
4637
4637
4637
4619
4686
4686
4686
4689
4662
4662
4662
4656
4662
4662
4703
4703
4707
4709
4709
4691
4691
4763
4787
4792
4792
4692
4692
4692
4692
4692
4692
4692
4692
4692
4707
4707
4707
4707
4707
4711
4737
4737
4704
4715
4715
4715
4715
4715
4715
4722
4722
4734
4760
4760
4760
4748
4743
4744
4744
4708
4708
4700
4700
4699
4676
4676
4676
4699
4694
4694
4694
4708
4626
4684
4684
4702
4660
4669
4668
4606
4606
4606
4666
4666
4666
4666
4639
4639
4639
4639
4669
4687
4687
4687
4678
4668
4673
4673
4642
4642
4673
4678
4665
4658
4658
4658
4658
4666
4668
4644
4642
4621
4621
4635
4617
4685
4685
4685
4685
4709
4684
4684
4675
4675
4649
4649
4649
4649
4649
4671
4678
4678
4693
4679
4679
4679
4647
4705
4705
4705
4705
4705
4705
4700
4700
4700
4666
4620
4620
4620
4620
4614
4614
4614
4613
4666
4637
4637
4610
4611
4611
4611
4611
4611
4603
4593
4593
4593
4578
4578
4578
4572
4572
4559
4559
4559
4542
4538
4581
4581
4596
4578
4573
4573
4573
4583
4604
4604
4604
4545
4545
4545
4561
4546
4535
4571
4625
4625
4625
4630
4630
4609
4609
4609
4625
4625
4625
4670
4688
4688
4755
4752
4752
4752
4756
4756
4756
4754
4754
4754
4754
4754
4720
4717
4720
4720
4733
4684
4684
4668
4660
4629
4679
4679
4703
4699
4699
4699
4718
4664
4578
4576
4576
4558
4558
4511
4546
4546
4534
4534
4539
4539
4512
4512
4512
4512
4523
4523
4481
4470
4470
4470
4470
4470
4470
4470
4470
4505
4505
4491
4491
4491
4491
4491
4491
4470
4470
4456
4456
4456
4462
4462
4462
4462
4462
4462
4462
4462
4462
4458
4458
4469
4469
4469
4469
4469
4469
4469
4480
4480
4528
4528
4566
4586
4586
4614
4614
4605
4605
4605
4605
4608
4608
4608
4608
4608
4596
4596
4589
4610
4641
4641
4641
4641
4641
4641
4607
4607
4613
4613
4616
4616
4631
4631
4631
4590
4612
4555
4624
4624
4633
4633
4584
4584
4584
4559
4559
4534
4573
4573
4573
4595
4568
4528
4528
4528
4528
4528
4528
4528
4528
4554
4554
4561
4561
4560
4532
4532
4533
4533
4528
4545
4545
4545
4545
4545
4542
4539
4539
4539
4539
4539
4539
4539
4539
4538
4538
4538
4522
4504
4504
4504
4504
4507
4507
4507
4507
4619
4619
4619
4619
4622
4622
4598
4598
4598
4572
4574
4574
4586
4586
4586
4586
4576
4579
4579
4605
4605
4605
4605
4624
4628
4641
4666
4666
4665
4658
4654
4662
4647
4669
4720
4720
4701
4694
4685
4685
4685
4720
4776
4680
4664
4615
4615
4613
4613
4613
4613
4613
4613
4613
4563
4563
4589
4589
4586
4560
4560
4560
4560
4560
4560
4559
4559
4586
4586
4580
4580
4574
4574
4574
4604
4605
4605
4605
4605
4605
4611
4622
4627
4627
4627
4627
4636
4605
4613
4612
4614
4698
4698
4621
4621
4621
4690
4697
4698
4693
4690
4665
4688
4697
4697
4730
4657
4657
4657
4657
4657
4657
4604
4604
4604
4604
4604
4604
4604
4608
4608
4608
4608
4626
4626
4626
4626
4665
4639
4639
4639
4607
4631
4631
4631
4658
4631
4633
4633
4633
4633
4633
4633
4600
4652
4652
4652
4652
4646
4646
4636
4636
4672
4662
4662
4681
4679
4679
4679
4679
4679
4679
4679
4655
4637
4555
4601
4549
4563
4567
4567
4567
4567
4570
4536
4536
4536
4537
4600
4600
4599
4599
4599
4599
4610
4613
4613
4604
4606
4606
4543
4543
4569
4593
4593
4593
4593
4593
4594
4581
4581
4581
4581
4575
4562
4562
4569
4569
4569
4544
4528
4517
4493
4537
4537
4535
4531
4530
4535
4535
4537
4580
4584
4690
4667
4641
4641
4641
4637
4628
4613
4613
4613
4669
4652
4652
4648
4628
4628
4667
4667
4667
4667
4667
4662
4696
4688
4688
4688
4688
4717
4673
4684
4684
4684
4684
4683
4683
4666
4628
4634
4634
4594
4609
4575
4578
4565
4543
4543
4543
4543
4547
4547
4547
4572
4572
4572
4572
4587
4587
4592
4592
4603
4603
4604
4594
4594
4594
4594
4581
4581
4581
4557
4534
4534
4534
4601
4601
4601
4601
4602
4620
4620
4577
4552
4558
4558
4558
4558
4608
4573
4558
4587
4518
4518
4518
4518
4555
4555
4555
4536
4536
4536
4560
4561
4590
4544
4544
4544
4544
4544
4544
4565
4566
4566
4566
4566
4552
4552
4552
4541
4511
4511
4504
4507
4482
4482
4482
4482
4517
4517
4479
4479
4509
4509
4513
4516
4556
4510
4510
4510
4510
4510
4510
4512
4512
4512
4526
4498
4543
4543
4543
4543
4545
4553
4565
4540
4540
4516
4516
4516
4516
4528
4552
4552
4552
4552
4552
4536
4536
4526
4552
4482
4482
4485
4516
4516
4516
4516
4534
4534
4548
4548
4598
4607
4641
4641
4641
4586
4602
4549
4549
4549
4549
4585
4599
4599
4599
4599
4599
4552
4552
4575
4575
4575
4575
4550
4550
4550
4550
4586
4586
4590
4590
4529
4529
4529
4529
4529
4529
4529
4529
4529
4530
4514
4514
4514
4514
4497
4497
4497
4497
4523
4487
4487
4487
4487
4444
4444
4479
4479
4479
4479
4479
4479
4474
4504
4504
4534
4534
4546
4552
4580
4580
4580
4580
4580
4607
4607
4569
4569
4584
4584
4605
4566
4566
4561
4561
4561
4561
4561
4555
4555
4555
4547
4547
4547
4528
4528
4528
4528
4528
4528
4528
4528
4525
4525
4525
4521
4521
4521
4521
4521
4538
4538
4538
4542
4565
4565
4565
4565
4565
4575
4583
4583
4583
4583
4583
4583
4579
4579
4578
4553
4553
4553
4553
4553
4538
4535
4535
4535
4545
4548
4548
4547
4547
4547
4547
4547
4572
4572
4572
4572
4536
4536
4601
4601
4601
4601
4601
4601
4617
4617
4620
4620
4631
4631
4631
4631
4631
4610
4610
4610
4610
4592
4592
4592
4592
4592
4592
4565
4596
4596
4582
4596
4596
4588
4588
4628
4637
4637
4637
4637
4621
4628
4629
4630
4605
4605
4605
4578
4578
4578
4578
4578
4578
4578
4570
4570
4570
4570
4570
4564
4578
4578
4578
4540
4540
4544
4544
4544
4544
4544
4544
4566
4520
4520
4520
4520
4520
4520
4520
4520
4520
4520
4520
4520
4526
4526
4526
4585
4585
4546
4546
4546
4546
4530
4578
4578
4578
4581
4581
4593
4593
4595
4601
4601
4589
4589
4589
4570
4583
4583
4583
4570
4570
4601
4599
4582
4622
4622
4622
4622
4584
4584
4584
4584
4584
4584
4584
4584
4584
4584
4584
4584
4584
4584
4618
4618
4618
4618
4618
4618
4618
4618
4618
4618
4618
4618
4625
4639
4639
4639
4639
4614
4614
4614
4626
4640
4614
4565
4565
4565
4598
4590
4590
4590
4590
4590
4590
4590
4587
4590
4590
4612
4612
4640
4640
4640
4587
4587
4584
4584
4584
4584
4591
4591
4591
4550
4521
4521
4494
4494
4494
4494
4494
4494
4494
4540
4540
4540
4538
4507
4507
4507
4507
4507
4502
4502
4483
4483
4474
4474
4478
4478
4460
4460
4460
4460
4460
4448
4448
4448
4400
4400
4424
4424
4424
4424
4414
4400
4421
4421
4421
4421
4421
4421
4421
4421
4414
4414
4414
4414
4405
4405
4405
4405
4425
4425
4425
4432
4432
4432
4432
4432
4432
4432
4422
4419
4419
4419
4419
4419
4419
4423
4423
4423
4418
4425
4425
4452
4452
4452
4463
4452
4452
4436
4436
4418
4418
4418
4418
4418
4428
4428
4428
4428
4428
4428
4428
4428
4393
4377
4377
4377
4377
4373
4349
4349
4349
4349
4357
4357
4357
4357
4357
4357
4357
4357
4357
4377
4411
4380
4437
4437
4463
4463
4425
4425
4425
4397
4397
4397
4394
4394
4390
4390
4357
4382
4382
4382
4382
4382
4382
4382
4344
4343
4343
4343
4343
4343
4343
4343
4343
4343
4343
4343
4343
4343
4343
4343
4353
4353
4353
4359
4359
4359
4359
4359
4359
4359
4359
4406
4406
4406
4386
4386
4386
4386
4386
4386
4386
4386
4402
4402
4402
4402
4402
4402
4375
4375
4375
4375
4375
4375
4375
4384
4384
4384
4384
4384
4384
4384
4384
4383
4383
4375
4375
4396
4396
4396
4396
4396
4396
4396
4396
4416
4416
4416
4416
4416
4416
4404
4404
4404
4399
4399
4399
4399
4399
4399
4399
4399
4399
4399
4380
4380
4380
4380
4380
4380
4380
4380
4380
4380
4380
4357
4357
4357
4365
4362
4362
4389
4389
4388
4388
4388
4379
4379
4379
4381
4376
4388
4376
4376
4376
4470
4470
4470
4470
4470
4469
4437
4468
4468
4468
4468
4468
4468
4468
4461
4394
4429
4429
4429
4429
4422
4434
4454
4432
4432
4432
4432
4439
4437
4437
4437
4443
4453
4453
4461
4421
4445
4445
4460
4460
4460
4460
4460
4460
4460
4429
4429
4429
4429
4429
4419
4419
4419
4419
4419
4409
4409
4409
4409
4409
4409
4409
4409
4409
4424
4424
4420
4420
4420
4420
4429
4429
4454
4454
4422
4418
4418
4413
4418
4393
4393
4393
4393
4393
4393
4393
4393
4393
4406
4406
4412
4412
4412
4412
4412
4412
4412
4412
4412
4412
4412
4412
4412
4412
4412
4412
4412
4403
4403
4408
4399
4399
4399
4399
4399
4407
4407
4407
4411
4411
4364
4384
4396
4396
4366
4366
4366
4366
4366
4366
4362
4362
4362
4362
4362
4362
4359
4359
4359
4341
4341
4348
4348
4348
4348
4348
4348
4348
4348
4331
4331
4331
4331
4331
4327
4327
4327
4324
4324
4324
4324
4324
4324
4324
4324
4324
4324
4324
4324
4324
4324
4324
4324
4303
4303
4303
4303
4303
4303
4303
4303
4303
4303
4303
4303
4303
4303
4303
4303
4303
4303
4303
4303
4303
4303
4303
4303
4303
4303
4303
4303
4299
4299
4299
4299
4299
4299
4299
4299
4299
4299
4299
4299
4299
4299
4299
4299
4299
4299
4299
4299
4298
4298
4298
4298
4298
4298
4298
4298
4298
4298
4298
4298
4298
4298
4298
4298
4298
4298
4298
4298
4298
4298
4298
4298
4298
4298
4298
4298
4330
4330
4330
4330
4330
4330
4330
4310
4310
4310
4348
4348
4348
4348
4348
4348
4348
4348
4348
4348
4348
4348
4348
4348
4348
4348
4348
4348
4348
4348
4348
4348
4348
4348
4352
4352
4352
4352
4352
4323
4323
4323
4323
4318
4318
4318
4318
4318
4321
4321
4321
4321
4321
4321
4321
4321
4321
4321
4321
4321
4321
4294
4294
4294
4290
4290
4290
4290
4290
4290
4290
4290
4290
4290
4290
4290
4290
4290
4290
4279
4279
4279
4279
4295
4295
4286
4286
4286
4286
4286
4286
4286
4286
4286
4286
4276
4276
4276
4276
4276
4276
4274
4274
4274
4274
4274
4274
4274
4274
4274
4274
4274
4274
4274
4274
4285
4285
4285
4285
4285
4285
4285
4285
4285
4285
4285
4285
4285
4285
4285
4309
4309
4309
4309
4309
4309
4309
4309
4309
4309
4309
4309
4309
4309
4309
4309
4309
4309
4309
4309
4309
4309
4309
4309
4309
4309
4309
4309
4309
4309
4309
4309
4309
4309
4309
4306
4306
4306
4306
4306
4306
4306
4306
4306
4306
4306
4306
4306
4306
4306
4306
4306
4306
4306
4306
4306
4306
4306
4306
4306
4306
4295
4295
4295
4302
4303
4303
4303
4303
4303
4303
4303
4303
4289
4289
4289
4289
4289
4302
4302
4302
4296
4296
4296
4296
4296
4296
4296
4296
4296
4296
4296
4296
4296
4296
4290
4300
4300
4300
4305
4305
4305
4317
4317
4317
4317
4317
4303
4303
4303
4260
4260
4260
4260
4260
4260
4260
4261
4261
4261
4261
4261
4261
4261
4261
4261
4261
4241
4241
4241
4241
4241
4241
4240
4240
4240
4240
4240
4240
4240
4240
4240
4240
4240
4242
4242
4242
4242
4242
4241
4241
4241
4241
4241
4241
4241
4241
4234
4234
4234
4234
4234
4234
4234
4234
4248
4248
4248
4248
4248
4248
4248
4248
4254
4254
4254
4236
4236
4236
4236
4236
4236
4236
4236
4236
4244
4244
4244
4244
4244
4244
4244
4244
4244
4244
4244
4244
4244
4244
4244
4244
4244
4244
4244
4244
4244
4244
4244
4244
4244
4244
4244
4244
4244
4244
4244
4266
4266
4266
4266
4266
4266
4266
4266
4266
4274
4274
4274
4274
4275
4275
4275
4275
4275
4300
4297
4297
4297
4297
4291
4291
4291
4299
4299
4299
4245
4245
4245
4245
4245
4245
4245
4245
4245
4245
4245
4245
4245
4242
4242
4242
4242
4242
4242
4242
4242
4242
4260
4260
4260
4260
4260
4260
4260
4260
4260
4260
4260
4267
4267
4267
4267
4267
4267
4263
4263
4263
4263
4263
4263
4263
4263
4263
4263
4263
4263
4263
4263
4263
4263
4266
4266
4266
4266
4266
4266
4266
4266
4266
4266
4266
4266
4266
4266
4266
4266
4266
4266
4266
4266
4266
4266
4266
4266
4266
4266
4264
4264
4264
4264
4264
4264
4264
4275
4275
4275
4275
4275
4271
4271
4271
4255
4255
4255
4255
4255
4255
4255
4255
4255
4255
4255
4255
4255
4239
4239
4239
4239
4239
4239
4239
4239
4239
4242
4242
4242
4242
4242
4242
4242
4242
4232
4232
4232
4232
4232
4232
4232
4232
4232
4232
4232
4232
4232
4232
4232
4232
4232
4249
4249
4249
4249
4249
4249
4249
4249
4249
4251
4251
4251
4251
4251
4251
4251
4251
4251
4251
4251
4251
4250
4246
4246
4246
4246
4246
4246
4246
4246
4246
4246
4246
4246
4246
4246
4246
4246
4246
4246
4246
4246
4246
4246
4242
4242
4242
4242
4238
4238
4238
4238
4238
4238
4238
4238
4238
4238
4238
4234
4234
4234
4234
4234
4234
4234
4234
4234
4234
4234
4234
4234
4234
4234
4234
4234
4234
4234
4233
4233
4225
4225
4225
4225
4225
4225
4225
4225
4225
4225
4225
4225
4225
4225
4225
4225
4225
4225
4225
4220
4220
4220
4220
4217
4217
4217
4217
4217
4217
4217
4217
4217
4217
4217
4217
4217
4217
4217
4217
4217
4217
4217
4217
4217
4217
4217
4219
4219
4219
4219
4219
4222
4222
4222
4222
4222
4222
4222
4222
4217
4217
4217
4217
4217
4217
4217
4217
4217
4217
4217
4217
4217
4217
4217
4217
4217
4217
4217
4217
4217
4217
4217
4217
4217
4217
4217
4217
4217
4217
4217
4217
4217
4229
4239
4239
4239
4239
4239
4239
4239
4239
4239
4239
4239
4239
4239
4239
4222
4222
4222
4222
4222
4222
4222
4222
4222
4222
4222
4222
4222
4222
4222
4222
4222
4222
4222
4222
4218
4218
4225
4225
4225
4225
4225
4225
4225
4225
4225
4225
4225
4225
4225
4225
4225
4225
4225
4225
4225
4225
4225
4225
4225
4205
4205
4202
4202
4202
4202
4202
4202
4177
4177
4177
4177
4177
4177
4177
4198
4198
4198
4198
4198
4198
4198
4198
4198
4198
4198
4198
4198
4198
4198
4198
4198
4198
4198
4198
4198
4198
4191
4191
4191
4191
4191
4191
4191
4191
4191
4191
4191
4203
4205
4205
4205
4205
4205
4205
4205
4205
4205
4205
4205
4205
4205
4205
4205
4205
4205
4205
4205
4205
4205
4205
4205
4205
4205
4205
4205
4205
4205
4205
4205
4205
4205
4205
4205
4205
4205
4205
4205
4205
4205
4205
4205
4205
4205
4205
4205
4205
4193
4193
4185
4185
4185
4185
4185
4185
4185
4185
4185
4185
4185
4185
4185
4185
4185
4185
4185
4185
4185
4185
4185
4185
4185
4185
4185
4185
4185
4185
4185
4185
4185
4185
4185
4185
4185
4185
4173
4173
4173
4173
4173
4173
4173
4173
4173
4173
4173
4173
4173
4173
4173
4173
4173
4173
4173
4173
4173
4173
4173
4173
4173
4173
4173
4173
4173
4173
4173
4173
4173
4173
4173
4173
4173
4173
4173
4173
4173
4173
4173
4173
4173
4173
4173
4173
4173
4173
4173
4173
4173
4173
4173
4173
4173
4173
4173
4173
4173
4173
4173
4173
4173
4173
4173
4173
4173
4173
4173
4173
4173
4173
4173
4173
4173
4173
4173
4173
4173
4173
4173
4173
4173
4173
4173
4173
4173
4173
4173
4173
4173
4173
4173
4173
4173
4173
4173
4173
4173
4173
4173
4173
4173
4173
4173
4173
4173
4173
4173
4173
4173
4173
4173
4173
4173
4173
4173
4173
4173
4173
4173
4173
4173
4173
4173
4173
4173
4173
4173
4173
4173
4173
4173
4173
4173
4173
4173
4173
4173
4173
4173
4173
4173
4173
4173
4173
4173
4173
4173
4173
4173
4173
4173
4173
4173
4173
4173
4173
4173
4173
4173
4173
4173
4173
4173
4173
4173
4173
4173
4173
4173
4173
4173
4173
4173
4173
4173
4173
4173
4173
4173
4173
4173
4173
4173
4173
4173
4173
4173
4173
4173
4173
4173
4168
4168
4168
4168
4168
4168
4168
4168
4168
4168
4168
4168
4168
4168
4168
4168
4168
4168
4168
4168
4168
4168
4168
4168
4168
4168
4168
4168
4168
4168
4148
4148
4148
4148
4148
4148
4148
4148
4148
4154
4154
4154
4154
4154
4154
4154
4154
4154
4154
4154
4154
4154
4154
4154
4154
4154
4154
4154
4154
4154
4154
4154
4154
4154
4154
4154
4154
4154
4154
4154
4154
4154
4154
4154
4154
4154
4154
4154
4154
4154
4154
4154
4154
4154
4154
4154
4148
4148
4148
4148
4148
4148
4148
4148
4148
4148
4148
4148
4148
4148
4148
4148
4148
4148
4148
4148
4148
4148
4148
4148
4148
4148
4148
4148
4148
4148
4148
4148
4148
4148
4148
4148
4148
4148
4148
4148
4148
4148
4148
4148
4148
4148
4148
4148
4148
4148
4148
4148
4148
4148
4148
4148
4148
4148
4148
4148
4148
4148
4148
4148
4148
4148
4148
4148
4148
4148
4148
4148
4148
4148
4148
4148
4148
4148
4148
4148
4148
4148
4148
4148
4148
4148
4148
4148
4148
4148
4148
4148
4140
4140
4140
4140
4140
4140
4140
4140
4140
4140
4140
4140
4140
4140
4140
4140
4140
4140
4140
4140
4140
4140
4140
4140
4140
4140
4140
4140
4140
4140
4140
4140
4140
4140
4140
4140
4140
4140
4140
4140
4140
4140
4140
4140
4140
4140
4140
4140
4140
4140
4140
4140
4121
4121
4121
4121
4121
4121
4121
4119
4119
4119
4119
4119
4119
4119
4119
4119
4119
4119
4119
4119
4119
4119
4119
4119
4119
4119
4119
4119
4117
4117
4117
4117
4117
4117
4117
4117
4117
4117
4117
4117
4117
4117
4117
4117
4117
4117
4117
4117
4117
4117
4117
4117
4117
4117
4117
4117
4117
4117
4117
4117
4117
4117
4117
4113
4113
4113
4113
4113
4104
4104
4104
4104
4104
4104
4104
4103
4103
4103
4103
4103
4103
4103
4103
4103
4103
4103
4103
4103
4103
4103
4103
4103
4103
4103
4103
4103
4103
4103
4103
4103
4103
4103
4103
4103
4103
4103
4103
4103
4103
4103
4103
4103
4103
4103
4103
4103
4103
4103
4103
4103
4103
4103
4103
4103
4103
4103
4103
4103
4103
4103
4103
4103
4103
4103
4103
4103
4103
4103
4103
4103
4103
4103
4104
4104
4104
4104
4104
4104
4104
4104
4104
4104
4104
4104
4104
4104
4104
4104
4104
4104
4104
4104
4104
4104
4104
4104
4104
4104
4104
4104
4104
4104
4104
4104
4104
4104
4104
4104
4104
4104
4104
4104
4104
4104
4104
4104
4104
4104
4104
4104
4104
4104
4104
4104
4104
4104
4104
4104
4104
4104
4104
4104
4104
4104
4104
4104
4104
4104
4104
4104
4104
4104
4104
4104
4104
4104
4104
4104
4104
4104
4104
4104
4104
4104
4104
4104
4104
4104
4104
4104
4104
4104
4104
4104
4104
4104
4104
4104
4104
4104
4104
4104
4104
4104
4104
4104
4104
4104
4104
4104
4104
4104
4104
4104
4104
4104
4104
4104
4104
4104
4104
4104
4104
4104
4104
4104
4104
4104
4104
4104
4104
4104
4104
4104
4104
4104
4104
4104
4104
4104
4104
4104
4104
4104
4104
4104
4104
4104
4104
4104
4104
4104
4104
4104
4104
4104
4104
4104
4104
4104
4104
4104
4104
4104
4104
4104
4104
4104
4104
4104
4104
4104
4104
4104
4104
4104
4104
4104
4104
4104
4104
4104
4104
4104
4104
4104
4104
4104
4104
4104
4104
4104
4104
4104
4104
4104
4104
4104
4104
4104
4104
4104
4104
4104
4104
4104
4109
4109
4109
4109
4109
4109
4109
4109
4109
4109
4100
4100
4100
4100
4100
4100
4100
4100
4100
4100
4100
4100
4100
4100
4100
4100
4100
4100
4100
4100
4100
4100
4100
4100
4100
4100
4100
4100
4100
4100
4100
4100
4100
4100
4100
4100
4100
4100
4100
4100
4100
4100
4100
4100
4100
4100
4100
4100
4100
4100
4100
4100
4100
4100
4100
4100
4100
4100
4100
4100
4100
4100
4100
4100
4100
4100
4100
4100
4100
4100
4100
4100
4100
4100
4100
4100
4100
4100
4100
4100
4100
4100
4100
4100
4100
4100
4100
4100
4100
4100
4100
4100
4100
4100
4100
4100
4100
4100
4100
4100
4100
4100
4100
4100
4100
4100
4100
4100
4100
4100
4100
4100
4100
4098
4098
4098
4098
4098
4098
4098
4098
4098
4098
4099
4099
4099
4099
4099
4099
4099
4099
4099
4099
4099
4099
4099
4099
4099
4099
4099
4099
4099
4099
4099
4099
4099
4099
4099
4099
4099
4099
4099
4099
4099
4099
4099
4099
4099
4099
4099
4099
4099
4099
4099
4099
4099
4099
4099
4099
4099
4099
4099
4099
4099
4099
4099
4099
4099
4099
4099
4099
4099
4099
4099
4099
4099
4099
4099
4099
4099
4099
4099
4099
4099
4099
4099
4099
4099
4099
4099
4099
4099
4099
4099
4099
4099
4099
4099
4099
4099
4099
4099
4099
4099
4099
4099
4099
4099
4099
4099
4099
4099
4099
4099
4099
4099
4099
4099
4099
4099
4099
4099
4099
4099
4102
4102
4102
4102
4102
4102
4102
4102
4102
4102
4102
4102
4102
4102
4102
4102
4102
4102
4102
4102
4102
4102
4102
4102
4102
4102
4102
4102
4102
4102
4102
4102
4102
4102
4102
4102
4102
4102
4102
4102
4102
4102
4102
4102
4102
4102
4102
4102
4102
4102
4103
4103
4103
4103
4103
4103
4103
4103
4103
4103
4103
4103
4103
4103
4103
4103
4103
4103
4103
4103
4103
4103
4103
4103
4103
4103
4103
4103
4103
4103
4103
4103
4103
4103
4103
4103
4103
4103
4103
4103
4103
4103
4103
4103
4103
4103
4103
4103
4103
4103
4103
4103
4103
4103
4103
4103
4103
4103
4103
4103
4103
4103
4103
4103
4103
4103
4103
4103
4103
4103
4103
4103
4103
4103
4103
4103
4103
4103
4103
4103
4103
4103
4103
4103
4103
4103
4103
4103
4103
4103
4103
4103
4103
4103
4103
4103
4103
4103
4103
4103
4103
4103
4103
4103
4103
4103
4103
4103
4103
4103
4103
4103
4103
4103
4103
4103
4103
4103
4103
4103
4103
4103
4103
4103
4103
4103
4103
4103
4103
4103
4103
4103
4103
4103
4103
4103
4103
4103
4103
4103
4103
4103
4103
4103
4103
4103
4103
4103
4103
4103
4103
4103
4103
4103
4103
4103
4103
4103
4103
4103
4103
4103
4103
4103
4103
4103
4103
4103
4103
4103
4103
4103
4103
4103
4103
4103
4103
4103
4103
4103
4103
4103
4103
4103
4103
4103
4103
4103
4103
4103
4103
4103
4103
4103
4103
4103
4103
4103
4103
4103
4103
4103
4103
4103
4103
4103
4103
4103
4103
4103
4103
4103
4103
4103
4103
4103
4103
4103
4103
4103
4103
4103
4103
4103
4103
4103
4103
4103
4103
4103
4103
4103
4101
4101
4101
4101
4101
4101
4101
4101
4101
4101
4101
4101
4101
4101
4101
4101
4101
4101
4101
4101
4101
4101
4101
4101
4101
4101
4101
4101
4101
4101
4101
4101
4101
4101
4101
4101
4101
4101
4101
4101
4101
4101
4101
4101
4101
4101
4101
4101
4101
4101
4101
4101
4101
4101
4101
4101
4101
4101
4101
4101
4101
4101
4101
4101
4101
4101
4101
4101
4101
4101
4101
4101
4101
4101
4101
4099
4099
4099
4099
4099
4099
4099
4099
4099
4099
4099
4099
4099
4099
4099
4099
4099
4099
4099
4099
4099
4099
4099
4099
4099
4099
4099
4099
4099
4099
4099
4099
4099
4099
4099
4099
4100
4100
4100
4100
4100
4100
4100
4100
4100
4100
4100
4100
4100
4100
4100
4100
4100
4100
4100
4100
4100
4100
4100
4100
4100
4100
4100
4100
4100
4100
4100
4100
4100
4100
4100
4100
4100
4100
4100
4100
4100
4100
4100
4100
4100
4100
4100
4100
4100
4100
4100
4100
4100
4100
4100
4100
4100
4100
4100
4100
4100
4100
4100
4100
4100
4100
4100
4100
4100
4100
4100
4100
4100
4100
4100
4100
4100
4100
4100
4100
4100
4100
4100
4100
4100
4100
4100
4100
4100
4100
4100
4100
4100
4100
4100
4100
4100
4100
4100
4100
4100
4100
4100
4100
4100
4100
4083
4083
4083
4083
4083
4083
4083
4083
4083
4083
4083
4083
4083
4083
4083
4083
4083
4083
4083
4083
4083
4083
4083
4083
4083
4083
4083
4083
4083
4083
4083
4083
4083
4083
4083
4083
4083
4083
4087
4087
4087
4087
4087
4087
4087
4087
4087
4087
4087
4087
4087
4087
4087
4087
4087
4087
4087
4087
4087
4087
4087
4087
4087
4087
4087
4087
4087
4087
4087
4087
4087
4087
4087
4087
4087
4087
4087
4087
4087
4087
4087
4087
4087
4087
4087
4087
4087
4087
4087
4087
4087
4087
4087
4087
4087
4087
4087
4087
4098
4098
4098
4098
4098
4098
4098
4098
4098
4098
4098
4098
4098
4098
4098
4098
4098
4098
4098
4098
4098
4098
4098
4098
4098
4098
4098
4098
4098
4098
4098
4098
4098
4098
4098
4098
4098
4098
4098
4098
4098
4098
4098
4098
4098
4098
4098
4098
4098
4098
4098
4098
4098
4098
4098
4098
4098
4098
4098
4098
4098
4098
4098
4098
4098
4098
4098
4098
4098
4098
4098
4098
4098
4098
4098
4098
4098
4098
4098
4098
4098
4098
4098
4098
4098
4098
4098
4098
4098
4098
4098
4098
4098
4098
4098
4098
4098
4098
4098
4098
4098
4098
4098
4098
4098
4098
4098
4098
4098
4098
4098
4098
4098
4098
4098
4098
4098
4098
4098
4098
4098
4098
4098
4098
4098
4098
4098
4098
4098
4098
4098
4098
4098
4098
4098
4098
4098
4098
4098
4098
4098
4098
4098
4098
4098
4098
4098
4098
4098
4098
4098
4098
4098
4098
4098
4098
4098
4098
4098
4098
4098
4098
4098
4098
4098
4098
4098
4098
4098
4098
4098
4098
4098
4098
4098
4098
4098
4098
4098
4098
4098
4098
4098
4098
4098
4098
4098
4098
4098
4098
4098
4098
4098
4098
4098
4098
4098
4098
4098
4098
4101
4101
4101
4101
4101
4101
4101
4101
4101
4101
4101
4101
4101
4101
4101
4101
4101
4101
4101
4101
4101
4101
4101
4101
4101
4101
4101
4101
4101
4101
4101
4101
4101
4101
4101
4101
4101
4101
4101
4101
4101
4101
4101
4101
4101
4101
4101
4101
4101
4101
4101
4101
4102
4102
4102
4102
4100
4100
4100
4100
4100
4100
4100
4100
4094
4094
4094
4094
4094
4092
4092
4092
4092
4092
4092
4092
4092
4092
4092
4092
4092
4092
4092
4092
4092
4092
4092
4092
4092
4092
4092
4092
4092
4092
4092
4092
4092
4092
4092
4092
4092
4092
4092
4092
4092
4092
4092
4092
4092
4092
4092
4092
4086
4086
4086
4086
4086
4086
4086
4086
4086
4086
4086
4086
4086
4086
4086
4086
4086
4086
4086
4086
4086
4086
4086
4086
4086
4086
4086
4086
4086
4086
4086
4086
4086
4086
4086
4086
4086
4086
4086
4086
4086
4086
4086
4086
4086
4086
4086
4086
4086
4086
4086
4086
4086
4086
4086
4086
4086
4086
4086
4086
4086
4086
4086
4086
4086
4086
4086
4086
4086
4086
4086
4086
4086
4086
4086
4087
4087
4088
4088
4088
4088
4088
4088
4088
4088
4088
4088
4088
4088
4088
4088
4088
4088
4088
4088
4088
4088
4088
4088
4088
4088
4088
4088
4088
4088
4089
4089
4089
4089
4089
4089
4089
4089
4089
4089
4089
4089
4089
4089
4089
4089
4089
4089
4089
4089
4089
4089
4089
4089
4089
4089
4089
4089
4089
4089
4089
4089
4089
4089
4089
4089
4089
4089
4089
4089
4089
4089
4089
4089
4089
4089
4089
4089
4089
4089
4089
4089
4089
4089
4089
4089
4089
4089
4089
4089
4089
4089
4089
4089
4089
4089
4089
4089
4089
4089
4089
4089
4089
4089
4088
4088
4087
4087
4087
4087
4087
4087
4087
4087
4087
4087
4087
4087
4087
4087
4087
4087
4087
4087
4087
4087
4087
4087
4086
4086
4086
4086
4086
4086
4086
4086
4086
4086
4086
4086
4086
4086
4086
4086
4086
4086
4086
4086
4086
4086
4086
4086
4086
4086
4086
4086
4086
4086
4086
4086
4086
4086
4086
4086
4086
4086
4086
4086
4086
4086
4086
4086
4086
4086
4086
4086
4086
4086
4086
4086
4086
4086
4086
4086
4086
4086
4086
4086
4086
4086
4086
4086
4086
4086
4086
4086
4086
4086
4086
4086
4086
4086
4086
4086
4086
4086
4086
4086
4086
4086
4086
4086
4084
4084
4084
4084
4084
4087
4087
4087
4087
4087
4087
4088
4088
4088
4088
4088
4088
4088
4088
4088
4088
4088
4088
4088
4088
4088
4088
4088
4088
4088
4088
4088
4088
4088
4088
4088
4088
4088
4088
4088
4088
4088
4088
4088
4088
4088
4088
4088
4088
4088
4088
4088
4088
4088
4088
4088
4088
4088
4088
4088
4088
4088
4088
4088
4088
4088
4088
4088
4088
4088
4088
4088
4088
4088
4088
4088
4088
4088
4088
4088
4088
4088
4088
4088
4088
4088
4088
4088
4088
4088
4088
4088
4088
4088
4088
4088
4088
4088
4088
4088
4088
4088
4088
4088
4088
4088
4088
4088
4088
4088
4088
4088
4088
4088
4088
4088
4088
4088
4088
4088
4088
4088
4088
4088
4088
4088
4088
4088
4088
4088
4088
4088
4088
4088
4088
4088
4088
4088
4088
4088
4088
4088
4088
4088
4088
4088
4088
4088
4088
4088
4088
4088
4088
4088
4088
4088
4088
4088
4088
4088
4088
4088
4088
4088
4088
4088
4088
4088
4088
4088
4088
4088
4088
4088
4088
4088
4088
4088
4088
4088
4088
4088
4088
4088
4088
4088
4088
4088
4088
4088
4088
4088
4088
4088
4088
4088
4088
4088
4088
4088
4088
4088
4088
4088
4088
4088
4088
4088
4088
4088
4088
4088
4088
4088
4088
4088
4088
4088
4088
4088
4088
4088
4088
4088
4088
4088
4088
4088
4088
4088
4088
4088
4088
4088
4088
4088
4088
4088
4088
4088
4088
4088
4088
4088
4088
4088
4088
4088
4088
4088
4088
4088
4088
4088
4088
4088
4088
4088
4088
4088
4088
4088
4088
4088
4088
4088
4088
4088
4088
4088
4088
4088
4088
4088
4088
4088
4088
4088
4088
4087
4087
4087
4087
4087
4087
4087
4087
4087
4087
4087
4087
4087
4087
4087
4087
4087
4087
4087
4087
4087
4087
4087
4087
4087
4087
4087
4087
4087
4087
