4919
4918
4957
4992
5085
5042
5094
5052
4997
5050
5041
4973
4960
4960
5004
4998
4979
4976
4987
4983
4939
4937
4893
4866
4866
4889
4889
4864
4880
4777
4761
4800
4799
4825
4854
4750
4676
4735
4759
4797
4813
4945
4939
4892
4920
4860
4871
4922
4771
4774
4834
4818
4848
4865
4828
4878
4854
4802
4860
4942
4874
4914
4890
4896
4915
4916
4916
4934
4940
4920
4955
4955
5021
4975
5018
5045
5103
5038
5065
4994
4994
4994
5000
4982
4988
4967
4947
4960
4916
4936
4951
4901
4856
4889
4869
4866
4820
4815
4830
4808
4834
4854
4899
4792
4792
4747
4765
4786
4786
4767
4814
4861
4809
4802
4847
4789
4816
4832
4810
4810
4828
4855
4883
4892
4881
4869
4920
4949
4871
4871
4920
4828
4802
4653
4712
4771
4768
4783
4741
4741
4738
4805
4753
4773
4803
4798
4737
4788
4681
4766
4805
4839
4838
4795
4901
4851
4902
4871
4931
4983
5097
5077
5077
5084
5129
5115
5125
5094
5058
5029
5044
4946
4823
4841
4818
4804
4926
4875
4875
4875
4827
4827
4819
4875
4875
4893
4928
4950
4941
4945
4981
5032
5034
5008
4963
4899
4841
4991
4941
4857
4856
4941
5006
5042
5166
5174
5181
5144
5035
4994
4943
4951
4959
4940
4852
4839
4851
4851
4816
4816
4854
4815
4777
4777
4813
4813
4852
4852
4894
4915
4890
4873
4939
4855
4823
4931
4996
5006
4911
4932
4914
4907
4912
4976
4941
4930
4954
4934
4853
4783
4872
4921
4879
4844
4898
4869
4869
4930
4841
4873
4845
4826
4800
4800
4743
4750
4795
4761
4808
4774
4811
4811
4820
4787
4818
4825
4834
4894
4900
4880
4905
4846
4786
4831
4799
4711
4690
4810
4801
4828
4887
4902
4936
4949
4942
4994
4896
4879
4839
4807
4822
4792
4779
4761
4704
4669
4744
4811
4804
4825
4796
4775
4817
4811
4795
4802
4790
4859
4859
4955
4977
4901
4972
4955
4955
4967
5082
5022
4916
4866
4887
4851
4880
4875
4882
4882
4892
4899
4896
4934
4934
4832
4808
4827
4810
4807
4831
4831
4849
4930
4855
4855
4813
4824
4828
4838
4769
4753
4753
4694
4694
4704
4717
4784
4789
4784
4707
4689
4701
4759
4681
4681
4684
4599
4634
4683
4683
4682
4664
4657
4683
4716
4716
4716
4624
4654
4648
4650
4650
4650
4650
4624
4713
4671
4698
4695
4790
4763
4723
4763
4767
4726
4733
4733
4734
4781
4792
4818
4819
4844
4859
4932
4970
4969
4931
4917
4954
4895
4846
4748
4800
4755
4750
4689
4721
4709
4746
4792
4811
4743
4753
4908
4925
4930
4875
4865
4845
4927
4982
4986
4994
4997
4988
4994
5055
4987
5064
4972
5006
5034
5063
5015
5000
4956
4956
4965
5017
4965
5003
4979
4955
4851
4942
4961
4958
4928
4900
4858
4861
4900
4972
4972
4946
4946
4825
4917
4885
4958
4939
4916
4934
4934
4958
4968
5054
5077
5161
5226
5192
5163
5114
5107
5109
5095
5128
5065
5163
5130
5033
5012
4983
4937
4944
4945
4948
4971
5034
5100
5131
5131
5167
5094
5056
5056
4987
4930
4992
4927
4850
4850
4807
4825
4869
4954
4929
4929
4921
4921
4942
4896
4915
4939
4881
4837
4872
4878
4844
4876
4902
4853
4811
4774
4777
4826
4783
4869
4906
4894
4871
4862
4851
4802
4880
4905
4883
4929
4813
4838
4868
4853
4815
4842
4877
4877
4957
5003
5003
5037
5020
4995
5071
5162
5136
5108
5108
5061
5096
5101
5101
5029
4979
5041
5024
4973
4973
4966
5024
4956
4952
4914
4987
4957
4968
4987
4987
4882
4887
4867
5015
4988
4952
4904
4880
4928
4990
4967
4893
4993
4956
4908
4809
4897
4921
4924
4982
4878
4937
5009
5004
4994
5017
4975
4937
4793
4817
4818
4793
4719
4818
4790
4754
4855
4799
4844
4888
4793
4897
4833
4824
4919
4949
5000
5049
5036
5041
5106
5020
4983
5088
5035
5043
5035
4978
4978
4965
4975
4907
4835
4876
4891
4870
4853
4814
4846
4855
4866
4867
4859
4938
4958
5007
5007
4942
4942
4924
5004
4987
4868
4853
4904
4889
4812
4812
4811
4840
4873
4888
4899
4955
4955
4959
5057
5013
5084
5106
5106
5075
5004
5045
5062
5072
4999
4961
4906
4966
4979
4893
4857
4905
4923
5080
5007
4898
4908
4908
4955
4891
4928
4928
4942
4927
4861
4985
4916
4806
4743
4743
4715
4715
4784
4784
4811
4780
4755
4822
4816
4852
4785
4744
4733
4770
4728
4728
4728
4607
4747
4747
4725
4714
4704
4796
4807
4757
4781
4793
4864
4935
4883
4893
4860
4841
4811
4885
4852
4874
4874
4868
4854
4852
4893
4838
4851
4897
4871
4871
4826
4807
4813
4807
4834
4869
4869
4861
4812
4797
4797
4778
4774
4773
4797
4797
4776
4777
4846
4835
4800
4884
4878
4873
4819
4762
4704
4708
4645
4717
4695
4693
4733
4764
4797
4737
4858
4824
4832
4840
4932
4932
4891
4914
4922
5001
4994
4997
4995
5024
4990
4950
4860
4911
4911
4911
4908
4957
4957
4976
5014
5005
4991
4981
4963
5038
5028
4956
4920
4874
4866
4879
4883
4991
4950
4918
4894
4869
4863
4873
4831
4861
4978
4958
5017
4977
5002
5046
5033
4970
5015
4980
4901
4925
4984
4929
4806
4826
4834
4750
4724
4695
4624
4597
4633
4707
4722
4722
4751
4724
4668
4687
4686
4660
4660
4609
4490
4485
4511
4495
4503
4503
4413
4410
4451
4528
4528
4498
4598
4587
4595
4636
4707
4659
4698
4698
4636
4701
4667
4638
4663
4659
4675
4652
4666
4650
4650
4698
4698
4744
4772
4652
4665
4646
4680
4684
4709
4709
4796
4779
4836
4793
4793
4743
4773
4786
4774
4802
4836
4862
4883
4746
4894
4917
4886
4848
4873
4873
4861
4908
4838
4883
4862
4897
4999
4844
4815
4806
4756
4837
4760
4744
4744
4744
4731
4743
4750
4798
4797
4710
4712
4749
4798
4784
4764
4730
4675
4690
4733
4783
4773
4812
4908
4908
4974
5041
4997
5020
4952
4925
4918
4886
4862
4875
4891
4822
4787
4767
4742
4745
4746
4784
4773
4795
4696
4688
4753
4759
4769
4769
4796
4818
4895
4893
4830
4710
4710
4702
4702
4700
4746
4810
4741
4763
4709
4721
4730
4715
4749
4792
4804
4856
4721
4725
4718
4810
4810
4846
4850
4748
4821
4791
4800
4799
4791
4791
4782
4782
4693
4698
4714
4731
4725
4775
4788
4836
4905
4917
4804
4820
4807
4890
4949
4912
4912
4882
4832
4882
4880
4900
4900
4890
4892
4805
4736
4727
4727
4793
4714
4777
4794
4822
4832
4800
4758
4751
4693
4761
4779
4801
4824
4903
4963
4907
4999
4999
4989
4953
5015
5044
4989
4938
4936
4931
4904
4828
4867
4798
4797
4755
4757
4771
4822
4822
4712
4647
4662
4671
4674
4621
4598
4630
4589
4646
4671
4633
4697
4697
4738
4723
4787
4766
4854
4929
4909
4872
4844
4875
4802
4893
4884
4873
4871
4783
4767
4723
4780
4811
4856
4836
4798
4787
4765
4781
4808
4808
4843
4895
4883
4888
4920
4870
4898
4911
4901
4854
4899
4899
4859
4842
4730
4811
4854
4782
4782
4774
4773
4782
4845
4864
4829
4809
4828
4765
4696
4696
4647
4665
4745
4775
4758
4758
4796
4811
4768
4808
4801
4733
4792
4780
4684
4776
4849
4860
4803
4824
4831
4885
4933
4913
4924
4890
4886
4902
4924
4851
4871
4873
4930
4926
4907
4938
4980
5015
4934
4976
5072
5055
5073
5075
5137
5151
5131
5045
5017
4985
5006
4984
5057
4978
4955
4994
5010
5051
5049
5061
5020
4914
4914
4910
4874
4870
4810
4851
4831
4725
4725
4742
4771
4753
4720
4689
4677
4671
4663
4663
4725
4690
4724
4708
4730
4723
4805
4889
4885
4850
4767
4741
4843
4823
4823
4889
4841
4841
4742
4781
4801
4841
4890
4851
4835
4851
4891
4913
4883
4923
4929
4873
4899
4924
4798
4820
4777
4797
4856
4946
4946
4974
4974
5015
4931
4931
4929
4981
4981
4985
5008
5021
4960
4946
4946
4876
4876
4895
4829
4804
4858
4858
4820
4673
4702
4758
4787
4860
4824
4771
4833
4854
4886
4910
4844
4911
4920
4973
4946
4942
4883
4898
4841
4769
4785
4788
4820
4797
4785
4797
4826
4715
4810
4825
4863
4871
4863
4863
4815
4894
4950
4972
4935
4879
4837
4937
4918
4914
4870
4870
4802
4794
4790
4776
4763
4729
4725
4799
4814
4886
4855
4877
4877
4876
4835
4835
4886
4886
4886
4925
4950
4862
4926
4926
4928
4898
4898
4898
4889
4904
4978
4920
4920
4937
4865
4831
4857
4857
4816
4853
4881
4877
4877
4864
4839
4927
4881
4862
4877
4846
4921
4929
4927
4927
4918
4900
4856
4971
5024
5044
5044
5023
4973
4956
4875
4833
4794
4844
4843
4785
4756
4728
4726
4722
4702
4773
4759
4686
4663
4718
4791
4694
4747
4747
4785
4785
4788
4819
4819
4884
4928
4893
4922
4924
4884
4917
4879
4894
4821
4821
4848
4800
4791
4778
4809
4772
4905
4905
4867
4899
4842
4862
4730
4753
4801
4796
4766
4723
4698
4698
4698
4701
4784
4790
4826
4940
4968
4963
4965
5020
4992
4919
4999
5033
5045
5055
5038
4984
4933
4978
5033
5023
5015
4998
5016
5009
5025
5064
5060
4997
4969
4972
4931
4949
4944
4916
4926
4915
4929
4938
4929
4938
4958
4977
4943
4919
4980
5015
4918
4834
4849
4912
4906
4915
4915
4937
4886
4886
4961
4953
4964
4991
4988
4969
4859
4848
4866
4866
4846
4835
4864
4864
4858
4871
4912
4910
4881
4887
4832
4815
4730
4793
4815
4820
4834
4842
4891
4886
4938
4810
4810
4779
4779
4873
4873
4813
4835
4830
4911
4920
4880
4928
4978
4970
4954
4933
4955
4905
4842
4779
4806
4788
4788
4692
4692
4691
4713
4756
4756
4734
4698
4707
4707
4699
4689
4823
4864
4861
4777
4786
4854
4876
4854
4878
4905
4966
5003
4938
4959
4937
4960
4981
4981
4967
4940
4975
4907
4948
4948
4981
4970
4868
4909
4885
4884
4869
4869
4789
4771
4742
4789
4785
4710
4732
4770
4734
4771
4727
4739
4739
4755
4753
4807
4784
4784
4767
4802
4741
4680
4687
4775
4800
4786
4799
4795
4792
4837
4837
4759
4694
4691
4684
4686
4677
4780
4787
4764
4784
4769
4774
4760
4788
4812
4812
4821
4865
4891
4845
4827
4779
4803
4801
4892
4946
4940
4897
4959
4961
4903
4907
4847
4872
4872
4754
4797
4757
4820
4846
4823
4868
4913
4961
4910
4845
4845
4845
4800
4846
4838
4795
4821
4751
4766
4768
4768
4781
4734
4721
4713
4739
4727
4727
4770
4796
4866
4934
4902
4855
4810
4787
4800
4844
4872
4815
4801
4809
4959
4979
4875
4911
4903
4959
4985
4956
4906
4858
4899
4981
5023
4947
4865
4834
4796
4726
4786
4786
4855
4950
4971
5054
4927
4995
4991
4910
4910
4882
4832
4849
4832
4830
4833
4793
4839
4826
4740
4761
4761
4808
4815
4793
4884
4846
4851
4851
4851
4848
4819
4852
4852
4852
4811
4825
4841
4842
4795
4734
4747
4747
4675
4713
4698
4698
4683
4721
4811
4857
4857
4852
4889
4889
4872
4836
4801
4765
4831
4784
4765
4757
4743
4800
4890
4857
4917
4883
4883
4878
4878
5009
4968
5005
5005
5005
5028
5028
5052
4979
4995
4995
5142
5142
5091
5062
5031
5031
5035
5015
4947
4957
4946
4976
4976
4921
4921
4926
4936
4907
4856
4781
4733
4760
4760
4757
4767
4725
4857
4816
4776
4737
4648
4644
4644
4680
4725
4725
4795
4842
4866
4804
4830
4830
4861
4826
4797
4806
4859
4945
4905
5020
4974
4989
4998
4969
5023
5077
5034
4929
4897
4888
4880
4847
4925
4924
4878
4861
4879
4921
4953
4889
4887
4887
4970
4970
4970
4954
4970
4945
4941
4898
4862
4862
4813
4862
4923
4953
4970
5034
5038
5038
5019
5053
5045
4988
5052
4999
4931
4902
4902
4886
4909
4834
4834
4769
4761
4685
4709
4691
4686
4689
4706
4650
4648
4648
4623
4638
4636
4648
4643
4677
4707
4698
4770
4794
4927
5030
5120
5082
5060
5059
5049
5022
4908
4907
4807
4819
4890
4922
4894
4800
4795
4803
4722
4762
4745
4797
4797
4761
4781
4765
4728
4738
4754
4741
4753
4761
4616
4628
4653
4597
4626
4634
4634
4658
4634
4686
4689
4669
4681
4679
4616
4628
4622
4585
4574
4627
4627
4725
4730
4666
4639
4688
4731
4790
4774
4774
4820
4840
4840
4876
4865
4865
4853
4839
4811
4843
4843
4789
4789
4802
4823
4823
4847
4878
4826
4858
4882
4882
4910
4908
4875
4957
4931
4953
4958
5007
5022
4946
4911
4884
4867
4886
4882
4912
4889
4877
4877
4833
4833
4858
4764
4764
4790
4702
4665
4642
4609
4583
4662
4645
4670
4730
4743
4845
4910
4812
4772
4791
4756
4751
4738
4811
4812
4812
4812
4823
4827
4838
4840
4763
4728
4721
4707
4651
4625
4612
4617
4618
4633
4661
4740
4713
4713
4713
4586
4639
4693
4649
4663
4657
4712
4607
4607
4626
4626
4664
4709
4709
4669
4666
4627
4662
4659
4654
4726
4737
4643
4613
4671
4626
4633
4683
4756
4796
4757
4679
4679
4681
4741
4766
4717
4792
4779
4772
4841
4835
4752
4745
4746
4779
4767
4792
4777
4739
4716
4700
4740
4740
4740
4738
4805
4860
4928
4981
4936
4897
4897
4897
4897
4882
4882
4873
4823
4828
4808
4843
4843
4843
4873
4873
4873
4814
4807
4757
4750
4818
4800
4797
4789
4807
4807
4840
4897
4925
4983
5064
5032
5032
4997
4974
5030
4979
4980
4999
4983
4990
4993
5024
4916
4964
4962
4983
5018
5009
5003
5040
5024
5024
5024
4988
4858
4858
4877
4893
4879
4893
4883
4867
4876
4890
4880
4840
4840
4827
4808
4810
4855
4844
4892
4865
4914
4864
4841
4826
4848
4825
4722
4791
4791
4803
4796
4756
4707
4698
4708
4682
4702
4723
4771
4813
4791
4761
4761
4718
4765
4765
4693
4693
4795
4794
4765
4770
4758
4668
4656
4660
4660
4688
4688
4688
4752
4752
4755
4815
4760
4720
4734
4738
4691
4705
4764
4755
4755
4739
4776
4791
4793
4830
4831
4925
4849
4868
4897
4966
4964
4966
4995
4950
4970
4919
4915
4928
4958
4958
4936
4936
4840
4912
4907
4926
4925
4887
4884
4705
4706
4711
4680
4626
4590
4550
4621
4700
4650
4662
4650
4675
4675
4684
4772
4809
4724
4692
4693
4693
4646
4657
4657
4713
4676
4707
4707
4736
4720
4670
4630
4758
4841
4799
4720
4768
4772
4721
4789
4814
4823
4814
4858
4886
4880
4811
4800
4857
4816
4816
4865
4826
4829
4800
4822
4846
4826
4778
4772
4729
4702
4795
4809
4809
4753
4753
4738
4723
4723
4796
4765
4765
4775
4761
4706
4829
4841
4769
4789
4760
4760
4760
4740
4751
4752
4752
4826
4759
4722
4754
4754
4739
4717
4709
4748
4748
4690
4690
4727
4764
4724
4699
4661
4640
4681
4704
4736
4770
4908
4908
4862
4894
4970
5006
5006
4984
4965
4904
4904
4904
4914
4876
4876
4876
4876
4944
4947
4910
4931
4901
4866
4866
4863
4863
4859
4859
4909
4907
4888
4838
4831
4786
4831
4808
4696
4699
4703
4703
4691
4796
4812
4845
4776
4766
4740
4795
4806
4831
4752
4752
4752
4808
4853
4859
4796
4790
4790
4792
4781
4810
4770
4781
4693
4696
4744
4703
4752
4810
4773
4867
4857
4846
4855
4864
4837
4832
4816
4871
4862
4802
4802
4829
4835
4781
4824
4897
4878
4878
4906
4924
4941
4944
4951
4951
4963
4963
5007
5020
4996
4947
4947
4872
4879
4972
4907
4869
4882
4913
4820
4897
4896
4906
4844
4871
4856
4883
4883
4937
4927
4942
4933
4933
4997
4955
4971
4842
4841
4881
4889
4792
4868
4839
4850
4829
4829
4829
4829
4858
4832
4779
4833
4856
4843
4848
4915
4904
4980
4943
4912
4912
4946
4904
4904
4904
4977
5008
4977
4960
5014
5014
4980
4966
4879
4876
4876
4950
4980
4937
4849
4871
4921
4885
4857
4799
4735
4856
4850
4847
4847
4821
4905
4911
4879
4895
4790
4727
4741
4705
4726
4813
4848
4795
4763
4713
4713
4737
4768
4713
4713
4715
4715
4654
4661
4762
4818
4818
4890
4839
4839
4811
4793
4848
4906
4929
4893
4879
4791
4767
4766
4777
4828
4867
4795
4782
4849
4888
4936
4884
4909
4875
4875
4862
4789
4783
4793
4824
4824
4862
4849
4849
4839
4842
4813
4841
4839
4822
4820
4915
4999
4982
4927
4993
5009
5034
5027
4973
4949
4950
4957
4983
4984
4954
4972
4972
4963
4962
4888
4888
4888
4929
4856
4827
4856
4808
4764
4726
4659
4655
4569
4619
4573
4573
4612
4609
4627
4646
4725
4746
4719
4719
4777
4777
4761
4788
4787
4794
4787
4751
4752
4758
4739
4755
4761
4778
4778
4789
4795
4783
4864
4867
4877
4877
4885
4978
4924
4823
4811
4821
4812
4840
4863
4904
4889
4966
4887
4771
4802
4780
4796
4886
4866
4919
4883
4962
5024
4990
4972
4976
4974
4972
4972
5041
4987
4980
4980
4980
4986
5022
5007
4929
4929
4970
5006
4993
4906
4908
5001
5047
4946
4953
5017
4902
4827
4801
4731
4739
4692
4685
4771
4723
4723
4762
4740
4789
4801
4784
4751
4797
4797
4753
4697
4733
4734
4755
4656
4706
4707
4838
4725
4780
4780
4793
4828
4797
4722
4714
4676
4760
4737
4674
4726
4739
4810
4811
4735
4587
4608
4628
4608
4635
4635
4505
4475
4475
4475
4496
4591
4591
4591
4546
4548
4508
4508
4501
4501
4498
4518
4518
4518
4564
4618
4648
4693
4685
4658
4681
4681
4674
4662
4680
4755
4727
4712
4685
4705
4694
4694
4703
4713
4754
4822
4748
4721
4781
4833
4859
4828
4828
4803
4809
4844
4916
4920
4928
4934
4914
4914
4900
4900
4900
4872
4897
4915
4949
4915
4915
4878
4794
4715
4757
4865
4865
4853
4853
4859
4862
4898
4880
4980
4920
4898
4894
4894
4912
4912
4981
4981
5036
5038
4993
4989
5011
4956
4946
4947
4794
4879
4899
4822
4784
4817
4808
4800
4800
4733
4745
4779
4713
4713
4654
4679
4672
4672
4690
4704
4693
4676
4676
4639
4663
4663
4681
4752
4740
4714
4702
4749
4718
4687
4735
4725
4705
4704
4738
4738
4790
4747
4760
4742
4742
4742
4711
4711
4711
4674
4650
4650
4650
4649
4697
4715
4736
4685
4706
4715
4749
4754
4849
4845
4763
4677
4644
4685
4685
4708
4708
4687
4717
4739
4655
4674
4674
4605
4605
4626
4636
4740
4740
4740
4741
4741
4741
4741
4714
4662
4665
4665
4671
4660
4653
4709
4651
4707
4697
4684
4755
4735
4802
4839
4695
4687
4727
4728
4673
4753
4753
4684
4727
4727
4727
4727
4778
4778
4770
4734
4687
4687
4734
4734
4749
4819
4819
4913
4954
4937
4910
4808
4798
4782
4783
4783
4777
4709
4741
4774
4766
4779
4782
4791
4791
4775
4771
4735
4677
4654
4654
4692
4689
4732
4755
4714
4714
4707
4722
4707
4719
4743
4805
4829
4843
4837
4910
4880
4845
4895
4892
4944
4889
4898
4898
4867
4887
4844
4828
4828
4825
4796
4796
4810
4836
4810
4826
4826
4752
4724
4753
4712
4754
4730
4743
4742
4783
4783
4783
4817
4834
4786
4786
4732
4732
4792
4760
4728
4757
4757
4829
4799
4851
4892
4908
4912
4916
4916
4902
4916
4916
4976
4949
4872
4902
4941
4899
4940
4916
4921
4934
4932
4913
4888
4926
4968
4910
4925
4927
4933
4925
4997
4991
4991
4931
4924
4909
4900
4957
4917
4948
4974
4946
4951
4896
4896
4896
4894
4955
4955
4970
4877
4929
4927
4969
5054
5054
5026
4936
4846
4846
4846
4846
4837
4837
4837
4864
4752
4728
4742
4870
4796
4787
4787
4781
4796
4796
4722
4679
4679
4661
4754
4702
4676
4651
4656
4656
4695
4701
4740
4740
4740
4736
4706
4806
4789
4801
4801
4769
4772
4791
4791
4773
4756
4791
4749
4718
4709
4651
4720
4720
4726
4739
4773
4752
4754
4825
4804
4790
4790
4790
4790
4786
4761
4768
4768
4766
4819
4829
4829
4831
4831
4803
4803
4811
4783
4783
4841
4805
4814
4789
4789
4803
4792
4726
4716
4702
4702
4702
4716
4716
4716
4719
4754
4754
4722
4705
4707
4751
4746
4744
4777
4746
4746
4806
4806
4806
4780
4795
4760
4745
4815
4770
4740
4782
4728
4748
4741
4729
4746
4804
4811
4811
4866
4846
4786
4795
4795
4766
4805
4823
4838
4796
4798
4774
4798
4798
4798
4798
4791
4791
4808
4761
4706
4706
4706
4765
4781
4849
4831
4822
4852
4852
4931
4931
4916
4916
4967
4867
4890
4812
4757
4729
4729
4660
4679
4748
4748
4829
4814
4823
4881
4898
4847
4847
4881
4915
4857
4815
4803
4740
4765
4757
4834
4866
4866
4858
4838
4765
4789
4814
4814
4802
4803
4803
4788
4875
4881
4885
4927
4973
4936
4924
4967
4959
4900
4915
4924
4917
4908
4892
4892
4901
4875
4893
4843
4860
4856
4842
4813
4831
4831
4847
4844
4835
4836
4836
4801
4801
4805
4805
4805
4836
4836
4792
4792
4775
4803
4753
4681
4739
4792
4820
4789
4815
4815
4786
4726
4698
4724
4737
4761
4771
4777
4817
4817
4875
4878
4815
4832
4802
4804
4803
4758
4749
4749
4749
4749
4789
4722
4726
4726
4725
4730
4727
4718
4724
4714
4714
4639
4679
4683
4693
4638
4638
4690
4689
4721
4727
4727
4727
4681
4681
4772
4790
4753
4681
4681
4677
4652
4705
4780
4775
4746
4847
4840
4878
4859
4804
4749
4696
4791
4740
4740
4740
4777
4780
4759
4759
4762
4810
4813
4838
4870
4818
4806
4798
4807
4852
4867
4794
4867
4867
4836
4836
4847
4766
4774
4759
4759
4799
4791
4769
4797
4797
4838
4837
4783
4696
4696
4710
4710
4668
4679
4667
4728
4709
4650
4662
4636
4564
4557
4557
4546
4546
4546
4577
4577
4577
4541
4523
4523
4484
4522
4515
4515
4515
4515
4540
4587
4604
4584
4593
4582
4610
4610
4610
4610
4684
4684
4697
4697
4696
4724
4701
4786
4701
4762
4711
4711
4711
4706
4739
4823
4838
4838
4858
4858
4885
4894
4819
4827
4841
4752
4752
4748
4785
4789
4747
4781
4740
4759
4782
4742
4709
4761
4732
4724
4641
4705
4730
4674
4667
4660
4657
4720
4699
4836
4836
4811
4811
4823
4816
4816
4817
4850
4842
4829
4827
4805
4794
4788
4775
4775
4740
4740
4686
4722
4639
4643
4680
4680
4644
4632
4672
4613
4626
4626
4625
4662
4679
4679
4619
4619
4720
4734
4639
4639
4660
4610
4642
4646
4670
4637
4637
4640
4675
4664
4689
4684
4703
4756
4729
4753
4699
4699
4699
4704
4745
4745
4797
4820
4866
4824
4836
4836
4836
4824
4816
4816
4838
4800
4804
4733
4695
4694
4758
4758
4758
4708
4708
4708
4716
4712
4719
4757
4757
4795
4822
4822
4837
4907
4895
4845
4855
4816
4816
4816
4857
4848
4843
4850
4825
4857
4817
4817
4817
4801
4807
4783
4764
4764
4744
4777
4766
4733
4763
4766
4766
4782
4776
4776
4776
4776
4794
4794
4794
4771
4813
4818
4818
4820
4798
4749
4792
4872
4785
4783
4762
4762
4786
4816
4868
4905
4917
4881
4863
4863
4881
4870
4911
4911
4911
4911
4911
4930
4894
4908
4908
4952
4893
4848
4835
4805
4787
4783
4800
4860
4840
4840
4814
4788
4818
4816
4816
4857
4865
4789
4802
4776
4776
4802
4802
4773
4779
4779
4763
4747
4747
4747
4747
4755
4755
4755
4755
4729
4729
4780
4748
4748
4789
4805
4831
4814
4841
4841
4840
4855
4788
4806
4825
4840
4854
4855
4831
4831
4781
4781
4774
4733
4755
4816
4938
4984
4984
4961
4924
4922
4915
4887
4800
4854
4790
4861
4831
4887
4887
4829
4851
4880
4849
4849
4849
4864
4835
4831
4831
4727
4727
4748
4731
4731
4701
4698
4698
4698
4720
4756
4756
4731
4753
4777
4724
4681
4704
4704
4705
4705
4705
4697
4618
4618
4618
4613
4596
4588
4588
4646
4646
4569
4569
4569
4663
4663
4663
4663
4656
4656
4666
4634
4626
4604
4604
4599
4599
4616
4589
4592
4619
4665
4685
4685
4679
4659
4659
4657
4657
4706
4727
4727
4749
4816
4816
4804
4815
4815
4815
4745
4767
4827
4827
4774
4774
4774
4760
4791
4791
4758
4758
4748
4723
4735
4722
4774
4774
4774
4774
4798
4746
4747
4747
4747
4747
4747
4747
4758
4800
4865
4824
4835
4835
4835
4839
4839
4818
4768
4746
4681
4723
4764
4713
4650
4671
4671
4646
4684
4679
4704
4715
4715
4808
4808
4708
4687
4685
4652
4758
4758
4758
4769
4751
4781
4810
4810
4852
4799
4786
4786
4811
4841
4782
4782
4778
4838
4824
4858
4879
4879
4849
4847
4814
4851
4862
4862
4799
4799
4799
4786
4771
4771
4771
4787
4794
4767
4670
4685
4703
4703
4782
4782
4826
4875
4882
4852
4821
4821
4788
4788
4788
4769
4805
4795
4841
4851
4851
4871
4871
4886
4886
4884
4884
4849
4824
4742
4729
4729
4729
4756
4785
4785
4781
4797
4797
4800
4783
4767
4738
4735
4732
4732
4734
4734
4734
4749
4749
4749
4662
4662
4656
4656
4620
4620
4670
4670
4623
4623
4671
4664
4664
4664
4664
4693
4701
4701
4701
4704
4759
4776
4776
4779
4779
4779
4766
4835
4814
4753
4688
4747
4747
4780
4767
4750
4750
4676
4646
4588
4689
4689
4689
4744
4794
4776
4743
4743
4791
4744
4744
4761
4744
4743
4751
4692
4692
4660
4660
4644
4644
4647
4648
4596
4619
4683
4703
4649
4650
4696
4721
4789
4815
4770
4705
4753
4733
4733
4756
4684
4804
4815
4776
4709
4645
4645
4645
4577
4614
4663
4659
4645
4648
4648
4703
4700
4700
4626
4626
4626
4626
4648
4648
4609
4609
4607
4610
4538
4538
4537
4537
4507
4497
4505
4505
4534
4557
4564
4564
4564
4564
4644
4616
4596
4596
4530
4530
4530
4530
4530
4550
4545
4564
4543
4553
4547
4547
4566
4566
4546
4552
4514
4520
4520
4584
4629
4641
4648
4648
4591
4609
4609
4609
4609
4621
4621
4649
4642
4642
4654
4695
4751
4719
4719
4749
4749
4709
4709
4695
4656
4597
4597
4597
4614
4645
4643
4643
4643
4643
4629
4649
4640
4571
4571
4577
4603
4620
4630
4624
4669
4623
4623
4654
4654
4654
4654
4698
4721
4735
4715
4715
4763
4743
4661
4738
4738
4848
4834
4800
4806
4806
4825
4825
4833
4731
4707
4707
4727
4727
4727
4623
4667
4667
4674
4726
4698
4712
4712
4667
4630
4632
4632
4670
4634
4634
4617
4657
4682
4818
4795
4795
4795
4812
4798
4775
4775
4744
4858
4858
4858
4838
4832
4829
4859
4864
4864
4872
4848
4776
4776
4739
4753
4753
4753
4753
4753
4770
4764
4764
4791
4760
4729
4689
4783
4783
4783
4783
4780
4786
4750
4667
4659
4636
4571
4530
4530
4530
4530
4544
4618
4618
4577
4577
4611
4601
4602
4602
4601
4601
4601
4630
4644
4618
4619
4588
4488
4450
4450
4450
4450
4499
4499
4573
4620
4724
4743
4789
4809
4762
4772
4772
4818
4841
4886
4883
4858
4873
4826
4836
4852
4797
4797
4779
4801
4813
4835
4855
4855
4855
4855
4855
4843
4730
4662
4691
4691
4708
4694
4694
4694
4694
4681
4687
4687
4691
4691
4720
4742
4643
4556
4556
4571
4621
4624
4624
4624
4592
4592
4592
4587
4620
4620
4569
4642
4608
4608
4608
4556
4647
4647
4644
4644
4629
4629
4710
4655
4650
4641
4652
4652
4645
4663
4638
4622
4622
4654
4694
4704
4665
4636
4706
4706
4706
4706
4706
4706
4713
4686
4684
4684
4725
4725
4725
4713
4765
4765
4751
4758
4758
4730
4730
4730
4730
4779
4734
4788
4788
4788
4793
4866
4863
4853
4844
4853
4889
4814
4820
4820
4858
4867
4856
4856
4763
4763
4784
4769
4768
4768
4775
4781
4817
4817
4725
4725
4780
4780
4747
4747
4747
4747
4668
4697
4697
4697
4659
4627
4645
4645
4568
4553
4539
4545
4502
4502
4502
4502
4508
4502
4508
4508
4507
4477
4477
4504
4547
4547
4631
4631
4657
4626
4626
4629
4664
4712
4712
4660
4660
4663
4662
4640
4542
4518
4518
4518
4549
4549
4572
4531
4532
4532
4496
4496
4501
4495
4495
4495
4495
4495
4518
4519
4445
4445
4445
4489
4459
4459
4459
4459
4466
4558
4558
4477
4544
4544
4544
4544
4544
4518
4523
4523
4523
4523
4511
4511
4505
4514
4596
4596
4719
4726
4726
4726
4718
4718
4772
4815
4880
4793
4735
4711
4711
4711
4705
4676
4676
4761
4751
4751
4751
4742
4742
4720
4731
4736
4744
4754
4736
4654
4654
4663
4709
4703
4707
4707
4659
4659
4629
4664
4674
4681
4662
4691
4669
4669
4668
4663
4615
4615
4620
4590
4586
4586
4576
4587
4627
4627
4622
4615
4567
4597
4641
4641
4587
4616
4616
4618
4618
4663
4663
4654
4654
4668
4622
4637
4637
4676
4639
4670
4670
4686
4710
4709
4697
4685
4706
4704
4704
4715
4676
4666
4678
4674
4720
4697
4683
4683
4683
4679
4679
4730
4730
4766
4720
4751
4751
4751
4762
4702
4702
4716
4705
4758
4758
4758
4758
4762
4762
4762
4759
4714
4714
4701
4680
4680
4670
4670
4679
4737
4716
4716
4743
4743
4751
4759
4799
4782
4782
4756
4703
4703
4749
4784
4739
4739
4697
4721
4669
4732
4732
4623
4691
4723
4752
4750
4721
4729
4729
4729
4729
4729
4750
4686
4623
4623
4702
4702
4737
4746
4714
4651
4638
4638
4638
4637
4663
4663
4703
4717
4697
4690
4690
4686
4686
4732
4742
4760
4739
4820
4800
4800
4800
4789
4789
4785
4785
4817
4817
4816
4723
4723
4724
4746
4746
4785
4785
4785
4785
4778
4778
4798
4805
4837
4837
4837
4837
4854
4901
4901
4901
4901
4810
4863
4863
4857
4852
4849
4849
4813
4813
4813
4791
4791
4791
4809
4845
4809
4771
4785
4785
4769
4715
4715
4715
4715
4748
4711
4714
4695
4695
4695
4695
4690
4690
4693
4701
4701
4704
4756
4738
4762
4725
4725
4736
4716
4673
4673
4673
4673
4706
4706
4758
4758
4758
4732
4732
4732
4691
4690
4690
4690
4690
4714
4786
4729
4729
4757
4783
4783
4783
4818
4839
4839
4782
4782
4780
4780
4689
4658
4667
4667
4667
4732
4791
4791
4723
4723
4723
4720
4699
4699
4629
4598
4573
4573
4527
4518
4553
4553
4553
4537
4551
4551
4551
4478
4478
4478
4556
4568
4588
4588
4543
4543
4547
4547
4542
4534
4534
4496
4496
4496
4496
4496
4496
4496
4473
4425
4394
4394
4394
4412
4412
4412
4412
4412
4424
4424
4379
4379
4379
4379
4379
4379
4445
4448
4448
4449
4465
4462
4462
4463
4471
4471
4471
4471
4430
4416
4416
4413
4427
4427
4427
4427
4431
4494
4494
4564
4625
4625
4540
4540
4500
4498
4498
4484
4484
4484
4484
4484
4494
4527
4542
4566
4566
4566
4564
4555
4464
4464
4464
4464
4464
4446
4446
4448
4448
4448
4448
4448
4458
4422
4422
4422
4422
4447
4440
4440
4440
4440
4440
4471
4471
4471
4471
4471
4471
4471
4471
4471
4471
4435
4435
4435
4467
4467
4467
4467
4495
4495
4495
4506
4506
4578
4532
4504
4504
4504
4528
4528
4543
4543
4543
4519
4519
4490
4490
4525
4525
4554
4539
4539
4539
4539
4558
4558
4558
4570
4570
4570
4551
4551
4551
4589
4590
4590
4590
4525
4525
4563
4560
4531
4526
4575
4575
4526
4526
4526
4526
4518
4518
4556
4556
4556
4515
4515
4491
4491
4491
4462
4462
4462
4462
4471
4464
4412
4489
4489
4469
4469
4491
4469
4469
4471
4485
4485
4454
4454
4439
4439
4439
4445
4454
4454
4454
4488
4488
4500
4500
4500
4500
4500
4472
4472
4472
4472
4534
4518
4496
4505
4505
4534
4534
4534
4558
4544
4544
4500
4500
4500
4500
4500
4519
4519
4519
4506
4517
4517
4517
4530
4530
4530
4495
4505
4489
4412
4412
4386
4401
4401
4420
4426
4402
4402
4424
4424
4424
4503
4478
4496
4496
4496
4478
4478
4489
4502
4494
4444
4444
4444
4444
4456
4456
4479
4451
4451
4496
4483
4492
4487
4487
4487
4487
4487
4460
4485
4485
4472
4462
4462
4462
4462
4462
4505
4540
4565
4508
4467
4467
4493
4493
4493
4474
4437
4413
4472
4481
4477
4477
4477
4476
4509
4509
4509
4509
4509
4509
4509
4509
4509
4509
4509
4479
4479
4479
4479
4500
4500
4473
4473
4456
4456
4465
4465
4485
4485
4485
4518
4517
4471
4471
4471
4511
4511
4532
4531
4566
4594
4540
4540
4540
4533
4512
4512
4517
4517
4517
4517
4506
4549
4549
4509
4509
4509
4509
4571
4578
4578
4578
4578
4578
4578
4587
4587
4587
4554
4554
4554
4525
4525
4525
4525
4525
4525
4525
4577
4577
4579
4579
4585
4585
4585
4641
4641
4641
4571
4488
4488
4471
4471
4471
4471
4471
4471
4478
4478
4485
4462
4483
4483
4483
4483
4473
4466
4466
4466
4489
4485
4522
4522
4522
4522
4457
4477
4477
4526
4502
4502
4502
4462
4421
4441
4441
4453
4453
4502
4538
4538
4542
4542
4542
4542
4548
4506
4522
4522
4536
4536
4536
4536
4569
4569
4569
4569
4570
4570
4534
4514
4514
4486
4495
4495
4495
4495
4495
4487
4571
4547
4547
4550
4550
4562
4549
4549
4549
4549
4531
4531
4505
4471
4478
4497
4483
4494
4495
4495
4590
4654
4652
4647
4647
4641
4641
4641
4591
4591
4591
4587
4603
4590
4569
4569
4570
4570
4570
4570
4570
4570
4582
4582
4511
4522
4522
4452
4452
4452
4452
4462
4462
4510
4533
4538
4546
4496
4507
4507
4512
4512
4512
4512
4512
4512
4512
4511
4511
4511
4511
4511
4511
4502
4502
4502
4502
4492
4492
4492
4492
4500
4499
4575
4575
4587
4586
4626
4600
4646
4643
4653
4632
4668
4668
4624
4542
4542
4542
4542
4542
4543
4566
4566
4566
4574
4550
4523
4511
4507
4518
4445
4445
4465
4465
4465
4465
4465
4465
4470
4470
4450
4450
4415
4415
4415
4415
4415
4415
4415
4415
4415
4447
4447
4447
4447
4447
4447
4447
4447
4463
4424
4424
4439
4439
4439
4422
4422
4422
4422
4404
4404
4404
4404
4437
4437
4430
4430
4443
4443
4443
4443
4443
4443
4443
4447
4447
4447
4505
4542
4544
4544
4544
4544
4544
4581
4581
4634
4634
4624
4619
4612
4612
4516
4516
4516
4516
4516
4516
4516
4516
4516
4516
4516
4516
4516
4516
4516
4525
4572
4594
4568
4568
4593
4578
4578
4581
4581
4578
4578
4582
4582
4582
4605
4605
4605
4637
4590
4590
4590
4590
4590
4590
4562
4562
4562
4580
4580
4587
4574
4529
4529
4529
4529
4554
4552
4567
4567
4567
4567
4567
4567
4584
4584
4584
4584
4564
4564
4584
4584
4584
4585
4566
4566
4590
4590
4569
4569
4578
4578
4620
4620
4618
4618
4618
4605
4615
4615
4615
4615
4597
4615
4615
4689
4580
4580
4580
4573
4573
4577
4555
4555
4565
4565
4565
4565
4603
4605
4585
4585
4585
4585
4569
4569
4569
4569
4569
4558
4562
4562
4562
4562
4562
4552
4552
4552
4552
4552
4552
4593
4591
4591
4591
4591
4591
4591
4591
4591
4591
4591
4591
4604
4569
4569
4569
4569
4569
4612
4612
4617
4590
4570
4570
4570
4570
4570
4541
4552
4552
4552
4552
4565
4565
4565
4565
4565
4600
4600
4600
4600
4600
4585
4585
4585
4602
4602
4602
4602
4602
4591
4591
4591
4591
4591
4591
4591
4613
4613
4613
4612
4592
4592
4608
4676
4676
4648
4632
4722
4815
4815
4815
4815
4815
4814
4846
4846
4846
4846
4855
4813
4813
4757
4768
4785
4688
4688
4685
4664
4644
4641
4641
4613
4592
4592
4592
4592
4592
4592
4592
4593
4600
4489
4489
4503
4503
4503
4503
4503
4503
4494
4494
4494
4494
4494
4494
4507
4507
4492
4492
4492
4492
4490
4490
4460
4466
4449
4449
4452
4451
4451
4451
4451
4451
4451
4441
4476
4476
4476
4476
4468
4468
4468
4446
4446
4446
4446
4446
4455
4402
4402
4402
4402
4400
4375
4375
4375
4375
4375
4375
4375
4375
4375
4375
4375
4375
4375
4375
4375
4375
4375
4375
4375
4375
4375
4375
4382
4382
4382
4389
4389
4389
4389
4389
4389
4389
4389
4388
4388
4388
4388
4388
4388
4388
4388
4388
4388
4388
4388
4388
4442
4430
4459
4483
4483
4483
4480
4480
4478
4478
4478
4478
4478
4478
4476
4476
4476
4476
4476
4476
4476
4475
4463
4440
4440
4413
4413
4413
4413
4413
4413
4413
4433
4433
4433
4447
4467
4467
4496
4496
4496
4517
4532
4497
4501
4494
4494
4494
4481
4481
4481
4481
4481
4481
4481
4481
4478
4516
4516
4516
4516
4521
4521
4521
4467
4467
4482
4466
4466
4466
4466
4466
4466
4466
4466
4466
4437
4437
4441
4441
4436
4436
4455
4455
4455
4456
4456
4485
4485
4485
4508
4508
4514
4514
4514
4530
4530
4540
4540
4540
4540
4540
4526
4526
4531
4531
4531
4531
4531
4531
4531
4531
4531
4524
4524
4524
4524
4518
4518
4518
4518
4518
4518
4518
4518
4518
4505
4505
4505
4505
4462
4462
4462
4462
4462
4462
4445
4445
4445
4450
4450
4450
4467
4492
4492
4459
4459
4459
4463
4463
4463
4463
4463
4436
4436
4434
4474
4474
4474
4474
4474
4501
4501
4486
4486
4486
4486
4486
4486
4502
4502
4502
4502
4502
4502
4500
4500
4503
4503
4547
4547
4547
4547
4529
4529
4524
4521
4521
4543
4446
4446
4446
4446
4446
4444
4444
4444
4444
4444
4444
4444
4444
4448
4450
4450
4480
4480
4480
4480
4480
4484
4484
4497
4497
4497
4435
4435
4374
4374
4374
4357
4357
4357
4347
4347
4347
4347
4347
4347
4347
4347
4347
4347
4347
4347
4347
4347
4347
4347
4347
4347
4351
4351
4351
4351
4351
4351
4351
4351
4358
4358
4358
4358
4358
4346
4346
4346
4362
4362
4348
4348
4348
4348
4348
4340
4340
4340
4340
4340
4346
4340
4340
4340
4340
4340
4336
4336
4336
4304
4304
4260
4258
4258
4261
4261
4261
4261
4261
4261
4270
4279
4279
4263
4263
4263
4263
4263
4263
4263
4263
4263
4263
4263
4263
4263
4263
4263
4263
4265
4265
4257
4257
4274
4274
4274
4274
4274
4274
4308
4304
4304
4279
4282
4282
4282
4282
4282
4282
4282
4282
4282
4282
4282
4282
4282
4315
4315
4315
4315
4315
4338
4353
4353
4342
4342
4342
4342
4365
4339
4339
4339
4339
4339
4339
4339
4339
4369
4369
4365
4365
4365
4345
4345
4345
4383
4383
4383
4383
4382
4382
4382
4395
4383
4406
4406
4406
4406
4406
4406
4410
4410
4410
4444
4442
4442
4442
4426
4426
4426
4403
4403
4403
4403
4403
4398
4398
4359
4359
4359
4359
4359
4359
4359
4359
4359
4359
4359
4346
4346
4376
4376
4355
4355
4355
4373
4373
4373
4373
4373
4373
4373
4373
4373
4373
4373
4373
4373
4373
4373
4373
4380
4380
4382
4382
4382
4369
4369
4369
4369
4370
4375
4375
4375
4375
4375
4375
4383
4380
4374
4375
4375
4375
4375
4369
4369
4369
4369
4369
4369
4369
4369
4369
4369
4295
4294
4294
4294
4294
4294
4294
4294
4294
4294
4294
4285
4285
4285
4285
4285
4285
4285
4285
4285
4285
4285
4285
4285
4285
4285
4285
4285
4285
4285
4277
4277
4277
4277
4269
4269
4269
4269
4269
4269
4269
4281
4281
4281
4312
4290
4290
4293
4293
4293
4294
4268
4268
4268
4268
4268
4268
4268
4268
4270
4270
4270
4270
4270
4270
4270
4270
4270
4270
4270
4270
4270
4270
4270
4270
4270
4270
4263
4263
4263
4263
4263
4251
4251
4251
4251
4251
4251
4251
4251
4251
4251
4251
4251
4252
4252
4252
4252
4252
4252
4252
4252
4252
4252
4252
4252
4252
4252
4252
4252
4252
4252
4252
4234
4234
4234
4234
4234
4234
4234
4234
4234
4234
4234
4234
4234
4234
4234
4234
4234
4255
4255
4255
4255
4270
4255
4255
4255
4255
4255
4255
4255
4244
4244
4244
4244
4244
4244
4244
4244
4266
4288
4288
4289
4299
4299
4299
4307
4307
4307
4307
4307
4307
4307
4307
4307
4308
4308
4308
4308
4308
4315
4315
4315
4315
4315
4326
4326
4326
4326
4326
4326
4325
4325
4325
4325
4325
4325
4325
4325
4325
4325
4335
4335
4335
4335
4335
4335
4335
4334
4334
4334
4334
4334
4334
4334
4337
4337
4337
4337
4337
4337
4337
4334
4334
4334
4346
4369
4369
4369
4369
4369
4369
4369
4369
4369
4369
4369
4369
4341
4341
4333
4333
4333
4331
4331
4331
4335
4335
4335
4335
4317
4317
4317
4317
4317
4317
4317
4317
4317
4317
4317
4317
4317
4317
4317
4317
4317
4317
4317
4317
4327
4327
4327
4327
4327
4327
4327
4327
4327
4327
4308
4308
4340
4340
4340
4340
4342
4342
4295
4295
4295
4295
4295
4295
4324
4324
4331
4331
4331
4315
4315
4315
4315
4315
4315
4315
4315
4315
4315
4315
4315
4315
4315
4315
4315
4315
4325
4325
4325
4331
4327
4327
4327
4327
4327
4327
4327
4327
4327
4327
4327
4327
4327
4334
4335
4335
4339
4321
4321
4321
4321
4321
4321
4321
4321
4321
4321
4326
4327
4327
4327
4327
4327
4329
4332
4356
4356
4356
4355
4355
4355
4355
4355
4355
4324
4324
4324
4324
4324
4324
4324
4326
4340
4340
4340
4340
4340
4340
4340
4340
4340
4340
4342
4342
4342
4342
4342
4342
4342
4342
4342
4342
4335
4335
4335
4335
4335
4335
4335
4335
4335
4335
4315
4315
4315
4315
4315
4315
4315
4315
4315
4315
4315
4315
4315
4315
4315
4315
4315
4315
4315
4315
4367
4367
4352
4352
4352
4352
4358
4359
4355
4355
4355
4321
4321
4321
4321
4321
4321
4321
4321
4321
4321
4321
4321
4321
4321
4354
4354
4354
4349
4349
4348
4348
4348
4348
4348
4348
4348
4348
4348
4348
4348
4348
4348
4348
4348
4348
4348
4348
4348
4348
4348
4348
4348
4348
4348
4348
4348
4354
4354
4354
4354
4354
4354
4354
4354
4354
4354
4378
4364
4364
4364
4364
4362
4349
4349
4349
4349
4339
4339
4339
4339
4339
4339
4339
4339
4339
4339
4339
4339
4339
4339
4339
4339
4337
4344
4344
4333
4333
4321
4321
4321
4321
4332
4332
4332
4332
4344
4344
4344
4344
4344
4344
4344
4349
4349
4349
4349
4349
4349
4349
4349
4349
4349
4349
4349
4349
4349
4349
4349
4349
4349
4349
4349
4349
4349
4349
4349
4349
4349
4349
4349
4349
4349
4349
4349
4349
4349
4349
4354
4354
4354
4354
4354
4354
4354
4349
4349
4342
4342
4342
4342
4341
4330
4330
4330
4330
4330
4330
4330
4335
4335
4335
4335
4335
4335
4326
4326
4326
4326
4326
4326
4326
4326
4326
4326
4290
4290
4290
4290
4290
4290
4297
4297
4297
4297
4297
4297
4297
4269
4270
4255
4255
4255
4255
4255
4255
4255
4255
4255
4255
4255
4255
4255
4255
4255
4255
4255
4255
4255
4276
4276
4276
4276
4276
4276
4276
4243
4243
4243
4243
4238
4238
4238
4238
4238
4238
4238
4238
4238
4238
4238
4238
4238
4238
4238
4238
4238
4238
4238
4238
4238
4233
4233
4233
4235
4235
4235
4235
4235
4235
4235
4235
4235
4235
4235
4235
4235
4235
4235
4235
4233
4233
4233
4233
4233
4232
4232
4238
4238
4238
4238
4238
4238
4238
4238
4238
4238
4238
4238
4238
4238
4238
4238
4238
4238
4238
4238
4238
4238
4238
4238
4238
4238
4250
4250
4250
4250
4243
4243
4243
4243
4243
4243
4243
4243
4243
4243
4236
4237
4237
4237
4237
4237
4237
4237
4234
4234
4234
4234
4234
4234
4234
4234
4234
4234
4234
4234
4234
4234
4234
4234
4234
4234
4234
4234
4234
4234
4234
4234
4234
4234
4234
4234
4234
4234
4234
4234
4234
4234
4234
4234
4234
4234
4234
4234
4234
4234
4234
4234
4234
4234
4234
4234
4234
4234
4234
4234
4234
4234
4234
4234
4234
4234
4234
4234
4234
4234
4234
4234
4234
4234
4234
4234
4234
4234
4234
4234
4234
4234
4227
4239
4239
4239
4239
4239
4239
4239
4239
4239
4239
4239
4239
4239
4239
4239
4239
4239
4239
4239
4239
4239
4239
4239
4239
4239
4239
4239
4239
4239
4239
4239
4239
4239
4239
4239
4239
4239
4239
4239
4239
4239
4239
4239
4239
4239
4239
4239
4239
4239
4239
4239
4239
4239
4239
4239
4239
4239
4239
4239
4239
4239
4239
4239
4239
4239
4239
4239
4239
4239
4239
4239
4239
4239
4239
4239
4239
4239
4245
4245
4245
4239
4239
4239
4239
4239
4239
4239
4239
4239
4239
4239
4239
4239
4239
4239
4239
4239
4239
4239
4239
4239
4239
4239
4239
4239
4239
4241
4241
4241
4241
4243
4243
4243
4243
4243
4243
4243
4243
4243
4245
4243
4243
4243
4243
4263
4263
4263
4263
4263
4263
4273
4273
4273
4273
4273
4273
4273
4273
4273
4273
4273
4273
4273
4273
4273
4273
4273
4273
4273
4273
4270
4270
4270
4270
4270
4270
4269
4269
4269
4269
4269
4268
4268
4268
4268
4259
4239
4239
4239
4239
4239
4231
4231
4231
4231
4239
4239
4239
4239
4239
4239
4239
4239
4239
4239
4239
4239
4239
4239
4239
4239
4239
4239
4239
4239
4244
4244
4244
4244
4244
4244
4244
4244
4244
4244
4244
4244
4244
4244
4244
4244
4244
4244
4244
4244
4244
4244
4244
4244
4244
4244
4244
4243
4243
4243
4226
4226
4226
4226
4226
4226
4226
4226
4226
4226
4226
4224
4224
4224
4224
4218
4218
4218
4218
4218
4218
4218
4218
4218
4218
4218
4218
4218
4218
4221
4221
4221
4218
4218
4218
4218
4218
4218
4218
4218
4218
4218
4218
4195
4195
4195
4195
4195
4195
4195
4195
4194
4194
4194
4194
4194
4194
4194
4194
4194
4188
4188
4188
4188
4188
4188
4188
4188
4188
4188
4188
4188
4188
4188
4188
4188
4188
4188
4188
4188
4188
4188
4188
4188
4188
4188
4188
4188
4188
4188
4188
4188
4188
4188
4188
4188
4190
4190
4190
4190
4190
4190
4190
4190
4190
4190
4190
4190
4190
4190
4190
4190
4189
4189
4189
4189
4189
4189
4189
4189
4189
4189
4189
4189
4189
4189
4189
4189
4189
4189
4189
4189
4189
4189
4189
4189
4189
4189
4189
4189
4189
4185
4185
4185
4185
4185
4185
4185
4185
4185
4185
4185
4185
4185
4185
4185
4185
4185
4185
4185
4185
4185
4185
4185
4185
4185
4185
4185
4185
4185
4185
4185
4185
4185
4185
4185
4185
4185
4185
4185
4185
4185
4185
4180
4180
4180
4180
4180
4180
4178
4178
4178
4178
4178
4161
4161
4161
4161
4161
4161
4161
4161
4161
4161
4161
4161
4161
4161
4161
4161
4161
4161
4161
4161
4161
4161
4161
4161
4161
4161
4161
4161
4161
4161
4161
4161
4161
4161
4161
4161
4161
4161
4161
4161
4161
4161
4161
4161
4161
4161
4161
4161
4161
4161
4161
4161
4161
4161
4161
4161
4161
4161
4161
4161
4161
4161
4161
4161
4161
4161
4161
4161
4161
4161
4161
4161
4161
4161
4161
4161
4161
4161
4161
4161
4161
4161
4161
4161
4161
4161
4161
4161
4161
4161
4161
4161
4161
4161
4161
4161
4161
4161
4161
4161
4161
4161
4161
4161
4161
4161
4161
4161
4161
4161
4161
4152
4152
4152
4152
4152
4152
4152
4152
4152
4148
4148
4151
4151
4151
4151
4147
4147
4147
4147
4147
4147
4147
4147
4147
4147
4147
4147
4147
4147
4147
4147
4147
4147
4147
4147
4147
4147
4147
4147
4147
4147
4147
4147
4147
4147
4147
4147
4147
4147
4147
4147
4147
4147
4147
4147
4147
4147
4147
4147
4147
4147
4147
4147
4147
4147
4147
4147
4147
4147
4147
4147
4147
4147
4147
4147
4147
4147
4147
4147
4147
4147
4147
4147
4147
4147
4147
4147
4147
4147
4147
4147
4147
4147
4147
4147
4147
4147
4147
4147
4147
4147
4147
4147
4147
4147
4147
4147
4147
4147
4147
4147
4147
4147
4147
4147
4147
4147
4147
4147
4147
4147
4147
4147
4147
4147
4147
4147
4147
4147
4147
4147
4147
4147
4147
4147
4147
4147
4147
4147
4147
4147
4147
4147
4147
4147
4147
4147
4147
4147
4147
4147
4147
4147
4147
4147
4147
4147
4147
4147
4147
4147
4147
4147
4147
4147
4147
4147
4147
4147
4147
4147
4147
4147
4147
4147
4147
4147
4147
4147
4147
4147
4147
4147
4147
4147
4147
4147
4147
4147
4147
4147
4147
4147
4147
4147
4147
4147
4147
4147
4147
4147
4147
4147
4147
4147
4147
4147
4147
4147
4147
4147
4147
4147
4147
4146
4146
4146
4146
4146
4146
4146
4146
4146
4146
4146
4146
4146
4146
4146
4146
4146
4146
4146
4146
4146
4146
4146
4146
4146
4146
4146
4146
4146
4146
4146
4146
4146
4146
4146
4146
4146
4146
4146
4146
4146
4146
4146
4146
4146
4146
4146
4146
4146
4146
4146
4146
4146
4146
4146
4146
4146
4146
4146
4146
4146
4146
4146
4146
4146
4146
4146
4146
4146
4146
4146
4146
4146
4146
4146
4146
4146
4146
4146
4146
4146
4146
4146
4146
4146
4146
4146
4146
4146
4146
4146
4146
4146
4146
4146
4146
4146
4146
4146
4146
4146
4146
4146
4146
4146
4146
4146
4146
4146
4146
4146
4146
4146
4146
4146
4146
4146
4146
4146
4146
4146
4146
4146
4146
4146
4146
4146
4146
4146
4146
4146
4146
4146
4146
4146
4146
4146
4146
4146
4146
4146
4146
4146
4146
4146
4146
4146
4146
4146
4146
4146
4146
4146
4146
4146
4146
4146
4146
4146
4146
4146
4146
4146
4146
4146
4146
4146
4146
4146
4146
4146
4146
4146
4146
4146
4146
4146
4146
4146
4146
4146
4146
4146
4146
4146
4146
4146
4146
4146
4146
4146
4146
4146
4146
4146
4146
4146
4146
4146
4146
4146
4146
4146
4146
4146
4146
4146
4146
4146
4146
4146
4146
4146
4146
4146
4146
4146
4146
4146
4146
4146
4146
4146
4146
4146
4146
4146
4146
4146
4146
4146
4146
4146
4146
4146
4146
4146
4146
4146
4146
4146
4146
4146
4146
4146
4146
4146
4146
4146
4146
4146
4146
4146
4146
4146
4146
4146
4146
4146
4146
4146
4146
4146
4146
4146
4146
4146
4146
4146
4146
4146
4146
4146
4146
4146
4146
4146
4146
4146
4146
4146
4146
4146
4146
4146
4146
4146
4146
4146
4146
4146
4146
4146
4146
4146
4146
4146
4146
4146
4146
4146
4146
4146
4146
4146
4146
4146
4146
4146
4146
4146
4146
4146
4146
4146
4146
4146
4146
4146
4146
4146
4146
4146
4146
4146
4146
4146
4146
4146
4146
4146
4146
4146
4146
4146
4146
4146
4146
4146
4146
4146
4146
4146
4146
4146
4146
4146
4146
4146
4146
4146
4146
4146
4146
4146
4146
4146
4146
4146
4146
4146
4146
4146
4146
4146
4146
4146
4146
4146
4146
4146
4146
4146
4146
4146
4146
4146
4146
4146
4146
4146
4146
4146
4146
4146
4146
4146
4146
4146
4146
4146
4146
4146
4146
4146
4146
4146
4146
4146
4146
4146
4146
4145
4145
4145
4145
4145
4145
4145
4145
4145
4145
4145
4145
4145
4145
4145
4145
4145
4145
4145
4145
4145
4145
4145
4145
4145
4145
4145
4145
4145
4145
4145
4145
4145
4145
4145
4145
4145
4145
4145
4145
4145
4145
4145
4145
4145
4145
4145
4145
4145
4145
4145
4145
4145
4145
4145
4141
4141
4141
4141
4141
4141
4141
4141
4141
4141
4141
4135
4135
4135
4135
4135
4135
4135
4135
4135
4135
4135
4135
4135
4135
4135
4135
4135
4135
4135
4135
4135
4135
4135
4135
4135
4135
4135
4135
4135
4135
4135
4135
4135
4135
4135
4135
4135
4135
4138
4138
4138
4138
4138
4138
4138
4138
4138
4138
4138
4138
4134
4134
4134
4134
4134
4134
4134
4134
4134
4134
4134
4134
4134
4134
4134
4134
4134
4134
4134
4134
4134
4134
4134
4134
4134
4134
4134
4134
4134
4134
4134
4134
4134
4134
4134
4134
4134
4134
4134
4134
4134
4136
4136
4136
4136
4136
4136
4136
4136
4136
4136
4136
4136
4136
4136
4136
4136
4136
4136
4136
4136
4136
4136
4136
4136
4136
4136
4136
4136
4136
4136
4136
4136
4136
4136
4136
4136
4136
4136
4136
4136
4136
4136
4136
4136
4136
4136
4136
4136
4136
4136
4136
4136
4136
4136
4136
4136
4136
4136
4136
4136
4136
4136
4136
4136
4136
4136
4136
4136
4136
4136
4136
4136
4136
4136
4136
4136
4136
4136
4136
4136
4136
4136
4136
4136
4136
4136
4136
4136
4136
4136
4136
4136
4136
4136
4136
4136
4136
4136
4136
4136
4136
4136
4139
4139
4139
4139
4139
4139
4139
4139
4139
4139
4139
4147
4147
4147
4147
4147
4147
4147
4147
4147
4147
4147
4147
4147
4147
4147
4147
4147
4147
4147
4147
4147
4147
4147
4147
4147
4147
4147
4147
4147
4147
4147
4147
4147
4147
4147
4147
4147
4147
4147
4147
4154
4154
4154
4152
4152
4152
4152
4152
4152
4152
4152
4152
4152
4152
4152
4152
4152
4152
4152
4152
4152
4152
4152
4152
4152
4152
4152
4152
4152
4152
4152
4152
4152
4152
4152
4152
4152
4152
4152
4152
4152
4152
4152
4152
4152
4152
4152
4152
4152
4152
4152
4152
4152
4152
4152
4130
4130
4130
4130
4130
4130
4130
4130
4130
4130
4130
4130
4130
4130
4130
4130
4130
4130
4130
4130
4130
4130
4130
4130
4130
4130
4130
4130
4130
4130
4130
4130
4130
4130
4130
4130
4130
4130
4130
4130
4130
4130
4130
4130
4130
4130
4130
4130
4130
4130
4126
4126
4126
4126
4126
4126
4126
4126
4126
4126
4126
4126
4126
4126
4126
4126
4126
4126
4126
4126
4124
4124
4124
4124
4124
4124
4124
4124
4124
4124
4124
4124
4124
4124
4124
4124
4124
4124
4124
4124
4124
4124
4124
4124
4124
4124
4124
4124
4124
4124
4124
4124
4124
4124
4124
4124
4124
4124
4124
4124
4124
4124
4124
4124
4124
4124
4124
4124
4124
4124
4124
4124
4124
4124
4124
4124
4124
4124
4124
4124
4124
4124
4124
4124
4124
4124
4124
4124
4124
4124
4124
4124
4124
4124
4124
4124
4124
4124
4124
4124
4124
4124
4124
4124
4124
4124
4124
4124
4124
4124
4124
4124
4124
4124
4124
4124
4124
4124
4124
4124
4124
4124
4124
4124
4124
4124
4124
4124
4124
4124
4124
4124
4124
4124
4124
4124
4124
4124
4124
4124
4124
4124
4124
4124
4124
4124
4124
4124
4124
4124
4124
4124
4124
4124
4124
4124
4124
4124
4124
4124
4124
4124
4124
4124
4124
4124
4123
4123
4123
4123
4123
4123
4123
4123
4123
4123
4123
4123
4123
4123
4123
4123
4123
4123
4123
4123
4123
4123
4123
4123
4111
4111
4111
4111
4111
4111
4111
4111
4111
4111
4111
4110
4110
4110
4110
4110
4110
4110
4110
4110
4110
4110
4110
4110
4110
4110
4110
4110
4110
4110
4110
4110
4110
4105
4105
4112
4112
4112
4112
4112
4112
4112
4112
4112
4117
4117
4117
4117
4117
4117
4117
4117
4117
4117
4117
4117
4117
4117
4117
4117
4117
4117
4117
4117
4117
4120
4120
4120
4120
4120
4120
4120
4120
4120
4121
4121
4121
4121
4121
4121
4121
4121
4121
4121
4121
4121
4121
4121
4121
4121
4121
4113
4113
4113
4113
4113
4113
4113
4113
4113
4113
4113
4113
4113
4113
4113
4113
4113
4113
4113
4113
4113
4118
4101
4101
4101
4101
4101
4101
4101
4101
4101
4101
4101
4101
4101
4101
4101
4101
4101
4101
4101
4101
4101
4093
4093
4093
4093
4093
4093
4093
4093
4093
4093
4093
4093
4093
4093
4093
4093
4093
4093
4093
4093
4093
4093
4093
4093
4093
4093
4093
4093
4093
4093
4093
4093
4093
4093
4093
4093
4093
4093
4093
4093
4093
4093
4093
4093
4093
4093
4093
4093
4093
4093
4090
4090
4090
4090
4090
4090
4090
4090
4090
4090
4090
4090
4090
4090
4090
4090
4090
4090
4090
4090
4090
4090
4090
4090
4090
4090
4090
4090
4090
4090
4090
4090
4090
4090
4090
4090
4090
4090
4090
4090
4090
4090
4090
4090
4090
4090
4090
4090
4090
4090
4090
4090
4090
4090
4090
4090
4090
4090
4090
4090
4090
4090
4090
4090
4090
4090
4090
4090
4090
4090
4090
4090
4090
4090
4090
4090
4090
4090
4090
4090
4090
4090
4090
4090
4090
4090
4090
4090
4090
4090
4090
4090
4090
4090
4090
4090
4090
4090
4090
4090
4090
4090
4090
4090
4090
4090
4090
4090
4090
4090
4090
4090
4090
4090
4090
4090
4090
4090
4090
4090
4090
4090
4090
4090
4090
4090
4090
4090
4090
4090
4090
4090
4090
4090
4090
4090
4090
4090
4090
4090
4090
4090
4090
4090
4090
4090
4090
4090
4090
4090
4090
4090
4090
4090
4090
4090
4090
4090
4090
4090
4090
4090
4090
4090
4090
4090
4090
4090
4090
4090
4090
4090
4090
4090
4090
4090
4090
4090
4090
4090
4090
4090
4090
4090
4090
4090
4090
4090
4090
4090
4090
4090
4090
4090
4090
4090
4090
4090
4090
4090
4090
4090
4090
4090
4090
4090
4090
4090
4090
4090
4090
4090
4090
4090
4090
4090
4090
4090
4090
4092
4092
4092
4092
4092
4092
4092
4092
4092
4092
4092
4092
4092
4092
4092
4092
4092
4092
4092
4092
4092
4092
4092
4092
4092
4092
4092
4092
4092
4092
4092
4092
4092
4092
4092
4092
4092
4092
4092
4092
4092
4092
4092
4092
4092
4092
4092
4092
4092
4092
4092
4092
4092
4092
4092
4092
4092
4092
4092
4092
4092
4092
4092
4092
4092
4092
4092
4092
4092
4092
4092
4092
4092
4092
4092
4092
4092
4092
4092
4092
4092
4092
4092
4092
4092
4092
4092
4092
4092
4092
4092
4092
4092
4092
4092
4092
4092
4092
4092
4092
4092
4092
4092
4092
4092
4092
4092
4092
4092
4092
4092
4092
4092
4092
4092
4092
4092
4092
4092
4092
4092
4092
4092
4092
4092
4092
4092
4092
4092
4092
4092
4092
4092
4092
4092
4092
4092
4092
4092
4092
4092
4092
4092
4092
4092
4092
4092
4092
4092
4092
4092
4092
4092
4092
4092
4092
4092
4092
4092
4092
4092
4092
4092
4089
4089
4089
4089
4089
4089
4089
4089
4089
4089
4089
4089
4089
4089
4089
4089
4089
4089
4089
4089
4089
4089
4089
4089
4089
4089
4089
4089
4089
4089
4089
4089
4089
4089
4089
4089
4089
4089
4089
4089
4089
4089
4089
4089
4089
4089
4089
4089
4089
4089
4089
4089
4089
4089
4089
4089
4089
4089
4089
4089
4089
4089
4089
4089
4089
4089
4089
4089
4089
4089
4089
4089
4089
4089
4089
4089
4089
4089
4089
4089
4089
4089
4089
4089
4089
4089
4089
4089
4089
4089
4089
4089
4089
4089
4089
4089
4089
4089
4089
4089
4089
4089
4089
4089
4089
4089
4089
4089
4089
4089
4089
4089
4089
4089
4089
4089
4089
4089
4089
4089
4089
4089
4089
4089
4089
4089
4089
4089
4089
4089
4089
4089
4089
4089
4089
4089
4089
4089
4089
4089
4089
4089
4089
4089
4089
4089
4089
4089
4089
4089
4089
4089
4089
4089
4089
4089
4089
4089
4089
4089
4089
4089
4089
4089
4089
4089
4089
4089
4089
4089
4089
4089
4089
4089
4089
4089
4089
4089
4089
4089
4089
4089
4089
4089
4089
4089
4089
4089
4089
4089
4089
4089
4089
4089
4089
4089
4089
4089
4089
4089
4089
4089
4089
4089
4089
4089
4089
4089
4089
4089
4089
4089
4089
4089
4089
4089
4089
4089
4089
4089
4089
4089
4089
4089
4089
4089
4089
4089
4089
4089
4089
4089
4089
4089
4089
4089
4089
4089
4089
4089
4089
4089
4089
4089
4089
4089
4089
4087
4087
4087
4087
4087
4087
4087
4087
4087
4087
4087
4087
4087
4087
4087
4087
4087
4087
4087
4087
4087
4087
4087
4087
4087
4087
4087
4087
4087
4087
4087
4087
4087
4087
4087
4087
4087
4087
4087
4087
4087
4087
4087
4087
4087
4087
4087
4087
4087
4087
4087
4087
4087
4087
4087
4087
4087
4087
4087
4087
4087
4087
4087
4087
4087
4087
4087
4087
4087
4087
4087
4087
4087
4087
4087
4087
4087
4087
4087
4087
4087
4087
4087
4087
4087
4087
4087
4087
4087
4087
4087
4087
4087
4087
4087
4089
4089
4089
4089
4089
4089
4089
4089
4089
4089
4089
4089
4095
4095
4095
4095
4095
4095
4095
4095
4095
4095
4095
4095
4095
4095
4095
4095
4095
4095
4095
4095
4095
4095
4095
4095
4095
4095
4095
4095
4095
4095
4095
4095
4095
4095
4095
4095
4095
4095
4095
4095
4095
4095
4095
4095
4095
4095
4095
