4824
4861
4885
4869
4872
4804
4775
4775
4767
4769
4770
4825
4869
4883
4883
4989
4998
4900
4909
4909
4867
4760
4757
4763
4739
4678
4720
4721
4736
4711
4705
4764
4758
4873
4819
4825
4916
4951
4932
4978
5024
5033
5084
4999
5023
5090
5045
4964
4964
4964
4954
4903
4892
4975
4887
4887
4806
4828
4830
4858
4866
4895
4948
4970
4953
4974
4975
4943
4959
4959
4863
4862
4870
4926
4851
4851
4857
4892
4890
4908
4909
4890
4931
4909
4855
4825
4663
4695
4692
4728
4742
4744
4775
4836
4868
4769
4769
4786
4790
4754
4813
4835
4883
4842
4904
4902
4902
4943
4992
5050
4985
4947
4977
4893
4858
4934
4866
4837
4942
4935
4945
4945
4954
4936
4932
4911
4863
4819
4801
4792
4795
4794
4810
4810
4868
4868
4859
4859
4859
4739
4658
4674
4670
4707
4672
4672
4771
4853
4886
4870
4837
4871
4860
4857
4799
4885
4907
4876
4877
4851
4851
4908
4955
4952
4952
4997
4953
4899
4817
4811
4799
4745
4792
4832
4899
4899
4899
4936
4942
4925
4937
4978
4994
4959
4937
4908
4890
4913
4923
4913
4918
4943
4921
4908
4851
4819
4833
4788
4773
4849
4849
4871
4791
4806
4806
4858
4871
4830
4850
4837
4822
4824
4857
4873
4890
4967
4976
4858
4861
4847
4865
4789
4772
4818
4860
4891
4869
4825
4873
4850
4854
4886
4886
4886
4900
4874
4874
4882
4965
4999
4935
4953
4920
4896
4884
4866
4924
4837
4860
4841
4755
4780
4784
4786
4815
4861
4875
4911
4963
4919
4850
4785
4734
4819
4824
4833
4774
4861
4861
4861
4867
4833
4833
4842
4847
4853
4815
4804
4755
4735
4781
4740
4725
4640
4709
4685
4660
4660
4723
4639
4676
4667
4777
4758
4815
4817
4841
4838
4836
4804
4764
4710
4761
4708
4677
4677
4683
4642
4677
4692
4678
4746
4771
4861
4862
4944
4967
4969
4950
4915
4915
4823
4823
4862
4791
4761
4825
4836
4870
4914
4863
4885
4830
4837
4832
4804
4832
4872
4834
4835
4756
4764
4785
4785
4760
4767
4810
4810
4782
4782
4787
4782
4848
4837
4869
4920
4931
4899
4911
4922
4877
4875
4875
4860
4885
4885
4887
4889
4826
4767
4753
4826
4868
4825
4776
4742
4755
4755
4814
4742
4695
4680
4750
4750
4775
4775
4730
4680
4680
4656
4636
4636
4662
4679
4629
4683
4693
4681
4741
4741
4731
4772
4815
4779
4820
4860
4844
4844
4820
4843
4773
4795
4843
4935
4905
4930
4929
4870
4778
4778
4890
4984
4958
5025
5027
5000
5046
5048
5072
5076
5113
5125
5081
4968
5023
4961
4944
4944
4911
4880
4912
4912
4904
4948
4889
4885
4883
4863
4893
4849
4908
4962
4915
4965
4992
4992
4953
4960
4969
4952
4952
5022
4977
4977
5025
5034
5027
5047
5076
5066
5059
5029
5008
4921
4932
4932
5002
5032
4990
4938
4976
4990
4949
4987
4987
4924
4906
4906
4906
4906
4846
4876
4858
4772
4799
4823
4783
4796
4783
4814
4843
4819
4817
4840
4768
4796
4817
4817
4823
4820
4731
4682
4810
4784
4801
4756
4685
4741
4765
4765
4713
4760
4760
4760
4740
4787
4856
4835
4834
4778
4856
4861
4812
4789
4755
4747
4752
4811
4824
4851
4851
4827
4797
4819
4825
4807
4790
4817
4852
4826
4822
4800
4826
4826
4826
4892
5000
4925
4943
4890
4890
4946
5002
5040
5047
5042
4926
4926
4926
4930
4916
4840
4841
4801
4883
4883
4786
4753
4789
4819
4819
4840
4826
4832
4796
4804
4790
4814
4818
4771
4871
4875
4902
4902
4986
4881
4891
4884
4956
4920
4855
4835
4846
4866
4866
4850
4864
4813
4831
4863
4878
4978
4910
4979
4980
4960
4993
4878
4797
4887
4856
4970
4955
4955
4955
4965
4964
4973
5034
5027
5124
5125
5076
5062
5045
5026
5038
5003
4987
4987
4945
4964
4997
5026
5057
5057
4936
4929
4890
4890
4890
4881
4988
4969
4961
4945
4991
4991
4955
4868
4823
4823
4807
4869
4849
4754
4754
4784
4844
4806
4810
4848
4869
4924
4924
4954
4931
5012
4954
4954
4945
4896
4905
4953
4926
4885
4874
4824
4822
4866
4964
4964
4904
4876
4828
4927
4911
4971
4906
4943
4886
4842
4803
4800
4833
4872
4872
4869
4861
4827
4797
4797
4797
4813
4819
4768
4855
4879
4879
4909
4835
4908
4865
4878
4878
4853
4780
4829
4829
4849
4888
4867
4786
4843
4853
4869
4869
4847
4839
4882
4863
4863
4865
4844
4801
4871
4907
4883
4951
5006
4920
4912
4899
4839
4816
4742
4742
4739
4827
4812
4794
4811
4854
4779
4728
4787
4774
4805
4813
4798
4818
4845
4845
4827
4837
4837
4846
4862
4885
4874
4916
4907
4906
4865
4886
4851
4866
4846
4861
4885
4858
4829
4887
4971
4943
4903
4918
4934
4919
4976
4890
4949
4944
4944
4951
4929
4960
5024
5036
5000
5028
4944
4940
4928
4870
4819
4879
4852
4852
4790
4839
4806
4852
4766
4843
4834
4826
4826
4795
4797
4756
4789
4818
4779
4751
4670
4670
4755
4755
4779
4772
4848
4930
4973
4938
4930
4911
5046
5046
5046
5035
5035
5010
5010
4990
4950
4942
4967
5003
4997
5020
5020
5049
5049
4988
4981
4970
4970
4984
4960
4912
4817
4744
4744
4793
4790
4801
4801
4766
4794
4701
4740
4761
4795
4774
4774
4776
4783
4718
4804
4767
4758
4698
4692
4666
4651
4703
4671
4717
4743
4777
4790
4728
4692
4692
4692
4729
4768
4768
4781
4838
4824
4865
4847
4844
4848
4848
4925
4933
5029
5022
5066
4993
5071
5055
4997
5003
5018
4960
4999
5023
4980
5022
4917
4894
4894
4860
4890
4880
4837
4772
4855
4855
4871
4875
4830
4848
4890
4890
4886
4900
4946
4923
4923
4924
4924
4962
4916
4926
4917
4997
4950
4864
4839
4830
4836
4831
4791
4851
4793
4725
4748
4758
4758
4778
4757
4697
4736
4727
4730
4730
4784
4765
4763
4750
4706
4660
4698
4771
4777
4804
4795
4697
4701
4684
4716
4716
4693
4635
4680
4680
4605
4633
4664
4679
4644
4614
4608
4686
4726
4781
4771
4725
4724
4770
4749
4726
4718
4691
4706
4706
4697
4742
4760
4732
4755
4779
4771
4737
4757
4769
4833
4902
4918
4931
4931
4931
4988
4980
5078
5006
5087
5114
5183
5127
5044
4991
4976
5005
5005
5023
5035
4998
5006
5006
5014
5018
5018
4956
4923
4909
4980
4864
4864
4912
4870
4910
4912
4904
4889
4889
4864
4864
4864
4873
4851
4763
4792
4708
4704
4764
4764
4759
4842
4818
4825
4849
4847
4856
4894
4843
4965
4953
4896
4889
4913
4977
4970
4915
4887
4827
4806
4797
4819
4812
4812
4845
4864
4963
4880
4928
4769
4797
4839
4839
4832
4832
4850
4859
4769
4817
4826
4816
4908
4888
4959
4901
4774
4720
4672
4686
4702
4794
4835
4877
4838
4975
4918
4980
4922
4924
4973
5021
4932
4977
4930
4909
4878
4867
4721
4777
4730
4793
4751
4663
4663
4569
4569
4569
4569
4604
4549
4514
4504
4532
4566
4635
4628
4652
4688
4647
4710
4696
4709
4709
4652
4652
4652
4652
4605
4605
4650
4576
4686
4718
4761
4796
4816
4828
4802
4802
4838
4776
4805
4826
4859
4897
4891
4895
4825
4757
4809
4809
4839
4779
4746
4728
4738
4773
4802
4775
4808
4782
4812
4824
4804
4664
4675
4752
4811
4845
4851
4828
4828
4790
4861
4869
4842
4869
4937
4956
4908
4888
4945
5000
4986
4992
4954
4937
4934
4929
5034
5071
5055
4932
4924
4926
4920
4860
4860
4865
4935
4935
4978
4978
5039
5050
5009
5037
4980
5025
5039
5026
5014
5014
5023
5023
4931
4949
4959
4959
5066
5050
5044
5125
5125
5068
5068
5068
5041
5125
5152
5223
5203
5193
5187
5223
5253
5250
5232
5248
5302
5342
5341
5375
5316
5315
5269
5225
5289
5319
5326
5358
5366
5335
5275
5275
5275
5326
5202
5166
5112
5101
5070
5070
5034
5080
5033
5130
5130
5225
5167
5185
5185
5103
5130
5121
5178
5091
5077
5077
5063
5078
5078
5122
5063
5047
5047
4962
4977
4977
4994
5011
5007
4999
4988
5042
5051
5173
5173
5166
5172
5113
5119
5142
5137
5145
5130
5148
5103
5103
5066
5139
5139
5024
4966
4932
5026
5074
5080
5032
4996
4933
4919
4899
4857
4919
4919
4821
4797
4818
4800
4814
4858
4899
4899
4874
4766
4750
4747
4792
4722
4728
4717
4698
4698
4655
4728
4817
4786
4782
4744
4744
4767
4788
4840
4803
4778
4781
4832
4832
4859
4829
4832
4802
4825
4825
4825
4861
4965
4914
4938
4943
4916
4839
4839
4859
4893
4893
4896
4860
4826
4805
4824
4801
4831
4825
4871
4894
4910
4881
4947
4917
4940
4837
4821
4812
4815
4791
4801
4859
4811
4744
4751
4782
4685
4740
4740
4740
4740
4886
4752
4811
4833
4825
4847
4760
4747
4737
4824
4761
4803
4693
4693
4701
4749
4816
4812
4828
4828
4818
4827
4869
4745
4730
4687
4741
4771
4850
4890
4890
4863
4776
4830
4858
4833
4804
4889
4883
4803
4803
4830
4830
4795
4714
4668
4684
4759
4675
4675
4706
4739
4742
4732
4705
4793
4778
4749
4783
4827
4827
4807
4720
4729
4749
4781
4781
4797
4793
4736
4687
4644
4683
4735
4747
4748
4705
4733
4768
4810
4810
4852
4865
4907
4903
4896
4824
4757
4769
4769
4799
4800
4838
4851
4879
4866
4918
4918
4962
4892
4853
4838
4868
4884
4874
4857
4800
4863
4914
4914
4757
4709
4668
4650
4629
4629
4671
4669
4669
4627
4644
4652
4709
4707
4827
4847
4829
4816
4660
4638
4718
4688
4684
4670
4691
4830
4843
4815
4807
4787
4770
4857
4915
4741
4779
4693
4676
4709
4755
4756
4787
4817
4893
4872
4872
4858
4895
4913
4841
4869
4840
4811
4838
4838
4771
4693
4718
4843
4820
4792
4793
4777
4773
4781
4794
4781
4781
4781
4759
4755
4724
4668
4690
4700
4749
4738
4759
4773
4857
4857
4833
4826
4914
4860
4848
4858
4863
4842
4852
4888
4918
4918
4947
4871
4862
4856
4854
4899
4899
4940
4923
4923
4920
4846
4795
4806
4806
4814
4814
4867
4814
4767
4719
4732
4740
4851
4841
4879
4869
4858
4867
4819
4861
4864
4835
4906
4959
4942
4872
4852
4834
4861
4850
4913
4893
4860
4860
4860
4865
4876
4803
4817
4821
4834
4826
4828
4832
4888
4913
4913
4859
4851
4861
4857
4857
4857
4857
4845
4926
4943
4981
4918
4999
4948
4971
4967
4970
4998
4960
4974
4991
4955
4959
5002
5105
4992
4849
4898
4718
4797
4676
4709
4709
4669
4671
4607
4500
4558
4558
4517
4488
4555
4601
4586
4589
4589
4602
4614
4591
4682
4613
4597
4597
4594
4579
4579
4642
4783
4783
4796
4764
4696
4673
4685
4662
4720
4802
4888
4928
4911
4964
4912
4870
4803
4785
4682
4611
4609
4585
4662
4702
4722
4686
4753
4700
4735
4723
4720
4658
4688
4688
4754
4742
4771
4775
4869
4917
4945
4961
4973
5018
5039
4997
4940
4963
4995
4968
4971
4922
4893
4923
4837
4858
4856
4833
4893
4894
4924
4842
4879
4923
4860
4891
4883
4840
4793
4757
4790
4795
4782
4760
4837
4796
4769
4748
4722
4723
4723
4755
4755
4868
4793
4773
4765
4781
4735
4736
4744
4815
4815
4766
4750
4804
4849
4825
4825
4825
4929
4940
4900
4877
4833
4779
4804
4843
4830
4763
4740
4711
4740
4798
4872
4904
4879
4826
4825
4825
4805
4831
4882
4877
4894
4927
4927
4881
4881
4867
4820
4839
4770
4831
4777
4826
4826
4833
4857
4826
4774
4745
4874
4939
4961
4975
4975
4889
4941
4903
4883
4881
4905
4905
4871
4858
4821
4866
4869
4869
4849
4849
4849
4868
4850
4880
4889
4892
4936
4936
4901
5002
5017
4920
4883
4854
4911
4921
4912
4912
4790
4812
4800
4807
4844
4794
4838
4826
4825
4838
4878
4861
4852
4886
4901
4966
4983
5015
4991
4882
4933
4903
4910
4974
4990
5036
5072
5015
4926
4890
4890
4882
4919
4939
4899
4840
4834
4830
4824
4829
4829
4855
4853
4894
4894
4873
4866
4912
4975
4884
4813
4795
4727
4841
4831
4845
4756
4811
4811
4790
4767
4767
4861
4779
4811
4831
4723
4723
4770
4730
4730
4751
4771
4788
4773
4806
4840
4748
4783
4759
4759
4721
4723
4723
4725
4702
4689
4675
4682
4713
4693
4700
4790
4839
4839
4866
4864
4849
4860
4799
4671
4714
4700
4715
4697
4653
4662
4713
4695
4712
4749
4714
4665
4696
4747
4747
4695
4766
4723
4745
4711
4747
4807
4753
4748
4735
4803
4769
4798
4766
4721
4756
4801
4835
4820
4784
4786
4726
4783
4804
4838
4839
4788
4800
4800
4860
4816
4780
4793
4824
4827
4832
4848
4818
4787
4787
4747
4716
4704
4705
4696
4706
4732
4760
4799
4799
4894
4904
4904
4904
4900
4900
4888
4872
4872
4872
4840
4881
4886
4979
4939
4939
4885
4900
4832
4929
4898
4935
4876
4874
4874
4884
4860
4879
4863
4863
4876
4828
4833
4833
4843
4727
4757
4793
4820
4833
4833
4815
4815
4883
4862
4848
4810
4844
4892
4904
4932
4939
4912
4958
4961
4968
4968
4927
4829
4840
4840
4898
4898
4910
4959
4931
4895
4853
4853
4839
4789
4809
4801
4801
4689
4734
4705
4705
4644
4705
4705
4691
4665
4724
4683
4607
4607
4593
4671
4612
4643
4643
4646
4622
4745
4799
4770
4786
4766
4766
4750
4787
4787
4787
4778
4825
4762
4757
4787
4801
4795
4802
4823
4767
4732
4748
4791
4699
4721
4698
4724
4724
4713
4735
4724
4724
4793
4793
4863
4908
4908
4767
4764
4766
4777
4748
4768
4768
4833
4916
4859
4769
4758
4790
4785
4785
4785
4754
4749
4743
4754
4785
4818
4740
4767
4741
4741
4659
4647
4671
4649
4631
4637
4679
4672
4699
4686
4664
4690
4690
4690
4639
4652
4663
4663
4657
4657
4686
4684
4701
4756
4766
4766
4740
4738
4717
4752
4730
4754
4685
4648
4636
4636
4636
4624
4673
4641
4598
4598
4588
4588
4580
4580
4576
4611
4579
4680
4680
4680
4606
4669
4684
4758
4806
4824
4809
4809
4788
4788
4828
4878
4871
4876
4881
4873
4879
4868
4823
4875
4831
4817
4791
4781
4862
4848
4853
4861
4808
4873
4848
4798
4788
4788
4783
4702
4764
4748
4787
4749
4758
4785
4797
4808
4794
4794
4794
4685
4697
4716
4740
4717
4720
4732
4728
4746
4826
4775
4806
4767
4767
4767
4820
4835
4793
4878
4914
4861
4858
4803
4832
4842
4894
4852
4852
4861
4901
4861
4885
4942
4982
4952
4939
4968
4991
4932
4907
4844
4844
4844
4856
4835
4823
4788
4788
4703
4669
4684
4684
4697
4716
4739
4783
4755
4781
4744
4744
4668
4658
4658
4654
4654
4636
4669
4669
4687
4648
4656
4618
4647
4628
4628
4664
4654
4624
4626
4564
4601
4606
4622
4654
4656
4643
4734
4781
4779
4779
4712
4741
4737
4716
4734
4765
4722
4812
4816
4845
4750
4814
4814
4817
4759
4749
4750
4790
4825
4798
4788
4764
4823
4802
4776
4773
4786
4830
4860
4777
4777
4817
4834
4784
4814
4900
4920
4886
4884
4761
4773
4781
4748
4735
4735
4742
4742
4803
4893
4862
4816
4831
4835
4791
4787
4826
4817
4813
4858
4769
4736
4732
4704
4752
4760
4760
4711
4711
4791
4798
4810
4780
4780
4786
4806
4806
4806
4806
4719
4656
4722
4779
4804
4859
4843
4824
4919
4861
4838
4869
4957
4945
4945
4922
4922
4959
4973
4950
4950
4950
4877
4928
4941
4890
4907
4950
4972
4972
4920
5053
5049
4982
4954
4909
4909
4793
4840
4798
4784
4854
4819
4814
4788
4723
4678
4760
4825
4825
4885
4857
4798
4798
4781
4811
4793
4761
4788
4743
4734
4725
4701
4701
4738
4691
4700
4695
4710
4746
4683
4731
4731
4664
4683
4648
4648
4648
4648
4554
4619
4525
4501
4516
4630
4567
4619
4624
4634
4634
4560
4560
4599
4579
4603
4638
4510
4510
4490
4517
4512
4542
4529
4515
4532
4601
4609
4629
4612
4644
4677
4683
4731
4731
4796
4841
4815
4800
4847
4904
4895
4835
4933
4943
4905
4950
4950
4950
4923
4915
4902
4903
4903
4872
4872
4964
5000
5003
4984
4992
5028
5028
5015
5015
5006
5006
5053
5060
5012
4899
4870
4718
4733
4722
4717
4798
4782
4808
4876
4885
4866
4855
4933
4951
4899
4961
4944
4973
4979
4903
4855
4859
4816
4844
4850
4850
4850
4852
4934
4924
4863
4869
4856
4884
4884
4953
4915
4793
4745
4745
4778
4817
4736
4825
4925
4943
4907
4880
4818
4856
4839
4839
4808
4893
4893
4876
4876
4897
4868
4883
4836
4755
4770
4779
4837
4837
4813
4797
4805
4805
4775
4750
4718
4719
4691
4704
4720
4658
4658
4691
4634
4692
4692
4734
4699
4697
4757
4755
4766
4742
4767
4782
4758
4741
4721
4726
4757
4735
4792
4780
4800
4746
4746
4744
4744
4682
4682
4652
4682
4703
4738
4729
4706
4776
4776
4776
4824
4870
4836
4815
4815
4888
4907
4960
4886
4891
4870
4870
4928
4887
4885
4878
4902
4902
4879
4941
4978
5011
5017
4983
4983
4996
5026
4987
5009
4961
4881
4870
4825
4764
4762
4779
4738
4785
4783
4791
4791
4778
4804
4774
4729
4729
4752
4755
4755
4820
4855
4828
4828
4823
4823
4823
4811
4821
4835
4849
4847
4847
4865
4865
4853
4843
4892
4892
4926
4924
4924
4891
4886
4896
4896
4876
4903
4923
4939
4898
4910
4841
4823
4883
4868
4834
4834
4834
4834
4834
4834
4843
4901
4774
4791
4794
4767
4778
4791
4813
4769
4783
4780
4736
4735
4725
4725
4770
4686
4686
4759
4848
4874
4888
4903
4903
4837
4824
4840
4764
4801
4849
4854
4865
4869
4817
4844
4843
4843
4843
4817
4817
4791
4720
4720
4720
4761
4788
4723
4672
4672
4716
4716
4700
4700
4700
4827
4820
4842
4883
4982
4898
4864
4873
4822
4850
4809
4808
4815
4740
4722
4793
4751
4774
4777
4737
4737
4724
4723
4695
4738
4749
4749
4769
4743
4743
4844
4799
4722
4711
4700
4780
4775
4780
4780
4808
4780
4858
4858
4858
4858
4855
4855
4910
4866
4896
4898
4946
4919
4919
4919
4915
4934
4955
4884
4794
4774
4741
4871
4857
4838
4806
4814
4830
4772
4747
4779
4837
4890
4824
4853
4882
4827
4789
4789
4781
4845
4861
4861
4931
4905
4739
4725
4725
4725
4777
4764
4799
4809
4828
4828
4803
4770
4827
4833
4853
4861
4783
4766
4766
4783
4783
4783
4783
4808
4823
4828
4846
4910
4871
4864
4888
4870
4792
4824
4824
4795
4795
4795
4818
4779
4717
4757
4741
4769
4769
4777
4771
4804
4874
4888
4880
4898
5001
4978
4913
4922
4922
4919
4919
4954
4954
4954
4954
4892
4929
4917
4917
4947
4929
4816
4835
4756
4747
4730
4770
4770
4770
4694
4739
4738
4738
4770
4817
4817
4851
4773
4773
4802
4819
4819
4799
4828
4822
4798
4820
4818
4818
4812
4869
4787
4770
4786
4797
4831
4785
4733
4733
4733
4733
4703
4698
4700
4714
4682
4702
4722
4722
4722
4755
4760
4757
4791
4791
4751
4779
4796
4796
4822
4822
4861
4873
4814
4780
4661
4685
4674
4602
4631
4631
4631
4641
4666
4637
4656
4623
4592
4566
4586
4492
4515
4478
4503
4521
4581
4601
4613
4613
4613
4631
4686
4684
4684
4706
4742
4767
4740
4739
4730
4735
4716
4682
4749
4749
4749
4748
4714
4751
4757
4731
4731
4731
4775
4792
4752
4779
4779
4759
4786
4790
4820
4796
4778
4778
4884
4857
4865
4882
4902
4867
4890
4859
4921
4825
4827
4853
4830
4828
4835
4895
4900
4882
4883
4781
4781
4729
4759
4766
4750
4799
4808
4808
4782
4703
4659
4659
4748
4765
4740
4817
4719
4735
4719
4719
4730
4735
4633
4689
4680
4669
4669
4726
4728
4728
4761
4769
4786
4834
4881
4878
4921
4959
4897
4884
4889
4889
4873
4893
4827
4851
4880
4949
4899
4833
4747
4778
4778
4757
4768
4776
4781
4781
4800
4825
4765
4777
4777
4820
4830
4843
4927
4870
4764
4745
4745
4759
4801
4801
4900
4900
4896
4884
4881
4856
4856
4904
4904
4905
4878
4852
4852
4844
4849
4887
4903
4878
4878
4878
4775
4811
4811
4828
4828
4790
4844
4844
4844
4852
4852
4814
4814
4785
4785
4834
4792
4808
4826
4826
4852
4806
4801
4822
4810
4762
4804
4811
4824
4866
4853
4853
4853
4751
4726
4739
4686
4686
4676
4695
4652
4797
4785
4785
4730
4673
4738
4705
4680
4704
4681
4637
4637
4646
4646
4646
4700
4653
4624
4669
4670
4684
4713
4731
4731
4731
4731
4731
4731
4760
4803
4799
4788
4767
4693
4704
4759
4781
4834
4868
4840
4886
4886
4845
4868
4753
4753
4756
4756
4730
4700
4747
4800
4797
4810
4837
4830
4879
4924
4936
4914
4921
4938
4946
4987
4896
4903
4827
4826
4765
4796
4809
4809
4786
4751
4751
4751
4751
4712
4669
4657
4657
4650
4687
4687
4662
4639
4608
4689
4673
4678
4623
4623
4636
4636
4636
4658
4658
4658
4658
4642
4642
4642
4642
4603
4603
4603
4571
4582
4632
4643
4682
4672
4710
4726
4726
4748
4813
4809
4769
4738
4754
4700
4700
4743
4656
4663
4650
4650
4601
4530
4530
4540
4563
4563
4668
4674
4681
4687
4663
4647
4757
4680
4680
4616
4605
4681
4627
4627
4658
4689
4699
4699
4739
4774
4774
4844
4845
4767
4857
4844
4852
4930
4958
4921
4912
4914
4875
4857
4823
4832
4823
4823
4781
4781
4759
4743
4739
4746
4778
4811
4759
4768
4844
4914
4914
4931
4863
4863
4772
4810
4776
4776
4832
4891
4925
4894
4883
4853
4799
4750
4749
4749
4730
4788
4790
4720
4658
4706
4654
4720
4682
4682
4687
4665
4648
4676
4676
4631
4631
4649
4682
4703
4703
4743
4753
4753
4753
4726
4800
4830
4856
4838
4800
4800
4781
4755
4832
4796
4796
4822
4799
4801
4801
4818
4744
4667
4648
4677
4732
4752
4717
4717
4717
4677
4683
4678
4682
4703
4693
4662
4623
4596
4624
4626
4706
4708
4679
4680
4709
4663
4718
4645
4645
4645
4609
4599
4640
4594
4594
4603
4546
4542
4496
4496
4520
4523
4497
4532
4516
4529
4541
4513
4586
4551
4557
4550
4560
4575
4604
4607
4653
4653
4646
4678
4727
4727
4724
4756
4774
4693
4747
4780
4780
4780
4780
4780
4792
4792
4792
4711
4713
4705
4705
4691
4603
4603
4576
4612
4634
4651
4586
4622
4682
4698
4707
4659
4725
4728
4654
4678
4726
4657
4735
4735
4722
4722
4711
4709
4709
4730
4757
4715
4760
4736
4774
4705
4777
4733
4784
4800
4727
4743
4851
4851
4851
4851
4851
4810
4911
4883
4883
4831
4872
4872
4853
4853
4848
4848
4843
4871
4826
4875
4848
4840
4832
4849
4859
4863
4858
4853
4882
4881
4881
4788
4798
4794
4794
4764
4764
4789
4789
4879
4887
4789
4706
4706
4661
4581
4526
4507
4551
4646
4646
4665
4665
4684
4683
4726
4626
4626
4719
4694
4622
4622
4622
4633
4616
4596
4607
4607
4558
4558
4589
4589
4598
4702
4665
4665
4665
4652
4650
4650
4440
4436
4419
4440
4440
4491
4517
4477
4477
4477
4477
4477
4477
4477
4477
4474
4474
4478
4478
4513
4556
4556
4565
4512
4572
4567
4567
4567
4572
4572
4567
4567
4660
4646
4608
4609
4609
4609
4606
4702
4658
4721
4721
4748
4748
4769
4759
4642
4800
4800
4800
4802
4797
4797
4810
4845
4775
4854
4843
4843
4852
4827
4735
4735
4727
4817
4778
4745
4771
4763
4788
4777
4777
4813
4801
4753
4731
4739
4821
4829
4857
4857
4797
4797
4797
4785
4811
4795
4788
4770
4727
4731
4732
4732
4732
4733
4800
4841
4839
4839
4846
4903
4940
4966
4897
4881
4865
4855
4815
4808
4834
4731
4657
4680
4680
4705
4705
4815
4775
4805
4773
4760
4706
4706
4706
4706
4707
4707
4707
4707
4681
4681
4681
4615
4647
4624
4592
4592
4613
4617
4642
4628
4534
4552
4541
4541
4578
4562
4646
4637
4659
4659
4687
4687
4687
4676
4670
4647
4655
4655
4677
4697
4677
4714
4714
4714
4714
4720
4739
4742
4764
4834
4828
4836
4826
4873
4871
4919
4899
4899
4847
4806
4850
4820
4741
4680
4680
4680
4646
4649
4688
4732
4731
4731
4731
4761
4738
4738
4692
4692
4699
4787
4785
4775
4911
4911
4915
4915
4867
4830
4824
4824
4824
4808
4771
4746
4756
4756
4767
4731
4757
4740
4688
4660
4660
4657
4657
4657
4620
4605
4615
4615
4615
4649
4736
4736
4709
4693
4679
4679
4679
4790
4790
4740
4740
4744
4720
4692
4638
4647
4647
4683
4716
4685
4704
4761
4865
4902
4904
4829
4829
4829
4774
4774
4774
4767
4806
4778
4778
4778
4778
4843
4829
4842
4925
4894
4929
4946
4959
4941
4912
4912
4934
4970
4970
4924
4931
5000
4862
4779
4766
4729
4745
4745
4719
4712
4801
4832
4807
4807
4807
4790
4790
4790
4807
4812
4791
4791
4740
4789
4789
4793
4807
4771
4809
4767
4755
4755
4755
4707
4707
4683
4680
4680
4680
4627
4663
4663
4663
4663
4663
4668
4670
4670
4672
4672
4672
4688
4733
4733
4693
4751
4719
4719
4728
4770
4805
4784
4705
4740
4740
4740
4740
4727
4741
4750
4662
4662
4662
4662
4673
4673
4657
4647
4646
4637
4633
4633
4670
4729
4740
4740
4733
4733
4673
4673
4710
4712
4761
4732
4648
4655
4590
4618
4618
4590
4598
4598
4598
4607
4603
4629
4655
4655
4655
4667
4721
4721
4715
4725
4685
4687
4723
4721
4721
4721
4721
4782
4742
4763
4763
4764
4764
4773
4775
4775
4775
4800
4800
4827
4773
4773
4861
4861
4912
4801
4801
4740
4674
4690
4693
4762
4781
4748
4760
4760
4771
4763
4763
4739
4683
4680
4731
4756
4753
4753
4761
4814
4786
4786
4761
4744
4769
4728
4736
4795
4860
4833
4833
4898
4847
4847
4832
4832
4843
4846
4846
4857
4828
4828
4828
4851
4826
4826
4820
4802
4802
4790
4810
4816
4789
4789
4792
4806
4725
4725
4775
4682
4701
4649
4670
4670
4661
4716
4716
4686
4713
4713
4713
4705
4676
4602
4627
4615
4647
4647
4654
4658
4592
4576
4576
4644
4574
4590
4578
4578
4578
4629
4560
4560
4560
4560
4560
4571
4551
4541
4551
4597
4601
4601
4601
4601
4566
4566
4606
4588
4588
4588
4638
4627
4627
4632
4569
4547
4548
4475
4488
4494
4454
4416
4370
4373
4416
4416
4428
4478
4478
4498
4498
4498
4514
4514
4549
4549
4496
4560
4560
4560
4560
4552
4611
4611
4625
4625
4633
4610
4604
4640
4582
4585
4585
4571
4571
4540
4540
4542
4542
4560
4581
4504
4509
4509
4520
4539
4580
4532
4531
4531
4529
4478
4483
4506
4506
4524
4622
4646
4577
4580
4578
4611
4611
4611
4597
4576
4576
4576
4552
4542
4542
4542
4525
4583
4563
4565
4596
4577
4520
4520
4520
4496
4496
4496
4557
4529
4525
4525
4525
4566
4566
4566
4639
4596
4547
4547
4512
4512
4512
4491
4491
4486
4486
4434
4421
4420
4430
4413
4457
4457
4425
4459
4459
4466
4508
4434
4434
4444
4431
4431
4424
4424
4424
4409
4410
4464
4464
4463
4463
4411
4411
4393
4422
4422
4389
4385
4358
4353
4366
4366
4366
4366
4432
4454
4435
4435
4376
4376
4408
4411
4423
4423
4423
4423
4465
4465
4487
4487
4487
4512
4512
4497
4478
4493
4493
4557
4557
4570
4566
4657
4639
4639
4634
4643
4643
4643
4638
4617
4591
4593
4593
4593
4593
4607
4590
4580
4558
4561
4531
4588
4594
4645
4645
4688
4693
4713
4661
4667
4667
4645
4580
4580
4580
4568
4568
4568
4568
4568
4599
4665
4674
4676
4735
4735
4735
4628
4606
4597
4598
4598
4598
4627
4607
4607
4607
4599
4596
4596
4596
4596
4596
4588
4588
4610
4610
4608
4567
4621
4625
4625
4572
4646
4641
4641
4641
4641
4664
4694
4694
4694
4684
4685
4673
4708
4726
4741
4741
4780
4780
4828
4837
4783
4749
4777
4832
4832
4832
4853
4861
4799
4795
4780
4791
4772
4772
4772
4776
4774
4824
4824
4824
4811
4809
4796
4791
4791
4826
4826
4826
4860
4746
4758
4796
4796
4796
4796
4808
4796
4796
4796
4840
4840
4799
4799
4746
4746
4746
4746
4717
4717
4717
4717
4712
4702
4686
4722
4700
4700
4702
4702
4702
4702
4727
4727
4792
4792
4811
4815
4815
4833
4764
4764
4764
4728
4712
4720
4709
4656
4656
4656
4640
4640
4640
4653
4653
4652
4652
4590
4603
4620
4639
4635
4635
4638
4575
4580
4580
4580
4580
4644
4672
4678
4678
4678
4678
4689
4689
4678
4650
4630
4630
4630
4630
4666
4666
4666
4673
4622
4591
4591
4591
4651
4651
4608
4555
4578
4578
4565
4586
4571
4611
4719
4724
4724
4728
4760
4760
4819
4791
4791
4791
4776
4864
4863
4888
4903
4903
4915
4915
4912
4912
4842
4858
4858
4858
4900
4879
4912
4849
4832
4832
4832
4832
4833
4838
4838
4896
4890
4789
4731
4731
4731
4744
4751
4712
4678
4678
4650
4633
4656
4627
4637
4637
4637
4637
4654
4618
4618
4618
4602
4610
4587
4633
4679
4679
4679
4679
4675
4692
4687
4687
4625
4645
4645
4664
4637
4591
4591
4653
4666
4624
4552
4552
4498
4498
4498
4516
4516
4519
4519
4546
4594
4600
4600
4584
4584
4601
4601
4666
4666
4666
4634
4645
4645
4630
4576
4617
4617
4599
4599
4599
4609
4609
4671
4741
4741
4723
4683
4693
4693
4625
4608
4629
4644
4664
4664
4649
4649
4649
4668
4664
4683
4683
4661
4661
4672
4672
4672
4672
4694
4678
4695
4695
4720
4720
4645
4614
4614
4651
4645
4645
4645
4645
4674
4674
4705
4720
4720
4701
4683
4670
4656
4672
4672
4656
4656
4618
4607
4584
4622
4622
4645
4631
4631
4594
4594
4594
4594
4575
4623
4580
4580
4580
4580
4582
4590
4590
4590
4622
4605
4607
4633
4677
4601
4570
4570
4570
4570
4570
4567
4567
4567
4581
4581
4581
4581
4547
4547
4547
4519
4519
4519
4557
4565
4565
4565
4565
4565
4565
4565
4565
4556
4556
4556
4556
4556
4541
4542
4542
4542
4520
4520
4645
4630
4630
4630
4565
4561
4632
4638
4669
4669
4680
4649
4558
4558
4561
4576
4576
4552
4552
4513
4538
4538
4527
4527
4527
4543
4549
4566
4566
4566
4540
4540
4537
4537
4537
4535
4535
4534
4534
4570
4572
4572
4572
4577
4564
4564
4564
4570
4570
4521
4521
4514
4514
4515
4504
4536
4536
4521
4513
4537
4537
4595
4595
4596
4596
4580
4564
4627
4643
4643
4585
4605
4605
4604
4614
4594
4596
4588
4552
4552
4528
4512
4512
4512
4492
4499
4499
4516
4514
4514
4514
4514
4514
4514
4530
4530
4546
4546
4543
4542
4542
4546
4566
4544
4544
4564
4568
4596
4596
4551
4551
4551
4551
4551
4551
4561
4559
4559
4559
4553
4540
4575
4582
4566
4608
4608
4545
4585
4610
4625
4611
4641
4641
4641
4641
4644
4644
4633
4634
4690
4690
4668
4670
4639
4639
4637
4615
4615
4575
4561
4561
4560
4560
4560
4603
4628
4628
4566
4566
4566
4566
4566
4566
4566
4566
4610
4573
4573
4584
4575
4575
4635
4635
4550
4550
4577
4577
4577
4551
4593
4556
4556
4540
4540
4540
4543
4517
4517
4531
4573
4573
4573
4575
4595
4627
4633
4595
4595
4530
4530
4544
4570
4628
4628
4597
4592
4592
4601
4601
4601
4601
4601
4601
4601
4601
4601
4601
4601
4570
4570
4565
4562
4562
4595
4635
4635
4609
4609
4609
4624
4624
4606
4687
4665
4665
4669
4666
4666
4666
4666
4696
4696
4696
4696
4695
4659
4681
4684
4684
4684
4684
4682
4702
4702
4677
4677
4592
4519
4519
4519
4519
4505
4505
4505
4505
4505
4505
4558
4558
4558
4558
4558
4558
4615
4608
4608
4613
4578
4625
4527
4524
4524
4524
4524
4524
4544
4552
4571
4571
4560
4547
4547
4547
4547
4547
4533
4533
4533
4533
4517
4517
4517
4517
4517
4517
4517
4517
4563
4563
4583
4537
4537
4537
4573
4566
4566
4586
4586
4586
4586
4564
4564
4512
4540
4559
4559
4559
4518
4497
4497
4497
4511
4487
4487
4487
4487
4487
4487
4514
4514
4514
4514
4509
4509
4527
4527
4529
4529
4548
4548
4560
4552
4552
4522
4522
4497
4497
4526
4526
4527
4527
4494
4494
4517
4517
4517
4517
4517
4517
4526
4583
4592
4592
4592
4575
4575
4614
4614
4553
4553
4553
4611
4619
4611
4611
4611
4611
4632
4628
4650
4650
4650
4649
4590
4590
4590
4590
4617
4617
4617
4617
4660
4668
4668
4668
4668
4674
4674
4674
4688
4688
4688
4688
4710
4710
4683
4694
4696
4690
4690
4654
4702
4698
4698
4684
4679
4642
4642
4642
4642
4642
4642
4642
4625
4625
4639
4639
4639
4651
4651
4651
4646
4628
4628
4662
4662
4662
4662
4662
4674
4674
4674
4674
4694
4701
4701
4676
4676
4676
4676
4716
4711
4711
4711
4711
4711
4711
4711
4686
4715
4720
4720
4704
4704
4657
4632
4653
4653
4653
4638
4579
4579
4579
4579
4579
4579
4579
4579
4579
4579
4583
4617
4544
4544
4527
4527
4527
4527
4514
4530
4530
4530
4530
4508
4508
4508
4508
4508
4519
4490
4490
4466
4505
4505
4462
4462
4411
4411
4411
4411
4432
4432
4432
4444
4444
4419
4419
4419
4419
4419
4419
4419
4432
4432
4432
4432
4432
4432
4432
4432
4432
4432
4432
4432
4486
4506
4471
4483
4483
4509
4509
4509
4418
4418
4418
4418
4418
4372
4372
4414
4454
4434
4538
4500
4500
4500
4500
4500
4500
4500
4500
4500
4508
4508
4508
4500
4500
4500
4500
4502
4502
4502
4502
4502
4495
4484
4484
4495
4495
4523
4523
4523
4523
4523
4523
4523
4523
4523
4526
4440
4434
4434
4434
4434
4436
4436
4436
4414
4440
4440
4440
4383
4383
4406
4387
4340
4396
4396
4396
4396
4396
4396
4396
4400
4394
4394
4330
4330
4325
4325
4383
4383
4383
4383
4383
4383
4384
4384
4384
4409
4409
4409
4409
4409
4373
4361
4361
4361
4361
4361
4398
4398
4398
4398
4398
4398
4398
4402
4402
4402
4402
4402
4402
4379
4379
4378
4362
4362
4362
4362
4362
4362
4362
4362
4394
4394
4394
4394
4394
4421
4454
4454
4447
4435
4435
4435
4431
4431
4431
4431
4431
4481
4481
4481
4447
4441
4441
4441
4361
4361
4351
4351
4351
4342
4342
4377
4377
4405
4405
4386
4386
4386
4386
4386
4386
4386
4386
4386
4373
4373
4373
4373
4373
4373
4373
4373
4373
4373
4373
4373
4373
4420
4429
4429
4429
4433
4430
4430
4419
4419
4419
4452
4452
4452
4452
4452
4452
4452
4452
4452
4452
4452
4452
4452
4444
4448
4448
4532
4532
4532
4532
4543
4521
4521
4528
4528
4499
4499
4483
4513
4513
4511
4511
4511
4497
4497
4497
4497
4497
4497
4497
4481
4481
4481
4481
4480
4480
4480
4493
4493
4522
4590
4599
4599
4594
4584
4573
4546
4546
4546
4546
4546
4546
4514
4514
4514
4514
4514
4514
4514
4514
4556
4556
4556
4556
4556
4556
4556
4556
4556
4556
4556
4556
4556
4556
4556
4556
4531
4520
4520
4520
4520
4520
4519
4519
4519
4519
4519
4519
4519
4519
4519
4519
4502
4503
4503
4486
4486
4467
4467
4467
4467
4473
4473
4473
4473
4517
4517
4517
4517
4517
4503
4503
4503
4503
4503
4503
4503
4503
4503
4503
4503
4503
4503
4522
4522
4522
4522
4522
4522
4522
4522
4522
4522
4522
4549
4549
4549
4570
4570
4555
4555
4534
4577
4577
4613
4613
4613
4613
4613
4613
4655
4655
4655
4655
4655
4655
4649
4649
4649
4649
4671
4671
4671
4671
4667
4667
4667
4667
4667
4694
4694
4716
4644
4644
4663
4588
4588
4606
4606
4606
4606
4606
4606
4639
4661
4661
4671
4575
4575
4575
4575
4575
4575
4520
4520
4531
4531
4531
4489
4489
4489
4489
4479
4479
4479
4479
4479
4479
4479
4479
4481
4491
4491
4487
4487
4494
4494
4494
4494
4494
4494
4494
4494
4526
4511
4498
4550
4550
4567
4569
4569
4540
4540
4555
4568
4568
4568
4568
4568
4551
4583
4565
4565
4565
4565
4565
4565
4565
4565
4507
4507
4507
4507
4507
4507
4507
4507
4507
4507
4461
4436
4418
4427
4427
4427
4427
4427
4427
4427
4427
4420
4431
4431
4431
4431
4431
4431
4431
4462
4462
4464
4425
4431
4431
4431
4431
4430
4430
4430
4421
4421
4421
4421
4421
4428
4408
4399
4399
4394
4394
4378
4378
4330
4330
4344
4344
4344
4344
4344
4344
4344
4344
4357
4357
4357
4357
4357
4372
4372
4372
4336
4351
4351
4351
4351
4351
4310
4310
4310
4325
4325
4325
4325
4325
4328
4328
4328
4328
4328
4324
4324
4324
4324
4281
4281
4277
4277
4277
4277
4277
4277
4304
4323
4323
4323
4353
4303
4295
4295
4295
4296
4296
4300
4300
4300
4300
4300
4302
4302
4300
4300
4300
4304
4304
4304
4304
4304
4304
4304
4304
4304
4310
4329
4329
4329
4299
4299
4299
4299
4299
4299
4299
4299
4299
4299
4299
4299
4299
4299
4299
4299
4299
4299
4299
4299
4299
4299
4299
4299
4299
4299
4299
4299
4299
4299
4299
4299
4299
4299
4315
4315
4315
4342
4342
4342
4342
4342
4342
4342
4342
4342
4342
4342
4342
4368
4368
4444
4444
4444
4438
4438
4438
4438
4407
4407
4407
4417
4396
4396
4396
4396
4396
4396
4396
4396
4396
4373
4373
4365
4375
4401
4401
4401
4401
4413
4366
4366
4366
4366
4366
4366
4366
4366
4366
4366
4366
4366
4366
4366
4366
4366
4366
4366
4366
4366
4358
4358
4358
4358
4387
4330
4354
4354
4354
4354
4354
4354
4354
4354
4345
4370
4370
4370
4370
4370
4370
4370
4370
4370
4370
4370
4370
4370
4380
4380
4380
4382
4335
4335
4335
4335
4335
4335
4335
4335
4335
4335
4335
4335
4335
4335
4322
4322
4313
4313
4313
4313
4313
4313
4313
4313
4313
4313
4313
4313
4313
4313
4305
4315
4324
4330
4333
4333
4333
4333
4333
4333
4333
4320
4320
4320
4320
4320
4320
4320
4320
4310
4310
4310
4310
4310
4310
4310
4310
4310
4310
4310
4310
4310
4311
4311
4311
4311
4311
4311
4311
4311
4311
4311
4311
4311
4311
4311
4281
4281
4281
4281
4281
4281
4281
4281
4281
4281
4281
4281
4281
4281
4281
4281
4281
4281
4281
4281
4281
4281
4281
4281
4281
4281
4281
4281
4281
4281
4281
4281
4285
4285
4285
4285
4285
4291
4291
4270
4270
4270
4270
4285
4285
4285
4285
4285
4285
4285
4285
4285
4296
4296
4292
4292
4292
4296
4296
4296
4296
4296
4296
4296
4296
4296
4296
4298
4298
4298
4298
4296
4296
4296
4296
4296
4323
4323
4323
4323
4311
4323
4320
4320
4320
4320
4320
4318
4318
4318
4291
4291
4294
4294
4294
4294
4294
4294
4303
4303
4303
4303
4303
4303
4303
4303
4303
4303
4303
4303
4303
4303
4307
4307
4307
4319
4319
4319
4319
4319
4320
4320
4320
4320
4320
4320
4320
4320
4320
4320
4320
4320
4320
4320
4320
4320
4323
4323
4322
4322
4322
4322
4322
4322
4322
4317
4317
4317
4317
4317
4317
4317
4317
4284
4297
4297
4297
4297
4297
4297
4297
4294
4294
4294
4312
4306
4306
4320
4320
4320
4320
4306
4306
4306
4306
4312
4307
4307
4307
4307
4307
4292
4292
4292
4279
4279
4279
4279
4279
4297
4297
4297
4283
4283
4283
4283
4283
4298
4298
4298
4298
4298
4298
4296
4296
4296
4296
4296
4296
4296
4302
4302
4302
4302
4302
4302
4302
4302
4302
4302
4302
4302
4302
4302
4302
4302
4302
4302
4302
4295
4295
4295
4295
4295
4295
4295
4295
4295
4295
4295
4295
4295
4291
4291
4281
4281
4281
4281
4281
4281
4281
4281
4281
4268
4268
4265
4265
4265
4265
4265
4265
4265
4265
4265
4265
4265
4265
4263
4263
4263
4263
4263
4263
4263
4263
4263
4263
4263
4263
4263
4263
4263
4263
4263
4263
4263
4263
4263
4263
4263
4263
4263
4263
4263
4263
4243
4243
4243
4243
4243
4243
4243
4243
4243
4243
4292
4271
4271
4271
4271
4271
4271
4271
4271
4271
4271
4271
4271
4271
4263
4263
4263
4267
4267
4267
4267
4267
4267
4267
4267
4267
4267
4267
4267
4267
4267
4267
4267
4267
4267
4267
4267
4267
4267
4267
4267
4267
4267
4267
4267
4267
4267
4267
4267
4263
4266
4266
4299
4299
4299
4299
4299
4299
4299
4299
4297
4297
4297
4297
4297
4297
4297
4297
4297
4297
4297
4297
4297
4297
4297
4297
4297
4305
4305
4305
4305
4305
4305
4283
4283
4283
4283
4283
4283
4283
4283
4283
4283
4283
4283
4283
4283
4283
4287
4287
4287
4287
4287
4287
4287
4283
4248
4248
4248
4248
4248
4248
4248
4248
4248
4255
4255
4255
4255
4255
4255
4255
4238
4240
4240
4240
4240
4240
4240
4240
4242
4242
4242
4242
4242
4242
4242
4242
4242
4242
4242
4242
4242
4242
4242
4242
4242
4242
4242
4242
4242
4242
4242
4242
4242
4242
4242
4242
4242
4242
4242
4242
4267
4267
4267
4267
4267
4267
4267
4267
4267
4256
4252
4252
4252
4252
4289
4289
4289
4289
4289
4289
4286
4286
4286
4286
4286
4286
4286
4286
4276
4276
4279
4279
4279
4279
4279
4279
4279
4279
4279
4279
4279
4279
4279
4279
4270
4270
4270
4276
4276
4276
4276
4276
4276
4276
4276
4276
4276
4276
4276
4276
4276
4276
4276
4276
4281
4281
4281
4281
4281
4281
4281
4281
4281
4281
4281
4281
4281
4281
4281
4281
4281
4281
4281
4281
4281
4281
4281
4281
4281
4281
4281
4281
4281
4281
4281
4281
4281
4281
4281
4294
4294
4294
4294
4294
4294
4294
4294
4294
4294
4294
4294
4294
4294
4293
4293
4293
4293
4293
4293
4293
4293
4293
4278
4278
4285
4285
4285
4285
4285
4285
4285
4285
4285
4285
4285
4285
4285
4285
4285
4285
4285
4285
4285
4285
4285
4285
4285
4285
4285
4254
4254
4248
4248
4248
4248
4248
4248
4248
4248
4248
4248
4248
4248
4248
4248
4248
4248
4248
4248
4248
4248
4248
4248
4248
4248
4248
4248
4248
4248
4248
4248
4273
4273
4273
4273
4273
4273
4273
4273
4273
4273
4273
4273
4273
4273
4273
4273
4273
4273
4273
4273
4273
4273
4273
4273
4273
4273
4273
4273
4273
4273
4259
4259
4259
4259
4259
4259
4259
4259
4259
4259
4259
4259
4259
4259
4259
4259
4259
4259
4259
4259
4259
4259
4259
4259
4259
4259
4259
4259
4259
4274
4274
4274
4274
4274
4274
4274
4274
4274
4274
4274
4292
4292
4306
4306
4306
4306
4306
4303
4303
4303
4303
4303
4305
4305
4305
4292
4292
4292
4292
4292
4292
4293
4305
4305
4291
4291
4291
4291
4291
4291
4295
4295
4295
4295
4295
4295
4295
4295
4295
4295
4295
4295
4295
4295
4301
4301
4301
4301
4301
4301
4301
4301
4301
4301
4301
4301
4301
4301
4301
4301
4301
4301
4301
4301
4301
4301
4301
4301
4301
4301
4301
4301
4301
4301
4301
4301
4303
4303
4303
4303
4303
4303
4303
4303
4303
4303
4303
4303
4303
4303
4303
4303
4303
4303
4312
4312
4315
4315
4304
4304
4304
4304
4304
4304
4304
4304
4304
4304
4304
4304
4304
4304
4304
4304
4304
4304
4304
4304
4304
4302
4302
4302
4302
4302
4302
4302
4302
4302
4302
4302
4302
4302
4302
4302
4302
4302
4302
4287
4287
4287
4287
4287
4287
4287
4287
4287
4287
4287
4287
4287
4287
4289
4289
4289
4289
4289
4289
4289
4289
4289
4289
4289
4289
4289
4289
4289
4289
4289
4289
4289
4289
4289
4289
4289
4289
4289
4289
4289
4289
4289
4289
4289
4289
4289
4289
4278
4278
4278
4278
4276
4276
4276
4276
4276
4276
4276
4276
4276
4276
4276
4276
4276
4259
4259
4262
4262
4262
4262
4262
4262
4262
4262
4262
4262
4262
4262
4262
4262
4262
4262
4262
4262
4276
4276
4276
4276
4276
4276
4276
4276
4276
4276
4276
4276
4276
4276
4276
4276
4276
4276
4276
4276
4276
4276
4276
4276
4276
4276
4276
4276
4276
4276
4276
4276
4276
4276
4276
4276
4271
4271
4271
4271
4271
4271
4271
4271
4271
4271
4271
4271
4271
4271
4265
4265
4265
4263
4263
4263
4263
4263
4263
4263
4263
4263
4263
4259
4259
4259
4259
4259
4259
4250
4250
4250
4234
4234
4226
4226
4226
4226
4226
4226
4226
4226
4226
4226
4226
4226
4226
4236
4236
4236
4236
4228
4228
4228
4218
4218
4218
4218
4218
4218
4218
4218
4218
4218
4218
4218
4218
4218
4218
4218
4218
4218
4218
4218
4218
4218
4218
4218
4218
4218
4218
4218
4218
4218
4218
4195
4195
4195
4195
4195
4195
4195
4191
4191
4191
4191
4191
4191
4191
4191
4191
4191
4191
4191
4191
4191
4191
4191
4194
4194
4194
4194
4194
4194
4194
4194
4194
4194
4194
4194
4194
4194
4194
4194
4194
4194
4194
4197
4197
4197
4194
4194
4194
4194
4194
4194
4194
4194
4194
4194
4194
4195
4195
4195
4195
4195
4195
4195
4195
4195
4195
4195
4195
4195
4195
4195
4195
4195
4195
4195
4195
4195
4195
4195
4195
4195
4195
4195
4195
4195
4195
4195
4195
4195
4195
4195
4195
4195
4195
4195
4195
4195
4195
4195
4195
4195
4195
4195
4195
4195
4195
4195
4195
4195
4195
4195
4195
4195
4193
4193
4193
4193
4193
4193
4193
4193
4193
4193
4193
4193
4193
4193
4193
4193
4193
4193
4193
4193
4193
4193
4193
4193
4193
4193
4193
4191
4191
4191
4186
4186
4186
4186
4186
4186
4186
4186
4186
4186
4186
4186
4186
4186
4186
4186
4186
4186
4186
4186
4186
4186
4186
4186
4186
4186
4186
4186
4186
4186
4186
4186
4186
4186
4186
4186
4186
4186
4186
4186
4186
4186
4186
4186
4186
4186
4186
4186
4186
4186
4186
4186
4186
4186
4186
4186
4186
4186
4186
4186
4186
4186
4186
4186
4186
4186
4186
4186
4186
4186
4186
4186
4186
4186
4186
4186
4186
4186
4186
4186
4186
4186
4186
4186
4186
4186
4186
4186
4186
4186
4186
4186
4186
4186
4186
4186
4186
4186
4186
4186
4186
4186
4186
4186
4186
4186
4186
4186
4186
4186
4186
4186
4186
4186
4186
4186
4186
4186
4186
4186
4186
4186
4186
4186
4186
4186
4186
4186
4186
4186
4186
4186
4186
4186
4186
4186
4186
4186
4186
4186
4186
4186
4186
4186
4186
4186
4186
4186
4186
4186
4186
4186
4186
4186
4186
4186
4186
4186
4186
4186
4186
4186
4186
4186
4186
4186
4186
4186
4186
4186
4186
4186
4186
4189
4189
4189
4189
4189
4189
4189
4189
4189
4186
4186
4186
4186
4186
4186
4186
4186
4186
4186
4186
4186
4186
4186
4186
4186
4186
4186
4186
4186
4186
4186
4186
4186
4186
4186
4186
4186
4186
4186
4186
4186
4186
4186
4186
4186
4186
4186
4186
4186
4186
4186
4186
4186
4184
4184
4184
4184
4184
4184
4184
4184
4184
4184
4184
4184
4184
4184
4184
4184
4184
4184
4184
4184
4184
4184
4184
4184
4184
4184
4184
4184
4184
4184
4184
4184
4184
4184
4184
4184
4184
4184
4184
4184
4184
4184
4184
4184
4184
4184
4184
4184
4184
4184
4184
4184
4184
4184
4184
4184
4184
4184
4184
4184
4184
4184
4184
4184
4184
4184
4168
4168
4168
4168
4168
4168
4168
4168
4168
4168
4168
4168
4168
4168
4168
4168
4168
4163
4163
4163
4163
4163
4163
4163
4163
4163
4163
4163
4163
4163
4163
4163
4163
4163
4163
4163
4163
4163
4163
4163
4163
4163
4163
4163
4163
4163
4163
4163
4163
4163
4163
4163
4163
4163
4163
4163
4163
4163
4163
4163
4163
4163
4163
4163
4163
4163
4163
4163
4163
4163
4163
4163
4163
4163
4163
4163
4163
4163
4163
4163
4163
4163
4163
4162
4162
4162
4162
4162
4162
4162
4162
4162
4162
4162
4162
4162
4162
4162
4162
4162
4162
4162
4162
4162
4162
4162
4162
4162
4162
4162
4162
4162
4162
4162
4162
4162
4162
4162
4162
4162
4162
4162
4162
4162
4162
4162
4162
4162
4162
4162
4162
4162
4162
4162
4162
4162
4170
4170
4170
4170
4170
4170
4170
4170
4170
4170
4170
4170
4170
4170
4170
4170
4170
4170
4170
4170
4170
4170
4170
4170
4170
4170
4170
4170
4170
4170
4170
4171
4171
4171
4171
4171
4171
4171
4171
4171
4171
4171
4171
4171
4171
4171
4171
4171
4171
4171
4171
4171
4171
4171
4171
4171
4171
4171
4171
4171
4171
4171
4171
4171
4171
4171
4171
4171
4171
4171
4171
4171
4171
4171
4171
4171
4171
4171
4171
4171
4167
4167
4167
4167
4167
4167
4163
4163
4163
4163
4163
4163
4157
4157
4157
4157
4157
4157
4157
4157
4157
4157
4157
4157
4157
4157
4157
4157
4157
4157
4157
4157
4157
4157
4157
4157
4157
4157
4157
4157
4157
4157
4157
4158
4158
4158
4158
4158
4158
4158
4158
4158
4158
4156
4156
4156
4156
4156
4156
4156
4156
4156
4156
4156
4156
4156
4156
4156
4156
4156
4156
4156
4156
4156
4156
4156
4156
4156
4156
4156
4156
4156
4156
4156
4156
4156
4156
4156
4156
4155
4155
4155
4155
4155
4155
4155
4155
4155
4155
4155
4155
4155
4155
4155
4155
4155
4155
4155
4155
4155
4155
4155
4155
4155
4155
4155
4155
4155
4155
4156
4156
4156
4156
4156
4156
4156
4152
4152
4152
4152
4152
4152
4152
4152
4152
4152
4152
4152
4152
4152
4152
4152
4152
4152
4152
4152
4152
4152
4152
4152
4152
4152
4152
4152
4152
4152
4152
4152
4152
4152
4152
4152
4152
4152
4152
4152
4152
4152
4152
4152
4152
4152
4152
4152
4152
4152
4152
4152
4152
4152
4152
4152
4152
4147
4147
4147
4147
4147
4147
4147
4147
4147
4147
4147
4147
4147
4145
4145
4145
4145
4145
4145
4145
4145
4145
4145
4145
4145
4145
4145
4145
4145
4145
4145
4145
4145
4145
4145
4145
4145
4145
4145
4145
4145
4145
4145
4145
4145
4146
4146
4146
4146
4146
4146
4146
4146
4146
4146
4146
4146
4146
4146
4146
4146
4146
4146
4146
4146
4146
4146
4146
4146
4146
4146
4146
4146
4146
4146
4146
4146
4146
4146
4146
4146
4146
4146
4146
4146
4146
4146
4146
4146
4146
4146
4160
4160
4160
4160
4160
4160
4160
4160
4160
4160
4160
4160
4160
4160
4160
4160
4160
4160
4160
4160
4160
4160
4160
4176
4176
4176
4176
4176
4176
4176
4176
4176
4164
4164
4164
4164
4164
4164
4164
4164
4164
4164
4164
4164
4164
4164
4164
4164
4164
4164
4164
4164
4164
4164
4164
4164
4164
4164
4164
4164
4164
4164
4164
4164
4164
4164
4164
4164
4164
4164
4164
4164
4164
4164
4164
4164
4164
4164
4164
4164
4164
4164
4164
4164
4164
4164
4164
4164
4164
4164
4164
4164
4164
4164
4164
4164
4164
4164
4164
4164
4164
4164
4164
4164
4164
4164
4164
4164
4164
4164
4164
4164
4164
4164
4164
4164
4164
4164
4164
4164
4164
4164
4164
4164
4164
4164
4164
4164
4164
4164
4164
4164
4164
4164
4164
4164
4164
4164
4164
4164
4164
4164
4164
4164
4164
4164
4164
4164
4164
4164
4164
4164
4164
4164
4164
4164
4164
4164
4164
4164
4164
4164
4164
4164
4164
4164
4164
4164
4164
4164
4164
4164
4164
4164
4164
4164
4164
4164
4164
4164
4164
4164
4164
4164
4164
4164
4164
4164
4164
4164
4164
4164
4164
4164
4164
4163
4163
4163
4163
4163
4163
4163
4163
4163
4163
4163
4163
4163
4163
4163
4163
4163
4163
4163
4163
4163
4163
4163
4163
4163
4163
4163
4163
4163
4163
4163
4163
4163
4163
4163
4161
4161
4161
4161
4161
4161
4161
4161
4161
4161
4161
4161
4161
4161
4161
4161
4161
4161
4161
4161
4161
4161
4161
4161
4161
4161
4161
4161
4161
4161
4161
4161
4161
4161
4161
4161
4161
4161
4161
4161
4161
4161
4161
4161
4161
4161
4161
4161
4161
4161
4161
4161
4161
4161
4161
4161
4161
4161
4161
4161
4161
4161
4161
4161
4161
4161
4161
4161
4161
4161
4161
4161
4161
4161
4161
4160
4160
4160
4160
4160
4160
4160
4160
4160
4160
4160
4160
4160
4160
4160
4160
4160
4160
4160
4160
4160
4160
4160
4160
4160
4160
4160
4160
4160
4160
4160
4160
4160
4160
4160
4160
4160
4160
4160
4160
4160
4160
4160
4160
4160
4160
4160
4160
4160
4160
4160
4160
4160
4160
4160
4160
4160
4160
4160
4160
4160
4160
4160
4160
4160
4160
4160
4160
4160
4160
4160
4160
4160
4160
4160
4160
4160
4160
4160
4160
4160
4160
4160
4160
4160
4160
4160
4160
4160
4160
4160
4160
4157
4157
4157
4157
4157
4157
4157
4157
4157
4157
4157
4157
4157
4157
4157
4157
4157
4157
4157
4157
4157
4157
4157
4157
4157
4157
4157
4157
4157
4157
4157
4157
4157
4155
4155
4155
4155
4155
4155
4155
4155
4155
4155
4155
4155
4155
4155
4155
4155
4155
4155
4155
4155
4155
4155
4155
4155
4155
4155
4155
4155
4155
4155
4155
4155
4155
4155
4155
4155
4155
4155
4155
4155
4155
4155
4155
4155
4155
4155
4155
4155
4155
4155
4155
4155
4155
4155
4155
4155
4157
4157
4157
4157
4157
4157
4157
4157
4157
4157
4157
4157
4157
4157
4157
4157
4157
4157
4157
4157
4157
4157
4157
4157
4157
4157
4157
4157
4157
4157
4157
4157
4157
4157
4157
4157
4157
4157
4157
4157
4157
4157
4157
4157
4157
4157
4157
4157
4157
4157
4157
4157
4157
4157
4157
4157
4157
4157
4157
4157
4159
4159
4157
4157
4157
4157
4157
4157
4157
4157
4157
4157
4157
4157
4157
4157
4157
4157
4157
4157
4157
4157
4157
4157
4157
4157
4157
4157
4157
4157
4157
4157
4157
4157
4157
4157
4157
4157
4157
4157
4157
4157
4157
4157
4157
4157
4157
4157
4157
4157
4157
4157
4157
4157
4157
4157
4157
4157
4157
4157
4157
4157
4157
4157
4157
4157
4157
4157
4157
4157
4157
4157
4157
4157
4157
4157
4157
4157
4157
4157
4157
4157
4157
4157
4157
4157
4157
4157
4157
4157
4157
4157
4157
4157
4157
4157
4157
4157
4157
4157
4164
4164
4164
4164
4164
4164
4164
4164
4164
4164
4164
4164
4164
4164
4164
4164
4164
4164
4164
4164
4164
4173
4173
4172
4172
4172
4172
4172
4172
4172
4172
4172
4172
4172
4165
4165
4165
4165
4165
4165
4165
4165
4165
4165
4165
4165
4165
4165
4165
4165
4165
4165
4165
4165
4165
4165
4165
4165
4165
4165
4165
4165
4165
4165
4165
4165
4165
4165
4165
4165
4165
4165
4167
4167
4167
4167
4167
4167
4167
4167
4167
4167
4167
4167
4168
4168
4168
4168
4168
4168
4168
4168
4168
4168
4168
4168
4168
4168
4168
4168
4168
4168
4168
4168
4168
4168
4168
4168
4168
4168
4168
4168
4168
4168
4168
4168
4168
4168
4168
4166
4166
4166
4166
4166
4166
4166
4166
4166
4166
4166
4166
4166
4166
4166
4166
4166
4166
4166
4166
4166
4166
4166
4166
4154
4154
4154
4154
4153
4153
4153
4153
4153
4153
4153
4153
4153
4153
4153
4153
4153
4153
4153
4153
4153
4153
4153
4153
4153
4153
4153
4153
4153
4153
4153
4153
4153
4153
4153
4153
4153
4153
4153
4153
4153
4153
4153
4153
4153
4153
4153
4153
4153
4153
4153
4153
4153
4153
4153
4153
4153
4153
4153
4153
4153
4153
4153
4153
4153
4153
4153
4153
4153
4153
4153
4153
4153
4153
4153
4153
4145
4145
4145
4145
4145
4145
4145
4145
4145
4145
4145
4145
4145
4145
4145
4145
4145
4145
4145
4145
4145
4145
4145
4145
4145
4145
4145
4145
4145
4145
4145
4145
4145
4145
4145
4145
4145
4145
4145
4145
4145
4145
4145
4141
4141
4141
4141
4141
4141
4141
4141
4141
4141
4141
4141
4141
4141
4141
4141
4141
4141
4141
4141
4141
4141
4141
4141
4141
4141
4141
4141
4141
4141
4141
4141
4141
4141
4141
4141
4141
4141
4141
4141
4141
4141
4141
4141
4141
4141
4141
4141
4141
4141
4141
4141
4141
4141
4141
4141
4141
4141
4141
4140
4140
4140
4140
4140
4140
4140
4140
4140
4140
4140
4140
4140
4140
4140
4140
4140
4140
4140
4140
4140
4140
4140
4140
4140
4140
4140
4140
4140
4140
4140
4140
4140
4140
4140
4140
4140
4140
4140
4140
4140
4140
4140
4140
4140
4140
4140
4140
4140
4140
4140
4140
4144
4144
4144
4144
4144
4144
4144
4144
4144
4144
4144
4144
4144
4144
4144
4144
4144
4144
4144
4144
4144
4145
4145
4145
4145
4145
4145
4145
4145
4145
4145
4145
4145
4145
4145
4145
4145
4145
4145
4145
4145
4145
4145
4145
4145
4145
4145
4145
4145
4145
4145
4145
4145
4145
4145
4145
4145
4145
4145
4145
4145
4145
4145
4145
4145
4145
4145
4145
4145
4145
4145
4145
4145
4145
4145
4145
4145
4145
4145
4145
4145
4145
4145
4145
4145
4145
4145
4145
4145
4145
4145
4145
4145
4145
4145
4145
4145
4145
4145
4145
4145
4145
4145
4145
4145
4145
4145
4145
4145
4145
4145
4145
4145
4145
4145
4145
4145
4145
4145
4145
4145
4145
4145
4145
4145
4145
4145
4145
4145
4145
4145
4145
4145
4145
4145
4145
4145
4145
4145
4145
4145
4145
4145
4145
4145
4145
4145
4145
4145
4145
4145
4145
4145
4145
4145
4145
4145
4145
4145
4145
4145
4145
4145
4145
4145
4145
4144
4144
4144
4144
4144
4144
4144
4144
4144
4144
4144
4144
4144
4144
4144
4144
4144
4144
4144
4144
4144
4144
4144
4144
4144
4144
4144
4144
4144
4144
4144
4144
4144
4144
4144
4144
4144
4144
4144
4144
4156
4156
4156
4156
4156
4158
4158
4158
4158
4158
4158
4158
4158
4158
4158
4158
4149
4149
4149
4149
4149
4149
4149
4149
4149
4149
4149
4149
4149
4149
4149
4149
4149
4149
4149
4149
4149
4149
4149
4149
4149
4149
4149
4149
4149
4149
4149
4149
4149
4149
4149
4149
4149
4149
4149
4149
4149
4149
4149
4149
4149
4149
4149
4149
4149
4149
4149
4149
4149
4149
4149
4149
4149
4149
4149
4149
4149
4149
4149
4149
4149
4149
4149
4149
4149
4149
4149
4149
4149
4149
4149
4149
4149
4149
4149
4149
4149
4149
4149
4149
4149
4149
4149
4149
4149
4149
4149
4149
4149
4149
4149
4149
4149
4149
4149
4149
4149
4149
4149
4149
4149
4149
4149
4149
4149
4149
4149
4149
4149
4149
4149
4149
4157
4157
4157
4157
4157
4157
4157
4157
4157
4149
4149
4149
4149
4149
4149
4149
4149
4149
4149
4126
4126
4126
4126
4126
4126
4126
4126
4126
4126
4126
4126
4126
4126
4126
4126
4126
4126
4126
4126
4126
4126
4126
4126
4126
4126
4126
4126
4126
4126
4126
4126
4126
4126
4126
4126
4126
4126
4126
4126
4126
4126
4126
4126
4126
4126
4126
4126
4126
4126
4126
4126
4126
4126
4126
4126
4126
4126
4126
4126
4126
4126
4126
4126
4126
4126
4126
4126
4126
4126
4126
4126
4126
4126
4126
4126
4126
4126
4126
4126
4126
4126
4126
4126
4126
4126
4126
4126
4126
4126
4126
4126
4126
4126
4126
4126
4126
4126
4126
4126
4126
4126
4126
4126
4126
4126
4126
4126
4126
4126
4126
4126
4126
4126
4126
4126
4126
4126
4126
4126
4126
4126
4126
4126
4126
4126
4114
4114
4114
4114
4114
4114
4114
4114
4114
4114
4114
4114
4114
4114
4114
4114
4114
4114
4114
4114
4114
4114
4114
4114
4114
4114
4114
4114
4114
4114
4114
4114
4114
4114
4114
4114
4114
4114
4114
4114
4114
4114
4114
4114
4114
4114
4114
4114
4114
4114
4114
4114
4114
4114
4114
4114
4114
4114
4114
4114
4114
4114
4114
4114
4114
4114
4114
4114
4114
4114
4114
4114
4109
4109
4109
4109
4109
4109
4109
4109
4109
4109
4109
4109
4109
4109
4109
4109
4109
4109
4109
4109
4109
4109
4109
4109
4109
4109
4109
4109
4109
4109
4109
4109
4109
4109
4109
4109
4109
4109
4109
4109
4109
4109
4109
4109
4109
4109
4109
4109
4109
4109
4109
4109
4109
4109
4109
4109
4109
4109
4109
4109
4109
4109
4109
4109
4109
4109
4109
4109
4109
4109
4109
4109
4109
4109
4109
4109
4109
4109
4109
4109
4109
4109
4109
4109
4109
4109
4109
4109
4109
