3200
3177
3175
3077
3077
3020
3081
3078
3023
3026
3001
3067
3024
2940
3004
3004
3033
3033
3033
3033
3092
3210
3199
3199
3199
3192
3113
3113
3119
3119
3130
3047
3081
3136
3209
3209
3209
3209
3263
3263
3242
3253
3212
3184
3184
3184
3206
3206
3185
3185
3098
3040
3045
3045
3102
3102
3102
3102
3102
3158
3132
3126
3177
3107
3122
3180
3148
3145
3145
3171
3229
3233
3227
3227
3227
3203
3162
3162
3148
3014
3014
3110
3198
3195
3243
3194
3231
3212
3169
3166
3213
3282
3284
3317
3353
3364
3362
3346
3321
3392
3329
3400
3382
3285
3230
3226
3184
3127
3127
3114
3114
3182
3182
3182
3182
3263
3297
3285
3257
3257
3257
3197
3197
3187
3178
3237
3213
3213
3213
3213
3172
3189
3267
3232
3329
3271
3232
3129
3144
3144
3129
3129
3125
3162
3162
3130
3130
3130
3130
3130
3130
3130
3130
3130
3220
3178
3110
3110
3107
3107
3107
3107
3130
3147
3147
3147
3229
3305
3258
3263
3263
3387
3387
3349
3349
3349
3267
3164
3164
3164
3142
3161
3161
3161
3161
3161
3173
3173
3204
3161
3119
3119
3119
3119
3119
3119
3131
3140
3133
3133
3166
3166
3103
3103
3152
3152
3110
3123
3153
3114
3121
3121
3064
3144
3066
3066
3025
3119
3133
3133
3131
3131
3126
3126
3126
3136
3150
3150
3078
3078
3064
3025
3051
3066
3132
3187
3179
3246
3264
3202
3206
3173
3099
3099
3080
3076
3059
3023
3091
3084
3042
3059
3059
3089
3089
3077
3021
3108
3108
3148
3148
3090
3050
3044
3027
3087
3066
3066
3085
3085
3033
3025
2965
2959
2959
2972
2984
2984
3024
2959
2959
3038
3006
2980
3030
3006
3006
2908
2933
2937
2920
3025
3025
3036
3067
3067
3067
3065
3002
3066
3113
3081
3053
2946
2882
2907
2907
2897
2945
2928
2882
2882
2951
2951
2951
2951
2951
2993
2993
2993
2993
2954
2954
2954
2954
2954
2942
2942
3008
3180
3180
3197
3197
3197
3197
3248
3266
3266
3297
3251
3251
3251
3195
3177
3177
3014
2925
3000
2943
3018
3009
3073
3090
2993
2967
2967
2967
2987
2987
3008
3095
3089
3075
3067
3056
3056
3064
3064
3035
3077
3070
3070
3013
3068
3052
3125
3135
3138
3138
3153
3153
3090
3090
3090
3076
3057
3146
3117
3176
3176
3160
3175
3372
3372
3230
3231
3228
3183
3251
3313
3300
3274
3213
3180
3215
3215
3215
3230
3288
3284
3206
3203
3278
3278
3278
3278
3154
3236
3287
3238
3290
3290
3290
3220
3220
3184
3184
3184
3184
3163
3200
3200
3208
3208
3216
3216
3216
3216
3271
3187
3186
3186
3085
3085
3085
3213
3257
3165
3165
3165
3090
3131
3119
3098
3122
3157
3157
3157
3157
3157
3170
3170
3181
3181
3181
3181
3182
3147
3147
3147
3111
3119
3119
3119
3111
3111
3111
3111
3157
3133
3150
3150
3150
3150
3150
3185
3185
3185
3207
3185
3231
3112
3092
3112
3014
3076
3076
3060
3115
3132
3136
3158
3158
3190
3191
3222
3222
3222
3176
3189
3189
3189
3207
3119
3122
3148
3167
3288
3245
3245
3205
3205
3271
3311
3162
3150
3150
3150
3154
3143
3143
3134
3124
3157
3157
3197
3140
3127
3127
3081
3081
3129
3077
3077
3077
3115
3236
3293
3293
3177
3162
3162
3255
3223
3110
3110
3087
3088
3088
3083
3182
3108
3112
3099
3118
3238
3351
3380
3344
3371
3371
3371
3413
3520
3424
3465
3465
3458
3357
3357
3357
3326
3326
3332
3263
3261
3278
3235
3212
3266
3198
3231
3256
3256
3256
3256
3314
3263
3282
3282
3282
3282
3282
3282
3282
3407
3432
3395
3395
3395
3325
3411
3411
3347
3347
3347
3440
3440
3387
3387
3387
3387
3297
3297
3274
3274
3274
3312
3312
3355
3355
3407
3407
3353
3353
3358
3358
3358
3410
3365
3314
3220
3165
3171
3228
3228
3228
3228
3278
3278
3234
3183
3183
3178
3218
3220
3201
3155
3104
3061
3061
3061
3079
3127
3159
3218
3315
3324
3330
3330
3330
3330
3330
3281
3302
3260
3322
3335
3335
3335
3336
3357
3253
3220
3211
3211
3219
3205
3222
3190
3111
3160
3160
3145
3132
3132
3216
3216
3109
3128
3128
3084
3121
3121
3121
3121
3169
3169
3137
3227
3162
3167
3289
3289
3261
3273
3273
3244
3244
3227
3227
3319
3301
3320
3399
3426
3419
3428
3382
3382
3382
3351
3351
3349
3349
3332
3332
3236
3196
3209
3161
3161
3194
3146
3190
3190
3190
3145
3145
3145
3102
3115
3115
3115
3106
3106
3102
3167
3152
3192
3117
3116
3156
3124
3124
3153
2988
3008
3008
3008
3008
3036
3044
3057
3057
3088
3088
3066
3063
3129
3129
3192
3195
3158
3166
3185
3185
3185
3266
3242
3239
3239
3199
3199
3110
3103
3226
3261
3261
3251
3308
3273
3195
3195
3195
3152
3090
3090
3090
3044
3035
3035
3077
3071
3071
3104
3104
3186
3186
3245
3252
3252
3243
3243
3243
3243
3243
3207
3069
3140
3109
3109
3109
3067
3205
3143
3140
3162
3178
3081
3059
3101
3119
3119
3205
3164
3140
3116
3077
3088
3088
3088
3088
3172
3141
3091
3139
3065
3031
3031
3031
3073
3142
3123
3113
3113
3040
3056
3056
2986
2986
2987
2987
2987
2997
2906
2906
2906
2845
2845
2862
2892
2892
2875
2878
2893
2928
2907
2907
2931
2931
2931
2908
2963
2963
2950
2950
2987
3005
2927
2983
3006
3006
2927
2955
2929
2923
2857
2939
2948
2998
2998
3013
2987
2961
2961
2961
2961
2961
3035
3074
3074
3074
3080
3026
3086
3133
3133
3133
3088
3068
3040
3027
3027
3074
3074
3074
3074
3117
3129
3118
3131
3094
3113
3131
3113
3113
3113
3130
3130
3099
3099
3066
2992
2992
2992
3064
3064
3064
3064
3033
3033
3056
3056
3078
3107
3167
3167
3167
3114
3114
2994
3065
3050
3049
3122
3145
3145
3145
3120
3108
3144
3187
3210
3210
3258
3166
3292
3292
3292
3294
3223
3230
3230
3230
3263
3263
3263
3263
3263
3263
3376
3397
3397
3397
3433
3420
3420
3345
3307
3322
3280
3265
3265
3265
3265
3219
3219
3219
3094
3110
3146
3196
3196
3208
3266
3266
3266
3266
3301
3257
3257
3286
3323
3323
3276
3296
3222
3128
3128
3128
3128
3128
3071
3105
3105
3105
3105
3229
3229
3218
3218
3183
3142
3166
3166
3166
3166
3202
3130
3130
3164
3164
3142
3078
3097
3097
3190
3153
3153
3131
3131
3099
3099
3099
3056
3077
3100
3145
3175
3210
3182
3182
3175
3148
3131
3139
3066
3082
3089
3089
3089
3085
3085
3168
3168
3168
3168
3139
3173
3131
3112
3129
3117
3077
3077
3083
3083
3149
3250
3228
3265
3265
3265
3263
3298
3298
3327
3327
3356
3389
3413
3402
3404
3358
3349
3287
3295
3298
3298
3298
3298
3312
3312
3278
3278
3278
3270
3270
3222
3180
3191
3191
3191
3304
3304
3304
3304
3304
3304
3304
3338
3358
3411
3424
3386
3388
3370
3325
3258
3324
3366
3327
3320
3335
3335
3335
3335
3277
3277
3258
3258
3359
3396
3337
3337
3252
3252
3265
3312
3312
3328
3328
3342
3293
3238
3245
3252
3252
3288
3295
3230
3230
3230
3210
3210
3158
3158
3212
3153
3196
3196
3141
3174
3148
3247
3173
3173
3202
3262
3262
3250
3250
3179
3241
3265
3265
3224
3171
3171
3124
3107
3098
3109
3122
3122
3159
3159
3109
3113
3113
3113
3114
3103
3153
3153
3092
3092
3175
3149
3369
3373
3342
3252
3252
3207
3207
3183
3240
3203
3144
3182
3244
3244
3244
3230
3276
3276
3276
3238
3238
3238
3195
3195
3143
3143
3143
3143
3155
3111
3058
3058
3058
3082
2986
2986
3045
3045
3045
3028
3024
3004
3028
3029
3090
3112
3112
3112
3096
3205
3231
3203
3203
3223
3220
3220
3220
3220
3274
3274
3274
3208
3249
3271
3235
3244
3184
3125
3125
3133
3133
3133
3101
3101
3104
3096
3123
3099
3145
3230
3230
3254
3257
3275
3274
3276
3222
3222
3222
3222
3217
3217
3232
3189
3189
3189
3189
3189
3143
3143
3129
3129
3124
3124
3124
3124
3062
3073
3073
3073
3065
3065
3046
3046
2963
2974
3008
3004
3004
3029
3032
3091
3171
3205
3239
3235
3218
3218
3218
3218
3219
3135
3088
3127
3168
3124
3048
3048
3024
3024
2991
2992
3021
3060
3121
3182
3210
3264
3167
3167
3149
3104
3091
3075
3064
3064
3035
3057
3121
3121
3130
3192
3225
3216
3208
3180
3158
3222
3229
3230
3209
3151
3158
3093
3068
3068
3125
3118
3068
3087
3087
3087
3087
3087
3087
3087
3087
3091
3144
3109
3142
3143
3143
3141
3193
3193
3193
3235
3211
3211
3211
3166
3155
3155
3155
3168
3100
3157
3230
3230
3206
3334
3334
3265
3265
3223
3210
3220
3220
3220
3220
3181
3223
3256
3261
3261
3261
3266
3190
3190
3153
3153
3153
3116
3116
3091
3091
3073
3073
3073
3051
3051
3051
3142
3111
3111
3133
3169
3141
3141
3208
3250
3202
3186
3186
3187
3187
3071
3077
3017
3019
2988
3045
3045
3045
3041
3041
3073
3100
3100
3100
3100
3062
3004
3036
3077
3077
3005
3064
3041
3045
2999
3046
3009
3067
3067
3072
3072
3066
3043
3094
3096
3135
3113
3113
3152
3151
3227
3110
3006
2996
3082
3082
3086
3006
3012
3012
3034
3034
3034
3034
3034
3021
3015
3090
3090
3076
3122
3151
3241
3227
3227
3180
3181
3181
3181
3181
3203
3211
3285
3260
3224
3241
3195
3138
3152
3152
3218
3174
3142
3142
3142
3142
3142
3142
3142
3155
3142
3128
3133
3114
3114
3112
3140
3181
3130
3118
3134
3075
3100
3031
3031
3036
3036
3036
3034
3049
3049
3034
3034
3034
3034
3053
3034
3034
3034
3034
3101
3101
3111
3111
3105
3149
3154
3139
3084
3084
3082
3105
3082
3098
3167
3167
3158
3158
3196
3219
3219
3224
3273
3349
3354
3246
3134
3108
3108
3094
3094
3094
3108
3108
3176
3128
3116
3116
3229
3229
3281
3281
3234
3270
3297
3206
3276
3247
3210
3143
3059
3059
3059
3053
3047
3100
3098
3137
3137
3107
3107
3107
3161
3130
3130
3130
3079
3144
3144
3144
3144
3127
3058
3058
3058
3058
3058
3097
3097
3071
3167
3170
3170
3194
3194
3122
3122
3122
3166
3166
3174
3239
3239
3239
3239
3251
3214
3209
3190
3209
3190
3203
3203
3082
2970
2970
2970
2996
2940
2987
3021
3021
3018
3006
3006
3006
2964
2959
3012
3012
3045
3082
3055
3055
3060
3075
3098
3098
3098
3121
3116
3116
3116
3116
3116
3127
3123
3123
3115
3123
3123
3156
3209
3209
3216
3209
3111
3022
2955
2960
2960
2960
2978
3095
3095
3095
3144
3144
3144
3128
3128
3137
3123
3123
3095
3149
3165
3145
3100
3193
3203
3203
3180
3180
3213
3163
3130
3128
3132
3158
3158
3158
3141
3141
2999
3046
3046
2999
2999
3078
3138
3168
3168
3194
3138
3128
3128
3128
3128
3168
3193
3193
3139
3168
3168
3168
3216
3216
3216
3216
3216
3216
3216
3216
3218
3218
3218
3275
3130
3069
3089
3098
3077
3057
3051
3051
3072
3072
3072
3028
3010
3010
3017
3012
2997
2997
3066
3066
3124
3127
3058
3058
3066
3058
3058
3077
3077
3077
3077
3077
3077
3077
3077
3118
3137
3145
3055
3055
3084
3033
3088
3088
3183
3183
3183
3183
3180
3180
3180
3180
3180
3296
3311
3311
3248
3248
3248
3244
3185
3156
3154
3154
3253
3220
3220
3190
3190
3186
3186
3134
3147
3147
3158
3158
3103
3158
3316
3316
3316
3323
3377
3377
3315
3426
3364
3361
3352
3352
3328
3291
3200
3141
3080
3070
3047
3162
3162
3199
3199
3240
3242
3242
3201
3133
3092
3092
3113
3131
3131
3047
3034
3051
3055
3013
3028
3084
3084
3086
3086
3086
3160
3185
3227
3195
3158
3110
3247
3303
3303
3303
3303
3214
3174
3164
3168
3192
3164
3164
3164
3164
3164
3164
3130
3130
3164
3164
3171
3171
3167
3084
3100
3100
3065
3058
3058
3058
3080
3073
3073
3156
3156
3156
3156
3281
3290
3209
3220
3251
3233
3229
3258
3193
3153
3126
3116
3082
2994
3051
3038
3042
3103
3025
2988
2988
2988
3093
3098
3098
3023
3118
3018
3018
3034
2998
3100
3100
3064
3066
3186
3186
3165
3168
3149
3149
3178
3200
3171
3131
3153
3153
3139
3148
3153
3153
3165
3165
3165
3165
3165
3165
3165
3162
3134
3134
3128
3107
3119
3107
3107
3110
3107
3107
3107
3107
3107
3107
3056
3056
3049
3105
3123
3097
3097
3097
3097
3147
3105
3105
3052
3052
3095
3068
3040
3043
3128
3148
3148
3233
3233
3185
3118
3196
3220
3223
3149
3149
3174
3236
3236
3236
3244
3235
3256
3184
3197
3177
3177
3157
3171
3171
3233
3171
3217
3258
3212
3199
3203
3203
3203
3203
3232
3232
3294
3294
3294
3294
3294
3294
3405
3348
3348
3271
3271
3318
3290
3245
3245
3228
3229
3229
3206
3206
3244
3203
3203
3203
3123
3135
3135
3117
3117
3117
3073
3084
3078
3135
3136
3136
3147
3147
3220
3198
3221
3231
3202
3160
3160
3249
3273
3273
3273
3273
3245
3252
3245
3258
3233
3232
3262
3262
3262
3299
3251
3261
3261
3261
3306
3485
3492
3468
3430
3430
3430
3384
3397
3393
3393
3426
3399
3356
3378
3354
3393
3419
3382
3404
3340
3411
3323
3171
3171
3161
3155
3086
3086
3001
3001
3028
3032
3104
3083
3195
3226
3226
3329
3318
3281
3288
3288
3288
3216
3211
3181
3158
3158
3153
3172
3172
3172
3220
3220
3256
3180
3209
3209
3206
3187
3151
3151
3151
3151
3240
3162
3117
3060
3048
3101
3101
3185
3197
3197
3140
3076
3076
3063
3062
3076
3087
3087
3111
3101
3084
3084
3040
3058
3058
3068
3068
3130
3130
3070
3070
3067
3119
3119
3117
3105
3077
3136
3136
3077
3077
3154
3194
3292
3292
3304
3284
3284
3284
3293
3230
3269
3249
3137
3052
3103
3117
3147
3114
3136
3094
3172
3105
3147
3147
3095
3093
3138
3116
3130
3169
3169
3129
3129
3134
3082
3080
3080
3080
3080
3080
3117
3108
3113
3113
3080
3079
3075
3075
3035
3060
3083
3111
3070
3035
3132
3225
3224
3223
3161
3158
3114
3114
3155
3162
3162
3162
3291
3309
3309
3186
3186
3186
3174
3174
3174
3122
3127
3127
3127
3127
3135
3196
3196
3243
3120
3135
3167
3167
3205
3207
3243
3212
3212
3160
3160
3180
3123
3196
3196
3191
3122
3205
3259
3299
3213
3213
3222
3240
3191
3126
3103
3103
3067
3090
3155
3155
3161
3184
3253
3196
3174
3174
3178
3213
3157
3189
3215
3104
3135
3090
3050
3050
3066
3066
3054
3051
3051
3051
3051
3051
3041
3051
3108
3108
3089
3159
3159
3085
3096
3095
3095
3181
3181
3162
3162
3158
3100
3091
3085
3085
3063
3039
3013
3013
3012
3080
3080
3101
3101
3068
3076
3078
3078
3066
3066
3102
3142
3142
3142
3142
3165
3233
3155
3161
3190
3218
3218
3226
3190
3190
3271
3292
3292
3292
3294
3294
3294
3314
3314
3237
3267
3266
3247
3247
3150
3150
3150
3170
3170
3228
3228
3228
3228
3228
3228
3189
3174
3139
3168
3108
3089
3132
3192
3278
3278
3259
3284
3317
3301
3257
3257
3314
3285
3285
3294
3290
3275
3275
3275
3217
3281
3294
3288
3288
3239
3180
3180
3179
3283
3322
3322
3410
3458
3473
3421
3361
3332
3332
3323
3292
3292
3292
3292
3306
3306
3316
3316
3316
3428
3395
3341
3255
3293
3293
3244
3210
3210
3179
3217
3112
3168
3180
3180
3180
3140
3056
3074
3074
3112
3104
3112
3088
3007
3008
3008
2990
3011
3122
3122
3166
3166
3177
3177
3096
3131
3120
3120
3120
3027
3027
3013
3013
3013
3017
3017
3017
3041
3080
3080
3080
3080
3086
3086
3043
3058
3052
3052
3074
3098
3098
3060
3060
3075
3058
3058
3058
3043
3043
3043
2998
2990
2981
3022
3040
2999
2999
2965
3095
3072
3138
3032
2979
3007
3007
3003
3150
3150
3150
3159
3079
3079
3132
3097
3006
3038
3032
3023
3023
3026
3056
3056
3065
3065
3054
3094
3094
3086
3134
3096
3116
3125
3125
3165
3165
3165
3149
3186
3201
3281
3296
3296
3281
3248
3252
3252
3311
3316
3333
3280
3280
3268
3268
3268
3259
3259
3204
3145
3187
3187
3101
3107
3107
3081
3091
3126
3073
3073
3073
3057
3056
3056
3104
3132
3132
3100
3106
3172
3159
3134
3161
3138
3107
3107
3129
3129
3075
3101
3075
3075
3075
3075
3075
3064
3064
3068
3090
3094
3171
3186
3145
3089
3089
3089
3089
3134
3114
3054
3054
3054
2973
2954
2962
2962
2962
2962
2916
2916
2886
2872
2872
2872
2872
2872
2912
2923
2933
3024
3055
3067
3079
2987
2987
2987
2987
2923
2923
2923
2935
2935
2974
3017
3021
3036
3019
2969
2969
2952
2936
2936
2961
3027
3029
3024
3024
3024
2957
2957
2935
2923
2923
2876
2879
2879
2879
2941
2944
2944
3027
3027
3027
3027
2984
2984
3076
3145
3172
3185
3157
3134
3151
3049
3049
3049
2981
2983
2983
2971
2971
2944
2944
2976
2976
3006
3006
3049
2973
2973
2973
2973
2994
2996
3033
3033
3033
2972
2972
2985
3038
3042
3042
3083
3089
3082
3082
3039
3087
3013
3013
3059
3059
3120
3120
3114
3114
3193
3064
3064
3104
3072
2999
2958
2927
2959
2966
2959
2972
2972
3024
3024
3024
2998
3016
3016
3036
3036
3036
3066
3016
3016
3116
3116
3087
3048
3048
3048
3073
3073
3073
3073
3072
3072
3073
3070
3070
3070
3070
3070
3070
3083
3083
3083
3083
3083
3083
3083
3101
3144
3147
3105
3137
3060
3094
3096
3096
3077
3105
3090
3088
3034
3034
3103
3103
3044
3026
3091
3091
3064
3160
3160
3160
3209
3312
3167
3193
3193
3215
3215
3215
3259
3222
3248
3248
3248
3196
3196
3125
3125
2992
2992
2971
2973
3027
3050
3074
3039
3095
3018
2992
3019
2981
2981
3084
3084
3056
3056
3050
3050
3053
3053
3149
3222
3131
3128
3229
3229
3202
3282
3282
3282
3282
3344
3380
3344
3430
3397
3330
3330
3330
3356
3356
3342
3229
3229
3196
3196
3196
3189
3189
3189
3170
3170
3168
3167
3167
3167
3197
3197
3197
3197
3246
3246
3313
3293
3216
3271
3342
3342
3342
3342
3342
3339
3235
3206
3203
3264
3314
3275
3275
3279
3279
3279
3279
3210
3170
3095
3095
3095
3095
3099
3054
3054
3045
3044
3025
3064
3054
3054
3079
3109
3079
3057
3033
3045
3049
3163
3163
3163
3163
3185
3143
3143
3156
3156
3156
3156
3148
3266
3273
3266
3266
3266
3266
3266
3266
3266
3266
3266
3266
3266
3266
3307
3308
3200
3171
3171
3171
3219
3188
3187
3187
3136
3186
3141
3141
3126
3126
3127
3127
2977
3063
3063
3018
3018
2969
2969
2969
2959
2962
2953
2956
3024
3024
2989
2989
3038
3038
2994
2988
3051
3008
3017
3017
3004
3004
3005
3005
3005
3042
3042
3135
3135
3069
3098
3098
3098
3098
3185
3185
3185
3185
3218
3218
3218
3218
3218
3196
3196
3196
3196
3196
3196
3196
3196
3271
3270
3219
3218
3223
3223
3220
3220
3225
3225
3225
3225
3225
3225
3232
3203
3188
3182
3182
3182
3213
3179
3179
3193
3177
3201
3177
3161
3134
3134
3134
3134
3165
3165
3132
3132
3150
3097
3059
3044
2982
2982
3015
3082
3082
3137
3137
3137
3137
3060
3081
3081
3079
3051
3128
3141
3141
3141
3127
3105
3105
3164
3164
3164
3123
3108
3163
3162
3114
3114
3114
3114
3133
3133
3133
3011
2995
3032
3032
3149
3139
3093
3176
3176
3176
3222
3222
3114
3114
3110
3121
3121
3121
3136
3138
3215
3269
3269
3254
3313
3334
3278
3284
3284
3229
3260
3321
3321
3321
3321
3228
3224
3224
3224
3224
3224
3215
3194
3194
3176
3130
3113
3121
3111
3111
3120
3120
3128
3145
3137
3158
3057
3057
3057
3041
3070
3049
3014
3012
3012
3012
3012
3053
3053
3053
3020
3020
3020
3035
3020
3022
2984
2962
2962
2962
2962
2962
2906
2906
2906
2846
2846
2912
2863
2870
2966
2966
2962
2962
2962
2962
2962
2962
2962
2962
2962
2977
2977
2977
2977
3035
3033
3054
3061
3109
3116
3116
3080
3080
3034
3034
3034
3006
3006
3006
3024
3024
3024
3030
3085
3098
3094
3061
3101
3165
3162
3199
3287
3302
3355
3326
3356
3373
3362
3343
3343
3284
3222
3188
3202
3175
3092
3092
3129
3181
3129
3083
3083
3068
3068
3068
3113
3113
3113
3049
3049
3166
3166
3166
3251
3273
3281
3300
3348
3307
3307
3320
3345
3277
3368
3388
3388
3356
3282
3264
3309
3320
3320
3204
3208
3185
3185
3244
3244
3279
3279
3279
3279
3341
3341
3341
3341
3347
3347
3347
3347
3342
3342
3367
3366
3366
3366
3366
3366
3282
3282
3221
3231
3269
3269
3269
3285
3269
3269
3269
3269
3273
3273
3273
3273
3329
3329
3329
3293
3223
3316
3275
3275
3199
3325
3369
3413
3335
3372
3372
3372
3372
3372
3355
3391
3381
3350
3350
3296
3276
3276
3221
3233
3176
3176
3136
3136
3159
3251
3157
3157
3141
3157
3157
3139
3151
3151
3151
3151
3151
3148
3110
3110
3110
3159
3182
3242
3242
3243
3243
3242
3242
3171
3172
3182
3182
3181
3153
3242
3150
3150
3198
3180
3180
3161
3163
3151
3189
3189
3189
3251
3170
3177
3177
3198
3198
3284
3284
3284
3284
3284
3234
3234
3222
3198
3198
3198
3197
3257
3216
3201
3159
3214
3201
3196
3294
3294
3291
3291
3291
3229
3266
3226
3195
3195
3111
3147
3128
3128
3128
3101
3101
3187
3146
3146
3090
3062
3101
3101
3108
3139
3136
3136
3136
3155
3138
3133
3108
3108
3108
3108
3108
3108
3085
3085
3085
3085
3085
3085
3085
3085
3160
3240
3287
3287
3287
3287
3287
3236
3267
3267
3267
3248
3235
3235
3235
3259
3370
3370
3318
3272
3272
3241
3210
3164
3143
3062
3049
3049
3049
3049
3049
3062
3062
3100
3100
3091
3091
3059
3059
3059
3109
3109
3109
3114
3114
3003
3020
3020
3020
3020
3005
3005
3022
3022
3022
3084
3084
3109
3097
3097
3140
3140
3192
3216
3304
3304
3304
3304
3304
3221
3221
3221
3235
3235
3235
3224
3115
3149
3143
3137
3137
3137
3194
3194
3142
3125
3163
3210
3113
3103
3103
3103
3116
3116
3116
3116
3116
3185
3185
3185
3185
3185
3221
3141
3141
3141
3141
3141
3128
3128
3128
3177
3177
3177
3177
3159
3159
3159
3089
3089
3081
3023
3023
3023
3023
3023
3058
3058
3113
3113
3130
3130
3130
3130
3189
3232
3313
3343
3360
3360
3360
3360
3360
3323
3323
3250
3250
3250
3250
3250
3250
3250
3250
3250
3250
3250
3167
3167
3152
3152
3148
3207
3207
3207
3207
3207
3102
3104
3102
3072
3072
3072
3072
3072
3072
3072
3101
3101
3200
3200
3138
3138
3135
3135
3135
3135
3113
3129
3043
3043
3064
3064
3064
3111
3135
3178
3178
3160
3119
3119
3111
3111
3066
3066
3035
3035
3034
3034
3089
3089
3035
3062
3106
3106
3127
3029
3055
2996
3051
3019
3019
3043
3043
3043
3043
3043
3043
3017
3017
3017
3017
3017
3017
3017
3017
3017
3017
3017
3017
3017
3017
3017
3017
3017
2909
2909
2939
2939
3022
3022
3055
3043
3043
3079
3024
3024
3024
3024
2998
3012
3012
3012
2967
2967
2967
3003
3003
3060
3060
3060
3060
3082
3102
3098
3091
3091
3108
3108
3108
3108
3108
3108
3078
3096
3096
3096
3096
3096
3096
3087
3087
3087
3087
3087
3143
3143
3148
3152
3221
3221
3222
3153
3153
3153
3179
3147
3215
3218
3218
3210
3234
3123
3105
3052
3052
3052
3052
3019
3019
2999
2999
2999
2999
2969
2947
3009
3022
3022
3022
2998
2998
2998
2941
2941
2941
2872
2872
2872
2860
2860
2860
2847
2847
2847
2847
2847
2847
2850
2850
2850
2850
2850
2850
2850
2961
2961
2961
3009
3009
3009
3009
3005
3025
3101
3101
3048
3042
3042
3042
3064
3086
3120
3120
3100
3100
3116
3116
3042
2984
2984
2984
3024
3024
2939
2939
2939
2951
2951
2951
2951
2933
2933
2943
2943
2943
2943
2921
2993
2991
3011
3051
3042
3042
3042
3042
3042
3042
3042
3042
3042
3042
3042
3042
3042
3042
3042
3042
3045
3029
3030
3030
3030
3030
3026
3026
3026
3096
3073
3042
3003
3003
3003
3003
3003
3003
3047
3040
3040
3068
3034
2983
2994
2994
2994
3010
3012
3074
3074
3074
3057
3057
3096
3096
3085
3085
3128
3127
3070
3070
3031
3031
3031
3031
3040
3007
3017
3100
3091
3091
3127
3122
3122
3122
3122
3034
3034
3004
3088
3088
3088
3088
3088
3084
3061
3061
3061
3110
3130
3083
3083
3073
3073
3101
3100
3102
3116
3103
3088
3088
3083
3083
3090
3086
3086
3086
3086
3086
3086
3086
3086
3122
3141
3115
3115
3134
3134
3134
3134
3134
3134
3134
3134
3115
3136
3136
3136
3136
3136
3151
3151
3151
3055
3081
3081
3082
3082
3045
3045
3059
3059
3069
3069
3115
3115
3135
3135
3135
3135
3135
3139
3086
3086
3092
3086
3103
3097
3097
3098
3098
3068
3068
3068
3068
3068
3068
3027
3093
3093
3052
3070
3077
3133
3124
3153
3192
3144
3144
3144
3144
3121
3149
3149
3152
3093
3110
3042
3040
3041
3041
3023
3025
3025
3025
3023
3023
2947
2922
2922
2922
2922
2922
2922
2922
2950
2950
2945
3011
3011
3011
3000
3036
3025
3025
3097
3097
3097
3148
3150
3065
2993
2993
2933
2933
2933
2933
2933
2933
2933
2933
2933
2960
2965
2965
2960
2962
2962
2962
2962
2962
2952
2986
2986
2986
2952
2969
2952
2952
2952
2952
2961
2961
2974
2974
2986
3066
3066
3066
3023
3132
3134
3005
2992
3045
3045
3045
3033
2990
2990
2979
2963
2963
2984
2984
2984
2984
3000
3000
2998
2998
2998
3062
3062
2984
2984
2977
2969
2995
2995
2995
2995
2997
2997
3024
2998
2998
2998
2998
2998
2998
2998
2998
3038
3038
3038
3038
3038
3023
3023
3023
3023
3023
3023
3023
3023
3023
3023
3023
3023
3023
3023
3023
3023
3079
3079
3079
3079
2930
2930
2930
2930
2930
2930
2930
2930
2930
2930
2930
2942
2942
2942
3007
2976
2976
3017
3017
3017
3017
3011
3011
2916
2916
2922
2946
2946
2946
2946
2920
2920
2934
2997
2997
2997
2997
2997
2962
2962
2943
2943
2943
2943
2943
2943
2943
2943
2943
2943
2943
2943
2943
2943
2993
2993
2993
2993
2992
2992
3008
3031
3031
3031
2985
2997
2972
2972
2972
2963
2887
2894
2892
2892
3040
3040
3040
3040
2958
2973
2997
2997
2997
3047
3047
2987
2977
2977
2973
2973
2943
2943
2916
2916
2870
2937
2937
2937
2937
2998
2959
2947
2947
2947
3056
3056
2958
2929
2929
2929
2929
2941
2941
2968
2968
2893
2881
2866
2866
2866
2866
2866
2866
2866
2866
2935
2971
2971
3014
3014
3014
3014
3014
3014
3070
3070
3057
3057
3057
3028
3028
3028
3061
3113
3113
3105
3089
3089
3089
3089
3089
3089
3089
3081
3081
3081
3115
3130
3130
3117
3029
3073
3149
3149
3149
3099
3046
3046
3055
3059
3059
3059
3081
3059
3059
3089
3061
3061
2995
2995
2995
2942
2942
2942
2942
3014
3014
2936
2936
3020
3020
3020
3000
3000
3001
3007
3007
3007
3007
3007
3050
3014
3014
3014
3014
3014
3014
3005
3005
3055
3037
3039
3121
3121
3087
3092
3092
3007
3021
3021
3033
3062
3062
3060
3060
3060
3060
3060
3082
3085
3085
3085
3085
3085
3085
3083
3083
3069
3069
3023
3006
2971
2971
2971
2941
2941
2949
2949
2949
2949
3011
3022
3022
3022
3022
3022
3033
3033
3033
3066
3103
3103
3103
3068
3042
3049
3019
3019
3018
3034
3069
3096
3096
3095
3005
3005
3029
3029
3028
3028
3002
3030
3030
2981
2994
2994
2994
2991
3005
2989
2989
2995
2995
3056
3043
3043
3043
3043
3024
3024
3027
3027
3027
3027
2993
2993
2993
2956
2956
2933
2907
2907
2907
2920
2920
2920
2911
2877
2877
2877
2877
2877
2877
2919
2919
2911
2877
2910
2907
2907
2907
2907
2907
2887
2938
2938
2938
2933
2933
2933
2933
2933
2933
2891
2923
2931
2931
2931
2931
2931
2931
2931
2931
2931
2931
2931
2949
2949
2949
2949
2949
2949
2949
2949
2949
2928
2928
2965
2965
2965
2965
2965
2965
2965
2965
2986
2986
2986
2987
2987
3033
3033
3033
3033
3039
3055
2961
2961
2951
3073
3073
3058
3058
3058
2995
3000
2994
2994
2994
2982
2982
2982
2982
2982
2982
2982
2982
2982
2974
2974
2974
2974
2974
2974
2974
2997
3001
2977
2977
2961
2961
2961
2961
2961
2961
2969
2969
2969
2969
2961
2961
2961
2970
3048
3048
3038
3038
3038
3021
3077
3077
3070
3070
3070
3070
3072
3072
3072
3055
3015
2975
2975
2975
2959
2966
2979
2979
2961
2961
2961
2961
2961
2969
2969
2969
2969
2969
2969
2969
2969
2969
2979
2979
2979
3005
3005
3005
3005
3005
3012
3012
3012
2994
2993
2993
2993
2993
2993
2993
2993
3007
3005
3012
2980
2980
2975
2975
2975
2975
2915
2932
2932
2932
2932
2932
2932
2932
2963
2963
2963
2966
2966
2977
2977
2977
2977
2977
2977
2977
2977
2977
2964
2964
2964
2964
2964
2964
2959
2959
2953
2953
2953
2953
2953
2972
2972
2972
2959
2959
2959
2952
2952
2952
2952
2981
2981
2985
2985
2985
3010
3010
3041
2990
2987
2958
2923
2939
2981
2979
2993
2993
2993
2993
3002
3002
3002
3002
3002
3002
2979
2975
2975
3065
3065
3065
3065
3065
3069
3069
3069
3069
3057
3057
3057
3019
3019
3019
3019
3019
3019
3019
3019
3019
3019
3019
3019
3019
2985
2985
2985
3014
2998
2966
2966
3025
3025
3036
3000
3000
3000
3000
3000
3000
3000
3033
2965
2965
2965
2973
2973
2973
2973
3063
3059
3057
3057
3057
3088
3088
3088
3094
3106
3049
3060
3027
3116
3025
3025
3070
3120
3120
3120
3120
3120
3120
3120
3120
3177
3177
3105
3105
3105
3123
3123
3123
3123
3123
3123
3105
3105
3105
3105
3105
3105
3092
3127
3108
3100
3100
3159
3167
3167
3167
3156
3156
3162
3162
3156
3156
3040
2984
2984
2984
2984
2984
2984
2984
2984
2979
3039
3041
2979
2957
2957
2958
2958
2958
2957
2957
2957
2959
2959
2959
2959
2959
2959
2959
2945
2945
2945
2945
2945
2945
2896
2899
2899
2899
2899
2899
2899
2899
2900
2900
2900
2900
2900
2900
2900
2900
2900
2928
2899
2899
2899
2944
2925
2925
2925
2957
2995
2995
2970
2969
2969
2962
2962
2962
2903
2903
2903
2903
2910
2910
2910
2839
2839
2882
2882
2891
2861
2861
2861
2861
2851
2851
2916
2916
2916
2916
2916
2916
3021
3064
3064
3064
3064
3064
3064
3064
3054
3054
3064
3064
3064
2997
2986
2986
2977
2947
2947
2945
2911
2904
2876
2876
2876
2842
2842
2842
2842
2842
2862
2862
2862
2862
2862
2874
2874
2874
2874
2874
2874
2874
2874
2874
2874
2874
2874
2874
2880
2880
2880
2880
2887
2880
2872
2856
2856
2837
2837
2837
2848
2848
2848
2860
2860
2860
2848
2848
2848
2848
2870
2870
2896
2896
2896
2896
2896
2896
2886
2888
2888
2958
2958
2958
2958
2950
2950
2919
2919
2919
2939
2916
2916
2916
2916
2916
2916
2916
2916
2916
2916
2997
2997
2983
2977
2977
2977
2977
2977
2977
2966
2966
2956
2956
2960
2960
2960
2956
2953
2975
2975
2975
2975
2965
2965
2965
2943
2927
2951
2951
2951
2948
3054
3054
3004
3004
3004
2987
2987
3001
3001
2987
2988
3058
3058
3058
3058
3058
3058
3135
3047
3062
3024
3024
3024
3013
3056
3056
3021
3021
3013
3001
3013
3012
3012
3012
3012
3012
3012
3024
3031
3031
3031
2974
2974
2974
2974
2945
2945
2945
2945
2945
2945
2945
2945
2958
2958
2958
2958
2938
2871
2871
2871
2871
2884
2884
2884
2884
2884
2884
2884
2933
2956
2947
2947
2947
2947
2947
2947
2947
2947
2927
2893
2893
2893
2893
2873
2871
2871
2871
2871
2871
2870
2870
2870
2870
2870
2870
2870
2870
2870
2898
2898
2898
2898
2898
2949
2949
2947
2943
2945
2945
2943
2943
2943
2943
2943
2943
2997
2997
2991
2991
2967
2962
2962
2916
2916
2873
2873
2873
2873
2873
2873
2873
2873
2873
2873
2873
2877
2877
2877
2877
2877
2877
2877
2877
2877
2877
2877
2873
2873
2873
2873
2873
2873
2873
2873
2874
2864
2864
2895
2895
2933
2933
2933
2933
2933
2933
2932
2863
2863
2863
2863
2852
2864
2854
2854
2854
2854
2851
2841
2842
2842
2841
2841
2841
2841
2904
2904
2891
2884
2947
2947
2890
2890
2890
2890
2890
2893
2884
2874
2874
2874
2865
2865
2865
2865
2865
2865
2880
2880
2906
2887
2887
2887
2887
2887
2887
2887
2819
2819
2872
2872
2872
2872
2872
2872
2883
2883
2883
2886
2861
2861
2851
2849
2849
2849
2849
2849
2849
2849
2849
2849
2849
2850
2850
2850
2850
2850
2850
2850
2850
2850
2905
2959
2894
2894
2876
2913
2849
2849
2849
2823
2823
2810
2810
2810
2810
2810
2810
2810
2810
2810
2810
2810
2810
2810
2809
2809
2809
2809
2809
2809
2809
2809
2843
2843
2843
2843
2843
2843
2843
2843
2843
2843
2843
2843
2843
2843
2843
2843
2843
2843
2888
2888
2888
2888
2888
2888
2888
2888
2888
2888
2843
2843
2843
2843
2843
2843
2843
2843
2843
2870
2870
2913
2911
2879
2879
2879
2872
2872
2884
2884
2884
2884
2884
2868
2868
2868
2868
2868
2868
2868
2868
2868
2868
2883
2880
2892
2894
2894
2891
2891
2864
2864
2864
2864
2864
2864
2864
2864
2864
2861
2861
2909
2909
2892
2907
2896
2893
2893
2893
2878
2878
2922
2948
2905
2905
2896
2863
2853
2853
2853
2846
2846
2848
2848
2848
2846
2846
2892
2892
2892
2883
2883
2883
2895
2924
2908
2908
2908
2908
2908
2908
2908
2908
2908
2908
2908
2919
2919
2919
2919
2962
2962
2916
2916
2916
2916
2916
2916
2893
2893
2893
2893
2893
2893
2893
2853
2853
2853
2853
2853
2853
2853
2853
2853
2853
2853
2853
2853
2853
2853
2839
2839
2839
2879
2879
2892
2892
2892
2892
2892
2924
2924
2917
2917
2917
2917
2917
2917
2917
2917
2917
2917
2917
2917
2917
2917
2917
2911
2911
2911
2911
2898
2898
2898
2898
2898
2911
2855
2855
2855
2855
2855
2855
2865
2868
2868
2901
2901
2901
2901
2901
2901
2878
2878
2871
2871
2871
2877
2867
2867
2867
2867
2867
2867
2867
2867
2925
2939
2984
2984
2984
2991
2991
2991
2991
3011
3004
3004
3004
3004
2954
2954
2954
2954
2976
3012
3012
3012
3012
3012
3012
3012
3012
3012
3010
3010
3010
3016
3001
2924
2924
2924
2923
2923
2923
2923
2922
2917
2917
2917
2917
2917
2917
2917
2917
2917
2917
2917
2917
2883
2881
2881
2881
2881
2878
2878
2878
2860
2860
2860
2862
2860
2860
2860
2860
2860
2838
2838
2838
2838
2838
2838
2838
2838
2838
2838
2838
2827
2827
2827
2827
2827
2827
2834
2827
2827
2827
2827
2827
2827
2827
2827
2827
2843
2843
2843
2843
2843
2843
2843
2843
2843
2843
2843
2843
2852
2852
2852
2852
2852
2852
2852
2852
2852
2852
2852
2852
2852
2852
2852
2852
2852
2852
2832
2832
2832
2832
2864
2864
2864
2883
2910
2890
2890
2890
2890
2890
2890
2890
2894
2894
2957
2957
2957
2957
2935
2935
2930
2930
2930
2930
2930
2929
2939
2968
2968
2968
2968
2956
2957
2934
2933
2933
2922
2922
2931
2922
2922
2922
2922
2922
2922
2912
2912
2912
2912
2912
2912
2912
2912
2912
2912
2890
2890
2890
2890
2890
2890
2890
2890
2890
2890
2890
2890
2890
2890
2890
2890
2890
2890
2890
2890
2890
2890
2883
2883
2883
2883
2883
2886
2883
2884
2884
2884
2884
2884
2884
2884
2859
2871
2871
2871
2871
2871
2859
2859
2876
2883
2869
2869
2869
2869
2857
2857
2857
2857
2857
2857
2857
2857
2857
2857
2857
2857
2857
2848
2856
2856
2856
2856
2856
2856
2856
2856
2828
2828
2822
2856
2856
2856
2856
2861
2870
2848
2848
2848
2848
2848
2848
2848
2853
2853
2853
2853
2853
2853
2853
2853
2853
2838
2838
2833
2833
2833
2833
2833
2833
2833
2833
2833
2833
2833
2833
2833
2827
2827
2827
2827
2827
2827
2827
2827
2827
2827
2827
2838
2827
2839
2839
2839
2839
2827
2827
2827
2827
2827
2827
2827
2827
2827
2827
2827
2827
2827
2827
2827
2827
2830
2830
2830
2844
2844
2844
2844
2830
2830
2830
2830
2835
2830
2830
2830
2830
2830
2830
2830
2830
2830
2830
2830
2830
2830
2830
2830
2830
2830
2830
2841
2841
2841
2841
2841
2841
2841
2841
2841
2841
2841
2841
2839
2867
2855
2861
2861
2861
2861
2861
2861
2861
2861
2861
2861
2855
2855
2855
2855
2855
2855
2855
2855
2855
2858
2858
2858
2858
2858
2858
2822
2822
2822
2822
2822
2822
2822
2822
2822
2822
2822
2822
2822
2822
2822
2825
2826
2810
2810
2810
2810
2810
2810
2810
2810
2810
2810
2810
2810
2810
2810
2810
2810
2810
2809
2816
2816
2816
2816
2816
2783
2783
2783
2783
2783
2783
2783
2783
2772
2772
2772
2772
2772
2772
2772
2772
2772
2772
2772
2772
2772
2772
2772
2792
2792
2780
2788
2788
2788
2788
2788
2788
2786
2786
2786
2786
2786
2786
2786
2793
2793
2793
2786
2786
2786
2788
2788
2788
2788
2788
2788
2788
2788
2786
2786
2786
2786
2786
2786
2786
2786
2786
2786
2786
2787
2787
2787
2787
2787
2787
2775
2775
2775
2775
2775
2778
2785
2775
2775
2775
2775
2775
2775
2775
2775
2775
2775
2775
2775
2775
2775
2775
2775
2775
2775
2775
2775
2775
2775
2775
2775
2775
2775
2775
2775
2775
2775
2775
2775
2775
2775
2775
2775
2775
2775
2775
2775
2775
2775
2775
2775
2775
2775
2775
2775
2775
2775
2775
2775
2775
2775
2775
2775
2775
2775
2775
2775
2775
2775
2775
2793
2793
2802
2793
2793
2793
2793
2801
2793
2793
2793
2793
2793
2793
2793
2793
2793
2793
2793
2793
2809
2809
2777
2777
2777
2777
2777
2781
2781
2781
2781
2755
2755
2756
2756
2756
2759
2759
2759
2759
2759
2759
2755
2755
2755
2755
2755
2755
2755
2755
2755
2766
2766
2755
2755
2755
2755
2755
2755
2755
2790
2790
2790
2790
2800
2800
2810
2810
2810
2810
2800
2800
2800
2804
2804
2777
2777
2777
2777
2777
2777
2777
2777
2777
2777
2777
2777
2771
2765
2765
2770
2770
2770
2772
2772
2772
2772
2772
2772
2772
2772
2772
2780
2780
2780
2780
2767
2767
2767
2767
2767
2767
2767
2767
2767
2767
2767
2767
2767
2767
2767
2767
2767
2767
2767
2767
2767
2767
2767
2767
2767
2767
2767
2767
2767
2767
2767
2765
2765
2757
2757
2757
2757
2757
2757
2757
2757
2757
2757
2757
2757
2757
2757
2757
2757
2757
2757
2757
2757
2757
2757
2757
2757
2757
2757
2757
2757
2757
2757
2757
2757
2757
2766
2766
2766
2757
2769
2769
2769
2769
2769
2769
2769
2769
2769
2769
2769
2772
2772
2772
2772
2772
2772
2772
2774
2774
2774
2774
2774
2774
2772
2772
2762
2762
2762
2762
2762
2762
2762
2762
2762
2762
2762
2762
2762
2762
2762
2762
2762
2762
2772
2772
2772
2789
2789
2789
2789
2789
2789
2762
2762
2762
2762
2762
2762
2766
2766
2766
2762
2781
2781
2781
2781
2781
2781
2781
2781
2781
2762
2762
2762
2762
2762
2762
2762
2762
2762
2762
2762
2762
2762
2762
2766
2766
2766
2766
2766
2771
2771
2762
2762
2762
2762
2762
2762
2762
2762
2783
2783
2783
2783
2783
2783
2783
2783
2783
2783
2783
2762
2762
2762
2762
2770
2770
2775
2775
2775
2775
2775
2775
2775
2775
2775
2775
2787
2787
2787
2787
2787
2775
2775
2775
2775
2775
2775
2777
2777
2770
2770
2770
2770
2770
2770
2770
2770
2770
2770
2770
2770
2770
2770
2770
2770
2770
2770
2770
2770
2770
2770
2770
2770
2770
2770
2770
2770
2770
2770
2764
2764
2764
2764
2764
2764
2764
2764
2764
2764
2764
2764
2764
2764
2764
2764
2764
2764
2764
2764
2764
2764
2764
2764
2764
2764
2770
2770
2770
2770
2770
2770
2770
2770
2770
2770
2770
2770
2770
2770
2770
2770
2770
2770
2770
2770
2770
2770
2770
2770
2770
2770
2770
2770
2770
2770
2770
2770
2770
2770
2770
2770
2770
2762
2762
2762
2762
2762
2762
2762
2762
2762
2762
2762
2762
2762
2762
2762
2762
2762
2762
2762
2762
2762
2762
2762
2762
2762
2762
2762
2774
2774
2774
2774
2767
2767
2767
2767
2767
2767
2767
2767
2767
2767
2767
2767
2767
2767
2767
2767
2770
2770
2770
2770
2770
2770
2765
2765
2771
2771
2771
2771
2762
2762
2762
2762
2762
2762
2762
2762
2762
2762
2762
2762
2762
2762
2762
2762
2765
2765
2791
2791
2791
2791
2791
2791
2791
2791
2791
2791
2777
2777
2777
2777
2777
2777
2774
2780
2774
2774
2774
2774
2774
2774
2774
2774
2774
2774
2774
2774
2774
2793
2793
2775
2774
2774
2774
2774
2774
2774
2774
2774
2767
2767
2767
2767
2767
2767
2767
2767
2767
2767
2781
2781
2781
2781
2789
2789
2789
2789
2789
2789
2789
2789
2789
2789
2789
2789
2789
2789
2794
2794
2794
2794
2794
2794
2794
2794
2794
2794
2789
2789
2782
2782
2782
2782
2782
2776
2776
2776
2776
2770
2770
2770
2771
2771
2771
2771
2771
2771
2771
2770
2770
2770
2770
2770
2770
2770
2770
2770
2770
2770
2770
2770
2780
2780
2780
2780
2770
2770
2770
2770
2770
2770
2770
2770
2770
2770
2770
2770
2770
2770
2770
2770
2770
2770
2770
2779
2779
2770
2770
2770
2770
2768
2768
2767
2767
2767
2784
2784
2784
2784
2784
2784
2780
2780
2780
2780
2780
2780
2800
2800
2800
2800
2800
2800
2800
2790
2795
2795
2795
2785
2785
2785
2785
2785
2785
2785
2785
2785
2790
2787
2787
2787
2792
2792
2792
2792
2792
2792
2792
2792
2792
2792
2787
2787
2787
2787
2788
2788
2788
2788
2788
2788
2788
2787
2787
2787
2787
2787
2787
2787
2767
2767
2767
2767
2767
2780
2767
2767
2787
2787
2787
2787
2787
2787
2787
2787
2788
2788
2788
2788
2788
2788
2788
2798
2798
2798
2798
2798
2798
2798
2798
2798
2798
2798
2798
2783
2783
2783
2783
2783
2783
2783
2783
2783
2783
2783
2783
2783
2783
2783
2783
2783
2783
2783
2783
2783
2783
2783
2783
2783
2783
2783
2783
2783
2783
2783
2783
2783
2783
2783
2783
2783
2783
2787
2787
2787
2787
2787
2780
2780
2783
2783
2783
2783
2790
2790
2790
2782
2782
2782
2782
2782
2782
2782
2782
2782
2782
2782
2782
2782
2782
2782
2782
2782
2782
2782
2782
2782
2782
2782
2783
2783
2783
2783
2783
2783
2783
2783
2783
2783
2783
2783
2783
2783
2783
2783
2783
2798
2798
2798
2798
2798
2798
2798
2798
2798
2798
2798
2798
2803
2803
2803
2803
2813
2813
2816
2816
2816
2816
2816
2778
2778
2778
2778
2778
2778
2778
2778
2778
2778
2778
2778
2778
2778
2778
2778
2782
2782
2782
2782
2782
2782
2782
2782
2782
2782
2782
2782
2782
2782
2782
2782
2782
2782
2782
2782
2782
2782
2782
2782
2782
2782
2782
2782
2782
2782
2771
2771
2754
2754
2755
2755
2755
2755
2755
2755
2755
2755
2755
2755
2755
2755
2755
2755
2755
2755
2755
2755
2755
2755
2755
2755
2755
2755
2755
2755
2755
2755
2755
2755
2755
2755
2755
2755
2755
2755
2755
2755
2755
2755
2755
2755
2752
2752
2752
2754
2754
2754
2754
2754
2754
2754
2754
2754
2754
2754
2754
2754
2754
2754
2754
2754
2752
2752
2752
2752
2752
2752
2752
2752
2752
2752
2752
2752
2752
2752
2752
2752
2752
2752
2752
2752
2752
2752
2752
2752
2752
2752
2752
2752
2752
2752
2752
2752
2752
2752
2752
2752
2752
2752
2752
2752
2752
2752
2752
2752
2752
2752
2752
2752
2752
2752
2752
2752
2752
2752
2752
2752
2752
2752
2752
2752
2752
2752
2752
2752
2752
2752
2752
2752
2752
2752
2752
2752
2752
2752
2752
2752
2752
2752
2752
2752
2752
2752
2752
2752
2752
2752
2752
2752
2752
2752
2752
2752
2752
2752
2760
2752
2752
2752
2752
2752
2752
2752
2752
2752
2752
2752
2752
2752
2752
2752
2752
2752
2752
2752
2752
2752
2752
2752
2752
2752
2752
2752
2752
2762
2762
2762
2752
2752
2752
2752
2752
2752
2752
2752
2752
2752
2752
2752
2752
2752
2752
2752
2752
2752
2752
2752
2752
2752
2752
2752
2752
2752
2752
2752
2752
2752
2752
2752
2752
2752
2752
2752
2752
2752
2752
2752
2752
2752
2752
2752
2752
2752
2752
2752
2752
2752
2752
2752
2752
2752
2752
2752
2752
2752
2752
2752
2752
2752
2752
2752
2752
2752
2752
2752
2752
2752
2752
2752
2752
2752
2752
2752
2752
2752
2752
2752
2752
2752
2752
2752
2752
2752
2752
2752
2752
2752
2752
2752
2752
2753
2753
2761
2761
2761
2761
2761
2761
2761
2761
2761
2761
2761
2761
2761
2761
2761
2761
2761
2761
2761
2753
2753
2753
2753
2753
2753
2753
2753
2753
2753
2753
2753
2753
2753
2753
2753
2753
2753
2753
2753
2753
2753
2753
2753
2753
2753
2753
2753
2753
2753
2753
2753
2753
2753
2753
2753
2753
2753
2753
2753
2753
2753
2753
2754
2754
2754
2754
2754
2753
2753
2753
2753
2753
2753
2753
2753
2753
2753
2753
2753
2753
2753
2753
2753
2753
2753
2753
2753
2753
2753
2753
2753
2759
2759
2759
2759
2759
2759
2759
2759
2759
2759
2759
2753
2753
2752
2752
2752
2752
2752
2752
2752
2752
2752
2752
2752
2752
2752
2757
2757
2757
2757
2757
2757
2773
2773
2773
2773
2773
2773
2771
2771
2771
2771
2771
2771
2771
2771
2771
2771
2771
2771
2771
2771
2771
2771
2771
2771
2771
2771
2771
2771
2771
2771
2771
2770
2770
2770
2770
2770
2770
2770
2770
2770
2770
2770
2770
2770
2757
2757
2757
2757
2757
2757
2757
2757
2757
2757
2757
2757
2757
2757
2757
2757
2757
2757
2757
2757
2757
2759
2759
2759
2759
2759
2759
2759
2759
2758
2758
2758
2758
2758
2758
2758
2758
2758
2758
2758
2762
2759
2759
2759
2759
2759
2759
2759
2759
2759
2759
2759
2759
2759
2759
2759
2759
2759
2759
2759
2759
2760
2760
2760
2760
2760
2760
2760
2760
2760
2760
2760
2760
2760
2760
2760
2760
2760
2760
2760
2760
2760
2758
2758
2758
2758
2758
2758
2758
2764
2764
2764
2764
2764
2764
2764
2764
2764
2764
2764
2772
2772
2766
2766
2766
2766
2766
2758
2758
2758
2758
2758
2758
2758
2758
2758
2757
2757
2757
2757
2757
2757
2757
2757
2757
2757
2757
2757
2757
2757
2757
2757
2757
2757
2757
2757
2757
2757
2757
2757
2757
2757
2757
2757
2757
2757
2757
2757
2757
2757
2757
2757
2757
2757
2757
2757
2757
2757
2757
2757
2757
2764
2764
2764
2764
2772
2772
2772
2772
2772
2757
2757
2757
2757
2757
2757
2757
2757
2757
2757
2757
2757
2757
2757
2757
2757
2757
2757
2757
2757
2757
2757
2757
2757
2757
2757
2757
2757
2757
2757
2757
2757
2757
2757
2759
2759
2757
2757
2757
2757
2757
2757
2757
2757
2757
2757
2757
2757
2757
2757
2757
2757
2757
2757
2757
2757
2757
2757
2757
2757
2757
2757
2757
2757
2757
2757
2757
2757
2757
2757
2757
2757
2757
2757
2757
2757
2757
2757
2757
2757
2757
2757
2757
2757
2757
2757
2757
2757
2757
2757
2757
2757
2757
2757
2757
2757
2757
2757
2757
2757
2757
2757
2757
2757
2757
2757
2757
2757
2757
2757
2757
2757
2757
2757
2757
2757
2757
2757
2757
2757
2757
2757
2757
2757
2757
2757
2757
2757
2757
2757
2757
2757
2757
2757
2757
2757
2757
2757
2757
2757
2757
2757
2757
2757
2757
2757
2762
2762
2762
2765
2765
2765
2765
2765
2765
2765
2765
2765
2765
2765
2765
2765
2765
2765
2765
2765
2765
2765
2765
2765
2765
2765
2765
2765
2765
2765
2765
2765
2765
2765
2765
2765
2765
2765
2765
2765
2765
2765
2764
2764
2764
2764
2764
2764
2764
2764
2763
2763
2763
2763
2763
2763
2763
2763
2763
2763
2763
2763
2763
2763
2763
2763
2763
2763
2763
2763
2763
2763
2763
2763
2763
2763
2763
2763
2763
2763
2763
2763
2763
2763
2763
2763
2763
2763
2763
2763
2763
2763
2763
2763
2763
2763
2763
2763
2764
2763
2763
2763
2763
2763
2763
2763
2763
2763
2763
2763
2763
2763
2763
2756
2756
2756
2756
2756
2756
2756
2756
2756
2756
2764
2764
2764
2764
2752
2752
2752
2752
2752
2752
2752
2752
2752
2752
2752
2752
2752
2752
2752
2752
2752
2752
2752
2752
2752
2752
2752
2752
2752
2752
2752
2752
2752
2752
2752
2752
2752
2752
2752
2752
2752
2752
2752
2752
2752
2752
2752
2752
2752
2752
2752
2752
2752
2752
2752
2752
2752
2752
2752
2752
2752
2752
2752
2752
2752
2752
2752
2752
2752
2752
2752
2752
2752
2752
2752
2752
2752
2752
2752
2752
2752
2752
2752
2752
2752
2752
2752
2752
2752
2752
2752
2752
2752
2752
2752
2752
2752
2752
2752
2752
2752
2752
2752
2752
2752
2752
2752
2752
2752
2752
2752
2752
2752
2752
2752
2752
2752
2752
2752
2752
2752
2752
2752
2752
2752
2752
2752
2752
2752
2752
2752
2752
2752
2752
2752
2752
2752
2752
2752
2752
2752
2752
2752
2752
2752
2752
2752
2752
2752
2752
2752
2752
2758
2758
2758
2758
2758
2752
2752
2752
2752
2752
2752
2752
2752
2752
2752
2752
2752
2752
2752
2752
2752
2752
2752
2752
2752
2752
2752
2752
2752
2752
2752
2752
2752
2752
2752
2754
2754
2754
2754
2754
2754
2754
2754
2754
2754
2754
2754
2754
2754
2754
2754
2754
2754
2754
2754
2754
2754
2754
2754
2754
2754
2754
2754
2754
2754
2754
2754
2754
2754
2754
2754
2754
2754
2754
2754
2754
2754
2754
2754
2754
2754
2754
2754
2754
2754
2754
2754
2754
2754
2754
2754
2754
2754
2754
2754
2754
2754
2754
2754
2754
2754
2754
2754
2754
2754
2754
2754
2754
2754
2754
2754
2754
2754
2754
2754
2754
2754
2754
2754
2754
2754
2754
2754
2754
2754
2754
2754
2754
2754
2754
2754
2754
2754
2754
2754
2754
2754
2754
2754
2754
2754
2754
2754
2754
2754
2754
2754
2754
2754
2754
2754
2754
2754
2754
2754
2754
2754
2754
2754
2754
2754
2754
2754
2754
2754
2754
2754
2754
2754
2754
2754
2754
2754
2754
2754
2754
2754
2754
2754
2754
2754
2754
2754
2754
2754
2754
2754
2754
2754
2754
2754
2754
2754
2754
2754
2754
2754
2754
2754
2754
2754
2754
2754
2754
2754
2754
2756
2756
2756
2756
2756
2757
2757
2757
2757
2757
2754
2754
2754
2754
2754
2754
2754
2754
2754
2754
2754
2754
2754
2754
2754
2754
2754
2754
2754
2754
2754
2754
2754
2754
2754
2754
2752
2752
2752
2752
2752
2752
2752
2752
2752
2752
2752
2752
2752
2752
2752
2752
2752
2752
2752
2752
2752
2752
2752
2752
2752
2752
2752
2752
2752
2752
2752
2752
2752
2752
2752
2752
2752
2752
2752
2752
2752
2752
2752
2752
2752
2752
2752
2752
2752
2752
2752
2752
2752
2752
2752
2752
2752
2752
2752
2752
2752
2752
2752
2752
2752
2752
2752
2752
2752
2752
2752
2752
2752
2752
2752
2752
2752
2752
2752
2752
2752
2752
2752
2752
2752
2752
2752
2752
2752
2752
2752
2752
2752
2752
2752
2752
2762
2762
2762
2762
2762
2762
2762
2764
2764
2764
2764
2764
2764
2764
2764
2764
2764
2764
2764
2752
2752
2752
2752
2752
2752
2752
2752
2752
2752
2752
2752
2752
2752
2752
2752
2752
2752
2752
2752
2752
2752
2752
2752
2752
2752
2752
2752
2752
2752
2752
2752
2752
2752
2752
2752
2752
2752
2752
2752
2752
2752
2752
2752
2752
2752
2752
2752
2752
2752
2752
2752
2752
2752
2752
2752
2752
2752
2753
2753
2753
2753
2753
2753
2753
2753
2752
2752
2752
2752
2752
2752
2752
2752
2752
2752
2752
2752
2752
2752
2752
2752
2752
2752
2752
2752
2752
2752
2752
2752
2752
2752
2752
2752
2752
2752
2752
2752
2752
2752
2752
2752
2752
2752
2752
2752
2752
2752
2752
2752
2752
2752
2752
2752
2752
2752
2752
2752
2752
2752
2752
2752
2753
2757
2757
2757
2757
2757
2757
2757
2757
2757
2757
2757
2757
2757
2757
2757
2757
2757
2752
2752
2752
2752
2752
2752
2752
2752
2752
2752
2752
2752
2752
2752
2752
2752
2752
2752
2752
2752
2752
2752
2752
2752
2752
2752
2752
2752
2752
2752
2752
2752
2752
2752
2752
2752
2752
2752
2752
2752
2752
2752
2752
2760
2760
2760
2774
2756
2756
2756
2756
2752
2752
2752
2752
2752
2752
2752
2752
2752
2752
2752
2752
2752
2752
2752
2752
2752
2752
2752
2752
2752
2752
2752
2752
2752
2752
2753
2753
2753
2753
2753
2752
2752
2752
2752
2752
2752
2752
2752
2752
2752
2752
2752
2752
2752
2752
2752
2752
2752
2752
2752
2752
2752
2752
2752
2752
2752
2752
2752
2752
2752
2752
2752
2752
2752
2752
2752
2752
2752
2752
2752
2752
2752
2752
2752
2752
2752
2752
2752
2752
2752
2752
2752
2752
2752
2752
2752
2752
2752
2752
2752
2752
2752
2752
2752
2752
2752
2752
2752
2752
2752
2752
2752
2752
2752
2752
2752
2752
2754
2754
2754
2754
2752
2752
2752
2752
2752
2752
2752
2752
2752
2752
2752
2752
2752
2752
2752
2752
2752
2752
2752
2752
2752
2752
2752
2752
2752
2752
2752
2752
2752
2752
2752
2752
2752
2752
2752
2752
2752
2752
2752
2752
2752
2752
2752
2752
2752
2752
2752
2752
2752
2752
2752
2752
2752
2752
2752
2752
2760
2760
2760
2752
2752
2752
2752
2752
2752
2752
2752
2752
2752
2752
2752
2752
2752
2752
2752
2752
2752
2753
2753
2753
2753
2753
2753
2753
2753
2753
2752
2752
2752
2752
2752
2752
2752
2752
2752
2752
2752
2752
2752
2752
2752
2752
2752
2752
2752
2752
2752
2752
2752
2752
2752
2752
2752
2752
2752
2752
2752
2752
2752
2752
2752
2752
2752
2752
2752
2752
2752
2752
2752
2752
2752
2752
2752
2752
2752
2752
2752
2752
2752
2752
2752
2754
2752
2752
2752
2752
2752
2752
2752
2752
2752
2752
2752
2752
2752
2752
2752
2752
2752
2752
2752
2752
2752
2752
2752
2752
2752
2752
2752
2752
2752
2752
2752
2752
2752
2752
2752
2754
2754
2754
2754
2754
2754
2754
2754
2754
2756
2756
2756
2756
2756
2756
2752
2752
2752
2752
2752
2752
2752
2763
2763
2763
2763
2763
2763
2763
2763
2752
2752
2752
2752
2752
2752
2752
2752
2752
2752
2752
2752
2752
2752
2752
2752
2752
2752
2752
2752
2752
2752
2752
2752
2752
2752
2752
2752
2752
2752
2752
2752
2752
2752
2752
2752
2752
2752
2752
2752
2752
2752
2752
2752
2752
2752
2752
2752
2752
2752
2752
2752
2752
2752
2752
2752
2752
2752
2752
2752
2752
2752
2752
2752
2752
2753
2752
2752
2752
2752
2752
2752
2752
2752
2752
2752
2752
2752
2752
2752
2752
2752
2752
2752
2752
2752
2752
2752
2752
2752
2752
2752
2752
2752
2752
2752
2752
2752
2752
2752
2752
2752
2752
2752
2752
2752
2752
2752
2752
2752
2752
2752
2752
2752
2752
2752
2752
2752
2752
2752
2752
2752
2752
2752
2752
2752
2752
2752
2752
2752
2752
2752
2752
2752
2752
2752
2752
2752
2752
2752
2752
2752
2754
2754
2754
2754
2754
2754
2754
2754
2754
2754
2754
2754
2754
2754
2754
2754
2754
2754
2754
2754
2754
2754
2754
2754
2754
2752
2752
2752
2752
2752
2752
2752
2752
2752
2752
2752
2752
2752
2752
2752
2752
2752
2752
2752
2752
2752
2752
2752
2752
2752
2752
2752
2752
2752
2752
2752
2752
2752
2752
2752
2752
2752
2752
2752
2752
2752
2752
2752
2752
2752
2752
2752
2752
2752
2752
2752
2752
2752
2752
2752
2752
2752
2752
2752
2752
2752
2752
2752
2752
2752
2752
2752
2752
2752
2752
2752
2752
2752
2752
2752
2752
2752
2752
2752
2752
2752
2752
2752
2752
2752
2752
2752
2752
2752
2752
2752
2752
2752
2752
2752
2752
2752
2752
2752
2752
2752
2752
2752
2752
2752
2752
2752
2752
2752
2769
2769
2769
2769
2769
2769
2752
2752
2752
2752
2753
2753
2753
2753
2753
2753
2753
2753
2753
2753
2753
2752
2752
2752
2752
2752
2752
2752
2752
2752
2752
2752
2752
2752
2752
2752
2752
2752
2752
2752
2752
2752
2752
2752
2752
2752
2752
2752
2752
2752
2752
2752
2752
2752
2752
2752
2752
2752
2752
2752
2752
2752
2752
2752
2752
2752
2752
2752
2752
2752
2752
2752
2752
2752
2752
2752
2752
2752
2752
2752
2752
2752
2752
2752
2752
2752
2761
2761
2760
2760
2765
2765
2765
2765
2765
2765
2765
2765
2765
2752
2752
2752
2752
2752
2752
2752
2752
2752
2752
2752
2752
2752
2752
2752
2752
2752
2752
2752
2752
2752
2752
2752
2752
2752
2752
2752
2752
2752
2752
2752
2752
2752
2752
2752
2752
2752
2752
2752
2752
2752
2752
2752
2752
2752
2752
2752
2752
2752
2752
2752
2752
2752
2752
2752
2752
2752
2752
2752
2752
2752
2752
2752
2752
2752
2752
2752
2752
2752
2752
2752
2752
2752
2752
2752
2752
2752
2752
2752
2752
2752
2752
2752
2752
2752
2752
2752
2752
2752
2752
2752
2757
2763
2763
2763
2752
2752
2752
2752
2752
2752
2752
2752
2752
2752
2752
2752
2752
2753
2753
2753
2753
2753
2753
2753
2753
2753
2753
2753
2753
2753
2753
2753
2753
2753
2753
2753
2753
2753
2753
2753
2752
2752
2752
2752
2752
2752
2752
2752
2752
2752
2752
2752
2752
2752
2752
2752
2752
2752
2752
2752
2752
2752
2752
2752
2752
2752
2752
2752
2752
2752
2752
2752
2752
2752
2752
2752
2752
2752
2752
2752
2752
2752
2752
2752
2752
2752
2752
2752
2752
2752
2752
2752
2752
2752
2752
2752
2752
2752
2752
2752
2752
2752
2752
2752
2752
2752
2752
2752
2752
2752
2752
2752
2754
2752
2752
2752
2752
2752
2752
2752
2752
2752
2752
2752
2752
2752
2752
2752
2752
2752
2752
2752
2752
2752
2752
2752
2752
2752
2752
2752
2752
2752
2752
2752
2752
2752
2752
2752
2752
2752
2752
2752
2752
2752
2752
2752
2752
2752
2752
2752
2752
2752
2752
2752
2752
2752
2752
2752
2752
2752
2752
2752
2752
2752
2752
2752
2752
2752
2752
2752
2752
2752
2752
2752
2752
2752
2752
2752
2752
2752
2752
2752
2752
2752
2752
2752
2752
2752
2752
2752
2752
2752
2752
2752
2752
2752
2752
2752
2752
2752
2752
2752
2752
2752
2752
2752
2752
2752
2752
2752
2752
2752
2752
2752
2752
2752
2752
2752
2752
2752
2752
2752
2752
2752
2752
2752
2752
2752
2752
2752
2752
2752
2755
2755
2755
2755
2755
2755
2752
2752
2752
2752
2752
2752
2752
2752
2752
2752
2752
2752
2752
2752
2752
2752
2752
2752
2752
2752
2752
2752
2752
2752
2752
2752
2752
2752
2752
2752
2752
2752
2752
2752
2752
2752
2752
2752
2752
2752
2752
2752
2752
2752
2752
2752
2752
2752
2752
2752
2752
2752
2752
2752
2752
2752
2752
2752
2752
2752
2752
2752
2752
2752
2752
2752
2752
2752
2752
2752
2752
2752
2752
2752
2752
2752
2752
2752
2752
2752
2752
2752
2752
2752
2752
2752
2752
2752
2752
2752
2752
2752
2752
2752
2752
2752
2752
2762
2756
2756
2752
2752
2752
2752
2752
2752
2752
2752
2752
2752
2752
2752
2752
2752
2752
2752
2752
2752
2752
2752
2752
2752
2752
2752
2752
2752
2752
2752
2752
2752
2752
2752
2752
2752
2752
2752
2752
2752
2752
2752
2752
2752
2752
2752
2752
