3312
3293
3274
3257
3237
3291
3291
3291
3273
3261
3278
3278
3263
3263
3263
3263
3263
3263
3192
3192
3293
3279
3280
3287
3326
3326
3360
3425
3395
3395
3409
3363
3286
3286
3298
3223
3217
3206
3206
3283
3283
3179
3179
3163
3097
3105
3105
3112
3112
3086
3188
3224
3178
3178
3155
3206
3206
3179
3179
3260
3260
3260
3302
3289
3289
3247
3318
3318
3250
3214
3291
3291
3238
3212
3153
3068
3133
3133
3210
3181
3200
3181
3181
3151
3094
3094
3094
3094
3096
3096
3096
3102
3058
3135
3142
3173
3173
3275
3275
3278
3278
3268
3241
3299
3384
3365
3365
3371
3359
3344
3260
3326
3284
3218
3147
3097
3150
3150
3152
3152
3080
3087
3087
3095
3110
3080
3129
3129
3113
3141
3139
3139
3184
3139
3145
3164
3120
3120
3120
3169
3230
3282
3282
3275
3265
3265
3265
3254
3215
3215
3215
3247
3205
3205
3205
3205
3205
3205
3181
3181
3181
3181
3257
3336
3336
3336
3356
3385
3395
3395
3291
3291
3291
3291
3291
3291
3200
3177
3177
3106
3080
3080
3080
3058
3142
3137
3137
3137
3137
3137
3184
3164
3220
3200
3099
3099
3099
3071
3123
3123
3123
3092
3092
3121
3092
3108
3108
3109
3109
3118
3118
3118
3121
3221
3221
3221
3175
3175
3175
3175
3188
3188
3229
3239
3216
3244
3261
3189
3277
3277
3277
3349
3423
3346
3364
3442
3470
3470
3470
3447
3447
3446
3424
3456
3548
3528
3560
3494
3431
3407
3353
3337
3344
3300
3342
3376
3373
3373
3373
3279
3219
3262
3262
3171
3204
3204
3208
3208
3208
3160
3160
3160
3160
3162
3207
3207
3207
3193
3193
3193
3247
3214
3234
3234
3144
3182
3182
3264
3264
3371
3409
3409
3369
3301
3301
3286
3288
3179
3210
3232
3298
3298
3257
3266
3285
3236
3236
3239
3239
3245
3257
3257
3257
3368
3395
3368
3410
3437
3396
3437
3432
3584
3450
3508
3520
3436
3557
3557
3557
3596
3570
3570
3605
3605
3541
3449
3416
3328
3328
3328
3323
3297
3300
3345
3395
3280
3263
3337
3412
3396
3344
3358
3363
3340
3340
3296
3323
3310
3226
3128
3155
3148
3152
3152
3178
3222
3206
3206
3094
3149
3239
3239
3197
3235
3239
3239
3202
3193
3152
3288
3288
3246
3246
3199
3199
3225
3225
3318
3367
3377
3363
3305
3300
3300
3260
3260
3260
3260
3260
3260
3091
3046
3051
3155
3155
3155
3100
3203
3160
3280
3209
3203
3203
3200
3234
3152
3152
3152
3181
3177
3177
3157
3201
3273
3296
3153
3153
3153
3108
3108
3108
3140
3155
3102
3064
3064
3100
3034
3034
3115
3083
3083
3093
3093
3093
3063
3063
3052
3052
3050
3050
3050
3064
3029
3108
3076
3083
3083
3083
3064
3030
2975
3049
3080
3080
3085
3085
3094
3035
3035
3070
3131
3051
3051
3051
3044
3078
3038
2944
2985
2985
2985
2985
2985
3001
3001
3046
3046
3053
3053
3024
3024
3028
3028
2962
2962
2962
2962
2962
2970
3064
3072
3057
3113
3191
3191
3116
3176
3229
3188
3120
3120
3100
3100
3100
3182
3182
3193
3193
3216
3216
3089
3196
3196
3196
3182
3182
3182
3182
3137
3137
3137
3137
3137
3137
3137
3137
3176
3162
3230
3218
3218
3218
3212
3206
3261
3261
3298
3298
3310
3398
3369
3369
3329
3251
3251
3237
3137
3244
3252
3252
3252
3309
3309
3322
3322
3322
3338
3255
3193
3161
3151
3151
3170
3157
3111
3100
3089
3089
3139
3064
3053
3053
3053
3059
3090
3098
3001
3001
3001
3001
3001
3032
3061
3061
3067
3067
2970
2970
2970
2909
2980
2980
2996
3007
3132
3257
3209
3181
3144
3228
3266
3266
3306
3306
3343
3428
3439
3472
3472
3476
3466
3410
3410
3410
3452
3452
3418
3418
3360
3360
3355
3364
3364
3364
3364
3364
3289
3218
3218
3243
3259
3250
3264
3286
3228
3232
3181
3234
3256
3174
3106
3042
3076
3091
3091
3091
3086
3133
3133
3111
3102
3188
3209
3263
3263
3239
3152
3152
3196
3196
3196
3239
3218
3209
3123
3132
3184
3255
3192
3192
3204
3244
3199
3194
3185
3185
3187
3196
3196
3227
3238
3185
3185
3185
3185
3144
3174
3174
3164
3164
3164
3164
3158
3172
3144
3184
3172
3172
3302
3233
3254
3254
3292
3292
3316
3316
3383
3383
3317
3245
3245
3241
3241
3174
3174
3219
3219
3219
3181
3293
3212
3215
3215
3215
3200
3215
3215
3299
3354
3354
3354
3301
3336
3316
3316
3316
3258
3257
3196
3196
3280
3281
3236
3236
3236
3257
3188
3272
3325
3320
3267
3267
3230
3261
3261
3261
3244
3244
3239
3183
3218
3218
3286
3286
3286
3335
3230
3230
3295
3293
3293
3256
3253
3253
3261
3261
3205
3132
3193
3215
3074
3074
3074
3100
3084
3053
3136
3126
3123
3146
3083
3083
3036
3063
2997
2943
2931
2931
2965
2998
3027
3148
3148
3148
3134
3205
3185
3185
3269
3120
3120
3112
3112
3092
3092
3132
3132
3095
3120
3120
3256
3256
3193
3218
3218
3218
3190
3148
3179
3186
3205
3229
3339
3339
3339
3339
3339
3299
3231
3246
3272
3329
3292
3240
3240
3241
3225
3225
3225
3225
3238
3238
3356
3356
3356
3356
3356
3285
3162
3162
3162
3179
3179
3179
3163
3163
3198
3198
3198
3198
3160
3160
3160
3202
3241
3241
3182
3182
3251
3246
3336
3336
3254
3254
3254
3174
3245
3153
3213
3339
3434
3376
3376
3330
3262
3267
3150
3105
3124
3041
3025
3065
3065
3065
3069
3069
3069
3069
3069
3148
3148
3148
3183
3224
3129
3222
3262
3247
3247
3247
3203
3203
3203
3203
3203
3189
3284
3139
3110
3153
3165
3165
3165
3165
3136
3136
3136
3016
2998
2998
2998
2998
3046
3036
3031
3031
3072
3081
3081
3163
3188
3200
3219
3322
3322
3320
3320
3300
3257
3257
3321
3431
3376
3411
3449
3449
3501
3501
3501
3501
3501
3501
3450
3455
3496
3506
3479
3521
3521
3567
3574
3573
3517
3517
3543
3543
3566
3488
3471
3471
3471
3401
3401
3248
3281
3248
3248
3244
3332
3332
3294
3376
3337
3337
3376
3303
3261
3177
3134
3148
3212
3093
3118
3118
3118
3131
3108
3108
3045
3038
3038
2977
2973
3087
3131
3104
3104
3104
3034
3098
3093
3071
3018
3018
2973
2964
2964
2999
2999
3045
2989
2989
3052
3052
3052
3112
3112
3177
3177
3177
3160
3164
3164
3164
3191
3235
3235
3235
3215
3186
3186
3219
3195
3246
3215
3215
3209
3209
3092
3110
3110
3092
3153
3172
3166
3166
3145
3078
3078
3042
3097
3097
3097
3099
3099
3043
3007
3030
2977
2977
3031
3031
3031
2976
3049
3113
3152
3121
3138
3138
3174
3174
3184
3184
3248
3248
3205
3205
3060
3073
3126
3126
3126
3137
3155
3155
3155
3127
3048
3048
3045
3138
3217
3217
3211
3182
3154
3150
3086
3036
3036
3036
3118
3149
3184
3184
3221
3249
3249
3268
3267
3297
3297
3256
3253
3194
3220
3220
3186
3214
3213
3213
3252
3097
3070
3070
3070
3070
3120
3231
3231
3239
3239
3227
3201
3297
3297
3336
3313
3318
3318
3318
3435
3441
3407
3407
3367
3367
3459
3394
3394
3350
3395
3389
3389
3389
3389
3389
3397
3362
3397
3325
3262
3262
3229
3229
3300
3296
3242
3242
3298
3251
3226
3244
3244
3223
3182
3183
3182
3182
3060
3029
2962
2962
2938
2938
2925
3012
3012
3012
3012
3011
3085
3190
3228
3332
3332
3337
3252
3252
3252
3213
3187
3182
3182
3167
3167
3167
3179
3211
3243
3234
3234
3234
3234
3213
3213
3213
3271
3267
3267
3267
3324
3324
3324
3319
3319
3260
3280
3231
3289
3289
3314
3316
3281
3413
3413
3376
3376
3376
3313
3291
3345
3348
3348
3348
3317
3317
3320
3320
3259
3209
3219
3219
3263
3263
3270
3270
3198
3181
3238
3238
3113
3178
3167
3190
3190
3151
3200
3200
3166
3133
3139
3139
3120
3174
3140
3223
3213
3286
3160
3062
3062
3062
3037
3037
3037
3108
3108
3108
3078
3042
2895
2895
2903
2903
2903
2918
2918
2918
2919
2919
2901
2901
2883
2883
2883
2883
3017
2952
2952
2954
3043
3043
3057
3090
3058
3026
2999
3018
2992
2992
2992
3028
3028
3028
3016
3016
3016
3034
3048
3048
2985
2976
3022
3022
2981
3069
3115
3026
3003
3003
3003
3043
3039
2946
3086
2990
3010
2989
2989
3024
3124
3124
3124
3124
3092
3092
3135
3098
3182
3182
3196
3121
3223
3223
3223
3142
3153
3153
3107
3125
3105
3147
3101
3093
3187
3187
3233
3233
3245
3245
3245
3214
3214
3225
3225
3225
3170
3170
3170
3246
3234
3234
3279
3251
3257
3257
3244
3337
3233
3249
3274
3275
3383
3375
3269
3269
3269
3227
3177
3205
3205
3205
3205
3197
3197
3197
3197
3179
3149
3149
3149
3130
3083
3083
3083
3083
3053
3053
3060
3124
3124
3124
3103
3103
3103
3103
3103
3154
3176
3176
3176
3178
3256
3256
3219
3281
3256
3256
3283
3283
3336
3331
3331
3218
3218
3264
3184
3181
3181
3231
3234
3291
3266
3236
3208
3208
3221
3317
3358
3324
3307
3307
3385
3385
3339
3365
3321
3301
3301
3309
3405
3395
3297
3219
3202
3225
3136
3104
2972
2959
2933
2980
2951
2962
2949
3060
3028
3092
3171
3165
3107
3153
3153
3107
3162
3177
3171
3171
3171
3182
3182
3109
3039
3044
3044
3088
3077
3005
2985
3019
3046
3046
3046
3018
2984
3087
3087
3062
3144
3149
3112
3040
3048
3075
3093
3127
3026
3051
3053
3013
3067
3047
3185
3133
3107
3091
3160
3160
3177
3173
3221
3214
3263
3275
3342
3305
3283
3233
3175
3175
3154
3091
3091
3110
3047
3047
3002
3002
3002
3010
3009
3009
2970
3013
2939
2982
3059
3029
3064
3029
3029
3029
3029
3005
3005
3005
3015
3015
2978
2978
3001
3019
3019
3014
3064
3002
3024
3014
3079
3079
3195
3116
3116
3116
3116
3116
3182
3182
3182
3182
3177
3177
3235
3235
3235
3159
3172
3172
3113
3167
3167
3167
3179
3235
3283
3251
3396
3442
3461
3461
3537
3537
3537
3537
3537
3543
3565
3553
3632
3548
3548
3417
3403
3402
3402
3402
3402
3355
3263
3286
3281
3287
3163
3182
3136
3136
3136
3136
3155
3164
3164
3180
3304
3281
3281
3259
3259
3259
3203
3262
3254
3254
3204
3193
3185
3185
3123
3131
3034
3034
3048
3111
3009
3015
3038
3038
3064
3068
3114
3133
3133
3133
3133
3135
3134
3149
3149
3201
3178
3240
3240
3240
3192
3190
3260
3252
3293
3293
3293
3317
3331
3302
3300
3248
3206
3309
3309
3309
3293
3197
3197
3181
3241
3294
3249
3268
3268
3237
3212
3238
3238
3304
3304
3322
3402
3410
3332
3265
3265
3193
3127
3121
3111
3177
3190
3190
3233
3233
3243
3243
3320
3310
3237
3249
3264
3264
3308
3308
3330
3288
3288
3266
3182
3182
3081
3081
3001
3001
3069
3074
3074
3050
3050
3036
3067
3036
3127
3127
3127
3182
3123
3123
3115
3219
3219
3228
3228
3258
3258
3280
3250
3334
3334
3321
3335
3363
3283
3261
3261
3214
3214
3202
3274
3274
3215
3266
3266
3237
3351
3383
3383
3385
3447
3450
3435
3422
3346
3410
3415
3448
3451
3394
3394
3375
3376
3376
3376
3376
3301
3277
3277
3307
3332
3332
3332
3325
3325
3440
3295
3270
3405
3323
3314
3314
3314
3273
3271
3200
3162
3265
3302
3302
3275
3184
3148
3059
3045
2996
2946
2946
2953
2968
2992
3016
3016
3016
3054
3054
3054
3037
3037
3037
3003
2977
2977
3007
3007
3016
3016
2959
2983
2962
3014
3026
3019
3041
3067
3131
3218
3252
3364
3375
3344
3337
3337
3343
3343
3343
3341
3341
3341
3341
3341
3266
3266
3196
3209
3165
3127
3127
3127
3025
2969
2969
2996
2978
2979
2979
2979
2987
2974
3003
3047
3058
3058
3018
3018
3018
3018
2981
2981
2981
2981
2966
2946
2951
2951
2951
2954
2954
2954
2949
2949
2949
2949
2935
2991
3004
3004
3008
2969
2989
2969
2969
2975
2968
2955
2955
2955
2967
2949
2949
3014
2957
2951
2973
2939
2939
2956
2966
2957
2957
2957
2957
2957
2902
2902
2902
2902
2936
2936
3004
3020
3037
3019
3058
2957
3026
3014
3005
3034
3038
2976
2976
2958
2954
2974
2974
2981
2981
2981
2981
2981
2953
2969
2987
3030
3030
3030
3030
3062
3062
3062
2985
2985
2985
2985
3042
3042
3042
3004
3004
2980
3026
3046
3037
3027
3027
3012
3030
3054
3033
3063
3078
3005
3005
2968
3018
2955
3015
3036
2991
2955
2985
3038
3072
3031
3052
3034
3023
3024
3031
3066
3066
3054
3054
3096
3095
3095
3089
3052
3052
3052
3017
3017
3009
3012
3012
3007
3089
3089
3089
3089
3092
3119
3070
2969
2998
3010
3021
2929
2929
2929
2933
3049
3049
3049
3053
3053
3053
3053
3004
3029
3014
3014
3034
3034
3014
3085
3067
3067
3067
3067
3031
3041
3059
3105
3105
3105
3115
3122
3108
3108
3108
3109
3156
3079
3014
2986
2963
2985
2985
2955
2952
3065
3046
3046
3046
3061
3059
3059
3059
3063
3104
3082
3082
3103
3103
3079
3150
3150
3158
3243
3229
3228
3228
3193
3157
3161
3123
3134
3090
3134
3147
3187
3147
3106
3130
3143
3143
3143
3118
3049
3049
3015
3046
3045
3080
3080
3075
3064
3076
3040
3003
3032
3027
3073
3073
3073
3073
3033
3017
3017
3098
3098
3098
3093
3061
3083
3083
3083
3083
3083
2997
2997
2997
3059
3021
3021
3023
3098
3213
3249
3275
3281
3197
3162
3155
3109
3185
3164
3147
3072
3072
3072
3074
3072
3078
3078
3078
3078
3078
3078
3105
3105
3127
3127
3221
3221
3230
3230
3230
3291
3258
3261
3261
3242
3326
3339
3335
3279
3294
3294
3342
3386
3413
3345
3242
3242
3242
3300
3300
3300
3300
3300
3274
3178
3169
3169
3169
3133
3133
3157
3157
3142
3144
3144
3146
3146
3146
3146
3145
3183
3183
3183
3183
3237
3212
3252
3204
3204
3204
3204
3219
3219
3151
3185
3185
3178
3178
3178
3178
3178
3178
3207
3194
3178
3165
3165
3154
3200
3200
3212
3212
3237
3199
3153
3153
3150
3131
3124
3124
3149
3153
3153
3153
3109
3109
3099
3123
3110
3146
3159
3147
3126
3149
3149
3171
3059
3103
3103
3009
3009
3093
3093
3093
3197
3197
3197
3171
3197
3197
3197
3205
3205
3302
3212
3152
3152
3167
3118
3067
3067
3067
3115
3100
3064
3064
3064
3072
3139
3139
3158
3130
3130
3219
3207
3207
3204
3204
3175
3228
3184
3184
3276
3198
3157
3186
3186
3170
3163
3122
3146
3145
3143
3106
3183
3183
3222
3231
3231
3231
3231
3255
3268
3268
3268
3244
3244
3244
3211
3221
3191
3198
3198
3198
3198
3198
3198
3257
3257
3184
3159
3111
3111
3082
3011
3011
3069
3089
3089
3083
3083
3083
3140
3083
3083
3126
3111
3070
3070
3070
3070
3031
3013
3064
3079
3079
3079
3079
3079
3127
3144
3144
3183
3134
3123
3123
3099
3148
3148
3148
3148
3148
3148
3148
3104
3104
3126
3126
3104
3104
3104
3087
3087
3087
3087
3112
3112
3112
3151
3151
3112
3047
3009
3058
3058
3065
3058
3068
3054
3054
3058
3055
3055
3055
3116
3024
3033
2949
2949
2949
2949
2956
2983
2983
2983
2983
2971
3007
3007
3007
3007
3007
3002
3032
3032
3032
3117
3119
3119
3126
3126
3101
3113
3113
3129
3129
3129
3129
3129
3129
3129
3198
3198
3198
3182
3237
3242
3242
3204
3143
3159
3159
3159
3147
3263
3224
3224
3224
3170
3185
3185
3185
3241
3241
3241
3195
3195
3195
3286
3316
3316
3323
3371
3386
3370
3370
3370
3370
3304
3304
3234
3234
3213
3216
3203
3203
3187
3187
3212
3212
3212
3152
3152
3152
3144
3144
3152
3181
3160
3160
3236
3229
3244
3244
3195
3185
3185
3143
3113
3113
3197
3141
3139
3139
3126
3126
3182
3200
3200
3200
3216
3211
3237
3206
3209
3142
3158
3174
3174
3145
3214
3201
3201
3121
3163
3196
3221
3221
3202
3202
3179
3269
3316
3364
3364
3364
3364
3446
3348
3325
3325
3221
3265
3265
3265
3265
3241
3170
3170
3170
3196
3155
3271
3229
3229
3229
3230
3149
3138
3082
3074
3099
3099
3074
3071
3083
3054
3076
3108
3105
3158
3136
3119
3129
3190
3190
3116
3116
3116
3054
3054
3034
3065
3065
3028
2995
2995
3000
3000
3000
2915
2915
2915
2992
2992
3013
3013
3104
3104
3080
3125
3170
3170
3220
3220
3138
3062
3062
3150
3145
3098
3098
3098
3091
3091
3133
3177
3137
3137
3198
3198
3165
3165
3027
3027
2976
3004
3004
2948
2948
2948
2948
2948
2948
2852
2852
2862
2862
2862
2917
2914
3014
2986
2986
2959
2918
2980
3016
3014
3014
2969
2970
2970
2970
2932
2932
2932
2932
2932
2932
2987
2987
2994
2994
3006
3020
2979
2979
2970
2970
2918
2918
2918
2918
2918
2918
2918
2927
2927
2927
2927
2927
2927
2927
2927
2927
2927
2927
2927
2927
2957
2957
2957
2982
2982
2996
2996
2996
2996
2996
3043
3018
3018
3018
3018
3018
3018
3018
3018
3018
3018
3018
3089
3129
3129
3129
3060
3060
3060
3060
3060
3060
3094
3094
3118
3032
3018
3018
3018
3037
3037
3050
3050
3050
3094
3094
3047
3071
2982
2968
3011
3011
2970
2989
3083
3083
3083
3068
3038
3038
3038
3038
3041
3041
3040
3001
2999
2999
2999
2973
2973
3038
3038
3053
2990
2990
2990
3002
3042
3042
3018
3058
3120
3228
3228
3239
3225
3195
3235
3235
3165
3207
3238
3238
3292
3292
3292
3369
3420
3426
3426
3420
3404
3369
3369
3369
3369
3369
3369
3369
3362
3293
3136
3136
3117
3078
3085
3084
3084
3084
3084
3090
3090
3090
3052
3148
3108
3146
3146
3146
3176
3253
3259
3204
3182
3182
3196
3218
3182
3182
3127
3151
3127
3159
3196
3196
3134
3134
3134
3165
3160
3160
3204
3132
3126
3107
3145
3112
3165
3212
3174
3174
3150
3150
3149
3203
3203
3218
3218
3205
3192
3192
3202
3202
3206
3206
3206
3206
3173
3173
3173
3173
3140
3140
3140
3109
3109
3109
3109
3072
3072
3071
3014
3014
3014
3014
3080
3080
3112
3136
3136
3124
3141
3141
3032
3032
3032
3007
2990
3023
3023
3066
3066
3108
3080
3143
3138
3138
3157
3157
3157
3171
3157
3214
3214
3214
3214
3246
3246
3290
3131
3131
3087
3100
3100
3107
3107
3114
3114
3077
3047
3047
3105
3105
3047
3106
3074
3074
3165
3165
3041
3041
3041
3036
3036
3036
3117
3106
3127
3127
3167
3167
3128
3119
3162
3162
3185
3217
3182
3182
3201
3201
3216
3216
3060
3109
3051
2988
2988
3087
3087
3087
3087
3063
3155
3155
3132
3206
3168
3168
3096
3066
3066
3148
3148
3106
3004
3033
2960
3024
3064
3075
3056
3121
3150
3118
3196
3178
3237
3187
3177
3117
3156
3156
3156
3189
3175
3203
3168
3116
3154
3154
3130
3084
3084
3084
3084
3133
3146
3163
3167
3164
3284
3324
3271
3271
3271
3246
3246
3276
3313
3297
3301
3304
3329
3333
3306
3306
3306
3316
3243
3243
3243
3238
3216
3216
3289
3289
3201
3180
3160
3172
3171
3179
3179
3140
3180
3140
3158
3118
3122
3122
3134
3174
3174
3165
3165
3165
3218
3218
3218
3218
3218
3137
3137
3137
3131
3131
3131
3062
3062
3062
3085
3133
3131
3093
3093
3070
3082
3082
3082
3082
3082
3090
3090
3080
3080
3080
2966
3006
3006
2991
2991
2991
2991
2991
3069
3060
3027
3015
3015
3015
3017
2988
2999
3084
3047
3096
3097
3097
3097
3037
2986
3000
3001
2997
3046
2985
2985
3040
3040
2948
2954
2928
2987
2987
2987
3039
2997
2997
3031
2999
3018
3018
3025
3025
3053
3091
3053
3053
3053
3053
3004
3004
3004
3004
3038
3058
3058
3101
3070
3070
2991
2991
2991
3033
3033
3032
3032
3069
3069
3087
3087
3087
3059
3052
3053
3053
3166
3166
3128
3128
3106
3105
3065
3065
3065
3065
3065
3083
3083
3083
3154
3142
3123
3123
3123
3123
3149
3188
3188
3184
3197
3197
3102
3108
3174
3172
3162
3132
3099
3066
3040
3083
3083
3083
3083
2997
2999
2999
3016
3048
3075
3143
3143
3145
3193
3255
3324
3184
3184
3184
3173
3173
3173
3173
3173
3173
3125
3125
3125
3125
3166
3166
3166
3171
3171
3173
3173
3173
3173
3191
3163
3163
3143
3144
3061
3061
3071
3079
3079
3093
3093
3117
3117
3120
3120
3120
3120
3120
3179
3148
3148
3040
3040
3084
3084
3084
3084
3123
3123
3107
3107
3107
3088
3099
3031
3096
3018
3043
3043
3043
3074
3072
3087
3087
3084
3084
3075
3106
3106
3106
3067
3068
3095
3095
3184
3189
3144
3211
3264
3264
3191
3114
3098
3112
3083
3105
3134
3134
3067
3071
3071
3056
3056
3056
3071
3071
3121
3121
3136
3126
3126
3126
3126
3126
3126
3126
3126
3094
3112
3121
3018
3020
3020
3020
3020
3062
3063
3063
3063
3149
3137
3141
3137
3065
3162
3121
3081
3043
3043
3037
3035
3035
3035
3035
3035
3035
3051
3051
3051
3051
3074
3074
3074
3081
3142
3146
3146
3146
3148
3146
3146
3089
3089
3089
3189
3121
3126
3126
3126
3074
3082
3191
3105
3105
3198
3220
3219
3269
3269
3242
3242
3226
3214
3214
3219
3219
3251
3219
3219
3219
3219
3219
3172
3172
3107
3107
3107
3107
3107
2989
3011
3011
3011
3014
3014
3043
3098
3098
3098
3098
3061
3023
3023
3008
3008
3009
3009
3009
3009
3005
2975
2937
2887
2887
2965
2922
2964
3038
3047
3047
3047
2925
2913
2913
2912
2905
2905
2872
2872
2839
2839
2898
2896
2896
2896
2896
2900
2904
2948
2948
2957
2919
2919
2938
2919
2957
2957
2957
2957
2957
2975
2975
3009
3080
3080
3048
3048
3048
3011
3019
3019
2976
2939
2939
2939
2963
2927
2936
2936
2917
2917
2917
2917
2917
2917
2917
2917
2982
2982
2982
2987
2987
2987
3027
3027
3027
3019
3019
3019
3019
3019
3019
3023
3050
3050
3050
3050
3050
3051
3051
3050
3039
3002
3002
3002
2941
2986
2986
2931
3026
2989
2989
2900
2879
2873
2873
2873
2873
2873
2902
2902
2902
2902
2902
2914
2914
2914
3000
2934
2934
2959
2990
2897
2913
3025
3025
2979
2979
2979
2977
3040
3040
3040
2957
2919
2919
2919
2883
2883
2883
2864
2864
2894
2894
2894
2915
2915
2885
2910
2910
2869
2869
2869
2869
2869
2869
2881
3050
3050
3050
3073
3073
3073
3076
3076
3111
3111
3146
3120
3117
3142
3142
3142
3183
3274
3343
3343
3372
3343
3343
3243
3285
3375
3395
3363
3363
3337
3340
3236
3272
3294
3186
3186
3186
3186
3186
3186
3171
3176
3145
3145
3145
3145
3077
3057
3089
3046
3037
3040
3031
3055
3055
3055
3055
3083
3083
3083
3014
2992
2943
2927
2927
2927
2971
2971
2971
2979
3022
3022
3022
3022
3045
3096
3083
3069
3056
3113
3113
3212
3212
3328
3328
3329
3312
3203
3203
3203
3071
3071
3056
3083
3083
3077
3111
3146
3073
3019
3019
3019
3020
3048
3059
3059
3087
3087
3093
3093
3102
3113
3095
3088
3117
3092
3092
3092
3092
3095
3095
3096
3096
3126
3126
3145
3111
3033
3033
3033
3034
3034
3034
3064
3064
3105
3130
3130
3130
3130
3142
3146
3146
3146
3168
3097
3097
3102
3111
3238
3219
3219
3219
3238
3151
3151
3170
3112
3160
3113
3137
3206
3206
3206
3206
3206
3206
3129
3129
3072
3072
3073
3073
3033
3033
3058
3058
3092
3075
3075
3034
3001
2955
2989
2989
3003
3003
3038
3066
3125
3115
3063
3063
3115
3081
3086
3116
3069
3144
3160
3160
3160
3160
3141
3141
3141
3141
3238
3238
3176
3234
3234
3253
3253
3267
3267
3267
3156
3085
3069
3057
3057
3057
3057
3082
3082
3082
3082
2983
2961
2947
3020
3020
3124
3124
3124
3149
3091
3040
3071
3071
3071
3071
3137
3155
3054
3040
3022
3022
3048
3048
3045
3039
3075
3075
3075
3075
3095
3094
3124
3124
3124
3124
3105
3105
3103
3103
3103
3103
3103
3103
3084
3062
3146
3146
3131
3131
3082
3082
3018
3042
3042
3042
3042
3042
3042
3066
3066
3066
3112
3112
3112
3112
3112
3112
3112
3082
3082
3082
3038
3038
3038
3038
3038
3038
3036
3036
3036
3014
3014
3043
3077
2988
2970
2970
2970
2970
2970
2970
2970
2970
2970
2970
2970
2970
2970
2957
2957
2957
2957
3012
2957
2957
2978
2978
2973
2973
2973
2972
2972
2972
2998
2998
2992
2992
2960
2933
2933
2933
2933
2933
2933
2933
2933
2941
2941
2941
2953
3050
3050
3050
3050
3025
3003
3003
3003
3031
3031
3031
3031
3031
3004
3004
3012
3012
2990
2990
2992
2992
2989
2989
2980
2980
2980
2980
2980
2980
2975
3022
3022
3012
3044
2992
3003
3003
2975
2975
2991
3009
3009
3009
2993
2976
2976
2976
2971
2950
2962
2939
2939
2939
2939
2961
2961
2932
2906
2904
2904
2904
2904
2905
2933
2933
2933
2933
3011
2968
2987
2984
3017
3017
2999
2999
3042
3017
3017
3017
3017
3017
3017
2971
2971
2971
2970
3007
2970
3000
3000
3000
3000
2980
3054
3054
3061
3057
2959
2959
2959
2959
2978
2987
3016
2974
2929
2975
2975
2970
2945
2945
2945
2945
2945
2945
2983
2946
3019
3020
2960
2963
2963
2940
2940
2940
2958
2958
2958
2919
2919
2919
2919
2913
2894
2888
2888
2888
2883
2883
2898
2898
2898
2898
2901
2901
2901
2898
2898
2898
2898
2844
2843
2843
2843
2843
2843
2843
2843
2843
2843
2843
2843
2843
2843
2789
2789
2789
2789
2789
2789
2838
2865
2852
2882
2878
2878
2878
2878
2898
2898
2882
2882
2882
2836
2836
2818
2881
2881
2881
2881
2881
2881
2881
2881
2920
2920
2822
2822
2853
2853
2853
2853
2853
2853
2853
2853
2853
2853
2853
2853
2852
2894
2962
2920
2935
2935
2935
2928
2887
2887
2887
2887
2887
2887
2887
2874
2874
2874
2874
2861
2893
2872
2872
2872
2926
2926
2926
2926
2926
2926
2926
2926
2926
2926
2891
2891
2882
2882
2895
2895
2895
2902
2958
2958
2895
2889
2889
2920
2972
2972
2972
2972
2972
2972
3031
3036
3036
3007
2985
2980
2984
2984
3033
3056
3056
3056
3056
3040
3018
3006
2971
2971
2982
2982
2972
2972
2972
3008
3075
3083
3083
3083
3077
3077
3094
3128
3128
3128
3128
3089
3078
3078
3140
3110
3110
3009
3016
3016
3016
2969
2969
2989
2989
2989
2957
2957
2957
2955
2955
2955
2955
2955
2960
2958
2958
2968
3014
3014
3127
3144
3144
3107
3107
3185
3196
3138
3138
3138
3172
3172
3140
3086
3086
3086
3086
3060
3149
3149
3161
3089
3160
3160
3160
3109
3089
3089
3025
3023
3042
3052
3052
3052
3059
3059
3107
3123
3123
3123
3123
3129
3003
2951
2951
2951
2951
3040
3040
3029
3029
3029
3077
2970
2970
3014
3014
3014
3014
2981
2981
2981
2994
2994
2981
2940
2948
2948
2973
3053
3053
3035
2934
2934
2908
2908
2897
2906
2910
2917
2838
2840
2840
2840
2840
2840
2840
2852
2852
2840
2840
2840
2840
2840
2840
2840
2840
2840
2840
2840
2840
2840
2840
2920
3030
3030
3030
3044
3044
3044
3097
3103
3103
3103
3103
3103
3103
3103
3103
3160
3160
3160
3160
3160
3151
3151
3114
3082
3082
3082
3082
3045
3017
3017
3017
2949
2958
2958
3081
3076
3035
3020
3020
3020
3020
3020
3020
3043
3078
3078
3078
3072
3072
3058
3023
3036
3036
3036
3036
2981
2978
2978
2978
2978
2978
2978
2978
2978
2978
3036
3017
3017
3017
3003
3003
3003
3003
3015
3015
3014
2987
3017
3017
3017
3017
3010
3010
3010
3010
3010
3034
3034
3061
3144
3207
3207
3207
3207
3121
3121
3121
3121
3067
3059
3058
3053
3047
3047
3044
3044
3123
3123
3123
3123
3143
3143
3145
3145
3145
3120
3120
3120
3122
3085
3132
3132
3132
3071
3008
3027
3027
3027
3006
3006
3002
3002
3002
2923
2917
2917
2917
2917
2946
2922
2947
2910
2910
2910
2910
2910
2906
2906
2943
2943
2950
2950
2947
2947
2919
2919
2919
2979
2979
2979
2967
2962
2962
2962
2962
2962
2962
2992
2992
2961
2961
2961
2961
2923
2923
2923
2923
2923
3002
3002
3059
3059
3037
3037
3046
3078
3051
3051
3051
3051
3051
3051
3072
3093
3093
3093
3145
3134
3134
3142
3142
3186
3186
3186
3213
3147
3154
3170
3170
3170
3170
3170
3086
3101
3101
3102
3091
3091
3110
3110
3110
3085
3085
3085
3085
3051
3051
3051
3051
3051
3051
3016
3016
3016
3016
3016
3016
3016
3019
3016
2969
2969
2937
2937
2937
2937
2937
2937
2937
2937
2970
2898
2898
2898
2898
2898
2898
2898
2941
2941
2941
2898
2898
2898
2898
2898
2898
2898
2969
2938
2938
2935
2935
2935
2935
2938
2910
2910
2915
2947
2962
3018
3039
3039
3039
3039
3039
3129
3129
3129
3129
3021
3021
2982
2982
2982
2982
2982
2979
3011
3011
3011
3011
3011
3011
3011
3011
3011
3000
2990
3016
2981
3013
3013
3013
3012
3002
3002
3024
3024
3024
3023
3023
3023
2997
2976
2976
2976
2976
2976
2976
2968
2968
2967
2967
2964
2982
2982
2950
2950
2942
2942
2923
2973
2986
2986
2973
2973
2995
2995
3038
3035
3035
3035
3034
3034
3034
2991
2932
2932
2932
2932
2927
2927
2927
2927
2968
2968
2968
2968
2970
3019
3019
3019
3019
3005
2970
2970
2970
2970
3029
3029
3029
3022
3038
3038
3038
3038
3038
3064
3064
3064
3064
3064
3105
3105
3076
3061
3061
3061
2959
2959
2945
2945
2977
2977
2977
2977
2981
2981
3004
3004
3025
3025
3028
3064
3046
3046
3046
3046
3046
3035
3035
3035
3035
3035
3035
3035
3021
3000
3000
3000
3000
3000
3000
3000
3000
3000
3000
2967
2937
2937
2928
2928
2928
2928
2928
2928
2919
2920
2920
2915
2915
2897
2892
2892
2910
2910
2915
2915
2915
2915
2915
2915
2915
2917
2917
2917
2864
2864
2864
2867
2899
2899
2974
2974
2974
2974
2952
2952
2952
2952
2952
3028
2971
2971
2975
2964
2964
2934
2924
2959
2941
2941
2941
2979
2979
3025
3025
3025
3025
3025
3025
3025
3013
3013
2979
3001
3047
3001
2991
3018
3018
3021
3021
3011
3011
3011
3011
3011
3011
3011
3011
3011
2924
2951
2951
2951
2929
2929
2930
2938
2938
2938
2930
2919
2919
2919
2919
2919
2916
2933
2920
2943
2943
2943
2943
2943
2943
2943
2949
2904
2904
2904
2904
2912
2920
2920
2938
2938
2919
2973
2913
2913
2923
2923
2902
2902
2902
2861
2889
2889
2861
2861
2861
2861
2861
2861
2861
2861
2861
2861
2861
2861
2861
2876
2876
2876
2876
2876
2876
2876
2876
2864
2864
2864
2864
2861
2861
2861
2861
2861
2861
2861
2861
2861
2891
2891
2891
2891
2891
2891
2891
2870
2870
2906
2906
2906
2922
2922
2922
2922
2922
2922
2922
2922
2922
2922
2895
2891
2891
2891
2891
2902
2902
2891
2891
2902
2945
2945
2945
2945
2945
2945
2945
2945
3004
3007
3015
3015
3015
3010
3024
3024
3024
2976
2976
2976
2953
2953
3007
3007
2983
2983
2983
2983
2995
2995
2995
2995
3003
3003
3003
3003
3003
3003
3025
3028
3028
3028
3029
2990
2990
2990
2990
2990
2990
2990
2990
3103
3053
3067
3086
3069
3030
3083
3083
3083
3050
3050
3050
3050
3050
3050
3050
3023
3041
3049
2995
2995
2995
2960
2960
2960
2962
2962
2952
2952
2952
2952
2905
2905
2905
2926
2926
2926
2926
2926
2920
2920
2920
2920
2920
2959
2959
2959
2959
2928
2928
2915
2915
2915
2915
2915
2915
2915
2915
2915
2915
2927
2916
2916
2916
2916
2915
2915
2933
2933
2933
2933
2933
2933
2897
2917
2897
2897
2897
2865
2889
2889
2889
2865
2865
2865
2865
2865
2865
2858
2858
2871
2871
2871
2911
2911
2911
2911
2911
2911
2911
2911
2846
2846
2846
2846
2846
2816
2816
2816
2816
2816
2816
2813
2813
2813
2813
2834
2834
2834
2834
2834
2834
2834
2834
2790
2790
2790
2790
2758
2781
2781
2781
2781
2795
2795
2781
2793
2838
2838
2838
2838
2838
2797
2797
2797
2797
2797
2797
2797
2797
2806
2806
2806
2812
2866
2866
2866
2866
2867
2867
2867
2965
2965
2965
2962
2955
2937
2937
2945
2945
2945
2930
2965
2965
2965
2965
2965
2983
2983
2983
2983
2921
2921
2944
2942
2942
2942
2942
2942
2925
2925
2925
2925
2929
2905
2908
2908
2941
2939
2923
2919
2919
2905
2905
2881
2881
2881
2881
2877
2877
2862
2862
2862
2862
2858
2858
2858
2858
2862
2862
2862
2862
2869
2869
2877
2861
2861
2841
2841
2866
2866
2866
2866
2866
2866
2870
2865
2865
2865
2865
2865
2865
2865
2891
2865
2865
2867
2852
2845
2845
2845
2845
2845
2845
2845
2845
2845
2845
2845
2847
2847
2946
2929
2929
2929
2928
2928
2928
2928
2957
2963
2963
2963
2963
2963
2997
2997
3016
3020
3022
3022
3022
3022
2963
2963
2963
2963
2969
3045
3045
3045
3038
3038
3050
3129
3116
3118
3062
3005
2968
2963
2963
2963
2963
2902
2902
2907
2921
2921
2921
2930
2921
2921
2921
2921
2921
2921
2926
2926
2926
2926
2893
2930
2930
2930
2930
2974
2960
2960
2960
2960
2960
2960
2960
2938
2938
2938
2938
2938
2938
2938
2938
2934
2934
2934
2937
2937
2923
2860
2860
2860
2860
2868
2868
2868
2868
2868
2868
2868
2868
2868
2868
2868
2868
2868
2868
2860
2860
2860
2860
2860
2860
2860
2860
2887
2860
2860
2860
2860
2860
2860
2860
2860
2860
2860
2874
2874
2874
2874
2874
2874
2874
2855
2855
2855
2868
2868
2868
2868
2868
2894
2894
2880
2868
2868
2868
2869
2869
2868
2868
2868
2868
2868
2868
2868
2868
2894
2894
2894
2894
2894
2894
2894
2894
2904
2946
2946
2946
2946
2952
2952
2952
2952
2952
2952
2936
2936
2917
2920
2905
2905
2905
2905
2905
2905
2905
2905
2905
2950
2950
2950
2950
2986
2971
3020
3020
2983
2983
2875
2875
2864
2864
2864
2864
2887
2887
2887
2935
2990
2990
2958
2958
2958
2958
2958
2958
2958
2958
2958
2958
2979
2979
2979
2986
2979
2915
2915
2893
2882
2882
2882
2889
2889
2889
2907
2923
2923
2923
2916
2949
2949
2949
2949
2949
2949
2949
2957
2928
2928
2928
2928
2928
2897
2918
2918
2918
2918
2918
2947
2947
2947
2947
2947
2962
2962
2962
2983
2983
2983
2983
2983
2983
3045
3045
3045
3045
3045
2960
2960
2949
2949
2949
2964
2964
2964
2964
2964
2964
2964
2964
2966
3016
2972
2928
2928
2905
2908
2908
2908
2905
2905
2905
2905
2905
2896
2896
2896
2896
2907
2919
2919
2912
2943
2893
2893
2893
2905
2905
2905
2905
2905
2905
2905
2888
2888
2891
2891
2891
2924
2945
2982
2944
2944
2889
2887
2887
2887
2887
2884
2879
2879
2879
2879
2879
2879
2879
2879
2888
2888
2888
2888
2888
2888
2888
2889
2889
2889
2889
2871
2871
2871
2871
2871
2877
2877
2877
2893
2893
2877
2877
2877
2877
2877
2858
2858
2858
2858
2858
2856
2856
2856
2856
2846
2846
2846
2846
2846
2846
2846
2910
2910
2910
2910
2874
2874
2874
2869
2885
2851
2826
2826
2826
2821
2833
2833
2833
2833
2833
2833
2833
2842
2842
2833
2833
2833
2833
2833
2833
2821
2821
2821
2823
2823
2823
2823
2823
2823
2823
2820
2820
2820
2820
2820
2820
2816
2816
2816
2816
2816
2816
2816
2816
2816
2816
2816
2816
2850
2849
2846
2846
2846
2803
2803
2803
2803
2803
2803
2793
2793
2793
2793
2793
2793
2793
2794
2794
2794
2794
2794
2785
2785
2785
2785
2785
2785
2785
2785
2785
2830
2824
2824
2824
2824
2824
2824
2824
2824
2824
2824
2843
2843
2848
2848
2848
2848
2848
2848
2848
2848
2848
2838
2821
2821
2821
2821
2821
2821
2821
2821
2821
2821
2821
2821
2821
2821
2821
2860
2860
2860
2860
2860
2860
2860
2834
2834
2834
2834
2834
2834
2834
2835
2835
2827
2827
2827
2827
2827
2827
2827
2827
2827
2827
2827
2827
2827
2827
2827
2827
2827
2827
2827
2827
2827
2827
2802
2806
2806
2806
2806
2806
2805
2805
2805
2805
2805
2805
2805
2803
2837
2837
2842
2842
2842
2834
2834
2834
2834
2829
2829
2827
2827
2827
2835
2835
2835
2835
2835
2835
2826
2826
2896
2896
2896
2896
2849
2828
2828
2828
2826
2826
2826
2807
2807
2815
2815
2815
2815
2841
2841
2841
2801
2801
2801
2801
2801
2801
2801
2829
2829
2829
2800
2818
2818
2818
2818
2821
2816
2823
2823
2823
2823
2823
2823
2823
2823
2823
2823
2823
2823
2823
2823
2817
2817
2795
2795
2813
2813
2807
2807
2807
2807
2818
2825
2825
2825
2825
2795
2795
2795
2795
2795
2795
2795
2795
2795
2795
2795
2795
2795
2795
2774
2774
2774
2774
2774
2774
2774
2774
2774
2774
2774
2774
2774
2774
2775
2775
2775
2775
2775
2774
2774
2774
2774
2774
2774
2774
2774
2774
2774
2774
2774
2774
2774
2774
2774
2782
2782
2782
2782
2782
2782
2782
2782
2782
2782
2782
2782
2782
2782
2782
2782
2782
2782
2782
2782
2782
2782
2782
2782
2782
2782
2788
2788
2782
2782
2787
2787
2787
2787
2787
2789
2789
2789
2789
2805
2805
2805
2805
2805
2805
2805
2819
2819
2811
2795
2795
2784
2804
2804
2804
2809
2809
2809
2817
2817
2817
2817
2817
2817
2817
2817
2817
2817
2817
2807
2807
2807
2807
2807
2802
2802
2802
2797
2797
2797
2762
2762
2762
2762
2762
2762
2772
2772
2772
2777
2777
2777
2777
2777
2777
2779
2808
2808
2808
2794
2794
2794
2791
2791
2791
2784
2790
2790
2790
2790
2784
2777
2777
2777
2777
2777
2777
2777
2777
2777
2777
2777
2852
2852
2852
2852
2802
2802
2807
2807
2807
2807
2807
2807
2807
2807
2807
2807
2807
2807
2807
2807
2807
2807
2799
2799
2799
2799
2799
2799
2799
2799
2799
2799
2799
2777
2777
2777
2777
2777
2777
2777
2777
2777
2777
2779
2779
2779
2779
2779
2777
2777
2777
2777
2777
2777
2795
2795
2808
2786
2786
2786
2786
2777
2777
2777
2777
2777
2777
2777
2777
2777
2777
2777
2777
2777
2777
2777
2777
2777
2777
2777
2777
2777
2777
2777
2777
2777
2794
2794
2794
2794
2802
2802
2794
2794
2794
2794
2794
2777
2777
2777
2777
2777
2777
2777
2777
2777
2777
2777
2777
2777
2777
2777
2777
2777
2785
2785
2785
2785
2785
2785
2785
2785
2773
2784
2784
2773
2782
2782
2782
2782
2782
2782
2782
2782
2782
2782
2782
2782
2782
2782
2796
2796
2796
2796
2796
2796
2796
2796
2796
2796
2796
2796
2773
2773
2773
2773
2773
2773
2773
2773
2773
2773
2773
2773
2773
2773
2786
2786
2786
2786
2786
2786
2786
2786
2786
2786
2786
2786
2786
2786
2786
2786
2786
2773
2773
2775
2775
2782
2782
2782
2782
2782
2782
2782
2782
2795
2795
2795
2795
2795
2795
2782
2782
2782
2782
2782
2782
2782
2782
2782
2782
2782
2782
2782
2782
2782
2782
2782
2782
2782
2782
2782
2782
2782
2782
2784
2784
2784
2784
2784
2784
2784
2784
2784
2784
2784
2784
2784
2784
2784
2792
2792
2792
2792
2792
2792
2792
2792
2792
2792
2792
2792
2792
2792
2792
2792
2792
2792
2792
2792
2792
2795
2795
2795
2795
2795
2795
2790
2790
2790
2790
2790
2790
2790
2790
2790
2790
2790
2790
2790
2790
2790
2790
2790
2790
2791
2800
2800
2800
2800
2800
2800
2800
2800
2800
2795
2827
2827
2827
2827
2827
2827
2827
2827
2827
2827
2827
2827
2827
2827
2827
2827
2827
2827
2827
2827
2827
2827
2831
2831
2831
2831
2831
2831
2831
2831
2830
2830
2827
2827
2827
2827
2827
2827
2827
2827
2827
2827
2834
2834
2834
2834
2834
2810
2805
2805
2805
2801
2801
2801
2804
2821
2817
2817
2817
2817
2817
2817
2817
2817
2828
2807
2807
2807
2807
2802
2802
2802
2802
2802
2796
2796
2796
2796
2796
2772
2772
2772
2772
2772
2772
2772
2772
2779
2779
2779
2779
2779
2779
2779
2779
2779
2772
2772
2772
2772
2772
2772
2772
2772
2772
2772
2772
2772
2772
2780
2780
2780
2780
2780
2780
2780
2780
2785
2794
2794
2794
2794
2794
2794
2793
2793
2793
2783
2772
2772
2772
2772
2772
2772
2772
2772
2772
2772
2772
2772
2772
2775
2776
2776
2776
2776
2776
2776
2776
2776
2776
2776
2776
2776
2776
2776
2776
2776
2776
2776
2783
2783
2795
2795
2795
2795
2795
2795
2795
2796
2796
2796
2784
2784
2784
2787
2787
2787
2787
2787
2787
2787
2787
2815
2815
2815
2815
2815
2815
2815
2815
2815
2815
2815
2815
2815
2815
2815
2815
2820
2820
2820
2822
2822
2822
2818
2831
2818
2818
2822
2822
2822
2822
2822
2822
2822
2822
2822
2822
2822
2822
2822
2860
2860
2860
2869
2869
2869
2869
2869
2869
2869
2869
2869
2869
2869
2869
2869
2869
2869
2869
2869
2869
2869
2869
2886
2886
2886
2886
2886
2886
2886
2886
2869
2869
2869
2869
2869
2856
2856
2856
2856
2856
2856
2856
2856
2856
2856
2856
2856
2856
2856
2856
2856
2851
2851
2851
2851
2851
2851
2851
2851
2851
2851
2851
2851
2851
2851
2851
2851
2851
2851
2851
2851
2851
2851
2851
2851
2851
2851
2851
2851
2851
2851
2851
2851
2851
2851
2851
2851
2851
2851
2851
2851
2851
2851
2851
2851
2851
2851
2851
2851
2851
2866
2866
2866
2898
2898
2880
2880
2867
2867
2889
2889
2851
2851
2851
2851
2851
2851
2851
2851
2851
2851
2851
2851
2851
2851
2851
2851
2851
2851
2851
2851
2851
2851
2851
2851
2851
2851
2851
2851
2851
2851
2851
2851
2851
2851
2851
2851
2851
2851
2851
2851
2867
2867
2867
2893
2837
2837
2837
2837
2837
2837
2837
2837
2837
2837
2837
2837
2837
2837
2837
2837
2837
2837
2837
2837
2837
2837
2837
2837
2837
2837
2837
2837
2837
2837
2837
2837
2837
2837
2837
2837
2837
2844
2844
2844
2844
2844
2844
2839
2839
2839
2839
2839
2838
2838
2838
2838
2838
2838
2838
2838
2838
2838
2838
2838
2838
2838
2838
2838
2838
2838
2838
2838
2838
2838
2841
2841
2841
2841
2841
2841
2841
2841
2856
2856
2841
2841
2841
2841
2841
2841
2846
2846
2846
2842
2842
2841
2841
2841
2841
2858
2858
2858
2858
2858
2858
2858
2875
2875
2875
2875
2875
2875
2875
2875
2875
2835
2835
2835
2835
2835
2835
2835
2835
2835
2835
2835
2835
2835
2838
2831
2831
2831
2831
2831
2831
2831
2823
2823
2823
2823
2823
2823
2823
2823
2823
2829
2829
2829
2829
2829
2823
2823
2823
2823
2823
2823
2823
2823
2823
2823
2823
2823
2823
2823
2823
2823
2823
2823
2823
2823
2823
2823
2823
2823
2823
2827
2827
2827
2827
2827
2827
2827
2827
2831
2831
2831
2831
2825
2825
2825
2825
2825
2825
2829
2829
2829
2829
2829
2829
2829
2829
2829
2830
2826
2826
2826
2826
2825
2825
2825
2825
2825
2825
2825
2825
2825
2825
2825
2825
2825
2825
2825
2825
2825
2825
2825
2825
2825
2825
2825
2825
2831
2831
2831
2831
2831
2831
2831
2831
2831
2831
2831
2831
2835
2835
2835
2835
2835
2835
2835
2835
2835
2835
2835
2835
2835
2835
2830
2825
2825
2829
2829
2829
2829
2829
2829
2829
2829
2829
2829
2829
2829
2829
2829
2829
2829
2829
2829
2829
2829
2829
2829
2829
2829
2829
2829
2829
2829
2829
2829
2829
2829
2829
2829
2829
2829
2829
2829
2829
2825
2825
2825
2825
2825
2825
2826
2826
2826
2826
2825
2825
2825
2825
2825
2825
2825
2825
2825
2825
2825
2825
2825
2825
2825
2825
2825
2825
2825
2825
2825
2825
2825
2825
2825
2825
2825
2825
2825
2825
2825
2825
2825
2825
2825
2825
2825
2825
2825
2825
2825
2833
2833
2833
2833
2833
2833
2833
2833
2825
2825
2825
2825
2825
2825
2825
2825
2825
2825
2825
2825
2825
2825
2825
2825
2825
2825
2825
2825
2825
2825
2825
2825
2825
2825
2825
2825
2825
2825
2825
2825
2825
2825
2825
2825
2825
2825
2825
2825
2825
2825
2825
2825
2825
2825
2825
2825
2825
2825
2825
2825
2825
2825
2825
2825
2825
2825
2825
2825
2825
2825
2825
2825
2826
2826
2826
2826
2826
2826
2826
2826
2826
2826
2826
2826
2826
2826
2826
2826
2826
2826
2826
2830
2830
2830
2830
2840
2840
2831
2831
2831
2831
2831
2831
2831
2826
2826
2826
2826
2826
2826
2826
2826
2826
2826
2826
2826
2826
2826
2826
2826
2826
2826
2826
2826
2826
2826
2815
2815
2815
2815
2815
2815
2815
2815
2815
2815
2815
2815
2815
2815
2815
2815
2815
2815
2815
2815
2815
2815
2815
2815
2815
2815
2815
2819
2819
2819
2818
2818
2818
2815
2815
2815
2815
2815
2815
2815
2815
2815
2815
2815
2815
2815
2830
2830
2830
2830
2830
2830
2830
2830
2830
2830
2830
2830
2830
2830
2830
2830
2830
2830
2830
2830
2832
2832
2832
2832
2833
2821
2821
2821
2821
2821
2821
2821
2815
2815
2815
2815
2815
2815
2815
2815
2815
2815
2815
2815
2815
2815
2815
2815
2815
2815
2815
2815
2815
2815
2815
2815
2815
2815
2815
2815
2815
2815
2815
2815
2815
2815
2816
2816
2816
2816
2816
2816
2816
2816
2816
2816
2816
2816
2816
2816
2816
2816
2816
2816
2816
2816
2816
2816
2815
2815
2815
2815
2815
2815
2815
2815
2815
2815
2815
2815
2815
2815
2815
2815
2815
2815
2818
2818
2818
2818
2818
2818
2818
2818
2818
2818
2815
2815
2815
2815
2815
2815
2815
2815
2815
2815
2815
2815
2815
2815
2815
2815
2815
2815
2815
2815
2815
2815
2815
2819
2815
2815
2815
2815
2815
2815
2815
2815
2815
2815
2815
2823
2823
2823
2823
2823
2823
2823
2823
2823
2823
2823
2823
2823
2823
2823
2823
2823
2823
2823
2823
2823
2823
2823
2823
2823
2823
2823
2823
2823
2823
2823
2823
2823
2823
2823
2818
2822
2822
2827
2827
2827
2827
2829
2829
2829
2829
2829
2829
2829
2829
2819
2819
2819
2799
2799
2799
2799
2799
2799
2799
2799
2799
2799
2799
2794
2794
2794
2794
2794
2794
2794
2795
2795
2802
2802
2802
2802
2787
2787
2787
2783
2783
2783
2783
2783
2783
2781
2781
2781
2781
2781
2781
2781
2781
2781
2781
2781
2781
2781
2781
2781
2781
2781
2781
2784
2784
2784
2781
2781
2781
2781
2774
2774
2775
2775
2775
2775
2775
2775
2775
2775
2775
2776
2776
2775
2775
2775
2775
2774
2774
2774
2774
2774
2774
2774
2774
2774
2774
2774
2774
2774
2774
2774
2774
2774
2774
2774
2774
2774
2774
2774
2774
2774
2774
2774
2774
2775
2775
2775
2775
2775
2775
2775
2775
2775
2775
2775
2775
2775
2775
2775
2775
2775
2775
2775
2775
2775
2775
2775
2775
2775
2775
2774
2774
2774
2774
2774
2774
2774
2774
2774
2774
2774
2774
2774
2774
2774
2774
2774
2774
2774
2774
2774
2774
2774
2774
2774
2774
2774
2774
2774
2774
2774
2774
2774
2774
2774
2774
2774
2774
2774
2774
2774
2774
2774
2774
2774
2774
2774
2774
2774
2774
2774
2774
2774
2774
2774
2774
2774
2774
2774
2774
2774
2774
2774
2774
2774
2774
2774
2774
2774
2774
2774
2774
2774
2774
2774
2774
2774
2774
2774
2774
2774
2774
2774
2774
2774
2774
2774
2774
2774
2774
2774
2774
2774
2774
2774
2774
2774
2774
2774
2774
2774
2774
2774
2774
2774
2774
2774
2774
2774
2774
2774
2774
2774
2774
2774
2774
2774
2774
2774
2774
2774
2774
2774
2774
2774
2774
2774
2774
2774
2774
2774
2774
2774
2774
2774
2774
2774
2774
2774
2774
2774
2774
2774
2774
2774
2774
2774
2774
2774
2774
2774
2774
2774
2774
2774
2774
2774
2774
2774
2774
2774
2774
2774
2774
2774
2774
2774
2774
2774
2774
2774
2774
2774
2774
2774
2774
2774
2774
2774
2774
2774
2774
2774
2774
2774
2774
2774
2774
2774
2774
2774
2774
2774
2774
2774
2774
2774
2774
2781
2781
2781
2781
2781
2781
2781
2781
2781
2781
2781
2781
2781
2781
2781
2781
2781
2781
2781
2781
2781
2781
2782
2782
2782
2782
2782
2781
2781
2781
2781
2781
2781
2781
2781
2781
2781
2781
2781
2781
2781
2781
2781
2781
2781
2781
2781
2781
2781
2781
2781
2781
2781
2781
2781
2781
2781
2781
2781
2781
2781
2781
2781
2781
2781
2781
2781
2781
2781
2781
2781
2781
2781
2781
2781
2781
2781
2781
2781
2781
2781
2781
2781
2781
2781
2781
2781
2781
2781
2781
2781
2781
2781
2781
2781
2781
2781
2781
2781
2781
2781
2781
2781
2781
2781
2781
2781
2781
2781
2781
2781
2781
2781
2781
2781
2781
2781
2783
2783
2783
2783
2783
2783
2781
2781
2781
2781
2781
2781
2781
2781
2781
2781
2781
2781
2781
2781
2781
2781
2781
2781
2781
2781
2781
2774
2774
2774
2774
2774
2774
2774
2774
2774
2774
2774
2774
2774
2774
2774
2774
2774
2774
2774
2774
2774
2774
2774
2774
2774
2774
2774
2774
2774
2774
2774
2774
2774
2774
2774
2774
2774
2774
2774
2774
2774
2774
2774
2774
2774
2774
2774
2774
2774
2774
2774
2774
2774
2774
2774
2774
2774
2774
2774
2774
2774
2774
2774
2774
2774
2774
2774
2774
2774
2774
2774
2774
2774
2774
2774
2774
2774
2774
2774
2774
2774
2774
2774
2774
2774
2774
2774
2774
2774
2774
2774
2774
2774
2774
2774
2774
2774
2774
2774
2774
2774
2774
2774
2774
2774
2774
2774
2774
2774
2774
2774
2774
2774
2774
2774
2774
2774
2774
2774
2774
2774
2774
2774
2774
2774
2774
2774
2774
2774
2774
2774
2774
2774
2774
2774
2774
2782
2782
2782
2782
2782
2782
2782
2782
2774
2774
2774
2774
2774
2774
2774
2774
2774
2774
2774
2774
2774
2774
2774
2774
2774
2774
2774
2774
2774
2774
2774
2774
2774
2774
2774
2774
2774
2774
2774
2774
2774
2774
2774
2774
2774
2774
2774
2774
2774
2774
2774
2774
2774
2774
2774
2774
2774
2774
2774
2774
2774
2774
2774
2774
2774
2774
2774
2774
2774
2774
2774
2774
2774
2774
2774
2774
2774
2774
2774
2774
2774
2774
2774
2780
2780
2780
2780
2782
2782
2782
2782
2782
2782
2782
2782
2782
2782
2782
2782
2782
2782
2782
2782
2782
2782
2782
2782
2782
2782
2782
2782
2782
2782
2782
2782
2782
2782
2782
2774
2774
2774
2774
2774
2774
2774
2774
2774
2774
2774
2774
2774
2774
2774
2774
2774
2774
2774
2774
2774
2774
2774
2774
2774
2774
2774
2774
2774
2774
2774
2774
2774
2774
2774
2774
2774
2774
2774
2774
2774
2774
2774
2774
2774
2774
2774
2774
2774
2774
2774
2774
2774
2774
2774
2774
2774
2774
2774
2774
2774
2774
2774
2774
2774
2774
2774
2774
2774
2774
2774
2774
2774
2774
2774
2774
2774
2774
2774
2774
2774
2774
2774
2774
2774
2774
2774
2774
2774
2774
2774
2774
2774
2774
2774
2774
2774
2774
2774
2774
2774
2774
2774
2774
2774
2774
2774
2774
2774
2774
2774
2774
2774
2774
2774
2774
2774
2774
2774
2774
2774
2774
2774
2774
2774
2774
2774
2774
2774
2774
2774
2774
2774
2774
2774
2774
2774
2774
2774
2774
2774
2774
2774
2774
2774
2774
2774
2774
2774
2774
2774
2774
2774
2774
2774
2774
2774
2774
2774
2774
2774
2774
2774
2774
2774
2774
2774
2774
2774
2774
2774
2774
2774
2774
2774
2775
2775
2774
2774
2774
2774
2774
2774
2774
2774
2774
2774
2774
2774
2774
2774
2774
2774
2774
2774
2774
2774
2774
2774
2774
2774
2774
2774
2774
2774
2774
2774
2774
2774
2774
2774
2774
2774
2774
2774
2774
2774
2774
2774
2774
2774
2774
2774
2774
2774
2774
2774
2774
2774
2774
2774
2774
2774
2774
2774
2774
2774
2774
2774
2774
2774
2774
2774
2774
2774
2774
2774
2774
2774
2774
2774
2774
2774
2774
2774
2774
2774
2774
2774
2774
2774
2774
2774
2774
2774
2774
2774
2774
2774
2774
2774
2774
2774
2774
2774
2774
2774
2774
2774
2774
2774
2774
2774
2774
2774
2774
2774
2774
2774
2774
2774
2774
2774
2774
2774
2774
2774
2774
2774
2774
2774
2774
2774
2774
2774
2774
2774
2774
2774
2774
2774
2774
2774
2774
2774
2774
2774
2774
2774
2774
2774
2774
2774
2774
2774
2774
2774
2774
2774
2774
2774
2774
2774
2774
2774
2774
2774
2774
2774
2774
2774
2774
2774
2774
2774
2774
2774
2774
2774
2774
2774
2774
2774
2774
2774
2774
2774
2774
2774
2774
2774
2774
2774
2774
2774
2774
2774
2774
2774
2774
2774
2774
2774
2774
2774
2774
2774
2774
2774
2774
2775
2775
2775
2775
2775
2775
2775
2775
2775
2775
2775
2775
2775
2775
2775
2775
2775
2775
2775
2775
2775
2775
2775
2775
2775
2775
2775
2775
2775
2775
2775
2775
2775
2777
2777
2775
2775
2775
2775
2775
2775
2775
2775
2775
2775
2775
2775
2775
2775
2775
2775
2775
2775
2775
2775
2775
2775
2775
2775
2775
2775
2775
2775
2775
2775
2775
2775
2775
2775
2775
2775
2775
2775
2775
2775
2775
2775
2775
2775
2775
2775
2775
2775
2775
2775
2775
2775
2775
2775
2775
2775
2775
2775
2775
2775
2775
2775
2775
2775
2775
2775
2775
2775
2775
2775
2775
2775
2775
2775
2775
2775
2775
2775
2775
2775
2775
2775
2775
2775
2776
2782
2775
2775
2775
2775
2775
2775
2775
2775
2775
2775
2775
2775
2775
2775
2775
2775
2775
2775
2775
2775
2775
2775
2775
2775
2775
2775
2775
2775
2775
2775
2775
2775
2775
2775
2775
2775
2775
2775
2775
2775
2775
2775
2775
2775
2775
2775
2775
2775
2775
2775
2775
2775
2775
2775
2775
2775
2775
2775
2775
2775
2775
2775
2775
2775
2775
2775
2775
2775
2775
2775
2775
2775
2775
2775
2775
2775
2775
2775
2775
2775
2775
2775
2775
2775
2775
2775
2775
2775
2775
2775
2775
2775
2775
2775
2775
2775
2775
2775
2775
2775
2775
2775
2775
2775
2775
2775
2775
2775
2775
2775
2775
2778
2775
2775
2777
2777
2777
2777
2777
2775
2775
2775
2775
2775
2775
2775
2775
2775
2775
2775
2775
2775
2775
2774
2774
2774
2774
2774
2774
2774
2774
2774
2774
2774
2774
2774
2774
2774
2774
2774
2774
2774
2774
2774
2774
2774
2774
2774
2774
2774
2774
2774
2774
2774
2774
2774
2774
2774
2774
2774
2774
2774
2774
2774
2774
2774
2774
2774
2774
2774
2774
2774
2774
2774
2774
2774
2774
2774
2774
2774
2774
2774
2774
2774
2774
2774
2774
2774
2774
2774
2774
2774
2774
2774
2774
2774
2774
2774
2774
2774
2774
2774
2774
2774
2774
2774
2774
2774
2774
2774
2774
2774
2774
2774
2774
2774
2774
2774
2774
2774
2774
2774
2774
2774
2774
2774
2774
2774
2774
2774
2774
2774
2774
2774
2774
2774
2774
2774
2774
2774
2774
2774
2774
2774
2774
2774
2774
2774
2774
2774
2774
2774
2774
2774
2774
2774
2774
2774
2774
2774
2774
2774
2774
2774
2774
2774
2774
2774
2774
2774
2774
2774
2774
2774
2774
2774
2774
2774
2774
2774
2774
2774
2774
2774
2774
2774
2774
2774
2774
2774
2774
2774
2774
2774
2774
2774
2774
2774
2774
2774
2774
2774
2774
2774
2774
2774
2774
2774
2774
2774
2774
2774
2774
2774
2774
2774
2774
2774
2774
2774
2774
2774
2774
2774
2774
2781
2781
2781
2781
2781
2776
2776
2774
2774
2774
2774
2774
2774
2774
2774
2774
2774
2774
2774
2774
2774
2774
2774
2774
2774
2774
2774
2774
2774
2774
2774
2774
2774
2774
2774
2774
2774
2774
2774
2774
2774
2774
2774
2774
2774
2774
2774
2774
2774
2774
2774
2774
2774
2774
2774
2774
2774
2774
2774
2774
2774
2774
2774
2774
2774
2774
2774
2774
2774
2775
2775
2775
2775
2775
2775
2775
2775
2775
2775
2775
2775
2775
2775
2775
2775
2775
2775
2775
2775
2775
2775
2775
2775
2775
2775
2774
2774
2774
2774
2774
2774
2774
2774
2774
2774
2774
2774
2774
2774
2774
2774
2774
2774
2774
2774
2774
2774
2774
2774
2774
2774
2774
2774
2774
2774
2774
2774
2775
2775
2774
2774
2774
2774
2774
2774
2774
2774
2774
2774
2774
2774
2774
2774
2774
2774
2774
2774
2774
2774
2774
2774
2774
2774
2774
2774
2774
2774
2774
2774
2774
2774
2774
2774
2774
2774
2774
2774
2774
2774
2774
2774
2774
2774
2774
2774
2774
2774
2774
2774
2774
2774
2774
2774
2774
2774
2774
2774
2774
2774
2774
2774
2774
2774
2774
2774
2774
2777
2777
2777
2777
2777
2777
2777
2777
2777
2777
2777
2777
2777
2777
2777
2777
2777
2777
2777
2777
2777
2777
2777
2774
2774
2774
2774
2774
2774
2774
2774
2774
2774
2774
2774
2774
2774
2774
2774
2774
2774
2774
2780
2774
2774
2774
2774
2774
2774
2774
2774
2774
2774
2774
2774
2774
2774
2774
2774
2774
2774
2774
2774
2774
2774
2774
2774
2774
2774
2774
2774
2774
2774
2774
2774
2774
2774
2774
2774
2774
2774
2774
2774
2774
2774
2774
2774
2774
2774
2774
2774
2774
2774
2774
2774
2774
2774
2774
2774
2774
2778
2774
2774
2774
2774
2774
2774
2774
2774
2774
2774
2774
2774
2774
2774
2774
2774
2774
2774
2774
2774
2774
2774
2774
2774
2774
2774
2774
2776
2776
2773
2773
2773
2773
2773
2773
2773
2773
2773
2773
2773
2773
2773
2773
2773
2776
2776
2776
2776
2776
2776
2776
2773
2773
2773
2773
2773
2773
2773
2773
2773
2773
2773
2773
2773
2773
2773
2773
2773
2773
2773
2773
2773
2773
2773
2773
2773
2773
2773
2773
2773
2773
2773
2773
2773
2773
2773
2773
2773
2773
2773
2773
2773
2773
2773
2773
2773
2773
2773
2773
2773
2773
2773
2773
2773
2773
2773
2768
2768
2768
2768
2768
2776
2776
2776
2776
2776
2776
2776
2776
2776
2776
2776
2776
2776
2776
2776
2776
2776
2768
2768
2768
2768
2768
2768
2768
2768
2768
2768
2768
2768
2768
2768
2768
2768
2768
2768
2768
2768
2768
2768
2768
2768
2768
2768
2768
2768
2768
2768
2768
2768
2768
2768
2768
2768
2768
2768
2768
2768
2768
2768
2768
2768
2768
2768
2768
2768
2768
2768
2768
2768
2768
2768
2768
2768
2768
2768
2768
2768
2768
2768
2768
2768
2768
2768
2768
2768
2768
2768
2768
2768
2768
2768
2768
2768
2768
2768
2768
2768
2768
2768
2768
2768
2768
2768
2768
2768
2768
2768
2768
2768
2768
2768
2768
2768
2768
2768
2768
2768
2768
2768
2768
2768
2768
2768
2768
2768
2768
2768
2768
2768
2768
2768
2768
2768
2768
2768
2768
2768
2768
2768
2768
2768
2768
2768
2768
2768
2768
2768
2768
2768
2768
2768
2768
2768
2768
2768
2768
2768
2768
2768
2768
2768
2768
2768
2768
2768
2768
2768
2768
2768
2768
2768
2768
2768
2768
2768
2768
2768
2768
2768
2768
2768
2768
2768
2768
2768
2768
2768
2768
2768
2768
2768
2768
2768
2768
2768
2768
2768
2768
2768
2768
2768
2768
2768
2768
2768
2768
2768
2768
2768
2768
2770
2770
2770
2768
2768
2768
2768
2768
2768
2768
2768
2768
2768
2768
2768
2768
2768
2768
2768
2768
2768
2768
2768
2768
2768
2768
2768
2768
2768
2768
2768
2768
2768
2768
2768
2768
2768
2768
2768
2768
2768
2768
2776
2776
2776
2776
2776
2776
2776
2776
2776
2776
2776
2776
2776
2776
2776
2776
2776
2768
2768
2768
2768
2768
2768
2768
2768
2768
2768
2768
2768
2771
2771
2771
2771
2771
2771
2771
2771
2771
2774
2774
2774
2775
2775
2775
2775
2775
2775
2775
2775
2775
2775
2775
2775
2775
2775
2775
2775
2775
2774
2774
2774
2774
2774
2774
2774
2774
2774
2774
2774
2774
2774
2774
2774
2774
2774
2774
2774
2774
2774
2758
2756
2756
2756
2756
