3243
3232
3227
3223
3223
3184
3138
3138
3157
3172
3172
3172
3172
3172
3172
3172
3181
3181
3181
3181
3101
3101
3086
3157
3157
3091
3206
3206
3306
3209
3240
3259
3277
3253
3253
3240
3240
3174
3234
3234
3234
3234
3252
3253
3231
3151
3151
3104
3112
3112
3133
3115
3167
3167
3152
3176
3176
3230
3189
3246
3246
3255
3209
3198
3308
3382
3342
3351
3327
3377
3364
3398
3402
3353
3271
3301
3253
3253
3165
3165
3165
3282
3181
3144
3141
3129
3135
3135
3153
3154
3154
3150
3258
3214
3206
3285
3268
3254
3254
3254
3223
3239
3226
3226
3177
3177
3170
3189
3179
3168
3168
3226
3223
3223
3231
3244
3232
3276
3248
3194
3189
3170
3194
3215
3267
3269
3273
3273
3273
3315
3315
3367
3320
3320
3238
3383
3383
3386
3318
3344
3457
3483
3357
3343
3330
3389
3347
3307
3244
3238
3237
3181
3197
3195
3195
3143
3155
3155
3155
3207
3207
3183
3291
3291
3198
3264
3272
3263
3263
3294
3264
3264
3247
3227
3211
3108
3244
3244
3244
3173
3173
3201
3179
3143
3167
3167
3167
3244
3158
3142
3142
3113
3149
3136
2994
2965
3009
2968
2966
3078
3071
3084
3120
3149
3149
3154
3155
3300
3300
3300
3350
3398
3398
3413
3381
3381
3351
3351
3351
3382
3275
3275
3305
3342
3351
3351
3351
3351
3351
3294
3228
3228
3220
3243
3243
3144
3126
3130
3166
3197
3197
3178
3178
3220
3220
3219
3219
3219
3219
3219
3205
3205
3176
3176
3313
3409
3409
3426
3413
3384
3318
3318
3318
3318
3318
3439
3439
3384
3398
3402
3402
3402
3402
3402
3257
3257
3257
3206
3258
3285
3285
3285
3256
3256
3235
3261
3234
3234
3234
3234
3235
3235
3235
3167
3167
3167
3167
3146
3124
3126
3157
3159
3151
3200
3240
3204
3204
3204
3270
3245
3245
3259
3259
3259
3259
3319
3246
3246
3140
3148
3148
3148
3148
3148
3148
3148
3148
3148
3148
3148
3148
3148
3148
3175
3187
3258
3258
3287
3450
3435
3377
3420
3365
3277
3243
3243
3243
3179
3107
3137
3152
3151
3155
3151
3129
3157
3123
3095
3095
3095
3076
3070
3103
3176
3147
3147
3151
3083
3130
3179
3179
3178
3173
3173
3173
3190
3190
3112
3124
3137
3137
3137
3137
3137
3137
3128
3128
3128
3071
3123
3123
3123
3073
2993
2981
2966
3060
3081
3057
3058
3058
3058
3057
3057
3057
2987
2987
3006
2953
2953
2953
2954
2962
3021
3066
3066
3110
3110
3080
3080
3080
3053
3053
2954
3051
3051
3012
3012
3012
3141
3189
3168
3168
3168
3168
3149
3148
3148
3132
3183
3183
3183
3165
3219
3219
3188
3188
3188
3188
3265
3322
3322
3322
3280
3205
3205
3190
3147
3147
3147
3119
3119
3060
3060
3087
3087
3087
3087
2931
2980
3023
3023
3016
3016
3076
3076
3046
3046
3034
3070
3075
3075
3134
3050
3101
3075
3075
3075
3075
3026
3067
3114
3168
3183
3233
3177
3122
3103
3103
3103
3042
3001
3001
2992
2992
3060
2996
2996
2996
2963
2963
2963
2963
2963
2963
3019
3019
2976
2985
2961
2979
2986
3047
3086
2986
2993
3006
2967
2949
2997
2978
2978
2978
2978
2978
3048
3048
3048
3048
3048
3071
3081
3149
3149
3120
3120
3094
3126
3189
3108
3153
3161
3161
3161
3178
3042
3036
3120
3120
3168
3306
3306
3375
3452
3383
3383
3380
3451
3451
3451
3451
3418
3366
3366
3386
3397
3369
3383
3437
3396
3412
3412
3542
3544
3544
3657
3632
3560
3513
3534
3569
3661
3666
3588
3589
3630
3630
3687
3687
3691
3666
3595
3578
3487
3421
3421
3329
3226
3226
3170
3170
3173
3253
3239
3239
3211
3127
3127
3165
3165
3156
3156
3238
3250
3268
3214
3214
3214
3214
3214
3214
3214
3263
3263
3265
3224
3224
3224
3199
3214
3214
3196
3225
3225
3225
3169
3191
3193
3201
3150
3162
3243
3188
3255
3317
3301
3298
3218
3146
3146
3146
3133
3168
3168
3168
3118
3118
3140
3162
3178
3178
3178
3178
3178
3225
3211
3211
3283
3224
3224
3269
3186
3202
3202
3207
3164
3164
3157
3157
3186
3185
3275
3304
3304
3304
3391
3391
3389
3359
3359
3359
3359
3285
3285
3285
3285
3212
3214
3242
3240
3240
3299
3370
3370
3370
3370
3312
3312
3400
3410
3410
3407
3365
3317
3317
3317
3264
3264
3264
3343
3374
3258
3193
3193
3193
3162
3162
3126
3127
3173
3173
3202
3202
3174
3154
3129
3186
3222
3222
3253
3253
3130
3110
3110
2980
2998
2998
3067
3070
2982
3006
3010
3010
3004
3128
3128
3128
3128
3249
3302
3302
3258
3151
3213
3213
3261
3262
3262
3262
3350
3304
3411
3402
3402
3430
3305
3280
3270
3251
3282
3357
3357
3383
3313
3223
3217
3158
3158
3117
3019
3019
2948
2948
2948
2948
2948
2948
2896
2913
2927
2863
2908
2916
2916
2975
2972
2979
2979
3045
2924
2933
2965
2965
2974
3014
3014
3014
3014
3014
3034
3033
3091
3091
3091
3136
3136
3179
3176
3176
3121
3121
3138
3081
3054
2964
2964
2978
2978
2984
3026
2993
3016
3031
3015
3104
3124
3162
3167
3166
3166
3172
3254
3265
3269
3249
3143
3143
3154
3154
3069
3091
3091
3112
3215
3203
3322
3274
3174
3189
3189
3186
3186
3117
3113
3074
3081
3083
3083
3081
3097
3097
3093
3093
3068
3033
3013
3036
2999
2999
2989
3123
3087
3178
3211
3241
3292
3308
3308
3240
3119
3129
3199
3148
3148
3168
3125
3062
3081
3081
3081
3127
3127
3125
3110
3187
3187
3215
3234
3210
3307
3302
3275
3207
3207
3207
3207
3207
3207
3123
3163
3134
3134
3134
3134
3134
3134
3144
3134
3134
3066
3066
3067
3089
3188
3188
3188
3135
3222
3222
3222
3155
3155
3125
3112
3176
3201
3201
3096
3092
3025
3025
3025
3025
3139
3139
3139
3161
3161
3166
3166
3247
3247
3179
3182
3182
3184
3196
3148
3164
3164
3110
3110
3110
3135
3122
3122
3172
3172
3152
3125
3171
3126
3144
3144
3035
3054
3043
3043
3049
3040
3034
3116
3230
3237
3237
3237
3148
3251
3251
3251
3211
3227
3257
3257
3215
3160
3131
3153
3241
3222
3222
3222
3222
3231
3278
3284
3229
3229
3241
3241
3272
3271
3264
3278
3260
3232
3271
3293
3293
3277
3241
3190
3172
3260
3213
3183
3244
3244
3216
3224
3153
3199
3197
3197
3197
3172
3142
3174
3217
3207
3266
3301
3284
3288
3203
3145
3145
3190
3207
3185
3169
3179
3193
3244
3304
3253
3253
3278
3278
3183
3183
3189
3189
3189
3171
3207
3207
3207
3122
3089
3090
3090
3090
3079
3079
3079
3038
3046
3046
3117
3117
3117
3172
3172
3172
3172
3175
3061
3053
3053
3053
3053
2966
2993
3020
3020
3020
3054
3101
3101
3033
3066
3089
2992
3015
3015
3072
3081
3052
3052
3072
3067
3113
3101
3101
3084
3088
3033
3038
3059
3061
3056
3053
3102
3097
3116
3021
3114
3114
3114
3167
3099
3097
3027
3110
3120
3123
3123
3123
3098
3111
3128
3126
3128
3142
3195
3196
3160
3160
3160
3160
3162
3218
3218
3218
3218
3218
3241
3242
3242
3242
3247
3298
3290
3290
3308
3306
3306
3268
3229
3229
3230
3157
3190
3180
3180
3180
3258
3313
3313
3389
3389
3389
3269
3324
3315
3322
3298
3273
3273
3261
3249
3213
3251
3193
3223
3223
3117
3125
3125
3125
3103
3103
3098
3098
3144
3144
3144
3175
3175
3175
3174
3174
3174
3149
3149
3200
3255
3276
3178
3178
3207
3207
3235
3233
3204
3200
3200
3200
3181
3181
3181
3245
3207
3208
3185
3229
3351
3351
3349
3333
3307
3246
3244
3244
3244
3227
3227
3250
3254
3249
3373
3304
3298
3304
3304
3363
3363
3363
3372
3372
3424
3347
3256
3247
3238
3238
3270
3198
3210
3210
3210
3190
3190
3143
3143
3143
3143
3134
3134
3030
3022
3114
3133
3275
3275
3275
3256
3259
3301
3301
3305
3268
3227
3227
3291
3214
3242
3327
3327
3267
3225
3225
3235
3190
3180
3180
3220
3220
3220
3155
3155
3155
3172
3172
3149
3230
3260
3230
3149
3149
3225
3225
3260
3238
3236
3236
3236
3223
3219
3219
3219
3219
3272
3272
3289
3232
3249
3249
3249
3218
3238
3197
3208
3208
3208
3188
3188
3188
3204
3188
3183
3186
3186
3186
3186
3153
3126
3126
3126
3126
3055
3055
3019
3004
3024
3024
3024
3010
3010
3010
3010
3010
3013
3013
3098
3154
3154
3260
3260
3145
3242
3242
3170
3170
3147
3147
3183
3149
3145
3138
3146
3173
3173
3173
3208
3176
3288
3368
3363
3393
3411
3327
3320
3242
3242
3249
3232
3246
3246
3342
3273
3273
3281
3222
3212
3179
3190
3212
3159
3159
3135
3170
3196
3181
3215
3194
3129
3055
2978
3052
3052
3052
3052
3095
3095
3050
3042
3007
3073
3051
3046
3167
3167
3147
3063
2975
2916
2916
2990
2990
2850
2850
2849
2915
2915
2948
2972
2972
2948
2948
2915
2949
2949
2967
3029
3002
3076
3095
3095
3095
3064
3119
3119
3119
3030
3092
3092
3092
3059
3059
3059
3016
3036
3036
3038
3030
3028
3024
3024
3024
3087
3065
3106
3106
3045
3027
3012
3012
3012
3012
3009
3056
3056
3056
3151
3189
3189
3189
3151
3125
3157
3083
3083
3120
3185
3112
3112
3082
3211
3199
3269
3268
3210
3259
3270
3270
3304
3304
3308
3398
3258
3247
3230
3225
3301
3363
3363
3355
3355
3355
3355
3356
3323
3323
3323
3245
3245
3245
3200
3200
3220
3167
3167
3169
3169
3169
3158
3158
3161
3161
3161
3121
3121
3121
3194
3222
3268
3268
3316
3288
3288
3291
3343
3343
3392
3304
3304
3340
3361
3458
3458
3475
3475
3437
3506
3506
3506
3506
3506
3523
3493
3442
3496
3496
3514
3444
3444
3464
3464
3464
3439
3439
3429
3386
3387
3387
3387
3387
3387
3298
3363
3363
3363
3369
3238
3238
3238
3258
3258
3336
3304
3226
3228
3251
3187
3145
3061
3061
3078
3020
3020
3103
3066
3039
3039
2994
2994
3025
3025
2995
2995
2995
3005
3034
3025
3016
3051
3132
3086
3077
3038
2990
2991
3011
3050
3064
3171
3171
3171
3152
3128
3128
3204
3297
3297
3297
3303
3303
3326
3326
3326
3326
3289
3289
3254
3264
3165
3021
2994
2994
2962
2962
2962
2962
2962
2962
2962
2962
2962
3039
3053
2999
2977
2983
3084
3084
3109
3109
3120
3120
3163
3109
3109
3101
3101
3113
3101
3101
3101
3101
3128
3183
3249
3136
3136
3223
3223
3260
3174
3174
3154
3286
3266
3354
3324
3196
3187
3184
3191
3169
3169
3169
3159
3159
3098
3098
3050
3132
3135
3151
3136
3240
3225
3245
3245
3301
3315
3376
3417
3417
3332
3332
3262
3248
3163
3177
3187
3284
3266
3230
3191
3181
3177
3195
3236
3188
3138
3138
3138
3176
3215
3255
3230
3232
3232
3232
3259
3277
3312
3254
3215
3234
3240
3185
3221
3164
3230
3207
3171
3184
3184
3132
3125
3125
3125
3125
3125
3115
3077
3076
3130
3124
3160
3097
3102
2993
2993
2983
2983
2983
2938
2895
2965
2937
2937
2918
2960
3035
3074
2973
2929
2929
2955
3005
3005
3074
3074
3090
3106
3113
3116
3085
3019
3019
3096
3096
3096
3096
3096
3096
3073
3044
3048
2959
2959
2959
3033
3029
3008
3008
3021
3065
3025
3016
3016
3040
3040
3040
3039
3038
3038
3038
3038
3040
3040
3071
3056
3056
3056
3164
3164
3164
3132
3188
3229
3234
3128
3105
3067
3067
3067
3048
3025
3023
3087
3079
3079
3061
3216
3198
3198
3209
3209
3155
3127
3124
3124
3104
3088
3088
3140
3151
3151
3180
3201
3165
3165
3094
3094
3132
3137
3137
3100
3128
3154
3179
3196
3196
3216
3169
3110
3106
3106
3106
3130
3130
3189
3219
3219
3118
3136
3132
3161
3161
3125
3152
3152
3153
3092
3082
3043
3142
3099
3090
3090
3078
3078
3075
3098
3037
3037
3091
3095
3095
2961
2983
2958
3056
3027
3000
3000
3041
3041
3033
3014
3014
3014
3014
3014
3021
2990
2983
2983
2858
2971
3030
3003
2995
2995
2995
2995
2995
2980
2980
3047
3047
3047
3042
3053
3053
3053
3061
3076
3076
3113
3013
3056
3055
3130
3145
3145
3145
3145
3208
3199
3156
3203
3203
3193
3207
3207
3195
3247
3336
3336
3239
3210
3230
3206
3171
3171
3151
3151
3130
3242
3229
3245
3245
3329
3328
3272
3272
3160
3160
3243
3257
3257
3239
3239
3239
3209
3209
3202
3141
3141
3141
3141
3141
3161
3257
3199
3130
3104
3104
3104
3104
3104
3112
3072
3015
3036
3095
3045
3045
3021
3021
3021
3021
3021
3021
3014
3014
3060
3071
3071
3020
3020
3020
3121
3136
3136
3136
3136
3101
3092
3092
3092
3092
3081
3115
3090
3156
3180
3174
3120
3120
3120
3120
3163
3163
3232
3209
3209
3190
3306
3306
3388
3414
3454
3341
3341
3341
3428
3528
3483
3501
3492
3494
3397
3353
3340
3291
3235
3207
3201
3201
3260
3260
3249
3176
3109
3060
3038
3041
2984
2984
3034
3033
3015
3081
3081
3097
3097
3087
3087
3090
3055
3076
3152
3116
3066
3066
3157
3146
3141
3141
3255
3255
3210
3189
3171
3197
3077
3070
3070
3078
3078
3080
3080
3145
3145
3145
3108
3108
3152
3152
3216
3216
3247
3247
3357
3357
3357
3357
3357
3357
3394
3326
3243
3162
3162
3186
3186
3186
3133
3133
3133
3114
3166
3114
3167
3161
3185
3131
3131
3131
3131
3101
3101
3101
3101
3005
3018
3018
3104
3070
3013
3013
3072
3072
3032
2996
2996
3085
3075
3072
3121
3121
3121
3121
3121
3006
3006
3018
3002
3002
3002
3002
3010
3022
3094
3096
3105
3105
3105
3073
3089
3052
3052
3037
3037
3037
3012
3012
3015
3002
3002
3003
2924
2887
2919
2958
2958
2967
2973
2973
2950
2950
2945
2945
2945
2945
2931
2931
2933
3018
3034
3147
3147
3141
3104
3122
3122
3122
3122
3122
3050
3050
3050
3050
3050
3077
3098
3054
3104
3084
3084
3072
3084
3057
3044
3103
3070
3044
3044
3097
3174
3067
3095
3034
3053
3024
3024
3035
3097
3137
3161
3161
3176
3182
3183
3183
3155
3155
3155
3250
3250
3250
3182
3108
3108
3108
3044
3059
3059
3059
3059
3059
3059
3059
3059
3059
3059
2966
2984
3014
3014
3046
2984
3027
3027
3027
3024
3031
3022
3022
3034
3032
3032
3079
3064
3010
3004
2976
2992
2992
2992
2959
2950
2950
2950
2950
2950
2950
2889
2922
2963
2963
2963
2963
2963
2963
2963
2963
3000
3000
3000
3000
3000
2967
2967
2967
2967
3080
3094
3094
3094
3038
2972
2955
3022
3022
3022
3058
3058
3058
3026
3026
3043
3003
2983
2983
2983
2983
2983
2983
2926
2921
2918
2934
2934
3069
3063
3033
3067
3067
3069
3172
3266
3212
3072
3066
3103
3125
3087
3207
3207
3141
3139
3082
3050
3050
3147
3147
3150
3150
3087
3087
3087
3087
3087
3087
3087
3087
3087
3087
3087
3087
3011
3082
3082
3082
3036
3036
3090
3112
3112
3022
3030
3030
3019
3019
3050
2977
2977
2977
2977
2977
3018
3018
3018
2985
2980
2980
3022
3022
3022
3090
3163
3280
3227
3124
3078
3071
3036
3036
3036
3085
3165
3181
3225
3225
3225
3219
3152
3152
3152
3107
3141
3141
3141
3144
3144
3147
3024
3024
2995
2995
3071
3071
3071
3071
3060
3060
2990
2990
3004
2952
2952
2952
2952
2993
3007
3007
3064
3064
3064
3043
3060
3103
3093
3093
3088
3088
3120
3120
3120
3095
3095
3076
3076
3076
3076
3070
3070
3070
3050
3050
3050
3107
3107
3091
3091
3104
3104
3090
3115
3126
3126
3126
3117
3093
3101
3101
3101
3101
3146
3126
3243
3243
3243
3257
3257
3262
3235
3267
3267
3256
3334
3334
3325
3325
3325
3325
3325
3325
3325
3356
3342
3311
3312
3354
3354
3380
3380
3386
3386
3345
3345
3345
3326
3346
3346
3346
3346
3272
3351
3320
3191
3198
3250
3247
3247
3200
3167
3232
3141
3141
3214
3249
3235
3334
3349
3349
3320
3269
3274
3278
3277
3209
3205
3205
3234
3125
3117
3145
3143
3184
3184
3229
3179
3133
3134
3118
3118
3114
3134
3134
3230
3230
3229
3104
3116
3116
3079
3044
3064
3070
3073
3123
3099
3156
3150
3150
3150
3129
3129
3102
3102
3102
3142
3142
3066
3066
2990
2997
3054
3072
3052
3052
2975
2953
2953
3023
2964
3010
3010
2962
3005
3006
3006
3075
3060
3202
3181
3134
3211
3221
3221
3248
3217
3217
3294
3308
3308
3308
3308
3355
3343
3390
3255
3243
3243
3279
3279
3305
3314
3314
3324
3324
3321
3321
3321
3313
3296
3296
3296
3326
3326
3326
3368
3368
3320
3337
3337
3390
3390
3390
3333
3322
3322
3322
3303
3303
3303
3303
3326
3340
3340
3340
3328
3342
3342
3410
3370
3343
3243
3263
3268
3268
3268
3228
3163
3107
3107
3107
3107
3136
3136
3125
3125
3125
3125
3125
3133
3133
3133
3133
3133
3133
3133
3165
3165
3106
3163
3148
3148
3148
3148
3152
3152
3177
3177
3177
3178
3178
3195
3131
3131
3117
3113
3187
3172
3172
3246
3246
3246
3246
3246
3246
3240
3240
3219
3235
3235
3235
3139
3101
3095
3103
3101
3077
3079
3043
3045
3066
3066
3066
3055
3035
3018
3022
3027
3000
2962
2962
2960
3074
3009
2962
2962
3044
3044
3167
3167
3167
3167
3160
3191
3197
3197
3197
3210
3197
3193
3204
3204
3280
3266
3212
3190
3190
3203
3176
3176
3092
3106
3056
3113
3093
3090
3129
3125
3112
3112
3112
3083
3132
3132
3098
3098
3098
3115
3134
3134
3081
3141
3122
3170
3170
3196
3196
3165
3170
3286
3164
3164
3237
3237
3187
3193
3205
3205
3207
3089
3119
3141
3118
3118
3122
3112
3112
3114
3114
3114
3133
3164
3287
3248
3336
3265
3265
3265
3235
3201
3201
3198
3157
3124
3092
3092
3130
3190
3186
3186
3158
3105
3185
3187
3187
3187
3187
3239
3239
3192
3192
3192
3118
3118
3118
3118
3118
3035
3041
3120
3142
3142
3142
3157
3157
3157
3157
3122
3095
3152
3202
3211
3258
3179
3179
3197
3129
3172
3177
3177
3177
3180
3168
3168
3188
3095
3082
3075
3075
3031
2968
2968
3082
3082
3160
3055
3055
3026
3090
3083
3083
3032
3026
3026
3014
2960
2961
2960
3069
3035
3035
2960
2889
2882
2882
2882
2882
2914
2936
2984
2984
2984
2984
2948
2948
3025
3116
3116
3102
3062
3062
3036
3036
3036
3036
3057
3057
3032
2997
2997
2997
2997
2997
2997
2997
3006
3016
3016
3016
3021
3021
3104
3081
3079
3079
3079
3070
3053
3048
3048
2966
2966
2966
3021
3123
3079
3085
3085
3085
3085
3088
3088
3088
3088
3143
3161
3161
3161
3220
3220
3228
3148
3148
3148
3101
3101
3213
3265
3265
3255
3255
3155
3239
3227
3227
3256
3270
3235
3224
3227
3215
3254
3232
3232
3216
3211
3211
3136
3153
3180
3177
3147
3170
3147
3147
3147
3147
3147
3147
3136
3103
3077
3077
3077
3021
3021
2983
3098
3098
3065
3027
3027
3027
3030
3030
3030
3030
3030
3055
2998
2998
2993
2993
3012
2981
3034
3034
3069
3092
3099
3099
3099
3003
2970
2970
2883
2883
2883
2962
2953
3033
3033
2960
2960
2960
2960
2960
3081
3062
3062
3053
3053
3053
3053
3051
3026
3024
3024
2970
2970
2970
2985
2970
2945
2925
2925
2923
2923
2923
2923
2944
2944
2944
2978
3014
3082
3021
3047
3047
3047
3047
3047
3009
3009
3069
3069
3097
3073
3108
3018
3018
2993
2993
2993
2962
2981
2981
2981
3044
3044
3044
3029
3029
3029
3029
2992
2992
2992
2967
2967
2978
2978
3032
2978
2985
2978
2963
2963
2937
2937
2937
2935
2935
2966
3028
2971
2971
2971
2971
2966
2966
3038
3107
3107
3107
3107
3076
3076
3082
3099
3099
3099
3099
3161
3161
3161
3161
3161
3120
3120
3179
3107
3107
3107
3146
3146
3146
3100
3045
3070
2961
2972
2972
2972
2972
2972
2972
2972
2972
2972
2972
2961
2961
3052
3096
3096
3129
3129
3129
3060
3060
3060
3029
3050
3031
3090
3062
3057
3057
3057
3017
3017
3017
2986
2986
2986
2986
2986
2986
2952
2952
2952
2952
2952
2920
2920
2989
2910
2921
2921
2976
2976
2976
2976
2982
2982
2982
3002
3020
3020
3020
3027
3093
3093
3093
3093
3093
3093
3101
3108
3059
2958
2958
2929
2902
2857
2844
2844
2844
2844
2816
2831
2855
2855
2840
2879
2941
2886
3012
3002
2993
2993
2993
3011
3012
3012
2972
2972
2976
3042
3042
3117
3064
3064
2991
2991
2978
3000
3000
3000
2990
2990
2990
2999
3005
3005
3061
3061
3061
2999
2999
2999
2989
2989
2989
2989
2989
3033
3033
3033
3033
3082
3085
3051
3051
3114
3094
3054
3054
3031
3032
3054
3054
3054
3041
3041
3016
3038
2933
2977
2975
2975
2948
2888
2879
2905
2926
2949
2949
2949
2880
2896
2854
2897
2897
2924
2924
2924
2924
2924
2924
2924
2916
2941
2969
2888
2885
3005
2946
2961
2946
2946
2946
2946
2957
2994
2994
2881
2881
2885
2885
2885
2885
2885
2885
2921
2984
2984
2929
2929
2929
2929
2929
2929
2945
2945
2942
2998
2998
3093
3093
3093
3093
3093
3011
2976
2976
2976
2973
2973
2973
2987
3099
3099
3100
3100
3106
3142
3141
3085
3085
3085
3085
3085
3065
3002
3002
3002
3002
3062
3061
3041
3041
3041
3091
3091
2999
2906
2906
2910
2910
2931
2931
2899
2878
2878
2848
2893
2901
2892
2892
2855
2858
2858
2986
3028
3039
3036
3092
3092
3162
3094
3001
3013
3053
2967
2949
2949
2991
2991
2991
3026
2945
2945
2945
2938
2938
2945
2945
2994
2994
3005
3108
3141
3151
3151
3126
3126
3033
3010
2995
2935
2990
2990
2963
2963
2963
2912
2912
2912
2962
2937
2885
2843
2843
2879
2879
2888
2888
2891
2891
2891
2891
2913
2884
2868
2868
2868
2868
2898
2898
2904
2902
2902
2902
2936
2899
2899
2876
2807
2807
2807
2807
2807
2869
2935
2935
2935
2940
2907
2916
2904
2904
2954
2991
2991
2991
3036
3013
3013
3013
3013
3013
3013
3001
3001
2959
2959
2959
2959
2973
2973
2973
3025
3025
3058
3129
3056
3056
2954
3016
3016
2988
2988
2988
3073
3018
3064
3099
3006
2988
2988
2988
2904
2926
2903
2903
2903
2903
2903
2958
2962
2996
3025
2951
2951
2951
2951
2989
2989
2989
3097
3154
3154
3154
3154
3226
3235
3235
3226
3223
3132
3132
3186
3263
3188
3188
3188
3188
3145
3145
3145
3115
3115
3111
3115
3115
3115
3115
3115
3153
3153
3106
3106
3106
3106
3106
3174
3174
3174
3174
3174
3174
3244
3244
3244
3244
3244
3244
3244
3244
3251
3251
3250
3250
3330
3364
3364
3377
3407
3360
3280
3280
3280
3307
3307
3264
3281
3281
3281
3340
3341
3341
3380
3380
3380
3351
3298
3298
3298
3240
3229
3167
3167
3167
3167
3151
3151
3151
3151
3121
3121
3121
3086
3083
3083
3083
3083
3054
3054
3054
3054
3051
3027
3027
3027
3018
2943
2943
2943
2944
3022
3029
3075
3033
3131
3131
3144
3172
3150
3181
3185
3207
3165
3165
3084
3051
3051
3059
3082
3082
3143
3143
3135
3135
3135
3051
3051
3032
3032
3085
3085
3085
3085
3090
3090
3141
3153
3168
3168
3168
3123
3091
3082
3082
3082
3072
3072
3072
3072
3072
3035
3035
3050
3073
3062
3062
3062
3018
3018
3025
3084
3079
3036
3036
3036
3065
3055
2973
2973
2973
2970
3047
3070
3070
3035
3041
2977
2998
3104
2986
2986
3124
3154
3154
3154
3188
3281
3269
3235
3255
3153
3153
3153
3164
3127
3093
3067
2965
2985
3015
3015
3015
3015
2890
2863
2863
2863
2863
2863
2866
2866
2866
2866
2872
2872
2872
2835
2835
2835
2835
2835
2840
2840
2840
2874
2861
2861
2874
2874
2877
2877
2893
2890
2890
2958
2924
2924
2944
2944
2944
2944
2994
2885
2885
2893
2893
2893
2901
2992
2992
2992
2992
2992
2992
2992
3006
2986
2986
2964
2920
2920
2892
2892
2914
2914
2892
2892
2892
2892
2892
2892
2892
2919
2894
2892
2892
2937
2999
2999
2999
2937
2937
2997
2997
2997
2997
2997
2997
2997
2950
2950
2950
2950
2950
2857
2857
2857
2857
2857
2857
2857
2857
2857
2857
2878
2857
2857
2877
2971
2971
3043
3043
3043
3043
3043
3043
3043
3043
3043
3094
3019
3019
3010
3020
3010
3010
2996
2996
2945
2945
2945
2945
2945
2945
2945
2945
2940
2940
2940
2940
2940
2940
2936
2956
2956
2956
2921
2921
2921
3015
3015
3015
3015
3015
3015
3015
2973
2973
2973
3059
3041
3006
2997
2997
2944
2944
2966
2966
2994
2994
2994
2994
3004
3023
3023
3041
3092
3023
2966
2958
2958
2958
2958
2950
3009
3009
3009
2943
2943
2943
2943
2943
2943
2920
2968
2968
2968
2968
2968
2944
2944
2944
2944
2944
2944
2950
2950
2950
2950
2972
2972
2991
2991
2991
2991
3009
3037
3037
3037
3069
3069
3061
3037
3045
3045
3045
3045
3045
3001
2986
2997
2997
2997
3018
3018
2999
2999
2999
2999
2983
2983
2983
2983
2989
2989
2989
2989
2989
3018
3003
3003
3003
3003
3032
3105
3105
3169
3148
3148
3148
3132
3132
3132
3092
3012
3012
3012
3012
3055
3055
3087
3124
3124
3124
3124
3124
3124
3066
3066
3067
3076
3066
3082
3080
3080
3080
3112
3112
3112
3112
3112
3032
3032
3032
3032
3032
3032
3032
3032
3032
3032
3083
3083
3012
3044
3105
3105
3105
3096
3143
3020
3020
3020
2992
2992
2992
2992
2992
2992
2992
2992
3012
3009
3049
3135
3135
3209
3209
3209
3209
3209
3209
3142
3142
3120
3067
3067
3067
3067
3067
3062
3062
3036
3003
2954
2954
2962
2962
2962
3033
3033
3056
3056
3056
3056
3056
3067
3068
3067
3067
3067
3007
3019
3007
3007
3007
3007
3007
3007
3040
3040
3040
3040
3031
2955
2947
2947
2936
2931
2915
2915
2882
2882
2898
2887
2884
2888
2888
2867
2867
2867
2867
2868
2854
2854
2854
2851
2851
2851
2885
2885
2885
2885
2885
2885
2882
2882
2882
2882
2882
2882
2882
2882
2882
2889
2889
2889
2971
2971
2971
3011
3058
3058
3061
3074
2999
2999
2999
3037
3037
3038
3101
3038
3038
3038
3035
3106
3079
3079
3102
3062
3087
3108
3104
3099
3087
3081
3081
3043
3086
3099
3099
3111
3117
3114
3114
3103
3141
3110
3080
3085
3085
3085
3085
2954
2954
2909
2909
2933
2933
2933
2933
2933
2933
2933
2933
2941
2951
2993
2993
3032
3077
3050
3083
3083
3083
3083
3044
3044
3044
3046
3046
3046
3046
3046
3046
3046
3046
3059
3059
3059
3059
3059
3018
3018
3018
3011
3011
2961
2961
2961
2961
2961
2961
2961
2961
2961
2961
2961
2961
2969
2961
2961
2961
2961
2961
2961
2961
2961
2961
2961
2961
2961
2961
2961
2961
2961
2961
2961
2961
2910
2910
2894
2894
2894
2894
2894
2894
2961
2965
2897
2886
2886
2886
2886
2866
2940
2925
2925
2905
2905
2905
2905
2919
2905
2920
2920
2920
2920
2920
2920
2942
2968
2968
2968
2972
2944
2944
2944
2944
2944
2951
2951
2951
2951
2951
2951
2920
2911
2911
2911
2918
2918
2918
2918
2983
2994
2994
2980
3024
3004
2980
3004
3004
3012
3012
3012
3028
3003
2927
2989
2989
2991
2991
2880
2904
2904
2904
2885
2890
2898
2929
2956
2956
2938
2938
2923
2945
2945
2945
2945
2911
2911
2911
2911
2911
2911
2911
2951
2951
2948
2998
2998
3071
3088
3088
3100
3100
3077
3077
3010
3005
3009
3009
3041
2962
3022
2997
2997
2997
3026
3026
3039
3039
3067
3014
3014
3002
2847
2847
2847
2842
2842
2842
2842
2842
2842
2867
2880
2880
2880
2894
2918
2925
3030
3047
3031
3031
3031
3031
3031
3031
2999
2990
2937
3048
3048
2971
2969
2969
2969
2996
2996
2988
3030
3030
3030
2957
2957
2957
2948
2948
2948
2948
2975
2975
2975
2975
2946
2946
3007
3007
2967
2967
2967
2944
2944
2944
2944
2982
2914
2914
2944
2892
2897
2905
2905
2881
2926
2957
2903
2903
2916
2972
2972
2972
2972
2958
2958
2957
2957
2960
3017
3017
3050
3050
3044
3044
3044
3044
3010
3117
3117
3114
3114
3129
3129
3138
3161
3168
3137
3053
3053
3053
3074
3074
3074
3074
3074
3074
3141
3141
3141
3141
3141
3141
3212
3202
3202
3220
3220
3183
3293
3295
3295
3261
3214
3219
3241
3250
3176
3185
3182
3240
3262
3262
3262
3262
3262
3293
3293
3293
3293
3293
3270
3220
3220
3205
3190
3186
3186
3186
3165
3165
3197
3195
3191
3191
3128
3129
3207
3247
3247
3247
3247
3247
3205
3205
3205
3205
3205
3221
3172
3172
3141
3167
3167
3167
3167
3160
3160
3160
3133
3133
3133
3115
3100
3100
3100
3114
3114
3114
3114
3114
3114
3083
3104
3104
3104
3104
3104
3104
3104
3104
3083
3073
3073
3096
3107
3049
3049
3039
3039
3039
3039
3035
3035
3124
3123
3123
3123
3109
3109
3066
3066
3066
3024
3024
3050
3050
3052
3052
2971
2955
2955
2955
2926
2926
2926
2926
2926
2926
2926
2926
2926
2972
2972
2968
2978
2978
2978
2978
2978
2978
2978
2992
2992
2992
2955
2955
2955
2934
2934
2934
2967
2967
2967
2967
2967
2967
2967
2967
2967
2974
2867
2867
2885
2885
2885
2935
3002
3004
3004
3020
3001
2992
2964
2947
2947
2941
2941
2941
2911
2993
2989
3017
3017
2994
2951
2936
2970
2943
2943
2943
2943
2943
2943
2952
2952
2952
2952
2983
2967
2966
2989
2971
2971
2971
2952
2964
2964
2964
2964
2984
2984
2984
2964
2964
2950
2899
2899
2899
2892
2904
2898
2898
2898
2861
2861
2861
2950
2942
2967
3002
3002
2994
2983
2975
2922
2922
2922
2938
2938
2938
2938
2938
2917
2917
2917
2964
2964
2964
2912
2909
2909
2908
2908
2889
2889
2889
2889
2889
2911
2911
2911
2955
2955
2948
2948
3023
2960
2960
2944
3014
3014
3014
2954
2954
2921
2921
2963
2963
2963
2994
3031
2972
2972
2972
3010
3010
3038
3038
3038
3082
3082
3082
3082
3002
3002
3002
2988
2951
2974
2974
2974
2974
2974
2956
2934
2930
2930
2930
2939
2939
2965
2965
2965
2926
2927
2927
2927
2941
2914
2914
2914
2914
2914
2914
2910
2910
2910
2910
2910
2907
2918
2936
3004
2950
2950
2941
2941
2941
2963
2963
2963
2963
2963
2963
2963
2963
2943
2943
2943
2947
2891
2891
2891
2891
2891
2856
2856
2856
2900
2900
2904
2890
2890
2971
2980
2980
2980
2957
2957
2976
2976
2976
2999
2987
2987
2987
2941
2958
2958
2962
2967
2967
2967
2967
2967
2967
2967
2967
2967
2967
2967
2967
2967
2967
2967
2949
2932
2932
2932
2932
2910
2910
2910
2910
2910
2910
2910
2910
2910
2910
2933
2942
2942
2942
2972
2972
2972
2972
2974
2974
2967
2967
2967
2967
2967
2967
3068
3068
3068
3068
3068
3104
3104
3104
3104
3095
3095
3095
3095
3095
3095
3094
3094
3094
3094
3094
3070
3070
3070
3003
3003
3003
3003
3032
3032
3032
3032
3032
3032
3032
3032
2998
2989
2983
2983
2983
2983
3065
3065
3072
3072
3072
3072
3072
3090
3123
3123
3123
3123
3107
3085
3137
3108
3108
3108
3080
3080
3080
3014
3014
3014
3026
3043
3043
3031
3031
3031
3030
3030
3030
3030
3014
3014
3014
3014
3014
3027
3027
3027
3027
3027
3027
3014
3014
3014
3040
3040
3040
3040
3040
3040
3040
3042
3036
3036
3036
3036
3077
3047
3038
3038
3038
3043
3043
3057
3063
3069
3069
3069
3063
3063
3063
3063
3047
3047
3047
3047
3047
3057
3061
3070
3070
3070
3070
3070
3070
3070
3056
3056
3056
3056
3056
3053
3053
3053
3058
3058
3055
3055
3148
3118
3096
3022
3022
3057
3057
3057
3057
3089
3089
3096
3096
3089
3089
3089
3086
3086
3086
3099
3099
3120
3120
3056
3057
3057
3057
3057
3057
3057
3057
3057
3057
3057
3060
3060
3060
3060
3047
3073
3073
3073
3062
3032
3032
3032
3032
3032
3032
3032
3032
3032
3063
3063
3063
3063
3032
3032
3032
3032
3032
3032
3026
3026
3026
3026
2988
2990
2990
3051
3051
3051
3055
2984
2984
2984
2984
2984
2978
2957
2941
2941
2934
2934
2934
2908
2908
2908
2908
2874
2874
2874
2874
2874
2874
2874
2874
2874
2879
2879
2879
2879
2879
2895
2907
2950
2950
2950
2950
2950
2950
2950
2922
2922
2913
2922
2922
2912
2912
2912
2917
2917
2917
2917
2917
2917
2917
2916
2916
2904
2904
2877
2877
2877
2877
2877
2877
2868
2868
2868
2868
2868
2868
2868
2868
2882
2859
2925
2925
2919
2919
2919
2912
2912
2912
2945
2899
2951
2951
2903
2903
2901
2901
2901
2909
2909
2909
2909
2909
2892
2892
2892
2892
2892
2892
2892
2950
2950
2950
2950
2950
2950
2950
2950
2950
2950
2950
2950
2950
2936
2955
2955
2955
2929
2884
2884
2884
2884
2884
2884
2875
2875
2875
2875
2909
2909
2909
2909
2909
2909
2909
2886
2886
2890
2890
2884
2884
2876
2876
2876
2876
2876
2877
2877
2877
2877
2848
2848
2848
2873
2882
2892
2892
2892
2892
2892
2867
2881
2881
2898
2898
2889
2889
2889
2889
2889
2889
2889
2949
2949
2949
2928
2957
2957
2957
2966
2966
2947
2947
2947
2947
2947
2947
2947
2947
2947
2947
2947
2947
2947
2947
2947
2947
2947
2947
2947
2947
2947
2947
2947
2947
2947
2947
2947
2948
2948
2948
2977
2977
2977
2977
2977
2977
2977
2977
2999
2978
2978
2972
2972
2972
2972
2972
2972
2972
2974
2980
2996
2996
2996
3015
3015
2988
2988
2988
2988
2988
2988
2988
2988
2988
2988
2988
2988
2988
2948
2948
2948
2948
2948
2948
2968
2968
2968
2968
2968
2968
2968
2968
2968
2968
2968
2968
2968
2968
2968
2968
2968
2937
2937
2937
2937
2937
2937
2937
2937
2937
2937
2937
2937
2968
2953
2875
2858
2860
2860
2860
2860
2860
2860
2860
2860
2860
2860
2860
2860
2870
2870
2860
2860
2860
2860
2860
2860
2860
2860
2860
2860
2860
2860
2860
2860
2860
2860
2860
2860
2860
2860
2863
2863
2863
2865
2865
2865
2879
2879
2879
2879
2884
2907
2938
2938
2901
2901
2901
2901
2901
2901
2901
2901
2901
2901
2896
2905
2905
2905
2905
2905
2905
2905
2928
2928
2928
2916
2916
2894
2894
2894
2894
2894
2880
2887
2887
2895
2895
2895
2895
2895
2913
2912
2912
2907
2907
2907
2878
2878
2878
2878
2878
2925
2884
2884
2884
2897
2869
2878
2878
2878
2878
2878
2879
2879
2879
2890
2890
2925
2903
2903
2892
2892
2892
2892
2886
2851
2851
2851
2851
2892
2892
2927
2910
2892
2892
2892
2908
2908
2908
2918
2918
2918
2865
2865
2865
2865
2865
2865
2865
2865
2865
2865
2865
2866
2866
2866
2866
2866
2866
2866
2866
2889
2889
2866
2866
2866
2866
2866
2872
2877
2865
2865
2865
2865
2865
2865
2865
2865
2879
2865
2865
2865
2873
2873
2865
2865
2865
2865
2865
2865
2854
2854
2854
2854
2854
2854
2854
2854
2854
2854
2854
2854
2854
2887
2887
2887
2862
2862
2862
2922
2918
2946
2888
2906
2890
2873
2873
2873
2873
2873
2890
2890
2890
2890
2890
2913
2913
2904
2904
2904
2918
2918
2918
2918
2918
2918
2918
2887
2888
2908
2908
2908
2908
2908
2881
2881
2881
2881
2935
2935
2854
2859
2859
2859
2874
2874
2856
2846
2846
2846
2846
2846
2846
2840
2840
2842
2855
2855
2854
2854
2870
2870
2901
2901
2900
2883
2914
2914
2914
2914
2914
2904
2904
2904
2904
2904
2904
2904
2904
2912
2912
2912
2912
2909
2909
2909
2909
2909
2888
2970
2970
2970
2970
2970
2970
2970
2970
2970
2908
2917
2898
2898
2902
2865
2865
2865
2865
2865
2865
2865
2865
2865
2896
2918
2915
2946
2946
2940
2940
2883
2883
2868
2868
2868
2868
2868
2868
2868
2868
2871
2873
2873
2873
2873
2873
2927
2901
2901
2901
2926
2901
2901
2901
2901
2901
2901
2901
2901
2901
2915
2915
2915
2915
2915
2915
2937
2937
2930
2930
2930
2920
2920
2920
2920
2920
2958
2958
2958
2947
2947
2978
2994
2967
2967
2967
2967
2960
2960
2960
2915
2915
2940
2940
2939
2947
2899
2899
2899
2899
2899
2899
2863
2873
2873
2873
2873
2873
2873
2873
2873
2873
2878
2842
2842
2842
2842
2842
2862
2852
2852
2852
2852
2852
2852
2852
2852
2852
2852
2852
2868
2852
2852
2852
2852
2854
2854
2854
2854
2854
2854
2854
2854
2854
2854
2854
2854
2854
2854
2854
2881
2881
2881
2881
2881
2881
2879
2875
2875
2866
2866
2866
2866
2866
2866
2866
2866
2863
2863
2863
2863
2863
2859
2859
2859
2859
2859
2859
2859
2859
2859
2859
2859
2859
2875
2875
2875
2875
2875
2875
2875
2875
2875
2875
2861
2861
2861
2861
2861
2861
2861
2861
2884
2885
2885
2885
2895
2900
2900
2900
2900
2900
2900
2900
2900
2900
2877
2894
2894
2894
2901
2901
2901
2901
2901
2901
2901
2901
2901
2901
2901
2901
2894
2894
2899
2899
2899
2943
2943
2943
2943
2943
2947
2947
2947
2947
2947
2944
2944
2944
2944
2944
2926
2926
2926
2926
2943
2943
2943
2943
2943
2943
2943
2937
2937
2937
2937
2937
2937
2937
2918
2918
2927
2947
2947
2955
2955
2955
2955
2960
2960
2955
2955
2955
2955
2955
2955
2956
2956
2958
2958
2958
2972
2972
2972
2972
2934
2955
2955
2953
2953
2953
2953
2934
2934
2934
2934
2917
2917
2917
2917
2917
2954
2954
2954
2954
2955
2955
2955
2955
2955
2955
2972
2972
3014
3014
3014
2997
2997
2997
2997
2997
2997
2997
2997
2997
2997
2997
2997
2997
2998
3039
3039
3039
3044
3044
3039
2995
2961
2961
2932
2932
2932
2932
2916
2916
2916
2916
2916
2916
2916
2916
2916
2916
2916
2916
2916
2916
2916
2916
2916
2916
2916
2916
2916
2916
2916
2916
2916
2916
2916
2916
2916
2916
2916
2930
2919
2923
2923
2923
2919
2919
2919
2919
2919
2919
2919
2919
2919
2919
2919
2921
2921
2921
2921
2921
2921
2921
2922
2922
2927
2921
2921
2935
2935
2935
2935
2935
2933
2933
2933
2933
2933
2933
2933
2933
2933
2933
2933
2933
2941
2941
2941
2933
2933
2935
2935
2929
2929
2929
2929
2961
2961
2961
2961
2941
2941
2941
2941
2933
2933
2933
2933
2939
2939
2939
2939
2939
2939
2963
2971
2972
2972
2939
2939
2939
2939
2939
2939
2939
2944
2944
2944
2944
2944
2949
2949
2949
2949
2948
2924
2924
2924
2906
2857
2857
2857
2857
2857
2886
2886
2877
2877
2877
2877
2877
2877
2877
2877
2870
2870
2870
2870
2870
2870
2870
2870
2870
2870
2870
2870
2870
2870
2870
2863
2863
2857
2857
2857
2852
2849
2849
2849
2866
2867
2852
2852
2852
2852
2837
2837
2837
2838
2838
2838
2847
2847
2847
2847
2847
2847
2847
2847
2847
2847
2847
2847
2847
2847
2847
2832
2832
2832
2815
2815
2815
2825
2825
2825
2825
2825
2825
2825
2825
2809
2809
2809
2825
2825
2825
2825
2825
2825
2825
2825
2819
2819
2819
2819
2819
2819
2819
2819
2819
2819
2819
2819
2819
2840
2840
2840
2814
2814
2814
2814
2814
2814
2847
2847
2847
2847
2847
2847
2847
2847
2861
2861
2861
2861
2798
2798
2807
2807
2793
2793
2793
2793
2793
2793
2793
2793
2793
2793
2793
2793
2793
2793
2793
2793
2793
2793
2793
2793
2793
2793
2793
2789
2782
2782
2782
2782
2782
2782
2782
2782
2782
2782
2782
2782
2782
2782
2782
2782
2782
2782
2782
2782
2782
2782
2782
2782
2782
2782
2782
2782
2782
2782
2782
2782
2794
2794
2794
2792
2792
2792
2792
2792
2782
2782
2782
2782
2782
2782
2782
2782
2782
2782
2782
2782
2782
2782
2782
2782
2782
2782
2782
2782
2782
2782
2782
2782
2782
2782
2782
2782
2782
2782
2782
2782
2782
2798
2798
2798
2794
2794
2794
2794
2794
2794
2794
2794
2794
2794
2794
2794
2794
2794
2794
2794
2794
2797
2797
2797
2797
2797
2800
2800
2797
2797
2797
2794
2803
2803
2803
2803
2803
2803
2803
2803
2803
2803
2803
2803
2803
2803
2803
2803
2803
2803
2803
2803
2803
2803
2822
2822
2822
2822
2822
2822
2822
2822
2834
2834
2834
2834
2803
2782
2782
2782
2782
2782
2782
2782
2782
2782
2782
2782
2782
2782
2782
2782
2782
2782
2782
2782
2782
2782
2782
2782
2782
2782
2782
2782
2782
2782
2782
2782
2782
2782
2782
2782
2782
2782
2782
2782
2782
2782
2791
2791
2782
2782
2782
2782
2782
2782
2782
2782
2782
2782
2782
2782
2782
2782
2782
2782
2782
2782
2782
2782
2782
2782
2788
2788
2788
2788
2788
2788
2788
2788
2788
2788
2788
2788
2776
2776
2776
2777
2777
2776
2776
2776
2799
2799
2799
2776
2776
2776
2776
2776
2776
2776
2776
2776
2776
2776
2776
2776
2776
2776
2776
2776
2776
2776
2776
2776
2780
2780
2780
2780
2780
2780
2780
2776
2776
2776
2776
2776
2776
2776
2776
2776
2776
2776
2782
2782
2782
2782
2782
2782
2782
2782
2782
2782
2782
2782
2782
2792
2792
2792
2792
2792
2792
2792
2792
2792
2792
2802
2802
2802
2802
2802
2802
2802
2802
2802
2802
2802
2802
2802
2819
2819
2819
2819
2819
2819
2819
2819
2830
2830
2835
2835
2818
2818
2795
2795
2795
2795
2795
2795
2775
2775
2775
2775
2775
2775
2775
2775
2775
2775
2775
2775
2775
2775
2775
2775
2775
2775
2775
2775
2775
2775
2775
2775
2775
2775
2775
2775
2775
2775
2775
2775
2775
2775
2775
2775
2775
2775
2775
2775
2775
2775
2775
2775
2775
2775
2775
2775
2775
2775
2775
2775
2775
2775
2775
2775
2775
2775
2775
2775
2775
2775
2775
2775
2775
2775
2775
2775
2775
2775
2775
2775
2775
2775
2775
2775
2775
2775
2775
2775
2775
2775
2775
2775
2775
2775
2775
2775
2775
2775
2775
2775
2775
2775
2775
2775
2775
2775
2775
2775
2775
2775
2775
2775
2775
2775
2775
2775
2775
2775
2775
2776
2776
2790
2790
2790
2775
2775
2775
2775
2775
2775
2775
2775
2775
2775
2775
2775
2775
2775
2775
2775
2775
2775
2775
2775
2775
2775
2775
2779
2780
2780
2780
2780
2780
2780
2780
2780
2780
2780
2780
2780
2810
2810
2810
2798
2805
2805
2798
2798
2798
2802
2802
2802
2790
2790
2779
2779
2779
2779
2779
2779
2779
2775
2775
2775
2775
2775
2775
2775
2775
2775
2775
2775
2775
2775
2775
2775
2775
2775
2775
2775
2775
2775
2775
2775
2775
2775
2775
2775
2775
2775
2775
2775
2775
2784
2784
2784
2775
2775
2775
2775
2775
2775
2775
2775
2775
2775
2775
2775
2775
2775
2775
2775
2775
2775
2775
2775
2775
2775
2775
2775
2775
2775
2775
2775
2775
2775
2775
2775
2775
2775
2775
2775
2775
2775
2775
2775
2775
2775
2775
2775
2775
2775
2775
2775
2775
2775
2780
2780
2780
2780
2780
2780
2780
2775
2775
2775
2775
2775
2775
2775
2775
2775
2775
2781
2781
2776
2778
2778
2778
2778
2778
2778
2778
2778
2778
2778
2778
2778
2778
2778
2778
2778
2778
2778
2778
2778
2778
2778
2778
2778
2778
2778
2778
2778
2778
2778
2778
2778
2778
2778
2778
2778
2778
2778
2778
2778
2778
2778
2778
2778
2778
2778
2775
2775
2775
2775
2775
2775
2775
2780
2789
2776
2789
2789
2789
2789
2789
2789
2789
2789
2789
2789
2789
2789
2789
2789
2789
2789
2789
2789
2775
2775
2775
2775
2775
2775
2775
2775
2775
2778
2778
2776
2783
2783
2775
2775
2775
2775
2778
2778
2778
2775
2775
2775
2775
2775
2775
2775
2775
2775
2775
2775
2775
2775
2775
2775
2775
2775
2775
2775
2775
2775
2775
2775
2775
2775
2775
2775
2775
2775
2775
2775
2775
2775
2775
2775
2775
2775
2775
2775
2775
2775
2775
2775
2775
2775
2775
2775
2775
2775
2775
2775
2775
2775
2775
2775
2775
2775
2775
2775
2775
2775
2775
2775
2775
2775
2775
2775
2775
2775
2775
2775
2775
2775
2775
2775
2775
2777
2777
2777
2777
2777
2777
2775
2775
2775
2775
2775
2775
2775
2775
2775
2775
2775
2775
2775
2775
2775
2779
2779
2779
2779
2779
2779
2779
2779
2775
2775
2775
2775
2775
2775
2775
2775
2775
2775
2775
2775
2775
2775
2775
2775
2775
2775
2775
2775
2775
2775
2775
2775
2775
2775
2775
2775
2775
2775
2775
2775
2775
2775
2775
2775
2775
2775
2775
2775
2775
2775
2775
2775
2775
2776
2776
2775
2775
2775
2775
2775
2775
2775
2775
2775
2775
2775
2775
2775
2775
2775
2775
2775
2775
2775
2775
2775
2775
2775
2775
2775
2775
2775
2775
2775
2775
2775
2775
2775
2775
2775
2775
2778
2778
2778
2775
2775
2775
2775
2775
2775
2775
2775
2775
2775
2778
2778
2778
2778
2778
2778
2778
2778
2778
2778
2778
2778
2775
2775
2775
2775
2775
2775
2775
2775
2775
2775
2775
2775
2775
2783
2775
2775
2775
2775
2775
2775
2775
2775
2775
2775
2795
2795
2795
2775
2780
2780
2780
2780
2775
2775
2775
2775
2775
2775
2775
2775
2775
2775
2775
2775
2775
2775
2775
2775
2775
2775
2775
2775
2775
2775
2775
2775
2775
2775
2775
2775
2775
2775
2775
2775
2775
2775
2775
2775
2775
2775
2775
2775
2775
2775
2775
2775
2775
2775
2775
2775
2775
2775
2775
2775
2775
2775
2775
2775
2775
2775
2775
2775
2775
2775
2775
2775
2775
2775
2775
2775
2775
2775
2775
2775
2775
2775
2775
2775
2775
2775
2775
2775
2775
2775
2775
2775
2775
2775
2775
2775
2775
2775
2775
2775
2775
2775
2775
2775
2775
2775
2775
2775
2775
2775
2776
2776
2776
2776
2776
2776
2776
2776
2775
2775
2775
2775
2775
2775
2775
2775
2775
2775
2775
2775
2775
2775
2775
2775
2775
2775
2775
2775
2775
2775
2775
2775
2775
2775
2775
2775
2775
2775
2775
2775
2775
2775
2775
2775
2775
2775
2775
2775
2776
2776
2776
2776
2776
2776
2776
2776
2775
2775
2775
2775
2775
2775
2775
2775
2775
2775
2775
2775
2775
2775
2775
2775
2775
2775
2775
2775
2775
2775
2775
2775
2775
2775
2775
2775
2775
2775
2775
2775
2775
2775
2775
2775
2775
2775
2784
2784
2784
2784
2784
2784
2785
2785
2785
2785
2785
2785
2785
2785
2785
2785
2785
2785
2775
2775
2775
2775
2775
2775
2775
2775
2775
2775
2775
2775
2775
2775
2775
2775
2775
2775
2775
2775
2775
2775
2775
2775
2775
2775
2775
2775
2775
2775
2775
2775
2775
2775
2775
2775
2775
2775
2775
2775
2775
2775
2775
2775
2775
2775
2775
2775
2775
2775
2775
2775
2769
2769
2767
2767
2767
2767
2767
2767
2767
2767
2767
2767
2767
2767
2767
2767
2767
2767
2767
2767
2767
2767
2767
2767
2767
2767
2767
2767
2767
2767
2767
2767
2767
2767
2767
2767
2767
2767
2767
2767
2767
2767
2767
2767
2767
2767
2767
2767
2767
2767
2767
2767
2767
2767
2767
2767
2767
2765
2765
2765
2765
2765
2765
2765
2765
2765
2765
2765
2765
2765
2765
2762
2762
2762
2762
2762
2762
2762
2762
2762
2762
2762
2762
2745
2745
2745
2745
2745
2745
2745
2745
2745
2745
2745
2745
2745
2745
2745
2745
2745
2745
2745
2745
2745
2745
2745
2745
2745
2745
2745
2745
2745
2745
2745
2745
2745
2745
2745
2745
2745
2745
2745
2745
2745
2750
2750
2750
2750
2750
2750
2753
2753
2753
2753
2753
2753
2753
2753
2753
2753
2753
2753
2753
2753
2753
2750
2750
2750
2750
2750
2750
2750
2750
2750
2750
2750
2750
2750
2750
2750
2750
2750
2750
2750
2750
2750
2750
2750
2750
2750
2750
2750
2752
2752
2752
2752
2752
2752
2752
2752
2740
2740
2740
2740
2740
2740
2740
2740
2740
2740
2740
2740
2740
2740
2740
2740
2740
2740
2740
2740
2740
2740
2740
2740
2740
2740
2740
2740
2740
2740
2740
2740
2740
2740
2740
2740
2740
2740
2740
2740
2740
2740
2740
2740
2740
2740
2740
2740
2740
2740
2740
2740
2743
2743
2743
2743
2743
2743
2743
2743
2743
2743
2743
2743
2743
2743
2743
2743
2743
2743
2743
2743
2743
2743
2743
2743
2743
2743
2743
2743
2740
2740
2740
2740
2740
2740
2740
2740
2740
2740
2740
2740
2740
2740
2740
2740
2740
2740
2740
2740
2740
2740
2740
2740
2740
2740
2740
2740
2740
2740
2740
2740
2740
2740
2740
2740
2740
2740
2740
2740
2740
2740
2740
2740
2740
2740
2740
2740
2740
2740
2740
2740
2740
2740
2740
2740
2740
2740
2740
2740
2740
2740
2740
2740
2740
2740
2748
2748
2748
2748
2748
2748
2750
2750
2748
2748
2748
2748
2748
2748
2748
2748
2748
2748
2744
2744
2744
2740
2740
2740
2740
2740
2740
2740
2740
2740
2740
2740
2740
2740
2740
2740
2740
2740
2740
2740
2740
2740
2740
2740
2740
2740
2740
2740
2740
2740
2740
2740
2740
2740
2740
2740
2740
2740
2740
2740
2740
2740
2740
2740
2740
2740
2740
2740
2740
2740
2740
2740
2740
2740
2740
2740
2740
2740
2740
2740
2740
2740
2740
2740
2740
2740
2740
2740
2740
2740
2740
2740
2740
2740
2740
2740
2740
2740
2740
2740
2740
2740
2740
2740
2740
2740
2740
2740
2744
2744
2744
2744
2744
2744
2744
2744
2744
2740
2740
2740
2740
2740
2740
2740
2740
2740
2740
2740
2740
2740
2740
2740
2740
2740
2740
2740
2740
2740
2740
2740
2740
2740
2740
2740
2740
2740
2740
2740
2740
2740
2740
2740
2740
2740
2740
2740
2740
2740
2740
2740
2740
2740
2740
2740
2740
2740
2740
2740
2740
2747
2747
2740
2740
2740
2740
2740
2740
2740
2740
2740
2740
2740
2740
2740
2740
2740
2740
2740
2740
2740
2740
2740
2740
2740
2740
2740
2740
2740
2740
2740
2740
2740
2740
2740
2740
2740
2740
2740
2740
2740
2740
2740
2740
2740
2740
2740
2740
2740
2740
2740
2740
2740
2740
2740
2740
2740
2740
2740
2740
2740
2740
2740
2740
2740
2740
2740
2740
2740
2740
2740
2740
2740
2740
2740
2740
2741
2741
2741
2741
2741
2741
2740
2740
2740
2740
2740
2740
2740
2740
2740
2740
2740
2740
2740
2740
2740
2740
2740
2740
2740
2740
2740
2740
2740
2740
2740
2740
2740
2740
2741
2741
2741
2741
2741
2741
2740
2740
2740
2740
2740
2740
2740
2740
2740
2740
2740
2740
2740
2740
2740
2740
2740
2740
2740
2740
2740
2740
2740
2742
2742
2742
2742
2742
2742
2742
2742
2742
2742
2742
2742
2740
2740
2740
2740
2740
2740
2740
2744
2744
2744
2744
2744
2744
2744
2745
2742
2742
2742
2742
2742
2742
2742
2742
2742
2742
2742
2742
2742
2742
2742
2742
2742
2742
2742
2742
2742
2742
2742
2741
2741
2741
2741
2740
2740
2740
2742
2742
2742
2742
2742
2742
2742
2742
2742
2742
2742
2742
2742
2742
2742
2742
2742
2742
2742
2742
2742
2742
2742
2740
2740
2740
2740
2740
2740
2740
2740
2740
2740
2740
2740
2740
2740
2740
2740
2740
2740
2740
2740
2740
2740
2740
2740
2740
2740
2740
2740
2740
2740
2740
2740
2740
2740
2740
2740
2740
2740
2740
2740
2740
2740
2740
2740
2740
2740
2740
2740
2740
2740
2740
2740
2740
2740
2740
2740
2740
2740
2740
2740
2740
2740
2740
2740
2740
2740
2740
2740
2740
2740
2740
2740
2740
2740
2740
2746
2746
2740
2740
2740
2740
2740
2740
2740
2740
2740
2740
2740
2740
2740
2740
2740
2740
2740
2740
2740
2740
2740
2740
2740
2740
2740
2740
2740
2740
2740
2740
2740
2740
2740
2740
2740
2740
2740
2740
2740
2740
2740
2740
2740
2740
2740
2740
2740
2740
2740
2740
2740
2740
2740
2740
2740
2746
2746
2746
2746
2746
2746
2746
2740
2740
2740
2740
2740
2740
2740
2740
2740
2740
2740
2740
2740
2740
2740
2740
2740
2740
2740
2740
2740
2740
2740
2740
2740
2740
2740
2740
2740
2740
2740
2740
2740
2740
2740
2740
2740
2740
2740
2740
2740
2740
2740
2740
2740
2740
2740
2740
2740
2740
2740
2740
2740
2740
2740
2740
2740
2740
2740
2740
2740
2740
2740
2740
2740
2740
2740
2740
2740
2740
2740
2740
2740
2740
2740
2740
2740
2740
2740
2740
2741
2740
2740
2740
2740
2740
2740
2740
2740
2740
2740
2740
2740
2740
2740
2740
2740
2740
2740
2740
2740
2740
2740
2740
2740
2740
2740
2740
2740
2740
2740
2740
2740
2740
2740
2740
2740
2740
2740
2740
2740
2740
2740
2740
2740
2740
2740
2740
2740
2740
2740
2748
2748
2748
2748
2748
2748
2748
2748
2748
2748
2740
2740
2740
2740
2740
2740
2740
2740
2740
2740
2740
2740
2740
2740
2740
2740
2740
2740
2740
2740
2740
2740
2740
2740
2740
2740
2740
2740
2740
2740
2740
2740
2740
2740
2740
2740
2740
2740
2740
2740
2740
2740
2740
2740
2740
2740
2740
2740
2740
2740
2740
2740
2740
2740
2740
2740
2740
2740
2740
2740
2740
2740
2740
2740
2740
2740
2740
2740
2740
2740
2740
2740
2740
2740
2740
2745
2745
2745
2745
2745
2745
2745
2745
2745
2745
2745
2745
2745
2745
2745
2745
2745
2745
2745
2745
2745
2745
2745
2746
2745
2745
2745
2745
2745
2745
2745
2745
2745
2745
2745
2745
2745
2745
2745
2745
2745
2745
2745
2745
2745
2745
2745
2746
2746
2746
2746
2746
2746
2746
2746
2746
2746
2746
2746
2746
2745
2745
2745
2745
2745
2745
2745
2745
2745
2745
2745
2745
2745
2745
2745
2745
2745
2745
2745
2745
2745
2745
2745
2745
2745
2745
2745
2745
2745
2745
2745
2745
2745
2745
2745
2745
2745
2745
2745
2745
2745
2745
2745
2745
2745
2745
2745
2745
2745
2745
2745
2745
2745
2745
2745
2745
2745
2745
2745
2745
2745
2745
2745
2745
2745
2745
2745
2745
2745
2745
2745
2745
2745
2745
2745
2745
2745
2745
2745
2745
2745
2745
2745
2745
2745
2745
2745
2745
2745
2745
2745
2745
2745
2745
2745
2745
2745
2745
2745
2745
2745
2745
2745
2745
2745
2745
2745
2745
2745
2745
2745
2745
2745
2745
2745
2745
2745
2745
2745
2745
2745
2745
2745
2745
2745
2745
2745
2745
2745
2745
2745
2745
2745
2745
2745
2745
2745
2754
2754
2754
2754
2754
2754
2754
2754
2754
2754
2754
2754
2745
2745
2745
2745
2745
2746
2746
2746
2746
2745
2745
2745
2745
2745
2745
2745
2745
2745
2745
2745
2746
2746
2746
2745
2745
2745
2745
2745
2745
2745
2745
2745
2745
2745
2745
2745
2745
2745
2745
2745
2745
2745
2745
2745
2745
2745
2745
2745
2745
2745
2745
2745
2745
2745
2745
2745
2745
2745
2745
2745
2745
2745
2745
2745
2745
2745
2745
2745
2745
2745
2745
2745
2745
2745
2747
2745
2745
2745
2745
2745
2745
2745
2745
2745
2745
2745
2745
2745
2745
2745
2745
2745
2745
2745
2745
2745
2745
2745
2745
2745
2745
2745
2745
2745
2745
2745
2745
2745
2745
2745
2745
2745
2745
2745
2745
2748
2748
2748
2748
2748
2748
2748
2748
2748
2748
2748
2748
2748
2748
2748
2748
2748
2748
2748
2748
2748
2748
2748
2748
2748
2748
2748
2748
2748
2748
2748
2748
2748
2748
2748
2748
2748
2748
2748
2748
2748
2748
2748
2751
2751
2745
2745
2745
2745
2745
2745
2745
2745
2745
2745
2745
2745
2745
2745
2745
2745
2745
2744
2744
2744
2744
2744
2744
2744
2744
2744
2744
2744
2744
2744
2744
2744
2744
2744
2744
2744
2744
2744
2751
2751
2751
2751
2744
2744
2744
2744
2744
2744
2744
2744
2744
2744
2748
2748
2744
2744
2744
2744
2744
2744
2744
2744
2744
2744
2744
2744
2744
2744
2753
2753
2753
2753
2753
2753
2753
2752
2752
2752
2744
2744
2744
2744
2744
2744
2744
2744
2744
2744
2744
2744
2744
2744
2744
2744
2744
2744
2744
2744
2744
2744
2744
2744
2744
2744
2744
2744
2744
2744
2744
2744
2744
2744
2744
2744
2744
2744
2744
2744
2744
2744
2744
2744
2744
2744
2744
2744
2744
2744
2744
2744
2744
2744
2744
2744
2744
2744
2744
2744
2744
2744
2744
2744
2744
2744
2744
2744
2744
2744
2744
2744
2744
2745
2745
2746
2746
2745
2745
2745
2745
2745
2745
2745
2745
2745
2745
2745
2745
2745
2745
2745
2745
2745
2745
2745
2745
2745
2745
2745
2745
2745
2745
2745
2745
2745
2745
2745
2748
2749
2745
2745
2745
2745
2745
2745
2745
2745
2745
2745
2745
2745
2745
2745
2745
2745
2745
2745
2745
2745
2745
2745
2745
2745
2745
2745
2745
2745
2745
2745
2745
2745
2745
2745
2745
2745
2745
2745
2745
2745
2745
2745
2745
2745
2745
2745
2745
2745
2745
2745
2745
2745
2745
2745
2745
2745
2745
2745
2745
2745
2749
2749
2749
2749
2749
2749
2749
2745
2745
2745
2745
2745
2745
2745
2745
2745
2745
2745
2745
2745
2745
2745
2745
2745
2745
2745
2745
2745
2745
2745
2745
2745
2745
2745
2745
2745
2745
2745
2745
2745
2745
2745
2745
2745
2745
2745
2747
2747
2747
2747
2747
2747
2747
2747
2747
2747
2747
2747
2747
2747
2747
2747
2747
2747
2747
2747
2747
2747
2747
2747
2747
2747
2747
2747
2747
2747
2747
2747
2747
2747
2747
2747
2747
2747
2747
2747
2747
2747
2747
2747
2747
2747
2747
2747
2747
2747
2747
2747
2747
2747
2747
2747
2747
2747
2747
2747
2747
2747
2747
2747
2747
2747
2747
2747
2747
2747
2747
2747
2747
2747
2747
2747
2747
2747
2747
2747
2747
2747
2747
2747
2747
2747
2747
2747
2747
2747
2747
2747
2747
2747
2747
2747
2747
2747
2747
2747
2747
2747
2747
2747
2747
2747
2747
2747
2747
2747
2747
2747
2747
2747
2747
2747
2747
2747
2747
2747
2747
2747
2747
2747
2747
2747
2747
2747
2747
2747
2747
2747
2747
2747
2747
2747
2747
2747
2747
2747
2747
2747
2747
2747
2747
2747
2747
2747
2747
2747
2747
2747
2747
2747
2747
2747
2747
2747
2747
2747
2747
2747
2747
2747
2747
2747
2747
2747
2747
2747
2747
2747
2747
2747
2747
2747
2747
2747
2747
2747
2747
2747
2747
2747
2755
2755
2755
2755
2755
2755
2755
2755
2755
2755
2755
2755
2755
2755
2755
2755
2755
2755
2755
2755
2755
2755
2747
2747
2747
2747
2747
2747
2747
2747
2747
2747
2747
2747
2747
2745
2745
2745
2745
2745
2745
2745
2745
2745
2745
2745
2745
2745
2745
2745
2745
2745
2745
2745
2745
2745
2745
2745
2745
2745
2745
2745
2745
2745
2745
2745
2745
2745
2744
2744
2744
2744
2744
2744
2744
2744
2744
2744
2744
2744
2744
2744
2744
2744
2744
2744
2744
2744
2744
2744
2744
2744
2744
2744
2744
2744
2744
2744
2744
2744
2745
2745
2745
2745
2745
2745
2745
2745
2745
2745
2745
2745
2745
2744
2744
2744
2744
2744
2744
2744
2744
2744
2744
2744
2744
2744
2744
2744
2744
2744
2744
2744
2744
2744
2744
2744
2744
2744
2744
2744
2744
2744
2744
2744
2744
2744
2744
2744
2744
2744
2744
2744
2748
2748
2748
2748
2748
2748
2748
2748
2744
2744
2744
2744
2744
2744
2744
2744
2744
2744
2744
2744
2744
2744
2744
2744
2744
2744
2744
2744
2744
2744
2744
2744
2744
2744
2744
2744
2744
2744
2744
2744
2744
2744
2730
2730
2730
2730
2730
2730
2730
2730
2730
2730
2730
2730
2730
2730
2730
2730
2730
2730
2730
2730
2730
2730
2730
2730
2730
2730
2730
2730
2730
2730
2731
2731
2730
2730
2730
2730
2730
2730
2730
2730
2730
2730
2730
2730
2730
2730
2730
2730
2730
2730
2730
2730
2730
2730
2730
2730
2730
2730
2730
2730
2730
2730
2730
2730
2730
2730
2730
2730
2730
2730
2730
2730
2730
2730
2730
2730
2730
2730
2730
2730
2730
2730
2730
2730
2730
2730
2730
2730
2730
2730
2730
2730
2730
2730
2730
2730
2730
2730
2730
2730
2730
