3123
3207
3204
3190
3172
3283
3301
3382
3382
3410
3410
3368
3320
3318
3318
3318
3318
3359
3359
3307
3286
3260
3252
3252
3252
3194
3164
3137
3203
3172
3176
3134
3238
3201
3221
3221
3208
3176
3176
3136
3135
3135
3140
3194
3186
3126
3133
3139
3133
3182
3182
3182
3071
3057
3057
3057
3073
3055
3055
3182
3106
3056
3076
3110
3046
3068
3077
3077
3077
3077
3077
3077
3077
3054
3054
3070
3070
3070
3070
3111
3111
3141
3147
3147
3160
3160
3160
3160
3192
3192
3112
3148
3156
3250
3169
3293
3389
3433
3366
3366
3250
3250
3250
3337
3337
3337
3337
3337
3382
3250
3229
3229
3229
3104
3083
3083
3094
3147
3128
3128
3031
3031
2965
3071
3102
3080
3080
3067
3086
3064
3094
3133
3121
3087
3146
3140
3135
3135
3135
3135
3104
3099
3211
3185
3172
3138
3113
3142
3150
3146
3146
3171
3171
3171
3184
3153
3153
3144
3144
3171
3162
3179
3231
3283
3231
3231
3268
3268
3287
3393
3312
3310
3310
3295
3295
3295
3209
3200
3200
3213
3213
3217
3246
3246
3246
3246
3308
3338
3440
3344
3368
3368
3406
3340
3454
3454
3357
3351
3257
3227
3227
3261
3261
3261
3250
3250
3266
3266
3266
3310
3310
3310
3258
3227
3227
3227
3296
3185
3202
3230
3230
3230
3222
3224
3318
3420
3420
3486
3486
3486
3486
3401
3401
3350
3347
3348
3348
3308
3307
3310
3311
3352
3361
3384
3384
3333
3333
3450
3533
3522
3577
3636
3572
3627
3627
3602
3607
3607
3607
3548
3517
3517
3509
3452
3421
3403
3403
3384
3394
3414
3437
3387
3387
3387
3387
3333
3333
3219
3219
3219
3219
3244
3219
3219
3219
3232
3213
3213
3213
3213
3220
3220
3263
3150
3150
3150
3099
2961
2989
2989
2939
2939
2920
2920
3000
2956
3000
3041
3041
3041
3102
3102
3102
3102
3102
3102
3069
3069
3069
3069
3020
3020
3130
3130
3130
3124
3146
3146
3146
3162
3072
3062
3110
3244
3221
3227
3179
3179
3241
3215
3150
3150
3141
3141
3278
3326
3380
3380
3374
3374
3374
3377
3377
3377
3372
3372
3357
3352
3377
3315
3287
3258
3258
3259
3241
3207
3163
3099
3099
3133
3104
3005
3005
3029
3161
3189
3189
3189
3225
3214
3214
3217
3155
3154
3223
3223
3238
3310
3328
3224
3158
3195
3187
3137
3142
3106
3106
3114
3080
3220
3260
3253
3253
3256
3344
3275
3249
3249
3249
3346
3263
3263
3263
3303
3187
3187
3178
3319
3319
3317
3317
3274
3232
3232
3264
3264
3271
3271
3271
3263
3244
3236
3107
3130
3207
3230
3230
3225
3214
3214
3196
3158
3174
3097
3057
3057
3109
3100
3100
3100
3100
3133
3133
3080
3080
3068
3053
3062
3062
3171
3220
3220
3253
3280
3198
3198
3175
3204
3214
3187
3085
3085
3085
3149
3119
3119
3115
3085
3083
3096
3096
3063
3063
3059
3059
3059
2979
3112
3183
3147
3147
3202
3200
3224
3293
3167
3208
3174
3105
3017
3120
3119
3177
3177
3113
3075
3125
3196
3134
3134
3145
3141
3141
3128
3230
3223
3206
3190
3199
3202
3249
3258
3233
3233
3182
3124
3090
3106
3169
3165
3196
3125
3124
3277
3277
3277
3277
3362
3364
3460
3446
3379
3379
3356
3297
3231
3304
3389
3389
3340
3365
3334
3334
3334
3339
3369
3342
3342
3342
3323
3352
3352
3256
3179
3185
3185
3201
3252
3337
3248
3246
3246
3222
3167
3167
3167
3167
3167
3166
3166
3184
3184
3241
3241
3241
3294
3247
3247
3180
3153
3153
3177
3177
3234
3277
3297
3357
3391
3368
3380
3400
3400
3400
3400
3400
3400
3400
3400
3400
3394
3295
3322
3286
3286
3226
3226
3226
3226
3259
3259
3231
3195
3214
3284
3300
3355
3165
3117
3117
3130
3167
3218
3218
3158
3162
3162
3205
3205
3248
3248
3179
3151
3237
3177
3263
3267
3263
3263
3263
3195
3185
3185
3185
3202
3202
3202
3202
3209
3209
3209
3280
3280
3227
3242
3244
3264
3299
3291
3304
3245
3198
3211
3242
3205
3205
3223
3228
3154
3160
3121
3121
3116
3079
3148
3148
3148
3148
3093
3068
3068
3068
3068
3068
3068
3027
3060
2982
2982
3003
3003
3003
3019
3116
3116
3155
3184
3205
3281
3228
3144
3146
3169
3169
3173
3129
3129
3103
3107
3066
3029
3029
3046
3046
3029
3029
3029
3029
2939
2974
2974
2974
3002
3002
3003
3002
3063
3040
3040
3108
3108
3108
3037
3037
3017
3007
2916
2935
2935
2986
2987
3018
2998
2998
2998
3066
2985
2985
2939
2939
2939
2964
2985
2985
2985
3015
3015
3044
3089
3088
3105
3105
3123
3123
3123
3123
3089
3118
3101
3101
3102
3139
3211
3251
3281
3281
3384
3314
3231
3229
3204
3129
3045
3045
3146
3146
3138
3031
3031
3116
3200
3254
3254
3285
3221
3213
3146
3145
3118
3118
3123
3123
3134
3123
3123
3123
3133
3164
3146
3140
3068
3068
3013
3013
2952
3047
3047
3047
3140
3145
3145
3145
3139
3100
3114
3114
3120
3125
3129
3110
3084
3082
3082
3082
3186
3175
3133
3154
3163
3246
3245
3229
3221
3282
3339
3373
3373
3337
3380
3380
3316
3238
3232
3222
3243
3243
3151
3151
3151
3180
3180
3180
3177
3177
3091
3124
3108
3065
3065
3019
3019
3013
3013
3013
3013
3087
3094
3094
3094
3094
3137
3137
3137
3190
3190
3190
3190
3190
3169
3169
3146
3146
3148
3148
3176
3176
3266
3202
3202
3215
3246
3291
3304
3246
3241
3206
3124
3234
3200
3249
3146
3190
3255
3287
3279
3330
3330
3342
3381
3348
3334
3274
3313
3434
3414
3414
3434
3397
3397
3447
3439
3470
3417
3372
3372
3298
3200
3214
3273
3142
3119
3156
3069
3128
3100
3100
3100
3106
3100
3141
3174
3174
3263
3194
3190
3340
3443
3394
3330
3330
3232
3237
3237
3319
3370
3370
3370
3306
3306
3227
3179
3179
3179
3199
3199
3191
3191
3191
3191
3263
3263
3263
3263
3263
3254
3142
3112
3112
3168
3168
3168
3168
3183
3263
3276
3276
3276
3276
3320
3265
3264
3216
3202
3202
3234
3352
3260
3260
3260
3217
3217
3217
3206
3206
3256
3289
3289
3289
3289
3349
3322
3322
3155
3158
3210
3203
3140
3226
3226
3222
3222
3222
3222
3226
3216
3197
3198
3159
3159
3170
3170
3170
3153
3184
3232
3232
3305
3214
3297
3297
3326
3326
3326
3364
3298
3336
3304
3267
3170
3170
3168
3214
3214
3323
3323
3323
3323
3323
3263
3263
3263
3263
3287
3287
3287
3269
3269
3269
3219
3194
3194
3216
3335
3283
3294
3269
3325
3325
3311
3234
3236
3247
3263
3263
3282
3112
3117
3122
3104
3163
3139
3139
3158
3199
3261
3202
3202
3202
3130
3120
3083
3086
3091
3124
3118
3091
3125
3125
3093
3160
3173
3173
3173
3173
3208
3262
3119
3130
3126
3126
3126
3126
3136
3146
3148
3123
3178
3178
3098
3021
3050
3012
2998
3081
3086
3086
3148
3172
3109
3071
2984
3107
3107
3067
3081
3135
3135
3135
3068
3068
3068
3121
3179
3179
3179
3179
3230
3259
3182
3198
3143
3200
3200
3123
3081
3071
3050
3095
3156
3118
3174
3183
3207
3173
3173
3173
3181
3098
3098
3134
3134
3134
3134
3092
3147
3191
3224
3237
3145
3113
3113
3077
3132
3077
3108
3106
3131
3131
3131
3182
3171
3116
3116
3048
3048
3005
3005
3065
3155
3155
3156
3032
3032
3032
2995
3001
3001
3178
3178
3234
3283
3235
3193
3198
3249
3115
3170
3168
3181
3112
3140
3241
3137
3137
3138
3139
3153
3153
3153
3153
3153
3155
3155
3222
3232
3159
3164
3207
3218
3220
3293
3256
3278
3220
3159
3242
3242
3242
3263
3200
3200
3240
3241
3252
3246
3261
3279
3231
3096
3139
3135
3192
3192
3194
3253
3253
3253
3253
3222
3222
3222
3222
3249
3194
3222
3137
3251
3239
3192
3195
3228
3238
3210
3127
3058
3104
3104
3104
3141
3115
3162
3141
3144
3095
3095
3108
3108
3097
3097
3147
3116
3147
3072
3113
3113
3155
3144
3127
3117
3117
3135
3153
3111
3109
3109
3112
3112
3153
3095
3166
3114
3114
3101
3151
3164
3164
3151
3155
3141
3123
3056
3091
3023
3023
3020
3021
3082
3115
3074
3074
3074
3074
3074
3110
3074
3074
3021
3075
3010
3037
3197
3197
3197
3197
3197
3166
3215
3215
3220
3274
3274
3249
3249
3249
3267
3267
3234
3220
3200
3165
3165
3121
3121
3172
3133
3187
3195
3195
3202
3110
3096
3094
3232
3246
3197
3197
3197
3149
3166
3178
3178
3144
3146
3217
3151
3105
3105
3109
3038
3078
3078
3154
3166
3166
3166
3145
3093
3123
3144
3144
3180
3191
3124
3088
3158
3162
3162
3162
3088
3093
3079
3198
3198
3231
3231
3227
3157
3157
3157
3157
3157
3156
3131
3131
3108
3095
3093
3093
3065
3065
3106
3106
3106
3057
3141
3141
3105
3177
3177
3238
3238
3238
3299
3299
3350
3274
3274
3274
3285
3285
3284
3245
3195
3257
3257
3257
3240
3240
3204
3204
3142
3129
3168
3180
3166
3129
3027
3060
3060
3065
3065
3065
3015
3015
3015
3015
2956
3012
2962
2962
2982
3007
3007
3007
3007
3016
3053
3053
3058
3052
3052
3071
3071
3073
3073
3009
3020
3020
3048
3048
3046
3046
3022
3022
3022
3022
3081
3072
3100
3141
3132
3151
3151
3125
3172
3176
3088
3088
3231
3195
3195
3195
3195
3195
3195
3195
3195
3212
3094
3093
3080
3108
3200
3108
3045
3088
3125
3125
3165
3165
3165
3121
3155
3178
3219
3215
3156
3141
3200
3288
3383
3356
3356
3333
3285
3234
3250
3260
3186
3142
3159
3167
3177
3177
3177
3232
3235
3303
3303
3360
3360
3362
3362
3362
3399
3399
3408
3412
3412
3348
3328
3328
3328
3318
3314
3282
3282
3282
3208
3266
3255
3176
3206
3172
3172
3145
3145
3109
3128
3200
3254
3183
3202
3199
3199
3099
3084
3124
3048
3048
3057
3049
3057
3093
3093
3082
3023
3061
3061
3099
3099
3099
3073
3073
3062
3062
3048
3048
3081
3071
3082
3082
3082
3041
3059
2993
2993
3052
3052
3075
3066
3056
3174
3068
3037
3030
3073
3056
2956
2899
2908
2911
2907
2865
2865
2865
2906
2952
2983
2983
3009
3049
3049
3049
3049
2986
2986
2955
3112
3080
3011
3011
2991
2991
3051
3044
3044
3044
3098
3125
3172
3155
3155
3155
3155
3155
3139
3103
3103
3103
3127
3128
3098
3091
3091
3091
3091
3149
3149
3149
3190
3106
3014
3014
3050
2968
3019
3019
3019
2975
2975
3039
3007
3016
2943
2922
2963
3094
3015
3018
3038
2989
2993
2993
3085
3085
3130
3130
3214
3214
3226
3226
3228
3228
3222
3232
3232
3232
3232
3232
3270
3205
3296
3267
3255
3234
3234
3281
3238
3229
3229
3187
3290
3347
3347
3347
3407
3407
3407
3345
3345
3345
3257
3337
3335
3335
3385
3313
3200
3200
3284
3317
3317
3326
3272
3159
3159
3186
3186
3277
3262
3299
3339
3364
3341
3341
3376
3382
3423
3442
3423
3423
3423
3423
3423
3423
3423
3416
3444
3370
3362
3360
3279
3238
3185
3176
3166
3179
3179
3179
3169
3169
3101
3105
3105
3146
3146
3146
3091
3186
3180
3175
3175
3140
3121
3045
2990
3036
2982
3070
3065
3077
3077
3042
3054
3054
3065
3050
3050
3050
3048
3048
3013
2935
3079
3067
3067
2960
2960
2960
2923
2923
2999
2978
2978
3019
3019
3054
3087
3087
3114
3114
3110
3079
3079
3072
3021
3009
2972
2972
2973
3040
3040
3040
2994
2946
2946
2946
2968
2968
2968
2961
2961
2966
2966
2996
2980
2945
2945
2930
2983
2983
2983
3067
3049
3045
3045
3045
3025
3024
3052
3080
3080
3118
3118
3114
3042
3083
3082
3082
3042
3056
3056
3140
3140
3152
3223
3224
3209
3209
3208
3177
3145
3096
3096
3069
3069
3073
3069
3111
3067
3067
3091
3091
3091
3170
3171
3171
3147
3147
3203
3151
3149
3149
3159
3090
3090
3090
3090
3090
3067
3040
3038
3091
3091
3091
3091
3079
3130
3172
3097
3118
3050
3083
3109
3069
3069
3069
3069
3104
3104
3120
3102
3107
3059
3059
3116
3047
3047
3071
3060
3105
3105
3122
3161
3121
3041
3084
3084
3142
3142
3142
3053
3042
3188
3166
3163
3080
3122
3040
3040
3040
3054
3054
3099
3099
3049
3143
3143
3175
3130
3104
3148
3145
3297
3297
3395
3419
3377
3307
3307
3307
3260
3152
3182
3216
3260
3220
3220
3223
3239
3238
3235
3235
3241
3209
3277
3277
3271
3309
3274
3229
3257
3244
3178
3159
3159
3106
3106
3156
3134
3126
3160
3099
3111
3135
3135
3135
3154
3265
3141
3213
3213
3213
3303
3219
3160
3160
3083
3079
3068
3091
3091
3091
3091
3091
3091
3103
3091
3091
3091
3096
3096
3096
3092
3091
3057
3075
3051
3051
3051
3051
3051
3026
2994
3079
3055
3055
3040
3033
3033
3033
3033
3033
3033
3033
3033
3033
3031
2981
3045
2960
2924
2968
2968
2968
2968
2939
2939
2924
2920
2924
3017
3017
3017
3017
2981
2988
2952
2996
3036
3116
3116
3143
3143
3236
3236
3156
3180
3132
3142
3141
3189
3124
3124
3152
3152
3206
3161
3153
3153
3153
3150
3150
3150
3201
3201
3172
3172
3172
3082
3128
3112
3115
3115
3153
3122
3173
3130
3152
3152
3168
3168
3262
3262
3266
3266
3266
3137
3137
3137
3111
3111
3021
3080
3088
3088
3063
3050
3050
3164
3177
3159
3154
3080
2975
3044
2990
2990
2945
2945
2952
2908
2938
2938
2890
2890
2890
2894
2901
2901
2897
2939
2939
2939
2934
2895
2895
2874
2873
2893
2939
2939
2939
2939
2877
2877
2869
2947
2963
2937
3004
2995
2995
3130
3130
3144
3144
3087
3087
3038
3038
3038
3082
3082
3082
3082
3082
3094
3074
3140
3166
3140
3156
3181
3181
3203
3270
3244
3211
3211
3220
3209
3163
3156
3165
3217
3217
3301
3379
3307
3307
3307
3374
3374
3374
3307
3295
3295
3282
3282
3164
3136
3128
3131
3058
3049
3063
3081
3028
3025
3025
3020
2983
2986
2986
2997
3016
3016
2968
2968
2968
2975
2960
2970
3012
3034
2988
2981
3009
3015
3076
3069
3069
3050
3050
3036
3064
3064
3103
3096
3084
3052
3100
3100
3177
3177
3199
3199
3199
3177
3118
3141
3137
3137
3241
3241
3176
3170
3209
3284
3284
3317
3299
3305
3404
3407
3407
3434
3434
3477
3532
3497
3481
3481
3487
3621
3587
3590
3590
3665
3701
3549
3560
3560
3606
3610
3610
3610
3567
3567
3567
3540
3539
3539
3425
3425
3320
3265
3265
3265
3212
3149
3084
3172
3172
3172
3172
3167
3167
3091
3139
3149
3193
3196
3154
3154
3201
3219
3248
3235
3257
3145
3113
3109
3105
3105
3105
3105
3105
3101
3101
3040
3058
3002
3013
3086
3156
3203
3145
3156
3156
3156
3153
3176
3176
3151
3151
3153
3214
3253
3293
3214
3214
3257
3214
3110
3222
3203
3176
3164
3199
3199
3199
3199
3237
3291
3261
3294
3296
3296
3296
3321
3321
3326
3326
3330
3330
3277
3272
3272
3295
3295
3392
3408
3452
3452
3406
3372
3333
3333
3256
3256
3204
3221
3333
3329
3353
3309
3309
3266
3200
3200
3200
3214
3252
3252
3252
3243
3155
3155
3155
3217
3217
3175
3175
3184
3184
3184
3140
3170
3160
3153
3190
3284
3256
3240
3264
3310
3276
3202
3136
3078
3051
2970
3004
3106
3106
3063
3063
2996
3075
3075
3132
3132
3077
3075
3058
3048
3051
3046
3117
3006
3006
3006
3029
2975
2975
2975
2992
3052
3138
3138
3138
3092
3092
3049
3039
3018
3018
3018
2983
2970
2989
3046
2986
3004
3008
3029
3008
3008
3031
3099
3009
3009
3043
3043
3097
3161
3219
3229
3202
3195
3212
3131
3117
3146
3117
3137
3145
3145
3135
3134
3243
3314
3336
3183
3183
3188
3195
3169
3164
3182
3182
3182
3195
3195
3199
3287
3233
3195
3209
3209
3176
3157
3157
3170
3175
3175
3132
3127
3148
3148
3148
3051
3059
3001
3034
3034
3057
3057
3057
3057
3057
3057
3057
3057
3057
3057
3037
2968
2968
2968
3000
3000
3000
3000
3000
3078
3078
3078
3078
3078
3123
3123
3123
3073
3073
3073
3109
3128
3128
3128
3120
3120
3120
3231
3133
3114
3111
3111
3111
3111
3111
3089
3092
3092
3146
3146
3140
3140
3140
3140
3166
3103
3103
3103
3103
3103
3128
3128
3112
3112
3132
3132
3132
3122
3122
3130
3101
3138
3097
3097
3097
3097
3097
3097
3111
3074
3074
3117
3134
3145
3112
3157
3277
3293
3220
3206
3236
3260
3226
3197
3184
3184
3118
3133
3124
3091
3084
3084
3094
3084
3084
3084
3084
3095
3095
3013
3092
3025
3025
3052
3064
3064
3064
3036
3036
3032
3032
3032
3032
3099
3142
3089
3109
3092
3095
3095
3057
3057
3057
3038
3112
3112
3112
3112
3112
3145
3176
3219
3219
3219
3219
3219
3219
3219
3219
3181
3188
3188
3188
3188
3194
3194
3102
3049
3060
3111
3112
3048
3048
3048
3048
3030
3045
2995
3023
3023
3023
3023
3083
3083
3083
3081
3142
3142
3129
3090
3090
3090
3090
3090
3090
3090
3081
3033
3022
3022
3064
3058
3058
3107
3107
3107
3129
3125
3183
3184
3206
3197
3197
3095
3095
3164
3164
3160
3160
3196
3196
3269
3331
3293
3293
3293
3293
3300
3302
3302
3285
3264
3143
3198
3166
3166
3131
3132
3132
3132
3148
3148
3205
3284
3343
3308
3330
3330
3267
3193
3154
3169
3133
3122
3122
3122
3122
3179
3179
3173
3222
3261
3231
3216
3216
3205
3225
3282
3252
3154
3091
3078
3078
3078
3065
3065
3065
3065
3059
3059
3059
3136
3147
3147
3156
3136
3136
3073
3073
3073
3105
3038
3038
3104
3104
3104
3084
3101
3101
3045
3033
3044
3066
3077
3077
3038
3038
3096
3061
3061
3053
3097
3057
3118
3118
3118
3136
3136
3136
3136
3136
3136
3136
3136
3136
3136
3136
3136
3136
3136
3126
3107
3107
3107
3107
3107
3045
3045
3045
3045
3108
3087
3088
3088
3088
3071
3071
3054
3054
3054
3054
3054
3053
3109
3109
3109
3109
3109
3109
3105
3034
3034
3033
3070
3070
3156
3033
3105
3077
3077
3078
3078
3078
3078
3090
3090
3079
3079
3079
3062
3062
3086
3086
3098
3098
3098
3098
3098
3099
3099
3099
3131
3131
3131
3152
3123
3182
3182
3182
3115
3142
3022
3119
3133
3133
3191
3232
3220
3297
3254
3254
3254
3302
3302
3302
3286
3286
3276
3243
3221
3194
3250
3241
3231
3226
3212
3212
3137
3181
3181
3143
3228
3216
3163
3132
3132
3196
3249
3249
3249
3257
3257
3257
3257
3298
3298
3298
3298
3256
3128
3117
3117
3117
3117
3117
3082
3082
3082
3079
3079
3070
3110
3110
3155
3115
3150
3178
3219
3199
3199
3188
3188
3193
3193
3209
3209
3248
3267
3255
3255
3259
3259
3284
3229
3257
3257
3319
3319
3355
3313
3313
3272
3272
3272
3262
3201
3183
3135
3162
3155
3155
3155
3155
3155
3152
3035
3035
3035
3100
3100
3132
3055
3077
3053
3017
3017
3076
3050
3102
3117
3117
3117
3117
3117
3100
3081
3104
3104
3186
3205
3237
3176
3176
3176
3176
3193
3207
3140
3146
3146
3123
3200
3200
3200
3202
3202
3202
3185
3185
3205
3192
3192
3192
3196
3196
3238
3238
3238
3238
3181
3181
3192
3148
3212
3212
3212
3212
3212
3212
3199
3194
3194
3194
3194
3194
3194
3194
3194
3188
3244
3244
3123
3123
3123
3123
3123
3123
3011
3011
3011
3011
2990
2990
3025
3108
3106
3091
3085
3085
3134
3187
3187
3223
3223
3175
3175
3175
3186
3186
3186
3186
3186
3186
3186
3186
3112
3130
3168
3220
3167
3167
3014
3014
3009
2979
2979
2979
2983
2983
3022
3022
3142
3142
3142
3142
3182
3182
3182
3147
3115
3124
3124
3095
3095
3026
3074
3074
3074
3074
3074
3095
3059
3059
3059
3059
3059
3110
3108
3061
3112
3112
3112
3044
3051
3055
3034
3034
3032
3032
3042
3042
3042
3075
3075
3091
3094
3094
3094
3125
3137
3106
3106
3106
3106
3154
3177
3177
3193
3193
3193
3193
3144
3144
3213
3249
3249
3268
3274
3263
3158
3158
3158
3158
3158
3210
3248
3246
3212
3212
3212
3212
3212
3212
3212
3212
3190
3190
3187
3187
3187
3187
3160
3147
3171
3171
3206
3203
3203
3260
3260
3260
3260
3154
3154
3154
3154
3209
3209
3209
3171
3171
3169
3106
3106
3106
3106
3106
3106
3082
3082
3082
3055
3038
3038
2971
3015
3043
3043
3043
3026
3026
3026
3064
2951
2962
2962
2980
2980
2980
2950
2997
2997
2955
2955
2972
2972
3010
3010
3027
3046
3067
3132
3132
3132
3123
2963
2990
2990
2990
2990
2990
3041
3041
3041
3062
3081
3081
3081
3081
3149
3149
3149
3225
3222
3155
3007
3007
3007
3007
3044
3007
2964
2997
2964
3051
3086
3086
3079
3079
3051
3051
3051
3051
3051
3051
3051
3051
3051
3018
3018
3018
3018
3020
3036
2954
2954
2943
2969
2953
2953
2978
2978
2978
2978
2978
3000
3000
2976
2976
2976
2976
2963
2965
3054
2999
2999
2999
3007
3007
3036
3074
3104
3067
3042
3060
3068
3068
3073
3073
3122
3161
3174
3174
3175
3226
3270
3270
3244
3244
3195
3219
3219
3219
3268
3268
3230
3231
3237
3226
3130
3118
3076
3076
3076
3202
3194
3227
3194
3210
3210
3210
3210
3210
3210
3138
3230
3156
3156
3045
3007
3077
3077
3118
3102
3182
3182
3195
3157
3160
3160
3146
3059
3005
3046
3046
3158
3158
3158
3158
3198
3198
3198
3198
3159
3149
3130
3130
3201
3201
3166
3174
3174
3174
3174
3227
3237
3194
3194
3194
3240
3240
3251
3258
3269
3269
3208
3143
3133
3162
3175
3175
3264
3163
3213
3143
3132
3132
3120
3120
3120
3120
3107
3107
3107
3107
3116
3116
3116
3116
3046
3029
3029
2988
3006
3006
3006
3020
3020
3034
3034
3034
3034
3020
2946
2946
2946
2946
2946
2946
2946
2979
2970
2970
2951
2954
2954
3002
3002
3002
2973
2973
3007
2973
2973
2954
2989
3037
3068
3037
3015
3015
3030
3069
3069
3069
3069
2990
2990
2989
2971
2971
2971
3055
3055
3045
3045
3137
3137
3137
3148
3148
3093
3082
3082
3082
3158
3172
3178
3172
3172
3172
3172
3152
3152
3049
3049
3084
3084
3084
3062
3062
3103
3047
3047
3056
3056
3032
3032
3032
3015
3015
3015
2999
2999
2983
2983
2976
2976
2976
2993
2974
2979
2931
2955
2979
3020
3024
2972
3021
3021
3021
2934
2925
2973
2983
2930
2930
2930
2919
2930
2953
2953
2953
2953
2966
2999
2999
2992
2984
2984
2984
2984
2952
2952
2952
2944
2944
2949
2976
2976
2976
2976
2976
2976
2976
2965
2965
3082
3106
3121
3121
3121
3121
3130
3086
3068
3078
3059
3055
3049
3071
3070
3054
3054
3063
2972
3033
3033
3052
3052
3052
3052
3040
3053
3162
3162
3162
3162
3117
3117
3117
3106
3106
3106
3057
3057
3057
3006
3075
3075
3048
3033
3033
3020
3036
3036
3044
3044
3040
3040
3003
2971
2971
2971
3008
2971
2971
2971
3047
3094
3094
3094
3094
3094
3028
3028
3062
2990
3007
3007
3007
3007
3019
3080
3080
3080
3080
3080
3082
3107
3124
3039
3039
3110
3124
3124
3143
3189
3180
3139
3191
3242
3243
3248
3248
3277
3296
3296
3194
3194
3130
3139
3156
3156
3156
3142
3142
3208
3228
3228
3228
3228
3144
3144
3144
3144
3135
3082
3082
3081
3071
3071
3082
3082
3054
3085
3085
3051
3048
3048
3024
3026
3049
3083
3031
3031
3101
3101
3096
3078
3078
3091
3114
3036
3067
3067
3105
3066
3058
3058
3126
3126
3097
3068
3141
3139
3139
3079
3079
3019
3019
2954
2966
3022
3022
3022
3044
3044
3134
3077
3044
3044
3033
3083
3057
3057
3066
3066
3066
3073
2996
2996
2996
2931
2919
2952
2952
2972
2972
2975
2967
2943
2943
2947
2929
2929
2929
2929
2981
2981
2981
2981
2981
2981
3000
2985
2985
2985
2987
2987
3033
3018
2974
2989
2989
2989
2989
2989
2989
2989
2989
2989
2989
2989
3035
3003
3003
3003
3003
3002
3010
2956
2956
2956
2956
3027
3097
3096
3091
3091
3091
3091
3091
3091
3063
3063
3048
3048
3048
3048
3085
3085
3085
3085
3134
3054
3054
3113
3087
3087
3026
3037
3037
3010
3010
3010
3010
3010
3005
3005
3005
3005
3021
3021
3060
3060
3000
2998
2998
2992
2992
3028
3028
3027
3032
3032
3076
3076
3038
3038
3038
3152
3152
3119
3130
3130
3130
3024
3032
3032
3032
3041
3067
3067
3026
3026
3026
3032
3088
3088
3108
3034
3034
3008
3042
3039
3039
3028
3028
3033
3042
2990
2990
2990
2977
2977
2977
2981
2973
2973
2938
2938
2973
2926
2926
2926
2926
2926
2926
2926
2922
2922
2922
2930
2931
2931
2931
2931
2941
2941
2941
2956
2985
3064
3064
3064
3043
2985
2985
2985
2985
2985
2985
2954
2998
3060
3057
3067
3067
3067
3067
3067
3067
3017
3033
3033
3020
2955
2951
2961
2961
2961
2983
2983
3027
3039
3039
3138
3114
3077
3014
3004
3004
3004
3004
3004
3004
3004
3004
3004
3042
3005
3005
3005
2992
2992
2973
2973
2973
3051
3051
3022
2984
2984
2970
2921
2921
2921
2910
2910
2910
2913
2906
2906
2906
2906
2906
2906
2919
2919
2919
2953
2953
2948
2948
2967
3005
3062
3062
3078
3078
3174
3162
3143
3148
3089
3106
3106
3106
3085
3085
3111
3111
3144
3087
3048
3048
2992
3008
3044
3044
3044
3103
3103
3103
3037
3037
3037
3037
3028
3032
3032
3032
3094
3094
3075
3067
3019
3019
3038
3071
3090
3072
3072
3091
3064
3064
3042
3042
3036
3059
3037
3037
3037
3058
3103
3053
3032
3028
3028
3028
3090
3119
3119
3146
3146
3146
3146
3148
3081
3020
3028
3020
3020
3020
3020
3024
3024
3024
3018
3018
3031
3012
3100
3100
3090
3090
3090
3095
3036
3036
3036
3035
3035
3035
3035
3061
3035
3035
3064
3033
2986
2911
2927
2927
2981
2981
2981
2981
2995
2995
2995
2987
2994
2926
2926
2925
2925
2961
3027
2959
2959
2965
2959
2959
2959
2959
2959
2959
3050
3050
3050
3042
3012
3012
2953
2947
2947
2947
2975
2995
2931
2923
2923
2923
2923
2923
2968
2968
2968
2968
2968
2968
2968
2968
2968
2935
2935
2960
2960
2919
2958
2973
2973
2962
2962
3033
3033
3033
3033
3062
3062
3061
3061
3061
3061
3061
3022
3022
3022
3022
3022
3022
3097
3097
3114
3144
3080
3052
3052
3052
3052
3052
3052
3052
3052
3052
3052
3070
3070
3049
3049
3049
3054
3037
3037
3037
3037
3037
2990
2990
2990
2954
2954
2954
2954
2954
2954
3036
3057
3057
3064
3064
3064
3064
3093
3022
3005
2975
2975
2975
3012
3012
3012
2990
2990
2990
2990
3009
3000
3000
3000
3005
3005
3054
3054
3181
3139
3121
3121
3121
3121
3107
3066
3066
3066
3050
2999
3006
3006
2960
2960
2960
2960
3007
3013
2992
2992
2952
2966
2963
2963
2963
2992
2970
2913
2992
2889
2889
2855
2864
2864
2864
2864
2864
2925
2925
2925
2935
2960
2959
2959
2992
2992
3052
3074
3074
3074
3074
3074
3074
3074
3074
3074
3103
3031
3031
3031
2980
2980
2980
3012
3016
3016
3016
3012
2973
2973
2973
2973
2973
2981
2988
2988
2988
2988
2988
2988
2988
2988
2988
3054
3054
3054
3054
3054
3054
3054
3054
3054
3070
3055
3055
3055
3033
3033
2951
2999
2999
2999
2999
3006
3088
3104
3106
3106
3106
3106
3106
3106
3178
3192
3192
3193
3191
3191
3191
3191
3191
3159
3167
3167
3167
3181
3122
3160
3159
3110
3110
3110
3089
3075
3082
3021
3010
2955
2955
2969
2969
3021
3021
2915
2915
2891
2943
2943
2943
2943
2943
2943
2943
2945
2945
2948
2946
2946
2946
2946
2946
2946
2946
2946
2946
2946
2946
2946
2972
2946
2946
2946
2924
2924
2924
2924
2924
2924
2932
2932
2932
2932
3002
3002
3002
3002
3002
2899
2899
2886
2876
2921
2920
2930
2951
2951
2951
2956
2933
2933
2908
2908
2908
2908
2855
2875
2875
2875
2875
2875
2875
2875
2875
2901
2901
2998
2998
3003
2948
2973
2914
2918
2918
2859
2859
2859
2859
2859
2859
2859
2853
2853
2853
2853
2853
2853
2894
2894
2894
2896
2901
2896
2896
2896
2895
2895
2895
2879
2853
2853
2851
2854
2855
2860
2851
2859
2859
2859
2851
2851
2851
2851
2851
2869
2869
2869
2869
2869
2869
2869
2870
2870
2967
2967
2987
2987
2904
2904
2904
2904
2904
2904
2891
2967
2967
2967
2967
2981
2951
2951
2928
2903
2903
2891
2883
2888
2888
2888
2892
2892
2983
3051
3051
3027
3027
3027
3019
3027
3004
3004
2996
3034
3034
3019
3019
3032
3117
3117
3117
3117
3117
3094
3094
3094
3101
3072
3069
3069
3066
3066
3058
3058
3058
3058
3058
3095
3095
3095
3059
3059
3059
2998
2998
2959
2986
2942
2935
2935
2969
2935
2935
2816
2816
2816
2844
2844
2846
2846
2850
2851
2851
2857
2857
2933
2993
2920
2920
2920
2897
2897
2897
2979
2979
2973
2973
2949
2949
2949
2951
2955
3003
2990
3021
3006
3016
3016
3052
3052
3018
3018
3079
3164
3179
3079
3047
3047
3054
3047
2999
2999
2999
2999
2965
2965
2965
2965
2977
3010
3010
3010
3010
3022
3016
3016
3016
3016
2956
2956
2980
3003
2943
2960
2960
2960
2965
2965
2965
2943
2943
2940
2957
2957
2957
2923
2923
2923
2923
2923
2923
2970
2966
2966
2959
2959
2898
2898
2898
2938
2938
2938
2906
2938
2938
2924
2916
2916
2916
2916
2903
2903
2903
2903
2960
2958
2955
2965
2965
2986
2986
2973
2927
2927
2966
3000
3000
3000
3037
3037
3037
3043
3043
3039
3039
3039
3039
3042
3042
3042
3036
3023
3023
3023
3020
2967
2967
2967
2967
2994
2994
2990
3004
2996
2996
3000
2970
2970
2992
2992
2992
2992
2992
2992
2992
2992
2992
2992
2992
2992
2992
2992
3035
3035
3041
3041
3041
3013
3013
3013
3016
2970
2971
2977
2977
2991
3020
2983
2983
2983
2976
2963
2963
2963
2963
2971
2971
2971
2963
2963
3022
3022
2943
2940
2940
2925
2925
2925
2925
2925
2925
2925
2925
2925
2925
2945
2898
2898
2887
2883
2883
2917
2895
2887
2870
2870
2870
2870
2872
2836
2836
2867
2867
2867
2867
2867
2893
2893
2893
2893
2928
2928
2928
2928
2928
2930
2930
2930
2930
2933
2933
2933
2902
2849
2849
2927
2927
2917
2892
2888
2888
2888
2888
2888
2888
2888
2888
2890
2943
2943
2943
2943
2943
2943
2943
2943
3017
3024
3024
3019
3019
3019
3019
3014
3009
3009
3009
3009
3009
3005
3005
3005
3005
3005
3021
3021
3021
3021
3042
3042
3042
3011
3011
3013
3013
3006
3013
3013
3013
3013
3013
2959
2959
2959
2992
2967
2967
2967
2967
2967
2967
2959
2959
2997
2997
2955
2955
2955
2896
2896
2896
2896
2896
2896
2905
2905
2905
2875
2882
2911
2911
2911
2911
2911
2880
2880
2880
2880
2880
2910
2881
2882
2882
2882
2882
2882
2882
2882
2882
2892
2893
2922
2927
2927
2927
2927
2922
2922
2900
2902
2902
2898
2898
2950
2950
2942
2914
2932
2932
2932
2932
2932
2942
2952
2882
2882
2882
2874
2874
2874
2874
2874
2888
2888
2874
2874
2874
2874
2862
2842
2842
2842
2857
2857
2857
2857
2857
2857
2857
2857
2866
2866
2890
2890
2900
2827
2827
2827
2827
2827
2827
2827
2827
2827
2827
2819
2819
2819
2834
2834
2870
2870
2870
2870
2898
2898
2898
2898
2898
2898
2898
2898
2898
2898
2898
2898
2898
2898
2898
2913
2913
2885
2905
2885
2950
2950
2950
2942
2942
2942
2964
2964
2982
2982
2982
2923
2915
2912
2912
2912
2912
2940
2940
2940
2915
2915
2911
2911
2911
2911
2911
2911
2904
2904
2874
2874
2941
2943
2943
2943
2943
2943
2943
2943
2943
2943
2910
2910
2933
2933
2948
2895
2895
2895
2895
2895
2866
2866
2866
2866
2866
2866
2866
2857
2857
2855
2855
2877
2877
2877
2877
2877
2877
2877
2877
2921
2921
2921
2970
2970
2970
3029
3029
3028
3028
3070
3070
3020
3020
3020
2963
2963
2963
2963
2963
2978
2978
2978
2978
2978
2911
2911
2911
2911
2896
2896
2896
2896
2865
2865
2865
2873
2873
2873
2873
2873
2873
2908
2908
2908
2852
2852
2852
2852
2852
2852
2852
2853
2803
2803
2803
2803
2803
2803
2803
2813
2813
2791
2791
2806
2806
2806
2753
2753
2753
2753
2752
2752
2752
2752
2758
2758
2758
2799
2799
2799
2799
2789
2789
2789
2789
2809
2809
2809
2809
2823
2823
2803
2803
2803
2799
2799
2799
2799
2799
2799
2799
2799
2799
2799
2799
2799
2799
2799
2805
2803
2793
2793
2793
2793
2793
2793
2816
2816
2816
2816
2816
2816
2865
2865
2865
2879
2865
2874
2874
2874
2874
2874
2874
2890
2882
2842
2842
2842
2830
2830
2801
2899
2899
2911
2911
2911
2911
2911
2826
2826
2826
2805
2803
2799
2799
2799
2799
2799
2799
2799
2799
2799
2799
2859
2859
2859
2866
2906
2906
2906
2906
2906
2906
2906
2906
2898
2898
2898
2898
2898
2898
2898
2898
2898
2897
2897
2897
2897
2936
2936
2936
2936
2936
2920
2920
2920
2920
2942
2897
2897
2897
2873
2873
2870
2870
2878
2878
2854
2854
2854
2852
2852
2852
2852
2852
2816
2816
2816
2816
2816
2836
2836
2827
2827
2827
2827
2830
2830
2830
2830
2830
2830
2830
2830
2841
2851
2851
2851
2838
2838
2838
2859
2859
2859
2859
2859
2859
2859
2849
2856
2849
2849
2849
2849
2849
2859
2838
2853
2844
2833
2833
2826
2826
2826
2826
2826
2791
2791
2791
2791
2791
2791
2853
2853
2853
2853
2853
2853
2860
2860
2860
2860
2860
2860
2860
2860
2836
2836
2836
2836
2836
2853
2853
2858
2858
2858
2858
2847
2838
2838
2826
2845
2845
2845
2847
2847
2847
2831
2831
2831
2841
2841
2841
2841
2841
2800
2800
2800
2800
2800
2800
2800
2800
2795
2795
2795
2795
2795
2793
2793
2793
2793
2793
2793
2793
2793
2793
2790
2788
2788
2788
2788
2788
2788
2788
2788
2788
2815
2815
2815
2815
2823
2857
2857
2853
2853
2853
2818
2818
2818
2845
2845
2855
2855
2872
2872
2872
2856
2856
2856
2856
2856
2840
2840
2840
2833
2833
2833
2833
2837
2837
2837
2837
2837
2837
2879
2879
2879
2879
2855
2867
2867
2867
2867
2867
2867
2893
2893
2908
2908
2908
2943
2943
2943
2925
2925
2924
2924
2924
2924
2896
2896
2922
2922
2922
2922
2922
2877
2877
2877
2934
2934
2869
2869
2869
2869
2869
2869
2862
2848
2848
2861
2861
2861
2861
2861
2861
2861
2861
2861
2861
2861
2861
2861
2861
2861
2861
2861
2861
2861
2861
2861
2861
2861
2861
2861
2861
2861
2861
2861
2843
2843
2843
2837
2837
2846
2846
2846
2846
2846
2846
2846
2846
2837
2837
2837
2837
2837
2837
2837
2837
2837
2837
2837
2837
2837
2837
2837
2820
2845
2845
2845
2845
2845
2845
2845
2854
2854
2854
2854
2845
2831
2831
2833
2833
2833
2841
2840
2840
2840
2840
2840
2845
2845
2845
2845
2853
2853
2849
2849
2849
2849
2849
2849
2849
2849
2849
2849
2849
2849
2849
2849
2849
2849
2849
2849
2849
2849
2840
2871
2929
2929
2929
2861
2858
2855
2855
2855
2851
2851
2851
2851
2851
2840
2807
2807
2807
2807
2810
2810
2810
2810
2813
2797
2797
2797
2797
2811
2811
2811
2836
2794
2794
2794
2794
2794
2794
2794
2794
2794
2794
2794
2794
2794
2794
2804
2794
2794
2794
2794
2845
2819
2819
2819
2794
2794
2825
2825
2825
2825
2825
2825
2825
2851
2851
2851
2851
2851
2851
2851
2851
2851
2851
2874
2874
2874
2874
2874
2831
2831
2831
2825
2825
2825
2825
2825
2841
2841
2841
2841
2841
2841
2802
2802
2802
2802
2802
2802
2802
2802
2802
2806
2802
2802
2802
2802
2802
2802
2802
2802
2802
2813
2813
2813
2813
2841
2841
2841
2824
2824
2837
2837
2837
2837
2837
2838
2838
2816
2816
2816
2816
2816
2816
2816
2816
2863
2863
2881
2881
2881
2864
2864
2854
2854
2868
2868
2868
2868
2868
2868
2868
2868
2868
2880
2886
2886
2886
2886
2865
2865
2872
2872
2872
2888
2888
2851
2851
2851
2851
2851
2864
2851
2851
2855
2908
2908
2937
2937
2937
2937
2937
2854
2854
2847
2847
2847
2847
2847
2847
2847
2851
2851
2851
2851
2851
2851
2851
2853
2853
2882
2859
2859
2876
2876
2876
2867
2867
2867
2867
2885
2875
2875
2875
2906
2906
2908
2906
2906
2906
2906
2906
2906
2906
2906
2906
2906
2906
2894
2894
2887
2887
2887
2887
2887
2887
2896
2896
2896
2896
2896
2896
2896
2896
2887
2882
2882
2882
2882
2882
2882
2882
2869
2869
2869
2869
2869
2869
2869
2869
2869
2869
2869
2918
2918
2939
2939
2939
2939
2939
2929
2876
2876
2876
2869
2869
2869
2869
2879
2890
2890
2890
2879
2879
2859
2859
2845
2819
2851
2820
2820
2820
2820
2820
2820
2820
2820
2820
2820
2854
2854
2854
2854
2838
2848
2848
2848
2848
2848
2841
2794
2794
2797
2794
2794
2823
2823
2825
2825
2825
2825
2825
2825
2825
2836
2836
2836
2836
2836
2836
2836
2836
2822
2822
2847
2847
2847
2847
2841
2841
2841
2841
2841
2841
2841
2842
2842
2842
2842
2842
2842
2842
2842
2842
2842
2842
2842
2842
2842
2842
2842
2842
2842
2842
2842
2842
2842
2842
2842
2842
2842
2842
2842
2842
2865
2865
2865
2865
2865
2875
2875
2867
2867
2906
2906
2920
2945
2945
2945
2946
2946
2897
2897
2897
2897
2897
2934
2934
2903
2903
2903
2907
2924
2924
2924
2924
2924
2924
2924
2944
2950
2950
2911
2911
2911
2911
2911
2911
2928
2928
2920
2920
2920
2913
2927
2927
2913
2913
2913
2932
2932
2932
2932
2932
2932
2932
2932
2932
2932
2932
2932
2932
2921
2921
2921
2907
2881
2845
2847
2871
2871
2881
2913
2913
2913
2913
2913
2913
2913
2913
2913
2913
2929
2929
2929
2929
2929
2936
2936
2936
2936
2936
2936
2935
2914
2914
2914
2914
2914
2912
2911
2907
2907
2907
2894
2894
2894
2894
2894
2894
2894
2894
2894
2894
2894
2894
2894
2894
2868
2866
2866
2866
2866
2834
2834
2834
2834
2834
2834
2834
2843
2840
2840
2875
2875
2875
2875
2882
2882
2882
2852
2852
2852
2852
2852
2852
2852
2852
2852
2852
2852
2852
2852
2852
2852
2852
2822
2822
2822
2822
2822
2822
2829
2829
2829
2825
2825
2839
2818
2818
2789
2789
2789
2789
2788
2788
2788
2788
2788
2788
2788
2788
2788
2790
2790
2790
2790
2790
2790
2790
2790
2790
2790
2790
2790
2790
2790
2790
2809
2809
2809
2809
2790
2788
2817
2817
2788
2788
2788
2788
2788
2788
2788
2788
2788
2788
2788
2788
2788
2794
2794
2794
2794
2794
2794
2794
2794
2794
2788
2788
2788
2788
2788
2788
2788
2788
2788
2788
2788
2788
2788
2788
2788
2788
2788
2788
2788
2788
2788
2788
2788
2788
2788
2788
2791
2788
2788
2788
2788
2788
2788
2791
2791
2788
2790
2790
2790
2790
2790
2790
2790
2790
2788
2788
2788
2788
2788
2788
2788
2788
2788
2788
2788
2788
2788
2788
2788
2788
2788
2788
2788
2788
2788
2788
2806
2788
2788
2788
2788
2788
2788
2788
2788
2788
2788
2788
2788
2788
2788
2788
2788
2788
2788
2788
2801
2801
2801
2788
2788
2788
2788
2788
2788
2788
2788
2788
2788
2788
2788
2788
2788
2788
2788
2788
2788
2788
2788
2788
2788
2788
2788
2788
2788
2788
2788
2788
2788
2788
2788
2788
2788
2797
2797
2797
2797
2797
2813
2769
2769
2769
2769
2769
2769
2769
2769
2778
2778
2778
2778
2778
2778
2778
2803
2803
2803
2803
2791
2777
2777
2766
2766
2766
2766
2766
2766
2766
2766
2766
2766
2766
2766
2785
2778
2788
2788
2788
2788
2788
2788
2788
2788
2788
2788
2788
2788
2788
2788
2788
2778
2778
2778
2778
2778
2778
2778
2790
2790
2777
2777
2777
2777
2777
2777
2777
2777
2777
2777
2777
2777
2777
2777
2777
2777
2777
2777
2777
2777
2777
2777
2777
2777
2777
2777
2777
2777
2777
2777
2777
2777
2777
2777
2777
2777
2777
2816
2816
2816
2816
2816
2816
2816
2816
2816
2816
2825
2825
2825
2823
2823
2823
2823
2823
2823
2823
2823
2823
2823
2823
2823
2823
2823
2823
2823
2823
2823
2823
2823
2823
2823
2823
2823
2823
2823
2823
2823
2823
2823
2823
2823
2823
2823
2823
2823
2823
2823
2823
2823
2823
2823
2800
2800
2800
2800
2800
2800
2800
2786
2786
2786
2786
2786
2786
2786
2786
2798
2798
2798
2798
2792
2792
2792
2792
2829
2827
2790
2790
2790
2789
2789
2789
2789
2789
2789
2789
2789
2789
2789
2789
2789
2789
2789
2789
2789
2789
2789
2809
2809
2791
2791
2791
2803
2803
2803
2803
2803
2803
2803
2803
2803
2803
2803
2803
2803
2803
2803
2803
2803
2803
2803
2797
2797
2797
2797
2797
2797
2796
2796
2796
2796
2796
2796
2796
2800
2800
2800
2800
2800
2800
2794
2794
2794
2796
2796
2796
2794
2794
2794
2794
2794
2794
2794
2794
2794
2794
2794
2802
2802
2802
2802
2802
2802
2802
2794
2794
2794
2794
2822
2822
2822
2822
2822
2822
2822
2810
2810
2786
2786
2786
2786
2786
2786
2786
2786
2786
2790
2790
2790
2790
2782
2823
2823
2823
2823
2823
2823
2823
2823
2823
2823
2823
2823
2823
2823
2823
2789
2789
2789
2789
2770
2770
2775
2775
2775
2775
2775
2775
2775
2775
2775
2775
2775
2775
2775
2775
2775
2775
2775
2775
2775
2775
2775
2775
2775
2775
2775
2775
2784
2784
2784
2784
2784
2784
2784
2784
2784
2784
2784
2784
2781
2781
2781
2781
2781
2781
2777
2777
2777
2777
2777
2777
2777
2775
2775
2775
2775
2775
2775
2767
2767
2767
2767
2767
2767
2767
2767
2767
2767
2767
2767
2767
2767
2767
2767
2767
2767
2767
2767
2767
2767
2767
2780
2780
2780
2780
2780
2780
2780
2780
2780
2780
2780
2767
2767
2767
2767
2767
2767
2767
2767
2767
2767
2767
2767
2767
2767
2767
2775
2775
2775
2775
2775
2775
2775
2775
2775
2775
2772
2767
2767
2767
2767
2767
2767
2767
2767
2767
2773
2773
2773
2773
2773
2773
2773
2767
2767
2767
2767
2767
2767
2767
2767
2767
2767
2767
2770
2770
2770
2770
2768
2768
2768
2767
2767
2767
2767
2767
2767
2767
2767
2767
2767
2767
2767
2767
2767
2767
2767
2767
2767
2767
2767
2767
2767
2767
2767
2767
2767
2767
2767
2767
2767
2767
2767
2767
2767
2767
2767
2767
2767
2767
2767
2767
2767
2767
2767
2767
2767
2767
2767
2768
2777
2777
2777
2777
2777
2777
2777
2777
2777
2777
2777
2777
2777
2777
2777
2777
2777
2777
2787
2787
2787
2787
2792
2792
2792
2792
2792
2792
2792
2792
2792
2792
2789
2789
2789
2789
2789
2789
2789
2789
2789
2789
2789
2789
2789
2789
2789
2789
2789
2789
2789
2789
2789
2789
2789
2789
2789
2789
2789
2789
2789
2789
2789
2789
2789
2789
2789
2789
2789
2789
2789
2789
2789
2789
2789
2789
2789
2789
2789
2791
2789
2789
2789
2789
2789
2789
2789
2789
2789
2789
2789
2789
2789
2789
2789
2789
2789
2789
2789
2789
2789
2789
2789
2789
2789
2789
2789
2789
2789
2789
2789
2789
2789
2789
2789
2789
2789
2789
2789
2789
2789
2789
2789
2789
2789
2789
2789
2789
2789
2789
2789
2789
2789
2789
2789
2789
2789
2789
2789
2789
2789
2789
2789
2789
2789
2789
2789
2789
2789
2789
2789
2789
2789
2789
2782
2782
2782
2782
2782
2782
2782
2782
2782
2782
2780
2780
2780
2780
2780
2780
2780
2780
2780
2780
2780
2787
2787
2787
2787
2780
2780
2780
2780
2788
2788
2788
2788
2788
2780
2780
2780
2780
2780
2780
2780
2780
2780
2788
2788
2780
2780
2780
2780
2780
2780
2780
2780
2780
2780
2780
2783
2783
2783
2783
2783
2783
2780
2780
2780
2780
2780
2780
2780
2769
2769
2769
2769
2769
2769
2769
2769
2769
2769
2769
2769
2769
2769
2769
2769
2765
2765
2765
2765
2765
2765
2765
2765
2765
2765
2765
2765
2765
2765
2765
2765
2765
2765
2765
2765
2765
2765
2765
2765
2765
2765
2765
2765
2765
2765
2765
2765
2765
2765
2765
2765
2765
2765
2765
2765
2765
2765
2765
2766
2766
2765
2765
2765
2765
2765
2765
2765
2765
2765
2765
2765
2765
2765
2765
2765
2765
2765
2765
2765
2765
2765
2765
2765
2765
2765
2765
2765
2765
2765
2765
2767
2767
2767
2767
2767
2767
2767
2767
2767
2767
2767
2767
2765
2765
2765
2765
2765
2765
2765
2765
2765
2765
2765
2765
2765
2765
2765
2765
2765
2765
2769
2769
2769
2765
2765
2765
2765
2765
2765
2762
2762
2762
2762
2762
2762
2762
2762
2762
2762
2762
2762
2753
2753
2753
2753
2750
2750
2750
2750
2750
2750
2750
2750
2750
2750
2750
2750
2750
2750
2750
2750
2750
2750
2750
2750
2750
2750
2751
2751
2751
2751
2751
2751
2751
2751
2751
2751
2751
2751
2753
2753
2751
2751
2751
2751
2751
2751
2751
2751
2751
2751
2751
2751
2751
2751
2751
2751
2751
2751
2751
2751
2751
2751
2751
2751
2751
2751
2751
2757
2757
2757
2757
2751
2751
2751
2751
2751
2751
2751
2751
2751
2751
2751
2751
2751
2751
2751
2751
2751
2751
2751
2751
2751
2751
2751
2751
2751
2751
2751
2751
2751
2751
2751
2751
2751
2751
2751
2751
2751
2751
2751
2751
2751
2751
2751
2751
2751
2751
2751
2751
2751
2751
2751
2751
2751
2751
2751
2751
2751
2751
2751
2751
2751
2751
2751
2751
2751
2751
2751
2751
2751
2751
2751
2751
2751
2751
2751
2751
2751
2751
2751
2751
2751
2751
2751
2751
2751
2751
2751
2751
2765
2751
2751
2751
2751
2751
2751
2751
2751
2751
2751
2751
2751
2751
2751
2751
2751
2751
2751
2751
2751
2751
2751
2751
2751
2751
2751
2751
2751
2751
2751
2751
2751
2751
2751
2751
2751
2751
2751
2751
2751
2751
2751
2751
2751
2751
2751
2751
2751
2751
2751
2751
2751
2751
2751
2751
2751
2751
2755
2755
2755
2755
2755
2755
2755
2755
2755
2755
2755
2755
2755
2755
2755
2755
2755
2755
2755
2755
2755
2755
2755
2755
2755
2755
2755
2755
2755
2755
2755
2755
2755
2755
2755
2759
2759
2759
2759
2751
2751
2751
2751
2751
2751
2751
2751
2751
2751
2751
2751
2751
2751
2751
2751
2751
2751
2751
2751
2751
2751
2751
2751
2751
2751
2751
2751
2751
2751
2751
2751
2751
2751
2751
2751
2751
2751
2751
2751
2751
2751
2751
2751
2751
2751
2751
2751
2751
2751
2751
2751
2751
2751
2751
2751
2751
2752
2752
2752
2752
2752
2752
2752
2752
2752
2752
2752
2752
2752
2752
2752
2752
2752
2752
2752
2752
2752
2752
2752
2752
2751
2751
2751
2751
2751
2751
2751
2751
2751
2751
2751
2751
2751
2751
2751
2751
2751
2751
2751
2751
2751
2751
2753
2753
2751
2751
2751
2751
2751
2751
2751
2753
2753
2753
2753
2753
2753
2753
2752
2752
2751
2751
2751
2751
2751
2751
2751
2751
2751
2751
2751
2751
2751
2751
2751
2751
2751
2751
2751
2751
2751
2751
2751
2751
2751
2751
2751
2751
2751
2751
2751
2751
2751
2751
2751
2751
2751
2751
2751
2751
2751
2751
2751
2751
2751
2751
2751
2751
2751
2751
2751
2751
2751
2751
2751
2751
2751
2751
2751
2751
2751
2751
2751
2751
2751
2751
2751
2751
2751
2751
2751
2751
2751
2751
2751
2751
2751
2751
2751
2751
2751
2751
2751
2751
2751
2751
2751
2751
2751
2751
2751
2751
2751
2751
2751
2751
2751
2751
2751
2751
2751
2751
2751
2751
2751
2751
2751
2751
2751
2751
2751
2751
2751
2751
2751
2753
2753
2753
2753
2753
2753
2753
2753
2753
2753
2753
2753
2753
2753
2751
2751
2751
2751
2751
2751
2751
2751
2751
2751
2752
2752
2752
2752
2752
2752
2752
2752
2752
2752
2751
2751
2751
2751
2751
2751
2751
2751
2751
2751
2751
2751
2751
2751
2751
2751
2751
2751
2751
2751
2751
2751
2751
2751
2751
2751
2751
2751
2751
2751
2751
2751
2751
2751
2751
2751
2751
2751
2751
2751
2751
2751
2751
2751
2751
2751
2751
2751
2751
2751
2751
2751
2751
2751
2751
2751
2751
2751
2751
2751
2751
2751
2751
2751
2751
2751
2751
2751
2751
2751
2751
2751
2751
2751
2751
2751
2751
2751
2751
2751
2751
2751
2751
2751
2751
2751
2751
2751
2751
2751
2751
2751
2751
2751
2751
2751
2751
2751
2751
2751
2751
2751
2751
2751
2751
2751
2751
2751
2751
2751
2751
2751
2751
2751
2751
2751
2751
2752
2752
2752
2752
2752
2752
2752
2752
2752
2752
2752
2752
2752
2752
2752
2751
2751
2751
2751
2751
2751
2751
2751
2751
2751
2753
2753
2753
2753
2753
2753
2753
2751
2751
2752
2752
2752
2752
2752
2752
2752
2752
2752
2752
2752
2751
2751
2751
2751
2751
2751
2751
2751
2751
2751
2751
2751
2751
2751
2751
2751
2751
2751
2751
2751
2751
2751
2751
2751
2751
2751
2751
2751
2751
2751
2751
2751
2751
2751
2751
2751
2751
2751
2751
2751
2751
2751
2751
2751
2751
2751
2751
2751
2751
2751
2751
2751
2751
2751
2751
2751
2751
2751
2751
2751
2751
2751
2751
2751
2751
2751
2751
2751
2751
2751
2751
2751
2751
2751
2751
2751
2751
2751
2751
2751
2751
2751
2751
2751
2751
2751
2751
2751
2751
2751
2751
2751
2751
2751
2751
2751
2751
2751
2751
2751
2751
2751
2751
2751
2751
2751
2751
2751
2751
2751
2751
2751
2751
2751
2751
2751
2751
2751
2751
2751
2751
2751
2751
2751
2751
2751
2753
2753
2751
2751
2751
2751
2751
2751
2751
2751
2751
2751
2751
2751
2751
2751
2751
2751
2751
2751
2751
2751
2751
2751
2751
2751
2751
2751
2751
2751
2751
2751
2751
2751
2751
2751
2751
2751
2751
2751
2751
2751
2751
2751
2754
2754
2754
2754
2754
2754
2754
2754
2754
2754
2754
2754
2754
2754
2754
2754
2754
2754
2754
2754
2754
2754
2754
2754
2754
2754
2754
2754
2754
2754
2754
2754
2754
2754
2754
2754
2754
2754
2754
2754
2754
2754
2754
2754
2754
2754
2754
2754
2754
2754
2754
2754
2754
2754
2754
2751
2751
2751
2751
2752
2752
2752
2752
2752
2752
2752
2752
2752
2752
2752
2752
2752
2752
2752
2752
2751
2751
2751
2751
2751
2751
2751
2751
2751
2751
2751
2751
2751
2751
2751
2751
2751
2751
2751
2751
2751
2751
2751
2751
2751
2751
2751
2751
2751
2751
2751
2751
2751
2751
2751
2751
2751
2751
2751
2751
2751
2751
2751
2751
2751
2751
2751
2751
2751
2751
2751
2751
2751
2751
2751
2751
2751
2751
2751
2751
2751
2751
2751
2751
2751
2751
2751
2751
2751
2751
2751
2751
2751
2751
2751
2751
2751
2751
2751
2751
2751
2751
2751
2751
2751
2751
2751
2751
2751
2751
2751
2751
2751
2751
2751
2751
2751
2751
2751
2751
2753
2753
2753
2753
2753
2753
2753
2753
2753
2753
2753
2753
2753
2753
2753
2751
2751
2751
2751
2751
2751
2751
2751
2751
2751
2751
2751
2751
2751
2751
2751
2751
2751
2751
2751
2751
2751
2751
2752
2752
2751
2751
2751
2751
2751
2751
2751
2765
2752
2752
2752
2752
2752
2752
2752
2751
2751
2751
2751
2751
2751
2751
2751
2751
2751
2751
2751
2751
2751
2751
2751
2751
2751
2751
2751
2751
2751
2751
2751
2751
2751
2751
2751
2751
2751
2751
2751
2751
2751
2751
2751
2751
2751
2752
2751
2751
2751
2751
2751
2751
2751
2751
2751
2751
2751
2751
2751
2751
2751
2751
2751
2751
2751
2751
2751
2751
2751
2751
2751
2751
2751
2751
2751
2751
2751
2751
2751
2751
2751
2751
2751
2751
2751
2751
2751
2751
2751
2751
2751
2751
2751
2751
2751
2751
2751
2751
2751
2752
2752
2752
2752
2752
2751
2751
2751
2751
2751
2751
2751
2751
2751
2751
2751
2751
2751
2751
2751
2751
2751
2756
2756
2756
2756
2751
2751
2751
2751
2751
2751
2751
2751
2751
2751
2751
2751
2751
2751
2751
2751
2751
2751
2751
2751
2751
2751
2751
2751
2751
2751
2751
2751
2751
2751
2751
2751
2751
2751
2751
2751
2751
2751
2751
2751
2751
2751
2751
2751
2751
2751
2751
2751
2751
2751
2751
2751
2751
2751
2751
2751
2751
2751
2751
2751
2751
2751
2751
2751
2751
2751
2751
2751
2751
2751
2751
2751
2751
2751
2751
2751
2751
2751
2751
2751
2751
2751
2751
2751
2751
2751
2751
2751
2751
2751
2751
2751
2751
2751
2751
2751
2751
2751
2751
2751
2751
2751
2751
2751
2751
2751
2751
2751
2751
2751
2751
2751
2751
2751
2751
2751
2751
2751
2751
2751
2751
2751
2751
2751
2751
2751
2751
2751
2751
2751
2751
2751
2751
2751
2748
2748
2748
2748
2748
2748
2748
2748
2748
2748
2748
2748
2748
2748
2748
2748
2748
2748
2748
2748
2748
2748
2748
2748
2748
2748
2748
2748
2748
2748
2748
2748
2748
2748
2748
2748
2748
2748
2748
2748
2748
2748
2748
2748
2748
2748
2748
2748
2748
2748
2748
2748
2748
2748
2748
2748
2748
2748
2748
2748
2748
2748
2748
2748
2748
2748
2748
2748
2748
2748
2748
2748
2748
2748
2748
2748
2748
2748
2748
2748
2748
2748
2748
2748
2748
2748
2748
2748
2748
2748
2748
2748
2748
2748
2748
2748
2748
2748
2748
2748
2748
2748
2748
2748
2748
2748
2748
2748
2748
2748
2749
2749
2755
2755
2755
2755
2755
2755
2748
2748
2748
2748
2748
2748
2748
2748
2748
2748
2748
2748
2748
2748
2748
2748
2748
2748
2748
2748
2748
2748
2748
2748
2748
2748
2748
2748
2748
2748
2748
2748
2748
2748
2748
2748
2748
2751
2751
2751
2751
2748
2754
2754
2754
2754
2754
2754
2754
2754
2754
2754
2754
2754
2754
2754
2754
2748
2748
2748
2748
2748
2748
2748
2748
2751
2751
2751
2751
2751
2751
2751
2751
2751
2751
2751
2751
2751
2751
2751
2751
2751
2751
2751
2751
2751
2751
2751
2751
2751
2751
2751
2751
2751
2751
2751
2751
2751
2751
2751
2751
2751
2751
2751
2751
2751
2751
2751
2751
2751
2751
2751
2755
2755
2751
2751
2751
2751
2751
2751
2751
2751
2751
2751
2751
2751
2751
2751
2751
2751
2751
2751
2751
2751
2751
2751
2751
2751
2751
2751
2751
2751
2753
2753
2753
2753
2753
2753
2753
2753
2753
2753
2753
2753
2753
2753
2753
2753
2753
2753
2753
2753
2753
2753
2753
2753
2753
2753
2753
2753
2753
2753
2753
2753
2753
2753
2753
2753
2753
2751
2751
2751
2751
2751
2751
2751
2751
2751
2751
2751
2751
2751
2751
2751
2751
2751
2751
2751
2751
2751
2751
2751
2751
2751
2751
2751
2751
2751
2751
2751
2751
2751
2751
2751
2751
2751
2751
2751
2751
2751
2751
2751
2751
2751
2751
2751
2751
2751
2751
2751
2751
2751
2751
2751
2751
2751
2751
2751
2751
2751
2751
2751
2751
2751
2751
2751
2751
2751
2751
2751
2751
2751
2751
2751
2751
2751
2751
2751
2751
2751
2751
2751
2751
2751
2751
2751
2751
2751
2751
2751
2751
2751
2751
2751
2751
2751
2751
2751
2751
2751
2751
2751
2751
2751
2751
2751
2751
2751
2751
2751
2751
2751
2751
2751
2751
2751
2751
2751
2751
2751
2751
2751
2751
2751
2751
2751
2751
2751
2751
2751
2751
2751
2751
2751
2751
2751
2751
2751
2751
2751
2751
2751
2751
2751
2751
2751
2751
2751
2751
2751
2751
2751
2751
2751
2751
2751
2751
2753
2753
2753
2751
2751
2751
2751
2751
2751
2751
2751
2751
2751
2751
2751
2751
2751
2751
2751
2751
2751
2751
2751
2751
2751
2751
2751
2751
2751
2751
2758
2751
2751
2751
2751
2760
2760
2760
2760
2760
2760
2760
2760
2760
2760
2760
2760
2760
2764
2764
2764
2764
2764
2764
2764
2764
2764
2764
2764
2764
2764
2764
2764
2764
2764
2764
2764
2764
2764
2764
2764
2764
2764
2764
2764
2764
2764
2764
2764
2764
2764
2764
2764
2764
2764
2764
2764
2764
2764
2764
2764
2764
2764
2764
2764
2764
2764
2764
2764
2764
2764
2764
2764
2764
2764
2764
2764
2764
2764
2764
2764
2764
2764
2764
2764
2764
2764
2764
2764
2764
2764
2764
2764
2764
2764
2764
2764
2764
2764
2764
2764
2764
2764
2764
2764
2764
2764
2764
2764
2764
2764
2764
2764
2764
2764
2764
2764
2764
2764
2764
2764
2764
2764
2764
2764
2764
2764
2764
2764
2764
2764
2764
2764
2764
2764
2764
2764
2764
2764
2764
2764
2764
2764
2764
2764
2764
2764
2764
2764
2764
2764
2764
2764
2764
2764
2764
2764
2764
2764
2764
2764
2764
2764
2764
2764
2764
2764
2764
2764
2764
2764
2764
2764
2764
2764
2764
2764
2764
2764
2764
2765
2765
2764
2766
2766
2766
2766
2766
2766
2766
2766
2766
2766
2766
2766
2766
2766
2766
2766
2766
2766
2766
2766
2766
2766
2766
2766
2766
2766
2766
2766
2766
2766
2766
2766
2766
2766
2766
2766
2766
2766
2766
2766
2766
2766
2766
2766
2766
2766
2766
2766
2766
2764
2764
2767
2767
2764
2764
2764
2764
2764
2764
2764
2764
2764
2764
2764
2764
2764
2764
2764
2764
2764
2764
2764
2764
2764
2764
2764
2764
2764
2764
2764
2764
2764
2764
2764
2764
2765
2765
2765
2765
2765
2765
2765
2765
2765
2765
2765
2765
2765
2765
2765
2765
2764
2764
2764
2764
2764
2764
2764
2764
2764
2764
2764
2764
2764
2764
2764
2764
2764
2764
2764
2764
2764
2764
2764
2764
2764
2764
2764
2764
2764
2764
2764
2764
2764
2764
2764
2764
2764
2764
2764
2764
2764
2764
2764
2764
2764
2764
2764
2764
2764
2764
2764
2764
2764
2764
2764
2764
2764
2764
2764
2764
2764
2764
2764
2764
2764
2764
2764
2764
2764
2764
2764
2764
2764
2764
2769
2769
2769
2769
2769
2769
2769
2769
2769
2769
2769
2769
2769
2769
2769
2769
2769
2769
2769
2769
2769
2769
2769
2769
2769
2769
2769
2769
2769
2769
2769
2769
2769
2769
2769
2769
2769
2769
2769
2769
2769
2769
2764
2764
2764
2764
2764
2764
2764
2764
2764
2764
2764
2766
2766
2766
2766
2766
2764
2763
2763
2752
2752
2752
2752
2752
2752
2752
2752
2752
2752
2752
2752
2752
2752
2752
2752
2752
2752
2752
2752
2752
2752
2752
2752
2752
2752
2752
2752
2752
2752
2752
2752
2752
2752
2752
2752
2752
2752
2752
2752
2752
2752
2752
2752
2752
2752
2752
2752
2752
2752
2752
2752
2752
2752
2752
2752
2752
2752
2752
2752
2754
2754
2754
2754
2754
2754
2752
2752
2752
2752
2752
2752
2752
2752
2752
2752
2752
2752
2752
2752
2752
2752
2752
2752
2752
2752
2752
2752
2752
2752
2752
2752
2752
2752
2752
2752
2752
2752
2752
2752
2752
2752
2752
2752
2752
2752
2752
2752
2752
2752
2752
2752
2752
2752
2752
2752
2752
2752
2752
2752
2752
2752
2752
2752
2752
2752
2752
2752
2752
2752
2752
2752
2752
2752
2752
2752
2752
2752
2752
2752
2752
2752
2752
2752
2752
2752
2752
2752
2752
2752
2752
2752
2752
2752
2752
2752
2752
2752
2752
2752
2752
2752
2752
2752
2752
2752
2752
2752
2752
2752
2752
2752
2752
2753
2752
2752
2752
2752
2752
2752
2752
2752
2752
2752
2752
2752
2752
2752
2752
2752
2752
2752
2752
2752
2752
2752
2752
2752
2752
2752
2752
2752
2752
2752
2752
2752
2752
2752
2752
2752
2752
2752
2752
2752
2752
2752
2752
2752
2752
2752
2752
2755
2755
2752
2752
2752
2752
2752
2752
2752
2752
2752
2752
2752
2752
2752
2752
2752
2752
2752
2752
2752
2752
2752
2752
2752
2752
2752
2752
2752
2752
2752
2752
2752
2752
2752
2752
2754
2754
2754
2754
2752
2752
