3399
3303
3303
3236
3236
3236
3262
3346
3304
3304
3255
3255
3255
3255
3255
3377
3377
3280
3280
3280
3299
3363
3363
3363
3285
3285
3331
3331
3360
3312
3347
3409
3338
3356
3367
3447
3415
3289
3291
3291
3291
3291
3291
3256
3289
3289
3358
3358
3358
3279
3269
3269
3175
3161
3202
3240
3240
3138
3139
3138
3139
3139
3139
3139
3168
3156
3156
3177
3092
3072
3044
3044
3062
3094
3131
3150
3168
3168
3168
3168
3168
3168
3168
3168
3071
3098
3098
3098
3071
3025
2952
2952
3006
2990
2986
2986
3016
2986
2986
2954
2973
2998
2998
3018
3018
2998
2998
2998
2998
2998
2972
2972
2972
3023
3013
3013
3013
3058
3058
3168
3157
3157
3157
3108
3059
3216
3161
3161
3084
3166
3169
3239
3263
3258
3269
3258
3303
3372
3300
3300
3234
3234
3162
3162
3199
3199
3191
3194
3194
3194
3197
3252
3252
3297
3297
3295
3169
3169
3186
3186
3186
3181
3283
3291
3356
3379
3432
3402
3402
3414
3345
3303
3334
3334
3327
3327
3327
3327
3344
3344
3420
3490
3414
3402
3232
3324
3324
3314
3314
3330
3330
3416
3416
3416
3488
3488
3488
3488
3448
3362
3325
3342
3359
3453
3449
3420
3437
3437
3396
3362
3398
3371
3355
3281
3221
3286
3307
3307
3219
3189
3194
3193
3233
3233
3233
3206
3114
3114
3100
3100
3071
3131
3131
3098
3167
3167
3282
3258
3276
3276
3216
3309
3309
3219
3275
3354
3293
3293
3293
3298
3298
3290
3258
3258
3258
3241
3241
3241
3241
3241
3241
3241
3274
3099
3111
3157
3176
3176
3207
3245
3255
3257
3223
3241
3235
3204
3257
3260
3260
3297
3269
3238
3390
3385
3385
3385
3371
3371
3371
3371
3371
3290
3290
3283
3120
3120
3118
3119
3105
3130
3175
3143
3225
3225
3225
3225
3142
3171
3171
3171
3152
3152
3239
3234
3234
3234
3287
3305
3351
3288
3213
3247
3279
3331
3331
3279
3279
3181
3162
3148
3263
3279
3245
3245
3225
3218
3203
3154
3244
3234
3155
3088
3116
3116
3116
3116
3116
3116
3063
2996
2996
2943
2943
2940
2940
2940
2940
2949
2940
2940
2940
2940
2930
2930
2930
2930
2930
2917
2906
2906
2893
2893
2893
2893
2925
2935
2926
2893
2983
2983
3012
2983
3029
3037
3166
3233
3196
3223
3223
3228
3237
3244
3232
3232
3232
3226
3226
3169
3176
3155
3062
3062
3062
3027
3094
3094
3030
3025
3050
3063
3070
3063
3107
3045
3023
3023
3023
3023
3017
3017
3017
3037
3153
3141
3151
3167
3122
3059
3056
3052
3052
3034
2998
3024
3024
3017
3017
3017
3027
3142
3107
3047
3141
3135
3183
3135
3181
3135
3106
3106
3106
3240
3241
3216
3231
3165
3165
3220
3091
3091
3137
3137
3137
3198
3198
3198
3198
3198
3198
3255
3255
3265
3221
3238
3238
3157
3180
3180
3214
3214
3131
3131
3189
3218
3284
3284
3346
3346
3346
3346
3276
3276
3153
3153
3213
3224
3224
3224
3224
3224
3224
3207
3207
3207
3163
3163
3067
3067
3067
3060
3024
3024
3020
3031
3031
3031
3057
3112
3066
3107
3139
3196
3163
3229
3131
3131
3131
3157
3212
3257
3174
3087
3138
3138
3224
3224
3181
3181
3172
3158
3210
3137
3137
3160
3134
3155
3123
3123
3169
3169
3146
3168
3168
3208
3154
3130
3130
3172
3177
3281
3433
3400
3311
3356
3356
3390
3260
3260
3260
3260
3260
3368
3315
3313
3395
3339
3313
3229
3254
3249
3205
3197
3230
3215
3112
3087
3087
3025
3082
3055
3133
3100
3040
3054
3041
3093
3093
3058
3058
3093
3086
3135
3178
3186
3175
3175
3268
3268
3322
3322
3213
3178
3186
3186
3186
3133
3133
3133
3130
3090
3090
3090
3090
3106
3118
3120
3164
3127
3180
3180
3180
3106
3152
3145
3166
3236
3236
3236
3297
3199
3189
3176
3144
3144
3144
3219
3219
3219
3240
3240
3206
3213
3213
3216
3255
3255
3255
3275
3275
3275
3275
3275
3289
3289
3289
3333
3332
3235
3211
3192
3192
3188
3127
3084
3084
3084
3050
3054
3054
3057
3069
3120
3065
3107
3112
3178
3178
3109
3109
3163
3213
3213
3213
3167
3168
3168
3137
3201
3201
3141
3208
3164
3164
3141
3141
3068
3069
3095
3095
3069
3127
3238
3160
3095
3095
3095
2999
2999
3039
3039
3023
3067
3082
3064
3096
3143
3198
3123
3071
3072
3158
3168
3133
3144
3086
3086
3065
3029
3029
2983
3043
3066
3085
3034
3118
3047
3103
3149
3167
3170
3151
3124
3127
3147
3142
3188
3293
3295
3307
3368
3299
3257
3186
3186
3179
3166
3155
3149
3107
3107
3194
3189
3248
3243
3243
3293
3250
3250
3355
3327
3440
3348
3453
3485
3416
3506
3487
3364
3244
3253
3253
3212
3188
3162
3162
3154
3180
3156
3156
3189
3221
3166
3151
3133
3162
3252
3195
3195
3147
3206
3206
3232
3225
3225
3164
3201
3201
3218
3299
3299
3299
3299
3299
3299
3344
3397
3355
3376
3376
3259
3311
3311
3311
3223
3184
3091
3010
3010
3010
3038
3038
3038
3118
3118
3041
3041
3041
3088
3088
3138
3266
3280
3273
3202
3251
3243
3243
3243
3329
3292
3282
3286
3286
3286
3286
3394
3387
3300
3357
3357
3341
3303
3310
3213
3268
3286
3281
3194
3194
3282
3282
3265
3223
3153
3159
3129
3226
3137
3139
3104
3225
3225
3249
3249
3249
3249
3249
3249
3249
3284
3284
3284
3327
3327
3201
3173
3179
3114
3108
3109
3108
3139
3280
3280
3280
3286
3276
3276
3274
3188
3258
3314
3314
3232
3232
3232
3177
3187
3174
3174
3130
3078
3064
3084
3084
3084
3109
3132
3197
3111
3139
3102
3127
3192
3228
3171
3127
3127
3222
3122
3079
3079
3032
3032
2998
2998
3032
3032
3032
3032
2975
2975
2997
2957
2957
2967
3016
2981
2977
2977
2982
2982
2982
2982
2982
2982
2982
2982
3021
3050
3115
3056
3113
3103
3103
3135
3167
3179
3179
3187
3345
3345
3345
3345
3331
3331
3314
3299
3299
3264
3264
3240
3260
3198
3181
3181
3172
3199
3162
3063
3063
3109
3109
3109
3109
3109
3085
3109
3109
3171
3212
3212
3243
3191
3191
3189
3189
3217
3217
3213
3195
3083
3085
3080
3053
2997
3071
3005
3005
2986
3017
3039
3010
3063
3058
3058
3058
3040
3030
3035
3061
3184
3238
3256
3181
3142
3128
3128
3128
3128
3150
3126
3111
3104
3104
3122
3165
3102
3080
3081
3081
3081
3082
3105
3091
3091
3126
3088
3110
3182
3199
3223
3277
3277
3183
3147
3128
3086
3012
2996
3042
3042
3064
3036
3061
3048
3048
3088
3088
3088
3129
3168
3168
3101
3094
3094
3155
3142
3142
3075
3102
3090
3090
3076
3076
3113
3147
2998
3105
3105
3169
3137
3079
3088
3149
3331
3306
3366
3258
3258
3258
3147
3181
3181
3165
3142
3142
3123
3123
3123
3147
3187
3160
3216
3260
3178
3130
3154
3217
3214
3184
3172
3162
3164
3194
3195
3205
3212
3217
3165
3165
3124
3124
3068
3151
3180
3168
3083
3149
3086
3072
3063
3063
3124
3091
3169
3169
3267
3238
3327
3297
3383
3427
3343
3355
3362
3324
3324
3364
3364
3338
3408
3408
3424
3419
3419
3462
3514
3497
3492
3492
3486
3434
3472
3413
3413
3427
3427
3428
3428
3361
3361
3369
3453
3453
3484
3484
3488
3488
3445
3466
3466
3428
3385
3391
3391
3386
3341
3341
3341
3351
3327
3315
3274
3152
3152
3143
3151
3151
3172
3250
3250
3210
3185
3307
3273
3273
3254
3254
3254
3254
3348
3368
3360
3339
3433
3394
3478
3364
3425
3425
3441
3427
3308
3219
3219
3225
3243
3243
3312
3312
3251
3180
3214
3218
3218
3311
3250
3274
3257
3257
3223
3204
3215
3136
3170
3170
3170
3189
3164
3142
3142
3142
3148
3148
3127
3117
3117
3090
3090
3090
3090
3090
3175
3134
3129
3129
3129
3194
3184
3238
3169
3172
3210
3199
3161
3161
3095
3092
3092
3092
3112
3175
3022
2919
2919
2919
2903
2903
3002
3002
3002
3002
2996
3011
3071
3071
3071
3019
3016
3016
3016
3016
3016
3016
3046
3082
3046
3046
3077
3084
3046
3046
3046
3046
3157
3215
3212
3212
3212
3262
3262
3262
3351
3281
3246
3249
3269
3303
3363
3363
3363
3361
3361
3382
3304
3159
3203
3199
3199
3223
3223
3172
3201
3201
3201
3201
3154
3154
3118
3118
3255
3251
3209
3236
3300
3300
3300
3204
3132
3221
3221
3212
3189
3164
3164
3119
3159
3092
3087
3029
3045
3079
3028
3047
3034
2965
3019
3118
3125
3125
3125
3128
3072
2994
3030
3055
3055
3055
3055
3154
3197
3231
3231
3183
3183
3183
3190
3147
3147
3147
3147
3147
3118
3118
3104
3092
3141
3085
3085
3059
3035
3060
3071
3071
3045
3088
3099
3104
3176
3182
3182
3204
3204
3210
3145
3146
3103
3063
3063
3063
3084
3097
3097
3121
3139
3139
3139
3139
3164
3164
3164
3164
3172
3123
3022
3022
3029
3029
3029
3081
3066
3066
3071
3071
3071
3071
3071
3071
3082
3082
3087
3074
3095
3119
3180
3180
3261
3171
3171
3171
3171
3097
3013
3039
3039
3039
3031
2965
2965
2949
2949
2988
2988
3070
3208
3208
3214
3219
3244
3284
3269
3269
3248
3265
3265
3265
3287
3287
3247
3247
3247
3247
3223
3223
3263
3263
3165
3210
3210
3226
3226
3274
3274
3312
3312
3358
3358
3220
3220
3220
3220
3172
3163
3196
3231
3231
3231
3236
3247
3216
3216
3216
3216
3331
3331
3331
3359
3378
3297
3297
3223
3223
3267
3267
3245
3179
3179
3101
3101
3101
3101
3101
2978
2986
2986
2986
2937
2937
2934
2914
2914
2922
2939
2939
2939
2939
2939
2988
2988
2988
3006
2981
2984
3008
3008
3008
3017
3008
3008
3008
3008
3008
3002
3008
2996
2994
3024
3053
3086
3094
3170
3220
3153
3028
3116
3186
3171
3171
3035
2992
2992
2992
2974
3006
3025
2990
2974
2992
3107
3045
3045
3045
3045
3065
3065
3065
3102
3109
3130
3121
3117
3117
3149
3141
3141
3172
3186
3273
3267
3257
3179
3163
3163
3163
3114
3114
3137
3127
3121
3078
3078
3058
3058
3119
3119
3063
3197
3168
3172
3215
3206
3268
3212
3211
3185
3185
3171
3076
3109
3103
2956
3020
3020
2984
3002
3002
2969
2998
3019
3104
3144
3128
3128
3133
3077
3071
3071
3044
3003
3003
3062
3063
3109
3109
3151
3088
3031
2975
2975
2986
3044
3044
3044
3151
3182
3182
3102
3102
3102
3225
3176
3176
3195
3212
3212
3178
3170
3189
3174
3135
3135
3092
3092
3076
3053
3045
3059
3097
3176
3176
3190
3233
3200
3271
3258
3302
3302
3302
3335
3366
3487
3559
3559
3509
3465
3422
3427
3427
3302
3320
3320
3326
3311
3355
3270
3317
3317
3388
3388
3350
3310
3310
3296
3258
3261
3261
3248
3271
3282
3157
3157
3148
3142
3107
3177
3218
3215
3248
3215
3215
3132
3092
3092
3110
3109
3098
3190
3190
3219
3210
3210
3154
3213
3213
3292
3316
3295
3224
3287
3273
3273
3227
3227
3227
3227
3227
3177
3153
3153
3095
3088
3171
3256
3272
3284
3215
3233
3242
3275
3293
3293
3352
3379
3489
3489
3489
3489
3502
3502
3442
3453
3453
3455
3455
3442
3389
3370
3309
3331
3331
3292
3212
3206
3206
3206
3322
3396
3396
3237
3137
3137
3137
3137
3137
3137
3137
3137
3135
3185
3180
3180
3180
3180
3118
3118
3118
3028
3023
3061
3061
3061
3130
3130
3130
3088
3065
3108
3113
3153
3158
3160
3168
3168
3168
3168
3162
3176
3176
3234
3196
3162
3150
3150
3155
3155
3138
3186
3186
3286
3348
3352
3318
3299
3273
3291
3261
3243
3243
3186
3186
3191
3191
3205
3247
3260
3256
3326
3326
3312
3272
3272
3293
3293
3370
3370
3370
3370
3370
3374
3374
3351
3351
3351
3337
3337
3356
3368
3415
3415
3423
3428
3388
3483
3513
3389
3409
3409
3343
3343
3343
3337
3337
3337
3325
3311
3311
3325
3325
3325
3291
3281
3251
3312
3312
3345
3345
3329
3329
3329
3242
3242
3254
3254
3156
3156
3217
3218
3279
3229
3253
3253
3238
3243
3238
3238
3281
3302
3272
3272
3277
3255
3225
3225
3225
3144
3282
3296
3296
3296
3196
3240
3242
3240
3211
3272
3223
3186
3255
3255
3255
3186
3186
3133
3133
3094
3094
3044
3044
3104
3104
3133
3133
3211
3286
3286
3203
3205
3205
3112
3184
3195
3153
3153
3153
3131
3131
3127
3125
3115
3115
3128
3128
3128
3128
3127
3147
3208
3208
3208
3253
3219
3172
3172
3140
3169
3169
3129
3138
3129
3108
3108
3108
3036
3005
3005
3005
3044
3044
3044
3128
3128
3158
3121
3185
3185
3185
3185
3185
3237
3244
3275
3296
3238
3230
3114
3192
3140
2974
2974
2997
2997
2981
2981
3083
3083
3145
3117
3019
3019
3118
3051
3063
3063
3063
3063
3039
3039
3058
3145
3153
3179
3179
3179
3171
3171
3171
3171
3171
3268
3268
3301
3301
3286
3293
3293
3293
3211
3189
3189
3225
3225
3225
3225
3225
3241
3158
3155
3141
3147
3147
3182
3182
3182
3178
3246
3253
3253
3213
3206
3122
3106
3162
3162
3159
3233
3233
3183
3144
3110
3046
3046
3046
3046
3056
3056
3056
3111
3111
3111
3172
3172
3089
3174
3174
3117
3193
3193
3193
3193
3193
3193
3193
3066
3066
3066
3066
2981
2981
2965
2965
2987
2987
2980
2980
2980
2980
3020
2980
3006
3012
3012
3012
3012
3012
3012
3012
3012
3007
3007
2952
2954
2954
2996
2962
2932
2940
2940
2940
2940
2952
2925
2925
2925
2942
2955
2944
2944
3044
3044
3044
3063
3015
3015
3025
3025
3084
3084
3048
3048
3048
3048
3048
2971
2965
2990
2990
2935
2935
2907
2929
2929
2929
2870
2870
2916
2916
2916
2912
2937
2999
2920
2921
2930
2921
3003
3003
2962
2962
2952
2952
2952
2991
3005
3005
3005
2991
3000
2992
2937
2937
2947
2947
2947
3049
3055
3055
3055
3066
3066
3062
2958
3020
3020
3022
3046
3031
2985
2985
3051
3059
3059
3059
3054
3057
3057
3057
3057
3057
3050
3124
3124
3082
3086
3086
3118
3133
3044
3041
2975
2982
3036
3025
3025
3025
3029
3029
3107
3082
3082
3082
3074
3064
3064
3064
3064
3021
2975
3023
3023
3008
3008
3008
3114
3130
3130
3133
3130
3130
3130
3130
3093
3209
3221
3221
3180
3191
3129
3129
3153
3153
3153
3199
3199
3199
3199
3199
3229
3155
3155
3155
3155
3152
3152
3152
3152
3152
3225
3310
3310
3310
3291
3204
3204
3145
3106
3138
3112
3117
3104
3104
3233
3233
3236
3290
3147
3147
3147
3147
3151
3263
3263
3263
3263
3263
3263
3263
3263
3263
3228
3253
3216
3216
3194
3194
3206
3114
3114
3108
3088
3084
3003
3041
3016
3043
3016
3054
3027
3065
3087
3087
3087
3098
3098
3047
3006
3006
3089
3089
3089
3089
3089
3155
3155
3155
3155
3151
3151
3054
3054
3030
3018
3018
3067
3102
3065
3065
3073
3018
3018
3018
3019
3051
3032
3097
3041
3041
3110
3097
3121
3077
3077
3038
3051
3078
3081
3081
3081
3092
3090
3063
3115
3108
3063
3046
3037
3037
3035
3117
3117
3161
3163
3163
3123
3123
3123
3162
3162
3162
3142
3142
3142
3106
3069
3069
3035
3035
3035
3096
3098
3098
3091
3146
3159
3090
3090
3090
3090
3095
3091
3139
3113
3138
3223
3223
3198
3205
3192
3192
3192
3172
3190
3190
3202
3202
3154
3154
3154
3108
3112
3108
3094
3102
3056
3008
3000
3021
3021
2959
2959
3033
3033
3026
3026
3026
3063
3046
3046
3078
3078
3078
3023
2965
2962
2962
2955
2938
2944
2936
2936
2958
2900
2900
2925
2991
2906
2906
2906
2955
2953
2908
2852
2884
2884
2899
3014
2955
2955
2955
2955
2967
2967
3003
3003
2968
2924
2924
2924
2977
2977
2977
3049
2984
2984
2984
2984
2984
2984
2984
2984
2962
2907
2909
2907
2964
2964
2964
2964
2951
2966
2970
2970
2965
2965
2951
2951
2951
2946
2927
2939
2969
2944
2955
2914
2903
2909
2911
2941
2941
2917
2954
2954
2968
2980
2980
2980
2980
2995
2995
2949
2904
2904
2950
2919
2919
2919
2899
2899
2896
2926
2906
2907
2878
2889
2961
2958
2958
2958
2995
3015
3015
3015
2999
2943
2889
2889
2889
2889
3027
3096
3102
3179
3295
3320
3320
3375
3320
3201
3180
3169
3169
3239
3222
3233
3188
3188
3171
3171
3194
3194
3194
3194
3194
3194
3147
3147
3108
3108
3108
3108
3108
3184
3126
3126
3084
3088
3088
3088
3090
3135
3146
3146
3135
3004
3110
3052
3052
3094
3049
3049
3049
3049
3069
3114
3103
3103
3088
3088
3094
3175
3131
3085
3040
3040
3144
3144
3079
3091
3091
3100
3028
3028
3057
3057
3057
3061
3061
3080
3068
3096
3096
3096
3022
3022
3022
2996
2996
2996
2996
2986
2986
3009
3009
3018
2985
3143
3129
3156
3167
3193
3158
3177
3177
3121
3121
3078
3078
3078
3078
3078
3104
3056
3074
3082
3079
3079
2990
2990
2984
2984
2984
2984
2984
2984
2996
3023
3023
3055
3028
3034
3028
3062
3062
3068
3022
3057
3057
3011
3027
3027
2999
2999
2999
3015
3030
3030
3030
3030
3005
3005
3005
3005
3005
3047
3047
3078
3078
3106
3106
3106
3191
3191
3117
3130
3130
3158
3242
3197
3197
3271
3300
3338
3361
3319
3176
3176
3203
3203
3203
3203
3203
3196
3136
3136
3130
3160
3146
3146
3171
3139
3139
3130
3130
3229
3215
3228
3199
3128
3174
3197
3199
3185
3164
3220
3220
3256
3275
3275
3275
3275
3159
3090
3073
3073
3004
3004
3007
3007
2987
2943
3029
2986
2982
2987
3010
2963
2963
3030
3009
3023
3012
2989
2967
3010
3057
3047
3047
3047
3074
3084
3085
3129
3129
3073
3071
3049
3049
3052
3047
3047
3025
3074
3074
3051
3051
3051
3051
2991
3014
3031
3031
3031
3031
3058
3115
3158
3136
3136
3132
3139
3115
3160
3192
3192
3192
3227
3227
3117
3076
3076
3120
3111
3144
3020
3020
2983
2983
2927
2949
2949
2959
2959
2959
2959
3016
3008
3049
3002
2953
3008
3008
3008
3007
3028
3068
3068
3068
3111
3137
3117
3164
3152
3159
3177
3054
3093
3116
3117
3117
3117
3156
3156
3060
2941
2941
2955
2911
2952
2952
3004
2959
2947
2947
2947
2947
2947
2947
2921
2921
2928
2921
2924
2960
2960
2984
2921
2907
2907
2930
2930
2930
2930
2930
2930
2976
2984
2984
2929
2933
2983
2960
2960
2960
2960
2947
2951
2937
2937
3034
3171
3108
3108
3108
3108
3107
3107
3107
3107
3107
3052
3052
2920
2920
2920
2986
3008
3071
3071
3071
3008
2981
2981
2975
3060
3066
3059
3100
3100
3089
3091
3129
3129
3116
3047
3047
3044
3079
3054
3110
3013
3056
3025
3019
3079
3097
3126
3098
3098
3130
3130
3160
3231
3205
3205
3205
3205
3239
3239
3239
3183
3189
3202
3184
3075
3075
3044
3040
3082
3082
3082
3026
3048
3081
3081
3082
3082
3041
3009
3009
2997
3041
3041
3022
3059
3059
3056
3056
3019
3019
3019
3019
3001
3001
3001
3001
3029
3028
3017
3018
3018
3022
2964
3045
3100
3100
3060
3048
3059
3086
3086
3086
3086
3075
3143
3143
3236
3252
3224
3263
3245
3245
3245
3271
3232
3232
3232
3219
3288
3250
3322
3250
3250
3250
3250
3300
3300
3226
3164
3125
3125
3158
3111
3111
3111
3181
3181
3208
3208
3208
3208
3208
3208
3297
3308
3308
3256
3241
3241
3216
3216
3198
3198
3184
3184
3178
3178
3178
3167
3110
3097
3097
3097
3097
3125
3125
3143
3089
3081
3081
3081
3081
3081
3081
3081
3081
3038
3052
3052
3045
3056
3056
3045
3045
3016
3043
3035
3094
3146
3146
3105
3124
3154
3159
3159
3159
3159
3091
3051
3060
3006
3000
2970
2970
2970
2970
2946
3068
3089
2962
2962
2962
3036
2983
2983
2983
2983
2983
2983
2981
3024
3075
3075
3075
3068
3073
2989
2991
2983
2983
2983
3020
3006
3017
3022
3022
3016
3016
3044
3044
3044
3023
3150
3150
3146
3136
3144
3117
3170
3118
3118
3027
3017
2932
2896
2896
2896
2896
2911
2921
2921
2896
2896
2896
2897
2896
2896
2896
2896
2904
3023
3023
3023
3095
3111
3116
3164
3164
3225
3187
3187
3159
3169
3142
3142
3142
3123
3131
3116
3048
3048
3041
3051
3051
3056
3110
3093
3111
3111
3111
3111
3076
2999
2999
3034
3034
3034
3034
3034
3111
3078
3078
3078
3107
3107
3074
3101
3101
3114
3011
3070
3111
3107
3134
3091
3121
3121
3089
3065
3021
3030
3030
3030
3030
3061
3061
3139
3139
3093
3093
3183
3156
3177
3164
3164
3147
3083
3083
3144
3125
3125
3184
3256
3324
3331
3331
3334
3388
3332
3336
3343
3315
3273
3296
3296
3296
3277
3201
3201
3208
3080
3054
2973
2999
3073
3073
3017
2982
2982
2982
2982
2982
2982
3018
3003
2944
2956
2963
3050
3039
3039
3036
2989
3001
3087
3043
3043
3043
2989
2983
2964
2932
2959
2967
2967
2967
2978
2978
2983
2983
2987
2987
2967
2972
2970
2917
2917
2917
2917
2943
2943
2965
2979
2979
2979
2979
2979
2965
2964
2972
3069
3069
3070
3009
3020
2935
2928
2928
2928
2914
2925
2911
2851
2851
2851
2856
2856
2802
2824
2824
2824
2824
2886
2886
2881
2881
2855
2855
2861
2987
2987
2987
2987
2987
2987
2987
2987
2987
2987
2966
2956
3044
2997
3003
3041
3043
3041
3041
3041
3043
3043
3043
3043
3046
3041
3041
3041
3022
3022
3022
3022
2950
2950
2950
2950
2950
2950
2950
2950
2967
2937
2920
2951
2953
2953
2953
2953
2985
2984
2961
2919
2919
2964
2930
2930
2990
2990
3026
3054
3069
3071
3071
3071
3071
2964
2964
2978
2982
2982
3029
3029
3029
3029
3061
3061
3078
3078
3172
3185
3191
3191
3240
3240
3240
3314
3314
3312
3312
3290
3290
3290
3290
3304
3304
3283
3202
3217
3207
3250
3238
3238
3183
3172
3173
3173
3174
3174
3174
3174
3119
3079
3079
3048
3100
3102
3136
3174
3173
3103
3103
3103
3103
3103
3103
3103
3094
3073
3073
3112
3112
3112
3164
3164
3164
3154
3189
3189
3193
3142
3142
3142
3167
3167
3167
3121
3121
3135
3120
3120
3120
3076
3050
3050
3050
3050
3050
3105
3105
3045
3093
3093
3110
3110
3075
3075
3075
3075
3075
3184
3184
3193
3202
3202
3224
3224
3259
3233
3233
3257
3253
3141
3141
3201
3236
3236
3272
3257
3239
3277
3302
3303
3300
3289
3362
3381
3332
3332
3216
3216
3216
3211
3220
3312
3297
3236
3236
3228
3228
3206
3206
3206
3217
3223
3223
3153
3153
3153
3123
3123
3123
3115
3147
3169
3169
3169
3169
3169
3179
3272
3241
3223
3223
3223
3186
3186
3175
3175
3170
3187
3187
3192
3192
3192
3184
3265
3265
3265
3289
3268
3268
3268
3230
3209
3209
3153
3208
3214
3204
3204
3204
3180
3252
3267
3178
3178
3172
3175
3175
3175
3175
3109
3109
3109
3140
3140
3186
3186
3224
3281
3347
3314
3236
3217
3237
3237
3237
3237
3247
3265
3284
3257
3310
3329
3319
3319
3364
3305
3305
3308
3308
3308
3308
3339
3339
3234
3234
3234
3214
3189
3189
3189
3158
3222
3217
3113
3118
3083
3083
3085
3101
3141
3141
3141
3139
3123
3109
3109
3109
3120
3109
3109
3109
3097
3097
3071
3071
3071
3071
3071
3071
3071
3087
3087
3100
3100
3100
3100
3090
3080
3080
3113
3143
3111
3111
3111
3104
3104
3080
3080
3080
3080
2997
2997
2997
3041
3041
3041
3004
3004
3004
2967
2967
2967
2967
2967
2967
2967
2967
2967
2967
2967
2967
2967
2967
2967
3001
3001
3001
3007
3038
3064
3027
3027
3002
3113
3113
3113
3026
3026
3026
3092
3091
3091
3091
3091
3091
3091
3091
3091
3091
3091
3091
3104
3104
3063
3063
3022
3022
3022
3022
3022
3066
3066
3066
3064
3022
3022
3022
3027
3031
3031
3022
3022
3036
3036
3078
3078
3066
3066
3066
3066
3066
3066
3035
3074
3077
3052
3099
3099
3101
3101
3101
3101
3101
3095
3095
3095
3099
3102
3102
3140
3187
3193
3145
3183
3183
3115
3115
3075
3076
3076
3076
3089
3136
3136
3247
3260
3302
3260
3226
3214
3214
3167
3161
3161
3161
3205
3205
3205
3145
3029
3029
3029
3062
3086
2962
2932
2939
2939
2939
2939
2939
3044
3044
3003
2949
2949
2993
2993
3037
3037
3037
3037
2967
2918
2950
2873
2873
2910
2868
2896
2896
2959
2990
2973
2973
2957
3048
3008
3008
3059
3059
3141
3141
3141
3202
3198
3253
3253
3253
3253
3129
3129
3129
3141
3141
3138
3138
3178
3176
3172
3172
3172
3172
3196
3196
3196
3149
3155
3155
3095
3083
3083
3020
3020
3009
3009
3019
3009
3009
3047
3028
3028
3028
3028
3068
3046
3046
3046
3046
3044
3051
3051
3051
3051
3109
3130
3130
3112
3109
3109
3071
3087
3075
3094
3149
3149
3122
3122
3096
3088
3088
3088
3096
3096
3096
3096
3065
3065
3077
3077
3058
3117
3147
3147
3147
3147
3147
3110
3071
3030
3030
3035
3035
3035
3091
3120
3120
3120
3120
3120
3116
3116
3116
3116
3116
3116
3088
3088
3088
3172
3218
3218
3254
3254
3254
3254
3207
3255
3255
3255
3271
3271
3275
3275
3275
3275
3275
3257
3202
3164
3175
3175
3175
3190
3156
3218
3198
3192
3192
3192
3209
3209
3209
3192
3192
3192
3183
3176
3176
3205
3205
3205
3205
3205
3229
3229
3175
3175
3180
3180
3180
3202
3202
3160
3086
3086
3048
3048
3026
3062
3062
3051
2977
2949
2949
2949
2949
3010
2993
2993
2993
2993
3002
3002
2973
3009
3005
3005
3005
3083
3104
3104
3060
3064
3064
3064
3050
3050
3034
3009
3009
2970
2990
2990
2990
2916
2965
2965
2913
2913
2913
2902
2885
2885
2885
2885
2885
2966
2966
2966
2966
2966
2966
2966
3063
3063
3063
3028
3028
2965
3000
2973
2987
2973
2973
2973
2973
2973
2973
2973
3002
3002
3002
3002
3003
3003
3003
3035
3032
2965
2965
3014
3057
3031
3031
3031
3031
3031
3031
3031
3031
3031
3031
2974
2931
2931
2931
2975
2969
2969
2969
2880
2947
2947
2947
2924
2963
2963
2899
2929
2925
2925
2925
2925
2887
2867
2887
2887
2867
2867
2838
2838
2809
2809
2809
2809
2809
2809
2809
2807
2807
2807
2796
2796
2796
2796
2808
2808
2808
2808
2820
2798
2796
2894
2940
2940
2940
2940
2940
2940
2940
2940
2940
2945
2945
2945
2945
2945
2945
2945
2910
2910
2910
2910
2910
2910
2910
2910
2910
2915
2936
2936
2926
2926
2960
2917
2917
2946
2946
2984
2984
2984
3000
2984
2984
2957
3000
3080
3090
3038
3066
3078
3078
3091
3091
3166
3166
3166
3166
3143
3143
3053
3053
3053
2964
2964
2969
2964
2964
2964
2964
2964
2964
2964
2964
2964
2964
2964
3009
3010
3010
3010
3011
3011
3004
3000
3000
3000
3000
3026
3026
3026
3026
3026
3026
2991
2987
2970
2975
2975
2975
2975
2975
2975
3003
3040
3035
3045
3045
3041
2999
2999
2984
2984
2984
2988
2988
2988
2988
2990
2990
3011
3011
2990
2990
2990
2990
2967
2967
2967
2923
2923
2967
2946
2946
2946
3050
2984
2984
2969
2965
2959
2922
2922
2922
2922
2922
2922
2922
2940
2940
2940
2939
2965
2965
2965
2965
2965
2965
3026
3026
3018
3018
3018
3027
3027
3027
3003
3003
3013
3013
3015
3015
3015
3092
3092
3092
3092
3092
2995
3068
3108
3036
3036
3036
3036
3056
3056
3056
3056
3056
3056
3056
3056
3060
3102
3102
3102
3102
3102
3102
3023
2996
2996
3019
3019
3019
3081
3081
3095
3100
3100
3087
3104
3104
3071
3096
3096
3068
3017
3011
3011
3011
3011
3011
3011
2988
3020
3020
3135
3135
3175
3171
3171
3172
3172
3171
3167
3167
3159
3159
3159
3159
3159
3186
3186
3183
3157
3157
3133
3133
3133
3118
3118
3118
3113
3076
3076
3186
3085
3105
3105
3105
3105
3111
3108
3108
3069
3060
3060
3060
3060
3060
3060
3074
3074
3095
3043
3043
3043
3043
3096
3115
3172
3172
3068
3085
3085
3033
3038
3038
3038
3038
3038
3038
3038
3040
3003
3003
3078
3083
3083
3083
3088
3088
3088
3088
3088
3090
3090
3090
3090
2957
2957
2957
2957
2957
2952
2952
2939
2939
2939
2939
2936
2936
2936
2901
2910
2910
2901
2901
2901
2950
2944
2901
2901
2901
2901
2901
2956
2956
2945
2947
2947
2947
2947
2927
2927
2927
2931
2971
3001
3001
3092
3092
3078
3078
3078
3063
3057
3057
3057
3057
3057
3082
3082
3023
3023
2984
2984
2984
2984
2989
2915
2915
2983
2970
2970
2977
2977
2977
2977
2977
2977
2926
2857
2857
2857
2855
2855
2917
2936
2943
2943
2943
2903
2881
2881
2881
2910
2931
3012
3012
3045
2992
2987
3007
2996
2951
2951
2951
2951
2951
2976
2976
2904
2912
2912
2912
2912
2912
2912
2912
2912
2912
2912
2909
2847
2847
2847
2847
2847
2847
2847
2929
2929
2949
2949
2993
2993
2989
2989
2989
3030
2974
2974
2974
2952
2952
2952
2952
2967
2960
2960
2960
2960
2962
2944
2944
2953
2933
2910
2910
2910
2910
2928
2928
2928
2928
2928
2913
2913
2913
2951
2951
2951
2902
2903
2905
2896
2899
2899
2896
2896
2923
2923
2923
2923
2923
2927
2970
2942
2924
2924
2876
2876
2952
2952
2952
2952
2883
2883
2901
2901
2901
2901
2901
2901
2901
2901
2878
2878
2878
2878
2881
2881
2881
2887
2887
2887
2887
2887
2905
2905
2885
2874
2874
2874
2959
2959
2959
2959
3005
3018
3018
3018
3018
3018
2970
2960
2958
2935
2935
2935
2935
2912
2912
2912
2912
2912
2933
2912
2912
2912
2921
2921
2921
2953
2980
2956
2958
2931
2931
2905
2925
2925
2919
2919
2919
2919
2919
2919
2919
2919
2919
2919
2919
2931
2931
2931
2931
2931
2931
2965
2965
2965
2965
2965
2965
2980
2980
3001
3001
3001
3034
3034
3034
3034
3034
3063
2980
2980
2986
2986
2986
2986
2987
2987
2987
3035
3035
3035
2957
2957
2958
2958
2958
2958
2958
2958
2969
3034
3034
3020
3020
3020
2987
2987
2987
2987
2961
2961
2958
2946
2946
2946
2946
2946
2957
2934
2934
2934
2934
2934
2962
2962
3008
3008
3008
3055
3055
3055
3064
3064
3026
3026
2954
2954
2954
2992
2992
3002
3002
3002
2991
2955
2955
2955
2955
2955
2955
2967
2967
2967
3004
2994
2994
2994
2994
2994
2994
2994
2994
2994
2994
3037
3104
3104
3085
3085
3085
3085
3085
3085
3085
3085
3150
3150
3150
3136
3106
3106
3106
3106
3106
3106
3139
3139
3139
3064
3049
3049
3049
3049
3017
3017
3017
3021
3021
3021
3063
3056
3056
3020
3008
3023
2996
2996
2996
2996
3000
3000
2989
2989
2983
2983
2977
2977
2977
2977
2927
2927
2980
2980
2968
2927
2927
2927
2927
2927
2927
2927
2918
2918
2918
2918
2926
2926
2918
2939
2939
2939
2939
2939
2939
2886
2886
2886
2886
2886
2886
2886
2886
2886
2886
2886
2886
2898
2898
2898
2898
2878
2878
2878
2878
2878
2878
2878
2878
2878
2878
2861
2851
2861
2861
2861
2851
2851
2851
2928
2928
2922
2922
2922
2922
2905
2905
2905
2905
2905
2905
2905
2905
2905
2905
2905
2905
2906
2947
2947
2904
2904
2895
2895
2889
2889
2889
2913
2913
2913
2913
2913
2913
2913
2913
2909
2909
2909
2909
2909
2909
2909
2909
2909
2909
2909
2881
2881
2889
2889
2889
2889
2865
2865
2876
2862
2862
2862
2842
2842
2887
2887
2887
2887
2887
2911
2963
2963
2963
2963
2963
2963
2963
2963
2931
2931
2922
2922
2922
2922
2964
2964
3013
2990
2952
2952
2952
2952
2972
3005
3005
3005
3032
3032
3032
3001
2997
2997
2997
2997
2997
2997
2997
2997
2997
2997
2997
2997
2997
2997
2973
2973
2973
2945
2977
2977
2977
2977
2970
2904
2884
2884
2884
2884
2884
2884
2884
2884
2854
2804
2820
2820
2820
2820
2812
2812
2812
2812
2823
2823
2823
2814
2814
2814
2814
2814
2814
2793
2793
2793
2793
2793
2793
2817
2817
2817
2829
2829
2817
2817
2817
2817
2817
2817
2806
2806
2806
2806
2806
2806
2806
2883
2883
2883
2870
2870
2873
2870
2870
2899
2870
2831
2831
2831
2831
2831
2831
2837
2837
2847
2847
2847
2847
2845
2843
2843
2837
2837
2818
2818
2818
2818
2818
2818
2818
2818
2818
2818
2818
2832
2832
2832
2832
2832
2843
2843
2843
2843
2781
2815
2815
2855
2855
2855
2858
2858
2907
2907
2909
2924
2924
2924
2932
2932
2895
2895
2895
2885
2885
2885
2885
2885
2901
2901
2882
2927
2964
2964
2961
2961
2961
2967
2899
2907
2907
2905
2905
2905
2877
2877
2883
2840
2840
2840
2840
2840
2840
2853
2853
2853
2853
2853
2853
2853
2853
2842
2842
2842
2842
2842
2842
2842
2842
2850
2850
2850
2850
2842
2825
2825
2825
2825
2825
2825
2834
2834
2834
2834
2834
2826
2826
2826
2826
2855
2855
2855
2863
2863
2863
2863
2877
2877
2912
2912
2901
2901
2901
2901
2901
2926
2898
2909
2909
2909
2918
2884
2861
2861
2861
2861
2861
2861
2861
2921
2921
2921
2921
2949
2926
2930
2929
2929
2926
2926
2926
2926
2926
2926
2926
2926
2926
2926
2926
2926
2926
2926
2926
2926
2926
2926
2926
2926
2926
2926
2926
2926
2926
2926
2926
2926
2926
2926
2924
2924
2924
2924
2924
2924
2924
2924
2927
2927
2927
2927
2918
2918
2918
2918
2915
2915
2890
2890
2890
2890
2898
2881
2881
2881
2881
2881
2881
2881
2881
2881
2881
2881
2881
2893
2893
2893
2884
2884
2894
2894
2894
2894
2894
2881
2894
2913
2906
2906
2906
2906
2906
2906
2906
2906
2906
2906
2906
2906
2906
2906
2906
2906
2906
2906
2913
2913
2920
2894
2894
2894
2894
2894
2894
2894
2894
2894
2894
2894
2894
2894
2894
2894
2894
2902
2902
2902
2902
2902
2902
2902
2902
2902
2902
2902
2902
2902
2894
2894
2894
2894
2894
2894
2894
2894
2894
2894
2894
2894
2894
2894
2894
2894
2894
2894
2894
2894
2894
2894
2894
2894
2894
2894
2894
2909
2909
2909
2909
2907
2907
2937
2937
2932
2932
2950
2950
2969
2934
2934
2934
2934
2934
2934
2927
2927
2919
2919
2919
2851
2851
2871
2871
2871
2871
2871
2858
2851
2851
2851
2851
2851
2851
2851
2865
2865
2865
2869
2869
2869
2872
2886
2886
2886
2886
2886
2886
2886
2886
2886
2886
2886
2886
2856
2856
2856
2856
2856
2856
2887
2887
2887
2887
2860
2864
2864
2864
2851
2934
2934
2975
2975
2975
2975
2975
2975
2975
2975
2957
2957
2978
2978
2978
2999
2999
3027
3027
3027
2981
2963
2963
2966
2966
2972
2945
2945
2945
2945
2945
2939
2845
2845
2845
2845
2845
2845
2845
2845
2845
2841
2841
2861
2865
2865
2865
2865
2861
2861
2844
2844
2844
2844
2844
2844
2844
2844
2844
2844
2859
2859
2838
2838
2838
2838
2838
2838
2838
2838
2851
2851
2863
2863
2863
2863
2863
2863
2863
2863
2863
2863
2863
2863
2863
2863
2863
2863
2863
2863
2863
2863
2863
2864
2863
2863
2863
2863
2864
2864
2864
2864
2864
2864
2864
2863
2863
2863
2863
2863
2863
2863
2863
2863
2838
2838
2838
2838
2838
2838
2838
2838
2838
2838
2838
2838
2868
2868
2854
2854
2854
2838
2838
2838
2838
2838
2838
2838
2838
2838
2838
2838
2838
2838
2838
2838
2838
2838
2861
2875
2875
2875
2875
2875
2875
2875
2875
2879
2879
2879
2879
2875
2875
2875
2875
2875
2875
2875
2875
2875
2875
2875
2875
2879
2879
2875
2896
2896
2896
2896
2896
2896
2896
2900
2900
2900
2900
2900
2900
2900
2900
2891
2891
2864
2864
2864
2864
2864
2887
2887
2887
2874
2864
2864
2864
2864
2864
2870
2870
2870
2870
2892
2892
2892
2892
2892
2892
2903
2903
2903
2899
2892
2892
2892
2892
2892
2892
2892
2892
2892
2892
2892
2892
2892
2892
2892
2892
2892
2892
2892
2892
2892
2892
2892
2897
2897
2897
2897
2897
2897
2897
2897
2897
2855
2855
2851
2851
2851
2851
2851
2851
2851
2851
2851
2851
2851
2851
2851
2835
2835
2852
2852
2852
2852
2852
2852
2852
2852
2898
2898
2898
2898
2898
2898
2866
2866
2873
2873
2880
2880
2880
2880
2880
2880
2877
2877
2879
2873
2888
2875
2875
2875
2875
2875
2875
2935
2873
2873
2873
2873
2873
2885
2885
2885
2885
2885
2885
2869
2869
2869
2869
2869
2869
2867
2881
2881
2881
2861
2861
2861
2861
2861
2861
2861
2861
2861
2861
2861
2845
2845
2845
2845
2845
2845
2845
2845
2845
2845
2845
2845
2845
2845
2845
2845
2845
2845
2845
2845
2845
2845
2845
2845
2845
2845
2845
2845
2845
2845
2845
2845
2845
2845
2845
2865
2860
2860
2871
2871
2862
2862
2862
2862
2862
2862
2855
2855
2854
2871
2871
2871
2871
2871
2871
2871
2871
2871
2871
2857
2857
2857
2857
2888
2888
2888
2888
2888
2888
2888
2888
2888
2860
2860
2860
2860
2860
2860
2860
2860
2860
2860
2863
2863
2863
2863
2860
2860
2860
2860
2860
2860
2860
2860
2860
2860
2860
2860
2860
2860
2860
2860
2860
2860
2860
2860
2870
2870
2870
2870
2870
2870
2870
2870
2870
2896
2896
2896
2896
2856
2856
2856
2856
2856
2856
2840
2840
2840
2840
2840
2840
2840
2840
2840
2840
2842
2842
2842
2842
2842
2842
2842
2853
2840
2838
2838
2838
2838
2838
2852
2852
2852
2838
2838
2838
2838
2838
2838
2838
2838
2838
2838
2886
2886
2886
2886
2886
2852
2852
2852
2852
2852
2852
2852
2894
2894
2894
2889
2889
2889
2889
2889
2923
2923
2923
2923
2923
2923
2912
2912
2912
2903
2903
2903
2903
2903
2902
2902
2902
2902
2902
2885
2885
2885
2881
2881
2881
2888
2888
2888
2888
2888
2897
2897
2897
2897
2897
2897
2897
2897
2897
2897
2897
2897
2897
2897
2878
2884
2884
2863
2863
2863
2863
2863
2863
2867
2867
2867
2867
2838
2838
2838
2857
2857
2857
2857
2857
2850
2850
2850
2850
2850
2850
2850
2850
2850
2843
2843
2843
2843
2843
2843
2843
2843
2843
2843
2843
2843
2843
2867
2867
2867
2867
2867
2867
2867
2867
2867
2867
2867
2867
2894
2867
2867
2867
2867
2867
2867
2867
2867
2867
2867
2867
2867
2867
2867
2867
2867
2867
2867
2867
2867
2867
2867
2867
2867
2867
2867
2867
2867
2867
2867
2869
2869
2869
2869
2869
2869
2873
2840
2867
2867
2867
2871
2871
2871
2873
2870
2870
2870
2870
2870
2870
2878
2878
2878
2878
2878
2878
2878
2878
2853
2853
2853
2853
2853
2853
2853
2853
2853
2853
2853
2853
2853
2853
2810
2810
2817
2817
2817
2810
2810
2810
2820
2820
2820
2810
2810
2810
2810
2810
2810
2810
2810
2810
2810
2810
2810
2810
2810
2810
2810
2810
2810
2810
2810
2810
2810
2810
2810
2810
2810
2810
2810
2810
2810
2810
2810
2810
2805
2805
2787
2787
2787
2787
2787
2787
2787
2787
2787
2787
2787
2787
2787
2787
2787
2787
2787
2787
2787
2787
2787
2787
2787
2787
2787
2787
2787
2787
2787
2787
2787
2787
2787
2787
2787
2787
2809
2809
2809
2793
2793
2793
2793
2793
2793
2793
2796
2796
2796
2796
2796
2796
2796
2796
2796
2796
2796
2796
2796
2796
2796
2796
2796
2796
2796
2796
2796
2796
2796
2796
2796
2796
2796
2796
2786
2786
2789
2789
2789
2789
2789
2789
2786
2805
2805
2805
2805
2805
2805
2805
2805
2805
2805
2805
2805
2805
2805
2805
2805
2805
2805
2805
2805
2805
2805
2805
2805
2805
2805
2805
2805
2805
2804
2804
2804
2804
2804
2804
2804
2830
2839
2839
2839
2839
2839
2839
2818
2818
2818
2818
2818
2818
2818
2818
2818
2818
2818
2818
2818
2818
2818
2818
2818
2818
2818
2818
2818
2818
2771
2771
2771
2771
2771
2771
2771
2771
2771
2771
2771
2771
2771
2771
2771
2771
2771
2771
2771
2771
2771
2771
2771
2771
2771
2771
2771
2771
2771
2771
2771
2771
2771
2771
2771
2771
2771
2771
2771
2771
2771
2771
2771
2771
2764
2764
2764
2764
2764
2764
2764
2764
2764
2764
2764
2764
2764
2764
2764
2764
2764
2764
2746
2746
2746
2746
2746
2746
2746
2746
2746
2752
2752
2752
2752
2752
2752
2752
2752
2752
2752
2752
2752
2752
2752
2752
2766
2770
2770
2770
2770
2770
2770
2756
2756
2756
2752
2752
2751
2755
2755
2755
2755
2755
2755
2755
2751
2751
2751
2751
2751
2751
2742
2742
2742
2744
2744
2744
2744
2744
2744
2744
2744
2744
2744
2744
2752
2752
2744
2744
2744
2744
2744
2744
2744
2744
2744
2744
2744
2744
2744
2744
2744
2744
2744
2744
2744
2744
2744
2744
2744
2744
2744
2753
2753
2753
2753
2735
2735
2735
2735
2735
2735
2735
2735
2735
2735
2735
2735
2735
2735
2735
2735
2735
2735
2738
2738
2738
2738
2738
2735
2735
2739
2739
2735
2735
2735
2735
2735
2735
2735
2735
2735
2735
2735
2735
2735
2735
2735
2735
2735
2735
2735
2735
2735
2735
2735
2742
2742
2742
2750
2750
2754
2750
2750
2750
2750
2750
2750
2750
2747
2781
2781
2768
2778
2775
2775
2775
2775
2775
2747
2747
2747
2747
2747
2747
2747
2747
2747
2756
2756
2750
2767
2767
2767
2762
2762
2762
2762
2766
2766
2766
2766
2766
2766
2766
2766
2786
2786
2747
2747
2747
2747
2747
2747
2747
2747
2747
2747
2761
2770
2761
2761
2761
2761
2761
2761
2761
2761
2761
2761
2761
2761
2761
2761
2761
2761
2761
2761
2761
2761
2761
2761
2761
2761
2761
2761
2761
2761
2761
2761
2761
2761
2761
2761
2761
2761
2761
2761
2761
2761
2765
2765
2765
2765
2765
2765
2765
2765
2765
2765
2765
2765
2761
2761
2761
2761
2761
2761
2761
2761
2761
2761
2761
2761
2761
2761
2761
2761
2761
2761
2761
2764
2764
2761
2761
2771
2771
2767
2767
2767
2767
2767
2767
2767
2767
2764
2764
2764
2764
2764
2767
2767
2767
2767
2767
2766
2766
2766
2766
2764
2764
2772
2772
2764
2764
2764
2764
2764
2764
2764
2764
2764
2764
2768
2768
2768
2768
2768
2761
2761
2761
2761
2761
2764
2764
2765
2765
2765
2765
2765
2765
2765
2765
2765
2768
2768
2768
2768
2768
2768
2768
2768
2768
2762
2762
2762
2762
2762
2762
2762
2762
2762
2762
2768
2762
2762
2761
2761
2761
2761
2761
2761
2761
2761
2761
2761
2761
2761
2761
2761
2761
2761
2761
2761
2761
2761
2761
2761
2761
2761
2761
2761
2761
2761
2761
2761
2761
2761
2761
2761
2761
2761
2761
2761
2761
2761
2761
2761
2761
2761
2761
2761
2761
2761
2761
2761
2761
2761
2761
2761
2782
2782
2782
2782
2782
2782
2761
2761
2770
2768
2761
2761
2761
2761
2761
2761
2761
2761
2761
2766
2766
2766
2766
2766
2766
2761
2761
2761
2761
2763
2763
2763
2763
2763
2763
2763
2763
2763
2763
2763
2763
2764
2763
2763
2763
2763
2763
2763
2763
2763
2763
2758
2758
2758
2758
2758
2758
2758
2764
2764
2764
2764
2764
2767
2767
2767
2758
2758
2758
2758
2758
2758
2758
2758
2758
2758
2758
2758
2758
2758
2758
2758
2758
2758
2758
2758
2758
2758
2758
2758
2758
2758
2758
2758
2758
2758
2758
2766
2778
2778
2765
2765
2765
2765
2765
2765
2765
2765
2758
2758
2758
2758
2758
2758
2796
2770
2761
2761
2761
2761
2761
2761
2761
2761
2761
2761
2761
2758
2758
2758
2758
2758
2758
2758
2758
2758
2758
2758
2758
2758
2758
2758
2758
2758
2758
2758
2758
2758
2758
2758
2758
2758
2764
2764
2764
2764
2764
2768
2764
2764
2764
2764
2764
2764
2764
2764
2764
2764
2764
2764
2764
2764
2764
2764
2764
2764
2764
2764
2764
2764
2764
2764
2764
2764
2764
2764
2764
2764
2764
2764
2764
2764
2764
2764
2764
2764
2764
2764
2764
2764
2764
2764
2764
2764
2764
2758
2758
2758
2758
2758
2758
2758
2758
2758
2758
2758
2758
2758
2758
2758
2758
2758
2758
2758
2758
2758
2758
2758
2758
2758
2758
2758
2758
2758
2758
2758
2758
2758
2758
2758
2758
2758
2758
2758
2758
2758
2758
2758
2758
2758
2758
2758
2758
2758
2758
2758
2758
2758
2758
2758
2758
2758
2758
2758
2761
2761
2761
2761
2761
2761
2761
2761
2761
2761
2761
2761
2761
2761
2761
2761
2761
2761
2761
2761
2761
2761
2761
2778
2761
2761
2761
2761
2761
2761
2761
2761
2761
2761
2761
2764
2764
2764
2764
2764
2764
2764
2764
2764
2761
2761
2761
2761
2761
2761
2761
2761
2761
2761
2767
2767
2767
2767
2767
2767
2767
2767
2767
2767
2767
2767
2767
2761
2761
2761
2761
2761
2761
2761
2761
2761
2761
2761
2761
2761
2761
2761
2761
2755
2755
2755
2755
2755
2755
2755
2755
2755
2755
2755
2751
2751
2751
2751
2751
2751
2751
2751
2751
2751
2751
2754
2754
2771
2771
2771
2771
2771
2754
2754
2754
2754
2751
2751
2751
2751
2751
2751
2751
2751
2751
2751
2751
2751
2751
2751
2760
2760
2760
2760
2760
2760
2760
2760
2760
2765
2765
2765
2765
2765
2768
2768
2768
2768
2768
2768
2763
2763
2763
2763
2767
2767
2767
2767
2751
2751
2751
2751
2751
2751
2751
2751
2751
2751
2751
2751
2751
2751
2751
2751
2751
2751
2751
2751
2751
2751
2751
2751
2751
2751
2751
2751
2751
2751
2751
2751
2751
2751
2751
2751
2751
2751
2751
2751
2751
2751
2751
2751
2751
2751
2751
2751
2751
2751
2751
2751
2751
2751
2751
2751
2751
2751
2751
2751
2751
2751
2751
2751
2751
2751
2751
2751
2751
2751
2751
2751
2751
2751
2751
2751
2755
2751
2751
2751
2751
2751
2751
2751
2751
2753
2753
2753
2753
2753
2753
2753
2751
2751
2751
2751
2751
2751
2751
2751
2751
2751
2751
2751
2751
2751
2758
2758
2758
2758
2761
2761
2761
2765
2761
2761
2761
2761
2761
2787
2787
2787
2787
2787
2787
2787
2787
2787
2787
2787
2787
2787
2787
2787
2787
2787
2787
2787
2787
2787
2787
2787
2787
2787
2787
2787
2787
2787
2787
2787
2787
2787
2787
2787
2787
2787
2787
2792
2792
2792
2792
2792
2792
2792
2786
2786
2786
2786
2786
2786
2786
2792
2792
2792
2786
2776
2776
2776
2776
2780
2780
2780
2776
2776
2782
2785
2785
2773
2773
2771
2771
2771
2771
2771
2771
2771
2771
2771
2771
2771
2767
2767
2767
2767
2767
2767
2767
2767
2767
2767
2767
2767
2767
2767
2767
2767
2767
2767
2766
2766
2766
2766
2766
2766
2766
2766
2766
2766
2766
2770
2767
2766
2766
2766
2766
2766
2766
2766
2766
2766
2766
2766
2766
2766
2766
2766
2766
2766
2759
2759
2759
2759
2759
2759
2759
2759
2759
2759
2759
2759
2759
2759
2759
2759
2759
2759
2759
2759
2759
2759
2759
2759
2759
2759
2759
2759
2759
2759
2759
2759
2759
2759
2759
2759
2749
2749
2749
2749
2749
2749
2749
2749
2749
2749
2749
2749
2749
2749
2749
2749
2750
2750
2750
2750
2750
2750
2750
2750
2750
2750
2750
2750
2750
2750
2750
2750
2750
2750
2750
2750
2750
2750
2750
2750
2750
2750
2750
2750
2750
2750
2744
2744
2746
2746
2746
2746
2746
2746
2746
2746
2746
2746
2746
2746
2758
2758
2758
2758
2758
2744
2744
2744
2746
2746
2746
2746
2746
2746
2746
2746
2746
2746
2746
2746
2746
2746
2746
2746
2746
2746
2746
2746
2746
2746
2746
2746
2746
2746
2746
2744
2744
2744
2744
2744
2744
2744
2744
2744
2744
2744
2744
2744
2744
2744
2744
2744
2744
2744
2744
2744
2744
2744
2744
2744
2744
2744
2744
2744
2744
2744
2744
2744
2744
2744
2744
2744
2744
2744
2744
2744
2744
2744
2744
2744
2744
2744
2744
2744
2744
2744
2744
2744
2744
2744
2744
2744
2744
2744
2744
2744
2744
2744
2744
2744
2744
2744
2744
2744
2744
2744
2744
2744
2744
2744
2744
2744
2744
2744
2744
2744
2744
2744
2744
2744
2744
2744
2744
2744
2744
2744
2744
2744
2744
2744
2744
2744
2744
2744
2744
2744
2744
2744
2744
2744
2744
2744
2744
2744
2744
2744
2744
2744
2744
2744
2744
2744
2744
2744
2744
2744
2744
2744
2744
2744
2748
2748
2748
2748
2748
2748
2748
2748
2748
2748
2748
2748
2748
2748
2748
2748
2748
2748
2748
2748
2748
2748
2748
2748
2748
2748
2748
2748
2748
2748
2748
2748
2748
2748
2748
2748
2748
2753
2753
2753
2753
2753
2753
2753
2753
2753
2753
2752
2752
2752
2752
2752
2752
2752
2752
2752
2752
2752
2752
2752
2752
2752
2752
2752
2752
2752
2752
2752
2752
2752
2752
2748
2748
2748
2748
2748
2748
2750
2750
2750
2750
2748
2748
2748
2748
2748
2748
2748
2748
2748
2748
2748
2748
2748
2748
2748
2748
2748
2748
2748
2748
2748
2748
2748
2748
2748
2748
2748
2748
2748
2748
2748
2748
2748
2748
2748
2748
2748
2748
2748
2748
2748
2748
2748
2748
2748
2748
2748
2748
2748
2748
2748
2748
2748
2748
2748
2748
2748
2748
2748
2748
2748
2748
2748
2748
2748
2748
2748
2748
2748
2748
2748
2748
2748
2748
2748
2758
2758
2758
2758
2758
2758
2758
2755
2755
2755
2755
2755
2755
2755
2758
2758
2758
2758
2758
2758
2758
2758
2758
2758
2758
2758
2758
2758
2758
2758
2758
2758
2758
2758
2758
2758
2758
2758
2758
2758
2758
2758
2758
2758
2758
2758
2758
2758
2758
2758
2758
2758
2758
2758
2758
2758
2758
2758
2758
2758
2758
2758
2758
2758
2758
2758
2758
2758
2758
2758
2758
2758
2758
2758
2758
2758
2758
2758
2758
2758
2758
2758
2758
2758
2758
2758
2758
2758
2758
2758
2758
2758
2758
2758
2758
2758
2758
2758
2758
2758
2758
2758
2758
2758
2758
2758
2758
2758
2758
2758
2758
2758
2758
2758
2758
2762
2762
2762
2762
2762
2762
2771
2771
2771
2771
2771
2771
2771
2771
2771
2771
2771
2771
2771
2758
2758
2758
2758
2758
2758
2758
2758
2758
2758
2758
2758
2758
2758
2758
2758
2758
2758
2758
2758
2758
2758
2758
2758
2758
2758
2758
2758
2758
2758
2758
2758
2758
2758
2758
2758
2758
2758
2758
2758
2758
2758
2758
2758
2758
2758
2758
2758
2758
2758
2758
2758
2758
2758
2758
2758
2758
2758
2758
2758
2758
2758
2758
2758
2758
2758
2758
2758
2758
2758
2758
2758
2758
2758
2758
2758
2763
2763
2763
2763
2763
2763
2763
2758
2758
2758
2758
2758
2758
2758
2758
2761
2761
2761
2761
2761
2761
2761
2761
2761
2761
2761
2761
2761
2761
2761
2761
2761
2761
2761
2761
2761
2761
2761
2761
2761
2761
2761
2761
2761
2761
2761
2761
2761
2761
2761
2761
2761
2761
2758
2758
2758
2758
2758
2758
2755
2755
2755
2755
2755
2755
2755
2755
2755
2755
2755
2755
2755
2755
2755
2755
2755
2755
2755
2755
2755
2755
2755
2755
2755
2755
2755
2755
2755
2755
2755
2755
2755
2755
2755
2755
2755
2755
2755
2755
2755
2755
2755
2755
2755
2755
2755
2755
2755
2755
2755
2755
2755
2755
2755
2755
2755
2755
2755
2755
2755
2755
2755
2755
2755
2755
2755
2755
2755
2755
2755
2755
2755
2755
2755
2755
2755
2755
2755
2755
2755
2755
2755
2755
2755
2755
2755
2755
2755
2755
2755
2755
2755
2755
2755
2755
2755
2755
2755
2755
2755
2755
2755
2755
2755
2755
2755
2755
2755
2755
2755
2755
2755
2755
2755
2755
2755
2755
2755
2755
2755
2755
2755
2755
2755
2755
2755
2755
2755
2755
2755
2755
2755
2755
2755
2755
2755
2755
2755
2755
2755
2755
2755
2755
2755
2755
2755
2755
2755
2755
2755
2755
2755
2755
2755
2756
2764
2756
2756
2756
2756
2756
2756
2755
2755
2755
2755
2755
2757
2757
2755
2755
2755
2755
2755
2755
2755
2755
2755
2755
2755
2755
2755
2755
2755
2755
2755
2755
2755
2756
2756
2756
2756
2756
2756
2756
2756
2756
2756
2756
2756
2756
2756
2756
2756
2756
2756
2756
2756
2756
2756
2756
2756
2756
2756
2756
2756
2756
2756
2756
2756
2756
2756
2756
2756
2756
2756
2756
2756
2756
2755
2755
2755
2755
2755
2755
2755
2755
2755
2755
2755
2768
2768
2768
2768
2768
2768
2766
2766
2766
2761
2761
2761
2761
2761
2761
2761
2761
2765
2761
2761
2761
2761
2761
2761
2761
2761
2761
2761
2761
2761
2761
2761
2761
2761
2761
2761
2761
2761
2761
2761
2761
2761
2762
2762
2762
2762
2762
2762
2762
2762
2762
2762
2762
2762
2762
2762
2762
2762
2762
2762
2762
2762
2762
2762
2762
2762
2762
2762
2762
2762
2762
2762
2762
2762
2762
2762
2762
2762
2762
2762
2762
2762
2762
2762
2762
2762
2762
2762
2763
2762
2762
2762
2762
2762
2762
2762
2762
2762
2762
2762
2762
2762
2762
2762
2762
2762
2762
2759
2759
2759
2759
2759
2755
2755
2755
2755
2755
2755
2755
2755
2755
2755
2755
2755
2755
2755
2755
2755
2755
2755
2755
2755
2755
2755
2755
2755
2755
2755
2755
2755
2755
2755
2755
2755
2755
2755
2755
2755
2755
2755
2755
2755
2755
2755
2755
2755
2755
2755
2755
2755
2755
2755
2755
2755
2755
2755
2755
2755
2755
2755
2755
2755
2755
2755
2755
2757
2757
2757
2757
2757
2757
2757
2757
2757
2757
2757
2757
2757
2757
2757
2757
2757
2757
2757
2755
2755
2755
2755
2755
2755
2755
2755
2755
2755
2755
2755
2755
2755
2755
2755
2755
2755
2755
2755
2755
2755
2755
2755
2755
2755
2755
2755
2755
2755
2755
2755
2755
2755
2755
2755
2755
2755
2755
2755
2755
2755
2755
2755
2755
2755
2755
2755
2755
2755
2755
2755
2755
2755
2755
2755
2755
2755
2755
2755
2755
2755
2755
2755
2755
2755
2755
2755
2755
2755
2755
2755
2755
2755
2755
2755
2755
2755
2755
2755
2755
2755
2755
2755
2755
2755
2755
2755
2755
2755
2755
2755
2755
2755
2755
2755
2755
2755
2755
2755
2755
2755
2755
2755
2755
2755
2755
2755
2755
2755
2755
2755
2755
2755
2755
2755
2755
2755
2755
2755
2755
2755
2757
2757
2757
2757
2757
2757
2757
2757
2757
2757
2757
2755
2755
2755
2755
2755
2755
2755
2755
2755
2755
2755
2755
2755
2755
2755
2755
2755
2755
2763
2763
2763
2763
2763
2763
2763
2763
2763
2763
2763
2763
2763
2763
2763
2763
2763
2763
2763
2763
2763
2763
2763
2763
2756
2756
2756
2756
2756
2755
2755
2755
2755
2755
2755
2755
2755
2755
2755
2755
2755
2755
2755
2755
2755
2755
2755
2755
2755
2755
2755
2755
2755
2755
2755
2755
2755
2755
2755
2755
2755
2755
2755
2755
2755
2755
2755
2755
2755
2755
2755
2755
2755
2755
2755
2755
2755
2755
2755
2755
2755
2755
2755
2755
2755
2755
2755
2755
2755
2755
2755
2755
2755
2755
2755
2755
2755
2755
2755
2755
2755
2755
2755
2755
2755
2755
2755
2755
2755
2755
2755
2747
2747
2747
2747
2747
2747
2747
2747
2747
2747
2747
2747
2747
2748
2748
2747
2747
2747
2747
2747
2747
2747
2747
2747
2747
2747
2747
2747
2747
2747
2747
2747
2747
2747
2747
2747
2747
2747
2747
2747
2747
2747
2747
2747
2747
2747
2747
2747
2747
2747
2747
2747
2747
2747
2747
2747
2747
2747
2747
2747
2747
2747
2747
2747
2747
2747
2747
2747
2747
2747
2747
2747
2749
2749
2749
2747
2747
2747
2747
2747
2747
2747
2747
2747
2747
2747
2747
2747
2747
2748
2748
2748
2748
2748
2748
2748
2748
2748
2748
2748
2748
2748
2748
2748
2748
2748
2748
2748
2748
2748
2748
2748
2751
2751
2751
2751
2751
2751
2751
2751
2751
2751
2751
2751
2751
2751
2751
2751
2751
2751
2751
2751
2751
2751
2751
2751
2751
2751
2751
2751
2751
2751
2751
2751
2751
2751
2751
2751
2751
2751
2751
2751
2751
2751
2751
2751
2751
2751
2751
2751
2751
2751
2751
2751
2751
2751
2751
2751
2751
2751
2751
2751
2751
2751
2751
2751
2751
2751
2751
2751
2751
2751
2751
2751
2751
2751
2751
2751
2751
2751
2751
2741
2741
2741
2741
2741
2741
2741
2741
2741
2741
2741
2741
2741
2741
2741
2741
2741
2741
2741
2741
2741
2741
2741
2741
2741
2741
2741
2741
2741
2741
2741
2741
2741
2741
2741
2741
2741
2745
2745
2745
2745
2745
2745
2745
2745
2745
2745
2745
2745
2741
2741
2741
2741
2741
2741
2741
2741
2741
2742
2742
2742
2742
2742
2742
2742
2743
2743
2743
2743
2743
2743
2743
2743
2743
2743
2743
2743
2743
2743
2743
2743
2743
2743
2743
2742
2742
2742
2742
2742
2742
2742
2742
2742
2742
2742
2742
2742
2742
2742
2742
2742
2742
2742
2742
2742
2742
2742
2742
2742
2742
2742
2742
2742
2742
2742
2742
2742
2741
2741
2741
2741
2741
2741
2741
2741
2741
2741
2741
2741
2741
2741
2741
2741
2741
2741
2741
2741
2741
2741
2741
2741
2741
2741
2741
2741
2741
2741
2741
2741
2741
2741
2741
2741
2741
2741
2748
2748
2748
2748
2741
2741
2741
2741
2741
2741
2741
2741
2741
2741
2741
2741
2741
2741
2741
2741
2741
2741
2741
2741
2741
2741
2741
2741
2741
2741
2741
2741
2741
2741
2741
2741
2741
2741
2741
2741
2741
2741
2741
2741
2741
2741
2741
2741
2741
2741
2744
2744
2744
2744
2744
2744
2744
2744
2744
2744
2744
2744
2744
2744
2744
2744
2744
2744
2744
2744
2744
2744
2744
2744
2741
2741
2741
2741
2741
2741
2741
2741
2741
2741
2741
2741
2741
2741
2741
2741
2743
2743
2743
2743
2743
2743
2743
2743
2743
2743
2743
2743
2743
2743
2743
2743
2743
2743
2743
2743
2743
2743
2743
2743
2743
2743
2743
2743
2743
2743
2743
2743
2743
2742
2742
2742
2742
2742
2742
2742
2742
2742
2742
2742
2742
2743
2743
2742
2742
2742
2742
2742
2742
2742
2742
2742
2742
2742
2743
2743
2743
2743
2743
2744
2744
2744
2743
2742
2743
2743
2751
2751
2751
2751
2751
2751
2751
2754
2754
2754
2754
2754
2754
2754
2754
2754
2754
2754
2754
2754
2754
2754
2754
2754
2754
2754
2754
2754
2754
2754
2754
2754
2754
2754
2754
2754
2754
2754
2754
2754
2754
2754
2754
2754
2742
2742
2742
2742
2742
2742
2742
2742
2742
2742
2742
2742
2742
2742
2742
2742
2742
2742
2742
2742
2742
2742
2742
2742
2742
2742
2742
2742
2742
2742
2742
2742
2742
2742
2742
2742
2742
2747
2747
2747
2747
2747
2747
2747
2747
2747
2747
2747
2747
2747
2747
2747
2742
2742
2742
2742
2742
2742
2742
2742
2741
2741
2741
2741
2741
2741
2741
2741
2741
2741
2741
2741
2741
2741
2741
2741
2741
2741
2741
2741
2741
2741
2741
2744
2744
2744
2744
2744
2744
2744
2744
2744
2744
2744
2741
2741
2741
2741
2741
2741
2741
2744
2744
2744
2744
2744
2744
2744
2744
2744
2744
2744
2744
2744
2744
2744
2744
2744
2744
2744
2744
2744
2744
2744
2744
2744
2744
2744
2744
2744
2744
2744
2744
2744
2744
2744
2744
2744
2744
2744
2744
2744
2744
2744
2744
2744
2744
2744
2744
2744
2744
2744
2744
2744
2744
2744
2744
2749
2749
2749
2744
2744
2744
2744
2744
2744
2744
2744
2744
2744
2744
2744
2744
2744
2744
2744
2744
2744
2744
2746
2746
2746
2746
2746
2746
2744
2744
2744
2744
2744
2744
2744
2744
2744
2744
2744
2744
2744
2744
2744
2744
2744
2744
2744
2744
2744
2744
2744
2744
2744
2746
2744
2744
2744
2744
2744
2744
2744
2744
2744
2744
2744
2744
2744
2744
2744
2744
2744
2744
2744
2744
2744
2744
2744
2744
2744
2744
2744
2749
2749
2744
2744
2744
2744
2744
2744
2744
2744
2744
2744
2744
2744
2744
2744
2744
2744
2744
2744
2744
2744
2744
2744
2744
2744
2744
2744
2744
2744
2744
2744
2744
2744
2744
2744
2744
