7722
7717
7600
7525
7530
7537
7605
7641
7641
7644
7593
7597
7662
7635
7634
7651
7651
7700
7593
7635
7630
7589
7548
7546
7484
7489
7487
7499
7509
7484
7567
7556
7533
7577
7583
7584
7580
7550
7489
7466
7511
7532
7498
7555
7615
7597
7647
7484
7491
7489
7568
7604
7678
7723
7748
7756
7781
7781
7788
7853
7842
7806
7744
7855
7884
7817
7868
7930
8007
8040
7983
7982
7982
7908
7881
7943
7939
7989
7989
7939
8002
7986
8036
8030
8034
7966
7904
7886
7903
7928
7915
7905
7877
7860
7880
7872
7870
7815
7922
7968
7970
7970
7963
7971
7998
7999
7972
7906
7922
7951
7973
7967
7940
7896
7908
7848
7802
7789
7780
7802
7764
7823
7853
7848
7910
7845
7759
7754
7803
7768
7768
7798
7797
7836
7827
7765
7738
7731
7772
7772
7737
7705
7616
7651
7707
7775
7770
7798
7804
7762
7802
7857
7926
7913
7941
7912
7847
7831
7849
7798
7740
7740
7734
7774
7873
7961
8030
8183
8138
8110
8088
8087
8053
7939
7996
7944
7967
7937
7884
7840
7912
7883
7919
7926
7914
7834
7834
7876
7856
7859
7835
7834
7832
7734
7781
7710
7738
7761
7735
7735
7822
7869
7900
7859
7937
7937
7924
7850
7826
7797
7870
7852
7852
7852
7876
7956
7948
7916
7935
7909
7964
7946
8003
7936
7936
7919
8039
8116
8102
8103
8041
7979
8001
7970
7948
8014
8002
8001
7953
7963
7963
7935
7935
7968
7968
7982
7977
7978
7978
7942
7904
7899
7873
7839
7794
7837
7883
7882
7888
7868
7833
7826
7818
7885
7890
7890
7899
7900
7871
7871
7921
7914
7922
7880
7853
7751
7745
7783
7783
7754
7721
7744
7767
7729
7695
7695
7698
7690
7722
7722
7723
7759
7810
7719
7767
7770
7782
7826
7864
7857
7872
7852
7860
7937
7979
8016
7967
7916
7959
7955
8050
8050
8036
7923
7950
8007
8068
8038
8056
8142
8069
8137
8164
8056
8070
8042
8090
8122
8004
8062
8056
8141
8107
8164
8082
8059
8059
8013
8013
8021
8023
7983
7886
7839
7841
7832
7752
7773
7827
7783
7842
7927
7921
7944
7922
7984
7896
7814
7759
7744
7754
7754
7712
7773
7782
7832
7885
7873
7884
7877
7832
7832
7840
7761
7768
7768
7740
7666
7666
7641
7613
7597
7613
7699
7718
7738
7744
7733
7709
7656
7630
7570
7591
7591
7542
7678
7678
7678
7678
7678
7678
7691
7644
7644
7679
7718
7720
7739
7726
7733
7733
7709
7710
7632
7632
7656
7723
7739
7801
7791
7710
7706
7661
7727
7814
7887
7864
7862
7928
7870
7870
7867
7811
7797
7804
7816
7816
7755
7781
7741
7693
7760
7620
7736
7734
7782
7782
7732
7723
7828
7828
7854
7899
7899
7875
7838
7852
7886
7873
7877
7939
7949
7913
7880
7908
7801
7827
7877
7958
7924
7924
7924
7857
7833
7811
7848
7836
7805
7815
7815
7840
7883
7831
7707
7744
7709
7725
7793
7813
7805
7871
7882
7890
7875
7846
7852
7753
7843
7799
7709
7730
7708
7752
7742
7790
7845
7831
7851
7851
7830
7786
7766
7807
7832
7800
7802
7802
7799
7804
7778
7778
7778
7762
7722
7750
7746
7844
7842
7842
7826
7813
7867
7816
7774
7774
7785
7785
7828
7835
7835
7803
7786
7796
7751
7804
7852
7874
7877
7893
7961
7980
7998
7942
7885
7869
7869
7867
7956
7962
7904
7910
7896
7923
7915
7956
7881
7872
7871
7839
7813
7841
7838
7770
7756
7748
7682
7640
7708
7683
7683
7735
7779
7860
7745
7745
7765
7715
7715
7715
7712
7772
7749
7749
7750
7736
7796
7848
7848
7886
7909
7828
7796
7867
7968
7920
7920
7969
7969
7951
7941
7928
7874
7915
7961
7996
8031
8038
7945
7902
7975
7951
7914
7887
7826
7864
7864
7837
7828
7840
7868
7868
7860
7944
7924
7933
8006
8025
8000
7953
7936
7960
7935
7924
7915
7880
7917
7921
7959
7953
7986
7920
7900
7892
7934
7945
8022
8133
8139
8148
8067
8015
7982
8049
8047
8138
8178
8175
8196
8169
8144
8136
8120
8086
8147
8157
8177
8177
8132
8131
8133
8178
8200
8119
8101
8073
8123
8088
8102
8170
8148
8148
8113
8177
8112
8071
8037
8032
8005
7967
7936
7920
7895
7855
7904
7939
7907
7885
7872
7872
7771
7827
7850
7740
7765
7799
7819
7831
7836
7938
7924
7877
7887
7906
7843
7811
7740
7702
7787
7740
7773
7807
7826
7835
7814
7814
7842
7775
7774
7720
7728
7744
7738
7747
7777
7777
7845
7857
7831
7831
7837
7825
7835
7801
7823
7808
7784
7809
7842
7852
7896
7851
7870
7837
7890
7892
7883
7946
7946
7893
7827
7850
7808
7857
7835
7829
7829
7852
7875
7864
7813
7775
7773
7739
7734
7776
7850
7916
7972
7985
7985
7948
7876
7810
7810
7810
7836
7806
7806
7802
7695
7741
7742
7807
7701
7714
7716
7760
7760
7760
7764
7751
7711
7703
7644
7651
7639
7641
7706
7662
7692
7654
7657
7682
7592
7596
7558
7512
7490
7512
7509
7494
7457
7444
7444
7557
7514
7530
7535
7522
7538
7611
7551
7589
7630
7623
7581
7581
7615
7689
7716
7726
7726
7720
7710
7710
7685
7648
7695
7667
7694
7685
7709
7709
7639
7625
7648
7690
7676
7742
7732
7847
7822
7847
7847
7870
7842
7975
7931
7969
7941
8025
8022
8063
8103
8065
8034
8011
7993
7971
8028
8060
8060
8071
8071
8086
8025
7975
7995
8127
8157
8108
8108
8108
8108
8023
7930
7965
7904
7844
7869
7917
8010
8024
7913
7889
7856
7886
7825
7868
7917
7879
7904
7845
7787
7902
7891
7783
7734
7712
7650
7654
7723
7764
7764
7754
7754
7777
7792
7769
7775
7775
7750
7739
7823
7823
7820
7820
7788
7777
7763
7815
7768
7723
7777
7773
7721
7705
7682
7664
7671
7649
7635
7629
7686
7682
7730
7730
7715
7613
7675
7675
7668
7694
7691
7628
7550
7587
7591
7635
7627
7655
7676
7641
7662
7686
7692
7697
7666
7622
7622
7638
7583
7629
7575
7585
7530
7538
7496
7369
7523
7427
7424
7469
7508
7548
7483
7524
7538
7602
7661
7615
7630
7674
7674
7581
7581
7712
7719
7803
7729
7732
7773
7755
7704
7776
7776
7700
7700
7718
7722
7769
7691
7721
7721
7651
7678
7692
7703
7723
7695
7657
7676
7670
7670
7657
7666
7693
7703
7744
7732
7713
7684
7668
7704
7704
7685
7725
7767
7773
7739
7724
7673
7674
7693
7687
7704
7734
7757
7809
7817
7868
7824
7915
7920
7866
7844
7768
7777
7673
7704
7657
7603
7563
7582
7681
7681
7633
7635
7657
7669
7770
7740
7740
7768
7766
7728
7676
7676
7727
7721
7727
7754
7670
7670
7665
7617
7663
7663
7667
7655
7761
7761
7771
7787
7754
7798
7851
7916
7916
7872
7872
7892
7886
7903
7877
7811
7780
7817
7942
7962
7974
7953
7965
7990
7995
7935
7930
7930
7902
7834
7870
7917
7924
7845
7941
7936
7936
7960
8003
7973
7921
7881
7866
7865
7897
7884
7795
7832
7804
7804
7636
7694
7725
7725
7753
7736
7732
7732
7691
7582
7619
7651
7630
7594
7623
7653
7653
7665
7704
7704
7651
7651
7578
7579
7628
7668
7688
7650
7760
7742
7816
7791
7830
7785
7748
7753
7666
7593
7593
7521
7482
7526
7469
7485
7416
7416
7480
7498
7540
7490
7520
7528
7501
7522
7521
7591
7585
7519
7576
7690
7682
7682
7671
7630
7630
7630
7577
7580
7574
7648
7656
7611
7639
7675
7651
7651
7737
7773
7771
7682
7793
7812
7750
7750
7713
7762
7714
7655
7671
7715
7754
7706
7728
7728
7790
7710
7764
7767
7785
7754
7731
7673
7673
7675
7623
7681
7693
7731
7726
7737
7647
7613
7544
7628
7592
7608
7608
7643
7663
7663
7601
7586
7624
7630
7628
7677
7703
7605
7565
7584
7529
7518
7486
7432
7480
7522
7499
7552
7618
7588
7592
7578
7649
7615
7632
7671
7653
7553
7601
7600
7618
7624
7577
7584
7585
7595
7595
7597
7534
7614
7571
7554
7578
7578
7599
7622
7613
7624
7656
7722
7783
7788
7825
7806
7806
7783
7748
7760
7723
7648
7592
7598
7659
7627
7648
7641
7645
7722
7762
7759
7713
7693
7693
7739
7706
7706
7697
7706
7660
7677
7683
7659
7502
7526
7533
7625
7637
7637
7664
7639
7561
7484
7451
7546
7584
7641
7626
7600
7590
7590
7626
7618
7552
7552
7552
7486
7519
7437
7453
7424
7442
7424
7459
7459
7532
7471
7474
7549
7545
7598
7532
7532
7618
7568
7529
7556
7564
7560
7592
7602
7631
7600
7597
7553
7602
7602
7571
7662
7697
7726
7721
7784
7855
7845
7828
7814
7891
7786
7804
7746
7780
7808
7716
7703
7703
7782
7818
7775
7825
7825
7811
7866
7794
7823
7838
7830
7757
7798
7790
7776
7776
7724
7680
7699
7790
7790
7767
7771
7791
7840
7907
7907
7907
7872
7848
7889
7863
7879
7789
7808
7847
7765
7749
7772
7824
7746
7754
7755
7840
7833
7743
7759
7697
7674
7716
7815
7834
7787
7753
7748
7795
7822
7798
7741
7753
7718
7755
7795
7756
7792
7812
7814
7847
7849
7849
7817
7783
7833
7878
7889
7889
7928
7850
7820
7900
7949
7949
7949
7903
7878
7966
7879
7879
7826
7797
7837
7819
7848
7815
7858
7867
7907
7867
7867
7967
7985
7966
7927
7999
8061
8019
7980
8031
7961
7975
7946
7893
7824
7839
7840
7810
7855
7877
7851
7826
7848
7763
7763
7769
7717
7717
7750
7750
7750
7740
7692
7652
7620
7655
7664
7642
7690
7636
7689
7723
7736
7692
7696
7708
7716
7685
7736
7759
7781
7779
7743
7747
7717
7794
7749
7770
7868
7874
7873
7910
7956
7973
7942
7981
7981
7975
7934
7951
8000
7954
7954
8017
7972
7885
7891
7832
7914
7853
7853
7857
7923
7906
7879
7842
7819
7801
7783
7813
7664
7664
7660
7660
7741
7739
7685
7713
7769
7829
7763
7840
7858
7870
7796
7825
7811
7776
7840
7765
7765
7765
7775
7832
7854
7854
7860
7884
7881
7924
7924
7917
7929
7929
7921
7856
7815
7813
7842
7737
7769
7736
7753
7724
7670
7682
7636
7642
7642
7641
7618
7578
7627
7553
7580
7646
7691
7633
7623
7667
7653
7635
7653
7712
7666
7673
7673
7725
7696
7714
7726
7752
7781
7775
7800
7753
7710
7699
7710
7675
7694
7712
7712
7661
7661
7712
7712
7740
7743
7753
7772
7692
7699
7689
7689
7689
7650
7655
7712
7678
7678
7669
7608
7647
7664
7660
7616
7517
7530
7530
7505
7505
7533
7533
7668
7724
7609
7609
7625
7688
7719
7599
7593
7583
7607
7547
7547
7537
7581
7581
7530
7594
7576
7588
7588
7580
7580
7536
7563
7621
7621
7621
7662
7778
7820
7873
7901
7929
7971
7934
7945
7919
7843
7850
7864
7831
7869
7865
7855
7846
7807
7932
7917
7898
7890
7883
7878
7878
7948
7948
7948
7922
7917
7992
7992
8010
8032
8032
8032
8002
8043
7999
7929
7929
7926
7835
7917
7948
7949
7937
7927
7921
7921
7899
7770
7770
7770
7741
7733
7703
7676
7650
7633
7662
7662
7620
7642
7652
7640
7638
7623
7671
7808
7821
7882
7860
7867
7861
7932
7932
7968
8013
8001
7945
7914
7941
7912
7919
7919
8009
8009
7998
7922
7860
7864
7853
7863
7882
7908
7903
7809
7795
7785
7838
7752
7711
7692
7760
7760
7760
7760
7768
7783
7783
7718
7618
7608
7608
7607
7675
7693
7727
7708
7622
7634
7679
7650
7648
7652
7648
7670
7663
7663
7702
7699
7591
7608
7646
7645
7641
7615
7620
7620
7641
7641
7641
7673
7673
7650
7677
7676
7676
7674
7692
7700
7827
7825
7872
7871
7764
7762
7813
7781
7811
7811
7826
7835
7835
7849
7849
7845
7845
7845
7907
7904
7904
7866
7856
7771
7830
7892
7895
7820
7712
7681
7654
7654
7692
7653
7617
7617
7623
7636
7628
7616
7629
7629
7670
7759
7827
7914
7967
7954
7919
7929
7865
7858
7818
7796
7813
7812
7828
7828
7844
7861
7787
7793
7809
7776
7706
7720
7697
7720
7728
7703
7724
7667
7629
7624
7649
7674
7682
7676
7698
7709
7713
7693
7705
7707
7789
7751
7738
7716
7771
7761
7810
7791
7878
7849
7874
7775
7694
7703
7706
7766
7841
7847
7916
7916
7940
7945
7939
7857
7792
7778
7876
7899
7919
7918
7918
7895
7815
7828
7764
7715
7704
7734
7734
7704
7792
7759
7759
7815
7761
7760
7760
7682
7680
7730
7730
7731
7769
7801
7873
7826
7814
7791
7865
7826
7830
7812
7790
7790
7770
7809
7809
7809
7723
7714
7694
7641
7635
7631
7631
7664
7672
7640
7695
7707
7741
7886
7892
7960
7959
7981
7981
8011
8019
8057
8057
8083
8082
8030
8030
7968
7957
7948
7899
7888
7906
7906
7909
7838
7770
7767
7767
7770
7770
7777
7691
7684
7684
7684
7725
7666
7665
7676
7676
7663
7670
7670
7687
7677
7677
7677
7687
7687
7687
7730
7769
7762
7762
7715
7735
7701
7719
7672
7683
7656
7638
7693
7713
7683
7654
7672
7672
7611
7650
7603
7650
7650
7634
7654
7615
7640
7632
7662
7680
7717
7700
7680
7687
7790
7790
7781
7814
7803
7803
7788
7709
7690
7690
7722
7772
7772
7764
7742
7742
7728
7823
7813
7825
7757
7757
7756
7652
7699
7665
7648
7618
7583
7615
7668
7635
7629
7607
7563
7615
7620
7629
7615
7619
7595
7595
7654
7664
7738
7733
7733
7676
7619
7635
7620
7627
7646
7666
7629
7709
7709
7762
7829
7829
7819
7844
7919
7949
7879
7854
7893
7855
7815
7811
7844
7828
7795
7788
7787
7783
7794
7763
7781
7778
7778
7825
7799
7837
7799
7789
7692
7713
7650
7694
7694
7694
7641
7718
7748
7645
7711
7711
7772
7772
7813
7768
7767
7749
7786
7768
7812
7864
7900
7852
7915
7830
7787
7740
7740
7667
7667
7659
7771
7708
7769
7778
7763
7727
7735
7744
7805
7823
7752
7795
7795
7796
7796
7860
7807
7881
7866
7865
7850
7827
7842
7868
7878
7846
7812
7696
7804
7729
7804
7814
7671
7683
7647
7553
7561
7561
7558
7593
7593
7628
7636
7602
7602
7602
7602
7574
7575
7615
7637
7637
7591
7526
7526
7617
7612
7574
7489
7512
7449
7442
7442
7395
7450
7467
7413
7423
7484
7464
7486
7506
7502
7502
7550
7521
7554
7561
7617
7617
7617
7547
7503
7516
7516
7466
7448
7448
7488
7466
7418
7447
7472
7400
7400
7374
7384
7384
7427
7402
7402
7343
7310
7294
7307
7281
7281
7275
7292
7292
7292
7309
7369
7344
7326
7393
7383
7383
7408
7445
7383
7371
7371
7411
7411
7476
7495
7423
7415
7402
7358
7407
7480
7407
7368
7366
7408
7408
7442
7442
7484
7469
7487
7546
7486
7428
7437
7489
7468
7448
7492
7519
7520
7538
7601
7597
7598
7623
7623
7623
7553
7590
7585
7667
7647
7651
7710
7689
7621
7557
7546
7515
7515
7515
7506
7506
7519
7552
7456
7445
7441
7498
7539
7554
7618
7592
7564
7603
7603
7610
7622
7609
7683
7713
7712
7727
7738
7798
7810
7819
7819
7819
7819
7845
7839
7846
7812
7818
7868
7845
7845
7809
7823
7875
7888
7844
7869
7831
7822
7822
7879
8015
8088
8066
8032
8107
8079
8132
8132
8132
8150
8155
8102
8058
7990
7971
7971
7903
7864
7811
7810
7835
7831
7831
7768
7761
7752
7796
7848
7861
7847
7794
7761
7806
7834
7852
7874
7916
7908
7828
7798
7811
7811
7769
7755
7752
7824
7755
7743
7675
7675
7671
7693
7691
7691
7692
7692
7692
7757
7718
7750
7750
7770
7865
7887
7887
7865
7849
7849
7881
7858
7833
7784
7818
7805
7770
7809
7809
7832
7789
7725
7743
7764
7823
7823
7782
7808
7833
7933
7938
7938
7926
7954
7932
7932
7901
7856
7793
7791
7870
7825
7856
7884
7922
7922
7940
7976
7927
7958
7923
7923
7871
7869
7869
7923
7891
7928
8012
8012
8027
8034
8015
7993
8023
8068
8059
8016
7989
7964
7887
7848
7848
7848
7841
7794
7789
7789
7905
7885
7776
7820
7831
7765
7740
7732
7742
7742
7753
7767
7759
7792
7761
7693
7686
7686
7686
7686
7648
7675
7685
7715
7718
7735
7835
7824
7806
7762
7742
7757
7757
7811
7858
7855
7871
7855
7890
7774
7804
7818
7773
7717
7598
7621
7644
7634
7634
7549
7571
7612
7598
7628
7633
7658
7643
7611
7577
7621
7625
7618
7618
7618
7573
7543
7520
7470
7477
7477
7491
7430
7477
7460
7413
7413
7378
7378
7433
7373
7389
7389
7389
7442
7442
7442
7440
7428
7412
7408
7408
7356
7356
7420
7420
7468
7468
7445
7561
7561
7546
7562
7508
7520
7549
7560
7561
7574
7567
7602
7559
7559
7546
7582
7691
7705
7679
7680
7641
7641
7679
7603
7563
7571
7631
7646
7601
7601
7676
7699
7699
7684
7673
7588
7632
7707
7726
7708
7674
7680
7613
7560
7562
7508
7570
7533
7532
7612
7612
7612
7536
7536
7578
7586
7586
7615
7615
7614
7607
7607
7585
7657
7650
7631
7659
7629
7671
7724
7724
7724
7671
7654
7681
7663
7644
7627
7636
7636
7669
7566
7625
7598
7678
7599
7524
7524
7505
7466
7464
7462
7462
7439
7484
7466
7473
7379
7409
7388
7422
7426
7453
7480
7480
7481
7481
7472
7615
7678
7610
7610
7620
7612
7541
7477
7513
7515
7515
7467
7517
7517
7566
7566
7566
7672
7599
7582
7629
7598
7596
7596
7586
7586
7509
7522
7593
7651
7700
7648
7651
7730
7778
7738
7709
7681
7625
7632
7632
7637
7637
7699
7759
7761
7761
7761
7673
7693
7691
7695
7582
7533
7569
7541
7517
7517
7525
7515
7604
7626
7633
7680
7675
7675
7727
7747
7786
7729
7729
7772
7809
7809
7810
7810
7810
7861
7861
7783
7745
7731
7771
7771
7771
7836
7793
7773
7859
7870
7796
7799
7760
7794
7767
7858
7930
7930
7964
7938
7932
7943
7975
7886
7888
7829
7816
7838
7838
7857
7758
7733
7735
7735
7735
7731
7743
7688
7688
7638
7681
7649
7603
7592
7600
7642
7655
7642
7642
7642
7642
7642
7619
7676
7676
7676
7676
7676
7650
7641
7557
7546
7546
7547
7509
7509
7509
7433
7433
7427
7490
7496
7540
7471
7422
7443
7533
7484
7536
7536
7570
7522
7522
7517
7543
7563
7563
7539
7539
7515
7515
7515
7538
7582
7602
7602
7620
7620
7620
7620
7586
7648
7650
7650
7636
7741
7741
7698
7727
7727
7669
7640
7563
7630
7608
7589
7595
7611
7555
7555
7555
7555
7637
7700
7700
7700
7735
7779
7776
7718
7699
7726
7786
7786
7806
7804
7804
7777
7789
7789
7790
7739
7770
7747
7751
7726
7872
7872
7871
8026
8026
8007
8007
8007
8000
8061
8095
8031
8004
8005
7953
7895
7895
7858
7864
7866
7875
7869
7833
7834
7762
7762
7795
7801
7721
7721
7726
7728
7664
7716
7747
7643
7550
7618
7652
7610
7606
7606
7706
7766
7766
7794
7802
7802
7841
7851
7851
7951
7949
7955
7955
7955
7890
7800
7793
7793
7763
7742
7700
7700
7670
7706
7713
7715
7685
7693
7718
7718
7718
7730
7746
7775
7656
7722
7720
7831
7804
7844
7857
7885
7851
7806
7803
7847
7847
7820
7881
7876
7929
7950
7925
7909
7842
7791
7765
7783
7746
7801
7758
7744
7758
7722
7745
7703
7773
7795
7795
7795
7779
7814
7829
7853
7853
7899
7909
7889
7889
7893
7893
7885
7868
7884
7884
7947
7947
7991
8015
8004
7966
7989
7939
7961
7882
7906
7862
7946
7926
7926
7926
7932
7828
7828
7828
7807
7835
7835
7835
7835
7843
7822
7749
7744
7802
7824
7803
7709
7667
7668
7631
7714
7672
7794
7780
7780
7818
7775
7816
7817
7810
7825
7885
7927
7949
7915
7915
7962
7942
7942
7908
7887
7876
7797
7838
7829
7778
7847
7842
7820
7893
7869
7804
7749
7749
7749
7749
7749
7813
7800
7800
7800
7783
7886
7841
7841
7853
7908
7850
7843
7843
7881
7881
7888
7888
7888
7888
7820
7718
7747
7747
7749
7778
7861
7898
7898
7880
7777
7874
7856
7884
7884
7872
7986
7994
7791
7791
7768
7713
7743
7743
7723
7708
7640
7640
7600
7626
7634
7679
7713
7656
7656
7656
7634
7634
7624
7666
7666
7642
7624
7624
7618
7618
7597
7602
7624
7611
7649
7642
7642
7653
7637
7692
7643
7602
7642
7695
7676
7735
7735
7730
7741
7741
7749
7710
7729
7728
7718
7718
7664
7698
7697
7599
7580
7585
7623
7608
7577
7577
7594
7610
7610
7610
7594
7561
7608
7679
7643
7669
7628
7612
7617
7617
7617
7520
7603
7658
7636
7658
7767
7627
7635
7582
7582
7600
7588
7588
7595
7630
7579
7580
7571
7571
7583
7583
7630
7630
7708
7779
7813
7881
7881
7910
7907
7883
7887
7875
7881
7801
7750
7746
7792
7792
7792
7819
7848
7834
7897
7864
7862
7885
7979
7979
7979
7905
7978
7978
7902
7880
7840
7889
7850
7847
7811
7810
7810
7810
7845
7797
7793
7764
7764
7816
7808
7825
7818
7818
7828
7846
7813
7813
7799
7753
7803
7872
7856
7809
7804
7771
7770
7718
7723
7692
7692
7714
7629
7629
7629
7616
7600
7639
7638
7638
7638
7648
7648
7605
7605
7600
7704
7704
7713
7713
7648
7710
7640
7647
7606
7593
7637
7561
7616
7597
7635
7651
7660
7660
7636
7657
7657
7663
7663
7659
7665
7665
7668
7661
7668
7643
7695
7697
7681
7617
7617
7587
7642
7551
7525
7525
7524
7584
7584
7613
7616
7584
7584
7595
7595
7598
7598
7596
7567
7567
7567
7584
7637
7637
7700
7720
7720
7720
7720
7751
7658
7660
7695
7619
7610
7663
7616
7582
7582
7542
7497
7565
7565
7602
7588
7588
7588
7588
7525
7609
7609
7609
7604
7666
7655
7655
7617
7617
7610
7659
7630
7639
7543
7529
7496
7480
7504
7590
7646
7614
7639
7611
7615
7682
7705
7633
7633
7640
7655
7611
7612
7612
7564
7607
7607
7607
7607
7655
7740
7721
7725
7725
7685
7673
7650
7609
7500
7500
7529
7529
7558
7553
7553
7497
7575
7617
7684
7599
7599
7612
7694
7707
7721
7791
7747
7681
7663
7663
7663
7684
7675
7681
7673
7673
7668
7669
7649
7649
7648
7650
7647
7647
7647
7591
7591
7591
7587
7591
7591
7591
7632
7534
7576
7543
7518
7471
7479
7472
7462
7529
7494
7511
7513
7569
7554
7543
7512
7487
7487
7502
7496
7515
7570
7536
7512
7551
7557
7526
7603
7602
7544
7566
7528
7525
7499
7453
7496
7496
7496
7528
7535
7535
7572
7561
7606
7553
7596
7653
7577
7577
7654
7615
7583
7677
7677
7685
7725
7689
7686
7696
7663
7663
7663
7661
7590
7542
7542
7590
7641
7659
7623
7660
7654
7654
7712
7746
7746
7701
7762
7762
7730
7767
7767
7745
7712
7712
7653
7653
7666
7666
7666
7666
7631
7631
7628
7550
7543
7543
7543
7496
7458
7458
7486
7529
7495
7558
7552
7546
7556
7604
7604
7672
7713
7652
7696
7628
7628
7648
7613
7616
7602
7559
7565
7549
7544
7467
7503
7527
7455
7380
7406
7406
7406
7408
7403
7398
7398
7396
7396
7396
7396
7369
7413
7406
7406
7406
7430
7453
7436
7436
7436
7438
7405
7405
7405
7411
7411
7379
7379
7381
7381
7470
7465
7447
7468
7482
7480
7567
7567
7575
7556
7556
7511
7539
7539
7539
7506
7559
7563
7615
7654
7670
7670
7670
7694
7700
7632
7632
7632
7608
7652
7652
7661
7661
7661
7638
7616
7616
7648
7675
7620
7612
7612
7606
7606
7606
7529
7555
7594
7626
7575
7587
7587
7587
7587
7541
7541
7541
7541
7600
7608
7562
7562
7562
7571
7444
7457
7482
7475
7471
7497
7497
7500
7480
7526
7504
7504
7504
7504
7469
7535
7530
7502
7502
7602
7544
7544
7497
7552
7530
7530
7530
7476
7522
7458
7493
7493
7493
7461
7467
7459
7459
7442
7373
7385
7385
7385
7410
7410
7442
7463
7465
7543
7574
7574
7582
7640
7620
7632
7632
7632
7616
7616
7621
7670
7661
7683
7742
7672
7660
7660
7625
7627
7627
7667
7595
7581
7606
7659
7661
7660
7607
7549
7549
7549
7549
7509
7510
7541
7592
7517
7545
7545
7518
7518
7525
7533
7547
7659
7650
7688
7715
7751
7710
7710
7694
7658
7676
7692
7669
7617
7579
7599
7599
7536
7529
7498
7498
7475
7467
7481
7481
7481
7470
7484
7537
7536
7536
7597
7600
7562
7557
7524
7524
7524
7536
7536
7557
7602
7602
7554
7554
7554
7589
7603
7603
7603
7603
7642
7642
7588
7558
7558
7509
7508
7508
7508
7575
7610
7610
7621
7602
7577
7520
7483
7523
7560
7604
7604
7642
7642
7642
7659
7702
7702
7692
7801
7760
7760
7760
7738
7738
7783
7759
7749
7705
7635
7635
7628
7540
7540
7540
7540
7540
7540
7613
7588
7588
7614
7601
7595
7576
7576
7527
7527
7499
7500
7503
7503
7503
7590
7640
7640
7632
7609
7656
7666
7694
7627
7642
7642
7673
7629
7658
7658
7646
7616
7629
7649
7586
7554
7622
7622
7611
7616
7631
7713
7783
7742
7706
7692
7754
7749
7763
7750
7750
7711
7711
7711
7711
7713
7713
7724
7705
7692
7690
7625
7694
7583
7452
7483
7483
7497
7541
7538
7459
7476
7476
7434
7434
7434
7418
7386
7386
7386
7386
7386
7375
7375
7406
7440
7409
7443
7442
7442
7448
7448
7480
7468
7482
7482
7482
7487
7487
7459
7459
7459
7457
7463
7505
7505
7505
7505
7482
7482
7482
7514
7532
7523
7526
7541
7516
7495
7495
7545
7558
7522
7529
7515
7513
7513
7534
7517
7517
7575
7620
7571
7596
7577
7592
7592
7592
7595
7595
7712
7718
7743
7743
7694
7694
7694
7621
7604
7604
7604
7597
7619
7644
7644
7615
7516
7516
7567
7567
7567
7567
7609
7614
7611
7667
7621
7642
7644
7639
7640
7624
7606
7582
7576
7576
7576
7566
7604
7580
7603
7675
7591
7591
7598
7546
7547
7558
7514
7563
7512
7513
7513
7560
7560
7591
7591
7567
7561
7575
7534
7534
7534
7534
7534
7531
7540
7513
7513
7513
7532
7532
7506
7518
7518
7518
7536
7536
7581
7581
7567
7543
7553
7553
7559
7559
7563
7563
7563
7555
7548
7548
7509
7490
7499
7574
7580
7562
7562
7508
7488
7507
7507
7507
7524
7549
7539
7539
7539
7539
7539
7525
7494
7547
7549
7554
7554
7568
7527
7527
7529
7547
7547
7533
7556
7559
7590
7586
7604
7676
7676
7660
7660
7684
7648
7635
7635
7635
7635
7646
7629
7629
7629
7629
7604
7594
7594
7594
7601
7601
7601
7601
7609
7578
7570
7518
7527
7575
7514
7588
7588
7629
7598
7568
7572
7584
7556
7556
7561
7561
7557
7561
7579
7593
7508
7508
7508
7483
7442
7442
7481
7530
7530
7496
7470
7494
7496
7496
7532
7532
7590
7590
7520
7520
7530
7478
7478
7442
7449
7449
7501
7588
7574
7563
7563
7538
7620
7616
7591
7586
7586
7586
7562
7562
7635
7598
7598
7598
7598
7598
7598
7598
7598
7598
7598
7612
7604
7603
7549
7549
7549
7549
7552
7552
7552
7462
7462
7462
7444
7430
7426
7426
7426
7447
7466
7466
7441
7436
7436
7378
7378
7378
7378
7378
7378
7378
7378
7396
7396
7406
7416
7379
7379
7379
7379
7400
7400
7400
7400
7400
7400
7338
7338
7338
7338
7341
7341
7341
7325
7325
7315
7315
7307
7297
7297
7309
7309
7326
7354
7354
7360
7353
7353
7353
7352
7352
7352
7323
7369
7417
7387
7387
7387
7447
7447
7459
7474
7496
7496
7496
7503
7509
7509
7509
7509
7483
7433
7419
7408
7408
7402
7399
7399
7399
7426
7404
7450
7450
7408
7408
7407
7407
7407
7407
7440
7440
7418
7370
7333
7333
7346
7346
7358
7358
7406
7413
7413
7413
7443
7454
7454
7454
7454
7452
7474
7474
7449
7449
7449
7449
7433
7401
7401
7401
7399
7446
7432
7483
7483
7483
7480
7480
7493
7453
7484
7484
7465
7495
7495
7444
7444
7444
7432
7442
7404
7404
7449
7476
7546
7478
7478
7416
7416
7399
7456
7456
7431
7511
7460
7460
7475
7475
7475
7475
7475
7385
7445
7514
7454
7454
7454
7454
7454
7477
7494
7494
7472
7472
7472
7472
7538
7524
7468
7468
7468
7460
7460
7460
7537
7483
7515
7515
7544
7528
7438
7438
7438
7458
7446
7446
7446
7446
7400
7400
7414
7414
7512
7483
7472
7447
7434
7434
7434
7445
7445
7492
7463
7464
7453
7496
7504
7462
7525
7525
7548
7585
7570
7581
7564
7610
7610
7610
7538
7538
7541
7484
7484
7484
7484
7484
7484
7436
7436
7408
7410
7400
7400
7391
7420
7377
7361
7349
7349
7388
7388
7388
7443
7483
7481
7513
7430
7424
7424
7424
7424
7442
7475
7428
7431
7431
7391
7391
7417
7392
7392
7392
7404
7400
7400
7400
7400
7400
7438
7415
7404
7392
7420
7441
7435
7376
7376
7376
7367
7367
7347
7364
7375
7375
7375
7375
7326
7326
7345
7331
7341
7363
7363
7363
7384
7360
7360
7360
7362
7362
7350
7300
7300
7300
7326
7326
7339
7339
7339
7339
7374
7417
7420
7381
7378
7334
7341
7266
7322
7322
7322
7258
7258
7258
7258
7258
7258
7312
7284
7284
7237
7210
7233
7233
7233
7233
7234
7234
7234
7188
7188
7227
7273
7273
7257
7257
7266
7266
7266
7265
7240
7249
7249
7249
7275
7245
7245
7255
7255
7255
7255
7244
7276
7229
7229
7229
7223
7212
7153
7153
7153
7153
7153
7153
7153
7153
7236
7236
7216
7207
7215
7215
7215
7162
7182
7182
7182
7188
7146
7146
7195
7236
7236
7274
7274
7291
7289
7287
7279
7279
7262
7262
7284
7284
7284
7284
7284
7305
7305
7305
7305
7279
7279
7258
7258
7258
7337
7257
7257
7257
7309
7309
7309
7309
7309
7309
7309
7315
7315
7319
7319
7395
7371
7354
7339
7423
7452
7463
7434
7438
7438
7438
7381
7381
7403
7392
7323
7323
7323
7323
7323
7323
7323
7323
7323
7331
7306
7311
7272
7272
7272
7332
7332
7332
7279
7279
7279
7273
7273
7330
7330
7330
7300
7389
7399
7399
7357
7334
7354
7374
7424
7366
7366
7366
7366
7410
7410
7410
7384
7384
7356
7376
7376
7376
7376
7376
7386
7386
7417
7417
7359
7340
7340
7337
7396
7354
7316
7316
7297
7335
7335
7327
7284
7284
7284
7284
7284
7262
7262
7262
7262
7262
7262
7262
7209
7209
7216
7216
7216
7216
7193
7193
7193
7193
7269
7301
7301
7266
7266
7207
7207
7207
7207
7207
7207
7207
7211
7206
7243
7275
7282
7287
7313
7313
7327
7327
7327
7327
7327
7316
7316
7316
7343
7343
7339
7339
7339
7339
7339
7339
7371
7456
7415
7421
7418
7418
7408
7408
7408
7403
7403
7403
7396
7429
7435
7435
7435
7435
7435
7435
7460
7461
7449
7449
7471
7471
7388
7388
7388
7411
7411
7452
7442
7437
7437
7437
7445
7445
7431
7431
7440
7479
7456
7484
7440
7429
7413
7413
7413
7413
7413
7413
7413
7436
7436
7436
7436
7435
7409
7409
7409
7409
7409
7409
7409
7409
7409
7411
7417
7417
7417
7432
7428
7428
7428
7430
7430
7395
7395
7434
7434
7444
7450
7419
7419
7338
7338
7301
7301
7301
7301
7308
7308
7318
7318
7318
7318
7318
7309
7309
7309
7309
7313
7356
7356
7361
7344
7344
7344
7344
7344
7344
7344
7344
7377
7377
7394
7394
7354
7333
7333
7333
7333
7368
7368
7368
7368
7396
7396
7394
7394
7401
7402
7402
7402
7439
7451
7451
7451
7451
7463
7486
7498
7470
7470
7470
7508
7508
7511
7511
7506
7506
7502
7510
7524
7473
7473
7441
7431
7436
7436
7495
7495
7506
7506
7506
7506
7562
7506
7506
7506
7506
7506
7528
7556
7574
7574
7571
7575
7575
7487
7487
7457
7426
7404
7453
7453
7453
7453
7453
7464
7464
7496
7399
7399
7410
7410
7401
7401
7401
7401
7401
7394
7394
7394
7394
7395
7375
7375
7375
7375
7375
7375
7381
7381
7393
7393
7453
7432
7432
7435
7429
7429
7411
7412
7415
7415
7415
7415
7443
7443
7443
7460
7450
7450
7454
7493
7463
7463
7486
7486
7502
7502
7502
7520
7520
7520
7524
7546
7545
7545
7519
7519
7519
7518
7506
7484
7484
7475
7475
7448
7448
7404
7404
7404
7404
7404
7401
7401
7416
7416
7413
7452
7452
7429
7429
7429
7411
7434
7417
7417
7416
7416
7468
7468
7461
7461
7384
7384
7354
7362
7389
7362
7362
7362
7389
7389
7353
7353
7415
7412
7412
7405
7405
7367
7348
7348
7404
7404
7404
7371
7371
7371
7305
7305
7328
7326
7371
7336
7362
7290
7284
7284
7284
7282
7282
7282
7282
7273
7273
7273
7273
7273
7263
7253
7253
7216
7256
7223
7223
7223
7216
7216
7228
7228
7228
7226
7209
7217
7217
7217
7156
7194
7194
7173
7173
7173
7184
7184
7184
7184
7156
7156
7156
7108
7093
7093
7093
7093
7093
7093
7179
7179
7179
7179
7122
7122
7118
7118
7128
7143
7162
7165
7162
7141
7141
7141
7141
7141
7131
7131
7134
7134
7134
7134
7134
7152
7152
7118
7118
7136
7136
7136
7136
7136
7128
7128
7128
7128
7128
7180
7180
7180
7173
7173
7173
7173
7171
7171
7171
7197
7218
7218
7236
7236
7236
7236
7236
7236
7236
7236
7236
7236
7236
7236
7236
7236
7236
7236
7236
7242
7331
7378
7415
7461
7453
7453
7440
7417
7417
7417
7436
7437
7395
7392
7378
7385
7385
7379
7417
7466
7466
7466
7439
7555
7506
7506
7506
7484
7479
7473
7431
7431
7431
7432
7432
7450
7450
7450
7463
7463
7428
7428
7404
7404
7404
7343
7343
7343
7343
7343
7343
7357
7357
7353
7367
7334
7334
7334
7334
7334
7356
7338
7338
7271
7271
7261
7230
7230
7265
7265
7265
7242
7242
7242
7242
7242
7271
7267
7267
7267
7267
7267
7267
7281
7248
7248
7248
7297
7297
7297
7297
7230
7125
7094
7094
7094
7097
7097
7097
7097
7097
7097
7082
7082
7082
7082
7082
7092
7122
7101
7101
7101
7101
7096
7090
7090
7122
7122
7122
7122
7122
7122
7122
7118
7115
7104
7104
7131
7131
7118
7118
7118
7088
7096
7096
7092
7092
7065
7115
7115
7115
7115
7115
7112
7119
7119
7119
7119
7119
7158
7152
7165
7165
7165
7165
7165
7165
7156
7128
7128
7128
7128
7128
7101
7101
7092
7115
7082
7104
7104
7104
7104
7150
7135
7150
7177
7177
7178
7235
7211
7211
7211
7195
7195
7195
7188
7188
7188
7140
7140
7150
7150
7121
7121
7121
7121
7168
7168
7168
7168
7168
7168
7168
7152
7174
7109
7160
7193
7193
7193
7215
7259
7220
7220
7220
7220
7212
7211
7211
7206
7206
7274
7274
7274
7273
7291
7291
7291
7291
7285
7285
7266
7264
7229
7226
7226
7226
7203
7203
7184
7184
7197
7197
7200
7252
7252
7236
7207
7207
7207
7207
7207
7207
7209
7229
7229
7229
7241
7248
7270
7312
7256
7248
7229
7229
7229
7229
7229
7229
7229
7229
7228
7205
7205
7205
7205
7194
7194
7212
7212
7212
7212
7235
7235
7235
7253
7253
7221
7221
7264
7264
7264
7264
7267
7263
7263
7274
7258
7265
7265
7260
7284
7284
7284
7284
7315
7315
7280
7280
7280
7280
7280
7280
7280
7280
7293
7293
7293
7290
7257
7257
7257
7257
7257
7257
7257
7286
7286
7286
7353
7353
7298
7298
7298
7319
7319
7319
7256
7256
7256
7273
7263
7263
7263
7263
7263
7263
7263
7241
7241
7241
7297
7297
7297
7297
7242
7245
7245
7245
7245
7245
7245
7245
7248
7248
7248
7248
7248
7248
7248
7248
7248
7248
7248
7248
7248
7189
7280
7280
7257
7270
7256
7244
7244
7264
7264
7262
7262
7250
7315
7315
7315
7291
7255
7255
7255
7231
7215
7215
7215
7215
7215
7215
7215
7244
7254
7254
7254
7254
7254
7254
7254
7222
7222
7222
7262
7262
7262
7263
7263
7263
7261
7261
7261
7276
7248
7286
7286
7288
7288
7264
7264
7264
7233
7233
7233
7233
7233
7232
7224
7224
7224
7223
7190
7190
7170
7170
7212
7212
7212
7243
7243
7257
7257
7257
7257
7257
7286
7286
7286
7248
7248
7244
7255
7255
7255
7254
7254
7254
7254
7254
7235
7237
7237
7237
7237
7237
7237
7237
7237
7237
7237
7231
7226
7258
7257
7260
7260
7278
7278
7278
7265
7265
7278
7278
7278
7270
7244
7244
7244
7244
7226
7243
7256
7225
7225
7208
7208
7208
7208
7208
7202
7202
7202
7202
7202
7202
7202
7202
7202
7202
7202
7202
7202
7202
7211
7184
7184
7184
7184
7184
7184
7184
7184
7184
7184
7252
7210
7210
7225
7229
7219
7234
7234
7234
7234
7249
7214
7214
7214
7239
7239
7239
7237
7237
7313
7313
7292
7303
7303
7303
7317
7350
7350
7343
7297
7279
7279
7279
7277
7277
7277
7275
7263
7263
7230
7230
7230
7230
7230
7230
7230
7230
7230
7230
7239
7239
7239
7239
7201
7201
7201
7201
7201
7201
7201
7201
7266
7266
7266
7257
7256
7256
7256
7256
7280
7280
7240
7240
7240
7240
7240
7240
7240
7280
7263
7275
7275
7275
7212
7218
7218
7218
7216
7239
7241
7241
7253
7253
7236
7237
7237
7237
7237
7237
7237
7219
7219
7207
7207
7207
7202
7202
7202
7211
7211
7211
7211
7195
7195
7195
7197
7197
7197
7200
7195
7195
7198
7198
7198
7198
7137
7137
7137
7137
7137
7137
7137
7137
7137
7117
7117
7117
7117
7117
7117
7117
7117
7117
7117
7117
7117
7117
7117
7117
7117
7117
7117
7117
7113
7113
7113
7113
7113
7113
7130
7130
7107
7107
7107
7107
7107
7107
7107
7107
7107
7101
7091
7091
7091
7091
7091
7091
7091
7091
7072
7072
7072
7072
7072
7072
7072
7072
7072
7072
7072
7072
7072
7072
7072
7072
7072
7072
7072
7072
7072
7072
7072
7083
7083
7083
7083
7083
7083
7083
7083
7102
7102
7102
7102
7102
7102
7102
7102
7102
7077
7077
7077
7077
7077
7077
7077
7077
7077
7077
7077
7077
7077
7074
7074
7074
7074
7074
7074
7074
7074
7074
7074
7074
7074
7115
7108
7108
7108
7108
7108
7108
7108
7108
7108
7118
7118
7118
7118
7118
7118
7118
7179
7179
7179
7179
7175
7186
7186
7186
7186
7186
7167
7167
7170
7166
7166
7175
7162
7162
7162
7162
7162
7162
7162
7162
7175
7175
7175
7175
7175
7201
7201
7201
7151
7151
7151
7151
7151
7151
7151
7151
7151
7151
7151
7151
7151
7151
7151
7151
7183
7183
7183
7183
7183
7193
7193
7193
7155
7155
7155
7151
7144
7144
7144
7144
7144
7144
7144
7128
7154
7154
7154
7113
7113
7113
7113
7130
7130
7130
7130
7135
7106
7106
7106
7106
7106
7130
7130
7130
7130
7130
7130
7130
7130
7109
7109
7109
7109
7109
7109
7109
7109
7109
7109
7109
7109
7109
7109
7109
7109
7095
7095
7108
7108
7108
7108
7108
7119
7099
7099
7099
7099
7099
7093
7093
7093
7093
7093
7093
7093
7093
7093
7080
7080
7080
7080
7073
7073
7073
7073
7073
7073
7073
7058
7058
7058
7058
7058
7058
7058
7058
7058
7058
7058
7067
7067
7061
7061
7061
7061
7061
7061
7061
7044
7044
7036
7036
7019
7019
7001
7001
7001
7001
7001
7001
7001
7001
7001
7001
7001
7001
7001
7001
7001
7001
7001
7005
7005
7010
7010
7010
7010
7010
7010
7010
7010
7010
7010
7010
7010
7003
7003
7003
7003
7003
7003
7003
7003
7003
7003
7003
7003
7003
7003
7003
7003
7003
7003
7003
7003
7003
7003
6999
6999
6999
6999
6999
6999
6999
6999
6999
6999
6999
6999
6999
6999
6999
6999
6999
6999
6999
6999
6999
6999
6999
6999
6999
6999
6999
6999
6999
6999
6999
6999
6999
6999
6999
6999
6999
6999
6999
6999
7005
7005
7005
7005
7005
7005
7005
7005
7005
7005
7003
7003
7003
7003
7003
7003
7008
7008
7008
7008
6995
6995
6995
6995
6995
6995
6995
6995
6995
6995
7009
7009
7009
7009
7009
7043
7043
7043
7043
7043
7043
7043
7043
7043
7043
7043
7043
7049
7049
7049
7049
7049
7049
7049
7049
7049
7031
7031
7031
7031
7031
7031
7031
7031
7031
7031
7031
7031
7031
7031
7031
7031
7031
7031
7031
7031
7031
7031
7031
7031
7031
7031
7031
7042
7042
7042
7042
7042
7042
7042
7042
7042
7042
7042
7048
7048
7048
7048
7048
7048
7028
7030
7030
7030
7030
7052
7062
7062
7062
7062
7062
7062
7062
7062
7062
7057
7057
7057
7023
7023
7023
7023
7023
7023
7023
7023
7023
7023
7023
7023
7023
7043
7043
7058
7058
7034
7034
7034
7034
7034
7034
7034
7058
7058
7065
7065
7065
7065
7065
7065
7062
7062
7062
7062
7062
7062
7095
7095
7095
7095
7095
7098
7069
7069
7069
7069
7069
7069
7069
7069
7069
7069
7069
7069
7069
7069
7071
7071
7071
7071
7071
7071
7071
7071
7060
7033
7020
7020
7020
7020
7020
7020
7020
7020
7043
7043
7043
7043
7040
7040
7040
7040
7046
7046
7046
7046
7034
7034
7034
7034
7027
7027
7013
7013
7013
7013
7013
7013
7013
7013
7013
7013
7013
6981
6981
6981
6980
6980
6964
6964
6971
6976
6960
6952
6946
6946
6946
6946
6946
6946
6946
6946
6946
6921
6921
6921
6921
6921
6921
6921
6921
6921
6921
6921
6921
6921
6921
6949
6949
6949
6949
6970
6970
6970
6970
6982
6982
6982
6982
6982
6982
6982
6977
6977
6977
6977
6979
6979
6978
6978
6978
6978
6978
6978
6978
6978
6978
6978
6958
6958
6958
6958
6966
6966
6966
6966
6974
6974
6974
6974
6974
6974
6974
6974
6974
6974
6974
6974
6974
6974
6974
6974
6974
6974
6974
6974
6974
6974
6951
6951
6951
6951
6951
6951
6951
6951
6951
6951
6951
6951
6951
6951
6951
6951
6951
6954
6954
6954
6947
6947
6947
6947
6947
6947
6926
6926
6926
6926
6926
6926
6926
6926
6926
6926
6926
6926
6926
6926
6926
6926
6926
6926
6926
6926
6926
6926
6926
6926
6926
6926
6926
6926
6926
6926
6926
6926
6926
6926
6926
6926
6926
6926
6926
6926
6926
6926
6926
6918
6918
6918
6918
6918
6918
6918
6918
6918
6918
6918
6918
6918
6930
6930
6930
6930
6930
6930
6930
6930
6930
6941
6956
6960
6960
6960
6960
6960
6960
6938
6938
6938
6938
6938
6935
6935
6935
6935
6937
6937
6937
6937
6937
6937
6937
6937
6932
6932
6932
6919
6919
6919
6919
6919
6919
6929
6929
6929
6929
6929
6929
6917
6908
6908
6908
6908
6908
6908
6908
6908
6908
6902
6902
6902
6902
6902
6902
6902
6902
6902
6902
6902
6902
6902
6902
6902
6902
6902
6902
6902
6902
6902
6900
6900
6900
6900
6900
6900
6900
6900
6900
6900
6900
6900
6900
6902
6902
6902
6902
6902
6902
6902
6906
6906
6906
6906
6906
6906
6906
6906
6906
6906
6906
6906
6906
6906
6906
6929
6929
6929
6929
6929
6929
6929
6929
6929
6929
6929
6929
6929
6929
6929
6931
6931
6931
6931
6935
6935
6935
6935
6935
6935
6935
6935
6935
6935
6930
6930
6930
6930
6930
6930
6930
6943
6943
6937
6941
6941
6941
6941
6941
6941
6929
6931
6931
6931
6931
6931
6912
6912
6912
6901
6901
6901
6901
6901
6901
6901
6902
6902
6902
6902
6902
6903
6903
6903
6903
6903
6903
6903
6903
6903
6903
6903
6903
6903
6903
6903
6903
6903
6901
6901
6901
6901
6901
6901
6901
6901
6901
6901
6901
6901
6901
6901
6901
6901
6901
6904
6904
6904
6904
6904
6904
6904
6904
6904
6904
6904
6904
6904
6904
6904
6904
6904
6904
6904
6904
6904
6930
6930
6930
6930
6930
6930
6930
6930
6930
6930
6930
6930
6930
6930
6930
6930
6930
6930
6949
6953
6953
6953
6953
6953
6953
6953
6953
6953
6954
6954
6954
6954
6954
6954
6954
6954
6954
6977
6981
6981
6981
6975
6975
6975
6975
6975
6975
6975
6975
6975
6975
6975
6975
6975
6975
6975
6975
6975
6975
6975
6975
6975
6975
6975
6975
6975
6975
6975
6975
6975
6975
6958
6958
6958
6958
6958
6958
6958
6958
6958
6958
6958
6958
6958
6958
6956
6956
6956
6956
6956
6956
6956
6956
6956
6956
6964
6964
6964
6964
6964
6967
6967
6967
6967
6967
6967
6967
6967
6967
6961
6961
6961
6961
6961
6961
6961
6961
6961
6961
6961
6961
6961
6961
6961
6961
6961
6961
6961
6961
6961
6961
6961
6961
6961
6961
6961
6960
6956
6956
6973
6973
6973
6973
6973
6973
6973
6973
6973
6973
6973
6969
6969
6969
6946
6946
6946
6946
6946
6946
6946
6946
6946
6946
6946
6946
6946
6946
6946
6946
6946
6946
6946
6946
6946
6946
6946
6946
6946
6946
6946
6946
6946
6946
6946
6946
6959
6959
6959
6959
6959
6959
6959
6959
6959
6959
6959
6959
6959
6959
6959
6959
6959
6957
6950
6950
6943
6943
6943
6943
6943
6943
6936
6925
6925
6932
6932
6932
6932
6932
6932
6932
6932
6932
6924
6924
6924
6924
6924
6924
6924
6924
6924
6924
6924
6924
6895
6895
6892
6892
6892
6892
6892
6892
6892
6892
6892
6887
6887
6887
6872
6872
6872
6872
6877
6877
6877
6877
6877
6877
6877
6877
6877
6877
6877
6877
6877
6877
6877
6877
6876
6876
6876
6876
6876
6876
6876
6876
6876
6876
6876
6876
6876
6876
6876
6876
6876
6876
6876
6876
6876
6876
6876
6876
6876
6876
6868
6868
6868
6868
6868
6868
6868
6868
6880
6880
6880
6880
6872
6872
6872
6872
6872
6872
6872
6872
6872
6872
6872
6872
6872
6872
6872
6872
6872
6872
6872
6872
6872
6890
6890
6890
6890
6890
6890
6890
6890
6890
6890
6890
6890
6890
6890
6890
6890
6890
6890
6890
6890
6890
6890
6890
6876
6876
6855
6855
6855
6855
6855
6855
6855
6855
6855
6855
6855
6855
6855
6855
6850
6850
6850
6850
6850
6850
6850
6850
6850
6850
6850
6850
6850
6850
6850
6850
6850
6850
6850
6850
6850
6850
6850
6850
6850
6850
6850
6844
6835
6835
6835
6835
6835
6835
6835
6835
6835
6835
6835
6835
6835
6835
6835
6835
6835
6835
6835
6835
6835
6835
6835
6835
6835
6835
6835
6835
6835
6835
6835
6835
6835
6819
6819
6819
6819
6819
6819
6819
6819
6819
6819
6819
6819
6819
6819
6819
6819
6819
6819
6819
6819
6819
6819
6819
6819
6819
6819
6819
6819
6819
6819
6819
6819
6820
6820
6820
6820
6820
6821
6821
6821
6821
6821
6821
6821
6821
6821
6821
6821
6821
6821
6821
6821
6821
6821
6825
6825
6825
6825
6825
6825
6825
6825
6825
6825
6825
6825
6825
6825
6825
6825
6821
6821
6821
6821
6821
6821
6821
6821
6821
6821
6821
6821
6818
6818
6818
6818
6818
6818
6814
6814
6814
6814
6814
6814
6814
6814
6814
6814
6814
6814
6818
6818
6818
6818
6818
6818
6818
6818
6818
6818
6818
6818
6818
6818
6818
6818
6818
6818
6818
6818
6818
6818
6818
6818
6818
6818
6818
6818
6811
6811
6811
6811
6811
6811
6811
6811
6811
6811
6811
6811
6811
6811
6811
6811
6811
6811
6811
6811
6811
6811
6811
6811
6811
6811
6811
6811
6811
6811
6811
6811
6811
6811
6811
6811
6811
6811
6811
6811
6811
6811
6811
6807
6806
6806
6806
6806
6806
6806
6806
6806
6806
6806
6806
6806
6806
6806
6806
6806
6803
6803
6803
6803
6803
6803
6803
6803
6803
6803
6803
6803
6803
6803
6803
6803
6803
6803
6803
6803
6803
6803
6803
6803
6803
6803
6803
6803
6803
6803
6803
6803
6803
6803
6803
6803
6803
6803
6803
6803
6803
6803
6803
6803
6803
6803
6803
6803
6775
6775
6775
6775
6775
6775
6775
6775
6775
6775
6775
6775
6775
6775
6775
6775
6775
6775
6775
6775
6775
6775
6775
6775
6775
6775
6775
6775
6775
6775
6775
6775
6775
6775
6775
6775
6775
6775
6775
6775
6775
6775
6775
6775
6775
6775
6775
6775
6775
6775
6775
6775
6775
6775
6775
6775
6775
6775
6775
6775
6775
6775
6775
6775
6775
6775
6775
6775
6775
6775
6775
6775
6775
6775
6775
6775
6775
6767
6767
6767
6767
6767
6767
6767
6767
6767
6767
6767
6767
6767
6767
6767
6767
6767
6767
6767
6767
6767
6767
6767
6767
6767
6767
6767
6767
6767
6767
6767
6767
6767
6767
6768
6768
6768
6768
6768
6768
6768
6768
6768
6768
6768
6768
6768
6768
6768
6768
6768
6768
6768
6768
6768
6768
6768
6768
6768
6768
6768
6768
6768
6768
6768
6768
6768
6768
6756
6756
6756
6756
6756
6756
6756
6756
6756
6756
6756
6756
6756
6756
6756
6756
6756
6756
6756
6756
6756
6756
6756
6756
6756
6756
6756
6756
6756
6756
6756
6756
6756
6756
6756
6756
6756
6756
6756
6756
6756
6756
6756
6757
6757
6757
6757
6757
6757
6757
6757
6749
6749
6749
6749
6749
6749
6749
6749
6749
6749
6749
6749
6749
6749
6749
6749
6749
6749
6749
6749
6749
6749
6749
6749
6749
6749
6749
6749
6749
6749
6749
6749
6749
6749
6749
6749
6749
6749
6749
6749
6749
6749
6749
6747
6747
6747
6747
6747
6747
6747
6747
6747
6747
6747
6747
6747
6747
6747
6747
6747
6747
6747
6747
6747
6747
6747
6747
6747
6738
6738
6738
6738
6730
6730
6730
6730
6730
6730
6730
6730
6730
6730
6730
6730
6730
6730
6730
6730
6730
6730
6730
6730
6730
6730
6730
6728
6728
6728
6728
6728
6728
6728
6728
6728
6728
6728
6728
6728
6728
6728
6728
6728
6728
6728
6728
6728
6728
6728
6728
6728
6728
6728
6728
6728
6728
6728
6728
6728
6728
6728
6728
6728
6728
6728
6728
6728
6728
6728
6728
6706
6706
6706
6706
6706
6706
6706
6706
6706
6706
6706
6706
6706
6706
6706
6706
6706
6706
6706
6706
6706
6706
6706
6706
6706
6706
6706
6706
6706
6706
6706
6706
6706
6706
6699
6699
6699
6699
6699
6699
6699
6699
6699
6699
6699
6699
6699
6699
6699
6699
6699
6699
6699
6699
6699
6699
6699
6699
6699
6699
6699
6699
6699
6699
6699
6699
6699
6699
6699
6699
6699
6699
6699
6699
6699
6699
6699
6699
6699
6699
6699
6699
6699
6699
6699
6699
6699
6699
6699
6699
6699
6699
6699
6699
6699
6699
6699
6699
6699
6699
6699
6699
6699
6699
6699
6699
6699
6699
6699
6699
6699
6699
6699
6699
6699
6699
6699
6699
6699
6699
6699
6699
6699
6699
6699
6699
6699
6699
6699
6699
6699
6699
6699
6699
6699
6699
6699
6699
6699
6699
6699
6699
6699
6699
6699
6699
6699
6699
6699
6699
6699
6699
6699
6699
6699
6699
6699
6699
6699
6699
6699
6699
6699
6699
6699
6699
6699
6699
6704
6704
6704
6704
6704
6704
6704
6704
6704
6704
6704
6704
6704
6703
6703
6703
6703
6703
6703
6703
6703
6703
6703
6703
6703
6703
6703
6703
6703
6703
6703
6703
6703
6703
6703
6703
6703
6703
6703
6703
6703
6703
6703
6703
6703
6703
6703
6703
6703
6703
6703
6703
6703
6703
6703
6703
6703
6703
6703
6703
6703
6703
6703
6703
6703
6703
6703
6703
6703
6703
6703
6703
6703
6703
6703
6703
6703
6703
6703
6703
6703
6703
6703
6703
6703
6703
6703
6703
6703
6703
6703
6703
6703
6703
6703
6703
6703
6703
6703
6703
6703
6703
6703
6703
6703
6703
6703
6703
6703
6703
6703
6703
6703
6703
6703
6703
6703
6703
6703
6703
6703
6703
6703
6703
6703
6703
6703
6703
6703
6703
6703
6703
6703
6703
6703
6703
6703
6703
6703
6703
6703
6703
6703
6703
6703
6703
6703
6703
6703
6703
6703
6703
6703
6703
6703
6703
6703
6703
6703
6703
6703
6703
6703
6703
6703
6703
6704
6704
6704
6704
6704
6704
6704
6704
6704
6704
6704
6704
6704
6704
6704
6704
6704
6704
6704
6704
6704
6704
6704
6704
6704
6704
6704
6704
6704
6704
6704
6704
6704
6704
6704
6704
6704
6704
6704
6704
6704
6704
6704
6704
6704
6704
6704
6704
6704
6704
6704
6704
6704
6704
6704
6704
6704
6704
6704
6704
6704
6704
6704
6704
6704
6704
6704
6704
6704
6704
6704
6704
6704
6704
6704
6704
6704
6704
6704
6704
6704
6704
6704
6704
6704
6704
6704
6704
6704
6704
6704
6704
6704
6704
6704
6704
6704
6704
6704
6704
6704
6704
6704
6704
6704
6704
6704
6711
6711
6711
6711
6711
6711
6711
6711
6711
6711
6711
6711
6711
6711
6711
6711
6711
6711
6711
6711
6711
6711
6711
6711
6711
6711
6711
6711
6711
6711
6711
6711
6711
6711
6711
6711
6711
6711
6710
6710
6710
6710
6707
6707
6707
6707
6707
6707
6707
6707
6707
6707
6707
6707
6707
6707
6707
6707
6707
6707
6707
6707
6707
6707
6704
6710
6710
6710
6710
6710
6710
6710
6710
6710
6704
6704
6704
6704
6704
6704
6704
6704
6704
6704
6704
6704
6704
6704
6704
6704
6704
6704
6704
6704
6704
6704
6704
6704
6704
6704
6704
6704
6704
6704
6704
6704
6704
6704
6704
6704
6704
6704
6704
6704
6704
6704
6704
6704
6704
6704
6704
6704
6704
6704
6704
6704
6704
6704
6704
6704
6704
6704
6704
6704
6704
6704
6704
6704
6710
6710
6710
6710
6710
6710
6710
6710
6710
6710
6710
6710
6710
6713
6713
6713
6713
6713
6713
6713
6713
6713
6713
6713
6713
6713
6713
6713
6713
6713
6713
6713
6713
6708
6708
6708
6708
6708
6708
6708
6708
6708
6708
6708
6708
6708
6708
6708
6708
6708
6696
6696
6696
6696
6696
6696
6696
6696
6696
6696
6696
6696
6696
6696
6696
6696
6696
6696
6696
6696
6696
6696
6696
6696
6696
6696
6696
6696
6696
6696
6696
6696
6696
6696
6696
6696
6696
6696
6696
6696
6696
6696
6696
6696
6696
6696
6696
6696
6696
6696
6696
6696
6696
6696
6695
6695
6695
6695
6695
6695
6695
6695
6695
6695
6695
6695
6695
6695
6695
6695
6695
6695
6695
6695
6695
6695
6695
6695
6695
6695
6695
6695
6695
6695
6695
6695
6695
6695
6695
6695
6695
6695
6695
6695
6695
6695
6695
6695
6695
6695
6695
6695
6695
6695
6695
6695
6695
6695
6695
6695
6695
6695
6695
6695
6695
6695
6695
6695
6692
6692
6692
6692
6692
6692
6692
6692
6692
6692
6692
6692
6692
6692
6692
6692
6692
6692
6692
6692
6692
6692
6692
6692
6692
6692
6692
6692
6692
6692
6692
6692
6692
6692
6692
6692
6692
6692
6692
6692
6692
6692
6692
6692
6692
6692
6692
6692
6692
6692
6692
6692
6692
6692
6692
6692
6692
6692
6692
6692
6692
6692
6692
6692
6692
6692
6692
6692
6692
6692
6692
6692
6692
6692
6692
6692
6692
6692
6692
6692
6692
6692
6692
6692
6692
6692
6692
6692
6692
6692
6692
6692
6692
6692
6692
6692
6692
6692
6692
6692
6692
6692
6695
6695
6695
6695
6695
6695
6695
6695
6695
6695
6695
6695
6695
6695
6695
6695
6695
6695
6695
6695
6695
6695
6695
6695
6695
6695
6695
6695
6695
6695
6695
6695
6695
6694
6694
6694
6694
6694
6694
6694
6694
6694
6694
6694
6694
6694
6694
6694
6694
6694
6694
6694
6694
6694
6694
6694
6694
6694
6694
6694
6694
6689
6689
6689
6689
6689
6689
6689
6689
6689
6689
6689
6684
6684
6684
6684
6684
6684
6684
6684
6684
6684
6684
6684
6684
6684
6689
6689
6689
6689
6692
6692
6692
6692
6692
6692
6692
6692
6674
6674
6674
6674
6674
6674
6674
6674
6674
6674
6674
6674
6674
6674
6674
6672
6672
6672
6672
6672
6672
6672
6672
6672
6672
6672
6672
6672
6672
6672
6672
6672
6672
6672
6672
6672
6672
6672
6672
6672
6672
6672
6672
6672
6672
6672
6672
6672
6672
6672
6672
6672
6672
6672
6672
6672
6672
6672
6672
6672
6672
6672
6672
6672
6672
6672
6672
6672
6672
6672
6672
6672
6672
6672
6672
6672
6672
6672
6672
6672
6672
6672
6672
6672
6672
6672
6672
6672
6672
6672
6672
6672
6672
6672
6672
6672
6672
6672
6672
6672
6672
6672
6672
6672
6672
6672
6672
6672
6672
6672
6672
6672
6672
6672
6672
6672
6672
6672
6672
6672
6672
6672
6672
6672
6672
6672
6672
6672
6672
6672
6672
6672
6672
6672
6672
6672
6672
6672
6672
6672
6672
6672
6672
6672
6672
6672
6672
6672
6672
6672
6672
6672
6672
6672
6672
6672
6672
6672
6672
6672
6672
6672
6672
6672
6672
6672
6672
6672
6672
6672
6672
6672
6672
6672
6672
6672
6672
6672
6672
6672
6672
6672
6672
6672
6672
6672
6672
6672
6672
6672
6672
6672
6672
6672
6672
6672
6672
6672
6665
6665
6665
6665
6665
6665
6665
6665
6665
6665
6665
6665
6665
6665
6665
6665
6665
6665
6665
6665
6665
6665
6665
6665
6665
6665
6665
6665
6665
6665
6665
6665
6665
6665
6665
6665
6665
6665
6665
6665
6665
6665
6665
6665
6665
6665
6665
6665
6665
6665
6665
6665
6665
6665
6665
6665
6665
6665
6665
6665
6665
6665
6665
6665
6665
6665
6665
6665
6665
6665
6665
6665
6665
6665
6665
6665
6665
6665
6665
6665
6665
6665
6665
6665
6665
6665
6665
6665
6665
6665
6665
6665
6665
6665
6665
6665
6665
6665
6665
6665
6665
6665
6665
6665
6665
6665
6665
6665
6663
6663
6663
6663
6663
6663
6663
6663
6663
6663
6663
6663
6663
6663
6663
6663
6663
6663
6663
6663
6663
6663
6663
6663
6663
6663
6663
6663
6663
6663
6663
6663
6655
6655
6655
6655
6655
6655
6655
6655
6655
6655
6655
6655
6655
6655
6655
6655
6655
6655
6655
6655
6655
6655
6655
6655
6655
6655
6655
6655
6655
6655
6655
6655
6655
6655
6655
6655
6655
6655
6655
6655
6655
6655
6655
6655
6655
6655
6655
6655
6655
6655
6655
6655
6655
6655
6655
6655
6655
6655
6655
6655
6655
6655
6655
6655
6655
6655
6655
6655
6655
6655
6655
6655
6655
6655
6655
6655
6655
6655
6655
6655
6655
6655
6655
6655
6655
6655
6655
6655
6655
6655
6655
6655
6655
6655
6655
6655
6655
6655
6655
6655
6655
6655
6655
6655
6655
6655
6655
6655
6655
6655
6655
6655
6655
6655
6655
6655
6655
6655
6655
6655
6655
6655
6655
6655
6655
6655
6655
6655
6655
6655
6655
6655
6655
6655
6655
6655
6655
6655
6655
6655
6655
6655
6655
6655
6655
6655
6655
6655
6655
6655
6655
6655
6655
6655
6655
6655
6655
6655
6655
6655
6655
6655
6655
6655
6655
6655
6655
6655
6655
6655
6655
6655
6655
6655
6655
6655
6655
6655
6655
6655
6655
6655
6655
6655
6655
6655
6655
6655
6655
6655
6655
6655
6655
6655
6655
6655
6655
6655
6655
6655
6655
6655
6655
6655
6655
6655
6655
6655
6655
6656
6656
6656
6656
6656
6656
6656
6656
6656
6656
6656
6656
6656
6656
6656
6656
6656
6656
6657
6657
6657
6657
6657
6657
6657
6657
6657
6657
6657
6657
6657
6657
6657
6657
6657
6657
6657
6657
6657
6657
6657
6657
6657
6657
6657
6657
6657
6657
6657
6657
6657
6657
6657
6657
6657
6657
6657
6657
6657
6657
6657
6657
6657
6657
6657
6657
6657
6657
6657
6657
6657
6657
6657
6657
6657
6657
6657
6657
6657
6657
6657
6657
6657
6657
6657
6657
6657
6657
6657
6657
6657
6657
6657
6657
6657
6657
6657
6657
6657
6657
6657
6657
6657
6657
6657
6657
6657
6657
6657
6657
6657
6657
6657
6657
6657
6657
6657
6657
6657
6657
6657
6657
6657
6657
6657
6657
6657
6657
6657
6657
6657
6657
6657
6657
6657
6657
6657
6657
6657
6657
6657
6657
6657
6657
6657
6657
6657
6657
6657
6657
6657
6657
6657
6657
6657
6657
6657
6657
6657
6657
6657
6657
6657
6657
6657
6657
6657
6657
6657
6657
6657
6657
6657
6657
6657
6657
6657
6657
6657
6657
6657
6657
6657
6657
6657
6657
6657
6657
6657
6657
6657
6657
6657
6657
6657
6657
6657
6657
6657
6657
6657
6657
6657
6657
6657
6657
6657
6657
6657
6657
6657
6657
6657
6657
6657
6657
6657
6657
6657
6657
6657
6657
6657
6657
6657
6657
6657
6657
6657
6657
6657
6657
6657
6657
6657
6657
6656
6656
6656
6656
6656
6656
6656
6656
6656
6656
6656
6656
6656
6656
6656
6656
6656
6656
6656
6656
6656
6656
6656
6656
6656
6656
6656
6656
6656
6656
6656
6656
6656
6656
6656
6656
6656
6656
6656
6656
6656
6656
6656
6656
6656
6656
6656
6656
6656
6657
6657
6657
6657
6657
6657
6657
6657
6657
6657
6657
6657
6657
6657
6657
6657
6657
6657
6657
6657
6657
6657
6657
6657
6657
6657
6657
6657
6654
6654
6654
6654
6654
6654
6654
6654
6654
6654
6654
6654
6654
6654
6654
