7602
7668
7616
7681
7695
7695
7653
7591
7603
7577
7627
7627
7597
7613
7655
7675
7645
7658
7575
7578
7591
7599
7584
7551
7598
7598
7647
7673
7690
7616
7642
7618
7638
7648
7649
7704
7774
7834
7860
7829
7874
7830
7831
7850
7901
7861
7837
7796
7839
7794
7790
7878
7878
7957
7859
7838
7903
7903
7951
7951
7859
7847
7808
7808
7852
7827
7768
7697
7659
7647
7700
7694
7720
7708
7746
7770
7669
7706
7680
7641
7640
7617
7617
7608
7637
7667
7667
7702
7674
7676
7706
7761
7682
7669
7644
7673
7673
7708
7763
7789
7792
7735
7735
7720
7757
7719
7666
7669
7645
7698
7709
7733
7717
7700
7676
7676
7627
7633
7620
7590
7627
7743
7687
7700
7710
7706
7783
7824
7837
7787
7778
7728
7772
7748
7749
7728
7710
7701
7673
7657
7617
7631
7709
7673
7638
7650
7623
7656
7703
7624
7743
7825
7773
7797
7805
7812
7827
7818
7837
7802
7699
7630
7603
7604
7625
7660
7695
7695
7663
7694
7672
7665
7639
7639
7693
7734
7753
7685
7745
7699
7631
7623
7663
7638
7638
7643
7743
7716
7766
7706
7687
7687
7661
7645
7620
7620
7624
7652
7652
7813
7909
7941
7908
7816
7801
7865
7806
7806
7757
7756
7766
7736
7735
7765
7772
7809
7829
7757
7790
7857
7829
7812
7791
7739
7752
7731
7708
7725
7691
7736
7689
7767
7821
7818
7813
7820
7841
7751
7789
7810
7902
7876
7891
7809
7823
7819
7813
7806
7792
7794
7794
7810
7810
7810
7788
7761
7786
7723
7807
7910
7780
7833
7875
7875
7890
7822
7775
7775
7710
7676
7716
7719
7776
7774
7816
7816
7816
7825
7825
7782
7690
7617
7660
7659
7659
7765
7820
7772
7725
7725
7725
7659
7680
7752
7754
7754
7727
7717
7715
7713
7689
7735
7790
7772
7723
7810
7819
7930
7828
7875
7871
7919
7891
7896
7896
7941
7906
7920
7980
7965
8004
8052
8061
8020
8033
8017
7930
7884
7920
7879
7879
7990
7909
7858
7889
7927
7927
7927
7927
7874
7767
7699
7721
7667
7643
7700
7663
7655
7617
7634
7634
7694
7698
7727
7747
7737
7762
7753
7842
7844
7881
7878
7805
7827
7836
7923
7967
7936
7937
7889
7895
7949
7972
7934
7994
8004
8004
8068
8035
8030
7973
7975
8028
8042
8044
7977
7977
7924
7831
7808
7769
7748
7807
7786
7802
7802
7794
7840
7944
7951
7940
7993
7913
7938
7936
7858
7858
7936
7981
7984
7993
7941
7885
7879
7902
7833
7973
7973
8010
7978
7902
7966
7966
7896
7896
7903
7903
7903
7894
7854
7812
7840
7818
7785
7718
7718
7637
7681
7736
7665
7713
7705
7802
7798
7750
7789
7789
7678
7717
7728
7739
7804
7729
7779
7772
7816
7848
7826
7842
7851
7834
7834
7823
7777
7750
7678
7680
7676
7687
7671
7671
7723
7748
7778
7701
7749
7742
7714
7714
7714
7714
7770
7772
7710
7712
7636
7647
7647
7695
7670
7591
7625
7586
7602
7500
7537
7537
7537
7524
7576
7636
7591
7639
7732
7789
7846
7786
7789
7760
7784
7795
7797
7857
7884
8017
7955
7900
7881
7864
7867
7921
7840
7817
7829
7829
7829
7895
7947
7912
7842
7872
7819
7807
7789
7749
7710
7710
7742
7704
7760
7732
7761
7682
7630
7630
7678
7678
7658
7739
7709
7669
7625
7606
7606
7594
7635
7646
7704
7654
7654
7695
7691
7691
7706
7719
7802
7867
7895
7866
7858
7835
7911
7876
7904
7903
7903
7849
7782
7789
7837
7837
7814
7901
7853
7842
7899
7837
7894
7925
7906
7909
7977
7967
7967
7902
7897
7897
7925
7995
7920
7920
7872
7830
7915
7914
7928
7861
7822
7918
7835
7846
7862
7739
7734
7789
7818
7905
8008
7933
7933
7933
7950
7950
7922
7880
7890
7886
7817
7873
7934
7847
7764
7815
7870
7854
7842
7891
7920
7939
7892
7915
7915
7973
7903
7891
7838
7866
7866
7880
7939
7958
7958
7952
7879
7879
7940
7887
7851
7829
7795
7757
7754
7709
7753
7759
7827
7737
7703
7812
7779
7848
7841
7894
7940
7906
7918
7878
7875
7834
7855
7848
7851
7839
7842
7947
7934
7912
7917
7902
7836
7889
7925
7931
7935
7927
7912
7907
7907
7919
7877
7865
7865
7861
7819
7865
7853
7957
7957
7947
7968
7961
7910
7862
7862
7800
7814
7805
7814
7796
7716
7714
7704
7627
7630
7621
7606
7608
7614
7624
7602
7648
7672
7656
7662
7671
7642
7650
7650
7691
7739
7724
7646
7705
7740
7740
7721
7680
7671
7708
7637
7653
7580
7683
7677
7653
7513
7472
7546
7561
7586
7575
7627
7601
7614
7651
7606
7606
7658
7605
7618
7611
7573
7567
7567
7536
7532
7539
7579
7519
7562
7570
7528
7557
7593
7551
7507
7511
7482
7492
7491
7541
7590
7645
7605
7640
7710
7851
7912
7854
7798
7814
7831
7740
7653
7681
7613
7666
7699
7728
7729
7679
7680
7546
7597
7599
7574
7599
7599
7643
7660
7564
7604
7543
7608
7680
7676
7640
7615
7647
7654
7654
7589
7631
7665
7657
7592
7602
7575
7575
7583
7583
7653
7628
7641
7642
7610
7643
7609
7589
7559
7629
7594
7660
7660
7667
7707
7593
7596
7605
7620
7603
7664
7664
7624
7673
7641
7625
7636
7633
7655
7692
7675
7645
7613
7543
7554
7598
7598
7560
7659
7678
7743
7728
7663
7694
7792
7835
7776
7846
7723
7707
7684
7723
7724
7709
7694
7758
7749
7749
7749
7738
7722
7742
7742
7738
7755
7761
7781
7786
7817
7866
7795
7765
7763
7727
7734
7746
7828
7823
7832
7811
7807
7750
7750
7745
7735
7720
7769
7787
7849
7854
7854
7780
7718
7701
7711
7742
7681
7576
7590
7639
7722
7692
7627
7626
7578
7578
7613
7650
7692
7676
7697
7712
7726
7722
7722
7826
7826
7879
7881
7891
7846
7823
7823
7824
7876
7832
7793
7786
7935
7876
7832
7796
7786
7899
7928
7873
7817
7817
7900
7912
7827
7827
7864
7901
7954
7994
8008
7902
7934
7959
7988
7915
7911
7896
7894
7922
7928
8037
8018
7947
8006
8023
7990
7925
7925
7932
7818
7908
7904
7863
7903
7975
7942
7909
7913
7851
7862
7835
7797
7797
7795
7786
7844
7907
7889
7909
7883
7865
7882
7879
7985
8051
7999
8024
8082
8083
8068
8063
8109
8099
8046
8042
8062
8027
8026
8049
8067
8046
8046
8047
8003
7968
7915
7860
7870
7828
7830
7849
7856
7789
7789
7810
7801
7781
7765
7754
7767
7801
7801
7799
7780
7820
7744
7689
7733
7681
7797
7745
7764
7790
7819
7807
7802
7798
7838
7814
7819
7914
7880
7834
7908
7851
7879
7920
7875
7832
7804
7855
7775
7782
7804
7923
7870
7820
7828
7706
7706
7716
7752
7752
7784
7734
7759
7759
7788
7783
7818
7827
7787
7866
7802
7775
7774
7672
7653
7604
7590
7530
7579
7546
7585
7671
7671
7671
7719
7683
7693
7730
7728
7756
7760
7777
7753
7720
7677
7611
7642
7652
7702
7718
7682
7719
7719
7649
7649
7642
7726
7634
7742
7742
7734
7731
7738
7713
7728
7721
7774
7735
7735
7678
7680
7603
7619
7672
7623
7581
7586
7577
7552
7563
7648
7607
7549
7575
7582
7592
7592
7606
7575
7633
7583
7593
7632
7564
7610
7564
7531
7512
7492
7500
7500
7507
7492
7492
7462
7407
7381
7381
7463
7456
7426
7446
7487
7508
7477
7437
7542
7571
7642
7642
7621
7628
7662
7724
7715
7719
7767
7738
7730
7730
7728
7744
7650
7650
7645
7636
7563
7644
7644
7633
7721
7650
7650
7711
7622
7651
7704
7677
7691
7691
7691
7690
7718
7679
7626
7640
7609
7677
7725
7682
7724
7778
7701
7687
7700
7693
7701
7706
7728
7719
7729
7666
7698
7745
7604
7695
7681
7764
7742
7766
7819
7819
7819
7809
7737
7736
7625
7594
7623
7649
7641
7641
7594
7633
7732
7755
7716
7716
7670
7586
7561
7577
7549
7601
7583
7583
7583
7583
7634
7685
7663
7749
7812
7767
7779
7763
7829
7945
7920
7979
7979
8043
8043
8052
8050
8069
7982
7995
8111
8094
7997
7996
8039
8094
8136
8166
8166
8194
8169
8115
8094
7930
7987
7987
7986
8053
8036
8031
8036
7925
7925
7951
7951
7977
7972
8088
8126
8172
8153
8099
8098
8047
7945
7948
7948
7889
7889
7844
7797
7713
7692
7692
7803
7791
7739
7832
7822
7820
7745
7792
7792
7724
7713
7727
7773
7777
7713
7767
7767
7840
7848
7724
7762
7735
7684
7684
7673
7723
7738
7783
7820
7774
7791
7865
7968
8029
8066
7972
7985
7940
7967
7895
7797
7805
7783
7740
7829
7768
7775
7660
7672
7730
7686
7793
7850
7855
7852
7826
7826
7817
7890
7834
7834
7777
7755
7755
7776
7769
7784
7749
7857
7898
7890
7833
7732
7759
7774
7793
7796
7777
7777
7789
7814
7779
7686
7713
7783
7897
7883
7863
7815
7770
7770
7766
7734
7762
7779
7747
7690
7663
7663
7694
7689
7717
7671
7704
7726
7726
7752
7690
7690
7737
7698
7660
7660
7656
7711
7715
7678
7641
7641
7704
7767
7767
7760
7757
7707
7734
7771
7744
7761
7761
7711
7695
7710
7739
7800
7867
7778
7934
7902
7848
7821
7799
7869
7937
7877
7877
7770
7845
7834
7969
7918
7852
7916
7916
7877
7877
7950
7998
7995
7948
7893
7877
7870
7895
7863
7888
7917
8008
8008
8026
7951
7972
7872
7939
7958
7959
7947
7947
7901
7915
7780
7866
7766
7739
7791
7791
7791
7764
7750
7709
7723
7768
7742
7748
7748
7748
7758
7758
7767
7767
7750
7794
7803
7852
7768
7739
7694
7706
7712
7728
7728
7698
7703
7645
7680
7680
7680
7629
7629
7639
7809
7740
7821
7861
7861
7790
7836
7903
7922
7922
7921
7931
7931
7938
7969
7955
7950
7980
8010
7939
8076
8079
8016
7982
7922
7949
7944
7841
7841
7856
7814
7835
7845
7791
7804
7804
7822
7805
7849
7849
7905
7919
7942
7907
7917
7893
7893
8012
7942
7901
7926
7926
7867
7813
7836
7696
7709
7690
7703
7716
7726
7726
7726
7726
7647
7670
7708
7694
7804
7782
7689
7703
7663
7634
7614
7631
7697
7705
7705
7716
7710
7680
7689
7738
7738
7738
7773
7811
7762
7762
7804
7874
7821
7827
7791
7769
7786
7881
7873
7848
7852
7794
7794
7773
7821
7821
7832
7879
7891
7955
8001
7999
8091
8109
8149
8163
8138
8138
8138
8082
8010
7942
7865
7865
7865
7799
7810
7786
7712
7711
7672
7634
7632
7615
7746
7710
7806
7843
7817
7817
7883
7881
7881
7881
7803
7883
7926
7832
7860
7833
7904
7886
7900
7936
7919
7946
7991
7980
7978
7958
7968
7954
7992
8036
8052
8006
7991
7991
8025
7940
7940
7927
7926
7897
7820
7843
7925
7954
7968
7987
7979
8005
8005
8005
7972
8000
8049
7995
7964
8024
7966
8014
8038
8143
8077
7948
7948
7918
7824
7864
7864
7902
7793
7757
7662
7638
7640
7770
7775
7775
7763
7763
7832
7816
7802
7751
7739
7719
7734
7709
7620
7620
7640
7613
7613
7588
7588
7660
7704
7708
7706
7706
7717
7722
7748
7861
7841
7796
7689
7689
7760
7763
7717
7706
7665
7702
7644
7660
7640
7686
7634
7639
7677
7829
7893
7893
7867
7832
7805
7801
7842
7808
7830
7784
7793
7798
7770
7770
7757
7850
7845
7857
7823
7749
7729
7770
7756
7822
7820
7820
7820
7868
7868
7895
7853
7880
7973
8077
8068
7995
7995
8009
7899
7918
7958
7958
7940
7940
7950
8021
7970
7970
7981
7893
7948
7949
7956
7944
7883
7884
7828
7794
7839
7857
7867
7880
7968
7961
7980
7955
7948
7948
7948
7948
7952
7978
7956
8007
8001
7993
8005
7960
7977
7988
7991
8025
7932
7894
7894
7893
7846
7846
7783
7763
7778
7787
7771
7799
7799
7799
7815
7804
7698
7755
7812
7856
7840
7819
7848
7881
7812
7915
7933
7997
8035
7964
8007
7963
7931
7918
7937
7919
7951
7958
7888
7954
7902
7886
7842
7808
7807
7771
7771
7796
7821
7794
7794
7799
7812
7797
7836
7826
7826
7831
7831
7832
7762
7762
7863
7858
7827
7848
7828
7863
7839
7823
7823
7878
7946
7940
7913
7859
7894
7894
7868
7977
7909
8002
8002
8119
8119
8122
8122
8122
8083
8075
8034
8028
8012
8096
7968
7886
7895
7899
7852
7840
7880
7799
7851
7902
7890
7890
7832
7899
7899
7938
7845
7811
7785
7785
7735
7752
7752
7736
7725
7742
7731
7712
7729
7729
7673
7651
7689
7795
7755
7724
7795
7847
7791
7708
7711
7794
7784
7728
7734
7775
7858
7964
7816
7807
7771
7744
7764
7761
7761
7764
7762
7756
7756
7746
7692
7620
7616
7630
7674
7731
7788
7779
7786
7702
7685
7786
7786
7734
7730
7766
7727
7758
7834
7789
7741
7763
7763
7721
7685
7583
7580
7599
7575
7602
7583
7618
7627
7680
7680
7594
7577
7546
7551
7619
7696
7706
7670
7681
7662
7676
7705
7699
7649
7672
7659
7719
7649
7680
7749
7691
7648
7668
7699
7644
7602
7602
7602
7579
7620
7668
7639
7629
7615
7595
7657
7632
7642
7696
7704
7770
7732
7730
7784
7824
7824
7880
7867
7798
7770
7763
7679
7592
7668
7675
7664
7609
7624
7681
7654
7723
7753
7749
7673
7686
7686
7721
7721
7742
7729
7797
7782
7755
7793
7754
7777
7777
7777
7721
7708
7691
7691
7728
7728
7654
7613
7647
7609
7628
7600
7569
7601
7612
7612
7632
7608
7608
7586
7557
7633
7585
7599
7637
7633
7595
7640
7641
7648
7688
7709
7738
7725
7647
7568
7543
7543
7526
7526
7568
7613
7627
7662
7662
7649
7663
7643
7650
7633
7604
7676
7730
7756
7694
7719
7688
7616
7686
7740
7682
7686
7667
7709
7711
7761
7825
7719
7696
7810
7768
7775
7780
7810
7808
7830
7821
7848
7848
7883
7820
7858
7790
7803
7806
7790
7876
7947
7929
7914
7897
7893
7907
7907
7907
7907
7898
7835
7801
7842
7842
7799
7825
7847
7890
7911
7830
7742
7792
7719
7762
7807
7780
7875
7883
7879
7956
7872
7856
7855
7903
7904
7963
7955
7854
7832
7813
7794
7771
7780
7761
7802
7853
7846
7838
7809
7808
7753
7782
7774
7736
7714
7771
7750
7777
7815
7799
7879
7899
7804
7790
7742
7801
7755
7681
7698
7640
7540
7558
7570
7570
7559
7586
7682
7646
7646
7627
7627
7595
7639
7639
7639
7639
7666
7687
7687
7681
7681
7716
7742
7732
7773
7764
7698
7698
7735
7735
7729
7655
7635
7648
7691
7706
7680
7619
7606
7631
7615
7628
7648
7644
7644
7672
7672
7708
7679
7643
7654
7700
7716
7664
7653
7647
7647
7665
7741
7714
7756
7859
7821
7738
7746
7867
7879
7849
7853
7857
7878
7943
8043
7933
7940
7891
7939
7939
7916
7917
7927
7927
7965
7950
7966
7966
7956
8029
8013
8013
8046
8046
7999
7999
8019
7985
7928
7818
7792
7841
7784
7781
7735
7750
7750
7705
7784
7762
7767
7763
7728
7699
7689
7689
7717
7704
7704
7712
7689
7689
7719
7719
7667
7667
7755
7723
7724
7692
7692
7638
7641
7680
7717
7692
7678
7715
7648
7612
7581
7581
7654
7610
7610
7628
7633
7637
7637
7655
7783
7722
7655
7655
7632
7678
7658
7643
7677
7753
7754
7739
7673
7681
7740
7762
7751
7751
7742
7742
7743
7743
7743
7718
7665
7664
7612
7612
7651
7659
7646
7647
7662
7656
7689
7699
7751
7721
7771
7753
7851
7809
7809
7783
7783
7721
7677
7646
7684
7626
7671
7671
7696
7696
7698
7643
7616
7629
7629
7695
7695
7737
7784
7771
7690
7690
7690
7718
7707
7703
7703
7703
7689
7730
7797
7744
7765
7778
7811
7805
7793
7708
7776
7773
7839
7874
7875
7896
7871
7812
7843
7843
7781
7781
7822
7829
7854
7809
7827
7839
7856
7785
7785
7763
7847
7919
7823
7822
7831
7831
7825
7812
7714
7663
7652
7672
7672
7643
7613
7670
7692
7692
7620
7610
7667
7667
7829
7763
7857
7791
7793
7750
7778
7740
7732
7824
7826
7796
7743
7740
7740
7806
7758
7852
7805
7770
7803
7795
7715
7689
7642
7627
7685
7692
7708
7702
7702
7681
7698
7657
7657
7651
7639
7712
7691
7650
7603
7642
7608
7601
7580
7596
7602
7560
7538
7647
7679
7671
7614
7614
7623
7727
7692
7678
7701
7688
7681
7705
7699
7709
7709
7799
7799
7746
7764
7738
7700
7723
7708
7708
7708
7704
7744
7782
7755
7614
7699
7776
7712
7845
7821
7809
7791
7767
7735
7819
7777
7777
7801
7801
7801
7811
7802
7802
7725
7818
7818
7818
7770
7688
7702
7672
7670
7634
7625
7661
7690
7705
7709
7773
7756
7768
7805
7822
7862
7834
7836
7836
7831
7893
7852
7829
7809
7769
7809
7833
7857
7868
7931
7896
7796
7852
7847
7818
7792
7818
7822
7860
7892
7892
7834
7876
7876
7825
7776
7787
7815
7815
7815
7818
7838
7784
7784
7762
7729
7709
7758
7758
7758
7787
7802
7718
7710
7710
7709
7720
7664
7627
7627
7649
7645
7628
7560
7552
7610
7678
7678
7630
7689
7722
7747
7646
7701
7638
7638
7604
7604
7568
7568
7591
7623
7611
7601
7594
7615
7615
7597
7597
7560
7577
7577
7577
7577
7634
7631
7711
7707
7718
7718
7718
7722
7726
7742
7656
7719
7656
7659
7691
7694
7699
7625
7554
7566
7622
7655
7660
7676
7631
7560
7560
7455
7413
7449
7470
7470
7470
7454
7454
7467
7467
7467
7493
7493
7509
7475
7532
7535
7550
7583
7608
7551
7561
7561
7548
7522
7504
7530
7508
7559
7621
7647
7671
7699
7727
7749
7804
7722
7722
7642
7642
7679
7732
7727
7651
7651
7630
7630
7668
7668
7728
7704
7704
7733
7678
7593
7595
7595
7703
7591
7554
7603
7603
7623
7623
7636
7638
7638
7585
7598
7694
7694
7694
7644
7647
7654
7582
7588
7602
7586
7575
7571
7571
7589
7572
7616
7603
7566
7549
7549
7549
7585
7610
7592
7526
7526
7520
7450
7449
7482
7501
7501
7511
7511
7533
7536
7462
7449
7492
7465
7430
7467
7491
7505
7505
7449
7399
7421
7421
7429
7429
7413
7413
7413
7455
7429
7469
7499
7495
7453
7590
7601
7601
7601
7592
7592
7648
7665
7686
7688
7688
7688
7719
7704
7723
7723
7653
7693
7718
7808
7808
7752
7665
7646
7655
7646
7655
7657
7613
7613
7646
7638
7621
7733
7733
7750
7767
7815
7740
7752
7752
7752
7752
7792
7769
7720
7670
7679
7602
7594
7594
7594
7594
7594
7550
7550
7533
7509
7495
7512
7508
7441
7441
7441
7466
7466
7501
7494
7586
7547
7584
7515
7515
7515
7591
7588
7517
7520
7542
7568
7569
7548
7574
7548
7547
7547
7525
7602
7572
7575
7595
7595
7542
7542
7577
7554
7570
7636
7621
7621
7637
7626
7647
7647
7608
7690
7639
7699
7744
7732
7671
7671
7661
7678
7669
7659
7641
7687
7687
7687
7609
7673
7706
7754
7684
7727
7683
7675
7696
7700
7665
7652
7652
7652
7610
7578
7575
7542
7513
7513
7526
7571
7546
7577
7611
7606
7624
7716
7601
7619
7619
7684
7726
7726
7714
7720
7729
7729
7779
7779
7752
7752
7735
7783
7793
7793
7793
7793
7840
7824
7805
7746
7801
7822
7766
7766
7867
7867
7822
7833
7826
7876
7898
7921
7883
7906
7866
7870
7884
7873
7873
7843
7828
7781
7809
7807
7750
7887
7869
7923
7923
7927
7927
7969
7934
7900
7900
7869
7938
7833
7830
7841
7789
7789
7797
7804
7782
7780
7776
7776
7783
7783
7753
7761
7731
7741
7723
7649
7604
7590
7641
7667
7730
7700
7745
7734
7734
7757
7720
7751
7751
7751
7672
7640
7654
7692
7612
7614
7656
7538
7518
7531
7629
7591
7603
7588
7601
7601
7655
7709
7788
7786
7775
7760
7771
7861
7881
7841
7872
7894
7878
7878
7821
7835
7778
7791
7863
7853
7828
7806
7826
7835
7831
7762
7731
7758
7731
7657
7730
7732
7732
7738
7609
7589
7563
7567
7595
7595
7646
7606
7533
7516
7516
7512
7512
7514
7512
7520
7502
7518
7506
7485
7483
7503
7458
7502
7513
7513
7513
7568
7654
7713
7716
7716
7756
7716
7724
7722
7687
7701
7700
7619
7619
7619
7605
7600
7601
7602
7592
7592
7579
7641
7618
7577
7590
7581
7594
7546
7554
7613
7610
7610
7610
7635
7635
7635
7589
7585
7646
7662
7663
7614
7614
7649
7649
7640
7632
7632
7711
7711
7711
7722
7776
7752
7778
7743
7769
7769
7688
7721
7695
7711
7711
7631
7584
7585
7608
7634
7586
7612
7627
7655
7655
7668
7668
7668
7641
7615
7615
7619
7570
7598
7617
7617
7521
7540
7607
7561
7561
7549
7510
7510
7539
7559
7480
7480
7480
7480
7558
7597
7598
7555
7555
7492
7520
7460
7496
7508
7497
7497
7558
7542
7541
7462
7419
7402
7402
7402
7422
7422
7426
7444
7429
7499
7578
7555
7555
7607
7615
7615
7630
7663
7664
7664
7664
7664
7560
7689
7704
7733
7714
7714
7723
7700
7698
7691
7714
7699
7681
7687
7609
7611
7611
7627
7671
7631
7631
7677
7677
7671
7656
7664
7684
7684
7739
7719
7689
7696
7696
7681
7681
7659
7610
7610
7610
7628
7642
7642
7642
7642
7642
7701
7701
7729
7729
7770
7849
7883
7883
7857
7821
7821
7821
7849
7827
7782
7782
7825
7825
7787
7787
7748
7759
7759
7730
7738
7742
7702
7730
7730
7664
7722
7723
7710
7581
7581
7604
7568
7568
7568
7581
7582
7600
7626
7664
7664
7658
7658
7633
7640
7602
7557
7533
7559
7542
7622
7622
7587
7547
7547
7576
7594
7594
7620
7620
7595
7613
7613
7592
7616
7620
7614
7620
7620
7619
7570
7570
7599
7599
7630
7612
7614
7594
7621
7592
7537
7572
7609
7623
7623
7623
7709
7749
7716
7742
7742
7803
7892
7906
7906
7895
7839
7839
7786
7786
7769
7735
7734
7656
7689
7713
7689
7679
7668
7703
7722
7719
7694
7694
7694
7714
7714
7726
7721
7715
7715
7659
7667
7680
7761
7757
7802
7732
7747
7653
7657
7605
7540
7564
7559
7539
7543
7544
7544
7544
7544
7508
7475
7475
7569
7525
7534
7538
7521
7521
7563
7536
7485
7485
7521
7433
7438
7438
7430
7430
7430
7470
7536
7536
7536
7536
7536
7501
7518
7521
7501
7501
7494
7549
7549
7573
7633
7619
7606
7606
7612
7619
7619
7514
7517
7511
7511
7511
7508
7541
7505
7544
7544
7544
7544
7527
7527
7550
7550
7547
7547
7518
7482
7508
7525
7513
7513
7569
7600
7604
7618
7604
7629
7629
7629
7577
7577
7615
7611
7562
7503
7516
7479
7471
7455
7455
7498
7498
7498
7552
7540
7540
7540
7557
7580
7521
7527
7527
7562
7616
7590
7590
7661
7727
7775
7793
7661
7587
7549
7577
7577
7559
7570
7557
7508
7553
7516
7554
7507
7571
7571
7530
7545
7522
7582
7551
7551
7577
7577
7584
7607
7607
7607
7632
7632
7645
7645
7621
7643
7643
7574
7537
7520
7541
7516
7516
7467
7576
7553
7553
7514
7592
7592
7564
7564
7508
7508
7531
7592
7592
7592
7553
7516
7523
7517
7517
7491
7464
7488
7488
7436
7471
7471
7496
7497
7518
7543
7595
7537
7537
7491
7501
7469
7572
7593
7566
7624
7624
7600
7581
7545
7564
7564
7588
7568
7568
7568
7521
7572
7525
7519
7514
7489
7452
7467
7423
7458
7461
7436
7453
7455
7416
7416
7455
7360
7357
7320
7320
7330
7379
7377
7482
7490
7428
7428
7428
7398
7399
7454
7454
7385
7385
7377
7377
7377
7368
7379
7344
7344
7348
7348
7426
7426
7426
7465
7489
7507
7507
7492
7567
7567
7567
7593
7609
7609
7631
7627
7661
7661
7661
7671
7627
7627
7584
7584
7626
7626
7626
7669
7629
7630
7630
7595
7637
7698
7698
7697
7697
7697
7690
7794
7794
7794
7781
7833
7850
7850
7850
7786
7783
7804
7798
7897
7875
7881
7881
7850
7826
7752
7811
7811
7847
7777
7774
7762
7756
7834
7845
7821
7802
7798
7798
7813
7874
7883
7877
7890
7892
7913
7896
7846
7828
7810
7872
7930
7909
7924
7869
7835
7835
7834
7795
7793
7805
7831
7738
7738
7723
7727
7701
7722
7692
7740
7742
7641
7664
7664
7664
7680
7665
7618
7618
7527
7473
7480
7500
7520
7520
7540
7659
7681
7681
7697
7662
7678
7695
7657
7698
7652
7636
7660
7591
7606
7606
7612
7648
7654
7654
7602
7602
7555
7555
7555
7603
7584
7584
7586
7629
7628
7624
7625
7639
7639
7691
7694
7626
7658
7658
7586
7565
7543
7543
7511
7475
7523
7473
7473
7476
7488
7421
7377
7418
7418
7414
7381
7431
7360
7360
7360
7359
7334
7334
7371
7371
7371
7387
7447
7427
7437
7459
7506
7522
7522
7518
7518
7518
7533
7533
7533
7480
7480
7480
7443
7459
7444
7437
7437
7437
7430
7410
7410
7381
7381
7406
7374
7398
7421
7404
7447
7417
7379
7390
7302
7334
7368
7380
7380
7406
7378
7393
7399
7381
7381
7381
7370
7311
7310
7335
7334
7334
7334
7354
7402
7414
7414
7414
7380
7380
7405
7357
7427
7464
7442
7442
7448
7441
7441
7473
7473
7465
7465
7465
7446
7491
7464
7412
7455
7418
7418
7378
7378
7374
7313
7314
7329
7327
7355
7355
7355
7326
7326
7359
7363
7349
7349
7405
7405
7405
7401
7372
7372
7372
7341
7379
7379
7354
7355
7388
7354
7342
7347
7341
7407
7344
7363
7407
7381
7433
7433
7433
7426
7379
7385
7448
7448
7507
7549
7555
7589
7589
7624
7624
7624
7624
7624
7624
7593
7595
7595
7595
7622
7620
7552
7548
7531
7534
7511
7551
7562
7575
7575
7557
7601
7522
7522
7493
7493
7524
7524
7561
7561
7561
7602
7554
7565
7565
7612
7612
7612
7598
7611
7611
7611
7638
7545
7545
7543
7477
7459
7455
7455
7473
7473
7473
7473
7473
7476
7476
7500
7494
7494
7470
7489
7459
7459
7468
7469
7469
7469
7469
7469
7461
7461
7495
7495
7495
7495
7522
7487
7612
7612
7568
7568
7553
7504
7559
7566
7566
7540
7465
7437
7437
7425
7473
7461
7427
7430
7430
7430
7467
7467
7467
7467
7467
7467
7519
7519
7512
7490
7479
7476
7476
7432
7432
7432
7496
7543
7547
7522
7522
7542
7475
7423
7389
7441
7486
7491
7521
7521
7526
7526
7526
7503
7522
7501
7501
7507
7507
7490
7542
7542
7581
7580
7580
7546
7503
7495
7563
7563
7563
7581
7626
7626
7626
7626
7619
7579
7550
7638
7635
7635
7635
7597
7565
7560
7572
7494
7494
7483
7478
7478
7478
7469
7541
7533
7570
7570
7579
7600
7599
7584
7578
7530
7530
7530
7530
7528
7528
7530
7558
7560
7531
7471
7461
7461
7459
7459
7492
7472
7479
7479
7487
7513
7492
7492
7500
7500
7530
7530
7530
7521
7521
7599
7584
7521
7521
7517
7517
7517
7518
7518
7518
7539
7531
7531
7531
7547
7547
7547
7547
7547
7547
7526
7526
7526
7536
7531
7519
7582
7566
7566
7590
7638
7627
7627
7627
7627
7772
7817
7823
7764
7740
7740
7734
7734
7774
7774
7774
7774
7768
7735
7735
7699
7717
7637
7637
7723
7736
7736
7772
7772
7756
7769
7769
7776
7746
7775
7775
7801
7802
7813
7813
7824
7897
7897
7870
7900
7903
7903
7948
7948
7948
7872
7833
7833
7822
7808
7737
7694
7695
7727
7727
7670
7678
7680
7648
7648
7664
7625
7625
7625
7622
7693
7675
7717
7708
7708
7715
7715
7715
7715
7715
7642
7605
7605
7606
7637
7681
7639
7639
7639
7639
7639
7639
7635
7635
7635
7633
7614
7614
7614
7610
7591
7654
7658
7677
7677
7677
7677
7650
7650
7689
7670
7661
7632
7733
7623
7620
7620
7699
7708
7700
7700
7734
7734
7764
7754
7786
7698
7698
7698
7716
7716
7750
7747
7793
7794
7815
7815
7815
7777
7780
7817
7817
7899
7899
7966
7966
7966
7924
7888
7897
7897
7817
7825
7809
7809
7817
7817
7829
7862
7798
7798
7798
7833
7833
7804
7775
7775
7847
7819
7821
7844
7783
7783
7783
7783
7723
7690
7716
7686
7631
7669
7727
7727
7727
7750
7745
7745
7697
7718
7718
7720
7788
7809
7754
7720
7711
7727
7834
7851
7741
7741
7756
7756
7756
7746
7746
7719
7697
7697
7669
7675
7675
7675
7675
7715
7759
7735
7735
7735
7736
7733
7716
7682
7682
7715
7715
7716
7708
7724
7728
7677
7677
7677
7700
7690
7705
7705
7705
7713
7721
7721
7721
7678
7697
7617
7609
7627
7602
7539
7617
7626
7626
7659
7629
7629
7624
7598
7605
7624
7624
7663
7664
7664
7613
7594
7631
7620
7620
7633
7556
7543
7543
7569
7503
7480
7475
7475
7475
7475
7472
7472
7472
7475
7475
7491
7491
7491
7506
7553
7553
7524
7496
7496
7469
7502
7508
7570
7558
7567
7536
7543
7556
7556
7532
7532
7477
7477
7444
7444
7479
7477
7505
7533
7578
7578
7574
7595
7537
7510
7510
7510
7510
7590
7602
7602
7602
7549
7482
7482
7482
7482
7527
7477
7477
7429
7429
7429
7482
7482
7451
7451
7455
7474
7474
7474
7453
7464
7464
7464
7464
7464
7489
7544
7502
7502
7477
7433
7420
7420
7420
7420
7404
7404
7400
7380
7436
7436
7493
7481
7481
7516
7514
7510
7519
7505
7434
7434
7410
7408
7411
7411
7411
7446
7446
7446
7493
7493
7493
7493
7471
7450
7477
7484
7484
7484
7484
7484
7482
7501
7487
7520
7520
7484
7504
7434
7434
7434
7408
7414
7444
7444
7444
7483
7478
7478
7463
7488
7402
7402
7368
7368
7368
7368
7368
7356
7326
7336
7311
7342
7366
7397
7390
7397
7417
7417
7417
7494
7460
7453
7447
7447
7384
7384
7418
7418
7385
7385
7385
7402
7460
7484
7445
7450
7470
7470
7470
7449
7447
7447
7477
7477
7417
7433
7375
7392
7390
7395
7417
7440
7475
7491
7447
7447
7447
7485
7485
7521
7518
7518
7518
7526
7526
7562
7534
7516
7516
7534
7540
7604
7604
7530
7530
7491
7491
7491
7491
7510
7533
7533
7533
7525
7525
7518
7549
7557
7570
7560
7496
7525
7525
7525
7560
7560
7574
7574
7574
7486
7434
7479
7462
7499
7438
7508
7508
7514
7514
7514
7461
7461
7412
7388
7408
7395
7395
7395
7395
7426
7418
7418
7418
7412
7419
7419
7446
7448
7411
7415
7413
7441
7441
7392
7392
7462
7470
7488
7488
7572
7572
7603
7578
7612
7612
7588
7578
7518
7485
7462
7462
7368
7372
7355
7355
7381
7381
7381
7381
7391
7391
7370
7329
7329
7329
7329
7310
7294
7306
7306
7286
7286
7310
7310
7277
7260
7260
7260
7314
7280
7267
7267
7262
7262
7262
7262
7262
7262
7262
7262
7279
7288
7288
7288
7288
7389
7368
7368
7368
7359
7340
7340
7312
7256
7256
7256
7256
7256
7256
7297
7297
7317
7361
7319
7319
7294
7309
7309
7309
7309
7309
7309
7255
7255
7255
7267
7267
7268
7268
7315
7315
7294
7298
7298
7266
7324
7324
7324
7324
7421
7430
7395
7340
7363
7366
7366
7366
7366
7366
7402
7402
7436
7405
7390
7457
7404
7404
7383
7383
7383
7383
7357
7357
7357
7357
7357
7439
7411
7411
7411
7411
7411
7411
7411
7398
7398
7382
7382
7382
7382
7360
7335
7391
7394
7391
7371
7371
7371
7371
7375
7375
7431
7474
7501
7508
7508
7508
7508
7508
7411
7411
7411
7382
7382
7376
7376
7376
7385
7378
7362
7356
7325
7325
7325
7325
7325
7325
7325
7325
7325
7325
7381
7367
7367
7326
7326
7281
7280
7280
7271
7271
7271
7271
7271
7264
7264
7264
7264
7264
7253
7262
7262
7262
7262
7290
7343
7389
7389
7298
7295
7302
7302
7302
7302
7322
7337
7338
7391
7381
7399
7399
7387
7349
7374
7374
7374
7373
7373
7373
7354
7415
7287
7301
7294
7272
7272
7272
7279
7279
7277
7277
7277
7268
7254
7287
7287
7287
7287
7287
7348
7348
7348
7333
7333
7333
7333
7380
7393
7386
7372
7372
7372
7372
7372
7372
7381
7381
7381
7368
7368
7340
7396
7426
7426
7438
7391
7391
7391
7361
7361
7361
7304
7304
7304
7304
7324
7324
7324
7328
7330
7300
7328
7328
7328
7328
7301
7301
7280
7280
7268
7262
7262
7243
7206
7245
7245
7244
7268
7300
7300
7304
7321
7321
7314
7304
7293
7293
7270
7270
7229
7229
7229
7229
7229
7250
7250
7250
7250
7295
7309
7309
7322
7306
7306
7306
7306
7307
7307
7359
7305
7305
7305
7305
7305
7305
7305
7312
7312
7363
7363
7363
7363
7358
7329
7329
7342
7342
7374
7362
7360
7360
7365
7365
7365
7370
7375
7380
7302
7388
7388
7404
7372
7413
7413
7415
7415
7415
7386
7386
7390
7382
7323
7323
7345
7326
7328
7328
7328
7302
7302
7302
7302
7302
7278
7278
7299
7298
7304
7304
7304
7304
7350
7344
7311
7311
7304
7339
7322
7339
7360
7360
7360
7360
7397
7397
7367
7328
7322
7283
7283
7283
7257
7314
7269
7269
7232
7232
7232
7232
7232
7232
7285
7285
7285
7284
7316
7316
7316
7316
7316
7316
7237
7243
7251
7251
7251
7251
7251
7261
7261
7261
7200
7202
7202
7202
7221
7227
7199
7199
7187
7218
7173
7173
7173
7173
7183
7182
7182
7182
7182
7211
7211
7202
7202
7202
7202
7202
7202
7202
7202
7202
7260
7260
7260
7260
7251
7253
7253
7253
7253
7253
7279
7207
7208
7208
7208
7214
7152
7147
7147
7120
7120
7120
7120
7120
7120
7194
7241
7241
7272
7272
7272
7286
7286
7286
7286
7286
7286
7286
7286
7286
7286
7282
7282
7282
7282
7282
7282
7282
7333
7333
7333
7348
7348
7348
7345
7400
7345
7308
7322
7348
7343
7343
7343
7350
7317
7317
7278
7278
7278
7278
7324
7324
7324
7324
7304
7304
7304
7277
7277
7275
7275
7275
7275
7275
7275
7275
7275
7275
7275
7275
7310
7351
7351
7351
7351
7353
7343
7343
7346
7346
7346
7308
7365
7365
7379
7379
7393
7390
7389
7389
7368
7368
7348
7330
7330
7329
7329
7329
7329
7327
7289
7289
7311
7311
7311
7289
7289
7284
7284
7284
7280
7280
7280
7280
7263
7263
7263
7263
7232
7232
7226
7211
7211
7211
7211
7211
7211
7211
7201
7201
7201
7201
7201
7262
7249
7249
7249
7249
7249
7249
7216
7216
7205
7205
7205
7233
7240
7255
7255
7240
7240
7240
7240
7240
7240
7240
7240
7240
7234
7234
7235
7235
7198
7198
7198
7198
7198
7198
7198
7198
7198
7198
7198
7181
7192
7192
7192
7192
7192
7239
7239
7237
7246
7246
7264
7264
7264
7264
7280
7268
7284
7263
7249
7250
7234
7234
7234
7234
7224
7224
7224
7204
7227
7256
7279
7279
7279
7279
7279
7279
7279
7335
7322
7322
7329
7329
7329
7329
7386
7378
7378
7383
7383
7383
7377
7384
7384
7384
7384
7384
7375
7375
7339
7339
7339
7339
7344
7344
7358
7355
7355
7355
7355
7355
7355
7346
7346
7346
7336
7336
7336
7336
7336
7336
7300
7306
7306
7303
7303
7303
7289
7314
7332
7309
7309
7285
7303
7303
7229
7229
7229
7224
7203
7203
7203
7203
7203
7196
7196
7196
7260
7246
7238
7238
7257
7259
7259
7259
7259
7259
7194
7194
7223
7273
7273
7273
7231
7231
7231
7241
7241
7230
7227
7219
7147
7147
7147
7147
7147
7145
7145
7145
7145
7145
7145
7145
7145
7145
7149
7149
7149
7149
7201
7201
7190
7214
7214
7240
7240
7240
7174
7174
7174
7174
7174
7174
7236
7236
7236
7236
7236
7241
7241
7241
7244
7244
7244
7244
7244
7237
7237
7237
7237
7254
7254
7254
7239
7239
7251
7251
7251
7247
7247
7247
7245
7245
7242
7242
7253
7254
7254
7255
7255
7255
7255
7255
7223
7259
7273
7273
7273
7273
7249
7249
7249
7249
7249
7249
7249
7249
7249
7249
7295
7295
7270
7290
7304
7304
7322
7322
7322
7328
7333
7395
7409
7412
7328
7340
7340
7385
7385
7385
7385
7385
7385
7363
7356
7356
7322
7322
7316
7316
7316
7296
7299
7299
7284
7284
7284
7284
7284
7284
7284
7278
7278
7275
7275
7269
7269
7273
7247
7247
7247
7226
7220
7220
7220
7220
7220
7237
7237
7237
7237
7237
7237
7230
7230
7230
7230
7230
7230
7230
7230
7230
7238
7238
7238
7224
7232
7240
7236
7236
7236
7251
7251
7251
7251
7251
7251
7251
7245
7245
7245
7245
7232
7232
7229
7229
7229
7217
7216
7216
7216
7216
7216
7224
7224
7220
7220
7220
7220
7220
7234
7234
7234
7234
7234
7246
7240
7240
7240
7240
7240
7240
7240
7240
7240
7219
7235
7235
7235
7235
7254
7254
7253
7253
7253
7253
7253
7306
7350
7344
7344
7344
7353
7353
7353
7353
7353
7353
7353
7389
7332
7332
7332
7275
7275
7275
7275
7275
7273
7315
7305
7305
7305
7305
7270
7254
7261
7261
7261
7261
7261
7261
7261
7268
7268
7283
7283
7283
7283
7283
7283
7283
7283
7283
7283
7283
7283
7283
7283
7254
7254
7254
7254
7254
7254
7254
7254
7254
7254
7254
7254
7254
7238
7238
7238
7238
7238
7238
7238
7238
7238
7238
7238
7238
7238
7238
7251
7251
7251
7238
7238
7238
7238
7238
7238
7254
7254
7254
7285
7285
7280
7246
7246
7237
7228
7228
7228
7207
7207
7202
7187
7187
7187
7171
7171
7171
7171
7171
7171
7171
7171
7152
7152
7152
7145
7159
7159
7159
7149
7149
7149
7149
7153
7153
7153
7153
7153
7166
7166
7166
7166
7166
7166
7166
7166
7212
7155
7166
7166
7153
7153
7153
7153
7153
7159
7159
7159
7159
7159
7159
7128
7128
7128
7128
7128
7128
7128
7128
7128
7128
7128
7128
7128
7128
7128
7128
7135
7135
7135
7135
7132
7138
7138
7138
7138
7132
7132
7132
7134
7134
7134
7134
7134
7134
7134
7134
7134
7134
7134
7134
7134
7134
7142
7142
7142
7142
7135
7135
7135
7129
7119
7119
7119
7119
7130
7130
7130
7118
7118
7118
7118
7114
7114
7114
7131
7132
7132
7120
7082
7082
7082
7097
7097
7097
7097
7097
7097
7097
7097
7047
7047
7047
7047
7047
7047
7047
7047
7047
7047
7047
7045
7045
7045
7045
7045
7057
7057
7057
7057
7057
7057
7057
7057
7057
7057
7057
7057
7057
7057
7057
7057
7057
7057
7057
7057
7057
7057
7057
7057
7057
7057
7095
7095
7095
7112
7114
7114
7114
7114
7114
7114
7087
7087
7087
7087
7087
7116
7105
7105
7105
7105
7073
7073
7073
7037
7037
7037
7037
7037
7037
7037
7037
7037
7037
7037
7037
7037
7037
7037
7037
7037
7091
7112
7112
7112
7112
7112
7104
7114
7114
7114
7069
7069
7069
7069
7069
7069
7069
7069
7069
7069
7069
7069
7069
7069
7069
7069
7069
7069
7069
7069
7076
7076
7076
7076
7076
7076
7076
7076
7076
7076
7076
7056
7056
7056
7056
7041
7039
7039
7039
7039
7072
7072
7080
7080
7080
7080
7080
7080
7080
7080
7080
7080
7080
7080
7080
7080
7080
7080
7080
7080
7080
7080
7080
7080
7080
7086
7086
7086
7086
7086
7086
7086
7086
7086
7086
7086
7086
7086
7086
7086
7086
7086
7061
7061
7061
7068
7068
7068
7068
7068
7068
7068
7068
7108
7103
7095
7095
7095
7106
7106
7106
7106
7106
7106
7103
7055
7055
7050
7050
7050
7050
7050
7050
7050
7050
7045
7045
7047
7047
7047
7037
7037
7037
7037
7037
7037
7037
7029
7029
7018
7018
7018
7018
7018
7018
7018
7018
7018
7042
7042
7042
7042
7042
7042
7042
7042
7042
7042
7042
7042
7042
7061
7061
7061
7061
7061
7061
7061
7061
7061
7060
7060
7063
7063
7013
7013
7013
7011
7011
7011
7011
7011
7011
7011
7011
7011
7011
7011
7011
7011
7011
7013
7013
7013
7013
7013
7013
7013
7013
7013
7013
7005
7005
7005
7005
7005
7005
7005
7021
7021
7021
7043
7043
7043
7043
7051
7051
7051
7019
7034
7034
7034
7034
7034
7034
7034
7034
7034
7034
7034
7034
7034
7034
7034
7034
7034
7034
7034
7034
7034
7034
7034
7034
7034
7034
7034
7034
7034
7038
7038
7038
7038
7038
7041
7041
7041
7041
7041
7054
7054
7067
7067
7067
7067
7062
7062
7067
7045
7045
7045
7045
7045
7045
7045
7045
7045
7045
7045
7041
7041
7041
7041
7041
7041
7051
7051
7051
7051
7047
7047
7047
7051
7051
7030
7030
7030
7030
7030
7030
7030
7030
7030
7030
7030
7030
7030
7030
7030
7030
7030
7030
7022
7022
7022
7022
7022
7037
7037
7037
7037
7037
7037
7042
7042
7042
7042
7042
7042
7030
7030
7030
7030
7030
7030
7030
7030
7039
7039
7039
7008
7008
7008
7008
7008
7008
7012
7012
7017
7017
7017
7017
7017
7017
7017
7039
7045
7037
7037
7037
7037
7037
7037
7037
7037
7037
7037
7037
7037
7013
7013
7013
7013
7013
7013
7013
7013
7013
7013
7013
7013
7013
7031
7031
7031
7031
7031
7026
7026
7026
7026
7026
7038
7038
7038
7038
7038
7011
7011
7011
7011
7011
7011
7011
7011
6995
6995
6995
6995
6995
7000
7000
7029
7021
7021
6987
6987
6987
6987
6987
6996
6996
6994
6994
6994
6994
6994
6994
6994
6994
6994
6994
6994
6994
6994
7009
7009
7002
7002
7002
7002
7002
7002
7002
7002
7002
7002
7002
7002
7002
6996
6996
6996
6996
6996
6996
6996
6996
6996
6996
6996
6996
6996
6996
6996
6996
6996
6996
7000
7000
7000
7000
6996
6996
6996
6996
6996
6996
6996
6996
6995
6995
6995
6995
6995
6995
6995
6995
6995
6995
6995
6995
6995
6983
6983
6983
6983
6983
6983
6983
6983
6983
6983
6987
6987
6987
6987
6987
6987
6998
6998
6998
6995
6995
6989
6989
6989
6989
6989
6989
6989
6989
6989
6989
6989
6989
6989
6989
6989
6989
6989
6989
6989
6989
6989
6989
6989
6989
6989
6989
6989
6989
6989
6989
7018
7018
7018
7018
7018
7013
7013
7013
6984
6984
6984
6984
6984
6984
6984
6984
6984
6984
6984
6984
6984
6984
6984
6984
6984
6984
6984
6984
6913
6913
6913
6913
6913
6913
6913
6913
6913
6913
6913
6913
6913
6913
6913
6913
6913
6913
6913
6913
6913
6913
6913
6913
6913
6913
6913
6913
6913
6913
6913
6913
6913
6913
6913
6913
6913
6913
6913
6913
6913
6913
6913
6913
6913
6913
6913
6913
6913
6909
6909
6909
6909
6909
6909
6909
6909
6909
6909
6909
6909
6909
6909
6909
6909
6909
6909
6909
6909
6909
6909
6909
6909
6909
6909
6909
6909
6909
6909
6909
6909
6909
6909
6909
6909
6909
6909
6909
6917
6984
6984
6984
6984
6984
6984
6977
6977
6977
6977
6977
6981
6981
6981
6981
6981
6981
6951
6951
6951
6951
6951
6951
6961
6961
6929
6929
6929
6929
6929
6929
6929
6929
6929
6943
6943
6943
6943
6943
6943
6943
6943
6943
6943
6943
6943
6943
6943
6943
6943
6943
6943
6943
6943
6943
6943
6943
6943
6943
6943
6943
6943
6943
6943
6883
6883
6883
6883
6883
6883
6883
6883
6883
6883
6883
6883
6883
6883
6883
6883
6883
6883
6883
6883
6883
6883
6883
6883
6883
6883
6883
6883
6883
6883
6883
6883
6883
6883
6883
6883
6911
6911
6910
6910
6910
6926
6926
6926
6926
6926
6926
6910
6910
6910
6910
6906
6906
6906
6906
6906
6900
6900
6900
6900
6900
6900
6900
6900
6900
6900
6900
6900
6900
6900
6900
6900
6900
6900
6900
6900
6900
6900
6900
6900
6900
6900
6900
6893
6893
6893
6893
6893
6893
6893
6893
6893
6893
6893
6893
6893
6893
6893
6889
6889
6889
6889
6889
6889
6889
6889
6889
6889
6889
6889
6889
6889
6889
6889
6889
6889
6889
6889
6889
6889
6889
6889
6889
6889
6889
6889
6889
6889
6889
6889
6889
6889
6889
6889
6889
6889
6889
6889
6889
6889
6889
6889
6889
6889
6889
6889
6889
6889
6889
6889
6889
6889
6889
6889
6889
6886
6886
6886
6886
6886
6886
6886
6886
6886
6886
6892
6892
6892
6892
6892
6892
6892
6892
6892
6892
6892
6892
6892
6892
6892
6892
6892
6892
6891
6891
6891
6891
6905
6905
6907
6907
6907
6907
6907
6907
6907
6907
6907
6897
6897
6897
6897
6897
6897
6899
6899
6899
6899
6899
6899
6899
6899
6886
6886
6886
6886
6886
6886
6886
6886
6886
6886
6886
6886
6897
6897
6897
6897
6897
6897
6897
6897
6890
6890
6890
6890
6890
6890
6890
6890
6890
6875
6875
6875
6875
6875
6867
6867
6867
6867
6867
6867
6867
6867
6867
6867
6867
6867
6867
6867
6867
6867
6867
6867
6867
6867
6867
6867
6867
6867
6867
6867
6850
6850
6850
6850
6850
6850
6850
6850
6850
6850
6850
6850
6850
6850
6850
6850
6850
6850
6850
6840
6840
6840
6840
6840
6826
6826
6826
6826
6826
6826
6826
6826
6826
6826
6826
6826
6826
6826
6826
6826
6826
6826
6826
6826
6826
6826
6826
6826
6826
6826
6826
6826
6826
6826
6826
6777
6777
6777
6777
6777
6777
6787
6787
6787
6787
6787
6775
6775
6775
6775
6775
6775
6775
6775
6775
6775
6775
6775
6775
6775
6775
6775
6775
6775
6775
6775
6775
6775
6775
6775
6775
6775
6775
6775
6775
6775
6775
6775
6775
6775
6775
6775
6775
6775
6775
6775
6775
6775
6775
6775
6775
6775
6775
6775
6775
6775
6775
6775
6775
6775
6775
6775
6775
6775
6775
6775
6775
6775
6775
6775
6775
6775
6780
6768
6768
6740
6740
6740
6740
6740
6740
6740
6740
6740
6740
6740
6740
6740
6740
6740
6740
6740
6740
6740
6740
6740
6740
6740
6740
6740
6740
6740
6740
6740
6752
6752
6752
6752
6752
6752
6752
6752
6752
6752
6752
6752
6752
6764
6764
6764
6764
6764
6764
6764
6764
6764
6764
6757
6757
6757
6757
6757
6757
6757
6757
6757
6757
6757
6757
6757
6757
6757
6757
6757
6757
6757
6757
6757
6757
6757
6757
6757
6757
6757
6757
6757
6757
6757
6757
6757
6756
6756
6756
6756
6756
6756
6756
6756
6756
6756
6756
6756
6756
6756
6756
6756
6756
6756
6756
6756
6756
6756
6756
6756
6756
6756
6756
6756
6756
6756
6756
6756
6756
6756
6756
6756
6756
6756
6756
6756
6756
6756
6756
6756
6756
6756
6756
6756
6756
6756
6756
6756
6756
6756
6756
6756
6756
6756
6756
6756
6756
6756
6756
6756
6756
6756
6756
6756
6756
6756
6756
6756
6756
6756
6756
6756
6756
6756
6756
6756
6747
6747
6747
6747
6747
6747
6747
6747
6747
6747
6747
6747
6747
6747
6747
6747
6747
6747
6747
6747
6747
6747
6747
6747
6747
6747
6747
6747
6747
6747
6747
6747
6747
6747
6747
6747
6747
6745
6745
6745
6745
6745
6745
6745
6745
6745
6745
6745
6742
6742
6742
6742
6742
6742
6742
6742
6742
6742
6753
6753
6753
6753
6753
6753
6753
6748
6748
6748
6717
6717
6717
6717
6717
6717
6717
6717
6717
6717
6717
6717
6717
6717
6717
6704
6690
6690
6690
6690
6690
6690
6690
6690
6690
6690
6690
6690
6690
6690
6690
6690
6690
6690
6690
6690
6690
6690
6690
6690
6690
6690
6690
6690
6690
6690
6690
6690
6690
6690
6690
6690
6690
6690
6690
6690
6690
6690
6690
6690
6690
6690
6690
6690
6690
6690
6690
6690
6690
6690
6690
6690
6690
6690
6690
6690
6690
6690
6690
6690
6690
6690
6690
6690
6690
6690
6690
6690
6690
6690
6690
6690
6690
6690
6690
6690
6690
6690
6690
6690
6690
6690
6690
6690
6690
6690
6690
6690
6690
6690
6690
6690
6690
6690
6690
6690
6690
6690
6690
6690
6690
6690
6690
6690
6690
6690
6690
6690
6690
6690
6690
6690
6690
6690
6690
6690
6690
6690
6690
6690
6690
6690
6686
6686
6686
6686
6686
6686
6686
6686
6686
6686
6686
6686
6686
6686
6686
6686
6686
6686
6686
6686
6686
6686
6686
6686
6686
6686
6686
6686
6686
6686
6686
6686
6686
6686
6686
6686
6686
6686
6686
6686
6686
6686
6686
6686
6686
6686
6686
6686
6686
6686
6686
6686
6686
6686
6686
6686
6686
6686
6686
6686
6686
6686
6686
6686
6686
6686
6686
6686
6686
6686
6686
6686
6686
6686
6686
6686
6686
6686
6686
6686
6686
6686
6686
6686
6686
6686
6686
6686
6686
6686
6686
6686
6686
6686
6686
6686
6686
6686
6686
6686
6686
6686
6686
6686
6686
6686
6686
6686
6686
6686
6686
6686
6686
6686
6686
6686
6686
6686
6686
6686
6686
6686
6686
6686
6686
6686
6686
6686
6686
6686
6686
6686
6686
6686
6686
6686
6686
6686
6686
6686
6686
6686
6686
6686
6686
6686
6686
6686
6686
6686
6686
6686
6686
6686
6686
6686
6686
6686
6686
6686
6686
6686
6686
6686
6686
6686
6686
6686
6686
6686
6686
6686
6686
6686
6686
6686
6686
6686
6686
6686
6686
6686
6686
6686
6686
6686
6686
6686
6686
6686
6686
6686
6686
6686
6686
6686
6686
6686
6686
6686
6686
6686
6686
6686
6686
6686
6686
6686
6686
6686
6686
6686
6686
6686
6686
6686
6686
6686
6686
6686
6686
6686
6686
6686
6686
6686
6686
6686
6686
6686
6686
6686
6686
6686
6671
6671
6671
6671
6671
6671
6671
6671
6671
6671
6671
6671
6671
6671
6671
6671
6671
6671
6671
6671
6671
6671
6671
6671
6671
6671
6671
6671
6671
6671
6671
6671
6671
6671
6671
6671
6671
6671
6671
6671
6671
6671
6671
6671
6671
6671
6671
6671
6671
6671
6671
6671
6671
6671
6671
6671
6671
6671
6671
6671
6671
6671
6671
6671
6671
6671
6671
6671
6671
6671
6671
6671
6668
6668
6668
6668
6668
6668
6668
6668
6668
6668
6668
6668
6668
6668
6668
6668
6668
6668
6668
6668
6668
6668
6668
6668
6668
6668
6668
6668
6668
6668
6668
6668
6668
6668
6668
6668
6668
6668
6668
6668
6668
6668
6668
6668
6668
6668
6668
6668
6668
6668
6668
6672
6672
6672
6672
6672
6664
6664
6664
6664
6664
6664
6664
6664
6664
6664
6661
6661
6661
6661
6661
6661
6661
6661
6661
6661
6661
6661
6661
6661
6661
6661
6661
6661
6661
6661
6661
6661
6661
6661
6661
6661
6661
6661
6661
6661
6661
6661
6661
6661
6661
6661
6661
6661
6661
6661
6661
6661
6661
6661
6661
6661
6661
6661
6661
6661
6661
6661
6661
6661
6661
6661
6661
6661
6661
6661
6661
6661
6661
6661
6661
6661
6661
6661
6661
6661
6661
6661
6661
6661
6661
6661
6661
6661
6661
6661
6661
6661
6661
6661
6661
6661
6666
6666
6666
6666
6666
6666
6666
6666
6666
6666
6666
6666
6666
6666
6666
6666
6666
6666
6666
6666
6666
6666
6666
6666
6666
6666
6668
6668
6668
6668
6668
6668
6668
6668
6668
6668
6668
6668
6668
6668
6668
6668
6668
6668
6668
6668
6668
6668
6668
6668
6668
6668
6668
6668
6668
6668
6668
6668
6668
6668
6668
6668
6668
6669
6669
6669
6669
6669
6669
6669
6669
6669
6669
6669
6669
6669
6669
6673
6673
6673
6673
6673
6673
6673
6673
6673
6673
6673
6673
6673
6673
6673
6673
6673
6673
6673
6673
6673
6673
6673
6673
6673
6673
6673
6673
6673
6673
6673
6673
6673
6673
6673
6673
6673
6673
6673
6673
6673
6673
6673
6673
6673
6673
6673
6673
6673
6673
6673
6673
6673
6673
6673
6673
6673
6673
6673
6673
6673
6673
6673
6673
6673
6673
6673
6673
6673
6673
6673
6673
6673
6673
6673
6673
6673
6673
6673
6673
6673
6673
6673
6673
6674
6674
6674
6674
6674
6674
6674
6674
6674
6674
6674
6674
6674
6674
6674
6674
6674
6674
6674
6674
6674
6674
6674
6674
6674
6674
6674
6674
6674
6674
6674
6674
6674
6674
6674
6674
6674
6674
6674
6674
6674
6674
6674
6674
6674
6674
6674
6674
6674
6674
6674
6674
6674
6674
6674
6674
6674
6674
6674
6674
6674
6674
6674
6674
6674
6674
6674
6674
6674
6674
6674
6674
6674
6674
6674
6674
6674
6674
6674
6674
6674
6674
6674
6674
6674
6674
6674
6674
6674
6674
6674
6674
6674
6674
6674
6674
6674
6674
6674
6674
6674
6674
6674
6674
6674
6674
6674
6674
6674
6674
6674
6674
6674
6674
6674
6674
6674
6674
6674
6674
6674
6674
6674
6674
6674
6674
6674
6674
6674
6674
6674
6674
6674
6674
6674
6674
6674
6674
6674
6674
6674
6674
6674
6674
6674
6674
6674
6674
6674
6674
6674
6674
6674
6674
6674
6674
6674
6674
6674
6674
6674
6674
6674
6674
6674
6674
6674
6674
6674
6674
6674
6674
6674
6674
6674
6674
6674
6674
6674
6674
6674
6674
6674
6674
6674
6674
6674
6674
6674
6674
6674
6674
6674
6674
6674
6674
6674
6674
6674
6674
6674
6674
6674
6674
6674
6674
6674
6674
6674
6674
6674
6674
6674
6674
6674
6674
6674
6674
6674
6674
6674
6674
6674
6674
6674
6674
6674
6674
6674
6674
6674
6674
6674
6674
6674
6674
6674
6674
6674
6674
6674
6674
6674
6674
6674
6674
6674
6674
6674
6674
6674
6674
6674
6674
6674
6674
6674
6674
6674
6674
6674
6674
6674
6674
6674
6674
6674
6674
6674
6674
6674
6674
6674
6674
6674
6674
6674
6674
6674
6674
6674
6674
6674
6674
6674
6674
6674
6674
6674
6674
6674
6674
6674
6674
6674
6674
6674
6674
6674
6674
6674
6674
6674
6674
6674
6674
6674
6674
6674
6674
6674
6674
6674
6674
6674
6674
6674
6674
6674
6674
6674
6674
6674
6674
6674
6674
6674
6674
6674
6674
6671
6671
6671
6671
6671
6671
6671
6671
6671
6671
6671
6671
6671
6671
6671
6671
6671
6671
6671
6671
6671
6671
6671
6671
6671
6671
6671
6671
6671
6671
6671
6671
6671
6671
6671
6671
6671
6671
6671
6671
6671
6671
6671
6671
6671
6671
6671
6671
6671
6671
6671
6671
6671
6671
6671
6671
6671
6671
6671
6671
6671
6671
6671
6671
6671
6671
6671
6671
6671
6656
6656
6656
6656
6656
6656
6656
6656
6656
6656
6656
6646
6646
6646
6646
6646
6646
6646
6646
6646
6640
6640
6640
6640
6640
6640
6640
6640
6640
6640
6640
6640
6640
6640
6640
6640
6640
6640
6640
6640
6640
6640
6640
6640
6640
6640
6640
6640
6640
6640
6640
6640
6640
6640
6640
6640
6640
6640
6640
6640
6640
6640
6640
6640
6640
6640
6640
6640
6640
6640
6640
6640
6640
6640
6640
6640
6640
6640
6640
6640
6640
6640
6640
6640
6640
6640
6640
6640
6640
6640
6640
6640
6640
6640
6640
6640
6640
6640
6640
6640
6640
6640
6640
6640
6640
6640
6640
6640
6640
6640
6640
6640
6640
6640
6640
6640
6640
6640
6640
6640
6640
6640
6640
6640
6640
6640
6640
6640
6640
6640
6640
6640
6640
6640
6640
6640
6640
6640
6640
6640
6640
6640
6640
6640
6640
6640
6640
6640
6640
6640
6640
6640
6640
6640
6640
6640
6640
6640
6640
6640
6640
6640
6640
6640
6640
6640
6640
6640
6640
6640
6640
6640
6640
6640
6640
6640
6640
6640
6640
6640
6640
6640
6640
6640
6640
6640
6640
6640
6640
6640
6640
6640
6640
6640
6640
6640
6640
6640
6640
6640
6640
6640
6640
6640
6640
6640
6640
6640
6640
6640
6640
6640
6640
6640
6640
6640
6640
6640
6640
6640
6640
6640
6640
6640
6640
6640
6640
6640
6640
6640
6640
6640
6640
6640
6640
6640
6640
6640
6640
6640
6640
6640
6640
6640
6640
6640
6640
6640
6640
6640
6640
6640
6640
6640
6640
6640
6640
6640
6640
6640
6640
6640
6640
6640
6640
6640
6640
6640
6640
6640
6640
6640
6640
6640
6640
6640
6640
6640
6640
6640
6640
6640
6640
6640
6640
6640
6640
6640
6640
6640
6640
6640
6640
6640
6640
6640
6640
6640
6640
6640
6640
6640
6640
6640
6640
6640
6640
6640
6640
6640
6640
6640
6640
6640
6640
6640
6640
6640
6640
6640
6640
6640
6640
6640
6640
6640
6640
6640
6640
6640
6640
6640
6640
6640
6640
6640
6640
6640
6640
6640
6640
6640
6640
6640
6635
6635
6635
6635
6635
6635
6635
6635
6635
6635
6635
6635
6635
6635
6635
6635
6635
6635
6635
6635
6635
6635
6635
6635
6635
6635
6635
6635
6635
6635
6635
6635
6635
6635
6635
6635
6635
6635
6635
6635
6635
6635
6635
6635
6635
6635
6635
6635
6635
6635
6635
6635
6635
6635
6635
6635
6635
6635
6635
6635
6635
6635
6635
6635
6635
6635
6635
6635
6635
6635
6635
6635
6635
6635
6635
6635
6635
6635
6635
6635
6635
6635
6635
6635
6635
6635
6635
6635
6635
6635
6635
6635
6635
6635
6635
6635
6635
6635
6635
6635
6635
6635
6635
6635
6635
6635
6635
6635
6635
6635
6635
6635
6635
6635
6635
6635
6635
6635
6635
6635
6635
6635
6635
6635
6635
6635
6635
6635
6635
6635
6637
6637
6637
6637
6637
6637
6637
6637
6637
6637
6637
6637
6637
6637
6637
6637
6637
6637
6637
6637
6637
6637
6638
6638
6638
6638
6638
6638
6638
6638
6638
6638
6638
6638
6638
6638
6638
6638
6638
6638
6638
6638
6638
6638
6638
6638
6638
6638
6638
6638
6638
6638
6638
6638
6638
6638
6638
6638
6638
6638
6638
6638
6638
6638
6638
6638
6638
6638
6637
6637
6637
6637
6637
6637
6637
6637
6637
6637
6637
6637
6637
6637
6637
6637
6637
6637
6637
6637
6637
6637
6637
6637
6637
6637
6637
6637
6637
6637
6637
6637
6637
6637
6637
6637
6637
6637
6637
6637
6637
6637
6637
6637
6637
6637
6637
6637
6637
6637
6637
6637
6637
6637
6637
6637
6637
6637
6637
6637
6637
6637
6637
6637
6637
6637
6637
6637
6637
6637
6637
6637
6637
6637
6637
6637
6637
6637
6637
6637
6637
6637
6637
6637
6637
6637
6637
6637
6637
6637
6637
6637
6637
6637
6637
6637
6637
6637
6637
6637
6637
6637
6637
6637
6637
6637
6637
6637
6637
6637
6637
6637
6637
6637
6637
6637
6637
6637
6637
6637
6637
6637
6637
6637
6637
6637
6637
6637
6637
6637
6637
6637
6637
6637
6637
6637
6637
6637
6637
6637
6637
6637
6637
6637
6637
6637
6637
6637
6637
6637
6637
6637
6637
6637
6637
6637
6637
6637
6637
6637
6637
6637
6637
6637
6637
6637
6637
6637
6637
6637
6637
6637
6637
6637
6637
6637
6637
6637
6637
6637
6637
6637
6637
6637
6637
6637
6637
6637
6637
6637
6637
6637
6637
6637
6637
6637
6637
6637
6637
6637
6637
6637
6637
6637
6637
6637
6637
6637
6637
6637
6637
6637
6637
6637
6637
6637
6637
6637
6637
6637
6637
6637
6637
6637
6637
6637
6637
6637
6637
6637
6637
6637
6637
6637
6637
6637
6637
6637
6637
6637
6637
6637
6637
6637
6637
6637
6637
6637
6637
6637
6637
6637
6637
6637
6637
6637
6637
6637
6637
6637
6637
6637
6637
6637
6637
6637
6637
6637
6637
6637
6637
6637
6637
6637
6637
6637
6637
6637
6637
6637
6637
6637
6637
6637
6637
6637
6637
6637
6637
6637
6637
6637
6637
6637
6637
6637
6637
6637
6637
6637
6637
6637
6637
6637
6637
6637
6637
6637
6637
6637
6637
6637
6637
6637
6637
6637
6637
6637
6637
6637
6637
6637
6637
6637
6637
6637
6637
6637
6637
6637
6637
6637
6637
6637
6637
6637
6637
6637
6637
6637
6637
6637
6637
6637
6637
6637
6637
6637
6637
6637
6637
6637
6637
6637
6637
6637
6637
6637
6637
6637
6637
6637
6637
6637
6637
6637
6637
6637
6637
6637
6637
6637
6637
6637
6637
6637
6637
6637
6637
6637
6637
6637
6637
6637
6637
6637
6637
6637
6637
6637
6637
6637
6637
6637
6637
6637
6637
6637
6637
6637
6637
6637
6637
6637
6637
6637
6637
6637
6637
6637
6637
6637
6637
6637
6637
6637
6637
6637
6637
6637
6637
6637
6637
6637
6637
6637
6637
6637
6637
6637
6637
6637
6637
6637
6637
6637
6637
6637
6637
6637
6637
6637
6637
6637
6637
6637
6637
6637
6637
6637
6637
6637
6637
6637
6637
6637
6637
6637
6637
6637
6637
6637
6637
6637
6637
6637
6637
6637
6637
6637
6637
6637
6637
6637
6637
6637
6637
6637
6637
6637
6637
6637
6637
6637
6637
6637
6637
6637
6637
6637
6637
6637
6637
6637
6637
6637
6637
6637
6637
6637
6637
6637
6637
6637
6637
6637
6637
6637
6637
6637
6637
6637
6637
6637
6637
6637
6637
6637
6637
6637
6637
6637
6637
6637
6637
6637
6637
6637
6637
6637
6637
6637
6637
6637
6637
6637
6637
6637
6637
6637
6637
6637
6637
6637
6637
6637
6637
6637
6637
6637
6637
6637
6637
6637
6637
6637
6637
6637
6637
6637
6637
6637
6637
6637
6637
6637
6637
6637
6637
6637
6637
6637
6637
6637
6637
6637
6637
6637
6637
6637
6637
6637
6637
6637
6637
6637
6637
6637
6637
6637
6637
6637
6637
6637
6637
6637
6637
