7772
7798
7847
7894
7837
7889
7889
7890
7890
7885
7994
8033
7986
7986
8030
7974
8042
8072
8027
8026
8140
8153
8070
8029
7927
7923
8003
8066
8054
8052
7979
7994
7962
7960
7945
7911
7954
7952
8032
8102
8022
8012
7985
7989
8040
8038
8065
8065
7991
7923
7933
7923
7995
7884
7917
7895
7835
7752
7737
7760
7820
7813
7808
7807
7784
7784
7733
7820
7820
7827
7827
7833
7851
7914
7889
7861
7844
7935
7936
7824
7807
7723
7713
7670
7756
7774
7806
7824
7886
7848
7753
7718
7748
7793
7857
7827
7741
7772
7772
7829
7806
7805
7822
7815
7767
7791
7817
7817
7817
7841
7841
7934
7894
7898
7937
7924
7904
7829
7838
7815
7815
7859
7886
7864
7848
7807
7734
7734
7734
7793
7749
7802
7843
7793
7771
7696
7703
7672
7677
7743
7697
7734
7768
7767
7761
7758
7758
7720
7746
7764
7826
7903
7871
7820
7804
7775
7775
7699
7721
7757
7681
7747
7819
7835
7802
7798
7875
7884
7943
7880
7869
7862
7888
7907
7831
7864
7826
7816
7901
7867
7877
7919
7896
7909
7955
7955
7994
7941
7941
7922
8025
7947
7968
7999
7975
7948
8010
7944
7935
7937
7874
7940
7888
7903
7853
7841
7864
7827
7869
7751
7789
7738
7799
7799
7716
7744
7729
7761
7791
7755
7743
7693
7691
7736
7731
7763
7677
7694
7694
7625
7574
7574
7617
7630
7680
7662
7648
7648
7626
7685
7663
7718
7718
7672
7661
7640
7668
7747
7747
7747
7765
7704
7821
7798
7804
7803
7803
7654
7685
7683
7733
7741
7740
7757
7709
7685
7737
7737
7752
7734
7779
7739
7739
7734
7635
7674
7691
7696
7747
7747
7829
7886
7886
7858
7884
7834
7791
7774
7770
7727
7751
7781
7879
7857
7774
7716
7708
7650
7757
7798
7852
7860
7826
7747
7727
7729
7723
7743
7703
7668
7668
7692
7713
7709
7639
7628
7676
7665
7641
7653
7689
7731
7725
7814
7812
7797
7725
7758
7713
7797
7752
7744
7718
7767
7743
7666
7673
7655
7698
7665
7667
7674
7674
7681
7631
7586
7586
7595
7514
7524
7599
7622
7572
7567
7631
7670
7697
7740
7611
7611
7611
7633
7614
7682
7654
7677
7707
7663
7655
7666
7683
7755
7757
7769
7775
7775
7897
7885
7890
7797
7731
7718
7744
7761
7761
7728
7765
7802
7764
7788
7813
7787
7786
7754
7803
7860
7930
7844
7849
7867
7897
7899
7865
7871
7917
7861
7889
7885
7885
7823
7827
7788
7741
7716
7689
7689
7665
7676
7708
7682
7682
7735
7856
7829
7841
7822
7822
7827
7857
7857
7901
7856
7913
7910
7881
7911
8048
7940
7976
8054
8008
8017
7933
7952
7985
7997
7938
7840
7820
7823
7795
7759
7774
7800
7835
7829
7791
7812
7752
7752
7796
7776
7722
7722
7722
7835
7784
7784
7773
7757
7757
7757
7806
7791
7854
7854
7843
7922
7880
7810
7831
7776
7785
7783
7850
7850
7868
7852
7836
7853
7865
7808
7855
7861
7944
7944
7944
7856
7867
7887
7913
7884
7879
7879
7874
7870
7834
7855
7805
7731
7740
7740
7740
7738
7754
7708
7708
7775
7720
7743
7785
7794
7746
7738
7738
7790
7818
7840
7840
7859
7859
7834
7830
7789
7749
7774
7764
7655
7701
7654
7644
7639
7739
7739
7695
7698
7728
7720
7720
7773
7804
7804
7721
7814
7815
7823
7745
7755
7755
7763
7763
7743
7740
7740
7699
7741
7743
7803
7748
7804
7788
7788
7819
7845
7846
7875
7950
8005
7979
7977
7973
7971
8025
8055
8087
8109
8089
8062
8004
8017
8026
7912
8053
8053
8066
8066
8066
8016
7981
7991
7945
7991
7961
8026
8033
8048
7986
8025
7909
7885
7906
7965
7917
7952
8044
8037
8047
8043
8081
8071
8079
8129
8129
8106
8126
8144
8181
8167
8219
8219
8250
8237
8245
8257
8220
8220
8103
8051
7998
8052
8043
7960
7934
7955
7916
7933
7904
7869
7906
7908
7957
7957
8013
8013
8064
8043
7991
7952
7913
7913
7895
7895
7882
7956
7966
8004
8004
8004
8052
8053
8033
8038
8040
8070
8079
8079
8059
8052
8016
7917
7836
7814
7767
7843
7843
7772
7771
7801
7876
7761
7856
7856
7861
7861
7900
7869
7897
7894
7864
7864
7909
7909
7882
7921
7872
7829
7820
7735
7735
7770
7770
7714
7838
7838
7838
7838
7838
7810
7838
7848
7848
7826
7826
7765
7749
7729
7739
7727
7727
7715
7708
7676
7708
7685
7685
7763
7763
7739
7705
7741
7677
7637
7665
7668
7652
7724
7814
7800
7776
7839
7859
7853
7843
7843
7777
7817
7824
7798
7811
7820
7757
7757
7816
7820
7839
7769
7796
7798
7844
7818
7781
7809
7805
7790
7776
7800
7759
7801
7892
7864
7874
7784
7784
7791
7791
7692
7746
7799
7852
7936
7928
7950
7919
7919
7873
7855
7878
7913
7922
8006
7966
8032
8021
8077
7959
7999
7951
7932
7920
7826
7866
7887
7903
7889
7886
7852
7781
7745
7745
7781
7823
7761
7746
7737
7713
7695
7705
7722
7734
7676
7679
7736
7676
7745
7679
7679
7683
7769
7867
7821
7706
7675
7670
7687
7690
7702
7648
7648
7650
7694
7683
7739
7715
7773
7896
7898
7972
7990
7865
7865
7925
7911
7854
7864
7859
7835
7811
7780
7739
7749
7771
7863
7901
7945
7956
7891
7881
7921
7902
7918
7947
7969
7997
8019
7973
7973
7954
7954
7968
8024
7996
8004
7947
7913
7953
7891
7794
7857
7777
7814
7724
7744
7648
7661
7666
7648
7659
7648
7649
7614
7685
7655
7654
7700
7640
7663
7720
7695
7753
7737
7729
7720
7726
7762
7754
7754
7779
7825
7775
7741
7847
7782
7761
7814
7773
7799
7767
7823
7878
7878
7794
7738
7705
7718
7721
7741
7717
7716
7705
7714
7714
7753
7747
7749
7729
7730
7760
7737
7850
7817
7773
7715
7701
7714
7667
7703
7639
7686
7706
7722
7715
7743
7704
7707
7773
7825
7830
7838
7814
7827
7801
7732
7688
7663
7711
7665
7674
7688
7740
7720
7827
7798
7745
7741
7781
7862
7862
7854
7808
7726
7671
7722
7681
7680
7641
7642
7663
7643
7651
7629
7649
7637
7684
7664
7703
7705
7729
7701
7711
7717
7732
7799
7784
7705
7741
7767
7722
7673
7679
7651
7651
7604
7602
7559
7572
7572
7574
7574
7574
7607
7629
7634
7648
7725
7693
7666
7784
7800
7791
7762
7795
7809
7822
7722
7721
7731
7731
7731
7754
7817
7825
7802
7810
7793
7783
7732
7780
7719
7782
7820
7818
7873
7937
7878
7880
7915
7961
7958
7886
7856
7821
7836
7907
7940
7837
7805
7778
7750
7750
7686
7686
7643
7643
7565
7640
7615
7656
7624
7615
7582
7640
7689
7683
7636
7636
7636
7588
7628
7628
7591
7620
7635
7635
7657
7652
7661
7671
7603
7544
7619
7619
7526
7629
7666
7620
7679
7655
7642
7595
7510
7541
7546
7546
7572
7581
7536
7468
7468
7504
7544
7601
7574
7554
7580
7558
7635
7635
7635
7623
7654
7627
7560
7534
7566
7554
7651
7779
7779
7756
7820
7717
7736
7766
7851
7924
7939
7810
7738
7712
7676
7677
7768
7702
7730
7705
7758
7646
7702
7702
7670
7699
7712
7695
7631
7672
7630
7633
7631
7718
7718
7731
7745
7768
7768
7767
7813
7813
7787
7799
7776
7725
7752
7781
7812
7772
7783
7775
7728
7755
7777
7734
7756
7713
7683
7741
7760
7787
7937
7953
7953
7835
7852
7862
7823
7854
7787
7836
7879
7852
7902
7937
7955
7963
7942
7942
8008
8008
7978
7957
7957
7923
7903
7942
7942
7948
7927
8006
7949
7974
7950
7950
7973
7879
7826
7835
7805
7819
7792
7779
7748
7717
7731
7730
7777
7723
7716
7710
7790
7790
7764
7768
7854
7848
7777
7782
7770
7746
7827
7838
7851
7851
7870
7816
7797
7818
7726
7769
7824
7876
7876
7965
7904
7949
7908
7834
7816
7829
7862
7842
7894
7934
7934
7948
7902
7864
7903
7899
7814
7819
7996
7875
7834
7824
7784
7876
7814
7840
7859
7859
7873
7884
7810
7818
7772
7774
7764
7768
7706
7727
7707
7766
7712
7748
7748
7724
7665
7599
7599
7605
7635
7614
7694
7660
7679
7666
7666
7746
7794
7754
7734
7748
7723
7845
7824
7813
7861
7805
7815
7742
7733
7665
7760
7801
7748
7748
7750
7721
7730
7692
7701
7701
7718
7604
7684
7697
7638
7638
7582
7582
7645
7705
7776
7782
7802
7826
7839
7847
7847
7841
7779
7722
7709
7813
7804
7857
7906
7906
7907
7930
7951
7910
7910
7955
7939
7918
7881
7859
7867
7860
7914
7911
7942
7953
7953
8025
7989
8021
7996
8083
8110
8110
8110
8037
8031
8034
8010
8041
8043
8035
8004
8001
8086
8138
8093
8093
8048
8049
7982
7988
7988
7988
8029
8059
8055
7957
7949
8008
8072
8107
8060
8092
8064
8027
8033
8074
8074
8074
8074
8074
8053
8008
8042
8020
8046
8071
8009
7980
7922
7922
7931
7887
7855
7868
7930
7900
7881
7757
7839
7839
7882
7865
7887
7867
7917
7879
7827
7788
7798
7859
7798
7808
7815
7815
7864
7864
7902
7869
7824
7832
7849
7786
7814
7810
7811
7839
7865
7819
7778
7747
7787
7842
7870
7993
7927
7908
7942
7995
7984
8020
7930
7751
7732
7773
7725
7852
7884
7894
7833
7781
7776
7807
7782
7790
7872
7857
7842
7865
7822
7875
7887
7911
7944
7898
7898
7898
7924
7900
7877
7943
7943
7997
7999
8042
8128
8076
8064
7952
7935
7980
7974
7977
7945
7938
7894
7847
7789
7847
7865
7813
7910
7940
7901
7891
7810
7864
7879
7857
7773
7747
7741
7709
7657
7803
7812
7807
7807
7797
7727
7688
7669
7703
7703
7686
7732
7725
7794
7792
7765
7823
7790
7790
7790
7807
7874
7922
7876
7855
7808
7808
7885
7830
7799
7819
7737
7715
7610
7622
7622
7702
7669
7716
7794
7829
7813
7767
7793
7767
7805
7784
7756
7756
7727
7695
7677
7641
7651
7685
7702
7702
7655
7638
7643
7570
7624
7661
7661
7657
7677
7607
7607
7607
7613
7615
7627
7677
7677
7677
7749
7697
7722
7722
7794
7794
7815
7793
7750
7689
7657
7657
7699
7755
7744
7674
7718
7699
7729
7736
7758
7716
7677
7696
7658
7658
7715
7774
7828
7730
7624
7661
7665
7696
7695
7608
7638
7660
7645
7726
7750
7795
7851
7862
7855
7838
7839
7913
7842
7893
7854
7880
7858
7788
7835
7851
7842
7831
7825
7800
7784
7794
7714
7788
7788
7755
7738
7738
7670
7602
7609
7653
7580
7617
7569
7613
7587
7546
7546
7502
7496
7488
7469
7469
7469
7493
7586
7518
7578
7595
7647
7647
7629
7584
7584
7595
7595
7609
7585
7543
7582
7663
7706
7731
7681
7703
7774
7740
7759
7791
7752
7706
7709
7725
7681
7657
7679
7687
7683
7713
7760
7733
7709
7664
7676
7646
7556
7620
7599
7619
7576
7699
7619
7658
7631
7614
7688
7665
7718
7705
7772
7728
7803
7749
7692
7693
7638
7637
7701
7684
7729
7729
7734
7701
7614
7649
7655
7759
7750
7756
7792
7869
7838
7887
7914
7888
7888
7900
7906
7970
7985
7979
7970
7982
7884
7956
7942
8016
7967
7961
8000
8005
8009
7970
7889
7925
7869
7824
7806
7802
7916
7944
7890
7921
7944
7873
7915
7802
7781
7771
7814
7817
7831
7883
7968
8048
8032
8032
8004
7901
7778
7855
7886
7812
7820
7888
7888
7843
7843
7842
7831
7791
7793
7771
7771
7780
7749
7751
7676
7659
7659
7672
7633
7633
7644
7745
7697
7729
7761
7756
7754
7730
7730
7722
7722
7722
7722
7693
7711
7702
7702
7614
7629
7629
7612
7606
7504
7517
7517
7512
7580
7580
7580
7570
7593
7579
7555
7532
7546
7539
7487
7489
7468
7417
7433
7431
7431
7431
7382
7398
7412
7408
7471
7527
7492
7585
7542
7474
7455
7487
7502
7517
7551
7594
7565
7603
7603
7518
7492
7573
7526
7533
7509
7506
7465
7465
7520
7517
7516
7462
7502
7520
7520
7505
7582
7583
7586
7594
7592
7598
7582
7602
7602
7602
7655
7566
7591
7577
7577
7607
7613
7568
7537
7623
7611
7611
7671
7696
7745
7745
7708
7657
7728
7744
7815
7898
7924
7929
7971
7971
7971
7981
8019
8041
7990
7990
7945
7914
7914
7945
7869
7914
7884
7847
7882
7925
7966
7917
7844
7947
7917
7880
7880
7917
7852
7852
7814
7827
7824
7751
7704
7703
7682
7740
7769
7765
7825
7829
7853
7850
7877
7788
7800
7853
7820
7841
7877
7871
7917
7902
7922
7913
7859
7813
7803
7784
7769
7770
7770
7753
7830
7830
7850
7829
7829
7829
7889
7895
8013
7969
7935
7960
7985
7900
7898
7929
7969
7977
8010
8010
7988
8000
8053
7991
8020
8004
8021
8008
8014
8014
7950
7950
7950
7982
8046
7984
7991
8071
8087
8142
8048
8097
8067
8130
8059
8032
8020
8011
8011
8011
7994
7996
8005
7923
7930
7915
7915
7930
7994
7953
7957
7855
7852
7865
7846
7846
7872
7841
7841
7881
7898
7930
7921
7960
7900
7878
7882
7864
7779
7756
7699
7699
7683
7726
7726
7682
7658
7666
7617
7609
7579
7586
7622
7652
7607
7605
7553
7607
7635
7635
7602
7683
7665
7665
7657
7587
7581
7603
7603
7603
7545
7490
7578
7576
7629
7527
7495
7526
7544
7562
7557
7573
7573
7536
7560
7561
7561
7574
7490
7544
7559
7559
7559
7515
7567
7616
7576
7576
7513
7513
7494
7488
7488
7538
7536
7569
7589
7626
7606
7643
7676
7697
7681
7730
7657
7646
7668
7772
7772
7815
7778
7687
7687
7718
7718
7730
7780
7780
7796
7834
7850
7838
7829
7761
7742
7783
7786
7771
7791
7767
7772
7661
7661
7719
7787
7772
7689
7694
7656
7628
7615
7539
7557
7541
7590
7532
7541
7684
7680
7577
7472
7478
7530
7530
7503
7554
7588
7605
7625
7577
7562
7620
7620
7639
7658
7665
7630
7630
7630
7630
7665
7697
7658
7571
7613
7653
7697
7675
7692
7741
7654
7616
7606
7628
7575
7575
7575
7544
7492
7465
7485
7430
7472
7493
7430
7379
7361
7377
7430
7399
7468
7458
7458
7418
7414
7414
7414
7465
7507
7520
7495
7495
7495
7508
7503
7522
7556
7565
7565
7557
7610
7591
7582
7582
7599
7562
7575
7593
7615
7623
7585
7611
7611
7577
7577
7577
7558
7544
7596
7640
7636
7656
7565
7609
7519
7445
7446
7491
7494
7484
7526
7526
7460
7481
7528
7492
7449
7551
7473
7473
7455
7455
7549
7480
7495
7491
7589
7536
7484
7496
7399
7431
7392
7329
7338
7344
7344
7305
7269
7300
7274
7292
7292
7289
7289
7296
7295
7334
7339
7325
7350
7398
7450
7466
7487
7538
7541
7633
7624
7613
7612
7615
7656
7681
7745
7687
7687
7687
7671
7671
7675
7700
7731
7632
7656
7662
7622
7663
7663
7589
7641
7732
7644
7643
7675
7691
7650
7593
7584
7584
7600
7590
7630
7686
7686
7686
7735
7674
7674
7702
7675
7717
7717
7697
7655
7655
7733
7798
7798
7765
7743
7772
7738
7738
7658
7658
7672
7642
7738
7698
7698
7698
7700
7747
7728
7758
7844
7836
7836
7824
7832
7873
7932
7990
7936
7906
7858
7799
7827
7832
7844
7823
7838
7838
7838
7796
7775
7782
7738
7703
7719
7773
7796
7796
7836
7811
7769
7761
7765
7681
7680
7686
7638
7584
7591
7607
7656
7646
7659
7659
7667
7667
7732
7681
7681
7634
7651
7622
7687
7722
7736
7736
7736
7722
7674
7637
7643
7649
7658
7662
7715
7747
7700
7700
7700
7674
7743
7770
7741
7761
7761
7730
7744
7746
7808
7808
7802
7766
7775
7784
7727
7703
7689
7711
7710
7710
7663
7706
7692
7659
7659
7595
7595
7588
7602
7612
7620
7558
7558
7557
7626
7666
7701
7719
7779
7742
7712
7669
7666
7596
7696
7721
7713
7632
7669
7593
7618
7603
7595
7624
7649
7664
7664
7713
7684
7661
7679
7679
7679
7685
7760
7772
7746
7741
7696
7701
7672
7687
7662
7659
7719
7661
7631
7633
7610
7613
7613
7613
7661
7764
7812
7812
7784
7750
7750
7748
7764
7766
7766
7766
7792
7724
7755
7766
7766
7766
7766
7766
7766
7733
7720
7708
7707
7707
7777
7660
7579
7535
7466
7510
7512
7451
7398
7398
7437
7437
7437
7437
7498
7494
7484
7499
7560
7559
7502
7502
7538
7487
7492
7492
7470
7471
7507
7522
7503
7524
7515
7516
7516
7492
7463
7526
7624
7648
7585
7585
7549
7517
7517
7520
7548
7548
7532
7532
7532
7551
7590
7642
7637
7637
7637
7672
7668
7727
7754
7808
7841
7881
7901
7877
7890
7890
7901
7901
7849
7838
7795
7771
7778
7761
7762
7754
7745
7708
7680
7695
7716
7717
7717
7648
7648
7612
7621
7593
7593
7618
7553
7558
7535
7497
7482
7416
7413
7413
7413
7461
7461
7458
7458
7429
7473
7423
7400
7399
7390
7386
7403
7403
7403
7435
7439
7439
7400
7378
7440
7522
7474
7512
7521
7563
7552
7556
7607
7588
7546
7584
7587
7609
7696
7715
7777
7751
7607
7584
7492
7498
7538
7597
7554
7524
7567
7567
7533
7551
7551
7632
7640
7640
7738
7754
7754
7748
7710
7712
7760
7760
7710
7710
7710
7710
7676
7601
7637
7666
7666
7650
7658
7677
7601
7535
7594
7578
7590
7583
7588
7588
7588
7579
7648
7659
7659
7649
7689
7656
7656
7650
7685
7725
7653
7619
7657
7657
7657
7668
7686
7641
7641
7641
7688
7758
7757
7797
7809
7823
7826
7826
7796
7796
7761
7761
7810
7801
7796
7796
7844
7857
7857
7846
7820
7788
7765
7783
7783
7821
7840
7821
7878
7830
7813
7841
7886
7792
7769
7769
7814
7896
7878
7837
7817
7817
7772
7702
7640
7640
7640
7609
7609
7668
7647
7647
7641
7709
7784
7783
7816
7765
7765
7765
7736
7658
7658
7622
7610
7614
7607
7589
7578
7567
7639
7601
7601
7613
7598
7629
7629
7629
7666
7666
7666
7666
7650
7650
7650
7682
7620
7553
7555
7510
7461
7461
7461
7481
7499
7490
7422
7422
7465
7515
7553
7553
7582
7582
7582
7583
7535
7561
7626
7630
7665
7695
7697
7689
7689
7604
7604
7604
7628
7594
7594
7617
7588
7550
7550
7529
7565
7564
7560
7560
7563
7553
7553
7619
7673
7652
7652
7647
7660
7777
7834
7891
8007
8070
8089
8009
8013
8013
7985
7926
7879
7879
7879
7820
7820
7782
7765
7703
7703
7698
7672
7676
7622
7622
7555
7590
7579
7579
7560
7560
7554
7554
7633
7654
7654
7635
7629
7566
7562
7568
7527
7554
7606
7598
7598
7598
7598
7598
7638
7516
7594
7565
7566
7533
7498
7437
7436
7436
7447
7415
7349
7349
7386
7386
7410
7365
7422
7435
7432
7422
7477
7490
7513
7545
7556
7565
7631
7631
7631
7661
7661
7713
7713
7713
7810
7794
7777
7822
7793
7738
7717
7717
7768
7774
7768
7750
7736
7715
7710
7722
7716
7744
7723
7718
7639
7639
7625
7680
7676
7632
7659
7693
7637
7608
7568
7551
7611
7615
7637
7616
7616
7700
7697
7697
7697
7755
7780
7780
7817
7751
7753
7753
7711
7747
7744
7709
7709
7709
7755
7806
7782
7782
7797
7830
7835
7864
7812
7811
7812
7841
7841
7841
7838
7923
7914
7914
7931
7960
7937
7906
7906
7901
7779
7802
7786
7805
7768
7776
7769
7759
7777
7696
7717
7666
7697
7770
7805
7737
7718
7738
7641
7654
7667
7688
7688
7704
7683
7683
7719
7739
7729
7764
7758
7758
7657
7657
7639
7639
7630
7687
7701
7723
7736
7770
7823
7823
7802
7802
7662
7662
7662
7530
7559
7530
7530
7510
7511
7560
7565
7633
7602
7622
7632
7595
7622
7626
7629
7627
7682
7654
7596
7513
7482
7452
7444
7453
7457
7498
7498
7484
7514
7554
7505
7526
7526
7493
7503
7586
7586
7586
7675
7626
7529
7510
7464
7472
7427
7435
7420
7444
7442
7443
7446
7444
7520
7520
7497
7497
7542
7512
7520
7483
7507
7559
7559
7467
7404
7404
7404
7370
7370
7438
7477
7423
7368
7515
7515
7504
7504
7551
7573
7592
7598
7610
7588
7588
7583
7585
7560
7615
7637
7677
7708
7683
7663
7705
7801
7788
7788
7823
7868
7885
7726
7696
7634
7659
7619
7697
7703
7713
7704
7678
7678
7645
7660
7695
7753
7798
7849
7849
7761
7770
7735
7797
7797
7807
7807
7862
7914
7914
7874
7875
7790
7817
7915
7915
7890
7839
7861
7861
7849
7817
7828
7764
7764
7736
7736
7740
7740
7740
7670
7593
7593
7593
7612
7612
7615
7615
7546
7546
7561
7575
7534
7499
7542
7542
7558
7558
7583
7583
7642
7625
7696
7664
7607
7673
7673
7650
7564
7555
7593
7627
7742
7824
7824
7824
7768
7769
7823
7835
7835
7835
7848
7821
7821
7805
7805
7844
7799
7795
7879
7918
7830
7892
7829
7805
7814
7806
7772
7782
7782
7782
7779
7638
7652
7604
7612
7579
7664
7704
7622
7652
7627
7627
7642
7626
7528
7528
7528
7554
7554
7593
7624
7773
7775
7775
7779
7761
7746
7739
7818
7816
7834
7824
7857
7785
7733
7774
7786
7771
7810
7835
7862
7816
7816
7862
7814
7814
7862
7768
7742
7719
7673
7664
7690
7687
7670
7642
7617
7657
7657
7657
7629
7626
7625
7601
7642
7622
7622
7613
7626
7680
7699
7671
7662
7630
7620
7590
7605
7607
7586
7586
7586
7597
7602
7577
7629
7629
7549
7538
7528
7521
7632
7632
7632
7646
7720
7743
7743
7692
7723
7710
7711
7726
7671
7725
7725
7680
7680
7709
7709
7768
7691
7664
7722
7722
7696
7697
7697
7746
7651
7633
7631
7631
7620
7601
7653
7653
7653
7653
7661
7665
7654
7622
7639
7639
7632
7630
7630
7671
7604
7624
7665
7683
7741
7609
7625
7625
7637
7608
7608
7655
7598
7554
7554
7557
7593
7558
7558
7608
7662
7592
7672
7668
7662
7613
7548
7509
7531
7531
7514
7514
7514
7514
7518
7593
7593
7577
7575
7580
7586
7656
7636
7639
7641
7636
7586
7623
7619
7676
7663
7664
7607
7607
7607
7634
7634
7709
7731
7737
7665
7665
7665
7695
7662
7662
7685
7643
7633
7629
7629
7629
7561
7561
7561
7561
7551
7602
7602
7554
7518
7522
7539
7604
7604
7611
7650
7639
7731
7771
7809
7852
7819
7738
7749
7749
7749
7741
7717
7717
7717
7715
7715
7664
7679
7609
7620
7667
7622
7611
7601
7651
7695
7774
7774
7752
7777
7764
7759
7759
7747
7786
7777
7725
7725
7803
7803
7897
7900
7900
7856
7853
7848
7857
7903
7893
7859
7816
7804
7724
7649
7654
7665
7662
7665
7678
7734
7734
7792
7792
7803
7730
7776
7776
7740
7703
7682
7687
7688
7665
7666
7666
7756
7756
7813
7814
7817
7790
7781
7781
7785
7785
7800
7800
7737
7737
7737
7725
7734
7734
7770
7818
7785
7755
7767
7726
7726
7726
7690
7675
7712
7741
7741
7773
7773
7778
7744
7713
7713
7729
7719
7742
7742
7742
7741
7741
7782
7726
7683
7683
7596
7685
7690
7690
7745
7713
7618
7618
7589
7544
7524
7510
7518
7518
7519
7519
7519
7519
7528
7534
7526
7583
7583
7520
7521
7544
7572
7572
7562
7616
7583
7553
7579
7548
7588
7588
7582
7582
7554
7554
7554
7554
7606
7673
7669
7669
7636
7634
7696
7681
7681
7663
7694
7694
7694
7691
7746
7707
7805
7804
7744
7744
7749
7752
7760
7778
7778
7934
7934
7925
7950
7896
7843
7843
7773
7810
7810
7810
7771
7758
7742
7742
7742
7652
7639
7639
7639
7679
7679
7679
7653
7676
7676
7604
7604
7602
7677
7724
7724
7724
7724
7622
7648
7692
7689
7689
7600
7600
7619
7616
7646
7647
7570
7519
7519
7523
7523
7520
7527
7559
7562
7633
7616
7564
7609
7609
7601
7610
7536
7560
7651
7644
7662
7612
7594
7594
7583
7583
7571
7571
7476
7450
7450
7510
7510
7468
7478
7470
7466
7466
7481
7487
7484
7418
7525
7490
7490
7523
7547
7525
7519
7549
7545
7545
7511
7511
7450
7455
7477
7435
7399
7324
7324
7346
7346
7346
7399
7445
7437
7437
7405
7423
7407
7398
7402
7402
7402
7402
7440
7483
7408
7349
7349
7362
7460
7465
7465
7465
7465
7516
7532
7568
7568
7520
7570
7560
7560
7560
7562
7575
7575
7575
7575
7614
7663
7669
7669
7686
7646
7600
7600
7600
7600
7600
7603
7645
7599
7599
7629
7608
7531
7531
7516
7516
7487
7495
7457
7457
7470
7470
7374
7374
7363
7393
7393
7420
7475
7475
7482
7453
7450
7450
7450
7467
7467
7449
7494
7493
7480
7496
7545
7560
7566
7580
7539
7539
7539
7539
7521
7521
7524
7524
7524
7547
7550
7562
7562
7540
7540
7477
7464
7488
7561
7561
7561
7580
7580
7629
7629
7636
7646
7604
7551
7551
7492
7476
7547
7531
7538
7523
7523
7489
7472
7492
7495
7522
7515
7515
7503
7525
7481
7472
7500
7497
7497
7517
7518
7530
7529
7538
7541
7543
7549
7501
7489
7489
7517
7515
7514
7565
7571
7498
7496
7496
7476
7491
7465
7457
7411
7411
7425
7461
7461
7476
7476
7476
7515
7515
7515
7515
7516
7512
7525
7525
7435
7408
7402
7397
7384
7401
7413
7413
7413
7418
7461
7446
7446
7418
7547
7582
7554
7554
7517
7494
7496
7537
7537
7537
7542
7563
7524
7502
7524
7440
7460
7536
7536
7593
7579
7579
7542
7544
7521
7496
7566
7575
7581
7545
7505
7490
7492
7482
7482
7491
7510
7437
7437
7437
7412
7412
7412
7382
7429
7419
7447
7447
7459
7459
7459
7465
7451
7485
7534
7574
7579
7576
7576
7470
7504
7504
7498
7498
7614
7624
7691
7691
7602
7615
7666
7703
7731
7669
7669
7675
7675
7642
7605
7638
7630
7630
7637
7637
7637
7637
7633
7635
7635
7635
7635
7635
7626
7618
7630
7637
7630
7609
7630
7630
7677
7677
7677
7714
7714
7714
7714
7636
7687
7660
7617
7623
7583
7603
7603
7603
7603
7603
7603
7599
7578
7555
7568
7568
7568
7568
7530
7590
7590
7590
7573
7563
7563
7563
7570
7516
7516
7516
7440
7440
7440
7421
7432
7406
7406
7433
7442
7442
7442
7442
7442
7450
7350
7350
7350
7419
7422
7463
7439
7439
7395
7390
7340
7290
7313
7313
7295
7241
7241
7229
7273
7273
7273
7305
7305
7305
7305
7330
7330
7316
7316
7308
7278
7278
7278
7251
7224
7224
7224
7224
7291
7291
7198
7200
7189
7215
7215
7215
7215
7215
7215
7215
7190
7169
7169
7169
7194
7194
7195
7177
7177
7219
7239
7246
7244
7244
7244
7244
7244
7308
7252
7255
7234
7240
7258
7258
7258
7258
7261
7295
7335
7335
7337
7363
7343
7443
7397
7386
7311
7311
7374
7374
7374
7374
7394
7416
7416
7419
7419
7419
7419
7419
7419
7414
7414
7414
7414
7406
7417
7417
7417
7417
7417
7417
7417
7380
7370
7446
7522
7522
7492
7500
7500
7495
7590
7533
7509
7471
7411
7386
7371
7368
7368
7391
7408
7397
7413
7413
7413
7391
7391
7391
7434
7484
7435
7435
7391
7391
7391
7424
7424
7472
7476
7496
7419
7368
7316
7316
7310
7318
7366
7366
7366
7406
7412
7399
7399
7462
7523
7523
7523
7523
7493
7451
7451
7451
7420
7420
7420
7420
7411
7458
7458
7439
7443
7443
7442
7424
7424
7445
7406
7435
7402
7384
7384
7384
7365
7365
7429
7506
7496
7490
7512
7504
7502
7519
7519
7526
7570
7492
7470
7470
7470
7522
7522
7522
7527
7464
7364
7403
7405
7373
7373
7399
7418
7382
7380
7390
7444
7444
7514
7520
7520
7546
7578
7578
7578
7592
7547
7531
7511
7454
7454
7441
7437
7437
7405
7426
7426
7427
7428
7425
7425
7425
7425
7359
7308
7330
7355
7355
7355
7355
7370
7370
7371
7383
7383
7383
7383
7385
7385
7400
7400
7388
7388
7400
7424
7398
7472
7472
7472
7466
7466
7444
7440
7392
7424
7424
7409
7368
7368
7343
7420
7393
7445
7392
7392
7426
7426
7428
7428
7416
7370
7337
7340
7355
7324
7324
7273
7259
7259
7300
7297
7297
7362
7411
7411
7411
7385
7362
7362
7362
7362
7304
7304
7288
7288
7288
7324
7356
7384
7384
7384
7384
7384
7430
7430
7430
7430
7430
7437
7437
7485
7485
7508
7508
7500
7473
7473
7473
7473
7473
7503
7533
7512
7512
7512
7516
7471
7381
7381
7375
7399
7387
7377
7321
7282
7282
7282
7282
7282
7282
7282
7315
7310
7338
7280
7280
7280
7280
7280
7280
7280
7296
7299
7349
7414
7451
7451
7449
7416
7441
7441
7421
7444
7467
7473
7473
7434
7434
7434
7434
7448
7403
7413
7386
7424
7402
7402
7402
7402
7446
7446
7432
7450
7475
7475
7473
7430
7424
7384
7379
7360
7360
7360
7351
7315
7344
7346
7317
7323
7289
7289
7289
7347
7322
7322
7322
7322
7322
7322
7396
7400
7457
7457
7463
7539
7527
7501
7443
7453
7416
7360
7360
7360
7332
7345
7353
7364
7364
7377
7377
7373
7370
7393
7390
7390
7324
7321
7349
7349
7357
7353
7369
7369
7323
7300
7298
7303
7303
7324
7324
7366
7353
7350
7374
7374
7374
7332
7332
7367
7367
7347
7368
7350
7368
7375
7331
7247
7247
7254
7275
7275
7275
7307
7294
7329
7315
7315
7363
7363
7425
7425
7425
7427
7427
7427
7408
7408
7408
7429
7430
7454
7454
7454
7472
7545
7565
7648
7719
7717
7717
7707
7692
7692
7692
7648
7688
7636
7625
7564
7563
7573
7573
7624
7624
7638
7627
7627
7616
7616
7616
7616
7603
7603
7602
7661
7667
7657
7634
7634
7649
7616
7633
7633
7633
7633
7633
7633
7640
7640
7595
7613
7613
7613
7596
7577
7577
7577
7612
7650
7650
7648
7648
7630
7630
7589
7589
7602
7563
7535
7503
7503
7531
7531
7531
7560
7618
7624
7641
7634
7634
7634
7631
7631
7561
7561
7561
7561
7561
7561
7578
7578
7593
7585
7585
7550
7550
7550
7573
7573
7573
7573
7582
7564
7556
7563
7563
7563
7563
7613
7575
7575
7646
7700
7734
7734
7734
7798
7811
7776
7834
7864
7864
7864
7840
7840
7803
7804
7804
7804
7788
7760
7769
7769
7769
7769
7754
7767
7783
7783
7749
7749
7749
7762
7822
7822
7773
7773
7741
7822
7713
7677
7538
7538
7538
7578
7598
7598
7598
7598
7614
7557
7557
7557
7557
7672
7736
7689
7641
7665
7665
7665
7665
7665
7677
7684
7684
7729
7665
7639
7649
7649
7632
7637
7637
7630
7630
7630
7659
7643
7643
7643
7643
7627
7601
7601
7501
7501
7501
7508
7508
7501
7562
7562
7607
7576
7586
7620
7542
7560
7563
7563
7510
7506
7517
7546
7558
7561
7548
7522
7522
7477
7477
7520
7520
7544
7564
7547
7553
7548
7543
7552
7564
7564
7564
7573
7557
7557
7553
7553
7553
7535
7535
7597
7597
7597
7547
7547
7547
7547
7536
7531
7531
7531
7531
7589
7589
7589
7596
7617
7588
7588
7610
7610
7610
7610
7572
7628
7628
7606
7603
7619
7545
7513
7493
7469
7460
7490
7499
7425
7421
7421
7408
7393
7395
7366
7366
7366
7389
7389
7389
7389
7377
7377
7377
7377
7357
7359
7359
7359
7365
7365
7365
7375
7441
7441
7506
7537
7481
7481
7481
7481
7481
7481
7481
7491
7491
7491
7474
7474
7474
7466
7466
7470
7419
7431
7436
7467
7449
7449
7449
7449
7449
7447
7447
7447
7411
7411
7462
7476
7488
7500
7464
7464
7464
7464
7483
7470
7495
7502
7502
7502
7502
7502
7502
7473
7453
7432
7446
7455
7410
7410
7448
7470
7470
7468
7392
7392
7392
7413
7413
7413
7413
7425
7425
7425
7399
7399
7388
7388
7357
7358
7358
7417
7375
7375
7368
7368
7368
7368
7368
7368
7368
7368
7368
7368
7368
7368
7368
7368
7368
7385
7385
7385
7445
7468
7457
7363
7391
7391
7391
7391
7436
7436
7436
7436
7436
7436
7412
7412
7419
7464
7464
7464
7464
7465
7477
7477
7477
7403
7443
7443
7443
7446
7374
7374
7374
7374
7374
7374
7334
7334
7328
7328
7301
7301
7302
7302
7302
7302
7302
7302
7347
7291
7287
7332
7332
7351
7332
7332
7354
7354
7376
7308
7355
7360
7298
7298
7329
7329
7329
7329
7346
7346
7393
7393
7409
7409
7409
7409
7404
7404
7404
7404
7404
7392
7392
7363
7406
7378
7395
7395
7383
7383
7383
7383
7383
7341
7341
7378
7337
7337
7337
7337
7337
7337
7337
7337
7338
7338
7349
7349
7349
7349
7376
7357
7357
7376
7338
7334
7334
7359
7368
7368
7368
7368
7368
7368
7368
7281
7269
7269
7269
7269
7296
7296
7241
7233
7233
7264
7280
7257
7257
7257
7257
7257
7257
7315
7315
7315
7315
7333
7333
7356
7386
7386
7386
7386
7405
7405
7405
7405
7405
7409
7415
7403
7392
7392
7385
7385
7424
7424
7449
7415
7415
7398
7421
7379
7379
7258
7296
7296
7295
7323
7323
7323
7337
7337
7337
7337
7363
7363
7390
7368
7392
7392
7406
7406
7416
7413
7413
7413
7417
7419
7419
7336
7300
7304
7314
7314
7314
7309
7306
7381
7394
7387
7340
7340
7382
7395
7395
7461
7419
7435
7407
7406
7386
7386
7387
7397
7370
7376
7376
7369
7393
7404
7404
7476
7476
7468
7468
7432
7411
7437
7437
7437
7422
7491
7491
7488
7488
7488
7414
7414
7435
7449
7424
7416
7397
7405
7405
7405
7366
7366
7377
7328
7323
7323
7323
7323
7323
7317
7317
7253
7253
7253
7262
7242
7256
7261
7254
7252
7252
7255
7255
7234
7230
7230
7230
7237
7243
7243
7243
7243
7192
7192
7176
7141
7192
7192
7165
7165
7165
7165
7165
7170
7170
7170
7170
7170
7193
7193
7193
7193
7187
7187
7187
7191
7204
7216
7216
7216
7216
7201
7201
7193
7193
7188
7188
7189
7189
7189
7189
7195
7195
7203
7171
7176
7183
7123
7123
7123
7123
7123
7123
7150
7148
7148
7148
7148
7148
7173
7148
7148
7148
7148
7178
7180
7180
7180
7175
7175
7175
7175
7198
7258
7258
7258
7257
7209
7209
7209
7204
7193
7206
7206
7235
7235
7248
7206
7202
7221
7221
7202
7202
7205
7205
7217
7255
7243
7228
7228
7228
7228
7228
7228
7228
7228
7228
7202
7168
7168
7168
7168
7168
7199
7199
7180
7180
7180
7180
7180
7182
7182
7191
7164
7164
7164
7143
7149
7149
7143
7082
7082
7082
7082
7100
7119
7119
7119
7119
7119
7119
7059
7034
7079
7079
7079
7078
7078
7078
7078
7078
7095
7095
7095
7138
7138
7131
7131
7118
7118
7118
7118
7118
7115
7125
7157
7157
7157
7157
7166
7124
7134
7134
7088
7088
7126
7126
7126
7126
7138
7138
7138
7168
7168
7168
7129
7129
7129
7129
7129
7130
7165
7213
7213
7204
7153
7153
7183
7183
7202
7202
7202
7146
7146
7146
7146
7112
7112
7112
7112
7127
7127
7127
7127
7127
7127
7127
7140
7140
7140
7140
7140
7140
7144
7144
7144
7144
7144
7144
7179
7163
7189
7189
7189
7150
7150
7146
7146
7181
7161
7161
7197
7197
7197
7197
7197
7197
7197
7180
7228
7228
7190
7190
7190
7195
7195
7195
7195
7195
7195
7162
7162
7145
7145
7152
7152
7136
7136
7136
7141
7141
7141
7141
7141
7141
7163
7102
7102
7129
7129
7129
7129
7129
7111
7111
7131
7131
7131
7131
7131
7131
7131
7107
7107
7107
7107
7107
7107
7107
7107
7107
7104
7104
7100
7100
7100
7100
7100
7100
7131
7131
7131
7131
7131
7108
7108
7108
7108
7108
7108
7108
7108
7108
7108
7108
7108
7108
7108
7108
7108
7106
7105
7105
7105
7105
7123
7133
7122
7124
7111
7111
7111
7111
7111
7111
7111
7137
7137
7124
7124
7124
7124
7124
7124
7124
7140
7144
7144
7144
7127
7174
7174
7174
7104
7104
7104
7104
7156
7156
7156
7156
7164
7164
7164
7178
7178
7178
7178
7178
7178
7178
7178
7178
7178
7178
7164
7164
7164
7152
7139
7076
7076
7076
7093
7117
7117
7120
7101
7101
7101
7101
7101
7101
7117
7117
7117
7117
7117
7117
7117
7117
7117
7117
7117
7117
7117
7117
7117
7117
7143
7143
7181
7209
7214
7163
7163
7163
7163
7198
7240
7240
7240
7240
7240
7240
7237
7237
7237
7237
7238
7238
7241
7241
7241
7241
7241
7231
7231
7220
7212
7212
7212
7212
7189
7189
7165
7165
7165
7165
7148
7148
7148
7148
7144
7144
7145
7144
7144
7144
7161
7161
7161
7149
7149
7149
7149
7149
7149
7149
7149
7149
7149
7149
7149
7149
7149
7149
7149
7149
7149
7149
7149
7149
7149
7143
7143
7143
7143
7143
7143
7143
7143
7143
7144
7135
7138
7138
7138
7138
7105
7063
7076
7076
7076
7076
7076
7076
7056
7056
7056
7056
7056
7056
7056
7056
7056
7056
7056
7056
7047
7047
7047
7039
7039
7039
7039
7039
7069
7069
7054
7054
7001
7001
7001
6989
6989
7015
7015
7015
7018
7018
7027
7027
7027
7027
7027
7027
7046
7046
7032
7015
7015
7015
7015
7015
7015
7015
7015
7010
7010
7010
7010
7010
7010
7010
7010
7015
7015
7015
7015
7054
7054
7054
7054
7054
7088
7088
7081
7091
7091
7091
7091
7091
7046
7046
7046
7046
7052
7052
7052
7052
7052
7052
7052
7052
7052
7095
7151
7150
7150
7150
7150
7150
7150
7150
7150
7150
7149
7149
7134
7134
7134
7134
7134
7134
7134
7134
7134
7134
7129
7130
7168
7168
7127
7127
7127
7127
7132
7132
7132
7082
7082
7107
7107
7119
7119
7110
7110
7110
7110
7110
7110
7110
7110
7110
7125
7125
7106
7111
7177
7177
7160
7135
7120
7123
7123
7123
7123
7123
7096
7096
7096
7104
7104
7129
7139
7139
7139
7139
7127
7127
7127
7127
7127
7125
7125
7096
7096
7080
7080
7080
7073
7073
7073
7073
7073
7073
7073
7073
7043
7043
7043
7043
7043
7043
7043
7061
7024
7024
7024
7024
7034
7034
7034
7034
7039
7039
7039
7039
7039
7039
7039
7039
7039
7039
7039
7048
7048
7048
7048
7044
7024
7047
7047
7047
7047
7047
7047
7047
7047
7056
7005
7005
7010
7010
7010
7010
6998
6998
6998
6998
6998
6998
6999
6999
6999
6999
6999
6999
6999
6999
6999
6999
6999
6999
6999
6993
6993
6993
6993
6963
6963
6963
6963
6963
6963
6963
6963
6963
6963
6963
6963
6963
6963
6959
6959
6959
6959
6959
6959
6940
6940
6940
6940
6940
6940
6940
6939
6939
6939
6939
6939
6939
6939
6939
6939
6939
6939
6939
6939
6939
6939
6939
6939
6939
6939
6939
6939
6938
6938
6938
6938
6938
6938
6938
6938
6938
6938
6938
6938
6938
6938
6938
6938
6938
6938
6938
6938
6938
6938
6938
6938
6938
6938
6938
6938
6938
6954
6954
6954
6954
6954
6940
6940
6940
6940
6940
6940
6940
6940
6940
6964
6964
6964
6964
6964
6964
6964
6964
6964
6964
6964
6964
6964
6964
6964
6975
6975
6975
6975
6975
6961
6961
6974
6965
6965
6965
6959
6959
6959
6959
6959
6959
6959
6959
6959
6959
6959
6959
6959
6959
6959
6959
6959
6959
6959
6959
6959
6959
6959
6959
6959
6959
6959
6959
6959
6959
6930
6930
6930
6930
6917
6917
6917
6917
6917
6917
6917
6917
6917
6917
6917
6917
6917
6917
6917
6917
6917
6917
6917
6917
6917
6917
6917
6917
6917
6917
6917
6917
6917
6917
6917
6917
6917
6919
6919
6919
6919
6896
6896
6896
6896
6896
6896
6896
6896
6896
6896
6896
6896
6896
6896
6892
6892
6892
6892
6892
6892
6892
6901
6901
6901
6901
6901
6901
6901
6901
6901
6901
6901
6901
6901
6896
6896
6896
6950
6950
6950
6938
6946
6947
6947
6947
6946
6946
6946
6922
6922
6911
6911
6911
6911
6883
6883
6919
6919
6919
6919
6919
6919
6919
6919
6919
6919
6919
6919
6919
6919
6894
6894
6894
6894
6894
6894
6894
6894
6890
6890
6890
6890
6890
6890
6890
6890
6890
6913
6913
6913
6913
6911
6911
6911
6911
6911
6911
6911
6911
6911
6911
6911
6911
6911
6911
6917
6917
6917
6917
6917
6917
6917
6916
6916
6916
6916
6916
6916
6916
6916
6916
6916
6935
6928
6928
6928
6928
6928
6928
6928
6928
6928
6928
6928
6928
6928
6928
6924
6924
6963
6971
6971
6971
6971
6971
6971
6971
6971
6971
6971
6971
6971
6971
6971
6971
6971
6971
6971
6971
6971
6935
6935
6935
6935
6935
6935
6935
6935
6935
6935
6935
6935
6935
6905
6905
6905
6905
6905
6905
6913
6906
6906
6906
6915
6923
6923
6923
6923
6923
6923
6923
6923
6921
6921
6921
6921
6921
6921
6921
6921
6921
6921
6921
6921
6921
6921
6921
6908
6908
6908
6908
6908
6908
6908
6908
6908
6908
6908
6908
6908
6908
6908
6908
6908
6928
6932
6932
6933
6933
6933
6933
6933
6915
6915
6915
6915
6915
6915
6915
6923
6923
6950
6950
6950
6950
6950
6930
6930
6930
6930
6930
6930
6930
6930
6930
6930
6930
6930
6930
6930
6909
6909
6909
6909
6897
6897
6897
6897
6897
6897
6897
6897
6897
6897
6922
6922
6899
6899
6899
6899
6899
6899
6899
6899
6899
6899
6899
6899
6899
6899
6899
6899
6899
6899
6899
6899
6917
6891
6891
6891
6891
6891
6891
6891
6886
6879
6879
6879
6879
6879
6879
6879
6879
6895
6895
6895
6895
6895
6895
6895
6895
6895
6895
6895
6895
6895
6889
6889
6889
6889
6889
6889
6884
6882
6882
6882
6885
6885
6869
6869
6869
6869
6869
6869
6869
6869
6869
6869
6869
6869
6869
6869
6869
6869
6869
6869
6869
6869
6895
6895
6895
6895
6895
6895
6895
6895
6888
6888
6888
6888
6888
6888
6888
6888
6888
6888
6888
6888
6888
6888
6888
6888
6888
6900
6900
6900
6900
6900
6900
6900
6874
6874
6881
6881
6881
6882
6882
6882
6846
6846
6846
6856
6830
6830
6830
6830
6830
6830
6830
6830
6830
6830
6830
6830
6830
6830
6830
6830
6830
6830
6830
6830
6834
6834
6834
6834
6834
6834
6834
6834
6834
6834
6834
6834
6834
6821
6821
6821
6821
6821
6821
6821
6821
6821
6821
6821
6821
6821
6821
6821
6821
6821
6821
6821
6821
6821
6821
6821
6821
6821
6821
6821
6821
6821
6821
6821
6821
6821
6821
6821
6821
6821
6821
6821
6805
6805
6805
6805
6805
6805
6805
6805
6805
6805
6805
6805
6805
6805
6805
6805
6805
6805
6801
6801
6801
6801
6801
6801
6808
6810
6810
6810
6810
6810
6810
6810
6810
6810
6810
6810
6810
6810
6810
6810
6810
6810
6810
6810
6810
6810
6810
6810
6810
6810
6810
6810
6810
6810
6810
6810
6810
6810
6810
6810
6810
6810
6810
6810
6810
6810
6810
6810
6810
6810
6810
6810
6810
6810
6810
6810
6810
6810
6810
6810
6810
6810
6810
6810
6801
6801
6801
6801
6801
6801
6801
6801
6800
6800
6800
6800
6800
6800
6800
6800
6800
6800
6800
6800
6800
6800
6800
6800
6800
6800
6800
6800
6800
6800
6800
6800
6800
6800
6808
6808
6808
6808
6808
6808
6808
6808
6808
6808
6808
6808
6808
6808
6808
6808
6808
6808
6808
6808
6808
6808
6791
6791
6791
6791
6791
6791
6791
6791
6791
6791
6791
6791
6791
6791
6791
6791
6791
6791
6791
6791
6791
6791
6791
6791
6791
6791
6791
6791
6791
6791
6791
6791
6791
6791
6791
6791
6791
6791
6791
6791
6791
6797
6797
6797
6797
6797
6797
6797
6802
6802
6802
6802
6802
6802
6802
6802
6802
6802
6802
6802
6802
6802
6802
6802
6802
6802
6802
6802
6797
6797
6797
6797
6797
6797
6797
6797
6797
6797
6797
6812
6812
6812
6812
6812
6812
6812
6812
6812
6812
6812
6812
6812
6812
6814
6814
6816
6816
6816
6816
6816
6839
6839
6839
6839
6839
6839
6864
6864
6864
6864
6864
6864
6864
6864
6864
6864
6864
6864
6864
6864
6864
6864
6864
6864
6866
6866
6866
6866
6866
6866
6866
6866
6866
6866
6866
6866
6866
6866
6866
6866
6866
6866
6866
6866
6862
6862
6862
6862
6862
6862
6862
6862
6862
6842
6842
6842
6842
6930
6891
6891
6891
6891
6891
6891
6891
6891
6891
6891
6891
6891
6891
6891
6891
6906
6906
6906
6906
6906
6906
6906
6906
6906
6906
6906
6906
6906
6906
6906
6906
6906
6906
6906
6906
6906
6914
6914
6914
6914
6914
6914
6914
6914
6914
6914
6914
6914
6914
6914
6914
6914
6914
6914
6914
6914
6914
6914
6914
6914
6914
6914
6914
6914
6914
6914
6914
6914
6914
6914
6914
6914
6914
6914
6914
6914
6914
6914
6914
6914
6914
6914
6914
6914
6914
6914
6914
6914
6914
6914
6914
6914
6914
6914
6914
6914
6914
6914
6914
6914
6914
6914
6914
6914
6914
6914
6914
6914
6914
6914
6914
6914
6914
6914
6914
6914
6914
6914
6914
6914
6914
6914
6914
6914
6914
6914
6914
6914
6914
6914
6914
6914
6914
6914
6914
6914
6914
6914
6914
6914
6914
6914
6914
6914
6914
6914
6914
6914
6914
6914
6914
6914
6914
6914
6914
6914
6914
6889
6889
6882
6882
6882
6882
6882
6882
6882
6882
6882
6882
6882
6882
6882
6882
6882
6882
6882
6882
6882
6882
6882
6882
6882
6889
6894
6899
6899
6899
6899
6899
6899
6899
6899
6899
6899
6899
6899
6899
6899
6899
6899
6889
6876
6876
6876
6876
6876
6876
6876
6876
6876
6876
6876
6876
6876
6876
6876
6876
6876
6876
6876
6876
6876
6876
6876
6876
6876
6876
6876
6876
6876
6876
6872
6872
6872
6872
6872
6872
6872
6872
6872
6872
6872
6872
6872
6872
6872
6872
6872
6872
6872
6872
6872
6872
6872
6872
6872
6872
6872
6872
6872
6872
6870
6870
6870
6870
6870
6870
6870
6870
6870
6870
6870
6870
6870
6881
6881
6881
6881
6881
6881
6881
6881
6881
6881
6881
6881
6881
6881
6881
6881
6881
6883
6883
6883
6883
6883
6883
6883
6883
6883
6883
6883
6883
6883
6883
6883
6883
6883
6883
6883
6883
6883
6883
6883
6883
6883
6883
6883
6883
6883
6883
6883
6883
6883
6883
6883
6883
6883
6883
6889
6889
6889
6889
6889
6889
6889
6889
6889
6889
6889
6889
6889
6889
6889
6889
6889
6889
6889
6889
6889
6886
6886
6886
6886
6886
6886
6886
6886
6886
6886
6886
6886
6886
6886
6875
6854
6854
6854
6854
6854
6854
6854
6854
6855
6855
6859
6859
6859
6859
6859
6859
6859
6859
6859
6859
6859
6859
6859
6859
6859
6859
6859
6859
6859
6859
6859
6859
6859
6859
6859
6859
6870
6870
6870
6870
6870
6870
6870
6870
6870
6870
6870
6870
6870
6870
6870
6870
6870
6870
6870
6870
6870
6870
6852
6852
6852
6851
6851
6851
6851
6851
6851
6851
6851
6851
6851
6851
6851
6851
6851
6851
6851
6851
6851
6851
6851
6851
6851
6851
6851
6851
6851
6851
6851
6851
6851
6851
6851
6851
6851
6851
6851
6851
6851
6851
6851
6851
6851
6851
6851
6851
6851
6851
6851
6851
6851
6851
6851
6851
6851
6851
6851
6851
6851
6851
6851
6851
6851
6851
6851
6851
6851
6851
6851
6851
6851
6851
6851
6851
6851
6851
6851
6851
6851
6851
6851
6851
6851
6846
6846
6846
6846
6846
6846
6846
6846
6846
6846
6846
6846
6846
6846
6846
6846
6846
6846
6846
6846
6846
6846
6846
6846
6846
6846
6846
6846
6846
6846
6846
6846
6846
6846
6846
6846
6846
6846
6846
6846
6846
6846
6840
6840
6840
6840
6840
6840
6840
6847
6847
6847
6847
6847
6854
6854
6854
6854
6854
6854
6854
6854
6854
6854
6854
6854
6854
6854
6852
6852
6852
6852
6852
6852
6852
6852
6852
6852
6852
6852
6852
6852
6853
6853
6853
6853
6853
6853
6853
6853
6853
6853
6853
6853
6853
6853
6853
6853
6853
6853
6853
6853
6853
6853
6853
6853
6853
6853
6853
6853
6853
6853
6853
6853
6853
6853
6853
6853
6853
6853
6853
6853
6853
6853
6853
6853
6853
6853
6853
6853
6853
6848
6848
6848
6848
6848
6848
6848
6848
6848
6848
6848
6848
6848
6848
6848
6848
6848
6848
6848
6848
6848
6848
6848
6848
6848
6848
6848
6848
6848
6848
6848
6848
6848
6848
6848
6848
6848
6848
6848
6848
6848
6848
6848
6848
6848
6848
6848
6848
6848
6848
6848
6848
6848
6848
6848
6848
6848
6848
6848
6848
6848
6848
6848
6848
6848
6848
6848
6848
6848
6848
6848
6848
6848
6848
6848
6848
6848
6848
6848
6848
6848
6848
6848
6848
6848
6848
6848
6848
6848
6848
6848
6848
6848
6848
6848
6848
6848
6848
6848
6848
6848
6851
6851
6851
6849
6849
6849
6849
6849
6849
6849
6849
6849
6849
6848
6848
6844
6844
6844
6844
6844
6844
6844
6844
6838
6838
6838
6838
6838
6838
6838
6838
6838
6817
6817
6817
6817
6817
6817
6817
6817
6817
6817
6817
6817
6817
6817
6817
6817
6817
6817
6817
6817
6817
6817
6817
6817
6817
6817
6822
6822
6822
6822
6822
6822
6822
6822
6822
6822
6822
6822
6822
6822
6822
6822
6822
6822
6822
6822
6822
6822
6822
6822
6805
6805
6805
6805
6805
6805
6805
6805
6805
6805
6805
6805
6805
6805
6805
6805
6805
6805
6805
6805
6805
6805
6805
6805
6805
6805
6805
6805
6805
6805
6805
6802
6802
6802
6802
6802
6802
6802
6802
6802
6802
6802
6802
6802
6802
6802
6802
6802
6802
6802
6802
6802
6802
6802
6802
6802
6802
6802
6802
6802
6802
6802
6802
6802
6802
6802
6802
6802
6802
6802
6802
6802
6802
6802
6802
6802
6802
6802
6802
6802
6802
6802
6802
6802
6802
6802
6802
6802
6802
6802
6802
6802
6802
6802
6802
6802
6802
6802
6802
6802
6802
6802
6802
6802
6802
6802
6802
6802
6802
6802
6802
6802
6802
6802
6804
6804
6804
6804
6804
6804
6804
6804
6804
6804
6804
6804
6804
6804
6804
6804
6804
6804
6804
6804
6804
6804
6804
6804
6804
6804
6804
6804
6804
6804
6804
6804
6804
6804
6804
6804
6804
6804
6804
6804
6804
6804
6804
6804
6804
6804
6804
6804
6804
6804
6804
6804
6804
6804
6804
6804
6804
6804
6804
6804
6804
6804
6804
6804
6804
6804
6804
6804
6804
6804
6804
6804
6804
6804
6804
6804
6804
6804
6804
6804
6804
6804
6804
6804
6804
6804
6804
6804
6804
6804
6804
6804
6804
6804
6804
6804
6804
6804
6804
6804
6804
6804
6804
6804
6804
6804
6804
6804
6804
6804
6804
6804
6804
6804
6804
6804
6804
6804
6804
6804
6804
6804
6804
6804
6804
6804
6804
6804
6804
6804
6804
6804
6804
6804
6804
6804
6804
6804
6804
6804
6804
6804
6804
6804
6804
6804
6804
6804
6804
6804
6804
6804
6804
6804
6804
6804
6804
6804
6789
6789
6789
6789
6789
6789
6789
6789
6789
6789
6789
6789
6789
6789
6789
6789
6789
6789
6789
6789
6789
6789
6789
6789
6789
6789
6789
6789
6789
6789
6789
6789
6789
6789
6789
6785
6786
6786
6786
6786
6786
6786
6786
6786
6786
6786
6786
6786
6786
6786
6786
6786
6786
6786
6786
6786
6786
6786
6786
6786
6786
6786
6786
6786
6786
6786
6786
6786
6786
6786
6786
6786
6786
6786
6786
6786
6786
6786
6786
6786
6786
6786
6786
6786
6786
6786
6786
6786
6786
6786
6786
6786
6786
6786
6786
6786
6786
6786
6786
6786
6786
6786
6786
6786
6786
6786
6786
6786
6786
6786
6786
6786
6786
6786
6786
6786
6786
6786
6786
6786
6786
6786
6786
6786
6786
6786
6786
6786
6786
6786
6786
6786
6786
6786
6786
6786
6786
6786
6786
6786
6786
6786
6786
6786
6786
6786
6786
6786
6786
6786
6786
6786
6786
6786
6786
6786
6786
6786
6786
6786
6786
6786
6786
6786
6786
6786
6786
6786
6786
6786
6786
6786
6786
6786
6786
6786
6786
6786
6786
6786
6786
6786
6786
6786
6786
6786
6786
6786
6786
6786
6786
6786
6786
6786
6786
6786
6786
6786
6786
6786
6786
6786
6786
6786
6786
6786
6786
6786
6786
6786
6786
6786
6786
6786
6786
6786
6786
6786
6786
6786
6786
6786
6786
6786
6786
6786
6786
6786
6786
6786
6786
6786
6786
6786
6786
6786
6786
6786
6786
6786
6786
6786
6786
6786
6786
6786
6786
6786
6786
6786
6786
6786
6786
6786
6786
6786
6786
6786
6786
6786
6786
6786
6786
6786
6786
6786
6786
6786
6786
6786
6786
6786
6786
6786
6786
6786
6786
6786
6786
6786
6786
6786
6786
6786
6786
6786
6786
6786
6786
6786
6786
6786
6786
6786
6786
6786
6786
6786
6786
6786
6786
6786
6786
6786
6786
6786
6786
6786
6786
6786
6786
6786
6786
6786
6786
6786
6786
6786
6786
6786
6786
6786
6786
6786
6786
6786
6786
6786
6786
6786
6786
6786
6786
6786
6786
6786
6786
6786
6786
6786
6786
6786
6786
6786
6786
6786
6786
6786
6786
6786
6786
6786
6786
6786
6786
6786
6786
6786
6786
6786
6786
6784
6784
6784
6784
6784
6784
6779
6779
6779
6779
6779
6779
6779
6779
6779
6780
6780
6780
6780
6780
6780
6780
6780
6780
6780
6780
6780
6780
6780
6780
6780
6780
6780
6780
6780
6780
6780
6780
6780
6780
6780
6780
6780
6780
6780
6780
6780
6780
6780
6787
6787
6787
6787
6787
6787
6787
6787
6787
6787
6787
6787
6787
6787
6787
6787
6787
6787
6787
6787
6787
6787
6787
6787
6787
6787
6787
6787
6787
6787
6787
6787
6787
6784
6784
6784
6784
6784
6784
6784
6784
6784
6784
6784
6784
6784
6784
6784
6784
6779
6779
6779
6779
6779
6779
6779
6779
6779
6779
6779
6779
6779
6779
6779
6779
6779
6779
6779
6779
6779
6779
6779
6779
6779
6779
6779
6779
6779
6779
6779
6779
6779
6779
6779
6779
6779
6779
6779
6779
6779
6779
6779
6779
6779
6779
6779
6779
6779
6779
6779
6779
6779
6779
6779
6779
6779
6779
6779
6779
6779
6779
6779
6779
6779
6779
6779
6779
6779
6779
6779
6779
6779
6779
6779
6779
6779
6779
6779
6779
6779
6779
6779
6779
6779
6779
6779
6779
6779
6779
6779
6779
6779
6779
6779
6779
6779
6779
6779
6779
6779
6779
6779
6779
6779
6779
6779
6779
6779
6779
6779
6779
6779
6779
6761
6761
6761
6761
6761
6761
6761
6761
6761
6761
6761
6761
6761
6761
6761
6761
6761
6761
6761
6761
6761
6761
6761
6761
6761
6761
6761
6761
6761
6761
6761
6761
6761
6761
6761
6761
6761
6761
6761
6761
6761
6761
6761
6761
6761
6761
6761
6761
6761
6761
6761
6761
6761
6761
6761
6761
6761
6761
6761
6761
6761
6761
6761
6761
6761
6761
6761
6761
6761
6761
6761
6761
6761
6761
6761
6761
6761
6761
6761
6761
6761
6761
6761
6761
6761
6761
6761
6761
6761
6761
6761
6761
6761
6761
6761
6761
6761
6761
6761
6761
6761
6761
6761
6761
6761
6761
6761
6761
6761
6761
6761
6761
6761
6761
6761
6761
6761
6761
6761
6761
6761
6761
6761
6761
6761
6761
6761
6761
6761
6761
6761
6761
6761
6761
6761
6761
6761
6761
6761
6761
6761
6761
6761
6761
6761
6761
6761
6761
6761
6761
6761
6761
6761
6761
6761
6761
6761
6761
6761
6761
6761
6761
6761
6761
6761
6761
6761
6761
6761
6761
6761
6761
6761
6761
6762
6762
6762
6762
6762
6762
6762
6762
6762
6762
6762
6762
6762
6762
6762
6762
6762
6762
6762
6762
6762
6762
6762
6762
6762
6762
6762
6762
6762
6762
6762
6762
6762
6762
6762
6762
6762
6762
6762
6762
6762
6762
6762
6762
6762
6762
6762
6762
6762
6759
6759
6759
6759
6759
6759
6759
6759
6759
6759
6759
6759
6759
6759
6759
6759
6759
6759
6759
6759
6759
6759
6759
6759
6759
6759
6759
6759
6759
6759
6759
6759
6759
6759
6759
6761
6761
6761
6761
6767
6767
6767
6767
6763
6763
6763
6763
6763
6763
6763
6763
6763
6763
6763
6763
6763
6763
6763
6763
6763
6763
6763
6763
6763
6763
6763
6763
6763
6763
6763
6763
6763
6763
6763
6763
6763
6763
6763
6763
6763
6763
6763
6763
6763
6763
6763
6763
6763
6763
6763
6763
6763
6763
6763
6763
6763
6763
6763
6763
6763
6763
6763
6763
6769
6769
6769
6769
6769
6774
6774
6774
6774
6774
6774
6774
6774
6774
6774
6774
6774
6774
6774
6774
6774
6774
6774
6774
6774
6774
6774
6774
6774
6774
6774
6774
6774
6774
6774
6774
6774
6774
6774
6774
6774
6774
6774
6774
6774
6774
6774
6774
6774
6774
6774
6774
6774
6774
6774
6774
6774
6776
6776
6776
6776
6776
6776
6776
6776
6776
6776
6776
6776
6776
6776
6776
6776
6776
6776
6776
6776
6776
6776
6776
6776
6776
6776
6776
6776
6776
6776
6776
6776
6776
6776
6776
6776
6776
6776
6776
6776
6776
6776
6776
6776
6776
6776
6776
6776
6776
6776
6776
6776
6776
6776
6776
6776
6776
6776
6776
6776
6776
6776
6776
6776
6776
6776
6776
6776
6776
6776
6776
6776
6776
6776
6776
6776
6776
6776
6776
6776
6776
6776
6776
6776
6776
6776
6776
6776
6776
6776
6776
6776
6776
6776
6776
6776
6776
6776
6776
6776
6776
6776
6776
6776
6776
6776
6766
6766
6766
6766
6766
6766
6766
6766
6766
6766
6766
6766
6766
6766
6766
6766
6766
6766
6766
6766
6766
6766
6766
6766
6766
6766
6766
6766
6766
6766
6759
6759
6759
6759
6759
6759
6759
6759
6759
6759
6759
6759
6759
6759
6759
6759
6759
6759
6759
6759
6759
6759
6759
6759
6759
6759
6759
6759
6759
6759
6759
6759
6759
6759
6759
6759
6759
6759
6759
6759
6759
6759
6759
6759
6759
6759
6759
6759
6759
6759
6759
6759
6759
6759
6759
6759
6759
6759
6759
6759
6759
6759
6759
6759
6759
6759
6759
6759
6759
6759
6759
6759
6759
6759
6759
6759
6759
6757
6757
6757
6757
6757
6757
6757
6757
6757
6757
6757
6757
6757
6757
6757
6757
6757
6757
6757
6757
6757
6757
6757
6757
6757
6757
6757
6757
6757
6757
6757
6757
6757
6757
6757
6757
6757
6757
6757
6757
6757
6757
6757
6757
6757
6757
6757
6757
6757
6757
6757
6757
6757
6757
6757
6757
6757
6757
6757
6757
6757
6757
6757
6757
6757
6757
6757
6757
6757
6757
6757
6757
6757
6757
6757
6757
6757
6757
6757
6757
6757
6757
6757
6757
6757
6757
6757
6757
6757
6757
6757
6757
6757
6757
6757
6757
6757
6757
6757
6757
6757
6757
6757
6757
6757
6757
6757
6757
6757
6757
6757
6757
6757
6757
6757
6757
6757
6757
6757
6760
6760
6760
6760
6760
6760
6760
6763
6763
6763
6763
6763
6763
6763
6763
6763
6763
6763
6763
6763
6763
6763
6763
6763
6763
6763
6763
6763
6763
6763
6763
6768
6768
6768
6768
6772
6772
6772
6772
6772
6772
6772
6772
6775
6775
6775
6775
6775
6775
6775
6775
6775
6775
6775
6775
6775
6775
6775
6775
6775
6775
6775
6775
6775
6773
6773
6773
6773
6773
6773
6773
6773
6773
6773
6773
6773
6773
6773
6773
6773
6773
6773
6773
6773
6773
6773
6773
6773
6773
6773
6773
6773
6773
6773
6773
6773
6773
6773
6758
6758
6758
6758
6758
6758
6758
6758
6758
6758
6758
6758
6758
6758
6758
6758
6758
6758
6758
6758
6758
6758
6758
6758
6758
6758
6758
6758
6758
6758
6758
6758
6758
6758
6758
6758
6758
6758
6760
6760
6760
6760
6760
6760
6760
6760
6760
6760
6760
6760
6760
6760
6760
6760
6760
6760
6760
6760
6760
6767
6767
6767
6767
6767
6767
6767
6767
6767
6767
6767
6767
6767
6767
6767
6767
6767
6767
6767
6767
6767
6767
6767
6767
6767
6767
6767
6767
6767
6767
6767
6767
6767
6767
6767
6767
6767
6767
6767
6767
6767
6767
6767
6767
6767
6767
6767
6767
6767
6767
6767
6767
6767
6766
6766
6766
6766
6766
6766
6766
6766
6766
6766
6766
6766
6766
6766
6766
6766
6766
6766
6766
6766
6766
6762
6762
6762
6762
6762
6762
6762
6762
6762
6762
6762
6762
6762
6762
6762
6762
6762
6762
6762
6762
6762
6762
6762
6762
6762
6762
6762
6762
6762
6762
6762
6762
6762
6749
6749
6749
6749
6749
6749
6749
6749
6749
6749
6749
6749
6751
6751
6751
6751
6751
6751
6751
6751
6751
6751
6751
6751
6751
6751
6751
6751
6751
6751
6751
6751
6751
6751
6751
6751
6751
6751
6751
6751
6751
6751
6751
6751
6751
6751
6751
6751
6751
6751
6751
6751
6751
6751
6751
6751
6751
6751
6751
6751
6751
6751
6751
6751
6751
6751
6751
6751
6751
6751
6751
6751
6751
6751
6751
6751
6751
6751
6751
6751
6751
6751
6751
6751
6751
6751
6751
6751
6751
6751
6751
6751
6751
6751
6751
6751
6751
6751
6751
6751
6751
6751
6751
6751
6751
6751
6751
6751
6751
6751
6751
6751
6751
6751
6751
6751
6751
6751
6751
