4939
4932
4926
4815
4825
4846
4844
4735
4720
4714
4743
4731
4723
4686
4686
4686
4595
4648
4670
4724
4708
4702
4664
4596
4609
4641
4697
4693
4693
4742
4762
4799
4750
4750
4662
4620
4609
4625
4711
4643
4637
4647
4834
4848
4965
4941
4941
4918
4939
4939
4930
4930
4909
4903
4981
4953
4889
4926
4922
5013
5087
5014
5048
5048
5048
4972
4961
4955
4939
5015
4950
4901
4863
4817
4875
4801
4913
4959
4922
4820
4924
5011
4987
4943
4939
4857
4872
4874
4799
4850
4889
4863
4863
4784
4816
4769
4832
4818
4841
4841
4781
4782
4700
4730
4765
4815
4792
4720
4783
4861
4974
5032
5010
4942
4947
4877
4877
4848
4925
4922
4927
4927
4984
5014
5031
4982
4973
5001
4988
5020
5043
5031
5068
5102
5090
5057
5005
5038
5012
4955
4938
4979
4926
4902
4904
4906
4925
4855
4789
4760
4764
4778
4852
4802
4845
4875
4854
4861
4834
4831
4781
4773
4771
4857
4873
4897
4892
4918
4858
4849
4878
4947
4957
4973
5050
5035
5049
4959
4959
4957
5021
5007
4970
5008
5034
5028
5028
4983
4917
4926
4942
4983
4978
4978
5083
5119
5119
5045
5076
5059
5056
4982
4929
4949
4896
4867
4874
4859
4885
4934
4870
4873
4873
4877
4933
4896
4866
4866
4874
4821
4856
4855
4865
4831
4910
4930
4934
5028
5087
5023
5000
4969
4903
4862
4899
4899
4964
4956
5007
4934
4980
5073
5138
5112
5001
4920
4846
4929
4986
5016
5098
5082
5075
5009
4931
4913
4967
4855
4955
4955
4960
4949
4939
4925
4905
4865
4942
4871
4821
4871
4843
4825
4928
4989
5044
5084
5057
5115
5017
5017
5025
4988
4979
4919
4828
4776
4695
4726
4681
4730
4630
4667
4597
4718
4642
4642
4742
4751
4740
4676
4676
4717
4712
4835
4835
4728
4679
4742
4742
4798
4822
4795
4941
4924
4885
4916
4926
4877
4931
4983
4983
4920
4914
4916
4917
4895
4916
4941
4910
4864
4861
4791
4774
4773
4773
4771
4855
4899
4899
4971
4971
4809
4758
4758
4726
4800
4750
4782
4749
4716
4716
4731
4730
4734
4720
4701
4776
4802
4814
4777
4708
4733
4664
4701
4693
4673
4698
4691
4704
4717
4737
4759
4759
4769
4877
4790
4778
4807
4807
4811
4902
5039
5033
5065
5045
5054
4981
4972
4994
5031
5028
5039
5023
5000
5003
4981
4981
4908
4848
4853
4854
4845
4868
4920
4974
5027
4991
4976
5018
5030
5025
5070
5096
5150
5107
5092
5097
5101
5114
5062
5073
5120
5178
5146
5146
5076
5096
5110
5052
5069
5069
5137
5064
5031
5043
4923
4900
4825
4879
4879
4883
4918
4880
4879
4879
4845
4845
4833
4833
4833
4881
4812
4773
4773
4753
4793
4898
4909
4884
4801
4794
4816
4880
4902
4892
4835
4871
4927
4896
4974
5001
4952
4887
4902
4902
4779
4758
4705
4657
4673
4686
4708
4698
4785
4708
4735
4717
4715
4779
4778
4747
4852
4836
4838
4835
4799
4803
4801
4807
4835
4846
4770
4803
4734
4713
4699
4763
4748
4787
4753
4745
4717
4672
4659
4664
4664
4681
4685
4685
4692
4674
4587
4621
4674
4675
4722
4722
4749
4746
4779
4776
4779
4745
4786
4837
4837
4837
4753
4827
4883
4896
4807
4807
4815
4870
4879
4843
4862
4815
4850
4782
4910
4919
4919
4828
4831
4872
4875
4955
4926
4855
4817
4883
4836
4805
4856
4780
4683
4677
4690
4709
4755
4733
4734
4726
4784
4847
4794
4790
4836
4797
4738
4759
4756
4790
4726
4739
4751
4823
4883
4871
4717
4752
4705
4690
4690
4801
4823
4823
4849
4849
4834
4701
4729
4833
4807
4842
4829
4862
4854
4860
4871
4857
4866
4883
4929
4975
4929
4920
4903
4904
4934
4843
4840
4841
4914
4891
4890
4924
4924
4893
4842
4898
4899
4843
4843
4843
4857
4876
4887
4904
4990
5010
5021
5004
5077
5042
5063
5041
5106
5050
5040
5118
5096
4995
4999
5001
5057
5020
5033
5038
4954
4922
4938
4925
4900
4881
4831
4778
4880
4848
4866
4866
4864
4844
4844
4864
4932
4965
4935
4914
4924
4924
4887
4881
4931
4974
5055
5075
5093
5069
5237
5239
5282
5162
5058
5099
5068
5063
5028
5110
5087
5075
5198
5196
5162
5137
5155
5106
5097
5097
5078
5089
5023
5043
5005
5045
4981
5020
5019
4983
4891
4872
4893
4914
4914
4842
4802
4870
4845
4811
4803
4803
4846
4809
4828
4859
4892
4916
4883
4825
4828
4777
4764
4764
4815
4791
4822
4795
4767
4728
4728
4752
4791
4843
4892
4947
4809
4909
4909
4926
4959
4944
4944
4870
4893
4893
4885
4847
4872
4853
4832
4829
4856
4917
4875
4878
4892
4875
4909
4930
4915
4915
4963
4880
4832
4911
4911
4911
4886
4914
4917
4875
4893
4974
4954
4971
4971
4998
5021
4964
5035
5057
5057
5028
5004
4942
4935
4914
4848
4837
4858
4920
4920
5027
5022
5033
5054
5043
5101
5083
5075
4992
5013
5007
5002
4960
4943
4875
4791
4809
4791
4781
4835
4872
4800
4800
4946
4897
4931
4974
4956
5006
5051
4963
5032
5012
4973
4965
4988
4926
4843
4843
4854
4865
4895
4859
4855
4855
4885
4868
4880
4910
4813
4721
4720
4677
4680
4697
4697
4698
4743
4790
4787
4788
4770
4801
4776
4854
4854
4862
4807
4848
4848
4825
4813
4787
4827
4855
4865
4874
4867
4848
4887
4899
4827
4930
4912
4925
4908
4931
4918
4945
4885
4907
4949
4974
4945
4884
4867
4859
4859
4853
4840
4923
4923
4953
4932
4966
4930
4953
4993
4953
4975
5054
5021
5031
5040
5040
5040
5070
5071
5044
4961
4922
4884
4884
4873
4860
4831
4830
4871
4895
4825
4893
4865
4965
5000
4927
5018
5019
5004
5009
4989
4964
4899
4917
4967
4961
4935
4894
4946
4908
4886
4832
4867
4859
4871
4880
4880
4880
4880
4914
4879
4822
4867
4821
4813
4756
4756
4691
4705
4705
4684
4670
4681
4781
4772
4824
4784
4832
4778
4918
4894
4894
4960
4853
4773
4820
4788
4801
4807
4778
4794
4799
4801
4774
4844
4916
4975
4975
5117
5029
5048
5037
5002
5018
4984
4952
4991
4971
5002
4956
4941
4969
4969
4926
4886
4902
4887
4873
4849
4793
4760
4797
4789
4721
4770
4768
4719
4719
4780
4780
4780
4745
4768
4768
4837
4685
4675
4724
4756
4728
4778
4766
4666
4746
4726
4796
4873
4870
4870
4934
4880
4870
4821
4829
4823
4827
4870
4870
4825
4758
4796
4738
4756
4799
4773
4773
4872
4756
4706
4672
4718
4718
4742
4697
4699
4677
4687
4687
4657
4614
4594
4628
4656
4666
4680
4664
4664
4648
4660
4760
4726
4726
4704
4713
4734
4711
4711
4729
4726
4730
4707
4745
4730
4763
4755
4767
4767
4776
4779
4820
4814
4786
4795
4803
4895
4932
4856
4878
4894
4894
4889
4842
4785
4788
4801
4809
4809
4855
4851
4831
4813
4839
4788
4774
4773
4752
4695
4731
4718
4804
4803
4787
4854
4885
4905
4962
4962
4993
4937
4883
4916
4883
4865
4862
4862
4922
4864
4865
4922
4959
5047
5051
5107
5010
5026
4959
5008
5026
5026
5053
4958
4842
4770
4858
4834
4781
4817
4863
4851
4807
4821
4849
4835
4730
4719
4719
4749
4794
4786
4771
4771
4777
4837
4920
4903
4855
4830
4920
4925
4896
4886
4863
4850
4755
4783
4868
4858
4846
4892
4927
4875
4883
4928
4915
4955
4896
4896
4932
4865
4865
4933
4992
4994
4925
4824
4816
4878
4901
4869
4820
4824
4855
4910
4915
4904
4858
4823
4822
4840
4891
4921
4921
4915
4934
4977
5013
4914
4941
4974
4938
4992
4992
5002
4884
4853
4860
4860
4870
4804
4766
4823
4768
4765
4786
4786
4790
4777
4777
4720
4757
4757
4755
4782
4750
4779
4755
4807
4759
4754
4754
4768
4817
4736
4733
4751
4815
4886
4810
4756
4746
4757
4753
4804
4804
4830
4843
4781
4767
4852
4858
4867
4777
4801
4838
4817
4826
4786
4786
4748
4748
4740
4809
4851
4801
4833
4865
4873
4873
4835
4876
4904
4954
4963
4963
5007
4931
4969
4973
4852
4824
4832
4841
4895
4896
4883
4801
4862
4846
4799
4827
4838
4797
4758
4758
4786
4814
4808
4811
4857
4900
4793
4803
4803
4850
4907
5025
5054
5054
5016
4937
4913
4894
4894
4882
4882
4937
4925
4912
4889
4887
4857
4822
4890
4949
4979
5000
5064
5051
4906
4917
4881
4881
5073
5079
5103
5094
5078
4972
4963
5037
5086
5033
5033
5033
5043
5105
5105
4946
4977
4908
4853
4829
4829
4771
4748
4733
4789
4801
4765
4763
4696
4708
4702
4700
4668
4722
4722
4761
4840
4808
4834
4762
4721
4744
4826
4807
4807
4764
4746
4757
4781
4841
4801
4817
4859
4836
4825
4853
4751
4740
4772
4828
4849
4820
4751
4751
4774
4752
4760
4727
4679
4744
4644
4631
4601
4604
4565
4607
4607
4608
4682
4675
4703
4797
4921
4956
5015
4944
4952
4976
4996
4943
4993
4948
4928
4973
4988
5058
5013
4988
4974
4982
5069
4983
4997
4935
4951
4952
4928
4898
4922
4757
4797
4826
4770
4752
4770
4770
4790
4795
4821
4765
4731
4855
4828
4802
4828
4828
4804
4782
4793
4871
4884
4795
4783
4762
4731
4783
4792
4736
4766
4839
4839
4839
4809
4811
4811
4767
4705
4640
4694
4753
4696
4771
4760
4872
4946
4937
4994
5017
4891
4868
4932
4966
4966
4915
4915
4881
4864
4776
4786
4844
4747
4791
4774
4754
4776
4820
4840
4775
4796
4813
4763
4763
4763
4763
4758
4758
4819
4802
4867
4842
4842
4868
4868
4857
4882
4939
4977
4977
4959
4925
4943
4937
4937
4862
4905
4872
4898
4863
4869
4878
4870
4846
4892
5050
5037
5037
5069
5039
5039
5039
5056
4921
4863
4855
4771
4768
4782
4782
4808
4808
4730
4734
4741
4767
4768
4714
4707
4689
4724
4693
4717
4705
4683
4658
4683
4687
4706
4711
4771
4771
4755
4777
4798
4853
4793
4879
4861
4867
4877
4872
4930
4905
4870
4774
4819
4779
4780
4760
4772
4772
4807
4753
4746
4769
4813
4773
4773
4796
4784
4851
4765
4711
4781
4802
4749
4736
4731
4748
4825
4797
4835
4749
4749
4814
4803
4813
4768
4768
4717
4753
4721
4748
4748
4801
4810
4816
4874
4874
4953
4908
4977
4941
5011
4999
4994
5070
5070
5073
5044
4956
4919
4819
4896
4857
4921
4929
4955
5038
5093
4998
4970
4969
4968
4968
5000
5026
5026
5017
4979
5013
5029
5092
5018
5016
5010
5063
5053
5014
4947
4972
4992
4992
4979
5037
5096
5091
5037
5025
5074
5092
5129
4970
4961
4866
4823
4822
4859
4859
4895
4807
4752
4806
4811
4782
4793
4809
4773
4833
4764
4834
4840
4809
4888
4883
4879
4830
4977
5019
5046
5040
5059
5006
5054
4997
4995
4995
4995
5006
5018
4906
4919
4887
4868
4855
4796
4849
4870
4791
4791
4791
4771
4783
4849
4905
4859
4806
4866
4913
4924
4887
4917
4917
4942
4905
4822
4789
4807
4870
4884
4894
4887
4848
4860
4830
4775
4775
4877
4938
4927
4968
4964
4963
4946
4946
5052
5052
5015
5010
4927
4937
4919
4969
4908
4882
4882
4864
4878
4878
4914
4914
4897
4946
4888
4810
4673
4677
4660
4646
4667
4672
4649
4713
4698
4758
4797
4792
4768
4789
4789
4789
4792
4742
4700
4669
4611
4590
4591
4591
4635
4608
4665
4723
4679
4745
4749
4762
4811
4811
4797
4732
4732
4725
4642
4642
4635
4677
4677
4657
4602
4584
4633
4696
4739
4767
4837
4801
4813
4804
4861
4935
4932
4966
4966
4993
4961
5007
4990
5018
5030
5002
4951
4949
4967
4949
5006
4965
4894
4949
4966
4966
4859
4793
4824
4815
4745
4745
4686
4731
4726
4705
4726
4668
4666
4722
4701
4666
4711
4769
4738
4699
4691
4716
4683
4683
4759
4687
4745
4693
4710
4716
4728
4682
4719
4719
4751
4712
4709
4770
4770
4737
4629
4605
4603
4656
4656
4673
4806
4806
4820
4820
4826
4852
4949
4966
4966
4982
5003
5027
4979
4952
4835
4798
4814
4813
4795
4806
4806
4856
4848
4820
4767
4810
4798
4798
4857
4816
4824
4789
4756
4751
4788
4723
4735
4749
4647
4646
4640
4660
4669
4744
4771
4699
4778
4827
4835
4775
4738
4745
4745
4696
4700
4772
4812
4754
4720
4644
4644
4610
4666
4662
4718
4750
4789
4759
4749
4749
4733
4721
4785
4808
4814
4814
4789
4793
4942
4919
4861
4847
4790
4861
4861
4857
4845
4845
4818
4792
4898
4906
4955
4962
4962
4851
4825
4791
4803
4803
4786
4777
4772
4814
4814
4883
4821
4821
4850
4889
4855
4901
4913
4913
4945
4874
4771
4752
4756
4720
4741
4819
4783
4724
4741
4661
4757
4731
4786
4786
4777
4777
4760
4774
4818
4878
4906
4906
4895
4953
5001
5001
4976
4984
4912
4915
4871
4853
4816
4816
4816
4888
4919
4858
4875
4887
4934
4909
4948
4797
4796
4844
4844
4833
4833
4863
4906
4930
4923
4942
4934
4913
4964
4950
4958
4914
4920
4982
5007
4864
4832
4847
4888
4881
4960
4983
4939
4950
4884
4831
4907
4943
4943
4939
4942
4895
4977
4953
4927
4912
4873
4820
4793
4800
4835
4835
4803
4803
4758
4821
4878
4929
4965
5026
4934
4933
4980
4980
4957
4915
4869
4820
4820
4822
4884
4838
4802
4832
4728
4709
4709
4755
4801
4794
4837
4807
4795
4846
4849
4849
4878
4850
4875
4875
4947
4859
4888
4835
4808
4820
4830
4830
4793
4836
4813
4813
4752
4810
4843
4843
4833
4786
4806
4784
4773
4806
4788
4788
4816
4884
4872
4769
4809
4819
4854
4836
4890
4908
4960
4960
4936
4936
5068
5066
5103
5149
5071
4976
4951
4938
4992
4984
4985
4967
4978
5030
5017
4994
4836
4860
4851
4847
4785
4739
4718
4718
4781
4727
4727
4746
4736
4736
4661
4620
4620
4627
4627
4633
4646
4656
4656
4665
4691
4705
4733
4783
4783
4774
4799
4810
4790
4796
4785
4797
4770
4777
4777
4797
4741
4848
4869
4843
4810
4803
4827
4805
4818
4841
4883
4883
4903
4892
4835
4794
4814
4735
4774
4763
4731
4726
4751
4858
4852
4831
4787
4776
4847
4893
4893
4814
4783
4711
4680
4655
4704
4702
4749
4700
4697
4669
4694
4711
4654
4668
4658
4683
4739
4739
4742
4689
4687
4649
4649
4711
4711
4711
4711
4780
4780
4776
4756
4728
4737
4777
4833
4770
4758
4732
4732
4770
4802
4744
4728
4674
4699
4661
4698
4771
4767
4767
4708
4729
4769
4729
4746
4709
4720
4699
4684
4616
4616
4628
4618
4595
4630
4602
4576
4591
4614
4657
4627
4657
4684
4662
4753
4749
4713
4730
4725
4724
4709
4665
4679
4679
4679
4646
4649
4691
4671
4674
4711
4669
4659
4659
4659
4639
4677
4684
4658
4691
4693
4693
4709
4741
4730
4755
4737
4782
4772
4646
4745
4745
4782
4782
4782
4841
4743
4725
4721
4721
4728
4685
4650
4638
4661
4609
4609
4634
4663
4674
4775
4793
4792
4792
4770
4805
4812
4846
4776
4790
4900
4926
4921
4868
4856
4913
4943
4943
4961
4982
5010
5017
4972
4919
4928
4803
4851
4816
4810
4787
4762
4843
4784
4813
4833
4870
4870
4870
4918
4918
4816
4771
4888
4896
4920
4861
4862
4867
4918
4848
4871
4878
4895
4870
4924
4895
4896
5019
5057
4999
5001
5001
4935
4935
4959
4929
4867
4867
4867
4810
4835
4800
4800
4841
4849
4790
4802
4810
4868
4842
4850
4788
4798
4787
4736
4736
4736
4736
4705
4705
4705
4762
4762
4762
4756
4789
4849
4869
4838
4838
4838
4838
4882
4882
4882
4850
4786
4792
4849
4849
4849
4885
4885
4821
4847
4843
4868
4874
4807
4954
4940
4876
4973
4976
4870
4965
4986
4958
4777
4855
4863
4836
4869
4845
4893
4874
4884
4965
4856
4894
4923
4923
4913
4982
4932
4904
4969
4900
4897
4822
4822
4870
4852
4875
4860
4844
4832
4878
4878
4918
4848
4833
4914
4976
4976
4985
4953
4955
4955
4992
5011
4946
4868
4887
4900
4894
4850
4866
4841
4841
4820
4839
4785
4804
4791
4789
4789
4842
4837
4912
4847
4765
4756
4733
4709
4768
4761
4763
4832
4800
4801
4769
4766
4705
4719
4719
4719
4727
4802
4771
4781
4839
4839
4884
4961
4961
4987
4949
4890
4964
4971
4971
5014
5014
5046
5006
4983
4984
4904
4894
4888
4856
4873
4858
4882
4850
4850
4869
4890
4898
4973
4925
4867
4855
4818
4789
4704
4706
4736
4755
4727
4740
4760
4749
4796
4863
4873
4841
4841
4827
4822
4801
4816
4837
4796
4788
4788
4787
4805
4792
4802
4805
4807
4823
4883
4847
4847
4790
4738
4735
4681
4730
4804
4823
4823
4814
4814
4823
4927
4937
4937
4891
4888
4920
4920
4893
4893
4902
4861
4887
4685
4639
4656
4653
4631
4614
4596
4596
4627
4627
4717
4705
4701
4749
4533
4618
4618
4618
4631
4552
4646
4689
4614
4673
4673
4677
4677
4675
4660
4751
4734
4752
4752
4723
4815
4779
4798
4885
4813
4813
4813
4821
4809
4807
4885
4885
4946
4980
4986
4983
5047
5022
5051
5066
5081
5077
5053
5070
5051
5056
4985
4980
4955
4895
4858
4847
4828
4871
4856
4824
4838
4931
5029
4989
5040
5022
4966
4861
4933
4899
4805
4884
4857
4854
4854
4830
4837
4875
4843
4843
4921
4937
4923
4927
4920
4995
5035
5010
5010
4968
4951
4889
4873
4912
4907
4937
5004
5038
5016
4989
4995
4956
4960
4924
4952
4895
4909
4903
4903
4889
4873
4850
4794
4849
4909
4918
4918
4916
4931
4916
4905
4948
4874
4853
4853
4865
4841
4866
4805
4775
4775
4722
4730
4740
4769
4785
4800
4800
4799
4813
4813
4832
4837
4825
4820
4835
4829
4766
4790
4779
4734
4709
4785
4785
4801
4752
4718
4756
4743
4746
4723
4723
4702
4705
4705
4705
4687
4687
4731
4766
4831
4796
4742
4724
4702
4732
4755
4742
4814
4908
4764
4790
4782
4781
4864
4791
4700
4735
4705
4705
4747
4684
4690
4650
4660
4637
4645
4718
4692
4681
4729
4762
4729
4762
4789
4789
4758
4769
4760
4691
4650
4650
4669
4699
4699
4741
4741
4778
4763
4731
4686
4717
4743
4743
4743
4705
4663
4758
4825
4825
4781
4678
4706
4698
4698
4727
4711
4701
4746
4746
4690
4696
4707
4740
4740
4832
4782
4782
4792
4761
4741
4773
4773
4773
4751
4751
4706
4692
4666
4743
4747
4786
4772
4813
4872
4877
4877
4899
4864
4925
4932
4869
4816
4833
4727
4739
4808
4807
4799
4799
4789
4796
4826
4782
4826
4826
4775
4795
4762
4787
4751
4718
4723
4725
4683
4738
4741
4849
4825
4763
4770
4767
4754
4822
4822
4834
4795
4836
4836
4836
4817
4791
4830
4795
4795
4795
4793
4782
4798
4784
4824
4795
4795
4795
4813
4771
4889
5000
4964
4978
4924
4848
4823
4883
4882
4835
4835
4861
4919
4869
4841
4841
4869
4835
4820
4820
4820
4820
4818
4877
4877
4765
4856
4856
4849
4885
4869
4851
4790
4771
4771
4827
4902
4890
4898
4896
4919
4969
4897
4972
4950
4873
4836
4897
4810
4871
4809
4751
4748
4769
4762
4781
4709
4709
4718
4685
4685
4656
4665
4646
4636
4636
4648
4663
4663
4698
4698
4727
4727
4766
4766
4730
4717
4695
4665
4668
4691
4656
4674
4718
4696
4712
4711
4716
4801
4806
4828
4813
4813
4896
4903
4903
4903
4903
4914
4914
4914
4919
4921
4891
4861
4861
4861
4830
4834
4814
4806
4772
4710
4669
4669
4602
4670
4651
4653
4760
4760
4760
4782
4703
4728
4728
4748
4779
4779
4763
4741
4741
4765
4794
4794
4794
4818
4842
4842
4825
4825
4831
4790
4822
4757
4855
4855
4860
4911
4842
4795
4796
4796
4811
4787
4754
4754
4709
4708
4712
4739
4757
4757
4799
4811
4874
4820
4766
4722
4716
4701
4687
4713
4713
4729
4724
4722
4757
4771
4770
4665
4665
4665
4705
4749
4681
4736
4734
4742
4742
4742
4802
4768
4768
4798
4798
4872
4841
4841
4761
4761
4691
4719
4719
4703
4759
4756
4845
4875
4837
4837
4872
4872
4887
4872
4843
4869
4857
4886
4860
4865
4865
4847
4813
4813
4726
4726
4706
4795
4795
4788
4788
4788
4785
4726
4772
4792
4848
4850
4791
4725
4711
4711
4686
4694
4671
4737
4763
4755
4742
4849
4739
4731
4795
4781
4718
4690
4690
4730
4714
4714
4714
4714
4714
4727
4727
4730
4730
4730
4730
4714
4702
4654
4628
4613
4653
4669
4672
4811
4788
4772
4796
4778
4778
4764
4758
4743
4729
4729
4738
4763
4736
4701
4719
4730
4730
4766
4810
4785
4724
4724
4766
4771
4760
4801
4862
4878
4891
4848
4855
4868
4862
4985
5006
5009
4956
4902
4952
4952
5005
4960
4952
4907
4882
4833
4746
4746
4793
4725
4713
4713
4713
4781
4743
4740
4759
4759
4712
4708
4708
4721
4729
4797
4701
4766
4795
4753
4739
4739
4771
4762
4762
4846
4802
4772
4790
4790
4737
4726
4712
4717
4714
4727
4707
4761
4761
4751
4754
4858
4822
4860
4854
4792
4796
4817
4824
4868
4838
4838
4773
4773
4778
4759
4798
4792
4806
4806
4806
4910
4796
4779
4779
4779
4779
4840
4787
4726
4738
4761
4783
4709
4678
4694
4688
4688
4672
4762
4725
4694
4670
4786
4774
4766
4717
4735
4783
4698
4727
4727
4820
4762
4710
4710
4629
4643
4650
4622
4622
4708
4711
4758
4738
4739
4721
4736
4778
4776
4827
4804
4804
4818
4818
4786
4752
4798
4709
4727
4660
4666
4666
4661
4692
4692
4692
4692
4729
4702
4674
4704
4716
4785
4785
4785
4811
4757
4739
4739
4775
4794
4799
4830
4782
4782
4820
4820
4826
4822
4806
4799
4859
4879
4854
4810
4868
4970
4975
4963
5019
5019
5025
4915
4957
4957
4958
4964
4913
4905
4905
4963
4970
4949
4875
4867
4853
4853
4853
4812
4770
4776
4823
4832
4785
4808
4732
4732
4697
4697
4685
4685
4690
4705
4697
4707
4707
4797
4829
4780
4780
4725
4705
4700
4715
4744
4729
4682
4699
4699
4699
4696
4721
4739
4745
4778
4754
4740
4691
4790
4837
4875
4881
4848
4848
4828
4828
4827
4791
4831
4829
4801
4804
4827
4827
4792
4789
4793
4866
4836
4806
4806
4806
4793
4793
4862
4824
4783
4757
4710
4721
4721
4721
4759
4733
4733
4733
4747
4747
4732
4732
4684
4787
4755
4755
4755
4755
4790
4768
4819
4737
4742
4699
4738
4738
4738
4751
4751
4825
4811
4931
4997
4991
5012
5012
4935
4935
4829
4765
4752
4744
4726
4731
4752
4747
4705
4684
4717
4700
4700
4679
4720
4720
4731
4731
4778
4804
4837
4837
4818
4818
4807
4843
4843
4825
4825
4808
4855
4916
4921
4927
4927
4927
4927
4903
4902
4920
4920
4870
4870
4946
4980
4942
4918
4918
4896
4844
4829
4813
4813
4814
4886
4844
4846
4846
4846
4846
4840
4796
4796
4827
4836
4836
4886
4886
4886
4865
4833
4893
4889
4752
4735
4718
4687
4687
4687
4664
4664
4663
4666
4735
4735
4735
4712
4675
4650
4709
4696
4697
4723
4727
4727
4715
4761
4676
4676
4720
4740
4735
4713
4713
4713
4705
4758
4699
4692
4728
4728
4721
4669
4725
4725
4737
4737
4737
4741
4741
4736
4767
4765
4765
4773
4743
4800
4794
4877
4854
4854
4803
4803
4803
4803
4803
4803
4778
4778
4822
4831
4831
4860
4923
4975
4963
4877
4886
4886
4853
4881
4862
4818
4822
4864
4864
4864
4864
4894
4925
4925
4925
4931
4905
4910
4829
4912
4912
4940
4936
4936
4936
4899
4906
4906
4843
4843
4843
4843
4843
4872
4841
4841
4881
4869
4850
4850
4706
4724
4706
4701
4636
4652
4649
4649
4649
4649
4679
4679
4679
4679
4650
4610
4608
4625
4681
4673
4651
4692
4677
4705
4664
4611
4662
4639
4639
4590
4630
4693
4693
4658
4739
4789
4789
4784
4705
4669
4669
4644
4639
4639
4679
4710
4671
4697
4697
4654
4654
4685
4700
4700
4740
4691
4655
4652
4674
4671
4796
4818
4814
4814
4814
4788
4785
4720
4720
4735
4801
4800
4849
4859
4925
4826
4841
4842
4825
4825
4832
4864
4901
4952
4948
4948
4967
4978
4957
4957
4944
4824
4808
4809
4809
4787
4787
4787
4774
4773
4724
4724
4772
4724
4728
4554
4557
4603
4599
4648
4652
4614
4665
4700
4700
4677
4699
4699
4699
4699
4715
4715
4745
4727
4783
4724
4739
4739
4699
4712
4645
4645
4648
4764
4826
4826
4774
4787
4726
4717
4660
4686
4705
4746
4725
4704
4724
4724
4785
4764
4758
4726
4726
4701
4701
4591
4649
4662
4664
4697
4697
4741
4741
4741
4692
4755
4755
4774
4765
4680
4728
4728
4736
4736
4745
4765
4765
4771
4771
4771
4779
4640
4676
4676
4621
4664
4688
4688
4747
4711
4714
4622
4638
4638
4679
4674
4808
4715
4721
4730
4720
4730
4721
4745
4766
4740
4771
4840
4900
4934
4939
4937
4937
4961
4884
4884
4884
4862
4840
4799
4810
4784
4771
4771
4775
4746
4714
4790
4739
4761
4761
4717
4724
4724
4724
4747
4747
4757
4757
4757
4755
4824
4800
4835
4783
4783
4783
4783
4760
4848
4849
4849
4865
4871
4871
4940
4924
4909
4942
4929
4896
4940
5026
5012
4925
4938
4900
4900
4900
4876
4897
4897
4897
4897
4919
4919
4881
4904
4887
4828
4823
4867
4867
4852
4852
4815
4815
4779
4868
4868
4868
4854
4813
4776
4758
4694
4748
4748
4726
4769
4712
4712
4749
4767
4754
4722
4746
4711
4688
4688
4682
4682
4707
4756
4756
4765
4765
4772
4814
4839
4839
4839
4844
4853
4775
4748
4763
4759
4763
4763
4756
4732
4732
4744
4744
4744
4723
4723
4825
4873
4835
4814
4783
4788
4788
4788
4780
4771
4863
4863
4859
4859
4857
4877
4843
4801
4752
4747
4757
4735
4711
4769
4769
4740
4715
4709
4725
4629
4636
4660
4660
4677
4668
4660
4660
4660
4626
4626
4626
4588
4588
4588
4588
4553
4564
4564
4571
4571
4603
4612
4616
4599
4613
4657
4746
4757
4757
4711
4711
4731
4707
4702
4702
4703
4703
4695
4695
4695
4663
4663
4688
4688
4684
4659
4666
4728
4722
4804
4773
4773
4821
4821
4821
4773
4773
4773
4829
4859
4853
4833
4825
4788
4801
4746
4732
4717
4704
4704
4704
4806
4851
4798
4798
4828
4828
4840
4854
4898
4898
4898
4892
4892
4892
4850
4906
4899
4899
4899
4851
4868
4784
4826
4847
4847
4800
4775
4817
4778
4783
4783
4832
4832
4834
4834
4834
4845
4851
4851
4851
4851
4855
4820
4794
4849
4873
4866
4866
4773
4757
4784
4717
4717
4717
4740
4725
4757
4786
4753
4720
4720
4735
4725
4728
4744
4771
4780
4780
4785
4885
4924
4924
4887
4820
4816
4835
4808
4870
4870
4838
4838
4830
4830
4868
4758
4758
4842
4841
4841
4882
4829
4760
4770
4799
4789
4789
4777
4777
4900
4835
4805
4805
4753
4699
4699
4802
4783
4809
4809
4809
4797
4770
4806
4850
4884
4912
4912
4865
4837
4840
4840
4840
4872
4872
4872
4865
4931
4861
4835
4890
4848
4817
4763
4763
4763
4758
4729
4815
4822
4757
4757
4687
4687
4687
4687
4687
4683
4683
4669
4669
4691
4615
4656
4656
4656
4649
4665
4683
4672
4672
4647
4647
4617
4653
4653
4689
4728
4685
4685
4685
4676
4708
4708
4760
4705
4699
4641
4685
4609
4609
4607
4611
4727
4711
4711
4711
4677
4677
4671
4729
4729
4669
4669
4706
4691
4704
4710
4676
4733
4733
4712
4712
4712
4645
4680
4680
4670
4665
4692
4680
4680
4680
4688
4664
4664
4660
4660
4693
4693
4697
4651
4671
4622
4622
4622
4635
4664
4805
4790
4760
4760
4727
4727
4773
4752
4722
4722
4705
4762
4744
4725
4743
4742
4741
4761
4779
4685
4685
4716
4685
4732
4732
4827
4776
4789
4771
4771
4771
4772
4748
4789
4789
4773
4809
4860
4860
4838
4822
4761
4761
4776
4776
4811
4758
4758
4758
4733
4733
4733
4759
4774
4806
4806
4750
4745
4764
4780
4770
4840
4840
4837
4837
4844
4844
4829
4755
4651
4665
4665
4665
4665
4665
4665
4619
4619
4619
4658
4658
4680
4680
4679
4679
4669
4666
4717
4717
4717
4722
4722
4716
4727
4788
4818
4772
4795
4793
4753
4753
4753
4765
4765
4797
4797
4797
4760
4711
4711
4739
4739
4726
4726
4726
4746
4746
4746
4765
4765
4758
4737
4729
4759
4682
4674
4674
4674
4674
4664
4661
4679
4679
4700
4700
4700
4648
4648
4665
4739
4781
4730
4741
4759
4749
4749
4749
4677
4700
4700
4643
4643
4643
4691
4707
4666
4654
4643
4644
4644
4644
4662
4646
4689
4701
4712
4712
4669
4659
4717
4712
4712
4712
4664
4642
4642
4633
4743
4723
4723
4721
4753
4692
4731
4731
4731
4735
4629
4629
4623
4623
4623
4611
4611
4610
4614
4614
4657
4657
4657
4657
4657
4657
4657
4657
4665
4690
4734
4752
4678
4613
4583
4583
4614
4614
4614
4611
4611
4630
4624
4613
4677
4677
4619
4619
4619
4626
4626
4597
4597
4603
4615
4617
4617
4638
4591
4579
4579
4522
4522
4565
4565
4543
4531
4504
4504
4523
4523
4518
4518
4520
4512
4498
4498
4498
4492
4492
4558
4558
4487
4487
4477
4477
4477
4477
4477
4477
4495
4495
4495
4495
4495
4495
4502
4472
4472
4472
4483
4483
4483
4472
4472
4472
4472
4520
4510
4500
4500
4500
4500
4500
4500
4511
4499
4431
4421
4421
4521
4534
4534
4568
4506
4550
4485
4531
4531
4535
4544
4548
4485
4485
4528
4544
4544
4637
4637
4637
4637
4665
4623
4623
4623
4623
4573
4573
4604
4609
4579
4579
4579
4632
4632
4653
4653
4653
4617
4565
4565
4565
4565
4565
4565
4565
4565
4565
4562
4562
4556
4541
4541
4506
4497
4505
4550
4484
4484
4484
4519
4519
4519
4519
4523
4523
4612
4650
4740
4672
4672
4621
4621
4621
4614
4602
4602
4655
4655
4655
4709
4709
4724
4724
4744
4752
4738
4748
4745
4745
4748
4748
4748
4748
4764
4764
4764
4737
4708
4738
4706
4659
4663
4739
4734
4734
4738
4738
4738
4738
4707
4714
4714
4714
4628
4628
4628
4670
4670
4650
4650
4650
4650
4650
4650
4656
4681
4681
4619
4619
4619
4616
4616
4616
4616
4655
4655
4655
4671
4671
4632
4632
4632
4632
4632
4632
4635
4635
4635
4693
4693
4656
4656
4648
4648
4661
4676
4676
4672
4636
4607
4607
4529
4573
4573
4573
4614
4614
4541
4546
4465
4465
4465
4465
4465
4465
4465
4465
4465
4465
4478
4478
4478
4478
4478
4478
4478
4478
4506
4506
4494
4500
4500
4500
4500
4500
4500
4498
4498
4535
4535
4535
4490
4511
4526
4562
4562
4562
4547
4556
4556
4514
4514
4543
4532
4480
4482
4545
4539
4534
4534
4534
4523
4563
4563
4563
4563
4515
4530
4530
4530
4528
4523
4550
4586
4586
4546
4575
4575
4575
4575
4589
4575
4598
4556
4562
4562
4516
4516
4502
4502
4483
4447
4447
4447
4447
4447
4447
4447
4447
4447
4458
4458
4479
4479
4481
4487
4511
4504
4504
4448
4448
4428
4431
4431
4423
4430
4436
4436
4436
4436
4436
4436
4421
4421
4421
4421
4441
4441
4441
4441
4462
4462
4467
4467
4488
4488
4513
4501
4503
4503
4503
4503
4503
4503
4503
4494
4522
4557
4557
4557
4557
4562
4562
4544
4544
4544
4528
4528
4520
4511
4517
4582
4602
4626
4626
4633
4633
4594
4594
4594
4594
4594
4587
4587
4587
4587
4561
4558
4558
4587
4595
4569
4517
4517
4517
4517
4517
4519
4543
4591
4591
4583
4637
4636
4636
4636
4661
4626
4626
4626
4604
4604
4611
4585
4585
4585
4591
4585
4585
4540
4515
4548
4548
4479
4479
4484
4484
4488
4461
4461
4461
4461
4461
4472
4472
4477
4477
4477
4454
4454
4454
4502
4502
4500
4500
4500
4500
4539
4548
4548
4548
4556
4537
4558
4558
4558
4558
4544
4551
4571
4571
4550
4575
4589
4576
4598
4598
4663
4686
4709
4693
4639
4639
4596
4596
4548
4548
4548
4548
4525
4525
4525
4525
4525
4525
4525
4510
4510
4516
4516
4516
4516
4540
4543
4543
4543
4543
4543
4543
4543
4543
4543
4543
4543
4543
4543
4543
4543
4543
4540
4554
4543
4527
4552
4552
4552
4557
4557
4520
4480
4480
4480
4480
4417
4417
4417
4417
4412
4412
4412
4412
4412
4412
4412
4412
4412
4412
4412
4412
4412
4412
4412
4417
4424
4424
4424
4424
4424
4424
4482
4499
4505
4497
4469
4469
4469
4508
4508
4520
4499
4559
4567
4571
4571
4571
4571
4571
4528
4528
4561
4561
4592
4524
4524
4544
4553
4511
4511
4509
4509
4509
4509
4486
4486
4486
4486
4486
4501
4501
4504
4520
4520
4507
4507
4465
4475
4467
4478
4495
4495
4540
4516
4516
4516
4516
4515
4515
4499
4496
4472
4472
4472
4472
4472
4472
4472
4472
4472
4472
4472
4475
4490
4488
4488
4488
4488
4488
4488
4488
4538
4551
4551
4515
4492
4492
4492
4533
4533
4559
4559
4559
4557
4557
4557
4557
4557
4559
4559
4575
4568
4568
4557
4612
4615
4615
4615
4656
4656
4669
4654
4654
4662
4662
4662
4690
4674
4651
4630
4630
4630
4630
4673
4685
4698
4644
4651
4651
4643
4643
4648
4648
4648
4645
4645
4645
4645
4645
4645
4645
4678
4683
4683
4671
4671
4681
4693
4693
4616
4616
4616
4616
4621
4621
4621
4621
4615
4615
4615
4625
4625
4625
4625
4625
4578
4578
4564
4564
4574
4602
4565
4565
4563
4563
4563
4563
4570
4589
4589
4589
4595
4610
4635
4663
4693
4693
4693
4679
4635
4635
4635
4589
4579
4579
4579
4602
4584
4584
4584
4584
4584
4584
4584
4584
4584
4584
4610
4713
4713
4711
4667
4667
4679
4679
4679
4647
4647
4647
4647
4647
4595
4595
4607
4607
4607
4607
4594
4594
4594
4592
4592
4583
4583
4545
4545
4522
4522
4522
4522
4522
4601
4618
4618
4618
4618
4618
4615
4615
4653
4653
4653
4653
4637
4637
4637
4597
4565
4548
4528
4567
4567
4563
4509
4509
4509
4511
4511
4522
4485
4485
4485
4486
4486
4486
4486
4463
4480
4482
4482
4482
4482
4482
4482
4463
4463
4463
4463
4463
4463
4463
4463
4479
4494
4494
4494
4494
4494
4494
4494
4494
4494
4514
4526
4526
4557
4557
4507
4516
4516
4516
4498
4508
4508
4508
4508
4508
4508
4493
4469
4469
4469
4459
4459
4459
4459
4431
4431
4427
4483
4483
4481
4481
4481
4481
4481
4481
4481
4495
4495
4467
4467
4467
4467
4467
4467
4468
4477
4477
4466
4466
4466
4466
4457
4466
4466
4469
4469
4476
4476
4476
4476
4484
4484
4501
4501
4460
4460
4460
4485
4485
4485
4508
4501
4516
4530
4527
4527
4474
4474
4481
4466
4466
4466
4457
4449
4449
4449
4449
4449
4449
4450
4383
4387
4387
4387
4387
4383
4405
4405
4405
4405
4405
4405
4405
4379
4379
4380
4380
4384
4384
4384
4384
4384
4384
4384
4398
4398
4415
4415
4415
4411
4411
4411
4411
4411
4411
4403
4403
4412
4413
4413
4413
4413
4413
4413
4413
4413
4413
4413
4427
4427
4433
4433
4469
4442
4442
4442
4464
4434
4434
4434
4434
4434
4401
4401
4401
4401
4401
4401
4401
4401
4401
4385
4385
4385
4385
4385
4385
4421
4419
4419
4419
4416
4416
4416
4416
4416
4416
4416
4412
4412
4412
4412
4412
4400
4400
4324
4324
4324
4324
4341
4341
4341
4341
4341
4341
4341
4341
4339
4347
4347
4347
4347
4347
4364
4364
4364
4375
4375
4375
4375
4375
4375
4413
4418
4418
4395
4395
4395
4395
4395
4407
4407
4407
4372
4387
4387
4363
4363
4385
4385
4385
4385
4398
4398
4398
4398
4398
4398
4418
4418
4380
4380
4380
4380
4380
4380
4380
4380
4380
4380
4380
4380
4455
4436
4436
4458
4456
4454
4454
4454
4454
4444
4444
4444
4444
4444
4444
4444
4444
4444
4444
4452
4452
4447
4447
4447
4447
4447
4447
4447
4435
4488
4488
4488
4488
4466
4466
4483
4481
4481
4444
4444
4451
4493
4493
4493
4497
4497
4497
4497
4497
4497
4497
4497
4513
4474
4474
4471
4471
4471
4471
4475
4475
4475
4475
4499
4499
4499
4548
4548
4548
4503
4450
4450
4450
4450
4447
4447
4447
4451
4451
4460
4460
4459
4459
4459
4459
4459
4459
4459
4459
4459
4453
4453
4501
4501
4511
4511
4511
4511
4530
4530
4530
4505
4452
4473
4473
4460
4502
4425
4401
4401
4401
4401
4401
4432
4455
4411
4416
4416
4416
4416
4416
4416
4416
4401
4401
4401
4401
4401
4401
4414
4414
4403
4403
4403
4403
4403
4403
4403
4403
4403
4403
4403
4403
4403
4403
4403
4383
4383
4383
4383
4383
4383
4383
4391
4379
4394
4409
4447
4447
4420
4420
4420
4429
4429
4429
4429
4412
4412
4412
4412
4412
4412
4412
4405
4397
4397
4399
4399
4435
4435
4435
4440
4440
4480
4512
4512
4512
4512
4512
4512
4536
4536
4536
4547
4547
4547
4547
4556
4556
4556
4556
4492
4496
4496
4496
4496
4505
4495
4495
4500
4500
4500
4500
4500
4500
4500
4500
4500
4500
4500
4500
4488
4488
4488
4488
4488
4488
4488
4488
4488
4488
4477
4477
4477
4477
4477
4477
4456
4456
4456
4446
4446
4446
4446
4446
4446
4446
4497
4497
4497
4491
4491
4489
4489
4489
4489
4489
4489
4489
4489
4489
4489
4489
4489
4459
4459
4459
4526
4526
4526
4526
4515
4515
4515
4515
4515
4515
4515
4515
4515
4515
4529
4529
4529
4485
4514
4521
4521
4524
4515
4512
4512
4512
4508
4482
4471
4471
4471
4471
4471
4471
4475
4454
4454
4454
4454
4454
4429
4429
4429
4429
4429
4429
4429
4438
4415
4415
4415
4415
4407
4407
4407
4407
4407
4407
4407
4407
4407
4436
4436
4436
4436
4440
4440
4440
4440
4440
4440
4440
4440
4440
4433
4435
4435
4435
4475
4459
4459
4459
4459
4459
4472
4472
4489
4489
4485
4479
4479
4479
4479
4479
4479
4479
4479
4470
4470
4470
4470
4470
4486
4486
4405
4405
4405
4405
4405
4405
4425
4425
4425
4425
4425
4425
4425
4440
4440
4440
4403
4403
4403
4403
4403
4403
4388
4388
4388
4388
4393
4393
4393
4393
4405
4405
4405
4413
4413
4413
4405
4405
4405
4405
4386
4394
4362
4362
4362
4362
4362
4362
4362
4362
4362
4338
4338
4338
4338
4338
4338
4323
4323
4323
4323
4323
4323
4344
4344
4344
4344
4343
4343
4369
4369
4369
4369
4369
4369
4369
4369
4369
4369
4369
4369
4323
4323
4360
4360
4373
4368
4384
4384
4384
4384
4384
4384
4384
4376
4376
4376
4364
4364
4364
4364
4364
4364
4391
4391
4391
4385
4385
4385
4384
4384
4384
4384
4384
4384
4384
4384
4384
4384
4381
4381
4384
4384
4384
4384
4384
4384
4384
4384
4384
4384
4384
4407
4407
4407
4407
4387
4387
4387
4387
4387
4387
4387
4387
4387
4387
4387
4387
4387
4393
4393
4393
4393
4393
4393
4393
4393
4393
4393
4393
4393
4399
4399
4399
4399
4393
4393
4392
4392
4392
4392
4392
4392
4392
4392
4392
4392
4392
4403
4402
4402
4402
4402
4391
4410
4410
4407
4386
4386
4386
4386
4386
4386
4386
4393
4393
4393
4393
4393
4393
4393
4393
4398
4398
4398
4398
4398
4398
4398
4398
4398
4398
4398
4398
4399
4399
4399
4402
4402
4402
4399
4399
4399
4403
4403
4403
4403
4403
4403
4403
4403
4403
4403
4403
4403
4374
4374
4394
4394
4394
4394
4394
4394
4394
4385
4385
4385
4385
4380
4380
4380
4380
4380
4380
4380
4380
4380
4380
4380
4380
4384
4366
4366
4366
4366
4366
4328
4328
4328
4328
4328
4324
4324
4324
4336
4336
4336
4336
4336
4336
4336
4336
4336
4336
4336
4336
4336
4336
4336
4336
4336
4336
4345
4345
4345
4353
4353
4404
4404
4402
4402
4402
4402
4380
4380
4380
4379
4379
4381
4381
4381
4381
4372
4368
4368
4369
4391
4391
4391
4391
4391
4391
4384
4384
4384
4384
4384
4384
4384
4384
4373
4373
4373
4373
4373
4373
4373
4418
4433
4430
4430
4430
4430
4430
4376
4376
4376
4363
4363
4363
4363
4363
4363
4363
4332
4332
4332
4332
4332
4332
4332
4332
4332
4332
4332
4332
4332
4332
4332
4332
4305
4305
4305
4305
4305
4305
4305
4305
4305
4305
4305
4305
4305
4305
4305
4305
4305
4305
4305
4305
4298
4298
4298
4298
4298
4298
4298
4298
4298
4298
4298
4298
4298
4298
4298
4298
4298
4298
4298
4298
4298
4298
4298
4298
4298
4298
4298
4298
4298
4298
4298
4298
4298
4298
4298
4298
4298
4298
4298
4298
4298
4298
4298
4298
4298
4298
4298
4298
4298
4298
4298
4298
4298
4298
4298
4300
4300
4300
4300
4300
4300
4309
4309
4309
4309
4309
4309
4309
4309
4302
4302
4302
4302
4302
4302
4302
4302
4302
4302
4302
4302
4302
4302
4302
4302
4302
4302
4302
4302
4302
4302
4302
4302
4302
4302
4302
4302
4302
4302
4302
4302
4302
4302
4302
4302
4302
4302
4302
4302
4302
4302
4302
4302
4302
4302
4298
4298
4298
4298
4298
4298
4298
4298
4298
4298
4298
4298
4298
4298
4298
4298
4298
4298
4298
4298
4298
4298
4298
4298
4298
4298
4298
4298
4298
4298
4298
4298
4298
4298
4298
4298
4298
4298
4309
4309
4309
4309
4309
4309
4309
4309
4309
4309
4309
4309
4309
4320
4320
4320
4320
4320
4320
4320
4318
4318
4318
4318
4318
4318
4318
4318
4318
4318
4350
4350
4350
4350
4350
4350
4350
4350
4350
4350
4350
4381
4381
4381
4381
4363
4363
4363
4363
4363
4353
4353
4353
4353
4353
4353
4353
4357
4357
4357
4357
4357
4357
4353
4353
4353
4353
4353
4353
4355
4321
4321
4321
4317
4317
4317
4317
4317
4317
4317
4317
4317
4317
4317
4317
4317
4326
4281
4281
4281
4281
4281
4281
4281
4252
4252
4236
4236
4236
4236
4236
4229
4230
4230
4230
4230
4230
4235
4235
4235
4235
4235
4235
4235
4235
4235
4235
4245
4261
4261
4261
4261
4261
4261
4261
4261
4261
4261
4261
4261
4256
4256
4256
4256
4256
4256
4256
4256
4256
4256
4256
4256
4256
4256
4252
4252
4252
4252
4252
4252
4252
4252
4252
4252
4252
4252
4252
4252
4252
4252
4245
4245
4245
4245
4241
4241
4241
4241
4241
4241
4241
4241
4242
4242
4242
4242
4242
4242
4242
4242
4242
4242
4242
4242
4242
4242
4242
4242
4242
4242
4242
4242
4242
4242
4242
4242
4242
4242
4242
4242
4242
4242
4242
4242
4242
4242
4242
4242
4242
4242
4242
4242
4242
4242
4242
4242
4242
4243
4243
4243
4243
4243
4243
4243
4243
4243
4243
4243
4243
4243
4243
4243
4243
4243
4243
4243
4243
4243
4243
4243
4243
4243
4243
4243
4243
4243
4243
4243
4243
4243
4243
4243
4243
4243
4243
4243
4243
4243
4243
4243
4243
4251
4251
4251
4251
4251
4251
4251
4251
4251
4251
4251
4251
4251
4249
4249
4249
4249
4249
4249
4249
4249
4242
4242
4242
4242
4242
4242
4242
4242
4248
4248
4248
4248
4248
4248
4248
4248
4248
4248
4248
4248
4248
4248
4248
4248
4248
4245
4245
4245
4245
4245
4245
4245
4245
4245
4245
4245
4245
4245
4248
4248
4248
4231
4231
4231
4244
4244
4244
4244
4239
4239
4239
4239
4235
4235
4222
4222
4222
4222
4222
4222
4222
4222
4222
4222
4222
4222
4222
4222
4222
4222
4222
4222
4222
4222
4222
4222
4222
4222
4222
4222
4222
4222
4222
4222
4222
4216
4216
4216
4216
4216
4216
4216
4216
4216
4216
4216
4216
4216
4216
4216
4216
4216
4216
4216
4216
4216
4226
4226
4226
4226
4226
4226
4216
4216
4216
4216
4216
4216
4216
4216
4216
4216
4216
4216
4216
4216
4216
4216
4216
4216
4216
4216
4216
4216
4216
4216
4216
4216
4216
4216
4216
4216
4216
4216
4216
4216
4216
4216
4216
4216
4216
4216
4216
4216
4216
4216
4216
4216
4216
4216
4216
4216
4216
4216
4216
4216
4216
4216
4216
4216
4216
4216
4216
4216
4216
4216
4216
4216
4216
4216
4216
4216
4216
4216
4216
4216
4228
4228
4228
4228
4228
4228
4226
4226
4226
4226
4226
4226
4226
4226
4226
4226
4223
4223
4223
4223
4223
4223
4223
4223
4223
4223
4223
4223
4223
4223
4223
4223
4223
4223
4223
4223
4223
4223
4223
4223
4223
4223
4223
4223
4223
4223
4223
4223
4223
4223
4223
4223
4223
4223
4223
4223
4223
4223
4223
4223
4223
4223
4223
4223
4223
4223
4223
4223
4223
4223
4223
4223
4223
4223
4230
4227
4227
4227
4227
4227
4227
4227
4227
4227
4227
4227
4227
4227
4227
4227
4227
4192
4192
4192
4192
4192
4192
4192
4192
4192
4192
4192
4192
4188
4188
4188
4188
4188
4188
4188
4203
4203
4203
4203
4203
4203
4203
4203
4203
4203
4203
4196
4196
4196
4196
4196
4196
4196
4196
4196
4196
4196
4196
4195
4195
4195
4195
4195
4195
4195
4195
4195
4195
4195
4195
4195
4195
4195
4195
4195
4192
4192
4192
4192
4192
4192
4192
4192
4192
4179
4179
4179
4179
4179
4179
4179
4179
4179
4179
4179
4179
4179
4179
4179
4179
4179
4179
4179
4179
4179
4179
4179
4179
4179
4179
4179
4179
4179
4179
4179
4179
4179
4179
4179
4179
4179
4179
4179
4179
4179
4179
4179
4179
4179
4179
4179
4179
4179
4179
4179
4179
4179
4179
4179
4179
4179
4179
4179
4179
4179
4179
4179
4179
4179
4179
4179
4179
4182
4182
4191
4191
4191
4191
4191
4182
4182
4182
4182
4182
4182
4182
4182
4182
4182
4182
4182
4182
4182
4182
4182
4182
4178
4178
4178
4178
4178
4178
4178
4178
4178
4178
4178
4178
4178
4178
4180
4180
4180
4180
4180
4180
4180
4180
4180
4180
4180
4178
4178
4178
4178
4178
4178
4178
4178
4178
4178
4178
4178
4178
4178
4178
4178
4178
4178
4178
4178
4178
4178
4178
4178
4178
4178
4178
4178
4178
4178
4178
4178
4178
4178
4178
4181
4181
4181
4181
4178
4178
4178
4178
4178
4178
4178
4178
4178
4178
4178
4178
4178
4178
4178
4178
4178
4178
4178
4178
4178
4178
4178
4178
4178
4178
4178
4178
4178
4178
4178
4178
4178
4178
4178
4178
4178
4167
4167
4167
4166
4171
4171
4171
4171
4171
4171
4171
4171
4171
4171
4171
4171
4171
4171
4171
4171
4171
4171
4171
4171
4171
4171
4171
4171
4171
4171
4171
4171
4171
4171
4171
4171
4171
4171
4171
4171
4171
4171
4171
4171
4171
4171
4171
4171
4171
4171
4171
4171
4171
4171
4171
4171
4171
4171
4171
4171
4171
4171
4171
4171
4171
4171
4171
4157
4157
4157
4157
4157
4157
4157
4157
4157
4157
4157
4157
4157
4157
4157
4157
4157
4157
4157
4157
4157
4157
4157
4157
4157
4157
4157
4157
4150
4150
4150
4150
4150
4150
4150
4150
4150
4150
4150
4150
4150
4150
4150
4150
4150
4150
4150
4147
4147
4147
4147
4147
4147
4141
4141
4141
4141
4141
4141
4141
4141
4141
4141
4141
4141
4141
4141
4141
4141
4141
4141
4141
4141
4141
4141
4141
4141
4141
4141
4141
4141
4141
4141
4141
4141
4141
4141
4141
4141
4141
4141
4141
4141
4141
4141
4141
4141
4141
4141
4141
4141
4141
4141
4141
4141
4141
4141
4141
4141
4141
4141
4141
4141
4141
4141
4141
4141
4141
4141
4141
4141
4141
4141
4141
4141
4141
4141
4141
4132
4132
4132
4132
4132
4132
4132
4132
4132
4132
4132
4132
4132
4132
4132
4132
4132
4132
4132
4132
4132
4132
4132
4132
4132
4132
4132
4132
4132
4132
4132
4132
4132
4132
4132
4132
4132
4132
4132
4132
4132
4132
4132
4132
4132
4132
4132
4132
4132
4132
4132
4132
4132
4132
4132
4132
4132
4132
4132
4132
4132
4132
4132
4132
4134
4134
4134
4134
4134
4134
4134
4134
4134
4134
4134
4134
4134
4134
4134
4134
4134
4134
4134
4134
4134
4134
4134
4134
4134
4134
4134
4134
4134
4134
4134
4134
4134
4134
4134
4134
4134
4134
4134
4134
4134
4134
4134
4134
4134
4134
4134
4134
4134
4134
4134
4134
4134
4134
4134
4134
4134
4134
4134
4134
4134
4134
4134
4134
4134
4134
4134
4134
4134
4134
4134
4134
4134
4134
4134
4134
4134
4134
4134
4134
4134
4134
4134
4134
4134
4134
4134
4134
4134
4134
4134
4134
4134
4134
4134
4134
4134
4134
4134
4134
4134
4134
4134
4134
4134
4134
4134
4134
4134
4134
4134
4134
4134
4134
4134
4134
4134
4134
4134
4134
4134
4134
4134
4134
4134
4134
4134
4134
4134
4134
4134
4134
4134
4134
4134
4134
4134
4134
4134
4134
4134
4134
4134
4134
4134
4134
4134
4134
4134
4134
4134
4134
4134
4134
4134
4134
4134
4134
4134
4134
4134
4134
4134
4134
4134
4134
4134
4134
4134
4134
4134
4134
4134
4134
4134
4134
4134
4134
4134
4134
4134
4134
4134
4134
4134
4134
4134
4134
4134
4134
4134
4134
4134
4134
4134
4134
4134
4134
4134
4134
4134
4134
4134
4134
4134
4134
4134
4134
4134
4134
4134
4134
4135
4135
4135
4135
4135
4135
4135
4135
4135
4135
4135
4135
4135
4135
4135
4135
4135
4135
4135
4135
4135
4135
4135
4135
4135
4135
4135
4135
4135
4135
4135
4135
4135
4135
4135
4135
4135
4135
4135
4135
4135
4135
4135
4135
4135
4135
4135
4135
4135
4135
4135
4135
4135
4135
4135
4135
4135
4135
4135
4135
4135
4135
4135
4135
4135
4135
4135
4135
4135
4135
4135
4135
4135
4135
4135
4135
4135
4135
4135
4135
4135
4135
4135
4135
4135
4135
4135
4135
4135
4135
4135
4135
4135
4135
4135
4135
4135
4135
4135
4135
4139
4139
4139
4139
4139
4139
4139
4139
4139
4139
4139
4139
4139
4139
4139
4139
4139
4139
4139
4139
4139
4139
4139
4139
4139
4139
4139
4139
4139
4139
4139
4139
4139
4139
4139
4139
4139
4139
4139
4139
4139
4139
4139
4139
4139
4139
4139
4139
4139
4139
4139
4139
4139
4139
4139
4139
4139
4139
4139
4139
4139
4139
4139
4139
4139
4139
4139
4139
4139
4139
4139
4139
4139
4139
4139
4139
4139
4139
4139
4139
4139
4139
4139
4139
4139
4139
4139
4139
4139
4139
4139
4139
4139
4139
4139
4139
4139
4139
4139
4139
4139
4139
4139
4139
4139
4139
4139
4139
4139
4139
4139
4139
4139
4139
4139
4139
4139
4139
4139
4139
4139
4139
4139
4139
4139
4139
4139
4139
4139
4139
4139
4139
4139
4139
4139
4139
4139
4139
4139
4139
4139
4139
4139
4139
4139
4139
4139
4139
4139
4139
4139
4139
4139
4139
4139
4139
4139
4139
4139
4139
4139
4139
4139
4139
4139
4139
4139
4139
4139
4139
4139
4139
4139
4139
4139
4139
4139
4139
4139
4139
4139
4139
4139
4139
4139
4139
4139
4139
4139
4139
4139
4139
4139
4139
4139
4139
4139
4139
4139
4139
4139
4139
4139
4139
4139
4139
4139
4139
4139
4139
4134
4134
4134
4134
4134
4134
4134
4134
4134
4134
4134
4134
4134
4134
4134
4134
4126
4126
4126
4126
4126
4126
4126
4126
4126
4126
4126
4126
4126
4126
4126
4126
4126
4126
4126
4126
4126
4126
4126
4126
4126
4126
4126
4126
4126
4126
4126
4126
4126
4126
4126
4126
4126
4126
4126
4126
4126
4126
4126
4126
4126
4126
4126
4126
4126
4126
4126
4126
4126
4126
4126
4126
4126
4126
4126
4126
4126
4126
4126
4126
4126
4126
4126
4126
4126
4126
4126
4126
4126
4126
4126
4126
4126
4126
4126
4126
4126
4126
4126
4126
4126
4126
4126
4126
4126
4126
4126
4130
4130
4130
4130
4130
4130
4130
4130
4130
4130
4130
4130
4130
4130
4124
4124
4124
4124
4124
4124
4123
4123
4123
4123
4123
4123
4123
4123
4123
4123
4123
4123
4123
4123
4123
4123
4123
4123
4123
4123
4123
4123
4123
4123
4123
4123
4123
4123
4123
4123
4123
4123
4123
4123
4123
4123
4123
4123
4123
4123
4123
4123
4123
4123
4123
4123
4124
4124
4124
4124
4124
4124
4124
4124
4124
4124
4124
4124
4124
4124
4124
4124
4124
4124
4124
4124
4124
4124
4124
4124
4124
4124
4124
4124
4124
4124
4124
4124
4124
4124
4124
4124
4124
4124
4124
4124
4124
4124
4124
4124
4124
4124
4124
4124
4124
4124
4124
4124
4124
4124
4124
4124
4124
4124
4124
4124
4124
4124
4124
4124
4124
4124
4124
4124
4124
4124
4124
4123
4123
4123
4123
4123
4123
4126
4126
4126
4126
4126
4126
4126
4126
4136
4136
4136
4136
4136
4136
4136
4136
4136
4136
4136
4136
4136
4136
4136
4136
4136
4136
4136
4130
4130
4130
4130
4130
4130
4130
4130
4130
4130
4130
4130
4130
4130
4130
4130
4130
4130
4130
4130
4130
4130
4130
4130
4130
4130
4130
4130
4130
4130
4130
4130
4130
4130
4130
4130
4130
4130
4130
4130
4130
4130
4130
4130
4130
4130
4130
4130
4130
4130
4130
4130
4130
4130
4130
4130
4130
4130
4130
4130
4130
4130
4130
4130
4130
4130
4130
4130
4130
4130
4130
4130
4130
4130
4130
4130
4130
4130
4130
4130
4130
4130
4130
4130
4130
4130
4130
4130
4130
4130
4130
4130
4130
4130
4130
4130
4130
4130
4130
4130
4130
4130
4130
4130
4130
4130
4130
4130
4135
4135
4135
4135
4135
4135
4135
4135
4135
4135
4135
4135
4135
4135
4135
4135
4135
4135
4135
4135
4135
4135
4135
4135
4135
4135
4130
4130
4130
4130
4130
4130
4130
4130
4130
4130
4130
4130
4130
4130
4130
4130
4130
4130
4130
4130
4130
4130
4130
4130
4130
4130
4130
4130
4130
4130
4130
4130
4130
4130
4130
4130
4130
4130
4130
4130
4130
4130
4130
4130
4130
4130
4130
4130
4130
4130
4130
4130
4130
4130
4130
4130
4130
4130
4130
4130
4130
4130
4130
4130
4130
4130
4130
4130
4130
4130
4130
4130
4130
4130
4130
4130
4130
4130
4130
4133
4133
4133
4133
4133
4133
4133
4133
4133
4133
4133
4133
4133
4133
4133
4133
4133
4133
4133
4133
4133
4146
4146
4146
4146
4146
4146
4146
4146
4146
4146
4146
4146
4146
4146
4146
4146
4146
4146
4146
4146
4146
4146
4144
4144
4144
4144
4144
4144
4144
4144
4144
4144
4144
4144
4144
4144
4144
4144
4144
4144
4144
4144
4144
4144
4144
4144
4144
4144
4144
4144
4144
4144
4144
4144
4144
4144
4144
4144
4144
4144
4144
4144
4144
4144
4144
4144
4144
4144
4144
4144
4144
4144
4144
4144
4143
4143
4143
4143
4143
4143
4143
4143
4143
4143
4143
4143
4143
4143
4143
4143
4143
4143
4143
4143
4143
4143
4143
4143
4143
4143
4143
4143
4143
4143
4143
4143
4143
4143
4143
4143
4143
4143
4143
4143
4143
4143
4143
4143
4143
4143
4143
4143
4143
4143
4143
4143
4143
4143
4143
4143
4143
4143
4143
4143
4143
4143
4143
4143
4143
4143
4143
4143
4143
4143
4140
4140
4140
4140
4140
4140
4140
4140
4140
4140
4140
4140
4140
4140
4140
4140
4140
4140
4140
4140
4140
4140
4140
4140
4140
4140
4140
4140
4140
4140
4140
4140
4140
4140
4140
4140
4140
4140
4140
4140
4140
4140
4140
4140
4140
4140
4140
4140
4140
4140
4140
4140
4140
4140
4140
4140
4140
4140
4140
4140
4140
4140
4140
4140
4140
4140
4140
4140
4140
4140
4140
4140
4140
4140
4140
4140
4140
4140
4140
4138
4138
4138
4138
4138
4138
4138
4138
4138
4138
4138
4138
4138
4138
4138
4138
4138
4138
4138
4138
4138
4138
4138
4138
4138
4138
4138
4138
4138
4138
4138
4138
4138
4138
4138
4138
4138
4138
4138
4138
4138
4138
4138
4138
4138
4138
4138
4138
4138
4138
4138
4138
4138
4138
4138
4138
4138
4138
4138
4138
4138
4138
4138
4138
4138
4138
4138
4138
4138
4138
4138
4138
4138
4138
4138
4138
4138
4138
4138
4138
4138
4138
4138
4138
4138
4138
4138
4138
4138
4138
4137
4137
4137
4137
4137
4137
4137
4137
4137
4137
4137
4137
4137
4137
4137
4137
4137
4137
4137
4137
4137
4137
4137
4137
4130
4130
4130
4130
4130
4130
4130
4130
4130
4130
4130
4130
4130
4130
4130
4130
4130
4130
4130
4130
4130
4130
4132
4132
4132
4132
4132
4132
4132
4132
4132
4132
4132
4132
4118
4118
4118
4118
4118
4118
4118
4118
4118
4118
4118
4118
4118
4118
4118
4118
4118
4118
4118
4118
4118
4118
4111
4111
4111
4111
4111
4111
4111
4111
4111
4111
4111
4111
4111
4111
4111
4111
4111
4111
4111
4111
4111
4111
4111
4111
4111
4114
4114
4114
4114
4114
4114
4114
4114
4114
4114
4114
4114
4114
4114
4114
4114
4114
4114
4114
4114
4114
4114
4114
4114
4114
4114
4114
4114
4114
4114
4114
4114
4114
4114
4114
4114
4114
4114
4114
4114
4114
4114
4114
4114
4114
4114
4114
4114
4114
4114
4114
4114
4114
4114
4114
4114
4114
4114
4114
4114
4114
4114
4114
4114
4114
4114
4114
4114
4114
4114
4114
4114
4114
4114
4114
4114
4114
4114
4114
4114
4114
4114
4114
4114
4114
4114
4114
4114
4114
4114
4114
4114
4114
4114
4114
4114
4114
4114
4114
4114
4114
4114
4114
4114
4114
4114
4114
4114
4114
4114
4114
4114
4114
4114
4114
4114
4114
4114
4114
4114
4114
4114
4114
4114
4114
4114
4114
4114
4114
4114
4114
4114
4114
4114
4102
4102
4102
4102
4102
4102
4102
4102
4102
4102
4102
4102
4102
4102
4102
4102
4102
4102
4102
4102
4102
4102
4102
4102
4102
4102
4102
4102
4102
4102
4102
4102
4102
4102
4102
4101
4101
4101
4101
4101
4101
4101
4101
4101
4099
4099
4099
4099
4099
4104
4104
4104
4104
4104
4104
4104
4104
4104
4104
4104
4104
4104
4104
4104
4104
4104
4104
4104
4104
4104
4104
4104
4104
4104
4104
4104
4104
4104
4104
4104
4104
4104
4104
4104
4104
4104
4104
4104
4104
4104
4104
4104
4104
4104
4104
4104
4104
4104
4104
4104
4104
4104
4104
4104
4104
4104
4104
4104
4104
4104
4104
4104
4104
4104
4104
4104
4104
4104
4104
4104
4104
4104
4104
4104
4104
4104
4104
4104
4104
4104
4104
4104
4104
4104
4104
4104
4104
4104
4104
4104
4104
4104
4104
4104
4104
4104
4104
4104
4104
4104
4104
4104
4104
4104
4104
4104
4104
4104
4104
4104
4104
4104
4104
4104
4104
4104
4104
4104
4104
4104
4104
4104
4104
4104
4104
4104
4104
4104
4104
4104
4104
4104
4104
4104
4104
4104
4104
4104
4104
4104
4104
4104
4104
4104
4104
4104
4104
4104
4104
4104
4104
4104
4104
4104
4104
4104
4104
4104
4104
4104
4104
4104
4104
4104
4104
4104
4104
4104
4104
4104
4104
4104
4104
4104
4104
4104
4104
4104
4104
4104
4104
4104
4104
4104
4104
4104
4104
4104
4104
4104
4104
4104
4104
4104
4104
4104
4104
4104
4104
4104
4104
4104
4104
4104
4104
4104
4104
4104
4104
4104
4104
4104
4104
4104
4104
4104
4104
4104
4104
4104
4104
4104
4104
4104
4104
4104
4104
4104
4104
4104
4104
4105
4105
4105
4105
4105
4105
4105
4105
4105
4105
4105
4105
4105
4105
4105
4105
4105
4105
4105
4105
4105
4105
4105
4105
4105
4105
4105
4105
4105
4105
4105
4105
4105
4105
4104
4104
4104
4104
4104
4104
4104
4104
4104
4104
4104
4104
4104
4104
4104
4104
4104
4104
4104
4104
4104
4104
4104
4104
4104
4104
4104
4104
4104
4104
4104
4104
4104
4104
4104
4104
4104
4104
4104
4104
4104
4104
4104
4104
4104
4104
4104
4104
4104
4104
4104
4104
4104
4104
4104
4104
4104
4104
4104
4104
4104
4104
4104
4104
4104
4100
4100
4100
4100
4100
4100
4100
4100
4100
4100
4100
4100
4100
4100
4100
4100
4100
4100
4100
4100
4100
4100
4100
4100
4100
4100
4100
4100
4100
4100
4100
4100
4100
4100
4100
4100
4100
4100
4100
4100
4100
4100
4101
4101
4101
4101
4101
4101
4101
4101
4101
4101
4101
4101
4101
4101
4101
4101
4101
4101
4101
4101
4101
4101
4101
4101
4101
4101
4101
4101
4101
4101
4101
4101
4101
4101
4101
4101
4101
4101
4101
4101
4101
4102
4102
4102
4102
4102
4102
4102
4102
4102
4102
4102
4102
4102
4102
4102
4102
4102
4102
4102
4102
4102
4102
4102
4102
4102
4102
