5021
5002
5075
5128
5074
4961
4959
4939
4936
4913
4824
4791
4791
4773
4811
4791
4781
4814
4799
4819
4857
4893
4917
4888
4895
4974
4892
4862
4851
4841
4841
4841
4783
4790
4815
4826
4850
4818
4809
4837
4785
4794
4846
4835
4896
4869
4870
4793
4760
4765
4710
4710
4720
4732
4756
4799
4850
4843
4692
4610
4660
4629
4555
4492
4497
4543
4516
4497
4570
4715
4713
4621
4584
4565
4514
4522
4486
4493
4498
4509
4548
4548
4548
4566
4553
4565
4592
4592
4590
4661
4661
4578
4578
4595
4582
4620
4589
4711
4689
4666
4564
4599
4644
4689
4574
4572
4539
4597
4571
4681
4670
4627
4627
4627
4667
4594
4584
4558
4535
4555
4527
4622
4585
4575
4574
4582
4553
4617
4647
4647
4627
4607
4610
4655
4639
4674
4705
4658
4597
4596
4597
4597
4678
4764
4716
4724
4737
4746
4809
4867
4881
4877
4727
4844
4844
4924
4877
4811
4784
4734
4714
4705
4715
4715
4659
4685
4704
4750
4762
4773
4787
4761
4767
4732
4699
4736
4756
4684
4704
4782
4745
4775
4826
4850
4862
4845
4821
4830
4916
4919
4949
4998
4954
4864
4825
4804
4810
4788
4730
4724
4800
4862
4845
4878
4810
4861
4930
4959
4959
4928
4896
4893
4754
4817
4804
4762
4842
4853
4937
4904
4941
4931
4848
4853
4862
4877
4877
4921
4873
4839
4832
4894
4945
4922
4926
4948
4978
4981
4878
4888
4926
4910
4890
4818
4879
4856
4859
4860
4772
4770
4794
4748
4764
4812
4909
4916
4929
4918
4975
4882
4866
4809
4800
4832
4892
4929
4946
4942
4922
4934
4945
4921
4851
4908
4880
4904
4901
4930
4895
4928
4925
4925
4944
4982
4982
4897
4855
4890
4921
5001
5058
5021
5022
4941
4963
4938
4957
4934
4818
4791
4814
4765
4739
4762
4778
4745
4791
4749
4672
4773
4745
4870
4889
4881
4785
4872
4880
4880
4880
4849
4849
4856
4840
4848
4877
4908
4867
4822
4851
4875
4898
4866
4889
4819
4780
4880
4877
4877
4877
4833
4864
4869
4878
4933
4919
4925
4993
5030
4977
4993
4918
4989
5012
4970
4920
4984
4980
4959
4952
4968
4962
4978
4934
4901
4879
4912
4918
4940
4940
4921
4917
4938
4938
4951
4946
5072
4996
4996
4978
4994
5020
5083
5137
5051
5096
5046
4980
4973
4934
4926
4894
4925
5007
4999
5005
5005
5033
5002
5002
5036
5012
4958
4901
4877
4885
4885
4899
4963
4976
5017
5023
4997
5041
5060
5035
4946
4890
4823
4823
4883
4857
4853
4842
4840
4872
4839
4860
4987
4855
4813
4822
4802
4711
4711
4710
4758
4887
4899
4851
4851
4836
4836
4756
4872
4877
4824
4816
4706
4718
4718
4790
4756
4794
4812
4781
4781
4680
4685
4669
4657
4690
4705
4656
4550
4612
4601
4650
4672
4678
4753
4689
4686
4725
4757
4769
4814
4831
4796
4756
4854
4784
4894
4992
5025
5023
4996
5026
4896
4931
4948
5018
5005
5025
5037
5087
5013
5005
4993
5012
5012
5012
5044
4992
5043
5046
5046
5028
4953
4997
4962
5054
5067
5021
5018
4992
4995
4933
4922
4912
4900
4905
4934
4904
4940
4971
4897
4825
4825
4884
4844
4810
4869
4831
4794
4805
4735
4685
4691
4687
4645
4752
4752
4690
4757
4716
4720
4738
4738
4779
4800
4882
4863
4838
4870
4869
4840
4919
4967
4967
4918
4850
4881
4810
4798
4810
4837
4902
4938
4988
5009
4977
5021
5022
4945
4958
4968
4974
4919
4818
4833
4836
4826
4794
4759
4863
4787
4869
4864
4831
4877
4860
4852
4852
4877
4838
4909
4903
4898
4917
4917
4991
4979
4942
4917
4944
4889
4895
4845
4870
4933
4914
4919
4905
4942
4971
4984
5023
5013
4979
4979
4912
4843
4809
4775
4775
4721
4747
4758
4758
4737
4737
4718
4727
4778
4777
4713
4693
4654
4656
4651
4663
4654
4684
4687
4692
4729
4729
4715
4743
4739
4867
4950
4937
4916
4976
5008
5015
5076
5076
5075
5027
5088
4996
5006
5005
5086
5148
5086
5150
5064
5064
5074
5125
5130
5041
4981
5020
5176
5184
5223
5204
5205
5109
5089
5174
5104
5140
5150
5084
5043
4985
5002
4891
4877
4863
4835
4868
4875
4875
4895
4941
4919
4891
4817
4794
4809
4706
4780
4809
4864
4799
4737
4718
4729
4780
4831
4709
4752
4781
4802
4827
4780
4789
4706
4716
4716
4751
4776
4785
4815
4818
4801
4801
4797
4759
4756
4865
4917
4875
4884
4946
4909
4833
4851
4753
4742
4743
4743
4735
4735
4691
4691
4692
4671
4717
4787
4851
4886
4886
4897
4899
4924
4935
4892
4835
4885
4810
4786
4783
4752
4713
4768
4697
4661
4709
4709
4749
4797
4791
4782
4814
4845
4847
4898
4916
4915
4839
4928
4939
4894
4863
4845
4905
4828
4777
4774
4837
4909
4933
5023
5026
5024
4991
4947
4885
4922
4854
4885
4985
4985
4925
4970
4936
4930
4945
4905
4892
4909
4979
4934
4881
4926
4896
4918
4949
4928
4902
4894
4878
4936
4988
5002
5011
4958
5022
5033
5111
5184
5218
5135
5132
5173
5172
5155
5113
5137
5215
5202
5209
5163
5190
5180
5180
5180
5180
5180
5159
5165
5154
5084
5116
5081
5054
5068
5118
5100
5135
5057
5057
4972
4970
4946
5002
4951
4920
4933
4987
4991
5030
4991
5034
5079
5042
5088
5091
5091
5007
4980
4889
4901
4800
4849
4947
4985
4930
4945
4974
5047
5064
5061
5061
5053
4965
4965
4974
4964
4964
4959
4911
4917
4926
4907
4937
4930
4930
4925
4947
4945
4865
4946
4953
4962
4936
4936
4914
4896
4950
4950
5021
4999
5035
4976
4976
5019
4957
5032
5013
4992
5007
5041
5038
5038
5003
5001
5019
4982
4982
4990
5003
5035
5025
4982
5020
5041
4967
4939
4976
4976
4967
4927
4927
4945
4871
4843
4812
4840
4820
4810
4766
4763
4683
4638
4699
4689
4732
4732
4732
4713
4719
4830
4792
4771
4804
4805
4764
4764
4765
4807
4842
4827
4821
4847
4841
4810
4815
4845
4843
4838
4759
4741
4821
4755
4718
4809
4804
4791
4765
4798
4806
4791
4871
4958
4942
4872
4913
4949
4877
4959
4991
4919
4894
4923
4908
5015
5035
5035
5067
5084
5027
4950
4991
5108
5088
5078
5078
5004
4940
4940
4871
4881
4871
4867
4870
4892
4905
4914
4883
4883
4890
4897
4904
4903
4928
4928
4937
4956
4956
4985
4921
4949
5004
4910
4800
4799
4802
4784
4802
4802
4802
4815
4707
4703
4703
4723
4712
4712
4662
4637
4630
4630
4596
4669
4669
4619
4696
4692
4709
4768
4762
4858
4842
4808
4962
4962
4927
4916
4889
4854
4854
4794
4827
4916
4863
4882
4937
4825
4842
4917
4925
4912
4892
4859
4811
4811
4811
4836
4832
4801
4789
4835
4847
4813
4784
4671
4671
4726
4726
4808
4875
4897
4875
4896
4883
4788
4855
4892
4799
4796
4796
4795
4873
4912
4964
5016
4992
5019
4938
4938
4920
4877
4830
4856
4878
4817
4887
4873
4873
4873
4873
4878
4857
4822
4862
4759
4789
4836
4812
4812
4762
4760
4817
4757
4809
4785
4793
4821
4776
4753
4753
4791
4763
4779
4758
4735
4720
4744
4822
4698
4553
4569
4579
4604
4639
4689
4689
4711
4637
4621
4684
4698
4669
4682
4643
4607
4582
4605
4613
4597
4569
4574
4647
4647
4658
4602
4602
4607
4638
4603
4647
4733
4696
4720
4728
4670
4697
4773
4785
4775
4702
4776
4820
4889
4931
4906
4922
4917
4999
4945
4969
4844
4844
4852
4838
4845
4854
4897
4832
4842
4819
4814
4786
4820
4840
4857
4837
4832
4783
4764
4750
4771
4720
4734
4773
4778
4771
4822
4843
4859
4898
4898
4881
4818
4814
4752
4784
4729
4805
4807
4875
4846
4827
4899
4974
4910
4886
4899
4855
4855
4876
4894
4876
4841
4841
4823
4872
4859
4844
4835
4801
4830
4883
4813
4757
4763
4830
4790
4796
4729
4750
4750
4750
4757
4808
4855
4773
4798
4764
4757
4757
4735
4772
4804
4763
4710
4654
4723
4752
4776
4768
4722
4667
4703
4720
4686
4685
4703
4703
4678
4680
4680
4711
4692
4754
4754
4701
4670
4670
4666
4661
4737
4768
4806
4825
4858
4853
4819
4805
4807
4805
4807
4819
4919
4972
4850
4806
4796
4815
4738
4762
4698
4802
4802
4760
4742
4665
4714
4714
4701
4728
4756
4712
4688
4751
4772
4821
4824
4821
4831
4840
4840
4837
4846
4827
4879
4812
4810
4842
4842
4828
4938
4878
4934
4923
4983
4951
4979
4979
5007
5081
5056
5028
5083
5083
4961
4875
4891
4848
4847
4810
4742
4774
4793
4793
4823
4794
4797
4794
4782
4813
4821
4846
4830
4806
4832
4794
4776
4716
4734
4784
4794
4784
4638
4706
4751
4710
4677
4619
4590
4484
4589
4586
4618
4619
4632
4597
4697
4697
4712
4712
4732
4677
4693
4710
4810
4808
4808
4862
4842
4865
4862
4817
4796
4788
4783
4750
4719
4719
4754
4771
4747
4755
4829
4854
4822
4723
4731
4724
4725
4747
4737
4698
4682
4712
4707
4706
4732
4732
4729
4785
4781
4806
4829
4852
4786
4842
4842
4836
4836
4852
4856
4836
4828
4893
4948
4958
4958
4873
4864
4849
4840
4810
4792
4834
4821
4784
4807
4790
4796
4796
4864
4849
4885
4842
4910
4913
4840
4820
4797
4858
4869
4872
4850
4861
4826
4946
4955
4921
4930
4899
4892
4892
4919
4911
4911
4913
5042
4980
4925
4916
4931
4923
4923
4942
5001
5058
5040
5054
4993
4987
4922
4944
4950
4985
5029
5012
4917
4830
4830
4832
4848
4879
4828
4821
4858
4894
4861
4834
4910
4870
4935
4822
4845
4791
4817
4844
4844
4844
4910
4894
4936
4910
4976
4881
4865
4865
4838
4838
4824
4833
4858
4902
4903
4875
4944
4779
4779
4846
4801
4778
4803
4803
4810
4877
4894
4894
4869
4847
4859
4942
4942
4937
5030
5040
4970
4944
4986
4977
4963
4941
4915
4915
4915
4996
5087
5090
5029
4990
4939
4893
4907
4957
4993
5018
4998
4930
4884
4916
4884
4917
4935
4948
4918
4946
4824
4882
4969
4966
4934
4899
4910
4838
4876
4942
4881
4861
4861
4853
4870
4946
4940
4925
4957
4914
4895
4848
4899
4954
4966
4982
4997
4986
4986
4923
4913
4901
4901
4972
4934
4920
4945
4884
4887
4894
4808
4878
4868
4845
4882
4947
5031
5125
5043
4973
4956
5001
4939
4918
4929
4935
4935
4926
4871
4962
4852
4852
4766
4809
4817
4845
4783
4785
4797
4759
4848
4848
4896
4896
4958
4963
4940
4906
4913
4881
4881
4917
4855
4915
4905
4944
4931
4881
4889
4882
4864
4817
4817
4817
4745
4758
4772
4766
4759
4711
4750
4750
4798
4798
4813
4795
4771
4799
4762
4762
4762
4762
4784
4727
4789
4785
4797
4784
4740
4740
4892
4831
4826
4725
4695
4777
4758
4790
4816
4811
4794
4884
4877
4915
4941
5026
5032
5032
5117
5059
5067
5067
5043
4994
5074
4962
4886
4901
4967
4919
4958
4926
4940
4991
5073
5001
5001
5001
5054
4965
4952
4927
4874
4861
4860
4821
4804
4766
4766
4717
4707
4634
4588
4549
4598
4598
4590
4590
4571
4585
4570
4570
4577
4570
4585
4613
4633
4638
4701
4775
4689
4701
4665
4665
4685
4669
4672
4662
4661
4624
4624
4677
4721
4675
4598
4637
4637
4700
4700
4752
4752
4819
4823
4936
4906
4888
4905
4856
4782
4810
4829
4791
4843
4953
4836
4834
4834
4840
4822
4800
4853
4868
4879
4867
4881
4898
4898
4898
4902
4809
4873
4850
4844
4882
4864
4906
4885
4881
4827
4827
4827
4860
4892
4891
4857
4866
4896
4927
5023
5061
5002
4997
4997
5009
4968
5015
5027
4962
4923
4849
4840
4796
4796
4789
4776
4834
4853
4887
4887
4832
4738
4778
4798
4794
4767
4801
4780
4845
4860
4922
4904
4882
4908
4916
4935
4902
4906
4857
4876
4835
4740
4775
4775
4656
4686
4681
4681
4681
4693
4721
4734
4732
4732
4732
4710
4754
4810
4829
4892
4885
4926
4915
4906
4894
4888
4964
5037
4975
4943
4943
4943
4884
4881
4816
4740
4775
4758
4765
4801
4761
4761
4773
4833
4841
4862
4849
4815
4815
4760
4801
4825
4945
4952
4938
4914
4914
4912
4906
4960
4880
4898
4978
4910
4945
4893
4893
4891
4891
4865
4771
4771
4823
4758
4758
4652
4686
4718
4769
4759
4759
4794
4794
4801
4801
4778
4796
4799
4799
4826
4737
4765
4779
4733
4677
4757
4840
4832
4838
4833
4863
4971
5071
5023
5031
5014
4973
4930
4902
4925
4830
4843
4829
4842
4797
4778
4776
4812
4825
4848
4857
4842
4832
4788
4842
4815
4790
4897
4810
4819
4845
4845
4807
4787
4787
4764
4808
4780
4802
4871
4817
4828
4787
4791
4807
4788
4874
4754
4754
4702
4653
4724
4663
4733
4730
4763
4775
4725
4725
4725
4789
4807
4817
4818
4828
4797
4889
4924
4910
4871
4865
4854
4842
4862
4792
4820
4805
4701
4701
4708
4708
4701
4709
4709
4715
4679
4642
4642
4661
4672
4675
4675
4780
4780
4800
4743
4741
4741
4838
4942
4941
4941
4851
4861
4861
4845
4920
4926
4855
4822
4790
4722
4616
4627
4729
4733
4624
4661
4674
4674
4713
4734
4694
4714
4658
4699
4706
4706
4723
4723
4748
4694
4683
4632
4615
4587
4649
4675
4670
4666
4703
4743
4743
4729
4729
4730
4710
4710
4759
4715
4748
4743
4752
4707
4724
4786
4643
4608
4618
4613
4688
4649
4762
4762
4798
4776
4779
4762
4744
4738
4738
4685
4705
4705
4670
4670
4702
4770
4797
4795
4793
4769
4769
4769
4744
4727
4703
4682
4682
4700
4733
4769
4766
4737
4760
4713
4798
4768
4801
4785
4683
4683
4714
4714
4752
4752
4762
4792
4735
4760
4740
4829
4802
4860
4827
4773
4773
4793
4736
4702
4703
4822
4801
4903
4848
4871
4849
4821
4814
4811
4811
4811
4814
4770
4770
4770
4750
4725
4732
4761
4706
4633
4712
4681
4681
4717
4693
4744
4732
4855
4915
5012
5025
5005
5001
4965
4965
4965
4921
4945
4944
4944
4949
4949
4952
4919
4919
4953
4895
4888
4888
4940
4888
4884
4939
4926
4935
4953
4937
4916
4856
4972
4965
4901
4892
4892
4909
4953
4972
4941
4961
4982
4923
4923
4923
4946
4928
4869
4848
4841
4878
4890
4906
4905
4927
4895
4838
4841
4841
4834
4711
4700
4762
4794
4793
4797
4787
4811
4789
4778
4795
4775
4738
4738
4738
4762
4852
4886
4883
4955
4910
4976
4997
4991
4943
4943
4897
4879
4866
4812
4806
4793
4840
4776
4799
4783
4845
4844
4844
4842
4796
4852
4852
4852
4851
4817
4817
4808
4785
4819
4815
4833
4835
4712
4707
4726
4738
4766
4721
4701
4721
4721
4719
4737
4732
4721
4721
4707
4713
4699
4776
4791
4817
4845
4759
4840
4842
4851
4920
4867
4898
4759
4707
4732
4842
4896
4903
4890
4960
4953
4856
4820
4804
4840
4795
4776
4777
4811
4811
4812
4820
4818
4817
4862
4843
4816
4827
4892
4850
4756
4787
4740
4747
4738
4711
4733
4728
4678
4650
4692
4730
4698
4698
4687
4675
4714
4717
4874
4895
4906
4900
4884
4884
4856
4858
4907
4907
4821
4817
4742
4769
4779
4832
4805
4806
4885
4885
4853
4870
4937
5014
5031
5039
5029
4980
4980
4980
4991
4983
4983
4889
4866
4819
4819
4738
4738
4752
4752
4848
4806
4772
4772
4796
4891
4927
4930
4915
4873
4816
4817
4843
4841
4835
4780
4799
4836
4844
4870
4943
4884
4890
4890
4937
4890
4939
4887
4895
4909
4894
4894
4908
4823
4823
4823
4862
4839
4839
4797
4819
4817
4795
4795
4789
4830
4813
4788
4772
4774
4806
4806
4761
4761
4804
4656
4712
4724
4713
4737
4733
4746
4746
4737
4725
4749
4689
4760
4779
4767
4759
4768
4769
4769
4772
4817
4677
4688
4701
4692
4731
4684
4684
4684
4684
4701
4725
4672
4658
4689
4851
4851
4855
4916
4995
4995
4963
4950
4900
4818
4847
4866
4773
4810
4810
4821
4791
4754
4718
4732
4818
4813
4879
4886
4984
4906
4857
4897
4949
4896
4957
4941
4980
4984
4999
4977
4920
4889
4866
4866
4810
4826
4865
4800
4800
4816
4816
4787
4767
4749
4845
4794
4689
4714
4713
4661
4625
4677
4779
4783
4783
4832
4843
4753
4753
4779
4836
4865
4865
4865
4841
4865
4879
4938
4918
4909
4909
4793
4817
4835
4821
4840
4836
4814
4880
4880
4843
4791
4795
4788
4877
4877
4866
4839
4839
4809
4786
4719
4757
4736
4756
4792
4791
4760
4742
4765
4765
4810
4836
4840
4879
4811
4811
4785
4791
4782
4802
4868
4821
4821
4821
4789
4789
4789
4803
4803
4830
4802
4844
4844
4889
4890
4883
4918
4917
4887
4846
4874
4862
4834
4865
4874
4941
4941
4871
4834
4893
4921
4949
4978
4973
4985
5000
4998
4947
4902
4902
4923
4849
4832
4787
4750
4747
4781
4786
4743
4686
4666
4661
4678
4761
4797
4767
4745
4719
4732
4739
4768
4758
4800
4800
4801
4771
4726
4707
4731
4663
4689
4689
4689
4699
4727
4730
4730
4730
4773
4698
4824
4810
4810
4810
4810
4821
4819
4819
4761
4803
4816
4809
4767
4784
4811
4799
4799
4811
4811
4770
4832
4842
4849
4873
4904
4911
4911
4848
4820
4812
4780
4767
4799
4808
4798
4776
4739
4734
4633
4688
4695
4695
4726
4703
4673
4657
4691
4701
4698
4711
4812
4754
4757
4742
4758
4743
4743
4735
4779
4779
4766
4770
4826
4805
4805
4816
4809
4816
4816
4759
4759
4759
4753
4753
4791
4752
4724
4733
4701
4750
4746
4781
4726
4638
4586
4562
4554
4563
4567
4567
4583
4563
4476
4520
4520
4566
4566
4566
4639
4660
4633
4644
4644
4594
4633
4623
4614
4665
4665
4732
4728
4715
4719
4639
4639
4639
4651
4651
4744
4739
4725
4642
4693
4695
4741
4700
4700
4700
4674
4696
4696
4679
4588
4529
4583
4544
4544
4499
4503
4503
4522
4569
4724
4787
4860
4791
4791
4753
4678
4641
4557
4557
4557
4557
4545
4545
4574
4568
4621
4603
4607
4695
4652
4652
4693
4693
4740
4699
4683
4694
4803
4803
4768
4768
4803
4692
4687
4666
4691
4691
4691
4628
4648
4694
4702
4707
4707
4660
4675
4675
4638
4665
4665
4623
4631
4704
4685
4685
4728
4700
4755
4763
4703
4703
4730
4870
4870
4875
4880
4858
4797
4834
4834
4820
4796
4751
4768
4791
4799
4664
4664
4740
4692
4736
4788
4726
4726
4715
4716
4712
4640
4640
4671
4666
4618
4704
4746
4746
4817
4817
4817
4794
4816
4816
4792
4792
4731
4655
4652
4674
4682
4679
4679
4655
4577
4573
4562
4609
4678
4678
4661
4751
4751
4753
4734
4676
4679
4719
4641
4641
4562
4572
4630
4598
4598
4581
4581
4673
4701
4719
4657
4657
4625
4591
4558
4589
4550
4550
4550
4545
4578
4564
4596
4605
4601
4589
4589
4622
4661
4682
4646
4619
4651
4651
4664
4664
4718
4716
4716
4720
4751
4736
4610
4610
4695
4715
4715
4739
4715
4715
4715
4715
4707
4660
4679
4679
4644
4631
4577
4577
4577
4532
4532
4631
4731
4785
4779
4779
4720
4814
4814
4719
4719
4674
4675
4640
4611
4661
4646
4655
4716
4662
4662
4711
4662
4662
4668
4664
4664
4697
4696
4751
4779
4821
4786
4821
4794
4794
4855
4861
4895
4897
4837
4834
4830
4809
4785
4752
4735
4711
4715
4715
4690
4690
4740
4768
4840
4840
4833
4833
4762
4764
4768
4867
4867
4804
4778
4771
4771
4831
4810
4824
4824
4824
4889
4889
4903
4878
4833
4748
4798
4760
4729
4729
4776
4783
4767
4756
4756
4756
4747
4744
4784
4751
4793
4844
4853
4878
4878
4860
4855
4786
4795
4814
4848
4835
4811
4780
4763
4736
4708
4695
4690
4690
4687
4673
4733
4726
4726
4726
4738
4753
4760
4765
4765
4765
4765
4810
4790
4772
4740
4790
4804
4810
4833
4814
4699
4785
4842
4847
4851
4812
4768
4803
4841
4837
4841
4790
4790
4806
4769
4693
4678
4731
4747
4747
4701
4689
4689
4719
4728
4728
4821
4737
4708
4711
4765
4740
4779
4671
4690
4692
4738
4775
4775
4783
4813
4803
4803
4822
4737
4737
4719
4742
4742
4656
4690
4690
4690
4690
4690
4747
4785
4785
4771
4771
4741
4741
4741
4774
4774
4780
4780
4780
4780
4780
4819
4878
4878
4823
4816
4809
4732
4798
4812
4810
4863
4859
4902
4823
4789
4789
4768
4768
4790
4811
4772
4766
4844
4818
4797
4795
4708
4689
4702
4702
4702
4719
4727
4720
4720
4751
4690
4697
4704
4693
4654
4729
4729
4729
4723
4730
4730
4794
4738
4783
4771
4725
4671
4714
4703
4791
4791
4826
4798
4798
4798
4798
4831
4833
4829
4829
4829
4819
4860
4867
4867
4867
4867
4849
4796
4796
4814
4827
4760
4794
4826
4798
4764
4740
4716
4829
4829
4872
4842
4835
4835
4794
4856
4833
4833
4784
4784
4762
4762
4796
4798
4906
4788
4809
4738
4779
4765
4770
4796
4751
4791
4835
4822
4794
4787
4830
4702
4770
4755
4755
4740
4772
4772
4814
4769
4845
4881
4881
4860
4845
4884
4853
4800
4811
4819
4883
4882
4856
4813
4813
4768
4768
4763
4700
4738
4777
4828
4809
4809
4809
4821
4821
4857
4857
4932
4932
4906
4880
4854
4858
4927
4852
4852
4823
4896
4861
4866
4876
4823
4823
4827
4778
4772
4772
4772
4772
4780
4780
4780
4803
4803
4784
4801
4844
4858
4863
4879
4925
4936
4913
4955
4975
4990
4893
4891
4891
4894
4926
4934
4862
4908
4852
4811
4863
4863
4816
4863
4806
4790
4790
4790
4849
4744
4722
4723
4693
4675
4684
4687
4687
4687
4687
4689
4724
4717
4715
4715
4715
4718
4701
4664
4664
4642
4665
4609
4640
4640
4613
4623
4647
4636
4640
4657
4690
4723
4752
4752
4729
4729
4682
4663
4621
4605
4605
4605
4608
4608
4645
4610
4644
4670
4694
4659
4659
4672
4693
4681
4677
4751
4751
4716
4685
4684
4690
4682
4629
4678
4678
4625
4626
4642
4678
4678
4689
4687
4733
4733
4767
4729
4729
4757
4692
4686
4686
4686
4698
4698
4698
4736
4700
4700
4717
4717
4731
4719
4723
4746
4730
4805
4805
4805
4815
4814
4806
4784
4761
4757
4765
4732
4733
4733
4836
4889
4889
4957
4981
4837
4837
4837
4837
4837
4849
4836
4836
4829
4815
4815
4830
4830
4778
4778
4788
4794
4794
4794
4782
4758
4742
4742
4693
4690
4743
4650
4581
4635
4680
4680
4724
4713
4719
4718
4718
4705
4655
4694
4723
4740
4785
4783
4802
4802
4772
4810
4752
4752
4752
4810
4780
4780
4776
4795
4815
4797
4815
4848
4806
4803
4768
4751
4751
4751
4747
4741
4752
4676
4705
4720
4680
4680
4604
4601
4694
4714
4709
4722
4781
4781
4771
4771
4775
4806
4789
4761
4720
4720
4673
4689
4670
4668
4657
4657
4668
4688
4715
4742
4763
4969
5033
5106
5080
5041
5075
5075
5115
5063
4948
4948
4932
4954
4874
4874
4877
4877
4899
4904
4904
4904
4881
4922
4918
4894
4920
4927
4946
4946
4950
4949
4949
4962
4959
4959
4902
4894
4973
4966
4963
4941
5001
4954
4945
4945
5002
4899
4919
4897
4910
4910
4927
4889
4934
4850
4789
4789
4789
4839
4846
4846
4846
4846
4884
4915
4915
4911
4913
4864
4842
4770
4798
4801
4801
4801
4843
4864
4864
4806
4806
4806
4798
4788
4788
4898
4917
4881
4881
4840
4890
4856
4870
4890
4850
4851
4838
4838
4838
4857
4856
4850
4855
4855
4801
4889
4820
4815
4844
4830
4830
4819
4819
4867
4792
4773
4859
4721
4743
4721
4750
4698
4750
4718
4691
4691
4673
4746
4760
4759
4749
4723
4745
4651
4739
4798
4798
4775
4778
4775
4773
4773
4797
4797
4761
4744
4675
4712
4712
4723
4766
4803
4761
4761
4781
4733
4733
4733
4771
4763
4851
4776
4776
4716
4705
4823
4813
4813
4738
4738
4755
4744
4729
4715
4711
4756
4744
4758
4758
4805
4803
4783
4855
4855
4846
4846
4882
4882
4882
4913
4890
4916
4782
4788
4759
4693
4672
4672
4672
4672
4758
4697
4697
4777
4777
4831
4835
4831
4775
4754
4713
4713
4718
4693
4679
4760
4742
4742
4759
4773
4773
4749
4743
4647
4631
4619
4629
4638
4746
4746
4746
4694
4731
4720
4720
4697
4697
4697
4668
4597
4597
4600
4599
4599
4599
4599
4617
4695
4722
4719
4756
4759
4795
4795
4769
4745
4756
4756
4689
4689
4673
4673
4673
4673
4673
4669
4650
4650
4606
4617
4638
4610
4645
4633
4689
4597
4608
4584
4575
4585
4580
4533
4533
4533
4561
4561
4486
4489
4553
4578
4591
4548
4548
4593
4584
4584
4584
4584
4584
4590
4618
4632
4657
4613
4640
4634
4647
4717
4717
4715
4753
4676
4782
4738
4681
4681
4681
4641
4645
4651
4662
4655
4655
4655
4654
4617
4647
4675
4675
4612
4612
4622
4622
4622
4622
4669
4683
4740
4723
4694
4694
4626
4626
4704
4704
4688
4688
4688
4574
4574
4580
4620
4639
4639
4640
4632
4632
4615
4615
4597
4602
4603
4616
4608
4520
4516
4498
4498
4497
4576
4559
4559
4559
4538
4538
4538
4541
4541
4541
4508
4508
4480
4480
4480
4480
4585
4653
4539
4539
4539
4537
4533
4568
4568
4568
4588
4526
4423
4423
4423
4507
4536
4536
4579
4579
4579
4592
4633
4625
4677
4634
4646
4632
4660
4665
4647
4628
4618
4618
4616
4616
4616
4573
4573
4573
4573
4573
4580
4580
4502
4502
4559
4575
4599
4640
4621
4591
4591
4653
4657
4657
4657
4574
4574
4548
4544
4564
4593
4584
4584
4573
4556
4554
4554
4594
4627
4627
4673
4651
4648
4648
4724
4724
4678
4650
4647
4647
4669
4674
4627
4627
4616
4616
4662
4646
4604
4604
4615
4615
4596
4607
4607
4620
4642
4681
4647
4646
4646
4646
4662
4614
4639
4655
4655
4607
4607
4531
4544
4544
4544
4605
4694
4672
4648
4652
4652
4652
4625
4660
4660
4660
4676
4586
4619
4641
4651
4664
4664
4664
4664
4687
4687
4679
4679
4679
4707
4731
4755
4744
4713
4713
4712
4776
4766
4766
4739
4739
4762
4762
4762
4721
4775
4775
4821
4817
4817
4775
4783
4710
4710
4731
4731
4768
4768
4768
4785
4848
4848
4849
4849
4798
4798
4798
4793
4698
4698
4698
4698
4698
4640
4640
4671
4628
4628
4628
4637
4664
4664
4664
4700
4722
4690
4687
4687
4681
4681
4727
4754
4754
4792
4699
4644
4619
4619
4619
4619
4619
4619
4614
4614
4668
4770
4770
4717
4717
4656
4656
4669
4684
4750
4750
4764
4764
4764
4763
4726
4801
4961
4906
4824
4818
4818
4812
4821
4821
4795
4738
4738
4738
4738
4769
4769
4790
4790
4796
4796
4796
4869
4865
4831
4831
4834
4807
4809
4809
4853
4862
4862
4881
4881
4881
4939
5003
4909
4897
4846
4801
4801
4801
4853
4815
4815
4815
4828
4840
4809
4809
4797
4776
4776
4782
4793
4793
4793
4831
4829
4829
4827
4813
4813
4813
4816
4798
4796
4794
4764
4765
4765
4740
4806
4806
4869
4821
4829
4829
4778
4824
4776
4790
4772
4772
4737
4737
4725
4725
4727
4742
4672
4646
4633
4636
4637
4633
4633
4618
4640
4594
4640
4640
4639
4639
4758
4751
4751
4692
4650
4601
4600
4568
4631
4631
4654
4651
4672
4659
4685
4685
4685
4642
4642
4642
4688
4688
4760
4760
4888
4846
4864
4864
4894
4832
4834
4834
4792
4808
4808
4808
4798
4798
4848
4848
4848
4890
4878
4865
4886
4902
4902
4921
4866
4829
4805
4720
4692
4692
4662
4648
4666
4733
4757
4757
4737
4737
4758
4784
4763
4748
4781
4781
4781
4781
4781
4835
4763
4747
4747
4777
4793
4793
4859
4859
4859
4859
4859
4877
4877
4833
4833
4819
4846
4846
4846
4825
4825
4825
4890
4845
4845
4848
4848
4848
4858
4858
4863
4882
4882
4868
4813
4801
4844
4844
4800
4836
4836
4829
4870
4847
4847
4844
4882
4921
4977
4956
4943
4882
4882
4867
4867
4877
4895
4895
4871
4847
4837
4823
4847
4847
4847
4841
4841
4921
4921
4843
4837
4833
4834
4819
4831
4818
4818
4782
4782
4794
4793
4759
4807
4808
4808
4836
4799
4799
4737
4737
4798
4737
4791
4791
4791
4751
4758
4760
4764
4742
4775
4689
4680
4680
4573
4598
4598
4601
4648
4698
4720
4744
4744
4744
4744
4744
4742
4726
4726
4726
4758
4687
4667
4671
4666
4629
4654
4654
4654
4650
4614
4645
4652
4652
4695
4710
4710
4729
4724
4676
4676
4676
4676
4676
4644
4671
4645
4643
4680
4680
4671
4671
4671
4664
4664
4664
4623
4623
4646
4665
4651
4636
4671
4671
4660
4660
4651
4675
4687
4687
4751
4846
4824
4810
4810
4881
4881
4889
4889
4889
4822
4825
4817
4789
4787
4688
4700
4719
4743
4713
4708
4724
4707
4707
4711
4769
4733
4732
4732
4701
4701
4701
4701
4639
4579
4598
4560
4573
4642
4642
4651
4651
4651
4639
4632
4632
4627
4607
4607
4607
4626
4617
4617
4653
4650
4650
4650
4650
4650
4650
4650
4650
4659
4684
4632
4648
4659
4684
4728
4704
4704
4704
4704
4692
4705
4666
4708
4722
4722
4697
4746
4757
4757
4767
4767
4774
4825
4854
4850
4898
4897
4849
4849
4849
4846
4846
4827
4827
4820
4820
4776
4824
4808
4808
4776
4817
4817
4814
4825
4840
4861
4828
4819
4819
4819
4757
4757
4730
4730
4763
4763
4763
4713
4713
4713
4713
4713
4713
4713
4713
4693
4693
4685
4685
4685
4685
4685
4666
4666
4686
4684
4684
4780
4773
4696
4696
4742
4712
4747
4668
4668
4581
4570
4570
4597
4574
4574
4602
4605
4605
4576
4588
4608
4608
4622
4623
4623
4623
4623
4623
4632
4639
4639
4639
4619
4619
4630
4630
4630
4630
4600
4600
4639
4639
4639
4639
4628
4661
4771
4707
4707
4707
4772
4772
4810
4810
4810
4760
4760
4760
4749
4750
4750
4750
4747
4747
4911
4880
4874
4856
4856
4856
4835
4856
4773
4802
4802
4766
4766
4766
4766
4771
4873
4854
4854
4863
4838
4838
4793
4687
4709
4653
4653
4653
4671
4671
4724
4718
4694
4694
4665
4665
4637
4637
4665
4702
4655
4655
4576
4575
4575
4586
4586
4604
4670
4647
4569
4587
4576
4576
4576
4576
4576
4597
4597
4601
4606
4606
4651
4684
4684
4684
4706
4706
4706
4764
4739
4769
4769
4653
4653
4645
4657
4674
4683
4683
4683
4683
4642
4650
4644
4644
4596
4608
4603
4603
4601
4588
4588
4588
4628
4628
4628
4628
4628
4575
4575
4587
4559
4559
4595
4608
4646
4588
4588
4588
4588
4584
4577
4551
4551
4551
4551
4551
4581
4581
4581
4611
4581
4583
4571
4583
4502
4502
4453
4493
4475
4483
4483
4509
4487
4487
4487
4487
4515
4515
4515
4515
4515
4515
4515
4509
4510
4510
4553
4656
4537
4573
4564
4564
4564
4616
4573
4573
4573
4573
4514
4514
4514
4513
4513
4513
4513
4543
4543
4542
4517
4517
4542
4542
4542
4587
4596
4596
4596
4584
4584
4584
4584
4584
4588
4588
4588
4588
4588
4557
4557
4557
4525
4553
4553
4553
4552
4552
4510
4499
4514
4514
4492
4492
4492
4492
4492
4492
4492
4492
4411
4411
4411
4433
4431
4411
4411
4411
4411
4411
4411
4417
4417
4417
4419
4419
4419
4430
4402
4402
4385
4389
4389
4401
4401
4383
4441
4440
4391
4413
4457
4457
4446
4446
4446
4439
4439
4439
4439
4429
4429
4430
4430
4430
4430
4418
4418
4418
4446
4434
4390
4399
4399
4399
4399
4399
4399
4373
4373
4373
4373
4373
4363
4363
4352
4352
4352
4352
4352
4352
4352
4352
4426
4426
4435
4435
4435
4461
4435
4435
4435
4416
4416
4444
4454
4437
4420
4398
4388
4388
4388
4388
4388
4388
4388
4393
4409
4409
4428
4395
4395
4395
4395
4409
4409
4409
4448
4448
4448
4467
4467
4458
4458
4439
4439
4439
4449
4449
4441
4441
4436
4436
4436
4436
4436
4436
4436
4456
4416
4416
4377
4387
4387
4409
4409
4409
4410
4395
4395
4395
4345
4349
4349
4349
4349
4370
4370
4370
4370
4366
4366
4373
4373
4373
4373
4373
4414
4414
4431
4431
4431
4509
4575
4575
4568
4552
4552
4528
4556
4556
4556
4556
4564
4566
4597
4577
4577
4577
4577
4601
4585
4585
4585
4597
4597
4615
4615
4615
4579
4569
4569
4569
4569
4569
4569
4559
4577
4576
4576
4576
4583
4583
4583
4586
4586
4632
4632
4658
4658
4646
4646
4657
4653
4683
4653
4623
4623
4623
4702
4679
4679
4679
4663
4690
4798
4761
4761
4745
4740
4708
4704
4704
4725
4768
4768
4768
4812
4722
4660
4688
4699
4691
4672
4609
4582
4582
4582
4582
4582
4582
4625
4637
4637
4637
4637
4626
4626
4626
4586
4586
4565
4577
4577
4570
4570
4570
4570
4566
4565
4565
4572
4504
4504
4466
4466
4466
4489
4505
4514
4514
4486
4468
4468
4468
4468
4468
4468
4495
4495
4495
4495
4495
4495
4570
4610
4599
4599
4567
4567
4616
4616
4610
4613
4613
4613
4569
4564
4564
4570
4570
4570
4544
4558
4558
4587
4587
4594
4582
4574
4574
4554
4566
4566
4586
4593
4593
4593
4593
4601
4601
4595
4575
4575
4573
4573
4547
4547
4547
4547
4547
4547
4573
4597
4597
4544
4581
4581
4581
4581
4571
4571
4571
4571
4603
4620
4639
4639
4640
4613
4574
4543
4543
4543
4539
4541
4551
4551
4551
4551
4551
4533
4533
4566
4566
4583
4583
4583
4583
4583
4623
4610
4610
4622
4609
4577
4551
4569
4578
4513
4513
4513
4513
4513
4449
4430
4430
4430
4430
4476
4476
4476
4473
4473
4518
4518
4576
4559
4551
4562
4613
4613
4597
4590
4578
4578
4615
4599
4599
4599
4599
4599
4591
4595
4595
4595
4595
4595
4541
4590
4590
4601
4601
4601
4639
4639
4639
4604
4604
4604
4604
4569
4569
4569
4569
4581
4581
4581
4573
4591
4605
4618
4618
4618
4649
4649
4646
4642
4645
4645
4613
4638
4638
4638
4638
4638
4681
4677
4636
4636
4636
4636
4638
4638
4638
4638
4633
4621
4621
4621
4621
4613
4613
4617
4623
4542
4542
4529
4591
4591
4591
4591
4591
4591
4556
4550
4508
4508
4532
4518
4532
4532
4548
4550
4575
4567
4614
4614
4614
4614
4653
4653
4613
4598
4598
4598
4598
4598
4598
4589
4545
4545
4545
4545
4545
4545
4539
4545
4545
4532
4532
4457
4465
4465
4465
4465
4438
4429
4429
4465
4498
4506
4506
4506
4506
4482
4482
4495
4497
4491
4470
4470
4500
4500
4500
4456
4456
4440
4440
4447
4447
4447
4458
4465
4465
4465
4382
4406
4406
4406
4416
4416
4416
4416
4424
4424
4404
4404
4390
4391
4403
4403
4403
4403
4403
4403
4403
4403
4403
4403
4403
4403
4402
4412
4412
4412
4415
4415
4415
4415
4415
4415
4415
4415
4429
4429
4429
4429
4447
4441
4452
4452
4452
4448
4448
4448
4448
4448
4448
4448
4448
4417
4417
4417
4426
4428
4443
4443
4443
4443
4443
4432
4432
4432
4419
4413
4413
4378
4378
4378
4378
4378
4408
4414
4414
4431
4431
4431
4431
4404
4404
4404
4404
4420
4420
4420
4388
4388
4388
4388
4418
4429
4429
4457
4465
4465
4465
4478
4478
4478
4463
4463
4463
4452
4461
4445
4445
4445
4445
4445
4445
4445
4507
4476
4476
4500
4500
4484
4484
4498
4498
4526
4472
4472
4472
4472
4459
4446
4435
4435
4435
4435
4435
4435
4425
4481
4461
4459
4403
4403
4432
4432
4432
4406
4415
4415
4415
4415
4399
4399
4399
4399
4399
4399
4399
4393
4373
4373
4373
4373
4373
4385
4385
4385
4395
4395
4402
4402
4402
4402
4403
4403
4403
4403
4403
4403
4398
4398
4398
4398
4387
4387
4398
4449
4408
4408
4408
4408
4408
4408
4409
4419
4419
4419
4419
4419
4451
4396
4396
4366
4366
4366
4372
4372
4372
4372
4342
4342
4342
4342
4342
4342
4356
4356
4356
4353
4351
4381
4381
4377
4361
4361
4361
4361
4361
4361
4361
4361
4361
4361
4361
4361
4361
4361
4361
4361
4361
4361
4361
4361
4361
4361
4361
4361
4394
4361
4361
4361
4361
4361
4356
4356
4344
4344
4344
4344
4344
4344
4344
4344
4349
4349
4382
4378
4378
4378
4378
4378
4378
4378
4373
4373
4373
4373
4373
4373
4373
4373
4330
4330
4330
4330
4330
4330
4330
4330
4330
4330
4330
4330
4330
4330
4330
4384
4384
4384
4384
4384
4384
4384
4399
4399
4381
4381
4381
4381
4381
4381
4381
4381
4377
4377
4377
4377
4354
4354
4317
4315
4315
4315
4315
4315
4339
4330
4330
4330
4330
4315
4315
4315
4315
4315
4315
4315
4315
4324
4324
4324
4314
4314
4314
4314
4314
4314
4338
4338
4335
4335
4335
4326
4326
4326
4326
4326
4326
4326
4324
4324
4324
4324
4315
4315
4315
4315
4315
4315
4315
4315
4315
4315
4315
4333
4333
4333
4297
4297
4297
4297
4307
4307
4307
4317
4317
4317
4317
4317
4317
4317
4332
4332
4335
4335
4307
4307
4307
4347
4347
4347
4347
4347
4347
4347
4347
4347
4347
4347
4347
4362
4362
4368
4368
4368
4368
4291
4291
4291
4299
4299
4285
4285
4285
4294
4294
4294
4294
4294
4294
4294
4294
4294
4294
4294
4294
4294
4315
4315
4315
4332
4332
4332
4332
4332
4332
4332
4332
4332
4330
4330
4330
4330
4330
4330
4330
4330
4330
4330
4330
4330
4330
4346
4346
4346
4346
4346
4346
4346
4346
4346
4346
4346
4346
4365
4365
4365
4365
4383
4414
4414
4414
4414
4472
4472
4472
4472
4472
4472
4472
4450
4450
4474
4474
4474
4474
4481
4481
4481
4481
4481
4481
4481
4481
4488
4488
4507
4508
4508
4455
4455
4455
4455
4455
4455
4455
4455
4448
4485
4483
4480
4502
4482
4437
4419
4426
4408
4385
4371
4386
4386
4365
4365
4365
4365
4365
4380
4385
4385
4372
4372
4372
4372
4397
4397
4397
4397
4397
4397
4397
4397
4397
4397
4410
4410
4410
4395
4395
4395
4395
4395
4395
4389
4389
4389
4379
4379
4379
4379
4379
4376
4386
4386
4386
4386
4386
4386
4369
4369
4369
4369
4369
4369
4369
4369
4398
4391
4391
4391
4391
4391
4391
4391
4391
4391
4391
4391
4391
4391
4391
4413
4413
4413
4413
4413
4470
4478
4478
4478
4497
4497
4508
4508
4508
4508
4517
4517
4486
4486
4486
4486
4486
4486
4486
4487
4487
4487
4487
4487
4487
4487
4480
4497
4497
4497
4475
4475
4475
4466
4466
4466
4466
4466
4467
4467
4497
4497
4497
4497
4497
4497
4512
4512
4512
4512
4512
4512
4512
4512
4512
4512
4512
4512
4534
4527
4527
4526
4526
4526
4526
4520
4525
4471
4471
4448
4448
4445
4445
4445
4445
4445
4445
4445
4475
4475
4475
4475
4423
4423
4423
4423
4423
4423
4423
4423
4423
4423
4423
4423
4423
4423
4423
4423
4423
4423
4423
4421
4421
4421
4421
4421
4421
4421
4421
4421
4421
4421
4421
4421
4421
4421
4421
4421
4400
4400
4400
4400
4403
4403
4407
4407
4407
4407
4407
4407
4407
4407
4407
4407
4407
4407
4407
4407
4410
4409
4409
4409
4409
4409
4409
4409
4409
4409
4409
4409
4409
4409
4409
4406
4396
4398
4398
4398
4398
4398
4411
4411
4411
4411
4371
4378
4378
4378
4378
4378
4378
4378
4392
4392
4392
4392
4392
4392
4392
4392
4392
4392
4392
4392
4393
4393
4393
4393
4393
4393
4393
4381
4381
4381
4381
4381
4381
4381
4381
4381
4381
4381
4381
4381
4381
4381
4381
4381
4381
4381
4381
4391
4391
4382
4382
4382
4378
4378
4378
4378
4378
4378
4378
4378
4378
4378
4378
4378
4378
4378
4368
4368
4368
4368
4368
4338
4338
4338
4338
4338
4338
4338
4338
4338
4338
4338
4338
4338
4338
4326
4326
4326
4326
4326
4326
4326
4326
4326
4326
4309
4309
4323
4345
4345
4345
4345
4345
4345
4345
4345
4345
4345
4345
4345
4345
4346
4346
4358
4326
4326
4326
4326
4320
4320
4320
4320
4320
4320
4320
4320
4320
4320
4320
4320
4335
4335
4335
4335
4335
4335
4335
4335
4335
4335
4335
4335
4306
4306
4306
4306
4306
4306
4306
4306
4306
4306
4306
4306
4306
4306
4306
4306
4306
4306
4306
4306
4306
4306
4306
4306
4306
4306
4306
4306
4291
4291
4291
4291
4299
4299
4299
4299
4299
4299
4299
4299
4299
4299
4299
4299
4299
4299
4299
4299
4299
4299
4299
4299
4299
4299
4299
4297
4297
4297
4297
4288
4288
4288
4288
4288
4256
4256
4256
4256
4256
4256
4256
4256
4244
4244
4244
4244
4244
4244
4259
4259
4259
4259
4259
4259
4259
4259
4259
4259
4259
4259
4259
4259
4259
4259
4259
4259
4288
4288
4288
4288
4285
4285
4273
4273
4273
4273
4273
4273
4273
4273
4273
4283
4322
4322
4322
4322
4296
4296
4296
4289
4289
4289
4289
4289
4307
4307
4307
4307
4307
4307
4307
4307
4307
4307
4307
4307
4307
4307
4307
4307
4307
4307
4307
4307
4307
4307
4307
4307
4307
4307
4307
4307
4307
4307
4307
4307
4308
4291
4291
4291
4291
4291
4291
4291
4291
4291
4291
4291
4308
4308
4308
4308
4308
4308
4308
4308
4308
4308
4308
4308
4308
4308
4308
4308
4308
4308
4308
4308
4308
4308
4305
4308
4308
4308
4308
4308
4308
4308
4306
4306
4306
4306
4306
4306
4306
4306
4259
4259
4259
4259
4259
4259
4255
4255
4255
4255
4255
4255
4255
4255
4255
4255
4255
4255
4255
4255
4262
4262
4262
4262
4262
4262
4262
4262
4262
4262
4287
4283
4283
4283
4282
4282
4282
4282
4282
4282
4282
4282
4282
4282
4282
4286
4286
4286
4286
4286
4286
4286
4286
4286
4286
4286
4272
4272
4285
4285
4285
4285
4286
4286
4286
4286
4286
4286
4286
4286
4286
4286
4285
4285
4285
4285
4285
4285
4285
4285
4285
4285
4285
4285
4264
4264
4264
4264
4264
4241
4241
4241
4241
4241
4241
4241
4241
4233
4233
4233
4233
4233
4233
4233
4233
4233
4233
4233
4233
4233
4233
4233
4233
4233
4233
4233
4233
4233
4233
4233
4233
4233
4233
4233
4233
4233
4233
4233
4233
4233
4233
4233
4233
4233
4233
4233
4233
4233
4233
4233
4233
4233
4233
4233
4233
4233
4227
4227
4227
4225
4225
4252
4252
4252
4252
4252
4252
4252
4252
4252
4252
4252
4252
4252
4252
4252
4252
4263
4263
4263
4263
4263
4263
4263
4263
4263
4263
4263
4263
4263
4263
4263
4263
4267
4267
4267
4267
4267
4267
4267
4267
4271
4271
4271
4271
4271
4271
4271
4271
4271
4271
4271
4271
4271
4271
4271
4271
4231
4231
4244
4244
4244
4244
4244
4244
4244
4226
4226
4226
4226
4226
4226
4226
4226
4226
4226
4226
4226
4226
4226
4226
4226
4226
4226
4226
4226
4226
4226
4226
4226
4226
4226
4226
4226
4226
4226
4226
4226
4226
4226
4226
4226
4226
4226
4226
4226
4226
4226
4213
4213
4213
4213
4213
4213
4213
4213
4213
4213
4213
4213
4213
4213
4213
4213
4213
4213
4213
4213
4213
4213
4213
4213
4213
4213
4213
4213
4213
4213
4213
4224
4224
4224
4224
4224
4224
4224
4224
4224
4224
4224
4224
4224
4224
4224
4224
4224
4224
4224
4224
4224
4224
4224
4224
4224
4224
4224
4225
4238
4238
4238
4238
4238
4238
4238
4218
4218
4218
4218
4218
4218
4218
4218
4218
4218
4218
4218
4218
4218
4218
4218
4218
4218
4218
4218
4218
4230
4230
4230
4230
4230
4230
4230
4230
4230
4230
4230
4230
4230
4230
4230
4230
4230
4230
4230
4230
4230
4230
4230
4230
4230
4230
4230
4230
4230
4230
4230
4230
4219
4219
4219
4219
4219
4219
4219
4219
4219
4219
4219
4219
4219
4219
4219
4223
4223
4223
4223
4223
4223
4223
4223
4223
4223
4223
4223
4223
4223
4223
4223
4223
4223
4223
4223
4223
4223
4223
4223
4223
4223
4223
4223
4223
4223
4223
4223
4223
4223
4223
4223
4223
4223
4223
4223
4223
4223
4223
4223
4223
4223
4223
4223
4223
4223
4223
4223
4223
4223
4223
4223
4223
4223
4223
4223
4223
4223
4223
4223
4223
4223
4223
4223
4223
4223
4223
4223
4223
4223
4223
4223
4223
4223
4223
4223
4223
4223
4223
4223
4223
4223
4223
4223
4223
4223
4231
4231
4231
4231
4231
4231
4231
4231
4231
4231
4231
4231
4231
4231
4231
4231
4231
4231
4231
4231
4219
4219
4219
4219
4219
4219
4219
4219
4219
4219
4219
4219
4219
4219
4219
4219
4219
4219
4219
4225
4225
4225
4225
4225
4225
4225
4225
4225
4225
4227
4227
4227
4229
4206
4206
4206
4206
4206
4206
4206
4206
4206
4206
4206
4206
4206
4206
4206
4206
4206
4206
4206
4206
4206
4206
4206
4206
4206
4206
4206
4206
4206
4206
4206
4206
4206
4206
4206
4206
4206
4206
4206
4206
4206
4206
4206
4206
4206
4206
4206
4206
4206
4206
4206
4206
4206
4206
4206
4206
4206
4206
4206
4206
4206
4197
4197
4197
4197
4197
4197
4197
4197
4197
4197
4197
4197
4197
4190
4190
4190
4190
4190
4190
4195
4195
4195
4195
4195
4195
4195
4195
4195
4195
4195
4195
4195
4195
4195
4195
4195
4195
4195
4195
4195
4195
4195
4195
4195
4195
4195
4195
4195
4195
4195
4195
4195
4195
4195
4195
4195
4195
4196
4196
4196
4196
4196
4196
4183
4183
4183
4183
4183
4183
4183
4183
4183
4183
4183
4183
4183
4183
4183
4183
4183
4183
4183
4183
4183
4183
4183
4180
4180
4180
4180
4180
4180
4180
4180
4180
4180
4174
4174
4174
4174
4174
4174
4174
4174
4174
4174
4167
4167
4167
4167
4167
4167
4167
4167
4167
4167
4167
4167
4167
4167
4167
4167
4167
4167
4167
4167
4167
4167
4167
4167
4167
4167
4167
4167
4167
4167
4160
4160
4160
4160
4160
4160
4160
4160
4160
4160
4160
4160
4160
4160
4160
4160
4160
4160
4160
4160
4160
4160
4160
4160
4160
4150
4150
4150
4150
4150
4150
4150
4150
4150
4150
4150
4150
4150
4150
4150
4150
4150
4150
4150
4150
4150
4150
4150
4150
4150
4150
4150
4150
4150
4150
4150
4150
4150
4151
4151
4151
4151
4151
4151
4151
4151
4151
4151
4151
4151
4151
4151
4151
4151
4151
4151
4151
4151
4151
4151
4151
4151
4151
4151
4151
4151
4151
4151
4151
4151
4151
4151
4151
4151
4151
4151
4151
4151
4151
4151
4151
4151
4151
4151
4151
4151
4151
4151
4151
4151
4151
4151
4151
4151
4151
4151
4151
4151
4151
4151
4151
4151
4151
4151
4151
4151
4151
4151
4151
4151
4151
4151
4149
4149
4149
4149
4139
4139
4139
4139
4139
4139
4139
4139
4139
4139
4139
4139
4139
4139
4139
4139
4139
4139
4139
4139
4139
4139
4139
4139
4139
4139
4139
4139
4139
4139
4139
4139
4139
4139
4139
4139
4139
4139
4139
4139
4139
4139
4138
4138
4138
4138
4138
4138
4138
4138
4138
4138
4138
4138
4138
4138
4138
4138
4138
4138
4138
4138
4138
4138
4138
4138
4138
4138
4138
4138
4138
4138
4138
4138
4138
4138
4138
4138
4138
4138
4138
4138
4138
4138
4138
4138
4138
4138
4138
4138
4138
4138
4138
4138
4138
4138
4138
4138
4138
4138
4138
4138
4138
4138
4138
4138
4138
4138
4138
4138
4138
4138
4138
4138
4138
4138
4138
4138
4138
4138
4138
4138
4138
4138
4138
4138
4138
4138
4138
4138
4138
4138
4138
4138
4138
4138
4138
4138
4138
4138
4138
4138
4138
4138
4138
4138
4138
4138
4138
4138
4138
4138
4138
4138
4138
4138
4138
4138
4138
4138
4138
4138
4138
4138
4138
4138
4138
4138
4138
4138
4138
4138
4138
4135
4135
4135
4135
4135
4135
4135
4135
4135
4135
4135
4135
4135
4135
4135
4135
4135
4135
4135
4135
4135
4135
4135
4135
4135
4135
4135
4135
4135
4135
4135
4135
4135
4135
4135
4135
4135
4135
4135
4135
4135
4135
4135
4135
4135
4135
4135
4135
4135
4135
4135
4130
4130
4130
4130
4130
4130
4130
4130
4130
4130
4130
4130
4130
4130
4130
4130
4115
4115
4115
4115
4115
4115
4115
4115
4115
4115
4115
4115
4115
4113
4113
4117
4101
4101
4101
4101
4101
4101
4101
4107
4107
4107
4107
4107
4107
4107
4107
4107
4107
4107
4107
4107
4107
4107
4107
4107
4107
4107
4107
4107
4107
4107
4107
4107
4107
4107
4107
4104
4104
4104
4104
4104
4104
4104
4104
4104
4104
4104
4104
4104
4104
4104
4104
4104
4104
4104
4104
4104
4104
4104
4104
4104
4104
4104
4104
4104
4104
4104
4104
4104
4104
4104
4104
4104
4104
4104
4104
4104
4104
4104
4104
4104
4104
4104
4104
4104
4104
4104
4104
4104
4104
4104
4104
4104
4104
4104
4104
4104
4104
4104
4104
4104
4104
4103
4103
4103
4103
4103
4103
4103
4103
4103
4103
4103
4103
4103
4103
4103
4103
4103
4103
4103
4103
4103
4103
4103
4103
4103
4103
4103
4103
4103
4103
4103
4103
4103
4103
4090
4090
4090
4090
4090
4090
4090
4090
4090
4090
4090
4090
4090
4090
4090
4090
4090
4090
4090
4090
4090
4090
4090
4090
4090
4090
4090
4090
4090
4090
4090
4090
4090
4090
4090
4090
4090
4090
4090
4090
4090
4090
4090
4090
4090
4090
4090
4090
4090
4090
4090
4090
4090
4090
4090
4090
4090
4090
4090
4090
4090
4090
4090
4090
4090
4090
4090
4090
4090
4090
4090
4090
4090
4090
4090
4090
4090
4090
4090
4090
4090
4090
4090
4090
4090
4090
4090
4090
4090
4090
4090
4090
4090
4090
4090
4090
4090
4090
4090
4090
4091
4091
4091
4091
4091
4091
4091
4091
4091
4091
4091
4091
4091
4091
4091
4091
4091
4091
4091
4091
4091
4091
4091
4091
4091
4091
4091
4091
4091
4091
4091
4091
4091
4091
4091
4091
4091
4091
4091
4091
4091
4091
4091
4091
4091
4091
4091
4091
4091
4091
4091
4091
4091
4091
4091
4091
4091
4091
4091
4091
4091
4091
4091
4091
4091
4091
4091
4091
4091
4091
4091
4091
4091
4091
4091
4091
4091
4091
4091
4091
4091
4091
4091
4091
4091
4091
4091
4091
4091
4091
4091
4091
4091
4091
4091
4091
4091
4091
4091
4091
4091
4091
4091
4091
4091
4091
4091
4091
4091
4091
4091
4091
4091
4091
4091
4091
4091
4091
4091
4091
4091
4091
4091
4091
4091
4091
4091
4091
4091
4091
4091
4091
4091
4091
4091
4091
4091
4091
4091
4091
4091
4091
4091
4091
4091
4091
4091
4091
4091
4091
4091
4091
4091
4091
4091
4091
4091
4091
4091
4091
4091
4091
4091
4091
4091
4091
4091
4091
4091
4091
4091
4091
4091
4091
4091
4091
4091
4091
4091
4097
4097
4095
4095
4095
4095
4095
4095
4095
4095
4095
4095
4095
4095
4095
4095
4095
4095
4095
4095
4095
4095
4095
4095
4095
4095
4095
4095
4095
4095
4095
4095
4095
4095
4095
4095
4095
4095
4095
4095
4095
4095
4095
4095
4095
4095
4095
4095
4095
4095
4095
4095
4095
4095
4095
4095
4095
4095
4095
4095
4095
4095
4095
4095
4095
4095
4095
4095
4095
4095
4095
4095
4095
4095
4095
4095
4095
4095
4095
4095
4095
4095
4095
4095
4095
4095
4095
4095
4095
4095
4095
4095
4095
4095
4095
4095
4095
4095
4095
4095
4095
4095
4095
4095
4095
4095
4095
4095
4095
4095
4095
4095
4095
4095
4095
4095
4095
4095
4095
4095
4095
4095
4095
4095
4095
4095
4095
4095
4095
4095
4095
4095
4095
4095
4095
4095
4095
4095
4095
4095
4095
4091
4091
4091
4091
4091
4091
4091
4091
4091
4091
4091
4091
4091
4091
4091
4091
4091
4091
4091
4091
4091
4091
4090
4079
4079
4079
4079
4079
4079
4079
4079
4079
4079
4079
4079
4079
4079
4079
4079
4079
4079
4079
4079
4079
4079
4079
4079
4079
4079
4079
4079
4086
4086
4086
4086
4086
4086
4086
4086
4086
4086
4086
4086
4086
4086
4086
4086
4086
4086
4086
4096
4096
4096
4096
4091
4091
4091
4091
4091
4091
4091
4091
4091
4091
4091
4091
4091
4091
4091
4091
4091
4091
4091
4091
4091
4091
4091
4091
4091
4091
4091
4091
4091
4091
4091
4091
4091
4091
4091
4091
4091
4091
4091
4091
4091
4091
4091
4091
4091
4091
4091
4091
4091
4091
4091
4091
4091
4091
4091
4091
4091
4080
4080
4080
4080
4080
4080
4080
4080
4080
4080
4080
4080
4080
4080
4080
4080
4080
4080
4080
4080
4080
4080
4080
4080
4080
4080
4080
4080
4080
4080
4080
4080
4080
4080
4080
4080
4080
4080
4080
4074
4074
4074
4074
4074
4074
4074
4074
4074
4074
4074
4074
4074
4074
4074
4074
4074
4074
4074
4074
4074
4074
4074
4074
4074
4074
4074
4074
4074
4074
4074
4074
4074
4074
4074
4062
4062
4062
4062
4062
4062
4062
4062
4062
4062
4062
4062
4062
4062
4062
4062
4062
4062
4062
4062
4062
4062
4062
4062
4062
4062
4062
4062
4062
4062
4062
4062
4062
4062
4062
4062
4062
4062
4062
4062
4062
4062
4062
4062
4062
4062
4062
4062
4062
4062
4062
4062
4062
4062
4062
4062
4062
4062
4062
4062
4062
4062
4062
4062
4062
4062
4062
4062
4062
4062
4062
4062
4062
4062
4062
4062
4062
4062
4062
4062
4062
4062
4062
4062
4062
4062
4062
4062
4062
4062
4062
4062
4062
4062
4062
4062
4062
4062
4062
4062
4062
4062
4062
4062
4062
4062
4062
4062
4062
4062
4062
4062
4062
4048
4048
4048
4048
4048
4048
4048
4048
4048
4048
4048
4048
4048
4048
4048
4048
4048
4048
4048
4048
4048
4048
4048
4048
4048
4048
4048
4048
4048
4048
4048
4048
4048
4048
4048
4048
4048
4048
4048
4048
4048
4048
4048
4048
4048
4048
4048
4048
4048
4048
4048
4048
4048
4048
4048
4048
4048
4048
4048
4048
4048
4048
4048
4048
4048
4048
4048
4048
4048
4048
4048
4048
4048
4048
4048
4048
4048
4048
4048
4048
4048
4048
4048
4048
4048
4048
4048
4048
4048
4048
4048
4048
4048
4048
4048
4048
4048
4048
4048
4048
4048
4048
4048
4048
4048
4048
4048
4048
4048
4048
4048
4048
4048
4048
4048
4048
4048
4048
4048
4048
4048
4048
4048
4048
4048
4048
4048
4048
4048
4048
4048
4048
4048
4048
4048
4048
4048
4048
4048
4048
4048
4048
4048
4048
4048
4048
4048
4048
4048
4048
4048
4048
4048
4048
4048
4048
4048
4048
4048
4048
4048
4048
4048
4048
4049
4049
4049
4049
4049
4049
4049
4049
4049
4049
4049
4049
4049
4049
4049
4049
4049
4049
4049
4049
4049
4049
4049
4049
4049
4049
4049
4049
4049
4049
4049
4049
4049
4049
4049
4049
4049
4049
4049
4049
4049
4049
4049
4049
4049
4049
4049
4049
4049
4049
4049
4049
4049
4049
4049
4049
4049
4049
4049
4049
4049
4049
4049
4049
4049
4049
4049
4049
4049
4049
4049
4040
4040
4040
4040
4040
4040
4040
4040
4040
4040
4040
4040
4040
4040
4040
4040
4040
4040
4040
4040
4040
4040
4040
4040
4040
4040
4040
4040
4040
4040
4040
4040
4040
4040
4038
4038
4038
4038
4038
4038
4038
4038
4038
4038
4038
4038
4038
4038
4038
4038
4038
4038
4038
4038
4038
4038
4038
4038
4038
4038
4038
4038
4038
4038
4038
4038
4038
4038
4038
4038
4038
4038
4038
4038
4038
4038
4038
4038
4038
4038
4038
4038
4038
4038
4038
4038
4038
4038
4038
4038
4038
4038
4038
4038
4038
4038
4038
4038
4038
4038
4038
4038
4038
4038
4038
4038
4038
4038
4038
4038
4038
4038
4038
4038
4038
4038
4038
4038
4038
4038
4038
4038
4038
4038
4038
4038
4038
4038
4038
4038
4038
4038
4038
4038
4038
4038
4038
4038
4038
4038
4038
4038
4038
4038
4038
4038
4038
4038
4038
4038
4038
4038
4038
4038
4038
4038
4038
4038
4038
4038
4038
4038
4038
4038
4038
4038
4038
4038
4038
4038
4038
4038
4038
4038
4038
4038
4038
4038
4038
4038
4038
4038
4038
4038
4038
4038
4038
4038
4038
4038
4038
4038
4038
4038
4038
4038
4038
4038
4038
4038
4038
4038
4038
4038
4038
4038
4038
4038
4038
4038
4038
4038
4038
4038
4038
4038
4038
4038
4038
4038
4038
4038
4038
4038
4038
4038
4038
4038
4038
4038
4038
4038
4038
4038
4038
4038
4038
4038
4038
4038
4038
4038
4038
4038
4038
4038
4038
4038
4038
4038
4038
4038
4038
4038
4038
4038
4038
4038
4038
4038
4038
4038
4038
4038
4038
4038
4038
4038
4038
4038
4038
4038
4038
4038
4038
4038
4038
4038
4038
4038
4038
4038
4038
4038
4038
4038
4038
4038
4038
4038
4038
4038
4038
4038
4038
4038
4038
4038
4038
4038
4038
4038
4038
4038
4038
4038
4038
4038
4038
4038
4038
4038
4038
4038
4038
4038
4038
4038
4038
4038
4038
4038
4038
4038
4038
4038
4038
4038
4038
4038
4038
4038
4038
4038
4038
4038
4038
4038
4038
4038
4038
4038
4038
4038
4038
4038
4038
4038
4038
4036
4036
4036
4036
4036
4036
4036
4036
4036
4036
4036
4036
4036
4036
4036
4036
4036
4036
4036
4036
4036
4036
4036
4036
4036
4036
4036
4036
4036
4036
4036
4036
4036
4036
4036
4036
4036
4036
4036
4036
4036
4036
4036
4036
4036
4036
4036
4036
4036
4036
4036
4036
4036
4036
4036
4036
4036
4036
4036
4036
4036
4036
4036
4036
4036
4036
4036
4036
4036
4036
4036
4036
4036
4036
4036
4036
4036
4036
4036
4036
4036
4036
4036
4036
4036
4036
4036
4036
4036
4036
4036
4036
4036
4036
4036
4036
4036
4036
4036
4036
4036
4036
4036
4036
4036
4036
4036
4036
4036
4036
4036
4036
4036
4036
4036
4036
4036
4036
4036
4036
4036
4036
4036
4036
4036
4036
4036
4036
4036
4036
4036
4036
4036
4036
4036
4036
4036
4036
4036
4036
4036
4036
4036
4036
4036
4036
4036
4036
4036
4036
4036
4036
4036
4036
4036
4036
4036
4036
4036
4036
4036
4036
4036
4036
4036
4036
4036
4036
4036
4036
4036
4036
4036
4036
4036
4036
4036
4036
4036
4036
4036
4036
4036
4036
4036
4036
4036
4036
4036
4036
4036
4036
4036
4036
4036
4036
4036
4036
4036
4036
4036
4036
4036
4036
4036
4036
4036
4036
4036
4036
4036
4036
4036
4036
4036
4036
4036
4036
4036
4036
4036
4036
4036
4036
4036
4036
4036
4036
4036
4036
4036
4036
4036
4036
4036
4036
4036
4036
4036
4036
4036
4036
4036
4036
4036
4036
4036
4036
4036
4036
4036
4036
4036
4036
4036
4036
4036
4036
4036
4036
4036
4036
4036
4036
4036
4036
4036
4036
4036
4036
4036
4036
4036
4039
4039
4039
4039
4039
4039
4039
4039
4039
4039
4039
4039
4039
4039
4039
4039
4039
4039
4039
4039
4039
4039
4039
4039
4039
4039
4039
4039
4039
4039
4039
4039
4039
4039
4039
4039
4039
4039
4039
4039
4039
4039
4039
4039
4039
4039
4039
4039
4039
4039
4039
4039
4039
4039
4039
4039
4039
4039
4039
4039
4039
4039
4039
4039
4039
4039
4039
4039
4039
4039
4039
4039
4039
4039
4039
4039
4039
4039
4039
4039
4039
4039
4039
4039
4039
4039
4039
4039
4039
4039
4039
4039
4039
4039
4039
4039
4039
4039
4039
4039
4039
4039
4039
4039
4039
4039
4039
4039
4039
4039
4039
4039
4039
4039
4039
4039
4039
4039
4039
4039
4039
4039
4039
4039
4039
4039
4039
4039
4039
4039
4039
4039
4039
4039
4039
4039
4039
4039
4039
4039
4039
4039
4039
4039
4039
4039
4039
4039
4039
4039
4038
4038
4038
4037
4037
4037
4037
4037
4037
4037
4037
4037
4037
4037
4037
4037
4037
4037
4037
4037
4037
4037
4037
4037
4037
4037
4037
4037
4037
4037
4037
4037
4037
4037
4037
4037
4037
4037
4037
4037
4037
4037
4037
4037
4037
4037
4037
4037
4037
4037
4037
4037
4037
4037
4037
4037
4037
4037
4037
4037
4037
4037
4037
4037
4037
4037
4037
4037
4037
4037
4037
4037
4037
4037
4037
4037
4037
4037
4037
4037
4037
4037
4037
4037
4037
4037
4037
4037
4034
4034
4034
4034
4034
4034
4034
4034
4034
4034
4034
4034
4034
4034
4034
4034
4034
4034
4034
4034
4034
4034
4034
4034
4034
4034
4034
4034
4034
4034
4034
4034
4034
4034
4034
4034
4034
4034
4034
4034
4034
4034
4034
4034
4034
4034
4034
4034
4034
4034
4034
4034
4034
4034
4035
4035
4035
4035
4035
