3102
3072
3057
3057
3044
3011
3017
3017
3064
3064
3029
3029
3029
3082
3082
3104
3062
3062
3106
3135
3121
3110
3137
3104
3104
3215
3144
3144
3104
3068
3068
3068
3068
3020
2954
2954
2981
2959
2959
3030
3030
3060
3015
3015
3015
3015
3008
3008
3008
2983
2983
2983
3021
3018
3015
3187
3187
3321
3321
3225
3202
3161
3099
3236
3243
3182
3182
3182
3230
3204
3159
3137
3137
3118
3118
3120
3120
3189
3200
3258
3258
3258
3221
3235
3124
3143
3226
3324
3284
3284
3284
3284
3284
3284
3284
3305
3353
3353
3224
3257
3298
3363
3388
3388
3385
3385
3306
3273
3238
3139
3147
3158
3126
3137
3152
3152
3163
3080
3098
3056
3080
3133
3075
3122
3146
3135
3162
3149
3149
3149
3113
3194
3169
3169
3169
3269
3303
3305
3295
3239
3159
3159
3180
3180
3174
3145
3113
3113
3113
3113
3113
3113
3230
3230
3230
3230
3230
3217
3217
3217
3161
3159
3172
3233
3144
3144
3144
3128
3041
3129
3208
3208
3131
3131
3163
3231
3231
3231
3284
3284
3284
3310
3253
3253
3253
3253
3269
3269
3345
3345
3386
3363
3363
3322
3322
3341
3341
3356
3376
3341
3336
3429
3429
3352
3350
3294
3250
3250
3190
3219
3233
3259
3272
3272
3272
3238
3238
3169
3169
3169
3115
3231
3231
3261
3261
3183
3229
3229
3186
3274
3255
3246
3249
3249
3164
3125
3137
3184
3184
3182
3182
3182
3111
3105
3105
3014
3025
3072
3072
2998
3112
3164
3108
3154
3151
3195
3216
3206
3206
3173
3123
3123
3123
3147
3147
3147
3147
3147
3147
3160
3153
3153
3153
3153
3153
3073
3073
3128
3128
3128
3165
3131
3128
3136
3080
3080
3057
3016
3074
3055
3142
3147
3172
3206
3207
3207
3207
3266
3266
3266
3266
3247
3301
3286
3286
3319
3363
3315
3324
3297
3330
3277
3337
3286
3284
3349
3440
3379
3354
3263
3279
3269
3250
3250
3255
3219
3269
3238
3150
3151
3151
3151
3168
3175
3171
3171
3170
3149
3133
3170
3170
3187
3131
3249
3233
3274
3125
3125
3062
3062
3062
3086
3109
3037
3037
3037
3097
3185
3185
3185
3185
3213
3280
3296
3180
3180
3230
3192
3322
3407
3390
3318
3318
3261
3329
3370
3454
3429
3315
3315
3415
3415
3360
3396
3344
3329
3329
3329
3342
3297
3355
3359
3359
3394
3408
3395
3348
3292
3247
3228
3216
3242
3234
3249
3263
3358
3358
3380
3393
3402
3413
3413
3413
3502
3417
3417
3351
3302
3292
3239
3239
3239
3293
3293
3293
3436
3406
3406
3368
3385
3413
3367
3367
3367
3367
3350
3350
3334
3418
3438
3451
3451
3451
3412
3373
3352
3355
3415
3447
3447
3447
3447
3448
3448
3411
3285
3285
3272
3230
3230
3258
3164
3164
3248
3248
3330
3335
3363
3357
3400
3429
3518
3482
3505
3505
3459
3447
3477
3487
3456
3459
3473
3473
3415
3449
3436
3519
3515
3431
3377
3377
3325
3325
3325
3312
3313
3317
3254
3227
3227
3197
3197
3197
3092
3031
3064
3071
3038
3038
3038
3038
3038
3066
3066
3066
3061
3189
3164
3169
3169
3129
3058
3058
3058
3105
3105
3105
3067
3039
3039
3138
3221
3293
3394
3413
3413
3279
3322
3322
3322
3322
3322
3249
3249
3249
3275
3266
3354
3364
3364
3400
3387
3354
3360
3357
3366
3409
3325
3368
3368
3368
3306
3308
3308
3373
3500
3485
3442
3442
3442
3421
3421
3421
3313
3313
3313
3263
3263
3263
3263
3295
3242
3289
3225
3200
3200
3200
3200
3155
3176
3193
3210
3220
3077
3087
3056
3056
3056
3056
3092
3092
3214
3260
3260
3260
3259
3263
3263
3263
3186
3182
3106
3106
3068
3116
3048
3048
3073
3047
2987
2987
2987
2987
3090
3184
3189
3159
3159
3159
3204
3249
3194
3253
3254
3278
3339
3339
3341
3438
3438
3438
3334
3287
3161
3161
3174
3174
3299
3239
3224
3338
3202
3202
3202
3202
3202
3150
3150
3150
3124
3107
3129
3114
3104
3240
3294
3294
3294
3260
3220
3220
3220
3220
3239
3223
3223
3223
3290
3236
3301
3293
3293
3308
3308
3318
3302
3230
3267
3313
3352
3286
3262
3262
3268
3214
3197
3197
3188
3188
3234
3184
3184
3184
3184
3091
2990
2990
2990
2999
2999
2960
2960
3050
3097
3097
3127
3197
3198
3186
3093
3113
3044
3112
3097
3107
3162
3204
3286
3132
3132
3225
3188
3160
3160
3147
3147
3145
3145
3148
3148
3075
3075
3043
3043
3002
3016
3083
3029
3134
3125
3125
3037
3037
3056
3074
3048
3045
3045
3081
3100
3100
3100
3140
3045
3045
3076
3054
3152
3152
3068
3068
3064
3064
3054
3062
2990
3045
3105
3108
3054
3083
3083
3053
3057
3092
3088
3156
3156
3156
3142
3115
3115
3152
3152
3123
3117
3050
3050
3099
3099
3142
3142
3094
3094
3094
3092
3092
3069
3069
3069
3069
2997
2997
2997
2997
2976
2983
3039
3048
3087
3197
3160
3197
3197
3197
3209
3192
3214
3257
3257
3354
3354
3333
3261
3225
3225
3250
3250
3233
3167
3223
3217
3218
3221
3240
3240
3240
3173
3191
3176
3176
3237
3348
3237
3237
3237
3282
3282
3177
3224
3179
3138
3138
3229
3227
3227
3173
3177
3161
3161
3077
3077
3043
3030
3072
3014
3013
2980
2980
2980
2980
3084
3084
3067
2998
2920
3005
3005
3005
2955
2950
2950
2950
2943
2955
3012
3078
3078
3204
3159
3159
3105
3105
3011
3011
3032
3118
3118
3134
3134
3134
3134
3134
3115
3114
3069
3069
3014
3000
3000
3041
3026
3015
3015
2979
3004
2977
2977
2940
2899
2915
2898
2910
2939
2961
2903
2903
2903
3019
3019
3019
3044
3107
3107
3107
3107
3107
3142
3132
3123
3147
3097
3112
3107
3085
3113
3096
3138
3137
3135
3118
3204
3204
3217
3268
3268
3199
3196
3266
3283
3356
3356
3306
3306
3306
3242
3242
3245
3238
3287
3287
3315
3343
3333
3247
3294
3294
3314
3314
3299
3299
3299
3299
3299
3299
3306
3306
3324
3308
3298
3241
3241
3241
3275
3275
3204
3114
3083
3140
3131
3139
3042
2967
3007
2917
2924
2924
2924
2956
2966
2956
2956
2912
2926
2893
2972
2972
2972
2972
2972
3107
3116
3139
3081
3203
3141
3089
3062
3062
3062
3038
3099
3099
3099
3099
3174
3174
3174
3174
3174
3174
3158
3158
3158
3074
3074
3136
3128
3128
3128
3128
3149
3039
3007
3007
3000
3000
3029
3039
3039
3039
3039
3084
3084
3084
3054
3086
3042
3066
3067
3179
3165
3156
3156
3134
3124
3124
3104
3127
3142
3142
3142
3152
3224
3099
3061
3057
3069
3080
3089
3019
3055
3029
3070
3059
3059
3059
3059
3060
3040
3076
3069
3112
3112
3183
3183
3183
3183
3259
3277
3277
3287
3287
3179
3180
3227
3140
3140
3136
3139
3111
3111
3111
3226
3248
3213
3213
3213
3195
3283
3266
3266
3205
3205
3249
3196
3196
3268
3268
3268
3265
3265
3319
3426
3426
3426
3369
3369
3369
3369
3369
3311
3372
3446
3446
3449
3403
3299
3299
3214
3299
3299
3299
3299
3299
3299
3299
3228
3228
3262
3326
3418
3431
3431
3431
3431
3383
3383
3383
3383
3383
3354
3315
3315
3388
3344
3344
3395
3397
3404
3459
3487
3487
3402
3453
3334
3414
3319
3319
3304
3310
3310
3347
3284
3284
3224
3212
3173
3281
3281
3251
3217
3217
3174
3174
3174
3182
3270
3252
3252
3252
3252
3146
3007
3019
3051
3077
3033
3031
3031
3075
3075
3005
3005
3005
3005
3005
3005
3005
3023
3062
3062
3002
3063
3120
3117
3213
3302
3269
3269
3188
3182
3182
3150
3200
3292
3267
3174
3178
3226
3257
3257
3151
3057
3057
3057
3052
3046
3034
3034
3034
3054
3152
3152
3148
3148
3189
3154
3137
3115
3193
3174
3204
3233
3250
3279
3279
3317
3381
3339
3339
3273
3176
3226
3283
3300
3195
3195
3195
3195
3179
3179
3158
3158
3097
3047
3047
3038
3124
3122
3122
3122
3156
3121
3106
3035
3047
3043
3044
3048
2985
2985
3003
3029
3113
3136
3152
3229
3229
3203
3197
3197
3191
3259
3243
3243
3170
3170
3186
3161
3127
3099
3090
3090
3122
3122
3124
3123
3129
3109
3107
3107
3132
3131
3131
3195
3110
3110
3110
3148
3145
3191
3164
3137
3194
3181
3167
3167
3167
3137
3220
3224
3224
3224
3224
3287
3178
3189
3189
3128
3136
3136
3132
3186
3225
3291
3324
3385
3385
3385
3399
3399
3397
3322
3346
3346
3370
3305
3300
3300
3246
3246
3310
3347
3273
3215
3258
3249
3200
3220
3281
3281
3201
3222
3232
3250
3143
3327
3327
3355
3430
3430
3360
3360
3389
3384
3384
3358
3317
3228
3103
3166
3199
3140
3184
3204
3303
3335
3313
3397
3412
3346
3358
3358
3332
3233
3232
3164
3159
3201
3239
3239
3145
3145
3145
3130
3148
3201
3201
3148
3148
3194
3143
3130
3137
3137
3137
3125
3125
3125
3036
3036
3129
3129
3129
3129
3129
3094
3010
3010
3017
3017
3077
3077
3077
3157
3191
3127
3063
3063
3091
3116
3137
3192
3196
3196
3216
3337
3348
3348
3323
3268
3350
3314
3319
3304
3273
3273
3273
3273
3273
3241
3271
3241
3241
3279
3272
3241
3177
3076
3148
3092
3092
3133
3133
3133
3133
3121
3205
3135
3088
3083
3045
3029
3029
2988
2988
2918
2918
2931
2962
2962
3024
2949
2949
2917
2918
2917
2924
2876
2877
2876
2876
3004
3010
2974
2974
2996
3027
3057
3057
3074
3074
3110
3110
3129
3160
3160
3173
3284
3259
3348
3348
3371
3371
3371
3305
3238
3238
3238
3238
3238
3249
3228
3087
3084
3093
3135
3131
3084
3077
3077
3091
3091
3088
3088
3088
3088
3088
3088
3120
3111
3058
3037
3043
3091
3085
3097
3193
3042
3096
3024
3094
3090
3091
3164
3083
3083
3083
3055
3079
3024
2961
2953
3016
3003
3000
3061
3085
3085
3085
3100
3174
3174
3174
3174
3174
3153
3153
3052
3052
3052
3052
3052
2976
3004
3012
3012
3093
3093
3092
3092
3119
3165
3165
3086
3087
3135
3120
3180
3261
3215
3207
3207
3140
3191
3141
3141
3097
3092
3092
3092
3120
3170
3170
3212
3212
3212
3188
3228
3132
3117
3084
3093
3076
3046
3046
3093
3091
3091
3070
3070
3096
3100
3139
3139
3139
3076
3055
3055
3055
3001
2986
2986
3029
3029
3031
3041
3001
3042
3177
3097
3097
3214
3217
3254
3254
3199
3193
3052
3136
3158
3158
3158
3015
3039
3101
3101
3130
3140
3140
3140
3145
3165
3191
3191
3282
3224
3224
3224
3224
3224
3224
3224
3224
3224
3273
3273
3199
3271
3271
3184
3229
3229
3229
3256
3296
3296
3298
3213
3213
3191
3234
3315
3315
3296
3296
3288
3235
3235
3246
3246
3256
3256
3147
3221
3147
3160
3175
3187
3177
3197
3197
3127
3225
3225
3295
3295
3290
3298
3308
3308
3233
3233
3257
3316
3316
3208
3217
3208
3208
3195
3170
3046
3070
3099
3099
3121
3121
3086
3057
3057
3067
3065
3106
3096
3062
3078
3012
3004
3047
3047
3069
3027
3026
3077
3173
3173
3173
3173
3173
3091
3088
3088
3088
3072
3131
3153
3174
3283
3283
3313
3313
3281
3260
3209
3209
3362
3385
3336
3336
3313
3239
3290
3322
3170
3185
3210
3238
3238
3256
3163
3260
3246
3207
3281
3298
3300
3375
3375
3349
3323
3323
3264
3264
3310
3310
3302
3302
3365
3331
3186
3182
3182
3137
3137
3134
3134
3134
3112
3139
3109
3074
3124
3233
3210
3199
3211
3147
3163
3194
3270
3262
3262
3246
3239
3239
3237
3172
3198
3169
3248
3174
3174
3202
3216
3186
3201
3224
3224
3281
3281
3282
3273
3226
3133
3144
3099
3076
3036
3036
3075
3075
3145
3145
3142
3142
3077
3008
2982
2982
3059
3071
3056
3056
3058
3058
3103
3133
3238
3238
3291
3289
3297
3297
3286
3286
3297
3297
3297
3297
3297
3305
3265
3272
3189
3166
3166
3204
3138
3208
3274
3274
3218
3358
3304
3304
3389
3433
3380
3380
3329
3329
3329
3329
3410
3410
3293
3354
3347
3347
3347
3353
3353
3353
3353
3353
3353
3336
3314
3314
3151
3151
3171
3171
3171
3171
3131
3162
3162
3162
3082
3005
3026
2982
3034
3036
3036
3111
3054
3054
3054
2995
3086
3086
2979
2981
2979
2959
3001
3046
3072
3056
2998
3015
3068
3091
3091
3026
2977
3131
3216
3248
3145
3145
3110
3077
3112
3120
3068
3155
3152
3152
3106
3106
3171
3174
3179
3179
3162
3162
3127
3127
3127
3124
3124
3124
3109
3109
3109
3152
3153
3101
3130
3130
3197
3200
3255
3197
3139
3066
3088
3088
3133
3133
3204
3088
3119
3108
3108
3108
3108
3175
3169
3169
3169
3169
3169
3178
3203
3253
3317
3185
3184
3144
3144
3080
3098
3160
3160
3160
3160
3160
3160
3159
3159
3159
3159
3192
3155
3216
3298
3298
3298
3298
3274
3274
3274
3274
3274
3274
3274
3187
3187
3187
3187
3187
3187
3187
3187
3207
3230
3230
3230
3230
3230
3230
3230
3180
3178
3151
3145
3145
3143
3143
3143
3145
3143
3143
3143
3153
3143
3114
3074
3074
3193
3232
3232
3179
3169
3169
3145
3093
3093
3093
3093
3093
3093
3078
3078
3078
3094
3087
3087
3020
3020
2999
3058
3058
3033
2993
3055
2994
2946
2983
3007
2957
2954
2946
2992
3016
3008
3022
3110
3110
3159
3159
3227
3202
3202
3142
3174
3144
3139
3139
3139
3139
3139
3227
3232
3232
3232
3180
3168
3168
3168
3168
3168
3168
3168
3140
3140
3140
3222
3222
3222
3222
3184
3176
3176
3176
3155
3155
3246
3295
3273
3195
3143
3138
3178
3178
3178
3258
3208
3208
3149
3149
3126
3120
3059
3074
3074
3074
3041
3041
3056
3054
3054
3054
3078
3078
3142
3097
3061
3003
2988
2963
2976
3002
3067
3005
3006
2993
2993
2993
3077
3165
3216
3216
3130
3028
2970
3015
3015
3015
3085
3111
3111
3144
3142
3071
3110
3114
3110
3151
3188
3257
3257
3236
3236
3213
3213
3213
3243
3193
3081
3126
3126
3117
3117
3117
3041
3082
3082
3142
3142
3169
3152
3049
3062
3049
3079
3137
3076
2994
3087
3101
3142
3142
3142
3110
3092
3092
3080
3073
3067
3162
3162
3162
3076
3076
3111
3111
3111
3081
3208
3275
3275
3275
3275
3184
3184
3184
3184
3184
3219
3235
3235
3150
3150
3189
3272
3247
3203
3195
3195
3187
3370
3352
3249
3323
3323
3272
3272
3272
3221
3215
3215
3258
3335
3335
3335
3364
3364
3322
3319
3319
3319
3317
3317
3317
3304
3312
3312
3225
3238
3149
3093
3088
3095
3065
3081
3224
3224
3224
3224
3194
3194
3119
3092
3092
3131
3131
3155
3155
3081
3081
3116
3143
3039
3039
3073
3019
3025
3023
3033
3033
3033
3084
3074
3074
3074
3133
3104
3091
3091
3091
3091
2986
2998
3052
3052
2999
3052
3052
3035
2973
3007
3034
3034
2979
2926
2957
2956
2956
2986
3068
3139
3225
3182
3126
3190
3190
3139
3148
3160
3160
3164
3164
3165
3138
3138
3091
3128
3128
3100
3106
3156
3160
3168
3210
3210
3210
3224
3208
3287
3411
3396
3396
3388
3388
3382
3382
3382
3274
3274
3284
3284
3306
3315
3315
3308
3330
3429
3388
3340
3349
3349
3405
3429
3447
3447
3453
3453
3453
3419
3419
3419
3368
3368
3325
3295
3295
3291
3291
3242
3298
3298
3298
3298
3206
3206
3206
3238
3308
3308
3294
3242
3242
3144
3144
3076
3094
3114
3143
3143
3160
3175
3118
3063
3007
3007
3038
3000
3008
3036
3084
3036
3100
3078
3137
3127
3036
3203
3152
3179
3198
3220
3220
3220
3220
3220
3270
3119
3119
3119
3119
3119
3119
3119
3119
3036
3036
3114
3114
3114
3114
3114
3160
3136
3151
3151
3151
3151
3151
3151
3094
3094
3094
3094
3090
3090
3090
3054
3054
3054
3022
3022
3071
3071
3071
3091
3091
3122
3114
3114
3168
3117
3145
3145
3174
3184
3184
3184
3132
3149
3149
3135
3135
3120
3120
3120
3115
3115
3115
3120
3120
3120
3086
3214
3214
3241
3225
3198
3198
3198
3240
3240
3256
3256
3256
3198
3194
3133
3133
3093
3130
3197
3197
3186
3186
3178
3231
3244
3262
3262
3187
3122
3122
3153
3153
3153
3153
3153
3181
3211
3211
3102
3131
3121
3140
3134
3135
3158
3229
3229
3213
3218
3234
3250
3284
3301
3347
3368
3336
3337
3342
3333
3283
3336
3300
3317
3317
3317
3331
3318
3215
3215
3215
3215
3215
3143
3143
3143
3061
3061
3076
3076
3070
3174
3207
3207
3207
3135
3139
3139
3239
3190
3187
3175
3175
3240
3139
3133
3167
3167
3242
3237
3129
3130
3139
3104
3077
3078
3154
3178
3172
3172
3220
3220
3280
3280
3280
3261
3242
3242
3280
3188
3188
3188
3069
3069
3069
3069
3049
3018
3044
3044
3044
3083
3058
3058
3036
3036
3036
2960
2960
2960
2960
2976
2976
2976
3013
3064
3061
3096
3029
3029
3029
3029
3029
3029
3022
3022
3058
3023
3023
2999
3102
3102
3107
3107
3107
3164
3154
3169
3169
3138
3116
3116
3033
3000
3000
3049
3048
3045
3046
3031
3063
2979
3160
3105
3105
3103
3110
3048
2989
3018
3036
2982
3063
3063
3063
3063
3063
3112
3097
3008
2951
2951
2931
2931
2935
2909
2909
2960
3010
3010
2944
3028
3119
3134
3113
3185
3185
3185
3185
3161
3113
3081
3081
3081
3176
3134
3139
3146
3100
3113
3113
3113
3234
3309
3310
3269
3269
3232
3142
3120
3113
3113
3113
3113
3157
3156
3156
3251
3251
3297
3179
3225
3225
3229
3240
3202
3246
3246
3200
3194
3194
3194
3175
3208
3208
3144
3209
3180
3176
3085
3085
3160
3097
3097
3067
3158
3158
3158
3188
3193
3193
3181
3210
3194
3178
3178
3087
3130
3148
3058
3070
3101
3171
3167
3167
3167
3158
3096
3121
3114
3151
3158
3122
3122
3125
3090
3090
3203
3203
3203
3203
3203
3143
3141
3161
3161
3204
3204
3145
3145
3145
3208
3208
3213
3122
3143
3190
3132
3145
3135
3135
3129
3176
3176
3170
3139
3139
3139
3139
3139
3139
3139
3139
3139
3139
3139
3139
3139
3139
3154
3154
3148
3159
3159
3096
3165
3254
3254
3254
3254
3262
3256
3256
3256
3290
3290
3220
3268
3229
3229
3229
3229
3193
3126
3111
3161
3161
3224
3163
3151
3222
3222
3222
3241
3241
3241
3241
3143
3143
3143
3143
3143
3157
3192
3192
3227
3218
3178
3209
3209
3164
3174
3224
3224
3224
3272
3272
3272
3333
3236
3236
3247
3247
3238
3202
3253
3156
3156
3156
3205
3178
3104
3104
3104
3067
3054
3063
3068
3056
2935
2935
3043
2960
2960
2986
2986
2986
2986
2986
2995
2996
2996
2996
3009
3009
3056
3056
2976
2975
2983
2983
2983
2997
2997
3040
3069
3069
3069
3084
3092
3092
3092
3092
3162
3213
3130
3159
3159
3159
3159
3159
3166
3166
3129
3110
3116
3104
3104
3191
3194
3150
3150
3218
3199
3122
3129
3093
3099
3099
3035
3029
3029
2975
2975
2975
2966
2974
2942
2942
3001
2916
2884
2884
2884
2902
2902
2926
2926
2927
2968
2954
2954
2954
2924
2924
2941
2984
2972
2972
2972
2972
2972
2972
2972
2972
2972
2936
2974
2993
2952
2952
2952
2952
2891
2933
2919
2919
2934
2957
2957
2957
2957
2993
2999
3001
3001
2972
2981
2981
3010
3010
3024
3026
3026
3026
3006
3006
3064
3064
3058
3041
3061
3151
3151
3151
3017
3029
3045
3048
3091
3055
3055
3055
3059
3059
3033
3137
3147
3137
3158
3129
3102
3126
3079
3079
3145
3162
3063
3035
3035
3035
3035
3035
3054
3047
3040
3040
3040
3040
3039
3037
3021
3021
3018
3018
3018
3031
2990
2990
2990
3008
3022
3035
3021
2982
3023
3042
3063
3029
3092
3058
3058
3138
3138
3177
3177
3155
3149
3149
3149
3072
3072
3015
3015
3015
3011
3011
2975
3024
3018
3005
3043
3043
3043
3043
3043
3043
3043
3007
3007
3007
3007
3003
2933
2933
2933
2952
2952
2952
2964
3008
3008
3008
2943
2943
2943
2943
2943
2943
2924
2924
2924
2924
2950
2950
2953
2972
2972
3052
2970
2970
2970
2905
2964
2964
2979
2979
2979
2973
2973
3049
2964
2954
2954
2954
2954
2958
2958
2949
2975
3002
3017
3032
3090
3090
3090
3108
3108
2995
2994
2994
2996
2926
2926
2937
2937
2937
2928
2853
2853
2853
2906
2906
2936
2957
2964
2957
2949
2949
2949
2949
2949
2949
2949
2949
3009
3009
3009
2920
2902
2902
3056
3056
3056
3119
3119
3119
3119
3119
3069
3041
3052
3009
3009
2940
2967
2957
2967
2967
2996
2979
2979
2857
2862
2869
2855
2855
2929
2929
2914
2908
2885
2881
2881
2881
2881
2904
2892
2885
2885
2885
2885
2875
2875
2879
2879
2881
2881
2943
2921
2883
2883
2883
2883
2883
2963
2970
2970
2968
3040
3040
3025
3036
3036
3036
3036
3006
3006
3006
2948
2948
2942
2883
2916
2942
2909
2884
2884
2884
2811
2879
2879
2879
2853
2853
2853
2826
2826
2850
2850
2850
2850
2850
2895
2895
2895
2905
2929
2929
2929
2929
2972
2946
3075
3075
3075
3151
3151
3203
3203
3148
3158
3146
3152
3182
3143
3200
3233
3233
3215
3206
3161
3177
3252
3220
3148
3148
3148
3148
3148
3148
3143
3070
2997
2976
2944
2991
2991
2991
3040
3040
3105
3078
3053
3026
3026
3067
3067
3064
3064
3016
3135
3135
3116
3116
3116
3116
3116
3114
2962
2962
2962
2962
2962
2899
2868
2868
2941
2928
2928
2946
2917
2920
2920
2920
2920
2920
2920
2920
2920
2920
2920
2946
2946
2950
3009
2962
2962
2962
2962
2962
2962
2962
2957
2957
2967
3004
3004
3004
2956
2963
2963
2956
2956
2956
2977
3047
3095
3095
3095
3095
3095
3107
3171
3201
3170
3186
3127
3115
3078
3078
3050
3037
3037
3103
3141
3170
3172
3191
3120
3192
3179
3171
3118
3118
3230
3282
3229
3127
3127
3077
2973
2973
2973
2973
2905
2905
2994
3077
3033
3033
3033
3055
3096
3096
3096
3070
3070
3074
3084
3084
3084
3084
3154
3182
3263
3171
3145
3102
3029
3040
3027
2970
3000
3136
3136
3136
3136
3096
3129
3129
3129
3129
3207
3265
3256
3211
3211
3211
3270
3270
3270
3266
3218
3218
3193
3209
3226
3226
3226
3288
3288
3288
3288
3288
3288
3288
3307
3282
3200
3200
3191
3191
3199
3199
3136
3108
3131
3131
3117
3121
3121
3135
3135
3135
3144
3144
3085
3119
3157
3158
3158
3140
3140
3140
3140
3148
3141
3141
3141
3157
3157
3146
3107
3114
3123
3139
3117
3117
3097
3052
3052
3052
3052
3052
3052
3069
3069
3053
3053
3053
3101
3101
3113
3126
3110
3110
3111
3111
3134
3134
3121
3121
3143
3117
3108
3108
3108
3040
3040
3024
3024
3024
3043
3043
3044
3044
3044
2992
2964
2999
3000
2999
2999
2999
2875
2875
2894
2894
2906
2906
2906
2968
2968
2911
2995
2995
2911
2871
2871
2871
2890
2871
2878
2871
2884
2871
2871
2871
2858
2878
2878
2878
2866
2866
2885
2905
2909
2909
2909
2924
2924
2924
2943
2967
2967
2967
2967
2967
2967
2967
2967
2967
3030
3030
3030
3030
2917
2917
2917
2917
2917
2951
2951
2951
2946
2917
2917
2917
2917
2946
2946
2946
2946
2946
2946
2943
2943
2943
2943
3000
3000
3009
3040
3056
3036
2972
2969
2979
2979
2970
2957
3028
3034
3022
3080
3080
3080
3090
3103
3088
3123
3123
3132
3158
3158
3158
3113
3144
3112
3112
3112
3139
3169
3169
3200
3200
3195
3153
3153
3197
3092
3063
3110
3110
3110
3110
3110
3127
3124
3123
3110
3144
3125
3140
3153
3153
3153
3151
3136
3106
3125
3044
3044
3044
3044
3103
3132
3136
3136
3083
3143
3143
3143
3132
3132
3203
3199
3124
3124
3124
3124
3124
3124
3107
3116
3096
3096
3078
3103
3103
3103
3105
3078
3078
3078
3076
3076
3076
3050
3050
3050
3050
3068
2937
2991
2991
3017
3059
3056
3056
3039
3062
3042
3042
3042
3032
3071
3071
3071
3050
3050
3050
3064
3131
3079
3083
3083
3083
3087
3122
3122
3073
3105
3105
3052
2991
2985
2985
2985
2985
2985
2983
2984
2984
2984
2984
3003
2984
2984
2966
2966
2985
2985
2966
2966
2966
2966
2953
2982
2960
2960
2988
3006
2934
2934
2934
2942
2916
2918
2964
2964
2955
2955
2955
2981
2981
2968
2927
2926
2881
2913
2913
2913
2954
2954
2954
2954
2954
2959
2954
2954
2954
2907
2907
2907
2907
2907
2942
2942
2999
2973
2943
2943
2993
3011
3011
2993
2993
2992
2992
2992
2992
2992
3026
3026
3026
3026
3026
3048
3065
3065
3035
3035
3026
3082
3077
3077
3078
3078
3140
3138
3126
3206
3079
3155
3129
3013
3013
2985
2985
2985
2985
2986
2986
2986
2945
3013
3013
2988
2963
2963
2968
2939
2939
2916
2916
2916
2916
2916
2929
2917
2917
2917
2934
2940
2926
2926
2926
2942
2926
2926
2926
2926
2868
2868
2868
2868
2868
2935
2942
2897
2897
2897
2897
2891
2908
2908
2908
2877
2877
2877
2877
2877
2877
2938
2938
2902
2912
3026
3026
3026
3054
3054
3054
3054
3054
3060
3060
3050
3085
3083
3132
3132
3129
3105
3105
3105
3105
3084
3084
3084
3085
3085
2929
2951
2951
2951
2914
2909
2886
2886
2886
2879
2879
2877
2877
2877
2877
2877
2935
2935
2935
2935
2935
2935
2935
2935
2935
2935
2935
2973
2986
2986
2973
2989
2967
3020
3032
3054
3057
3079
3079
3082
3082
3119
3004
3005
2994
3113
3113
3114
3114
3118
2990
2990
2998
2998
2998
2998
2978
2978
2978
2978
2949
2937
2928
2928
2928
2928
2928
2899
2908
2908
2908
2908
2908
2908
2908
2908
2908
2908
2926
2958
2958
2958
2958
2958
2925
2925
2925
2975
2944
2934
2934
2934
2937
2912
2912
2912
2917
2909
2909
2909
2909
2909
2939
2939
2966
2966
2966
2966
2966
2966
2966
3006
3006
3027
3027
3006
3006
3006
3006
3021
3006
3006
3006
3006
3006
3006
3032
3032
3032
3032
3027
3027
3027
3027
3027
3027
3045
3108
3071
3065
2980
2980
2980
2996
2996
2996
2980
2980
2980
2980
2980
2980
2980
2980
2980
2980
3009
3009
3009
3009
3009
3039
3005
3008
3059
3059
3059
3009
3009
3009
3026
3012
3012
3012
2936
2936
2891
2893
2893
2928
2999
2999
2999
2999
3025
2980
2980
2980
2949
2949
2949
2971
2971
2971
2971
2997
2975
2989
2989
2940
2955
2889
2889
2889
2904
2863
2871
2871
2871
2877
2878
2846
2846
2852
2852
2944
2944
2944
2944
2899
2899
2880
2865
2885
2885
2865
2865
2859
2855
2852
2983
2944
2944
2944
2944
2944
2944
2944
2914
2914
2900
2900
2888
2888
2888
2888
2898
2898
2898
2892
2892
2892
2894
2897
2897
2915
2922
2978
2978
2978
3042
2959
2959
2959
2940
2940
2947
2947
2943
2943
2934
2950
2925
2925
2933
2933
2933
2924
2884
2926
2901
2887
2887
2891
2886
2886
2886
2886
2886
2886
2923
2923
2923
2942
2942
2942
2942
2911
2911
2911
2906
2906
2983
2976
2976
2976
2976
2976
2948
2919
2920
2920
2940
2977
2969
2969
2975
2975
2975
2910
2910
2910
2948
2948
2948
2950
2950
2950
2950
2915
2861
2861
2903
2903
2870
2870
2870
2870
2870
2870
2870
2861
2861
2861
2861
2861
2861
2861
2861
2862
2879
2937
2952
2914
2914
2955
3015
3015
3015
3027
3027
2993
2993
2922
2922
2917
2867
2867
2862
2862
2862
2868
2867
2867
2862
2862
2862
2883
2863
2863
2863
2863
2863
2863
2863
2863
2863
2863
2863
2863
2863
2863
2863
2863
2863
2863
2863
2863
2863
2864
2864
2881
2895
2923
2923
2920
2977
2977
2977
2975
2939
2966
3004
3015
2975
2989
2975
2975
2938
2938
2938
2937
2937
2938
2938
2946
2978
2990
2990
2990
2990
2985
2983
2983
2979
2979
2968
2968
2968
2968
3019
3019
3019
3019
3019
3018
3018
3018
3018
3018
3018
3018
3018
3022
3006
3006
3006
3053
3053
3053
3053
3053
3053
3053
3053
3053
3053
3053
3053
3054
3054
3054
3054
3054
3054
3054
3054
3054
3054
3054
3054
3054
3054
3054
3054
3059
3054
3054
3054
3001
3001
3044
3044
3044
2988
2974
2999
2999
2999
2999
2999
2999
2999
2999
2999
2999
2999
2999
2994
3002
3002
2974
2974
2974
2974
2974
2974
2993
2974
2962
2962
3016
3016
3016
3016
2982
2982
2982
2983
3020
3020
3020
3020
3063
3063
3112
3111
3111
3111
3163
3163
3163
3163
3163
3163
3168
3146
3146
3092
3092
3092
3089
3089
3089
3098
3098
3098
3110
3110
3135
3135
3135
3135
3135
3089
3106
3136
3136
3136
3136
3137
3122
3152
3152
3152
3152
3139
3122
3034
3022
3022
3022
3022
3022
3022
3022
3022
3022
3022
3022
3022
3022
3022
3022
3022
3022
3042
3044
3044
3044
3044
3044
3044
3070
3070
3070
3070
3082
3124
3124
3124
3084
3084
3084
3084
3084
3084
3084
3036
3036
3036
3036
3036
3036
3036
3036
3036
3036
3036
3036
3036
3036
3010
3010
3010
3043
3043
3043
3043
3043
3043
3043
3043
3043
3043
3043
3043
3053
3053
3067
3067
3067
3067
2999
3001
2999
2999
2999
2999
2999
2999
2999
2999
2999
2999
2999
2999
2999
2963
2963
2988
2982
2982
2980
2980
3007
3007
3007
3007
3007
3007
3007
3007
3007
2967
2967
2997
2997
3045
3037
3037
2992
2958
2957
2980
2980
3014
2999
2999
2999
2999
2999
2999
2999
2999
2999
2999
2961
2946
2946
2928
2928
2928
2928
2928
2928
2925
2928
2881
2881
2881
2917
2917
2952
2952
2952
2972
2972
2972
2972
2980
2971
2956
2956
2956
2956
2956
2956
2956
2956
2956
2956
2956
2956
2956
3016
3016
3016
3016
3005
3005
3005
3005
3005
3005
3005
3005
3005
3005
3005
3031
3031
3000
3000
3000
2990
3005
3005
3013
3044
3044
3044
3044
3044
3044
3070
3070
3070
3070
3070
3145
3066
3066
3097
3124
3117
3117
3117
3117
3117
3117
3038
3042
3081
3101
3056
3081
3099
3099
3108
3082
3005
3005
2998
2998
2998
2998
2999
2999
2999
2999
2999
2999
2999
3057
3057
3057
3104
3057
3057
2984
3022
3022
3022
3011
3009
3009
3002
2984
2984
2984
2984
2984
2984
2984
2984
2984
2989
2984
2984
2989
2989
2989
2998
3028
3003
3024
2917
2917
2917
2917
2900
2949
2924
2924
2924
2924
2925
2925
2929
2929
2928
2928
2928
2928
2966
2966
2966
2966
2951
2948
2923
2923
2915
2895
2898
2898
2898
2898
2898
2898
2904
2904
2882
2881
2872
2872
2909
2909
2918
2918
2932
2932
2932
2931
2931
2931
2931
2936
2936
2936
2936
2936
2936
2936
2936
2936
2936
2931
2931
2931
2931
2931
2931
2843
2843
2843
2843
2843
2843
2843
2843
2857
2857
2857
2857
2884
2884
2844
2844
2844
2844
2844
2844
2843
2843
2843
2820
2820
2820
2820
2820
2820
2820
2830
2820
2820
2827
2827
2827
2827
2827
2827
2827
2850
2850
2865
2849
2849
2849
2849
2887
2912
2912
2912
2912
2903
2903
2903
2903
2902
2902
2902
2892
2887
2887
2864
2870
2870
2870
2828
2831
2831
2831
2831
2823
2823
2823
2823
2823
2823
2823
2823
2823
2823
2823
2823
2823
2823
2823
2823
2823
2823
2823
2823
2823
2824
2848
2848
2825
2825
2825
2825
2825
2810
2810
2810
2810
2810
2810
2810
2810
2810
2810
2818
2826
2811
2811
2811
2811
2812
2812
2812
2805
2805
2805
2831
2831
2854
2854
2856
2856
2856
2856
2856
2856
2899
2939
3005
3005
3005
3005
2987
2987
2987
2987
2987
2987
2991
2991
2991
2991
2991
2991
3004
2978
2978
2978
2978
3053
3108
3023
3023
2900
2900
2900
2900
2900
2900
2900
2912
2900
2900
2905
2905
2905
2922
2922
3005
3005
2986
2986
2964
2964
2964
2939
2993
2973
2973
3013
2987
2987
2987
2987
2987
2987
2987
2987
2987
2987
2961
2961
2954
2974
3014
3014
2964
2964
2964
2968
2968
2964
2964
2964
2964
2964
2964
2964
2964
2964
2964
2964
2964
2964
2964
2964
2964
2964
2964
2964
2964
2964
2964
2964
2964
2964
2964
2964
2967
2967
2967
2967
2967
2967
2989
2989
2993
2993
2993
2993
2993
2993
3029
3029
3029
3055
3055
3074
3031
3031
3031
3051
3070
3058
3034
3034
2992
2992
2992
2992
2992
2992
2992
2992
2992
2992
2992
2998
2998
3019
3019
3019
3019
3019
2965
2972
2972
2972
2972
2977
3021
3021
3039
3039
3009
3009
3021
3021
3021
3021
3007
3007
3012
3000
3000
3000
3007
2981
3004
3004
3004
3004
2998
3039
3039
3039
3039
3013
3013
3013
3013
3013
2968
2981
2981
2981
2968
2968
2951
2951
2951
2970
2970
2907
2907
2907
2908
2961
3007
3007
2977
2953
2953
3003
3003
2945
2928
2928
2958
2980
2950
2928
3004
2993
2993
2993
2964
2964
2961
2961
2959
2959
2959
2959
2959
2959
2959
2959
2959
2959
2911
2911
2911
2903
2903
2903
2903
2903
2903
2933
2933
2904
2928
2928
2928
2928
2928
2928
2928
2933
2933
2933
2933
2933
2945
2945
2945
2875
2876
2876
2924
2924
2924
2877
2877
2875
2875
2875
2906
2906
2906
2906
2906
2929
2906
2906
2906
2917
2917
2917
2917
2912
2912
2912
2912
2912
2912
2912
2912
2912
2909
2905
2905
2905
2943
2943
2943
2948
2948
2948
2948
2943
2971
2971
2971
2967
2967
2967
2967
2967
2967
2973
3040
3052
3039
3039
3037
3037
3099
3109
3109
3046
3066
3066
3066
2964
2964
2969
2969
2960
2960
2960
2960
2960
2960
2960
2960
2960
2960
2971
2971
2971
2972
2971
2971
2971
2971
2971
2971
2971
3023
3023
3012
3012
2971
2971
2971
2971
2971
2971
2941
2941
2941
2941
2941
2941
2941
2941
2941
2941
2941
2941
2941
2941
2941
2941
2941
2941
2941
2941
2941
2941
2966
2966
2968
2943
2943
2940
2977
2959
2959
2959
2959
2959
2959
2958
2978
2978
2978
2978
2966
2966
2960
2995
2970
2914
2914
2914
2920
2920
2920
2920
2920
2920
2920
2920
2920
2920
2915
2915
2952
2952
2952
2972
2972
2972
2993
2993
3034
3034
3021
3021
3021
2935
2935
2935
2935
2935
2935
2935
2943
2943
2939
2939
2935
2935
2935
2938
2938
2938
2938
2938
2944
3002
3002
3002
3015
3033
3033
3033
3033
3033
3033
3054
3054
3054
3054
3051
3051
3049
2995
2995
2995
2995
2955
2955
2955
2955
2935
2957
2957
2950
2950
2950
2962
2960
2960
2960
2960
2960
2960
2960
2960
2960
2960
2960
2960
2960
2960
2960
2961
2961
2961
3032
3032
3032
3032
3042
3042
3042
3042
3042
3093
3093
3093
3093
3093
3093
3020
3020
3025
2985
2985
2998
2998
2931
2931
2931
2929
2929
2929
2929
2902
2902
2902
2902
2908
2908
2908
2908
2903
2903
2903
2903
2903
2894
2894
2894
2894
2878
2878
2878
2878
2892
2885
2858
2858
2858
2858
2858
2858
2858
2899
2899
2899
2899
2899
2937
2937
2959
2985
2985
2920
2897
2897
2899
2899
2922
2922
3000
3000
3000
3004
3004
3004
3004
3004
3004
3004
3004
3004
2974
2884
2884
2884
2895
2895
2895
2895
2882
2882
2882
2882
2882
2898
2898
2882
2882
2882
2886
2886
2886
2886
2886
2886
2896
2896
2883
2887
2887
2887
2887
2887
2887
2909
2909
2909
2841
2841
2841
2841
2841
2841
2841
2841
2841
2841
2841
2841
2841
2841
2841
2841
2841
2841
2841
2841
2841
2841
2841
2841
2841
2841
2841
2841
2841
2841
2841
2841
2841
2841
2841
2841
2841
2841
2841
2841
2841
2841
2844
2844
2844
2841
2841
2843
2838
2838
2838
2838
2878
2878
2878
2878
2878
2878
2878
2878
2878
2878
2878
2878
2878
2878
2878
2878
2878
2878
2878
2887
2861
2861
2861
2861
2858
2854
2827
2817
2817
2817
2817
2817
2817
2817
2817
2817
2817
2817
2817
2848
2848
2848
2858
2875
2875
2875
2879
2877
2864
2876
2876
2896
2896
2848
2822
2788
2788
2788
2788
2788
2788
2788
2788
2801
2801
2801
2801
2801
2788
2788
2788
2788
2788
2788
2788
2788
2788
2788
2788
2788
2788
2788
2788
2788
2788
2788
2788
2788
2788
2788
2788
2825
2840
2840
2840
2840
2861
2861
2861
2861
2861
2861
2861
2861
2861
2861
2861
2861
2896
2896
2896
2882
2882
2882
2882
2882
2882
2882
2882
2882
2882
2882
2882
2882
2882
2882
2882
2882
2882
2882
2898
2882
2882
2882
2882
2882
2882
2882
2882
2882
2882
2882
2882
2882
2911
2911
2915
2915
2915
2911
2911
2911
2911
2911
2911
2911
2911
2893
2894
2894
2894
2861
2861
2861
2861
2861
2861
2861
2877
2877
2877
2847
2847
2847
2847
2847
2847
2847
2847
2847
2847
2847
2847
2824
2833
2833
2833
2833
2833
2833
2825
2825
2825
2802
2802
2785
2785
2785
2783
2783
2783
2782
2782
2790
2790
2793
2793
2793
2793
2785
2785
2785
2785
2785
2785
2781
2781
2781
2781
2781
2802
2802
2802
2802
2802
2802
2802
2802
2794
2794
2794
2794
2794
2794
2794
2794
2794
2794
2781
2781
2781
2781
2807
2807
2844
2844
2844
2844
2844
2844
2844
2844
2835
2835
2835
2835
2835
2835
2835
2835
2835
2835
2835
2835
2812
2812
2812
2812
2812
2812
2812
2817
2817
2817
2817
2812
2812
2812
2812
2812
2812
2812
2812
2812
2812
2854
2854
2875
2875
2875
2863
2857
2857
2857
2857
2870
2870
2870
2852
2852
2840
2840
2840
2840
2840
2840
2844
2844
2846
2847
2847
2850
2850
2850
2850
2850
2832
2832
2834
2834
2834
2834
2834
2834
2834
2834
2834
2832
2832
2832
2832
2847
2847
2847
2847
2827
2827
2827
2820
2820
2820
2820
2817
2817
2817
2817
2817
2818
2818
2818
2817
2817
2817
2831
2831
2826
2795
2795
2795
2795
2843
2843
2859
2859
2859
2859
2859
2859
2856
2856
2836
2836
2840
2840
2840
2840
2840
2840
2840
2840
2840
2840
2840
2840
2840
2840
2840
2840
2831
2831
2831
2831
2835
2835
2835
2835
2837
2837
2837
2837
2837
2837
2837
2831
2831
2831
2831
2831
2831
2831
2831
2831
2831
2829
2829
2843
2831
2841
2841
2841
2841
2898
2898
2898
2898
2898
2898
2874
2874
2874
2858
2858
2858
2858
2840
2840
2840
2840
2840
2840
2840
2840
2840
2840
2840
2840
2840
2840
2840
2840
2840
2840
2840
2840
2840
2840
2840
2840
2840
2840
2840
2840
2840
2840
2840
2820
2820
2820
2850
2850
2850
2850
2850
2850
2860
2860
2860
2863
2863
2863
2863
2843
2832
2848
2848
2848
2848
2848
2848
2848
2848
2848
2848
2848
2848
2848
2848
2848
2848
2848
2849
2849
2849
2849
2849
2849
2849
2849
2835
2835
2822
2822
2822
2822
2822
2827
2827
2827
2827
2827
2827
2827
2827
2827
2827
2782
2782
2782
2782
2780
2780
2780
2780
2788
2788
2788
2788
2788
2788
2788
2788
2788
2788
2788
2788
2788
2788
2788
2788
2780
2780
2772
2772
2772
2772
2772
2772
2772
2772
2772
2772
2772
2772
2772
2772
2772
2772
2772
2772
2759
2759
2759
2759
2759
2759
2759
2759
2759
2759
2759
2759
2759
2759
2759
2759
2759
2759
2759
2759
2759
2759
2759
2759
2759
2759
2759
2759
2759
2759
2759
2759
2759
2766
2766
2766
2766
2766
2759
2759
2759
2773
2766
2766
2766
2766
2766
2766
2766
2766
2766
2766
2766
2766
2766
2759
2762
2762
2762
2762
2762
2762
2762
2762
2776
2776
2776
2776
2776
2776
2776
2776
2762
2762
2762
2762
2762
2762
2762
2762
2762
2762
2762
2762
2762
2762
2762
2762
2762
2762
2762
2762
2762
2762
2762
2762
2762
2778
2778
2778
2784
2784
2784
2784
2784
2784
2784
2784
2784
2784
2784
2785
2785
2785
2785
2785
2785
2785
2785
2785
2785
2785
2785
2785
2785
2785
2785
2785
2779
2779
2779
2779
2779
2779
2779
2779
2779
2779
2765
2765
2765
2765
2765
2765
2772
2772
2772
2772
2772
2772
2783
2783
2783
2783
2783
2783
2783
2783
2783
2788
2788
2788
2788
2788
2788
2783
2783
2783
2783
2783
2792
2792
2792
2792
2792
2792
2792
2792
2816
2816
2816
2816
2816
2816
2816
2816
2816
2830
2830
2830
2830
2833
2833
2833
2833
2830
2830
2830
2830
2830
2830
2830
2830
2830
2830
2830
2830
2830
2830
2830
2830
2821
2821
2821
2821
2821
2812
2812
2812
2814
2814
2839
2830
2830
2830
2830
2830
2830
2830
2830
2830
2830
2830
2830
2830
2830
2830
2830
2830
2830
2830
2830
2830
2808
2808
2808
2808
2807
2807
2823
2803
2815
2815
2815
2815
2815
2813
2840
2840
2840
2840
2840
2840
2840
2840
2840
2840
2840
2840
2840
2840
2840
2840
2840
2840
2840
2840
2840
2840
2840
2840
2840
2840
2834
2834
2826
2826
2826
2826
2826
2826
2831
2831
2831
2831
2831
2831
2831
2831
2831
2831
2837
2837
2837
2841
2841
2841
2841
2841
2841
2841
2840
2840
2841
2841
2841
2841
2841
2841
2841
2841
2841
2841
2843
2857
2857
2850
2850
2850
2850
2850
2850
2850
2850
2850
2850
2850
2850
2865
2865
2865
2865
2865
2865
2865
2850
2850
2850
2850
2850
2850
2826
2826
2826
2826
2826
2826
2826
2826
2826
2826
2826
2826
2826
2825
2825
2825
2814
2814
2814
2814
2814
2814
2814
2814
2814
2814
2814
2814
2814
2814
2828
2828
2828
2828
2828
2828
2828
2828
2778
2778
2778
2778
2778
2778
2778
2805
2805
2805
2805
2805
2808
2808
2808
2808
2808
2808
2808
2808
2808
2808
2808
2808
2808
2808
2808
2808
2808
2808
2798
2798
2798
2798
2803
2794
2794
2794
2794
2794
2794
2794
2774
2774
2774
2774
2774
2774
2774
2774
2774
2774
2774
2774
2774
2774
2774
2774
2774
2774
2774
2774
2774
2774
2774
2774
2774
2774
2774
2774
2774
2774
2774
2774
2776
2776
2776
2776
2774
2774
2774
2774
2774
2774
2774
2793
2791
2807
2812
2784
2784
2784
2784
2784
2784
2784
2784
2784
2784
2784
2784
2784
2784
2784
2784
2784
2784
2784
2784
2784
2784
2784
2784
2784
2791
2791
2791
2784
2784
2784
2784
2784
2784
2784
2784
2784
2780
2780
2780
2780
2780
2780
2780
2780
2780
2780
2780
2780
2780
2780
2780
2780
2780
2780
2780
2780
2783
2783
2783
2783
2783
2783
2783
2783
2783
2783
2783
2783
2783
2783
2783
2783
2783
2783
2783
2792
2792
2788
2788
2788
2781
2781
2781
2781
2781
2781
2791
2781
2781
2781
2781
2781
2781
2781
2781
2781
2781
2781
2781
2781
2781
2781
2781
2781
2781
2781
2781
2793
2793
2787
2787
2787
2787
2787
2787
2787
2787
2787
2787
2787
2787
2787
2787
2787
2787
2787
2787
2787
2787
2787
2787
2787
2787
2787
2787
2787
2787
2787
2787
2787
2787
2787
2787
2787
2787
2787
2787
2787
2787
2792
2792
2792
2792
2792
2792
2791
2791
2792
2792
2792
2792
2792
2792
2792
2792
2779
2779
2779
2779
2779
2779
2779
2779
2779
2779
2779
2779
2792
2792
2792
2792
2792
2795
2783
2783
2783
2779
2779
2779
2779
2779
2779
2779
2779
2779
2779
2779
2779
2779
2779
2779
2779
2779
2779
2779
2779
2779
2779
2779
2779
2779
2779
2779
2779
2779
2779
2779
2779
2779
2779
2779
2788
2788
2793
2793
2782
2782
2782
2782
2782
2782
2782
2782
2782
2782
2782
2782
2782
2782
2782
2782
2782
2782
2782
2782
2782
2782
2782
2782
2782
2782
2782
2782
2782
2782
2782
2779
2779
2779
2779
2779
2779
2779
2779
2779
2779
2779
2779
2779
2779
2779
2779
2779
2779
2779
2779
2779
2779
2779
2779
2779
2779
2779
2779
2779
2779
2779
2779
2779
2779
2779
2779
2780
2780
2780
2780
2780
2779
2779
2779
2779
2779
2779
2779
2779
2779
2779
2779
2779
2779
2779
2779
2779
2779
2779
2779
2779
2779
2779
2779
2779
2779
2779
2779
2779
2779
2779
2779
2779
2779
2779
2779
2779
2779
2779
2779
2779
2779
2779
2779
2779
2779
2779
2779
2779
2779
2779
2779
2779
2779
2779
2779
2779
2779
2779
2779
2779
2779
2779
2779
2779
2779
2779
2779
2779
2785
2785
2785
2785
2785
2785
2785
2785
2785
2785
2785
2785
2785
2785
2779
2779
2779
2779
2779
2779
2779
2779
2779
2779
2779
2779
2779
2779
2779
2779
2779
2779
2779
2786
2786
2786
2786
2786
2786
2786
2786
2786
2786
2786
2786
2786
2786
2786
2786
2786
2786
2786
2786
2784
2784
2784
2784
2784
2784
2784
2779
2774
2773
2773
2773
2773
2773
2773
2773
2773
2773
2773
2773
2773
2773
2773
2773
2773
2773
2773
2782
2782
2782
2792
2784
2784
2773
2773
2773
2773
2773
2773
2773
2773
2773
2773
2773
2773
2773
2773
2773
2773
2773
2773
2773
2773
2773
2773
2773
2773
2773
2773
2773
2773
2773
2773
2773
2773
2773
2773
2773
2773
2773
2773
2773
2770
2770
2770
2770
2770
2770
2770
2773
2770
2770
2770
2770
2770
2770
2770
2770
2770
2770
2770
2770
2770
2770
2770
2770
2770
2770
2771
2770
2770
2770
2770
2770
2771
2771
2771
2771
2771
2771
2771
2771
2771
2771
2771
2770
2770
2770
2770
2770
2770
2770
2770
2770
2770
2770
2770
2770
2770
2770
2770
2770
2770
2770
2770
2770
2770
2770
2770
2770
2770
2770
2770
2770
2770
2770
2770
2770
2770
2770
2770
2770
2770
2770
2770
2770
2770
2770
2770
2770
2770
2770
2770
2771
2771
2770
2770
2770
2770
2770
2770
2770
2770
2770
2770
2770
2770
2770
2770
2770
2770
2770
2770
2770
2770
2770
2770
2770
2770
2770
2770
2770
2770
2770
2770
2770
2770
2770
2770
2770
2770
2770
2770
2770
2770
2770
2770
2770
2770
2770
2770
2770
2770
2770
2770
2770
2770
2770
2762
2762
2762
2762
2762
2762
2762
2758
2758
2758
2758
2758
2758
2758
2758
2758
2758
2758
2758
2758
2758
2758
2758
2758
2758
2758
2758
2758
2758
2758
2758
2758
2758
2758
2758
2758
2758
2758
2758
2762
2762
2762
2762
2762
2762
2762
2758
2758
2758
2758
2758
2758
2758
2758
2758
2758
2758
2758
2758
2758
2758
2758
2758
2760
2760
2760
2760
2758
2758
2758
2758
2758
2758
2758
2758
2758
2758
2758
2758
2758
2758
2758
2758
2758
2758
2758
2758
2758
2758
2758
2758
2758
2758
2758
2758
2758
2758
2758
2758
2758
2758
2758
2758
2758
2758
2758
2758
2758
2758
2758
2758
2758
2758
2758
2758
2758
2758
2753
2753
2753
2753
2753
2753
2753
2753
2753
2753
2753
2753
2753
2753
2753
2753
2753
2753
2753
2753
2753
2753
2753
2753
2753
2753
2753
2753
2753
2753
2753
2753
2753
2753
2753
2753
2753
2753
2753
2753
2753
2753
2753
2753
2753
2753
2753
2753
2753
2753
2753
2753
2753
2753
2753
2753
2753
2753
2753
2753
2753
2753
2753
2753
2753
2753
2753
2753
2753
2753
2753
2753
2753
2753
2753
2753
2753
2753
2753
2753
2753
2753
2753
2753
2753
2753
2753
2755
2757
2757
2757
2753
2753
2753
2753
2753
2753
2753
2753
2753
2753
2753
2753
2753
2753
2753
2753
2753
2753
2753
2753
2753
2753
2753
2753
2753
2753
2753
2753
2753
2753
2753
2754
2754
2754
2754
2754
2754
2754
2754
2754
2753
2753
2753
2753
2753
2753
2753
2753
2753
2753
2753
2753
2753
2753
2753
2753
2753
2753
2753
2753
2753
2753
2753
2753
2753
2753
2753
2753
2753
2753
2753
2753
2753
2753
2753
2753
2753
2753
2753
2753
2753
2753
2753
2753
2753
2753
2753
2753
2753
2753
2753
2753
2753
2753
2753
2753
2753
2753
2753
2753
2753
2753
2753
2753
2753
2753
2753
2753
2753
2753
2753
2753
2753
2753
2753
2755
2755
2753
2753
2753
2753
2753
2753
2753
2753
2753
2753
2753
2753
2753
2753
2753
2753
2753
2753
2753
2753
2753
2753
2753
2753
2753
2753
2753
2753
2753
2753
2753
2753
2753
2753
2753
2753
2753
2753
2753
2753
2753
2753
2753
2753
2753
2753
2753
2753
2753
2753
2753
2753
2753
2753
2753
2753
2753
2753
2753
2753
2753
2753
2753
2753
2753
2753
2753
2753
2753
2753
2753
2753
2753
2753
2753
2753
2753
2753
2753
2752
2752
2752
2752
2752
2752
2752
2752
2752
2752
2752
2752
2752
2752
2752
2752
2752
2752
2752
2752
2752
2752
2752
2752
2752
2752
2752
2752
2752
2752
2752
2752
2752
2752
2752
2752
2752
2752
2752
2752
2752
2752
2752
2752
2752
2752
2752
2752
2752
2752
2752
2752
2752
2752
2752
2752
2752
2752
2752
2752
2752
2752
2752
2752
2752
2752
2752
2752
2752
2752
2752
2752
2752
2752
2752
2752
2752
2752
2752
2752
2752
2752
2752
2752
2752
2752
2752
2752
2752
2752
2752
2752
2752
2752
2752
2752
2752
2752
2752
2752
2752
2752
2752
2752
2756
2756
2756
2756
2756
2756
2756
2756
2756
2756
2756
2756
2756
2756
2756
2756
2756
2756
2756
2756
2756
2756
2756
2756
2756
2754
2754
2754
2754
2754
2754
2753
2753
2753
2753
2752
2752
2752
2752
2752
2752
2752
2752
2752
2752
2752
2752
2752
2752
2752
2752
2752
2752
2752
2752
2752
2758
2758
2758
2758
2758
2758
2758
2758
2758
2758
2758
2758
2758
2758
2758
2758
2752
2752
2752
2752
2752
2752
2752
2752
2752
2752
2752
2752
2752
2752
2752
2752
2752
2752
2752
2752
2752
2752
2752
2752
2752
2753
2753
2753
2752
2752
2752
2752
2752
2752
2752
2752
2752
2752
2752
2752
2752
2752
2752
2752
2752
2752
2752
2752
2752
2752
2752
2752
2752
2752
2752
2752
2752
2752
2752
2752
2752
2752
2752
2752
2752
2752
2752
2752
2752
2752
2752
2752
2752
2752
2752
2752
2752
2752
2752
2753
2753
2753
2752
2752
2752
2752
2752
2752
2752
2752
2752
2752
2754
2754
2754
2754
2754
2754
2752
2752
2752
2752
2752
2752
2752
2752
2752
2752
2752
2752
2752
2752
2752
2752
2752
2752
2752
2752
2752
2752
2752
2752
2752
2752
2752
2752
2752
2752
2752
2752
2752
2752
2752
2752
2752
2752
2752
2752
2752
2752
2752
2752
2752
2753
2752
2752
2752
2752
2752
2752
2752
2752
2752
2752
2752
2752
2752
2756
2756
2756
2756
2756
2756
2756
2756
2756
2762
2762
2756
2756
2756
2756
2756
2756
2756
2756
2756
2756
2756
2756
2756
2756
2756
2756
2756
2756
2756
2756
2756
2756
2756
2756
2756
2756
2756
2756
2756
2756
2752
2752
2752
2752
2752
2752
2752
2752
2752
2752
2752
2752
2752
2752
2752
2752
2752
2752
2752
2752
2752
2752
2752
2752
2752
2752
2752
2752
2752
2752
2752
2752
2752
2752
2752
2752
2752
2752
2752
2752
2752
2752
2752
2752
2752
2752
2752
2752
2752
2752
2752
2752
2752
2752
2752
2752
2752
2752
2752
2752
2752
2752
2752
2752
2752
2752
2752
2752
2752
2752
2752
2752
2752
2752
2752
2752
2752
2752
2752
2752
2752
2752
2752
2752
2752
2752
2752
2752
2752
2752
2752
2752
2752
2752
2752
2752
2752
2752
2752
2752
2752
2752
2752
2752
2752
2752
2752
2752
2752
2752
2752
2752
2752
2752
2752
2752
2752
2752
2752
2752
2752
2752
2752
2752
2752
2752
2752
2752
2752
2752
2752
2753
2753
2753
2753
2753
2752
2752
2752
2752
2752
2752
2752
2752
2752
2752
2752
2752
2752
2752
2752
2752
2752
2752
2752
2752
2752
2752
2752
2752
2752
2752
2752
2752
2752
2752
2752
2752
2752
2752
2752
2752
2752
2752
2752
2753
2753
2753
2753
2753
2753
2753
2753
2753
2753
2752
2752
2752
2752
2752
2752
2752
2752
2752
2752
2752
2752
2752
2752
2752
2752
2759
2759
2759
2759
2759
2759
2759
2759
2759
2753
2753
2753
2753
2752
2752
2752
2752
2752
2752
2752
2752
2752
2752
2752
2752
2752
2752
2752
2752
2752
2752
2752
2752
2752
2752
2752
2752
2752
2752
2752
2752
2752
2752
2752
2752
2752
2752
2752
2752
2752
2752
2752
2752
2752
2752
2752
2752
2752
2752
2752
2752
2752
2752
2752
2752
2752
2752
2752
2752
2752
2752
2752
2752
2752
2752
2752
2752
2752
2752
2752
2752
2752
2752
2752
2752
2752
2752
2752
2752
2752
2752
2752
2752
2752
2752
2744
2744
2744
2744
2744
2744
2744
2744
2744
2744
2744
2744
2744
2744
2744
2744
2744
2744
2744
2744
2746
2746
2746
2746
2746
2744
2744
2744
2744
2749
2749
2749
2749
2749
2749
2749
2749
2749
2749
2745
2745
2744
2744
2744
2744
2744
2744
2744
2744
2744
2744
2744
2744
2744
2744
2744
2744
2744
2744
2744
2744
2744
2744
2744
2744
2744
2744
2744
2744
2744
2744
2744
2744
2744
2744
2744
2744
2744
2744
2744
2744
2744
2744
2744
2744
2744
2744
2744
2744
2744
2744
2744
2744
2744
2744
2744
2744
2744
2744
2744
2744
2744
2744
2744
2744
2744
2744
2744
2744
2744
2744
2744
2744
2744
2744
2744
2744
2744
2744
2744
2744
2744
2744
2744
2744
2744
2744
2744
2744
2744
2744
2744
2744
2744
2744
2744
2744
2744
2744
2744
2744
2744
2744
2744
2744
2744
2744
2744
2744
2744
2744
2744
2744
2744
2744
2744
2744
2744
2744
2744
2744
2744
2744
2744
2744
2744
2744
2744
2744
2744
2744
2744
2744
2744
2744
2744
2744
2744
2744
2744
2744
2744
2744
2744
2744
2744
2744
2744
2744
2744
2744
2744
2744
2744
2744
2744
2744
2744
2744
2744
2744
2744
2744
2744
2744
2744
2744
2744
2744
2744
2744
2750
2750
2750
2750
2750
2750
2750
2750
2750
2750
2750
2750
2753
2744
2744
2744
2744
2744
2744
2744
2744
2744
2744
2744
2744
2744
2744
2744
2744
2744
2744
2744
2744
2744
2744
2744
2744
2744
2744
2744
2744
2744
2744
2744
2744
2744
2744
2744
2744
2744
2744
2744
2744
2744
2744
2744
2744
2744
2744
2744
2744
2744
2744
2744
2747
2747
2747
2747
2747
2747
2747
2749
2749
2744
2744
2744
2744
2744
2744
2744
2744
2744
2744
2744
2744
2744
2744
2744
2744
2744
2744
2744
2744
2744
2744
2744
2744
2744
2744
2745
2745
2751
2751
2751
2751
2751
2751
2751
2751
2751
2751
2750
2750
2750
2750
2750
2750
2750
2744
2744
2744
2744
2744
2744
2744
2744
2744
2744
2744
2744
2744
2744
2744
2744
2744
2744
2744
2744
2744
2744
2744
2744
2744
2744
2744
2744
2744
2744
2744
2744
2744
2744
2744
2744
2744
2744
2744
2744
2744
2744
2744
2744
2744
2744
2744
2744
2744
2744
2744
2744
2744
2744
2744
2744
2744
2744
2744
2744
2744
2744
2744
2744
2744
2744
2747
2747
2744
2744
2744
2744
2744
2744
2744
2744
2744
2744
2744
2744
2744
2744
2744
2744
2744
2744
2744
2744
2744
2744
2744
2744
2744
2744
2744
2744
2744
2744
2744
2744
2744
2744
2744
2744
2744
2744
2744
2744
2744
2744
2744
2744
2744
2744
2744
2744
2744
2744
2744
2744
2744
2744
2744
2744
2744
2744
2744
2744
2744
2744
2744
2745
2745
2745
2745
2745
2745
2744
2744
2744
2747
2747
2744
2744
2744
2744
2744
2744
2744
2744
2744
2744
2744
2744
2744
2744
2744
2744
2744
2744
2744
2744
2744
2744
2744
2744
2744
2744
2744
2744
2744
2744
2744
2744
2744
2744
2744
2744
2744
2744
2744
2744
2744
2744
2744
2744
2744
2744
2744
2744
2744
2744
2744
2744
2744
2744
2744
2744
2744
2744
2744
2744
2744
2744
2745
2745
2745
2745
2745
2745
2745
2744
2744
2744
2744
2744
2744
2744
2744
2744
2744
2744
2744
2744
2744
2744
2744
2744
2744
2744
2744
2744
2744
2744
2744
2744
2744
2744
2744
2744
2744
2744
2744
2744
2744
2744
2744
2744
2744
2744
2744
2744
2744
2744
2744
2744
2744
2744
2744
2744
2744
2744
2744
2744
2744
2744
2744
2744
2744
2744
2744
2744
2744
2744
2744
2744
2744
2744
2744
2744
2744
2744
2744
2744
2744
2744
2744
2744
2744
2744
2744
2744
2744
2744
2744
2744
2744
2744
2744
2744
2744
2744
2744
2744
2744
2744
2744
2744
2744
2744
2744
2744
2744
2744
2744
2744
2749
2749
2749
2749
2749
2744
2747
2747
2744
2744
2744
2744
2744
2744
2744
2744
2744
2744
2744
2744
2744
2744
2744
2744
2744
2744
2746
2746
2746
2746
2744
2744
2744
2744
2744
2744
2752
2752
2752
2752
2752
2752
2752
2752
2752
2752
2752
2752
2752
2750
2750
2750
2750
2750
2750
2750
2744
2744
2744
2744
2744
2744
2744
2744
2744
2744
2744
2744
2744
2744
2744
2744
2744
2744
2744
2744
2744
2744
2744
2744
2744
2744
2744
2744
2744
2744
2731
2731
2731
2736
2736
2736
2736
2736
2736
2736
2736
2736
2736
2736
2736
2736
2736
2736
2736
2736
2736
2736
2736
2736
2736
2736
2736
2736
2736
2736
2736
2736
2736
2736
2736
2736
2736
2736
2736
2736
2748
2731
2731
2731
2739
2739
2739
2739
2739
2739
2739
2739
2739
2739
2731
2731
2731
2731
2731
2731
2740
2741
2741
2741
2741
2740
2740
2740
2740
2740
2740
2740
2740
2740
2740
2740
2740
2740
2740
2740
2740
2740
2740
2740
2740
2740
2740
2740
2740
2740
2740
2740
2740
2740
2740
2740
2740
2740
2740
2740
2740
2740
2740
2740
2740
2740
2740
2740
2740
2740
2740
2740
2740
2740
2740
2740
2740
2740
2740
2740
2740
2740
2740
2740
2731
2731
2731
2731
2731
2731
2731
2731
2731
2731
2731
2731
2731
2731
2731
2731
2731
2731
2731
2731
2731
2731
2731
2731
2731
2731
2731
2731
2731
2731
2731
2732
2732
2732
2732
2732
2732
2732
2732
2732
2732
2732
2732
2732
2732
2732
2732
2732
2732
2732
2732
2732
2732
2732
2732
2732
2732
2732
2732
2732
2732
2732
2732
2732
2732
2732
2732
2732
2732
2733
2733
2733
2733
2733
2733
2733
2733
2733
2733
2733
2733
2733
2733
2732
2732
2732
2732
2732
2732
2732
2732
2732
2732
2732
2732
2732
2732
2732
2732
2732
2732
2732
2732
2732
2732
2732
2732
2732
2732
2732
2732
2732
2732
2732
2732
2732
2732
2732
2732
2732
2732
2732
2732
2732
2732
2732
2732
2732
2732
2732
2732
2732
2732
2732
2732
2732
2732
2732
2732
2732
2732
2732
2732
2736
2736
2736
2735
2735
2735
2735
2735
2735
2735
2735
2735
2735
2735
2735
2735
2735
2735
2735
2735
2735
2735
2735
2735
2735
2735
2735
2735
2735
2735
2735
2732
2732
2732
2732
2732
2732
2732
2732
2732
2732
2732
2732
2732
2732
2732
2732
2732
2732
2732
2732
2732
2734
2734
2734
2734
2734
2734
2734
2732
2732
2732
2747
2747
2747
2747
2747
2747
2747
2747
2747
2747
2747
2747
2747
2747
2733
2733
2733
2733
2733
2733
2733
2733
2733
2733
2733
2733
2733
2733
2733
2733
2733
2733
2733
2733
2733
2733
2733
2733
2733
2733
2733
2733
2733
2733
2733
2733
2733
2733
2733
2733
2733
2734
2734
2734
2734
2734
2734
2734
2734
2734
2733
2733
2733
2733
2733
2733
2733
2733
2733
2733
2733
2733
2733
2733
2733
2733
2733
2733
2733
2733
2733
2733
2733
2733
2733
2733
2733
2733
2733
2733
2733
2733
2733
2733
2733
2733
2733
2733
2733
2733
2733
2733
2733
2733
2731
2731
2731
2731
2731
2731
2731
2731
2731
2731
2738
2738
2738
2738
2738
2738
2738
2738
2738
2738
2738
2738
2731
2731
2731
2731
2731
2731
2731
2731
2731
2731
2731
2731
2731
2731
2731
2731
2731
2731
2731
2731
2731
2731
2731
2731
2731
2731
2731
2731
2731
2731
2731
2731
2731
2731
2731
2731
2731
2731
2731
2731
2735
2735
2735
2735
2735
2735
2731
2731
2731
2731
2731
2731
2731
2731
2731
2731
2731
2731
2731
2731
2731
2731
2731
2731
2731
2731
2731
2731
2731
2731
2731
2731
2731
2731
2731
2731
2731
2731
2731
2731
2731
2731
2731
2731
2731
2731
2731
2731
2731
2731
2731
2731
2731
2731
2731
2731
2731
2731
2731
2731
2731
2731
2731
2731
2731
2731
2731
2731
2731
2731
2731
2731
2731
2731
2731
2731
2731
2733
2733
2733
2733
2733
2733
2733
2733
2733
2733
2733
2733
2733
2733
2733
2733
2731
2731
2731
