3180
3218
3180
3225
3232
3165
3208
3208
3215
3215
3167
3106
3056
3056
3080
3121
3121
3104
3194
3199
3239
3239
3220
3211
3253
3245
3318
3276
3214
3340
3350
3364
3406
3406
3410
3319
3333
3333
3265
3357
3317
3317
3249
3249
3217
3196
3196
3137
3167
3167
3209
3209
3223
3223
3194
3195
3195
3222
3303
3303
3281
3281
3303
3329
3329
3307
3351
3351
3283
3283
3283
3283
3198
3250
3250
3249
3377
3372
3244
3244
3105
3101
3151
3151
3151
3189
3243
3297
3264
3315
3315
3413
3355
3336
3328
3338
3338
3367
3427
3449
3426
3376
3393
3348
3345
3324
3300
3313
3381
3369
3442
3384
3329
3329
3371
3367
3328
3315
3312
3385
3446
3446
3446
3446
3419
3419
3311
3259
3259
3268
3268
3268
3278
3274
3274
3300
3274
3274
3274
3253
3186
3186
3186
3222
3222
3254
3102
3129
3068
3110
3071
3071
3071
3097
3122
3122
3122
3122
3122
3122
3122
3194
3094
3058
3062
3094
3092
3087
3055
3100
3156
3156
3164
3187
3175
3149
3154
3136
3078
3084
3084
3163
3047
3080
3079
3079
3107
3120
3137
3137
3154
3189
3179
3146
3200
3200
3160
3114
3110
3106
3109
3062
3165
3209
3209
3230
3270
3196
3091
3072
3090
3184
3205
3185
3191
3129
3096
3132
3132
3110
3110
3096
3019
3102
3102
3102
3112
3157
3096
3162
3162
3162
3242
3275
3343
3343
3325
3252
3282
3327
3224
3198
3198
3198
3198
3163
3176
3195
3173
3259
3259
3316
3318
3318
3246
3297
3263
3242
3268
3261
3218
3230
3216
3216
3220
3216
3260
3241
3251
3105
3040
3040
3040
2991
2991
3063
3076
3076
3078
3067
3128
3171
3171
3228
3233
3225
3269
3269
3257
3264
3300
3363
3390
3390
3269
3225
3225
3252
3332
3352
3287
3207
3189
3257
3257
3213
3206
3276
3276
3276
3285
3303
3213
3213
3224
3322
3322
3272
3178
3104
3146
3146
3146
3146
3148
3119
3134
3134
3165
3122
3126
3169
3175
3175
3175
3227
3186
3186
3120
3120
3120
3129
3140
3198
3206
3206
3191
3191
3191
3227
3233
3225
3297
3293
3293
3293
3258
3258
3270
3270
3276
3316
3324
3340
3342
3373
3334
3323
3323
3353
3364
3364
3448
3375
3377
3428
3352
3290
3290
3213
3206
3240
3201
3252
3257
3171
3144
3217
3217
3222
3260
3260
3250
3271
3220
3224
3218
3218
3288
3373
3297
3319
3279
3279
3273
3298
3292
3375
3331
3355
3355
3311
3323
3333
3269
3321
3294
3323
3268
3288
3329
3349
3349
3349
3348
3408
3462
3430
3477
3430
3459
3443
3412
3291
3291
3314
3240
3223
3223
3201
3214
3150
3199
3273
3273
3236
3146
3124
3150
3150
3125
3125
3125
3135
3086
3086
3086
3099
3099
3099
3099
3206
3258
3261
3261
3261
3313
3357
3331
3360
3360
3360
3360
3360
3360
3360
3360
3343
3360
3351
3371
3431
3431
3409
3411
3494
3442
3297
3322
3227
3286
3193
3193
3193
3193
3198
3171
3171
3195
3162
3180
3126
3266
3241
3221
3057
3161
3080
3087
3087
3071
3071
3071
3071
3046
3037
3049
3120
3163
3125
3078
3125
3125
3087
3174
3131
3131
3133
3133
3133
3177
3221
3221
3195
3223
3185
3179
3167
3167
3211
3211
3177
3182
3054
3054
3054
3068
3068
3099
3099
3104
3055
3090
3090
3190
3159
3118
3117
3155
3088
3062
3101
3101
3112
3161
3213
3165
3141
3167
3167
3204
3143
3143
3143
3147
3073
3073
3087
3087
3137
3129
3113
3113
3113
3026
3039
3022
3025
3168
3119
3119
3136
3161
3157
3133
3133
3112
3152
3189
3184
3192
3155
3035
3035
3035
3092
3206
3206
3110
3107
3137
3071
3054
3054
3062
3143
3143
3143
3190
3190
3236
3236
3295
3346
3336
3336
3251
3251
3251
3241
3326
3412
3372
3367
3351
3385
3407
3278
3278
3210
3198
3208
3147
3273
3351
3394
3394
3385
3308
3308
3308
3297
3297
3278
3219
3285
3302
3339
3339
3187
3150
3150
3133
3133
3133
3210
3227
3247
3253
3210
3210
3210
3286
3260
3224
3246
3246
3249
3249
3256
3260
3309
3305
3305
3291
3332
3291
3261
3220
3212
3218
3218
3224
3269
3269
3269
3269
3269
3269
3232
3212
3115
3115
3186
3153
3207
3180
3100
3100
3082
2997
2963
2963
2959
2979
2979
2979
2979
2980
2980
2980
2984
3015
2994
2982
2981
2981
2981
2997
3032
3084
3071
3046
3046
2996
2996
3023
3031
3040
3121
3121
3118
3070
3070
3031
3031
3031
3031
3031
3000
3038
3115
3087
3023
3070
3070
3140
3140
3140
3140
3169
3168
3168
3143
3143
3222
3193
3251
3224
3274
3279
3196
3201
3201
3213
3213
3213
3195
3195
3172
3254
3190
3190
3190
3223
3275
3287
3227
3171
3171
3160
3126
3071
3034
3025
3025
3044
3102
3063
3063
3088
3107
3115
3190
3233
3213
3302
3467
3477
3467
3432
3376
3376
3378
3395
3442
3424
3409
3238
3322
3155
3087
3159
3159
3159
3175
3222
3216
3216
3216
3202
3118
3131
3163
3204
3233
3223
3188
3188
3153
3179
3179
3179
3179
3179
3179
3186
3218
3218
3218
3218
3218
3118
3093
3093
3100
3177
3135
3135
3135
3186
3171
3171
3103
3103
3087
3087
3116
3012
3012
3042
3012
3067
3220
3243
3186
3186
3215
3212
3212
3239
3179
3249
3249
3261
3285
3339
3298
3334
3334
3337
3351
3289
3289
3308
3414
3369
3472
3424
3428
3458
3385
3360
3304
3413
3413
3418
3418
3411
3283
3283
3233
3270
3270
3298
3298
3314
3252
3298
3298
3341
3367
3380
3438
3356
3376
3445
3426
3426
3374
3414
3307
3295
3353
3367
3367
3367
3367
3403
3403
3370
3261
3290
3290
3290
3250
3236
3270
3315
3293
3246
3246
3246
3229
3183
3228
3174
3139
3165
3148
3203
3103
3097
3086
3077
3019
3016
3032
3020
3053
3053
3183
3183
3223
3223
3223
3201
3221
3221
3282
3362
3362
3228
3215
3199
3199
3199
3181
3181
3181
3119
3172
3209
3221
3221
3311
3311
3330
3442
3442
3522
3530
3530
3530
3531
3613
3563
3671
3599
3599
3599
3611
3607
3584
3578
3579
3579
3479
3353
3353
3353
3353
3353
3353
3323
3240
3240
3234
3234
3202
3202
3202
3211
3211
3211
3211
3210
3210
3200
3200
3155
3158
3200
3200
3200
3200
3200
3190
3190
3274
3249
3249
3254
3291
3291
3291
3291
3291
3291
3223
3278
3278
3278
3233
3233
3233
3223
3271
3194
3108
3008
3044
3044
3074
3145
3145
3145
3108
3108
3142
3276
3340
3340
3475
3527
3476
3455
3378
3378
3272
3337
3216
3251
3245
3172
3223
3223
3213
3152
3160
3133
3167
3233
3233
3233
3233
3233
3255
3245
3245
3245
3129
3221
3296
3242
3185
3181
3098
3116
3167
3167
3184
3184
3206
3242
3242
3370
3347
3250
3232
3232
3183
3174
3160
3204
3261
3206
3203
3203
3215
3255
3255
3255
3255
3255
3155
3119
3076
3076
3043
3043
3102
3102
3102
3136
3136
3044
3051
3099
3091
3052
3125
3113
3113
3064
3038
3120
3127
3043
3062
3083
3200
3200
3165
3191
3188
3181
3097
3057
3061
3061
3086
3128
3143
3120
3173
3173
3173
3173
3094
3094
3027
2973
2990
3046
3033
3027
3027
3027
3027
3029
3044
3152
3152
3152
3152
3094
3115
3139
3139
3121
3138
3133
3133
3196
3292
3292
3292
3250
3250
3275
3147
3147
3181
3220
3220
3220
3302
3263
3225
3175
3244
3211
3136
3132
3098
3098
3100
3100
3137
3266
3213
3213
3172
3173
3172
3206
3188
3209
3209
3233
3233
3167
3205
3228
3228
3200
3140
3156
3187
3154
3150
3246
3148
3204
3196
3196
3196
3196
3196
3196
3186
3186
3187
3076
3076
3029
3029
2994
3028
3028
3028
3010
3010
3010
2937
2937
2937
2944
2953
2905
2905
2905
2945
2945
2970
2970
2952
2981
2981
3001
2988
3022
3022
2989
2989
2989
2969
2932
3027
3062
3060
3117
3012
3086
3086
3088
3160
3182
3185
3231
3150
3128
3128
3166
3125
3125
3107
3111
3120
3120
3125
3131
3127
3104
3123
3213
3200
3200
3200
3194
3177
3256
3284
3284
3263
3253
3286
3264
3264
3264
3249
3239
3105
3105
3105
3071
3071
3089
3065
3042
2978
2978
2978
2978
3107
3107
3124
3124
3080
3111
3111
3115
3115
3050
3037
3027
3029
3100
2991
3113
3113
3115
3166
3166
3166
3129
3129
3129
3058
3058
3071
3095
3095
3095
3095
3056
3056
3032
3030
3030
3030
3030
3010
3010
3042
3010
3010
3108
3120
3120
3120
3151
3151
3132
3132
3132
3133
3261
3248
3238
3234
3234
3239
3239
3274
3274
3274
3258
3134
3134
3100
3107
3139
3139
3143
3108
3049
3101
3157
3205
3189
3218
3202
3158
3311
3311
3271
3166
3166
3287
3287
3287
3287
3313
3294
3233
3213
3185
3185
3185
3136
3152
3171
3171
3161
3104
3104
3104
3182
3180
3180
3284
3327
3327
3240
3240
3286
3301
3291
3278
3258
3211
3186
3209
3290
3302
3302
3302
3302
3233
3195
3279
3302
3243
3243
3243
3310
3310
3310
3310
3265
3268
3209
3092
3092
3082
3087
3101
3161
3161
3075
3058
3058
3058
3058
3103
3134
3125
3125
3243
3243
3243
3243
3243
3332
3332
3332
3332
3263
3263
3309
3313
3313
3160
3160
3130
3056
3056
3056
3056
3112
3086
3086
3086
3086
3063
3063
3047
3056
3082
3055
3096
3096
3110
3110
3121
3183
3169
3183
3195
3076
3076
3063
3089
3074
3034
2941
2939
2941
2950
2981
2929
2929
2908
2908
2996
2996
2998
3018
3013
3097
3051
3010
3010
3066
3107
3086
3024
3044
3117
3117
3117
3100
3163
3163
3165
3075
3099
3148
3146
3121
3142
3122
3122
3122
3093
3122
3164
3196
3198
3198
3162
3162
3193
3273
3273
3214
3259
3256
3256
3178
3227
3216
3207
3291
3291
3252
3252
3252
3252
3182
3182
3182
3182
3182
3187
3187
3187
3261
3182
3184
3184
3198
3125
3121
3150
3238
3238
3229
3229
3218
3218
3221
3277
3277
3217
3194
3194
3176
3128
3128
3128
3128
3093
3043
3043
3027
3027
3034
3102
3102
3102
3102
3102
3102
3102
3102
3102
3102
3102
3102
3158
3158
3056
3056
3047
3060
3128
3020
3090
3090
3101
3003
2976
2976
2976
2976
2965
2965
2965
3117
3117
3047
3047
3047
3105
3037
3069
3026
2979
3088
3088
3088
3088
3088
3088
3088
3088
3088
3088
3088
3030
3030
3030
3049
2980
3011
3011
3011
3041
3067
3004
3052
3052
3052
3032
3036
3036
3036
3036
3012
3019
3029
2989
3017
3032
3040
3020
3025
3025
3025
3159
3173
3187
3123
3128
3128
3122
3143
3200
3195
3212
3284
3290
3290
3264
3207
3215
3182
3223
3226
3220
3220
3220
3220
3262
3262
3306
3323
3344
3285
3277
3188
3221
3234
3234
3234
3202
3202
3183
3215
3161
3144
3152
3144
3144
3144
3105
3105
3099
3040
3040
3055
3055
3054
3054
3034
3034
3034
3053
3053
3053
3053
3033
3044
3048
3101
3107
3133
3190
3167
3167
3167
3167
3167
3113
3113
3120
3120
3120
3120
3120
3142
3169
3194
3131
3147
3147
3145
3126
3096
3096
3113
3223
3320
3305
3324
3324
3324
3318
3318
3243
3258
3258
3258
3187
3221
3221
3221
3118
3217
3118
3094
3103
3098
3051
3064
3022
3102
3117
3117
3117
3105
3156
3285
3285
3285
3285
3311
3316
3316
3245
3278
3284
3266
3305
3256
3256
3256
3288
3272
3332
3349
3362
3358
3362
3355
3418
3418
3418
3418
3322
3251
3251
3251
3251
3251
3229
3228
3307
3358
3358
3318
3318
3402
3281
3166
3118
3075
3075
3075
3080
3032
3032
3082
3045
3045
3121
3141
3142
3142
3159
3159
3149
3184
3184
3251
3153
3197
3113
3202
3290
3290
3290
3366
3366
3369
3280
3241
3378
3383
3292
3312
3241
3191
3191
3191
3191
3188
3188
3182
3119
3099
3099
3088
3088
3123
3123
3102
3099
3099
3099
3098
3098
3116
3161
3143
3143
3128
3132
3132
3132
3118
3075
3075
3072
3072
3117
3076
3180
3154
3154
3104
3104
3264
3227
3166
3166
3166
3180
3173
3160
3160
3160
3160
3192
3192
3192
3160
3152
3260
3260
3231
3231
3231
3249
3249
3255
3255
3193
3193
3197
3054
2998
2998
2998
2993
2992
3007
3012
3012
2938
2992
2992
3026
3097
3097
3080
3036
3036
3072
3072
3074
3074
3037
3037
3037
3037
2958
2958
2958
2950
2950
2950
2950
2950
3016
3016
3050
3019
3019
2985
2985
2941
3012
3012
3025
3042
3055
3055
3055
3064
3064
2962
3000
2959
2964
2964
2964
2969
2969
2983
2998
3007
2992
2992
2885
2885
2885
2885
2885
2885
2885
2885
2921
2921
2921
2911
2911
2911
2920
2920
2916
2916
2926
2938
3032
3032
3032
3110
3067
3140
3170
3175
3126
3125
3011
3104
3104
3043
3043
3043
3102
3209
3331
3331
3331
3331
3326
3407
3252
3178
3168
3168
3168
3181
3161
3161
3161
3161
3042
2994
3027
3092
2996
2996
2954
2954
2948
2948
2976
2976
2948
3045
3088
3015
3015
3015
3009
2971
2999
2999
2971
2971
2935
2935
2924
2964
2975
2975
3043
3043
3046
3046
3008
3087
3087
3076
3095
3095
3095
3080
3046
3015
3013
3013
2991
2945
2945
2979
2979
2979
3018
3018
3018
3124
3124
3124
3124
3094
3085
3071
3102
3110
3143
3110
3110
3110
2987
2987
3045
3045
3045
3045
3045
3088
3088
3149
3149
3132
3132
3132
3239
3239
3171
3098
3084
3056
3056
3073
3055
3096
3096
3096
3065
3065
3108
3108
3108
3108
3108
3052
3108
3108
3127
3170
3146
3146
3117
3102
3043
3135
3135
3129
3107
3107
3113
3156
3114
3053
3099
3099
3087
2933
2966
2966
2912
2912
2896
2972
3036
3024
3024
3024
2957
2957
3015
2998
3010
2952
2956
2968
2965
2920
2920
2943
2927
2935
2921
2939
2939
2963
2963
2948
2948
2948
2948
2926
2901
2957
2952
2934
2934
2956
2956
2915
2915
2915
2915
3075
3075
3056
3056
3056
3056
3122
3094
3032
3025
3025
3025
3015
3158
3158
3167
3209
3209
3189
3172
3149
3181
3202
3202
3202
3151
3151
3151
3154
3219
3219
3219
3219
3212
3091
3156
3153
3172
3214
3232
3232
3185
3185
3129
3129
3198
3198
3259
3259
3259
3307
3350
3479
3439
3403
3368
3359
3335
3382
3453
3437
3437
3461
3461
3402
3308
3231
3244
3172
3172
3211
3251
3251
3251
3292
3283
3305
3304
3304
3304
3230
3268
3257
3214
3214
3214
3214
3168
3210
3210
3207
3207
3207
3207
3229
3263
3263
3319
3319
3319
3331
3331
3347
3347
3347
3347
3347
3347
3290
3290
3290
3315
3307
3307
3363
3363
3411
3405
3546
3546
3546
3461
3384
3384
3384
3338
3340
3340
3228
3226
3226
3154
3183
3183
3183
3084
3084
3062
3062
3041
3041
3047
3125
3125
3125
3125
3215
3203
3180
3139
3187
3187
3099
3099
3057
3057
3068
3054
3054
3056
3006
3112
3079
3177
3140
3172
3175
3214
3264
3264
3264
3206
3130
3151
3163
3163
3163
3175
3175
3199
3199
3179
3179
3153
3172
3172
3094
3094
3094
3107
3133
3133
3133
3139
3137
3137
3134
3218
3236
3236
3236
3240
3240
3290
3290
3353
3375
3278
3344
3344
3330
3330
3330
3309
3309
3309
3225
3160
3160
3145
3169
3181
3181
3279
3279
3375
3375
3303
3196
3157
3158
3158
3140
3140
3119
3113
3113
3165
3165
3165
3148
3171
3146
3146
3229
3257
3257
3257
3250
3250
3250
3177
3110
3139
3139
3177
3172
3148
3148
3172
3158
3194
3194
3098
3156
3192
3208
3148
3203
3241
3227
3227
3249
3249
3249
3356
3175
3202
3202
3152
3151
3151
3199
3199
3199
3199
3199
3219
3156
3156
3175
3175
3100
3086
3185
3230
3200
3175
3175
3250
3219
3219
3193
3193
3193
3229
3313
3329
3321
3215
3215
3232
3232
3186
3186
3186
3186
3189
3197
3197
3197
3197
3193
3212
3169
3159
3159
3159
3125
3125
3162
3225
3225
3088
3042
3042
3064
3064
3064
3056
3048
3048
3029
3020
2998
3022
2998
2998
3005
3081
3081
3062
3062
3088
3105
3105
3105
3105
3105
3105
3102
3102
3078
3017
3017
3017
3017
3017
3070
3119
3063
3100
3106
3101
3101
3016
3016
3043
3007
3013
3013
3032
3033
3033
3033
3033
3033
3033
3003
2966
2923
2923
2923
2977
2991
3000
3000
3000
3005
3022
3000
3000
2959
2959
2970
2970
2970
2955
2955
2955
3019
3033
3033
3034
3053
2999
2999
3006
3007
3007
3012
3016
3016
3025
3016
3016
3016
3008
2996
3022
3022
3022
3022
3022
3002
3002
3017
3021
3021
3021
3014
3057
3107
3191
3149
3111
3112
3097
3172
3149
3149
3149
3187
3187
3133
3133
3154
3154
3154
3238
3099
3091
3094
3051
3095
3095
3038
3105
3087
3015
3015
3102
3102
3102
3075
3157
3157
3157
3162
3156
3201
3132
3116
3102
3102
3056
3021
3021
3065
3065
3034
3116
3116
3116
3033
3033
3033
3061
3061
3061
3113
3124
3059
3081
3116
3088
3043
3007
3052
3088
2948
2949
2998
3111
3111
3111
3071
3095
3180
3166
3166
3166
3089
3117
3212
3203
3203
3194
3150
3106
3101
3084
2990
2944
3045
3045
3051
3103
3050
3077
2994
3011
3011
3095
3064
3064
3055
3078
3055
3142
3275
3275
3275
3275
3191
3257
3377
3411
3411
3387
3387
3324
3324
3295
3268
3194
3177
3052
3052
3078
3092
3092
3062
3062
3109
3117
3080
3065
3005
3005
3005
3005
2991
3051
3046
3095
3131
3145
3093
3160
3160
3160
3213
3213
3137
3105
3091
3108
3108
3108
3091
3162
3200
3192
3192
3192
3135
3115
3115
3115
3119
3119
3093
3137
3116
3069
3069
3000
3000
3000
3007
3054
3054
3054
3054
3113
3113
3113
3194
3194
3149
3149
3157
3163
3110
3110
3110
3076
3078
3078
3078
3076
3050
3050
3050
3068
3068
3076
3133
3133
3092
3186
3241
3241
3197
3197
3214
3214
3164
3223
3205
3187
3187
3169
3173
3147
3124
3124
3124
3143
3128
3123
3094
3075
2988
3010
3010
2942
2942
3010
3035
3101
3101
3101
3099
3117
3117
3117
3081
3081
3081
3103
3093
3133
3133
3170
3105
3018
3019
3073
3191
3246
3217
3207
3207
3228
3228
3266
3316
3286
3286
3265
3242
3276
3378
3373
3373
3373
3302
3328
3263
3296
3304
3298
3319
3319
3337
3309
3309
3368
3349
3393
3317
3278
3304
3304
3189
3189
3142
3204
3224
3185
3176
3212
3168
3157
3157
3157
3157
3177
3163
3099
3092
3092
3132
3132
3097
3097
3097
3084
3084
3084
3084
3084
3186
3126
3044
3134
3143
3101
3138
3138
3137
3174
3226
3226
3229
3228
3234
3233
3233
3261
3281
3239
3242
3302
3254
3254
3207
3174
3264
3191
3135
3106
3068
3068
3068
3105
3113
3113
3134
3093
3100
3119
3119
3119
3119
3173
3172
3147
3048
3003
3003
3003
3105
3105
3006
3062
3062
3062
3062
3069
3069
3069
3045
3038
3060
3057
3121
3069
3069
3159
3159
3129
3129
3145
3184
3177
3206
3204
3110
3069
3138
3153
3153
3153
3153
3169
3185
3285
3256
3225
3188
3139
3158
3172
3158
3279
3279
3166
3166
3166
3081
3119
3132
3056
3071
3068
3070
3094
2994
2994
3023
3091
3103
3103
3103
3103
3103
3048
3034
3064
3048
2995
2995
3000
3006
3006
3006
3123
3123
3123
3123
3156
3156
3156
3189
3160
3103
3021
3031
3075
3140
3059
3059
3048
3049
3091
3091
3134
3132
3167
3167
3143
3143
3164
3073
3051
3035
3035
3107
3107
3135
3193
3185
3185
3238
3238
3238
3238
3238
3238
3238
3242
3242
3248
3209
3209
3209
3228
3190
3184
3216
3139
3139
3151
3092
3092
3150
3159
3159
3061
3065
3061
3061
3061
3061
3061
3052
3103
3190
3190
3229
3152
3154
3159
3159
3159
3264
3264
3264
3264
3162
3135
3135
3135
3195
3185
3205
3202
3222
3222
3189
3236
3147
3106
3106
3115
3115
3115
3167
3167
3103
3108
3122
3113
3113
3105
3164
3222
3160
3173
3143
3162
3179
3126
3126
3131
3131
3057
3033
3050
3050
3045
3045
2995
3019
3002
3010
3010
3010
3022
3019
3019
2984
2984
3038
3038
3038
3036
3021
3008
2968
2968
2944
2988
2988
2988
2988
2988
2933
2933
2910
2910
2882
2882
2882
2882
2882
2882
2882
2882
2882
2889
2882
2896
2896
2896
2929
2985
3098
3032
3003
3009
3009
3015
2977
2947
2947
2947
2947
2947
2947
2947
2947
2887
2887
2887
2887
2887
2887
2887
2887
2904
2920
2920
2944
3025
3101
3101
3101
2985
2985
2945
2945
2945
3049
3049
3077
3070
3074
3074
3014
3037
3049
3056
3049
3049
3049
3049
3004
2983
2983
2983
2995
2951
2951
2951
2951
2947
2946
2946
2993
2993
2993
2993
3000
3000
3058
3013
2998
2962
2962
2970
3035
3078
3139
3139
3165
3164
3164
3164
3164
3249
3249
3216
3216
3250
3235
3197
3157
3108
3092
3092
3092
3185
3185
3130
3185
3112
3028
3043
3043
3043
3043
2992
2992
2992
2992
3065
3065
3065
3018
3076
3003
3000
3043
3043
3043
3043
3043
3000
3000
3000
3000
3000
3000
3000
3033
3056
3033
3053
3053
2996
2996
3055
3004
3031
3034
3074
3074
3074
3087
2998
2990
3112
3027
3027
3027
3027
3027
3038
3022
3049
3026
3026
3026
3026
3026
3026
3015
2993
2951
2918
2925
2925
2942
2942
2942
2911
2904
2904
2908
2908
2906
2906
2906
2971
2952
2932
2947
2932
2932
2950
2964
2955
2942
2970
3002
3002
3002
3001
3001
3001
3001
3001
3059
3059
3059
3084
3084
3136
3069
3124
3212
3212
3212
3169
3169
3158
3158
3158
3157
3157
3134
3134
3155
3155
3216
3269
3269
3255
3221
3201
3246
3224
3224
3224
3224
3267
3298
3214
3214
3210
3210
3239
3239
3239
3239
3234
3066
3066
3066
3066
3066
3066
3066
3024
3023
3023
3023
3023
3018
3085
3085
3063
3063
3063
3045
3045
3045
3045
3042
3042
3042
3042
3042
3042
3042
3069
3119
3117
3090
3090
3090
3090
3090
3090
2998
3000
3041
3041
3124
3146
3156
3156
3156
3156
3155
3155
3155
3161
3182
3235
3173
3173
3173
3220
3219
3249
3249
3320
3320
3320
3366
3330
3391
3391
3391
3391
3391
3372
3372
3335
3302
3289
3266
3266
3266
3272
3272
3272
3251
3251
3251
3261
3192
3192
3149
3129
3129
3129
3180
3180
3180
3180
3138
3138
3163
3227
3204
3204
3204
3204
3113
3113
3063
3063
3063
3007
2990
2981
2981
2981
3022
3065
3065
3096
3072
3072
3137
3137
3115
3115
3115
3088
3088
3173
3075
3075
3075
3075
3075
3118
3113
3053
3053
3073
3056
3089
3089
3089
3089
3079
3047
3047
3047
3047
3002
3002
3021
3026
3044
3014
3073
3019
3081
3056
3075
3075
3187
3137
3168
3256
3257
3197
3158
3205
3205
3238
3238
3238
3201
3180
3214
3214
3109
3149
3196
3196
3196
3125
3125
3125
3060
3026
3030
3025
3025
3081
3081
3081
3048
3048
3037
3043
3037
3037
3037
3109
3186
3186
3070
3070
3050
3007
3007
3018
3047
3042
3080
3161
3138
3138
3080
3080
3080
3071
3127
3106
3126
3126
3126
3168
3168
3168
3153
3153
3086
3051
2978
2978
2978
2978
2979
2980
3036
2999
2999
2996
2996
3035
3035
3035
3058
3058
3058
3016
3016
3016
3016
3016
3025
3016
3016
3035
3016
3016
3041
3145
3190
3119
3119
3048
3048
3070
3070
3070
3056
3034
3082
3140
3194
3194
3180
3088
3035
3035
3035
3035
3035
3020
3007
3007
3007
3045
3007
3007
3035
3066
3066
3022
3043
3053
3053
3037
3037
3026
3026
3061
3056
3073
3101
3153
3251
3200
3200
3197
3217
3171
3171
3183
3183
3186
3186
3100
3100
3100
3100
3078
3078
3121
3121
3024
3024
2980
3003
3035
3095
3089
3089
3114
3114
3108
3093
3093
3104
3067
3087
3121
3121
3148
3148
3055
3075
3097
3097
3097
3096
3131
3196
3208
3208
3208
3208
3244
3244
3121
3121
3066
2954
2954
2951
2951
2951
2923
2923
2947
2947
2947
2947
2922
2922
2922
2922
2918
2939
2940
2940
2999
2999
3027
2976
2986
2986
2988
2988
2988
2979
2979
3042
3084
3080
3080
3038
3038
3038
3038
3038
3007
2976
2976
2977
2993
2993
3031
3031
3031
3031
3083
3083
3064
3101
3101
3107
3092
3073
3073
3073
3108
3108
3108
3108
3108
3108
3108
3098
3098
3080
3080
3080
3069
3154
3154
3100
3144
3131
3143
3143
3143
3174
3174
3174
3174
3144
3144
3144
3144
3144
3144
3144
3144
3144
3217
3267
3267
3267
3304
3304
3247
3228
3241
3241
3243
3243
3218
3224
3204
3204
3204
3197
3197
3197
3197
3211
3211
3194
3194
3194
3250
3263
3190
3208
3208
3239
3239
3199
3117
3092
3034
3034
3088
3088
3095
3061
3025
3025
3025
3025
3025
3046
3046
2987
2960
2960
2942
2942
2942
2942
2942
2942
2942
2942
2902
2884
2904
2912
2912
2912
2971
2972
2996
2927
2927
2927
2904
2943
2989
3030
3030
3030
3003
3003
3112
3125
3179
3179
3218
3302
3245
3245
3204
3136
3110
3089
3046
3141
3141
3141
3141
3120
3120
3106
3090
3066
3063
3016
3049
3049
3049
3047
3047
3178
3198
3123
3104
3104
3068
3083
3029
3029
3084
3071
3071
3071
3071
3052
2984
2980
2980
2950
2950
2950
2950
2978
3055
3057
3057
3057
3046
3063
3058
3082
3046
3050
3056
3022
3022
3022
3037
3032
3032
3032
3032
3032
3032
3051
3064
3127
3127
3113
3105
3105
3146
3148
3148
3148
3159
3159
3197
3197
3146
3110
3103
3063
3056
3056
3056
3056
3056
3064
2992
2992
2992
2992
2992
2955
2967
2967
2967
2967
2965
2965
2982
3003
3003
3003
3030
2993
2993
2993
2993
2993
3000
2996
2996
2993
2966
2956
2956
2956
2956
2972
2956
2956
2956
2956
2956
2934
2934
2977
2972
2972
2972
2972
2972
2968
2968
2968
2968
2968
2968
2964
3005
3005
3010
3010
3010
3010
2986
3055
3055
3066
3066
3066
3060
3060
3080
3080
3068
3068
3068
3043
3072
3081
3106
3135
3129
3169
3134
3136
3136
3136
3136
3134
3136
3081
3081
3081
3057
3057
3057
3057
3057
3049
3027
3078
3078
3078
3043
3134
3134
3137
3167
3174
3173
3173
3173
3173
3173
3097
3092
3092
3054
3054
3054
3054
3054
3090
3090
3090
3090
3099
3115
3115
3099
3099
3080
3088
3084
3084
3042
3042
3058
3085
3085
3051
3082
3082
3082
3082
3082
3080
3109
3060
3030
2987
3019
3019
3019
3019
3035
2985
2955
2955
2952
2952
2952
2940
2915
2915
2924
2944
2944
3018
3034
3034
3034
3034
3034
3002
3002
3024
3024
3024
3024
3024
3018
3018
3018
3036
3064
3134
3134
3176
3176
3243
3243
3243
3243
3219
3304
3304
3304
3359
3359
3376
3292
3229
3259
3205
3205
3156
3156
3099
3099
3099
3099
3126
3126
3098
2981
3032
3014
3014
3071
3071
3065
2950
2950
2950
2950
2950
2950
3019
3019
3019
3019
3019
3038
2957
2957
2957
2952
2952
3005
3005
2949
2931
2931
2931
2931
2935
2935
3020
3020
3020
3020
3020
3037
3037
3037
3037
3037
3037
3037
3037
3068
3068
3068
3068
3076
3076
3038
3038
3030
3017
3004
3004
3004
2962
2962
2938
2938
2938
2938
2970
2970
2970
2970
2970
2970
2970
2970
2970
2970
3036
3030
3030
3030
3061
3061
3061
3061
3061
3040
3040
3073
3073
3073
3073
3135
3141
3141
3141
3141
3141
3141
3182
3158
3158
3158
3158
3158
3158
3158
3158
3158
3081
3096
3119
3119
3119
3094
3094
3084
3084
3084
3084
3084
2955
2982
3007
2982
3003
2955
2955
2955
2955
2967
2967
2967
2967
2967
2967
2962
2962
2962
2962
2990
2990
2993
2993
2993
2993
3026
3120
3090
3063
3071
3050
3050
3050
3017
3018
3006
3006
3006
2992
3071
3071
3071
3071
3050
2990
2990
3009
2981
2981
2981
2981
2981
2981
2981
2981
2981
2981
3002
2886
2886
2886
2871
2871
2858
2858
2858
2843
2866
2866
2853
2853
2853
2886
2891
2901
2865
2889
2889
2873
2873
2896
2896
2896
2902
2902
2902
2902
2902
2902
2902
2902
2920
2889
2888
2883
2883
2920
2920
2926
2921
2913
2913
2913
2913
2913
2967
2967
2967
2960
2960
2960
2960
2960
2960
2960
2979
2978
2991
3002
3054
3054
3054
3054
3056
3056
3056
3056
3089
2977
2961
2961
2968
2961
2961
2961
2961
2961
2961
2963
2982
2989
2989
2989
2897
2953
2978
2978
2978
2978
2978
2978
2978
2978
2978
2978
3027
3027
3015
3015
2937
2883
2946
2911
2911
2909
2868
2846
2846
2884
2884
2884
2868
2885
2885
2885
2902
2902
2902
2902
2902
2871
2871
2913
2873
2873
2873
2880
2865
2865
2869
2869
2869
2869
2894
2894
2894
2899
2899
2899
2894
2851
2851
2871
2872
2869
2869
2869
2869
2868
2877
2877
2877
2877
2877
2877
2877
2877
2877
2877
2871
2871
2871
2871
2871
2871
2871
2917
2917
2917
2897
2858
2858
2858
2846
2846
2849
2883
2883
2883
2917
2917
2951
2951
2917
2917
2896
2903
2903
2903
2903
2903
2928
2921
2939
2939
2898
2880
2880
2880
2880
2880
2881
2919
2919
2919
2995
2995
2917
2917
2917
2917
2917
2934
2931
2931
2990
2990
2990
2990
3001
3004
3004
3004
3035
3035
3035
3055
3065
3065
3049
3049
3049
3049
3201
3201
3201
3201
3201
3099
3099
3099
3099
3099
3037
3037
3027
2955
2955
2955
2954
2954
2983
2955
2955
2955
2955
2968
2940
2938
2938
3000
2983
2983
2983
2983
2984
2984
2884
2884
2884
2906
2906
2906
2906
2906
2906
2925
2939
2939
2916
2916
2848
2848
2855
2855
2855
2855
2855
2855
2855
2855
2855
2859
2859
2858
2858
2858
2881
2881
2881
2885
2900
2969
2990
2990
2990
2990
3034
2932
2866
2866
2866
2885
2885
2854
2901
2901
2901
2901
2901
2901
2879
2910
2929
2929
2929
2929
2929
2929
2929
2929
2929
2941
2925
2925
2906
2906
2906
2906
2906
3017
2906
2906
2906
2906
2906
2926
2927
2927
2926
2926
2926
2926
2926
2910
2910
2904
2904
2885
2885
2884
2884
2856
2856
2856
2856
2856
2845
2845
2845
2860
2860
2860
2860
2860
2860
2850
2850
2850
2850
2850
2850
2851
2851
2860
2860
2897
2875
2875
2875
2875
2874
2874
2889
2889
2845
2845
2845
2864
2864
2864
2864
2841
2841
2841
2841
2841
2841
2841
2841
2841
2847
2847
2847
2847
2847
2847
2855
2865
2863
2854
2861
2861
2861
2861
2840
2840
2840
2840
2869
2869
2869
2869
2867
2868
2878
2856
2856
2856
2934
2944
2970
2998
3024
3024
2983
2983
2996
2996
3065
3065
3065
3001
3014
3014
2983
2970
2970
2970
2970
2995
2995
2995
3052
3018
3033
2926
2926
2932
2932
2932
2932
2932
2932
2912
2912
2912
2912
2912
2912
2915
2915
2915
2915
2915
2915
2902
2867
2867
2867
2867
2848
2848
2848
2848
2848
2919
2919
2940
2919
2919
2919
2978
2990
2990
2990
3041
3041
3041
2982
2929
2854
2859
2863
2872
2872
2926
2936
2959
2959
2980
2980
2980
2980
2985
3013
3013
3013
3013
2963
2933
2927
2911
2949
2949
2949
2970
2970
2970
2970
2935
2935
2911
2911
2911
2911
2911
2911
2911
2911
2959
3001
3028
3028
3058
3115
3105
3094
3094
3085
3041
3041
3041
3041
3041
3016
2992
2992
2986
2986
2986
2948
2960
2970
2921
2921
2921
2918
2927
2927
2927
3007
3007
2914
2914
2914
2925
2967
2967
2967
2908
2908
2908
2908
2908
2910
3005
3005
2984
2975
2975
2975
2975
2960
2947
2947
2927
2925
2956
2956
2956
2956
2956
2916
2916
2916
2916
2916
2916
2946
2912
2898
2885
2885
2885
2910
2910
2921
2928
2928
2928
2928
2928
2870
2870
2863
2856
2855
2855
2855
2855
2865
2882
2862
2862
2855
2855
2879
2879
2914
2991
2991
3001
3001
3001
3001
3044
3006
3006
2964
2939
2939
2939
2939
2939
2939
2939
2939
2939
2939
2939
2951
2951
2951
2988
3004
3004
3004
2930
2967
2967
2987
2987
2969
3011
2986
2960
2960
2960
2979
2971
2921
2963
2963
2917
2917
2917
2909
2909
2920
2920
2909
2909
2878
2893
2889
2889
2834
2830
2830
2830
2830
2830
2830
2830
2830
2834
2834
2834
2860
2853
2823
2855
2855
2839
2839
2844
2844
2844
2875
2898
2830
2894
2821
2821
2836
2836
2826
2859
2826
2826
2850
2815
2798
2801
2801
2800
2800
2800
2752
2752
2757
2757
2752
2752
2752
2752
2752
2752
2752
2752
2752
2752
2752
2752
2775
2775
2775
2775
2775
2775
2775
2808
2808
2808
2808
2808
2808
2796
2808
2808
2808
2808
2810
2810
2810
2810
2810
2810
2824
2848
2848
2848
2848
2843
2843
2869
2869
2859
2884
2857
2857
2857
2857
2857
2857
2857
2928
2928
2928
2928
2878
2878
2878
2878
2878
2884
2884
2898
2881
2881
2881
2875
2875
2875
2896
2896
2896
2896
2896
2896
2896
2875
2875
2875
2875
2875
2875
2875
2875
2875
2875
2875
2931
2947
2930
2994
2994
2994
2994
2991
2991
2991
2991
2999
3015
2977
2977
2977
2977
2977
2995
3027
2995
2995
2995
2995
2995
2995
2995
2995
2995
2995
2995
2995
2995
2995
2995
2995
2995
2870
2870
2870
2870
2852
2852
2875
2867
2848
2848
2859
2859
2859
2859
2859
2859
2859
2859
2884
2884
2884
2884
2884
2884
2884
2927
2954
2921
2921
2921
2921
2921
2921
2921
2921
2954
2954
2954
2954
2954
2942
2942
2943
2943
2943
2943
2950
2950
2950
2950
2950
2952
2952
2952
2944
2944
2944
2944
2944
2944
2944
2944
2961
2961
2961
2961
2969
2969
2992
2992
2995
2939
2939
2939
2939
2836
2836
2836
2836
2836
2836
2837
2836
2861
2861
2852
2852
2852
2836
2836
2836
2836
2836
2836
2836
2836
2836
2836
2836
2838
2838
2838
2838
2838
2838
2838
2838
2851
2836
2836
2836
2836
2836
2865
2865
2865
2853
2853
2819
2820
2885
2885
2812
2812
2837
2837
2837
2837
2812
2812
2812
2804
2846
2846
2820
2820
2820
2820
2819
2850
2850
2886
2886
2886
2844
2844
2844
2844
2844
2844
2844
2844
2906
2906
2853
2853
2853
2849
2849
2849
2844
2844
2825
2825
2825
2825
2825
2825
2846
2846
2846
2846
2849
2849
2851
2851
2857
2857
2857
2867
2867
2867
2837
2837
2853
2839
2886
2881
2881
2882
2882
2882
2882
2882
2889
2842
2842
2835
2835
2829
2829
2829
2829
2829
2829
2843
2843
2843
2843
2831
2831
2831
2822
2822
2822
2822
2819
2819
2819
2819
2842
2863
2863
2863
2863
2863
2863
2863
2874
2874
2905
2914
2914
2914
2914
2907
2907
2907
2907
2907
2907
2907
2918
2918
2918
2918
2918
2907
2907
2907
2907
2882
2882
2880
2900
2900
2900
2900
2900
2900
2900
2900
2900
2900
2879
2879
2879
2879
2879
2879
2879
2879
2873
2873
2873
2873
2873
2873
2873
2888
2888
2831
2832
2832
2832
2832
2832
2835
2853
2853
2827
2839
2839
2839
2839
2839
2839
2827
2823
2823
2823
2823
2809
2809
2809
2818
2825
2825
2829
2829
2829
2829
2829
2829
2829
2829
2829
2816
2816
2816
2813
2813
2816
2816
2816
2816
2816
2816
2816
2816
2816
2793
2808
2808
2793
2793
2793
2793
2793
2793
2793
2793
2793
2793
2793
2793
2793
2793
2793
2793
2793
2793
2793
2793
2793
2793
2793
2793
2793
2793
2793
2793
2793
2793
2793
2793
2793
2793
2805
2802
2804
2804
2804
2804
2804
2804
2804
2804
2804
2800
2800
2800
2800
2793
2793
2793
2821
2821
2821
2821
2803
2803
2803
2803
2803
2803
2794
2794
2794
2794
2793
2849
2849
2854
2854
2846
2846
2846
2846
2846
2846
2846
2835
2835
2835
2835
2852
2839
2839
2839
2839
2839
2839
2820
2820
2820
2820
2820
2820
2810
2810
2810
2810
2810
2810
2810
2819
2810
2810
2810
2810
2810
2810
2810
2810
2810
2817
2817
2817
2817
2817
2817
2817
2817
2817
2817
2817
2817
2817
2843
2810
2808
2793
2793
2796
2794
2794
2795
2795
2795
2795
2795
2811
2803
2803
2803
2795
2795
2795
2795
2795
2795
2795
2795
2795
2800
2800
2800
2800
2800
2800
2801
2801
2801
2801
2801
2801
2801
2801
2801
2801
2801
2801
2801
2801
2801
2801
2801
2801
2795
2795
2795
2795
2807
2807
2795
2795
2795
2795
2801
2801
2801
2801
2801
2801
2801
2801
2801
2801
2816
2816
2816
2816
2816
2824
2824
2824
2824
2824
2824
2824
2824
2824
2824
2824
2824
2803
2803
2828
2828
2828
2828
2828
2828
2841
2790
2790
2790
2786
2786
2786
2786
2786
2796
2796
2809
2809
2809
2809
2809
2809
2809
2809
2809
2809
2809
2812
2812
2812
2813
2831
2829
2829
2829
2829
2829
2840
2840
2840
2863
2847
2857
2857
2880
2880
2880
2880
2880
2840
2840
2840
2840
2899
2899
2899
2878
2878
2878
2878
2872
2840
2794
2794
2794
2794
2794
2794
2786
2786
2786
2786
2786
2786
2786
2786
2786
2786
2786
2786
2786
2786
2786
2786
2786
2786
2786
2786
2786
2786
2786
2786
2786
2786
2795
2795
2795
2795
2795
2795
2795
2802
2786
2786
2786
2799
2799
2799
2799
2799
2799
2799
2799
2799
2809
2809
2812
2812
2857
2857
2857
2857
2857
2883
2813
2813
2825
2825
2825
2825
2825
2825
2825
2825
2825
2825
2825
2825
2825
2825
2825
2835
2835
2835
2838
2838
2838
2838
2838
2838
2838
2838
2820
2820
2820
2820
2820
2820
2820
2820
2820
2820
2820
2820
2815
2815
2815
2815
2815
2815
2815
2827
2827
2827
2827
2827
2813
2813
2813
2818
2818
2818
2818
2818
2818
2818
2818
2831
2858
2858
2786
2786
2805
2805
2805
2805
2805
2801
2801
2802
2802
2791
2791
2791
2791
2791
2787
2787
2787
2787
2787
2787
2787
2787
2787
2787
2787
2787
2787
2787
2787
2787
2787
2787
2787
2787
2787
2787
2787
2787
2798
2798
2798
2798
2798
2798
2798
2798
2787
2787
2803
2803
2803
2803
2805
2805
2803
2803
2800
2800
2800
2800
2800
2800
2797
2797
2797
2803
2797
2797
2797
2797
2797
2797
2797
2797
2797
2797
2797
2797
2797
2797
2797
2797
2797
2797
2797
2797
2797
2797
2797
2797
2797
2797
2797
2797
2797
2797
2827
2827
2827
2829
2829
2829
2829
2829
2827
2827
2827
2827
2827
2827
2827
2827
2816
2821
2821
2821
2821
2821
2849
2849
2848
2848
2893
2893
2893
2893
2862
2862
2826
2826
2825
2825
2825
2825
2825
2825
2825
2825
2849
2849
2849
2849
2849
2889
2841
2841
2841
2819
2883
2880
2871
2870
2870
2870
2870
2786
2786
2786
2786
2786
2786
2786
2786
2786
2786
2786
2786
2786
2788
2788
2788
2781
2781
2781
2781
2781
2781
2778
2778
2778
2778
2778
2778
2778
2778
2778
2778
2778
2778
2778
2778
2778
2778
2778
2778
2791
2791
2804
2804
2804
2804
2804
2804
2804
2779
2771
2771
2757
2757
2757
2757
2757
2757
2757
2757
2757
2757
2757
2757
2757
2757
2757
2757
2757
2757
2757
2757
2757
2757
2757
2757
2757
2757
2757
2757
2757
2757
2757
2757
2757
2786
2786
2786
2786
2786
2786
2786
2784
2784
2784
2769
2769
2769
2797
2797
2797
2772
2772
2772
2772
2772
2772
2772
2772
2757
2757
2757
2757
2757
2757
2757
2757
2785
2785
2785
2776
2776
2776
2764
2764
2764
2764
2764
2763
2765
2751
2751
2751
2751
2751
2751
2751
2751
2751
2774
2774
2774
2774
2782
2782
2782
2782
2782
2782
2782
2797
2797
2797
2797
2797
2797
2797
2797
2797
2796
2796
2796
2796
2796
2796
2796
2796
2796
2796
2796
2786
2786
2786
2785
2785
2785
2793
2793
2793
2785
2785
2785
2785
2785
2785
2785
2785
2785
2842
2842
2842
2842
2847
2829
2829
2829
2829
2829
2829
2813
2826
2830
2830
2830
2830
2830
2820
2818
2794
2794
2795
2768
2768
2768
2768
2768
2773
2773
2751
2751
2751
2751
2751
2751
2751
2751
2751
2751
2751
2751
2754
2754
2754
2754
2754
2754
2754
2754
2754
2754
2756
2756
2756
2756
2756
2756
2756
2756
2756
2756
2759
2761
2761
2761
2761
2761
2761
2761
2761
2754
2754
2754
2754
2754
2754
2754
2754
2754
2754
2754
2754
2754
2754
2754
2754
2754
2754
2754
2754
2754
2754
2754
2754
2754
2754
2754
2754
2754
2754
2765
2765
2766
2766
2766
2766
2766
2765
2765
2765
2776
2771
2771
2771
2771
2771
2789
2789
2789
2771
2779
2779
2779
2771
2771
2771
2771
2771
2771
2771
2771
2771
2771
2771
2771
2771
2771
2771
2771
2771
2771
2771
2771
2771
2771
2771
2771
2771
2771
2771
2771
2771
2772
2772
2772
2772
2772
2772
2772
2790
2790
2790
2790
2790
2782
2782
2782
2782
2782
2782
2782
2775
2772
2771
2771
2771
2771
2771
2771
2785
2785
2785
2785
2785
2785
2785
2785
2785
2785
2785
2785
2785
2785
2785
2785
2785
2785
2785
2785
2785
2785
2785
2785
2785
2785
2785
2785
2785
2785
2785
2785
2785
2785
2785
2787
2786
2786
2786
2786
2786
2786
2786
2786
2786
2786
2786
2786
2786
2786
2786
2786
2786
2786
2787
2785
2785
2785
2793
2793
2793
2793
2793
2793
2793
2787
2787
2787
2787
2787
2787
2787
2787
2787
2787
2787
2787
2787
2787
2787
2787
2787
2787
2787
2787
2787
2787
2787
2787
2787
2787
2787
2787
2787
2787
2787
2787
2787
2787
2787
2787
2787
2787
2787
2787
2787
2787
2787
2787
2787
2787
2787
2787
2787
2787
2787
2787
2787
2787
2785
2785
2785
2785
2785
2785
2785
2785
2785
2785
2785
2785
2787
2787
2787
2787
2787
2787
2787
2787
2787
2787
2787
2787
2787
2787
2787
2787
2787
2787
2787
2787
2787
2785
2785
2785
2785
2785
2785
2785
2785
2785
2785
2785
2785
2785
2785
2785
2791
2791
2791
2791
2791
2786
2786
2786
2786
2786
2786
2782
2782
2782
2782
2782
2782
2818
2818
2818
2818
2818
2790
2790
2808
2808
2808
2815
2815
2815
2815
2785
2785
2785
2785
2785
2785
2782
2782
2782
2782
2786
2786
2786
2785
2785
2785
2785
2774
2774
2774
2774
2774
2774
2774
2774
2774
2774
2774
2774
2776
2776
2776
2776
2776
2776
2776
2776
2776
2776
2776
2774
2774
2774
2774
2774
2774
2774
2774
2774
2774
2774
2774
2774
2774
2774
2774
2774
2774
2774
2774
2774
2774
2774
2774
2774
2774
2774
2774
2774
2774
2774
2774
2774
2774
2774
2774
2778
2778
2778
2778
2778
2778
2774
2774
2774
2774
2774
2774
2774
2774
2774
2783
2783
2783
2783
2783
2783
2783
2783
2774
2774
2774
2774
2774
2774
2774
2774
2774
2774
2774
2774
2774
2775
2775
2775
2775
2775
2775
2775
2775
2775
2775
2775
2775
2775
2775
2775
2775
2775
2775
2775
2775
2775
2775
2775
2775
2775
2775
2774
2774
2774
2775
2775
2775
2775
2775
2775
2775
2775
2775
2775
2775
2775
2775
2775
2775
2775
2775
2775
2775
2786
2786
2786
2786
2786
2786
2786
2775
2780
2780
2780
2780
2780
2780
2783
2783
2783
2783
2783
2783
2783
2787
2780
2780
2780
2780
2775
2775
2775
2782
2782
2782
2782
2782
2782
2782
2782
2782
2782
2782
2782
2782
2782
2782
2782
2782
2782
2782
2782
2782
2782
2782
2782
2782
2782
2786
2778
2778
2778
2778
2778
2778
2778
2778
2778
2778
2778
2775
2775
2775
2775
2775
2791
2791
2775
2775
2775
2775
2775
2775
2775
2775
2775
2775
2775
2775
2775
2775
2777
2777
2777
2778
2778
2778
2778
2778
2792
2792
2792
2792
2792
2792
2792
2774
2774
2774
2774
2774
2774
2774
2774
2774
2774
2774
2774
2774
2774
2774
2774
2774
2774
2774
2774
2774
2774
2774
2803
2803
2803
2803
2803
2803
2774
2774
2774
2774
2774
2774
2774
2774
2774
2774
2774
2774
2774
2774
2774
2774
2774
2774
2774
2774
2774
2774
2774
2774
2774
2774
2774
2774
2774
2774
2776
2776
2774
2774
2787
2787
2774
2791
2791
2791
2791
2791
2779
2779
2779
2779
2779
2774
2774
2774
2774
2774
2774
2774
2774
2774
2774
2774
2774
2774
2774
2774
2774
2774
2774
2774
2774
2774
2774
2774
2774
2774
2774
2774
2774
2774
2774
2774
2774
2774
2774
2774
2774
2774
2774
2774
2774
2774
2774
2774
2774
2774
2774
2774
2774
2774
2774
2774
2774
2774
2774
2786
2786
2786
2786
2786
2786
2781
2781
2781
2781
2781
2781
2781
2781
2781
2781
2781
2781
2781
2781
2774
2774
2774
2774
2774
2774
2774
2774
2774
2774
2774
2774
2774
2774
2774
2774
2774
2774
2774
2774
2774
2774
2774
2774
2774
2774
2774
2774
2774
2774
2774
2774
2774
2774
2774
2774
2774
2774
2774
2774
2774
2774
2774
2774
2774
2774
2774
2774
2774
2774
2774
2774
2774
2774
2774
2774
2774
2774
2774
2774
2774
2774
2774
2774
2774
2774
2774
2774
2774
2778
2778
2778
2778
2778
2778
2779
2783
2783
2783
2784
2784
2784
2784
2784
2784
2784
2784
2784
2783
2783
2783
2783
2783
2783
2783
2783
2783
2783
2783
2783
2783
2783
2783
2783
2783
2783
2783
2783
2783
2783
2783
2774
2774
2774
2774
2774
2774
2774
2774
2774
2774
2774
2774
2774
2774
2774
2774
2774
2774
2774
2774
2774
2774
2775
2775
2775
2775
2775
2774
2774
2774
2774
2774
2774
2774
2774
2774
2774
2774
2774
2774
2774
2774
2774
2774
2786
2786
2786
2786
2786
2786
2774
2774
2774
2774
2774
2774
2774
2774
2774
2774
2774
2774
2774
2774
2774
2774
2774
2774
2774
2774
2774
2774
2774
2774
2774
2774
2774
2774
2774
2774
2774
2774
2774
2774
2774
2774
2774
2774
2774
2774
2774
2774
2774
2774
2774
2774
2774
2774
2774
2774
2774
2774
2774
2774
2774
2774
2774
2774
2774
2774
2774
2774
2774
2774
2774
2774
2774
2774
2777
2777
2777
2777
2777
2777
2777
2774
2774
2774
2774
2774
2774
2774
2774
2774
2774
2774
2774
2774
2774
2774
2774
2774
2774
2774
2774
2774
2774
2774
2774
2774
2774
2774
2774
2774
2774
2774
2774
2774
2775
2775
2775
2775
2775
2775
2775
2775
2775
2775
2779
2779
2779
2779
2779
2780
2780
2780
2780
2780
2780
2780
2780
2780
2780
2775
2775
2771
2771
2772
2772
2772
2772
2772
2772
2771
2771
2771
2771
2771
2771
2771
2771
2771
2771
2771
2771
2771
2771
2771
2771
2771
2771
2771
2771
2771
2771
2771
2771
2771
2771
2771
2763
2763
2763
2767
2767
2767
2767
2767
2767
2763
2763
2763
2763
2763
2763
2763
2763
2763
2763
2763
2763
2763
2763
2763
2763
2763
2763
2763
2763
2763
2763
2763
2763
2763
2763
2763
2763
2763
2763
2763
2763
2763
2763
2763
2763
2763
2763
2763
2763
2763
2763
2763
2763
2763
2763
2763
2763
2763
2763
2763
2763
2763
2763
2752
2752
2752
2752
2752
2752
2752
2752
2752
2757
2757
2757
2757
2752
2752
2752
2752
2752
2752
2752
2752
2752
2752
2752
2752
2752
2752
2752
2752
2752
2752
2752
2752
2752
2752
2752
2752
2752
2752
2752
2752
2752
2752
2752
2752
2752
2752
2752
2752
2752
2752
2752
2753
2753
2753
2752
2752
2752
2752
2752
2752
2752
2752
2752
2752
2752
2752
2752
2752
2752
2752
2752
2752
2752
2752
2752
2752
2752
2752
2752
2752
2752
2752
2752
2752
2752
2752
2752
2752
2752
2752
2752
2752
2752
2752
2752
2752
2752
2752
2752
2752
2752
2752
2752
2752
2752
2752
2752
2752
2752
2752
2752
2752
2752
2752
2752
2752
2752
2752
2752
2752
2752
2752
2752
2752
2752
2752
2752
2752
2752
2752
2752
2752
2752
2752
2752
2752
2752
2752
2752
2752
2752
2752
2752
2752
2752
2752
2752
2752
2752
2752
2752
2752
2752
2752
2752
2752
2752
2752
2752
2752
2752
2752
2752
2752
2752
2752
2752
2752
2752
2752
2752
2752
2752
2752
2752
2752
2752
2752
2752
2752
2752
2752
2752
2752
2752
2752
2752
2752
2752
2752
2752
2752
2752
2752
2752
2752
2752
2752
2752
2752
2752
2752
2752
2752
2752
2752
2752
2752
2752
2752
2752
2752
2752
2752
2752
2752
2752
2752
2752
2752
2752
2752
2752
2752
2753
2753
2753
2753
2753
2753
2753
2753
2753
2753
2752
2752
2752
2752
2752
2752
2752
2752
2752
2752
2752
2752
2752
2752
2752
2752
2752
2752
2752
2752
2752
2752
2752
2752
2752
2752
2752
2752
2752
2752
2752
2752
2752
2752
2752
2752
2752
2752
2752
2752
2752
2752
2752
2752
2752
2752
2752
2752
2752
2752
2752
2752
2752
2752
2752
2752
2752
2752
2752
2752
2752
2752
2752
2752
2752
2752
2752
2752
2752
2752
2752
2752
2752
2752
2752
2752
2752
2752
2752
2752
2752
2752
2752
2752
2752
2752
2752
2752
2752
2752
2752
2752
2752
2752
2752
2752
2752
2752
2752
2752
2752
2752
2752
2752
2752
2752
2752
2752
2752
2752
2752
2752
2752
2752
2752
2752
2752
2752
2752
2752
2752
2752
2752
2752
2752
2752
2752
2752
2752
2752
2752
2752
2752
2752
2752
2752
2752
2752
2752
2752
2752
2752
2752
2752
2752
2752
2752
2752
2752
2752
2752
2752
2752
2752
2752
2752
2752
2752
2752
2752
2752
2752
2752
2752
2752
2752
2752
2752
2752
2752
2752
2752
2752
2752
2752
2752
2752
2752
2752
2752
2752
2752
2752
2752
2752
2752
2752
2752
2752
2752
2752
2752
2753
2753
2753
2753
2753
2753
2753
2753
2753
2753
2753
2752
2752
2752
2752
2752
2752
2752
2752
2752
2752
2752
2752
2752
2752
2752
2754
2754
2754
2754
2754
2754
2754
2754
2754
2754
2754
2754
2754
2754
2754
2754
2754
2754
2754
2754
2754
2754
2754
2754
2754
2754
2754
2754
2754
2754
2754
2754
2754
2754
2754
2754
2754
2754
2754
2754
2754
2754
2754
2754
2754
2754
2754
2754
2754
2754
2754
2754
2754
2754
2754
2754
2754
2754
2754
2754
2754
2754
2754
2754
2754
2754
2754
2754
2754
2754
2754
2755
2755
2755
2755
2755
2755
2755
2755
2755
2755
2753
2753
2753
2753
2753
2752
2752
2752
2752
2752
2752
2752
2752
2752
2755
2755
2755
2755
2752
2752
2752
2752
2752
2752
2752
2752
2752
2752
2752
2752
2752
2752
2752
2752
2752
2752
2752
2752
2752
2752
2752
2752
2752
2752
2752
2752
2752
2752
2752
2752
2752
2752
2752
2756
2756
2756
2756
2756
2756
2756
2756
2756
2756
2756
2756
2756
2756
2754
2754
2754
2754
2754
2754
2754
2754
2754
2752
2752
2752
2752
2752
2752
2752
2752
2752
2752
2752
2752
2752
2752
2752
2752
2752
2752
2752
2752
2752
2752
2752
2752
2752
2752
2752
2752
2752
2752
2752
2752
2752
2752
2752
2752
2752
2752
2752
2752
2752
2752
2752
2752
2752
2752
2752
2752
2752
2752
2752
2752
2760
2760
2760
2760
2752
2752
2752
2752
2752
2752
2752
2752
2752
2752
2752
2752
2752
2752
2752
2752
2752
2752
2752
2752
2752
2752
2752
2752
2752
2752
2752
2752
2752
2752
2752
2752
2752
2752
2758
2758
2758
2758
2758
2758
2758
2758
2758
2758
2758
2758
2758
2758
2758
2758
2758
2758
2758
2758
2758
2758
2758
2758
2758
2758
2758
2758
2758
2758
2758
2758
2758
2758
2758
2758
2758
2758
2758
2758
2758
2758
2758
2758
2758
2758
2758
2758
2758
2752
2752
2752
2754
2766
2766
2760
2760
2760
2760
2760
2760
2760
2760
2760
2760
2760
2760
2760
2760
2760
2760
2760
2752
2752
2752
2752
2752
2752
2752
2752
2759
2759
2759
2759
2759
2759
2759
2759
2754
2754
2754
2754
2754
2754
2754
2754
2754
2754
2754
2754
2754
2754
2754
2754
2754
2752
2752
2752
2752
2752
2752
2752
2752
2752
2752
2752
2752
2752
2752
2752
2752
2752
2752
2755
2755
2752
2752
2752
2752
2752
2752
2752
2752
2752
2752
2752
2752
2752
2752
2753
2753
2753
2753
2753
2753
2753
2753
2753
2753
2752
2752
2752
2752
2752
2752
2752
2752
2752
2752
2752
2752
2752
2752
2752
2752
2752
2752
2752
2752
2752
2752
2752
2752
2752
2752
2752
2752
2752
2752
2752
2752
2752
2752
2752
2752
2752
2752
2752
2752
2752
2752
2752
2760
2760
2760
2760
2760
2760
2760
2760
2760
2760
2760
2760
2760
2760
2760
2760
2760
2760
2760
2760
2760
2760
2760
2760
2760
2760
2760
2760
2760
2760
2760
2760
2760
2760
2760
2760
2760
2760
2760
2760
2760
2760
2760
2760
2760
2760
2760
2760
2760
2760
2760
2760
2760
2760
2760
2760
2760
2760
2760
2760
2760
2760
2760
2760
2760
2760
2758
2758
2758
2758
2758
2758
2758
2758
2758
2758
2758
2758
2760
2760
2760
2760
2760
2760
2760
2760
2760
2760
2760
2760
2760
2760
2760
2760
2760
2760
2760
2760
2760
2760
2760
2760
2760
2760
2760
2760
2760
2760
2760
2760
2760
2760
2760
2760
2760
2760
2760
2760
2760
2760
2760
2760
2760
2760
2760
2760
2760
2760
2760
2760
2760
2760
2760
2760
2760
2760
2760
2760
2760
2760
2760
2760
2760
2760
2760
2760
2760
2760
2760
2760
2760
2760
2760
2760
2760
2760
2760
2760
2760
2760
2760
2760
2760
2760
2760
2760
2760
2760
2760
2760
2760
2760
2760
2760
2760
2760
2760
2760
2760
2760
2760
2760
2760
2760
2760
2760
2760
2760
2760
2760
2760
2760
2760
2760
2760
2760
2760
2760
2760
2760
2760
2760
2760
2760
2760
2760
2760
2760
2760
2760
2760
2760
2760
2760
2760
2760
2760
2760
2762
2762
2762
2762
2762
2762
2760
2760
2760
2760
2760
2760
2760
2760
2760
2760
2760
2760
2760
2760
2760
2760
2760
2760
2760
2760
2760
2760
2760
2760
2760
2760
2760
2760
2760
2760
2760
2760
2760
2760
2760
2760
2760
2760
2760
2760
2760
2760
2760
2760
2760
2760
2760
2760
2766
2766
2760
2760
2760
2760
2760
2760
2760
2760
2760
2760
2756
2756
2756
2756
2756
2756
2756
2756
2756
2756
2756
2756
2756
2756
2756
2756
2756
2756
2756
2756
2756
2756
2756
2756
2756
2756
2756
2756
2756
2756
2756
2756
2756
2756
2756
2756
2756
2756
2756
2756
2756
2756
2756
2756
2756
2756
2756
2756
2756
2756
2756
2756
2756
2756
2756
2756
2756
2756
2756
2756
2756
2756
2756
2756
2756
2756
2756
2756
2756
2756
2756
2756
2756
2756
2756
2756
2756
2756
2756
2756
2756
2756
2756
2756
2756
2756
2756
2756
2756
2756
2756
2756
2756
2756
2756
2756
2756
2756
2756
2756
2756
2756
2756
2756
2756
2756
2756
2756
2756
2756
2756
2756
2756
2756
2756
2756
2756
2756
2756
2756
2756
2756
2756
2756
2756
2756
2756
2756
2756
2756
2763
2756
2756
2756
2756
2756
2756
2756
2756
2756
2756
2756
2756
2756
2756
2756
2759
2759
2759
2759
2759
2759
2759
2759
2759
2759
2759
2759
2759
2759
2759
2759
2759
2759
2759
2759
2763
2763
2763
2763
2763
2763
2763
2763
2763
2763
2763
2763
2763
2763
2763
2763
2763
2763
2763
2763
2763
2763
2763
2763
2763
2763
2763
2763
2763
2763
2763
2763
2763
2764
2764
2764
2764
2764
2764
2763
2763
2763
2763
2763
2763
2763
2763
2763
2761
2761
2761
2761
2761
2761
2761
2761
2761
2761
2761
2761
2761
2761
2761
2761
2761
2761
2761
2760
2760
2760
2760
2760
2759
2759
2759
2759
2759
2759
2759
2759
2759
2759
2759
2759
2759
2759
2759
2759
2759
2759
2759
2759
2759
2759
2759
2759
2759
2759
2759
2759
2759
2759
2759
2759
2759
2759
2759
2759
2759
2759
2759
2759
2759
2759
2759
2759
2759
2759
2759
2759
2759
2759
2759
2759
2759
2759
2759
2759
2759
2759
2759
2759
2759
2759
2759
2759
2759
2759
2762
2762
2762
2762
2762
2762
2762
2762
2762
2762
2762
2762
2762
2762
2762
2759
2759
2759
2759
2759
2759
2759
2759
2759
2759
2759
2759
2759
2759
2759
2759
2759
2759
2759
2759
2759
2759
2759
2759
2759
2759
2759
2759
2759
2759
2759
2759
2759
2759
2759
2759
2759
2759
2759
2759
2759
2759
2759
2759
2759
2759
2759
2759
2755
2755
2755
2755
2755
2755
2755
2755
2755
2755
2755
2755
2755
2755
2755
2755
2755
2755
2755
2755
2755
2759
2759
2759
2759
2759
2755
2755
2755
2755
2755
2755
2755
2755
2755
2755
2755
2755
2755
2755
2755
2755
2755
2755
2755
2755
2755
2755
2755
2755
2755
2755
2755
2755
2755
2755
2755
2750
2750
2750
2750
2750
2750
2750
2750
2750
2750
2750
2750
2756
2756
2756
2756
2756
2756
2756
2756
2756
2756
2756
2750
2750
2750
2750
2750
2750
2750
2750
2750
2750
2750
2750
2750
2750
2750
2750
2750
2750
2750
2750
2750
2750
2750
2750
2750
2750
2750
2750
2750
2750
2750
2750
2750
2750
2750
2750
2750
2750
2750
2750
2750
2746
2746
2746
2746
2746
2746
2746
2746
2746
2746
2746
2746
2746
2746
2746
2746
2746
2746
2746
2746
2746
2746
2746
2746
2746
2746
2746
2753
2753
2753
2753
2753
2753
2753
2753
2753
2753
2753
2753
2753
2753
2753
2753
2753
2753
2753
2753
2753
2753
2753
2753
2753
2753
2753
2751
2751
2751
2751
2751
2751
2751
2751
2751
2751
2751
2751
2751
2751
2751
2751
2751
2751
2751
2751
2751
2751
2751
2751
2751
2751
2751
2751
2751
2751
2751
2751
2751
2751
2751
2751
2751
2751
2751
2751
2751
2751
2751
2751
2751
2751
2751
2751
2751
2751
2751
2751
2751
2751
2751
2751
2751
2751
2751
2751
2751
2751
2751
2751
2751
2751
2751
2751
2751
2751
2751
2751
2751
2751
2751
2751
2751
2751
2751
2751
2751
2751
2751
2751
2754
2754
2754
2754
2754
2754
2754
2754
2754
2754
2754
2754
2751
2751
2751
2751
2751
2751
2751
2751
2751
2751
2751
2751
2751
2751
2751
2751
2746
2746
2746
2746
2746
2746
2746
2746
2746
2746
2746
2746
2746
2746
2746
2746
2746
2746
2746
2746
2746
2746
2746
2746
2746
2746
2746
2746
2746
2746
2746
2746
2746
2746
2746
2746
2746
2746
2746
2746
2746
2746
2746
2746
2746
2746
2746
2746
2746
2746
2746
2746
2746
2746
2746
2746
2746
2748
2748
2748
2748
2748
2748
2748
2748
2748
2746
2746
2746
2746
2746
2746
2746
2747
2747
2747
2747
2747
2747
2747
2747
2747
2747
2747
2747
2747
2747
2747
2747
2747
2747
2747
2747
2747
2747
2747
2747
2747
2747
2747
2747
2747
2747
2747
2747
2747
2747
2747
2747
2747
2747
2747
2747
2747
2747
2747
2747
2747
2747
2749
2749
2749
2749
2749
2749
2749
2752
2752
2752
2752
2752
2750
2750
2750
2750
2750
2750
2750
2750
2746
2746
2746
2746
2746
2746
2746
2746
2746
2746
2746
2746
2746
2746
2746
2746
2749
2749
2749
2749
2749
2749
2749
2749
2749
2746
2746
2746
2746
2746
2746
2746
2746
2746
2746
2746
2746
2746
2746
2746
2746
2746
2746
2746
2746
2746
2746
2746
2746
2746
2746
2746
2746
2746
2746
2746
2746
2746
2746
2746
2746
2746
2746
2746
2746
2746
2746
2746
2746
2746
2746
2746
2746
2746
2746
2746
2746
2746
2746
2746
2746
2746
2746
2746
2746
2746
2746
2746
2746
2746
2746
2746
2746
2746
2746
2746
2746
2746
2746
2746
2746
2746
2746
2746
2746
2746
2746
2746
2746
2746
2746
2746
2746
2746
2746
2746
2746
2746
2746
2746
2746
2746
2746
2746
2746
2746
2746
2746
2746
2746
2746
2746
2746
2746
2746
2746
2746
2746
2746
2746
2746
2746
2746
2746
2746
2746
2746
2746
2746
2746
2746
2746
2746
2746
2746
2746
2746
2746
2746
2746
2746
2746
2746
2746
2746
2746
2746
2746
2746
2746
2746
2746
2746
2746
2746
2746
2746
2746
2746
2746
2746
2746
2746
2746
2746
2746
2746
2746
2746
2746
2746
2746
2746
2746
2746
2746
2746
2746
2746
2746
2746
2746
2746
2746
2746
2746
2746
2746
2746
2746
2746
2746
2746
2750
2746
2746
2746
2746
2746
2746
2746
2746
2746
2746
2746
2746
2746
2746
2746
2746
2746
2746
2746
2746
2746
2746
2746
2746
2746
2746
2746
2746
2746
2746
2746
2746
2746
2746
2746
2746
2746
2746
2746
