3337
3329
3254
3254
3254
3229
3229
3202
3202
3202
3217
3159
3147
3145
3234
3168
3125
3114
3114
3113
3113
3156
3134
3254
3173
3117
3117
3058
3014
3010
3010
3072
3072
3072
3072
3015
3015
3015
2999
2999
3016
3016
3016
3016
3016
2968
2968
3045
3039
3039
3039
3125
3069
3069
3081
3059
3059
3036
3031
3039
3039
3049
3099
3180
3221
3277
3277
3252
3228
3147
3147
3240
3119
3119
3119
3115
3115
3202
3283
3283
3365
3303
3285
3285
3290
3220
3220
3132
3216
3216
3216
3197
3195
3264
3343
3415
3415
3361
3355
3330
3306
3322
3258
3224
3251
3251
3256
3256
3149
3108
3132
3164
3191
3191
3196
3164
3164
3165
3156
3050
2951
2951
3036
3036
3036
3079
3079
3079
3215
3293
3293
3293
3341
3341
3341
3329
3220
3237
3237
3221
3180
3184
3184
3184
3174
3255
3255
3200
3141
3095
3137
3116
3019
3045
2944
2949
3030
3030
3030
3066
2990
2990
2979
2933
2933
2933
2939
2937
2937
2986
2987
2987
2981
2885
2885
2882
2840
2884
2884
2855
2988
2988
3112
3117
3110
3125
3125
3137
3137
3223
3223
3267
3243
3208
3082
3088
3088
3088
3088
3185
3172
3128
3128
3128
3128
3128
3128
3135
3137
3111
3123
3123
3123
3143
3143
3176
3181
3313
3313
3335
3335
3321
3321
3330
3325
3361
3361
3361
3361
3346
3354
3291
3377
3303
3344
3289
3308
3308
3308
3308
3308
3260
3289
3289
3214
3182
3197
3221
3197
3145
3145
3145
3091
3151
3151
3113
3109
3036
3061
3148
3148
3197
3197
3128
3226
3259
3259
3202
3202
3204
3234
3287
3287
3281
3239
3229
3260
3185
3091
3125
3125
3143
3151
3121
3243
3243
3361
3440
3427
3427
3427
3383
3299
3270
3228
3228
3151
3165
3165
3116
3225
3121
3072
3129
3112
3119
3126
3103
3103
3076
3076
3066
3066
3066
3013
3013
3068
3055
3038
3038
3057
3069
3112
3117
3179
3179
3179
3103
3092
3092
3092
3092
3063
3069
3136
3126
3156
3156
3121
3180
3160
3215
3207
3163
3245
3178
3141
3210
3239
3239
3265
3265
3265
3251
3259
3151
3151
3151
3170
3234
3234
3234
3216
3216
3215
3168
3205
3225
3225
3271
3273
3337
3275
3296
3363
3380
3380
3325
3325
3325
3326
3274
3279
3186
3185
3185
3185
3185
3194
3237
3240
3224
3254
3322
3322
3309
3309
3309
3282
3282
3298
3322
3322
3302
3302
3226
3225
3196
3196
3196
3196
3206
3143
3143
3190
3182
3105
3112
3099
3160
3146
3185
3125
3027
3108
3102
3037
3027
3027
3068
3068
3068
3068
3075
3089
3062
3079
3079
3096
3096
3131
3131
3131
3131
3209
3148
3165
3165
3145
3145
3143
3143
3131
3131
3131
3141
3141
3141
3167
3234
3234
3187
3161
3161
3161
3161
3161
3141
3196
3196
3199
3199
3157
3174
3224
3212
3271
3271
3271
3193
3193
3193
3193
3193
3193
3317
3317
3317
3317
3290
3290
3279
3260
3256
3125
3114
3114
3189
3166
3246
3248
3267
3219
3219
3165
3115
3115
3087
3116
3113
3113
3126
3077
3077
3077
3198
3280
3362
3362
3362
3362
3362
3362
3396
3396
3365
3248
3248
3248
3050
2991
2935
2935
2966
2966
3013
3013
3013
2998
3005
3005
2998
2980
3041
3014
3014
3033
3130
3115
3139
3139
3136
3134
3150
3225
3198
3198
3172
3245
3170
3102
3102
3069
3076
3076
3076
3087
3087
3113
3198
3145
3227
3265
3265
3267
3292
3293
3318
3325
3427
3351
3385
3286
3322
3322
3347
3340
3340
3362
3349
3409
3271
3235
3235
3251
3251
3251
3236
3236
3174
3174
3174
3172
3189
3159
3242
3155
3208
3124
3124
3108
3108
2984
3002
3056
3056
3072
3077
3164
3243
3243
3300
3240
3240
3240
3240
3215
3215
3259
3301
3301
3313
3220
3216
3216
3271
3271
3271
3271
3253
3178
3178
3225
3253
3227
3114
3114
3104
3140
3104
3147
3147
3147
3107
3122
3122
3142
3138
3153
3158
3187
3185
3185
3185
3126
3115
3141
3146
3120
3113
3113
3009
3009
3009
3052
3052
3052
3052
3080
3064
2987
2987
2992
3075
3075
3075
3075
3075
3018
2959
3006
2988
3040
3047
3159
3159
3217
3229
3291
3291
3308
3370
3370
3365
3365
3422
3325
3327
3294
3257
3312
3312
3312
3196
3269
3270
3244
3285
3285
3209
3195
3195
3195
3244
3254
3326
3389
3359
3337
3374
3321
3321
3321
3321
3306
3218
3087
3091
3091
3063
3024
3024
3046
3046
3142
3156
3104
3104
3104
3056
3056
2942
2942
2942
2942
2942
2942
3015
3015
3028
3028
3028
3093
3093
3093
3093
3093
3126
3074
3054
3054
3088
3088
3088
3088
3088
3086
3006
3006
3051
3130
3125
3100
3093
3076
3053
3053
3048
3048
3048
3048
3048
3063
2975
2975
2974
2974
2974
2965
2965
2965
2965
2965
3027
3027
2985
2985
2967
2967
2969
2990
2921
2921
2921
2921
2921
2980
2980
2980
2980
2987
3026
3026
3026
3067
3067
3126
3126
3177
3101
3114
3114
3105
3090
3090
3030
3072
3163
3163
3211
3211
3239
3276
3276
3211
3220
3257
3300
3300
3176
3176
3350
3231
3245
3121
3152
3111
3176
3171
3171
3149
3188
3137
3144
3144
3107
3107
3107
3102
3064
3026
3037
3051
3140
3153
3153
3211
3259
3165
3115
3115
3115
3124
3038
3038
3054
3076
3068
3191
3191
3191
3191
3187
3197
3309
3204
3204
3204
3204
3136
3138
3136
3136
3133
3142
3113
3135
3110
3110
3077
3077
3097
3038
3038
3038
3038
3038
3058
3076
3076
3137
3172
3259
3259
3304
3304
3318
3322
3320
3360
3401
3392
3392
3407
3367
3402
3406
3339
3339
3314
3385
3385
3245
3223
3186
3186
3185
3185
3278
3314
3314
3243
3191
3174
3192
3144
3126
3176
3086
3126
3126
3126
3100
3128
3160
3091
3171
3167
3167
3175
3143
3138
3232
3258
3258
3214
3356
3348
3352
3341
3362
3304
3337
3292
3298
3210
3118
3083
3103
3103
3090
3043
3115
3115
3162
3102
3102
3109
3102
3102
3075
3065
3041
3063
3091
3091
3091
3208
3257
3257
3257
3257
3300
3336
3377
3451
3505
3505
3484
3484
3403
3384
3377
3305
3289
3289
3289
3305
3266
3283
3275
3284
3284
3281
3252
3252
3252
3336
3275
3275
3415
3352
3352
3267
3267
3289
3289
3289
3214
3205
3168
3138
3119
3109
3045
3045
3081
3081
3212
3212
3271
3380
3380
3307
3266
3256
3339
3297
3297
3297
3234
3200
3179
3179
3179
3149
3149
3193
3193
3122
3230
3249
3249
3249
3234
3287
3287
3287
3275
3194
3207
3077
3063
3063
3063
3050
3050
3099
3099
3114
3242
3116
3065
3162
3166
3185
3165
3211
3164
3164
3268
3291
3291
3247
3247
3252
3215
3045
3045
3051
3049
3049
3049
3043
3086
3086
3086
3086
3091
3091
3128
3128
3128
2981
2981
2974
2974
2974
3001
3039
3090
3090
2974
2912
2945
2931
3007
3007
3007
3007
3039
3115
3108
3133
3088
3081
3029
2951
2948
2885
2956
2956
2982
2982
2994
2855
2904
2904
2843
2937
2937
2884
2884
2951
2949
2896
2898
2893
2893
2923
2926
2971
2971
2943
2947
2947
2973
2930
2905
2905
2915
2928
2888
2888
2888
2888
2903
2953
2915
2915
2915
2932
2906
2906
2880
2880
2880
2956
2969
3029
3028
3033
2960
2960
2973
2973
3115
3104
3104
3107
3063
3061
3061
3061
3109
3109
3093
3093
3048
3092
3057
3118
3190
3106
3097
3088
3088
3143
3220
3224
3234
3232
3137
3214
3152
3150
3171
3175
3161
3116
3086
3006
3014
3014
3122
3167
3155
3155
3087
3087
3063
3070
3054
3075
3044
3106
3063
3082
3073
3051
3051
3051
3073
3111
3111
3096
3096
3160
3080
3080
3080
3080
3080
3080
3088
3088
3074
3091
3092
3178
3156
3156
3167
3186
3273
3273
3273
3262
3262
3297
3368
3368
3379
3398
3359
3359
3359
3386
3279
3199
3153
3164
3164
3179
3179
3163
3179
3174
3239
3205
3188
3188
3168
3168
3168
3161
3181
3181
3179
3163
3189
3270
3215
3215
3215
3190
3190
3201
3201
3218
3218
3259
3259
3233
3233
3234
3276
3173
3183
3257
3257
3304
3304
3240
3217
3282
3256
3240
3297
3358
3246
3329
3322
3297
3249
3247
3339
3347
3347
3337
3364
3364
3355
3484
3515
3557
3499
3518
3474
3363
3320
3350
3373
3318
3279
3305
3305
3305
3207
3207
3257
3238
3238
3238
3170
3211
3211
3234
3274
3244
3244
3297
3244
3178
3176
3236
3215
3278
3295
3208
3136
3136
3165
3165
3250
3282
3282
3349
3349
3368
3384
3384
3383
3383
3383
3374
3374
3338
3340
3399
3399
3399
3399
3399
3399
3389
3307
3267
3210
3210
3253
3228
3239
3239
3266
3316
3316
3316
3313
3313
3315
3272
3272
3272
3272
3335
3335
3335
3303
3289
3289
3308
3308
3308
3308
3308
3308
3273
3249
3293
3293
3226
3123
3148
3093
3025
3040
3040
3101
3061
3061
3061
3061
3080
3080
3080
3028
3075
3075
3159
3213
3145
3222
3222
3305
3281
3285
3230
3200
3180
3144
3144
3144
3144
3144
3144
3150
3188
3188
3188
3075
3047
3052
3060
3060
3060
3060
3044
3203
3203
3279
3221
3264
3215
3215
3081
3081
3081
3052
3095
3112
3164
3119
3119
3119
3119
3169
3169
3169
3138
3129
3129
3129
3176
3176
3161
3161
3038
3024
3033
3022
2948
2963
2933
2986
2998
3055
3037
3002
2995
3010
2978
2978
2928
2979
3060
3056
3056
3137
3139
3183
3198
3234
3185
3208
3147
3212
3161
3161
3121
3203
3180
3180
3190
3174
3174
3193
3193
3193
3154
3132
3132
3129
3129
3129
3129
3160
3160
3160
3208
3242
3242
3275
3159
3133
3131
3131
3184
3190
3187
3241
3238
3238
3238
3193
3193
3266
3266
3367
3367
3355
3432
3394
3394
3394
3395
3310
3274
3223
3154
3197
3154
3186
3217
3217
3279
3255
3285
3329
3282
3231
3275
3213
3258
3262
3207
3253
3264
3264
3264
3343
3410
3368
3332
3379
3321
3406
3375
3375
3335
3335
3335
3335
3335
3285
3186
3207
3207
3198
3197
3197
3183
3183
3183
3136
3102
3137
3137
3155
3155
3155
3155
3097
3097
3040
3117
3117
3130
3111
3106
3133
3189
3076
3153
3097
3175
3175
3175
3183
3103
3018
2978
2978
2990
3078
3078
3094
3094
3053
3097
3055
3052
3052
3016
3065
3212
3209
3230
3230
3263
3263
3259
3259
3335
3248
3185
3292
3292
3292
3215
3129
3073
3078
3078
3078
3215
3256
3339
3339
3339
3307
3241
3322
3306
3335
3360
3421
3471
3526
3526
3526
3460
3472
3259
3259
3199
3190
3170
3170
3251
3282
3264
3264
3237
3268
3237
3237
3273
3273
3237
3237
3237
3258
3258
3258
3258
3284
3284
3284
3269
3269
3323
3323
3323
3386
3386
3399
3283
3283
3243
3243
3243
3203
3186
3198
3124
3110
3095
3092
3092
3092
3092
3088
3054
3062
3080
3080
3080
3085
3085
3106
3171
3171
3171
3171
3171
3108
3151
3118
3118
3118
3082
3082
3082
3082
3082
3068
3046
3046
3046
3046
3142
3164
3164
3164
3196
3196
3170
3170
3170
3164
3143
3143
3143
3143
3134
3134
3123
3123
3123
3142
3125
3125
3128
3102
3014
3061
3115
3115
3115
3145
3195
3160
3134
3099
3008
3025
3025
3025
3032
3057
2965
3001
3041
3041
3139
3150
3150
3100
3076
3097
3162
3227
3227
3283
3132
3129
3128
3128
3128
3114
3114
3139
3111
3155
3143
3143
3236
3236
3238
3249
3202
3133
3124
3124
3055
3055
3055
3055
3055
3186
3162
3162
3162
3174
3115
3115
3188
3174
3080
3132
3160
3083
3061
3032
3066
3066
3103
3104
3104
3104
3104
3148
3148
3048
3061
3048
3048
3057
3054
3027
3043
3043
3043
3077
3145
3119
3197
3230
3218
3122
3122
3037
3022
3057
3057
3127
3156
3122
3089
3098
3083
3070
3008
3079
3079
3079
3079
3117
3098
3149
3149
3084
3084
3073
3148
3077
3097
3087
3046
3046
3047
3079
3120
3120
3080
3080
3073
3099
3099
3113
3221
3208
3265
3202
3229
3235
3255
3255
3233
3233
3227
3291
3291
3291
3291
3462
3413
3413
3413
3396
3362
3362
3411
3431
3371
3371
3371
3348
3360
3365
3365
3439
3361
3361
3361
3345
3333
3351
3295
3295
3199
3199
3146
3146
3163
3126
3164
3146
3153
3098
3098
3142
3142
3142
3028
3056
3018
3037
3168
3100
3110
3176
3220
3228
3226
3135
3135
3176
3245
3214
3185
3085
3085
3056
3056
3048
3110
3110
3056
3071
3071
3043
3028
3028
3070
3097
3233
3253
3252
3252
3256
3256
3178
3145
3138
3159
3159
3244
3164
3148
3118
3151
3202
3255
3255
3212
3276
3276
3249
3257
3257
3260
3168
3185
3185
3196
3244
3244
3226
3226
3226
3155
3155
3154
3187
3187
3153
3153
3143
3249
3190
3216
3216
3216
3285
3285
3268
3268
3268
3280
3280
3207
3196
3196
3196
3203
3207
3164
3073
3073
3026
2991
3108
3145
3148
3144
3144
3118
3171
3171
3171
3171
3171
3127
3121
3130
3179
3179
3162
3287
3264
3258
3165
3165
3165
3165
3221
3220
3220
3220
3260
3211
3205
3354
3312
3326
3399
3369
3301
3274
3275
3332
3265
3335
3335
3247
3184
3268
3276
3327
3348
3348
3214
3235
3203
3203
3203
3256
3216
3160
3160
3115
3115
3124
3124
3213
3221
3221
3273
3279
3279
3229
3228
3085
3142
3110
3096
3094
3085
3068
3068
3110
3110
3105
3166
3116
3116
3124
3124
3138
3135
3066
3031
3031
3031
3058
3077
3077
3077
3077
3212
3212
3161
3161
3161
3156
3132
3182
3222
3180
3186
3126
3162
3167
3192
3280
3280
3269
3245
3245
3245
3313
3275
3169
3219
3143
3161
3136
3131
3032
3032
3032
3048
3111
3111
3109
3109
3157
3152
3186
3192
3182
3159
3180
3180
3136
3136
3136
3112
3073
3058
3058
3017
3017
3081
3036
3077
3120
3120
3105
3105
3105
3105
3105
3008
3083
3054
3004
2971
2987
3092
3092
3092
3057
3057
3057
3011
3011
2987
3050
2973
2987
2987
2987
2987
2987
2989
3002
3079
3079
3079
3079
3079
3045
3045
3045
3100
3118
3077
3077
3077
3077
3133
3141
3141
3098
3120
3151
3102
3174
3174
3116
3164
3164
3121
3121
3069
3139
3139
3194
3194
3312
3277
3265
3236
3236
3209
3209
3190
3190
3190
3185
3168
3140
3140
3092
3072
3056
3032
3032
3032
2980
3027
3027
3094
3094
3094
3094
2974
3018
3018
3018
2930
2928
2914
2914
2957
2914
2879
2879
2879
2879
2877
2909
3010
3010
3066
3041
3041
3041
3076
3076
3047
3047
3027
3027
3054
3025
3025
3025
2987
2971
2971
3038
3038
3014
3014
3014
3014
3064
3074
3028
2983
2983
3022
2992
3025
3025
3025
3013
2997
3005
3005
3005
3080
3080
3080
3080
3093
3112
3112
3112
3152
3152
3152
3070
3070
3070
3070
3070
3092
3101
3101
3104
3104
3026
3033
3012
2991
2996
2996
2996
3017
3017
3017
3027
3053
3053
3019
3087
3085
2986
2986
3067
3083
3154
3154
3198
3198
3198
3152
3152
3152
3143
3124
3124
3138
3138
3096
3116
3079
3137
3211
3211
3060
3107
3157
3204
3196
3073
3144
3058
3089
3104
3104
3104
3118
3078
3135
3135
3245
3252
3333
3253
3268
3207
3207
3207
3299
3415
3415
3415
3415
3364
3380
3380
3370
3331
3334
3334
3334
3334
3334
3334
3334
3320
3377
3378
3422
3422
3387
3404
3343
3343
3343
3347
3340
3291
3284
3284
3357
3357
3357
3357
3382
3409
3401
3285
3250
3204
3272
3272
3272
3272
3272
3331
3415
3405
3405
3413
3413
3415
3268
3268
3374
3280
3280
3280
3253
3253
3225
3185
3185
3157
3157
3157
3157
3157
3103
3103
3103
3112
3257
3257
3260
3260
3260
3205
3205
3205
3205
3205
3110
3110
3110
3075
3168
3052
3052
3052
3004
3004
2956
2956
2951
2951
2951
2951
2951
3009
3009
3033
3041
3041
2928
2928
2928
2975
2984
3025
2998
2998
3039
3039
3039
3039
3064
3064
3082
3001
3001
3001
3036
3036
3131
3131
3131
3191
3197
3251
3304
3304
3304
3251
3251
3178
3090
3054
3035
3035
3035
3075
3035
3035
2975
3041
3068
3154
3123
3123
3210
3210
3196
3188
3206
3206
3132
3132
3136
3136
3205
3205
3205
3119
3119
3119
3119
3119
3119
3119
3109
3104
3150
3162
3189
3195
3187
3139
3098
3123
3170
3170
3170
3170
3151
3172
3140
3140
3111
3120
3120
3126
3126
3126
3126
3126
3149
3138
3157
3136
3176
3176
3176
3234
3196
3198
3198
3283
3283
3283
3288
3233
3243
3243
3246
3141
3141
3141
3141
3141
3128
3082
3078
3078
3043
3043
3043
3043
3130
3130
3062
3047
3045
3045
3072
3025
3025
3019
3019
3019
2935
2935
2941
2963
3015
3022
3019
2975
2959
2959
2959
2959
2959
2988
2988
3031
3031
3128
3128
3128
3171
3171
3173
3160
3123
3123
3235
3235
3235
3235
3235
3223
3174
3174
3119
3119
3119
3119
3119
3084
3084
3020
3020
3094
3123
3084
3084
3106
3106
3183
3183
3130
3151
3129
3129
3129
3129
3142
3098
3114
3103
3103
3103
3103
3103
3103
3084
3084
3026
3026
3031
3065
3065
3065
3034
3034
3034
3034
3017
3017
3069
3074
3159
3069
3069
3069
3069
3115
3115
3126
3169
3177
3177
3201
3201
3201
3201
3232
3301
3328
3307
3299
3312
3312
3312
3312
3312
3312
3230
3194
3181
3168
3254
3170
3186
3120
3100
3105
3186
3168
3168
3148
3120
3088
3095
3116
3120
3005
3005
3031
3031
3031
3035
3105
3123
3123
3123
3123
3123
3123
3066
3051
3095
3095
3095
2998
2998
2988
2988
2988
2988
2988
2886
2879
2868
2868
2911
2938
2938
2938
2859
2859
2859
2843
2856
2856
2868
2935
2946
3008
3008
3019
3019
3019
3095
3074
3074
3074
3126
3126
3139
3162
3162
3205
3205
3130
3130
3130
3191
3157
3136
3080
3080
2966
2973
2966
2976
2967
2967
2967
3007
3007
3038
3013
3013
3024
3024
2983
2997
2970
2970
2970
2970
2970
2988
3011
3011
2970
2995
3004
2970
2994
2994
2971
2948
2948
2948
2948
2948
2948
2984
2984
3120
3120
3160
3160
3160
3160
3168
3168
3168
3161
3161
3045
3045
3109
3151
3088
3088
3088
3021
3014
3014
3073
3125
3073
3073
3073
3073
3073
3168
3168
3168
3168
3099
3121
3073
3146
3146
3146
3052
3088
3088
3088
3180
3180
3182
3123
3265
3237
3237
3239
3139
3177
3239
3260
3230
3217
3191
3191
3203
3203
3209
3251
3251
3252
3229
3249
3251
3246
3277
3277
3249
3241
3230
3113
3113
3117
3276
3256
3177
3168
3168
3191
3191
3202
3276
3276
3276
3231
3191
3191
3189
3248
3235
3276
3276
3244
3245
3245
3245
3245
3218
3218
3201
3201
3201
3198
3198
3198
3198
3212
3186
3186
3186
3258
3258
3258
3258
3234
3234
3234
3234
3234
3234
3234
3223
3170
3170
3131
3131
3131
3131
3131
3149
3047
3047
3047
3047
3042
3058
3033
3025
3025
3025
3055
3055
3055
3055
3055
3055
3068
3021
3043
3052
3085
3141
3193
3119
3118
3118
3143
3078
3119
3119
3119
3119
3119
3106
3106
3106
3058
3058
3058
3085
3071
3071
2977
2977
3017
2982
2982
2993
2993
2993
2993
2993
2993
3032
2989
2931
2931
2986
2986
2986
2986
2911
2962
2962
2962
2964
2964
2964
2964
2999
3036
3049
3049
3073
3033
3042
3042
3042
3047
3082
3051
3051
3051
3071
3071
3071
2985
3029
3029
3029
2966
2966
2966
2962
2944
2957
2957
3019
2932
2885
2885
2885
2901
2939
2939
2939
2961
2961
2947
2907
2940
2940
2938
2900
3033
3033
2979
2979
2979
2982
2982
2982
2982
2982
2982
2956
2998
2966
2958
2912
2968
2968
2961
2921
2980
2993
2993
2993
2993
2973
2973
2973
2973
2926
2926
2947
2951
2964
2964
2964
2964
2964
2989
3012
3018
3018
3114
3114
3108
3147
3039
3076
3076
3076
3084
3084
3040
3077
3077
3050
3008
3021
2944
3080
3080
3116
3083
3042
3101
3101
3027
2940
2940
2940
2936
2894
2863
2916
2904
2863
2869
2869
2874
2863
2866
2866
2866
2863
2879
2880
2880
2885
2885
2896
2907
2914
2978
2978
2978
3024
3083
3080
3039
3020
3064
3039
3029
3022
3004
3004
3004
3026
3026
3035
3010
3099
3066
3126
3126
3161
3095
3082
3047
3047
3101
3069
3067
3100
3059
3059
3059
3059
3059
3059
3101
3082
3082
3082
3112
3139
3116
3116
3105
3105
3102
3102
3174
3122
3122
3098
3098
3101
3101
3106
3133
3133
3182
3182
3153
3153
3153
3153
3153
3153
3180
3170
3170
3170
3131
3131
3066
3066
3066
3066
3129
3129
3129
3129
3125
3131
3171
3171
3084
3088
3121
3096
3096
3096
3096
3096
3108
3056
3056
3046
3128
3128
3182
3171
3171
3125
3160
3161
3160
3140
3140
3140
3140
3140
3140
3140
3140
3140
3146
3118
3100
3119
3109
3104
3188
3133
3133
3133
3133
3133
3133
3146
3146
3191
3191
3168
3168
3168
3168
3168
3174
3174
3174
3177
3250
3250
3250
3237
3237
3237
3167
3167
3167
3157
3091
3101
3109
3061
3061
3061
3061
3002
3002
2995
2995
2978
2978
2978
2978
2978
2972
3001
3001
3001
2926
2889
2914
2914
3032
3126
3111
3111
3111
3019
3019
3030
3030
2975
2975
2975
2975
3056
3037
3037
3086
3128
3117
3117
3117
3117
3108
3126
3122
3191
3083
3013
3094
3094
3131
3131
3131
3131
3108
3108
3108
3108
3133
3237
3246
3241
3235
3144
3144
3200
3174
3184
3165
3168
3100
3100
3086
3104
3134
3134
3177
3177
3185
3142
3111
3091
3112
3130
3130
3161
3161
3161
3187
3187
3187
3156
3201
3201
3214
3150
3172
3119
3131
3049
3136
3145
3117
3173
3172
3172
3172
3172
3189
3168
3168
3097
3083
3063
3074
3074
3074
3165
3165
3205
3116
3102
3023
3044
3119
3119
3075
3075
3025
3025
3001
3072
2993
2993
2999
2937
2951
2951
3049
3049
3049
3049
3049
3049
3049
3049
3054
3120
3074
3048
3102
3102
3113
3076
3076
3073
3119
3159
3118
3124
3124
3116
3092
3105
3105
3166
3100
3076
3064
3064
3043
3028
3022
3037
3056
3089
3098
3098
3098
3098
3106
3126
3126
3126
3126
3126
3126
3126
3128
3128
3066
3054
3119
3096
3096
3096
3049
3049
3049
3049
3049
3051
3130
3130
3130
3058
3015
3015
2967
2979
2979
2946
2937
2937
2931
2889
2892
2892
2867
2867
2848
2952
2952
2906
2906
2984
2984
3044
3018
3018
3103
3103
3207
3198
3188
3188
3210
3251
3231
3231
3231
3231
3232
3232
3166
3166
3166
3120
3061
3054
3000
3003
3003
3075
3075
3075
3077
3077
2999
2991
2999
2999
2999
3008
3009
3019
3019
3019
2987
2987
2959
2959
2959
2959
2959
2959
2959
2959
2959
2959
2995
2995
2995
2973
2975
2973
2959
2959
2959
2959
2975
2975
2984
2984
2978
3098
3098
3072
3124
3124
3111
3111
3111
3062
3062
3062
3062
3062
3062
3060
3060
3040
3022
3022
3053
3062
3062
3060
3075
3075
3077
3079
3079
3075
3075
3075
3053
3053
3053
3051
3044
3075
3082
3082
3082
3091
3091
3102
3180
3180
3168
3092
3103
3103
3103
3038
3038
3039
3055
3073
3073
3002
3002
3002
3002
3002
3002
3002
3002
3002
3011
3011
3011
3059
3015
3076
3144
3141
3100
3047
3070
3059
3029
2982
2982
2982
3015
3007
3000
3000
3039
3039
3056
2983
2980
2917
2941
2916
2916
2927
2927
2927
2945
2945
2962
2962
2962
2962
2962
2959
2959
3073
3073
3045
3036
3036
2988
2988
2988
2988
2964
2964
2964
2964
2964
2975
2921
2921
2921
2921
2921
2921
2921
2921
2921
3004
3004
3004
3015
3071
3071
3071
3099
3048
3048
3004
3004
2964
2964
3031
3029
3029
2961
2961
2969
2970
3006
2965
2967
2977
2975
2997
2996
2996
2958
2958
2945
2941
2941
2941
2941
2957
2957
2957
2957
2989
2941
2941
2941
2941
2941
2941
2986
2986
2996
2996
2996
2988
2963
2970
3019
2935
2935
2935
2935
2938
2938
3022
3022
3022
3022
3055
3055
3055
3000
3006
3006
3006
3070
3001
3001
2967
2949
2961
2961
2992
3023
3023
3023
2980
2980
2980
2953
2953
3024
3091
3094
3089
3060
3046
2924
2924
2904
2904
2904
2925
2925
2925
2925
2925
2925
2971
2977
2979
2979
2979
2977
2977
2977
3028
3028
3028
3022
3022
3022
3022
2973
2959
2951
2951
2936
2936
3013
3035
3035
3059
2993
2993
2993
2993
2993
2993
2993
2993
2993
2993
3007
3033
3033
3036
3036
3036
3033
3033
3072
3072
3072
3061
3090
3119
3119
3119
3078
3005
3005
3005
2981
2981
2981
2981
2981
2981
2981
2981
2981
3051
3051
3051
3051
3051
3051
3051
3051
3051
3051
3051
3051
3046
3046
3046
2976
2930
2930
2930
2956
2956
2956
2956
2994
3029
3029
3057
3057
3057
3057
3032
3032
3032
3004
3004
2956
2961
2961
2950
2955
2955
2955
2955
2955
3036
3036
2964
2908
2912
2914
2914
2914
2914
2914
2917
2914
2914
2964
2908
2927
2927
2927
2898
2951
2920
2920
2953
2953
2953
2929
2885
2877
2877
2877
2877
2877
2960
2972
2960
2952
3005
3005
3005
3005
3005
3026
2992
2992
3056
3062
3074
3074
3007
3007
3007
2985
3040
3040
3040
3034
3034
3074
3078
3078
3112
3112
3112
3141
3141
3141
3189
3196
3225
3229
3229
3229
3229
3289
3345
3245
3257
3257
3257
3257
3257
3257
3249
3249
3249
3249
3171
3171
3176
3214
3035
2975
2984
3017
3017
3017
2942
2942
2942
2942
2942
2975
2991
2991
2991
3018
3018
3018
3018
2989
2989
2958
2971
2971
2977
2971
2963
2963
2963
2963
2991
2991
2963
3018
3018
2968
2968
2968
2965
2985
2985
2985
2985
3015
3040
2990
2987
2981
2981
3047
3072
3089
3032
3032
3023
3043
3056
3056
3044
3034
3021
3029
3061
3019
3038
3038
3052
3118
3133
3150
3150
3150
3150
3150
3135
3135
3135
3135
3179
3179
3213
3154
3125
3113
3113
3113
3113
3084
3084
3084
3084
3084
3084
3084
3084
3046
3052
3052
3054
3054
3079
3105
3097
3097
3097
3097
3096
3047
2982
2974
2974
2974
2974
2974
2982
2982
2997
2997
2997
2997
2997
2997
2997
2998
3020
3020
3020
2982
2995
3021
3017
3021
3031
3031
3031
3021
3064
3013
2976
3041
3020
3020
3020
3020
3008
2992
2983
2983
2983
2983
2983
2983
2983
2983
2987
3017
3017
2983
2983
2982
2990
2990
2990
2982
3017
3002
3002
2983
2970
2970
2973
2973
2973
2973
2973
2973
2979
2979
2979
2979
2979
2979
2979
3036
3090
3090
3003
3003
2945
2936
2936
2936
2936
3002
3002
3002
2958
2958
2958
2958
2963
2963
2994
2994
2989
3003
2987
3005
3005
3001
3001
3001
3001
3001
3001
3001
3016
3045
3041
3041
3041
3041
3094
3094
3094
3096
3096
3096
3113
3076
3076
3113
3113
3113
3113
3106
3036
3091
3091
3089
3089
3089
3089
3089
3089
3089
3089
3089
3089
3089
3030
3094
3137
3137
3157
3157
3104
3104
3104
3153
3153
3153
3153
3141
3141
3201
3201
3174
3174
3174
3106
3087
3127
3109
3109
3109
3050
3050
3063
3063
3037
3037
3037
3024
3024
3024
2973
2973
2973
3023
3065
3065
3080
3053
3018
2993
2971
2949
2949
2946
2971
2971
2971
2971
2971
3014
3014
3017
3026
3052
3052
3057
3057
3005
3000
3000
2956
2956
2921
2921
2884
2884
2899
2929
2906
2980
2980
2980
2964
2889
2874
2909
2909
2909
2896
2896
2843
2843
2848
2848
2848
2847
2877
2877
2859
2898
2850
2850
2850
2850
2877
2843
2843
2874
2881
2881
2880
2880
2880
2886
2886
2881
2887
2880
2880
2879
2879
2896
2896
2896
2920
2939
2939
2943
2943
2992
2975
2959
2959
2933
2933
2933
2933
2979
2941
2941
2941
2930
2945
2945
2945
2965
2965
2948
2948
2948
2915
2915
2890
2890
2868
2868
2868
2868
2868
2881
2881
2920
2920
2920
2964
2964
2998
2964
2940
2957
3037
3037
2974
2974
2974
2974
2969
3013
3050
3050
3050
2980
2980
2980
2980
2971
2971
2932
2932
2932
2949
2983
2983
2996
2996
3027
3078
3078
3078
3078
3055
3055
3055
3046
3042
3042
3045
3045
2979
2975
2968
2990
2990
2990
2990
3060
3100
3100
3167
3167
3172
3172
3178
3178
3178
3116
3133
3133
3150
3159
3119
3119
3119
3119
3151
3078
3023
3074
3097
3097
3097
3097
3101
3101
3101
3101
3128
3074
3074
3074
3074
3079
3079
3085
3085
3085
3036
2985
2985
2985
2985
2984
2984
2984
2974
2967
2967
2962
2962
2962
2989
2989
2989
2989
2989
2989
2989
2989
2989
2989
2999
2989
2989
2989
2989
2989
2989
2989
2989
2989
2989
2989
2989
2989
3017
3033
3017
3032
3032
3032
3033
3039
3039
3030
3107
3107
3070
3070
3054
3054
3054
3054
3059
3057
3028
3028
3028
3039
2994
2994
3059
3064
3064
3064
3064
3064
3081
3081
3081
3068
3127
3061
3083
3083
3083
3083
3114
3107
3189
3189
3189
3189
3189
3222
3222
3221
3221
3153
3153
3120
3124
3114
3108
3171
3171
3171
3171
3171
3171
3171
3171
3171
3171
3171
3171
3277
3277
3200
3180
3180
3164
3164
3164
3164
3207
3213
3110
3110
3110
3110
3110
3110
3110
3110
3110
3129
3157
3129
3129
3129
3129
3129
3129
3103
3103
3103
3037
3037
3037
3067
3054
3023
3023
3023
3023
3050
3057
3058
2974
2949
2891
2891
2891
2891
2887
2887
2887
2873
2898
2898
2898
2898
2898
2898
2898
2898
2911
2911
2946
2965
2965
2941
2941
2941
2941
2940
2940
2961
2938
2963
2963
2973
2972
2972
3007
3007
2998
2998
2998
2961
2961
2961
2952
2952
2959
2959
2959
2959
2916
2916
2928
2903
2903
2956
2972
2972
2972
2963
2960
2960
2974
2974
2977
2973
2973
2923
2923
3018
3028
3030
3030
3033
3002
2961
2878
2878
2878
2932
2886
2886
2886
2877
2867
2867
2880
2880
2889
2889
2867
2867
2867
2867
2885
2885
2943
2943
2943
2856
2856
2852
2875
2875
2875
2875
2893
2893
2893
2893
2898
2894
2894
2894
2894
2894
2928
2928
2928
2950
2950
2953
2928
2928
2928
2888
2888
2905
2907
2907
2913
2913
2913
2913
2913
2913
2906
2906
2884
2884
2884
2884
2884
2884
2884
2912
2912
2914
2912
2912
2912
2912
2912
2912
2912
2976
2972
2910
2910
2910
2916
2900
2919
2919
2919
2919
2919
2919
2919
3023
3029
2992
2992
2992
2992
2980
2980
2980
2968
2968
2968
2972
3000
2982
2982
2982
2982
2982
3000
2969
2942
2942
2942
2930
2930
2930
2930
2954
2954
2954
2957
2957
2957
2957
2957
2957
2957
2868
2859
2859
2809
2809
2809
2809
2809
2809
2809
2809
2809
2815
2815
2815
2815
2841
2809
2840
2840
2841
2841
2841
2841
2840
2840
2840
2858
2858
2860
2860
2856
2856
2856
2856
2856
2868
2860
2860
2860
2860
2860
2860
2836
2836
2836
2836
2821
2821
2809
2809
2809
2854
2854
2854
2854
2854
2854
2854
2854
2854
2854
2877
2894
2894
2902
2903
2903
2903
2892
2892
2892
2872
2872
2872
2871
2871
2871
2811
2809
2809
2809
2840
2840
2853
2844
2848
2848
2848
2813
2813
2813
2813
2813
2813
2813
2816
2876
2876
2876
2876
2873
2873
2873
2873
2873
2863
2863
2863
2863
2863
2863
2863
2879
2879
2879
2879
2903
2903
2903
2903
2903
2903
2967
2958
2958
2969
2962
2962
2962
2962
2899
2899
2885
2880
2880
2901
2901
2901
2895
2923
2923
2923
2923
2923
2923
2923
2923
2942
2942
2942
2942
2870
2861
2861
2867
2867
2867
2867
2909
2899
2899
2899
2903
2899
2947
2947
2913
2913
2937
2896
2896
2896
2896
2892
2892
2892
2920
2920
2920
2892
2892
2892
2892
2963
2963
2963
3003
3012
3012
3012
3012
2984
2984
2984
2953
2940
2940
2940
2940
2940
2940
2940
2940
2940
2898
2898
2897
2897
2897
2897
2903
2903
2903
2903
2903
2903
2903
2889
2889
2917
2917
2906
2906
2906
2906
2906
2906
2908
2908
2908
2908
2889
2889
2889
2889
2889
2889
2889
2889
2897
2897
2909
2921
2908
2908
2908
2908
2908
2908
2908
2908
2911
2911
2897
2900
2893
2893
2893
2901
2921
2923
2923
2923
2923
2923
2944
2944
2944
2957
2961
2961
2961
2943
2943
2943
3021
2974
2982
2923
2923
2923
2923
2935
2951
2951
2951
2951
2951
2951
2951
2951
2951
2947
2979
2993
2976
2976
2976
2976
2976
2976
2976
2976
2957
2957
2957
2957
2929
2929
2929
2929
2929
2905
2925
2925
2959
2940
2996
2996
2996
2996
3008
3008
3008
3008
2945
2945
2945
2947
2947
2898
2923
2923
2923
2923
2923
2923
2909
2909
2909
2909
2909
2909
2909
2897
2897
2913
2913
2899
2873
2873
2873
2873
2873
2873
2873
2873
2873
2874
2874
2897
2899
2899
2881
2881
2881
2899
2902
2915
2931
2958
2958
2915
2915
2915
2915
2915
2923
2889
2889
2889
2889
2889
2889
2889
2889
2889
2889
2889
2889
2889
2889
2889
2889
2889
2889
2900
2889
2889
2889
2937
2918
2889
2932
2942
2942
2942
2905
2905
2905
2905
2905
2905
2909
2817
2817
2800
2800
2800
2800
2800
2800
2800
2800
2800
2800
2817
2817
2817
2817
2809
2814
2805
2800
2800
2800
2800
2859
2859
2859
2859
2859
2859
2859
2859
2859
2859
2859
2859
2859
2859
2859
2870
2870
2870
2870
2870
2870
2870
2870
2870
2865
2865
2866
2866
2866
2866
2868
2868
2868
2868
2868
2868
2921
2915
2930
2930
2930
2930
2930
2930
2916
2925
2925
2925
2925
2936
2936
2916
2941
2941
2931
2931
2931
2931
2931
2897
2897
2882
2866
2866
2863
2863
2860
2860
2860
2860
2860
2875
2875
2875
2875
2875
2885
2875
2875
2876
2899
2899
2955
2955
2955
2982
2982
2982
2982
2982
2925
2913
2883
2939
2928
2928
2928
2928
2945
3015
2963
2917
2917
2917
2917
2917
2877
2877
2877
2876
2869
2869
2869
2869
2894
2895
2954
2954
2954
2954
2954
2982
2982
2976
2925
2925
2925
2927
2927
2932
2922
2922
2922
2922
2922
2865
2866
2866
2865
2865
2865
2869
2869
2847
2847
2847
2847
2847
2847
2847
2847
2847
2847
2847
2849
2853
2853
2853
2853
2853
2840
2859
2859
2859
2859
2882
2882
2882
2924
2903
2905
2905
2905
2906
2906
2885
2885
2840
2840
2840
2840
2840
2883
2883
2883
2883
2862
2862
2897
2897
2897
2897
2861
2861
2861
2861
2861
2868
2882
2877
2861
2861
2853
2853
2853
2832
2832
2832
2858
2858
2889
2889
2889
2889
2889
2889
2889
2889
2889
2889
2889
2854
2877
2877
2877
2877
2877
2877
2902
2902
2902
2902
2902
2902
2902
2877
2873
2873
2873
2873
2864
2856
2856
2856
2871
2871
2871
2865
2881
2881
2881
2881
2881
2881
2984
2959
2918
2918
2930
2930
2930
2930
2930
2946
2897
2897
2897
2917
2907
2907
2914
2914
2931
2931
2945
2945
2945
2959
2959
2959
2959
2959
2976
2976
2976
2976
2976
2976
2976
2976
2976
2976
2976
2990
2984
2984
2984
2984
2984
2990
2980
2980
2980
2980
2980
2980
2980
2980
2920
2920
2920
2920
2920
2920
2920
2920
2920
2913
2913
2905
2872
2872
2861
2861
2870
2870
2870
2841
2841
2841
2834
2834
2834
2834
2834
2834
2913
2913
2913
2917
2917
2917
2893
2893
2893
2909
2909
2909
2904
2991
2983
2980
2980
2980
2963
2971
2908
2908
2908
2890
2890
2841
2841
2841
2806
2806
2806
2806
2806
2806
2806
2806
2853
2853
2853
2832
2832
2832
2832
2819
2819
2819
2819
2819
2819
2819
2819
2819
2819
2819
2819
2806
2806
2813
2822
2822
2822
2822
2822
2822
2826
2826
2826
2826
2826
2826
2826
2826
2835
2831
2803
2803
2803
2803
2811
2811
2811
2811
2811
2811
2811
2803
2838
2838
2838
2838
2838
2838
2838
2844
2844
2844
2844
2844
2812
2818
2818
2818
2818
2818
2818
2818
2818
2818
2809
2812
2812
2812
2812
2812
2832
2839
2839
2839
2845
2845
2845
2845
2845
2845
2845
2845
2845
2845
2845
2845
2845
2845
2833
2832
2832
2832
2832
2832
2832
2832
2832
2832
2832
2832
2832
2832
2832
2832
2832
2832
2832
2832
2832
2832
2835
2835
2835
2835
2866
2866
2866
2866
2866
2839
2839
2839
2816
2805
2805
2805
2799
2799
2821
2821
2821
2821
2821
2804
2804
2796
2811
2811
2811
2811
2811
2781
2781
2781
2779
2779
2793
2793
2796
2796
2798
2798
2798
2796
2796
2796
2796
2796
2804
2804
2804
2804
2804
2804
2804
2804
2802
2802
2802
2802
2802
2802
2802
2802
2802
2802
2802
2802
2802
2796
2796
2796
2796
2796
2796
2796
2796
2796
2796
2796
2796
2796
2796
2796
2796
2796
2796
2796
2796
2796
2796
2796
2796
2796
2796
2796
2796
2796
2796
2796
2796
2796
2796
2796
2796
2796
2796
2796
2804
2811
2811
2811
2801
2801
2801
2801
2801
2816
2800
2811
2811
2811
2811
2794
2794
2794
2794
2794
2794
2794
2794
2794
2804
2803
2803
2791
2791
2791
2793
2793
2793
2793
2796
2796
2796
2796
2796
2787
2782
2782
2782
2791
2791
2791
2791
2791
2791
2791
2791
2791
2791
2782
2782
2782
2782
2782
2782
2782
2787
2802
2802
2802
2802
2785
2785
2785
2785
2782
2782
2782
2782
2782
2782
2800
2800
2800
2810
2810
2810
2810
2810
2810
2818
2818
2818
2818
2822
2822
2819
2825
2825
2825
2825
2838
2838
2838
2838
2838
2838
2857
2875
2875
2875
2875
2860
2860
2860
2874
2874
2874
2874
2874
2874
2871
2871
2871
2871
2864
2864
2864
2864
2872
2872
2872
2872
2872
2872
2872
2872
2872
2872
2872
2872
2872
2872
2872
2865
2865
2865
2865
2865
2865
2865
2876
2876
2876
2876
2876
2846
2846
2846
2846
2846
2846
2849
2849
2849
2848
2848
2845
2881
2881
2881
2881
2881
2881
2881
2872
2858
2858
2822
2818
2818
2818
2818
2782
2782
2782
2782
2791
2782
2782
2782
2782
2782
2782
2786
2786
2786
2786
2786
2786
2820
2820
2837
2837
2837
2837
2837
2837
2837
2837
2837
2837
2837
2837
2837
2837
2837
2837
2837
2837
2837
2826
2826
2826
2834
2834
2826
2826
2828
2828
2828
2828
2828
2826
2826
2826
2826
2826
2826
2826
2826
2826
2826
2826
2837
2837
2826
2826
2826
2826
2826
2826
2826
2826
2826
2826
2826
2826
2826
2826
2826
2826
2826
2815
2815
2815
2815
2815
2815
2815
2809
2809
2809
2809
2809
2823
2823
2813
2816
2813
2813
2813
2818
2818
2810
2805
2805
2805
2805
2805
2805
2805
2806
2806
2806
2806
2806
2805
2806
2793
2794
2798
2798
2798
2798
2793
2793
2793
2793
2814
2814
2814
2814
2793
2793
2793
2793
2793
2793
2793
2793
2793
2793
2810
2792
2792
2792
2792
2792
2792
2792
2792
2792
2792
2792
2792
2792
2792
2800
2800
2800
2800
2800
2800
2800
2792
2792
2792
2792
2792
2792
2792
2792
2792
2792
2792
2792
2792
2792
2792
2792
2792
2792
2792
2792
2792
2792
2792
2792
2792
2792
2792
2792
2792
2792
2792
2792
2797
2801
2801
2801
2801
2801
2801
2801
2801
2801
2801
2801
2801
2801
2801
2801
2776
2776
2776
2776
2783
2783
2783
2783
2783
2783
2783
2783
2783
2783
2776
2783
2783
2783
2783
2783
2787
2787
2787
2787
2787
2787
2778
2778
2778
2778
2778
2778
2778
2778
2780
2780
2780
2780
2780
2780
2780
2780
2780
2780
2778
2778
2774
2791
2791
2791
2791
2791
2791
2791
2787
2800
2800
2800
2800
2800
2800
2800
2803
2802
2800
2824
2824
2836
2836
2836
2836
2841
2841
2841
2836
2814
2820
2820
2820
2820
2820
2820
2820
2820
2820
2820
2820
2820
2820
2820
2820
2820
2820
2820
2820
2820
2820
2834
2820
2820
2820
2820
2819
2819
2819
2819
2819
2819
2819
2819
2819
2819
2819
2819
2819
2819
2819
2819
2819
2819
2819
2824
2824
2824
2824
2835
2818
2810
2810
2810
2807
2807
2807
2805
2811
2811
2811
2811
2811
2811
2811
2811
2806
2806
2806
2806
2798
2798
2825
2812
2812
2812
2812
2812
2812
2812
2812
2812
2812
2812
2791
2791
2791
2791
2791
2791
2791
2791
2791
2791
2791
2791
2791
2791
2791
2791
2791
2791
2791
2791
2791
2791
2791
2791
2791
2791
2791
2791
2791
2791
2759
2785
2771
2771
2771
2771
2771
2771
2759
2754
2754
2752
2752
2752
2752
2752
2752
2752
2752
2752
2752
2752
2752
2752
2752
2752
2752
2752
2752
2752
2752
2752
2752
2752
2752
2752
2752
2752
2752
2752
2752
2752
2752
2763
2763
2752
2752
2752
2752
2752
2752
2752
2752
2752
2759
2759
2759
2759
2759
2759
2759
2759
2759
2759
2795
2795
2795
2795
2795
2778
2778
2759
2759
2759
2759
2759
2759
2759
2759
2759
2761
2761
2761
2761
2761
2761
2772
2772
2772
2772
2772
2772
2772
2769
2769
2769
2769
2769
2761
2761
2761
2761
2761
2761
2761
2761
2761
2761
2761
2763
2752
2752
2752
2752
2752
2752
2752
2752
2752
2759
2759
2759
2757
2757
2757
2757
2757
2757
2752
2752
2752
2752
2752
2752
2752
2752
2752
2752
2752
2752
2752
2752
2752
2752
2752
2752
2752
2752
2752
2752
2752
2752
2752
2752
2752
2752
2752
2752
2752
2752
2752
2752
2752
2752
2752
2752
2752
2752
2752
2752
2752
2752
2752
2752
2752
2752
2752
2752
2752
2752
2752
2752
2752
2752
2752
2752
2752
2752
2752
2752
2761
2761
2752
2752
2752
2752
2752
2752
2752
2752
2752
2752
2752
2752
2752
2752
2752
2752
2752
2752
2752
2752
2752
2752
2752
2752
2752
2752
2752
2752
2752
2752
2752
2752
2766
2766
2766
2766
2766
2759
2759
2764
2764
2764
2764
2764
2764
2761
2760
2760
2760
2760
2760
2760
2760
2760
2765
2765
2765
2765
2765
2765
2765
2765
2765
2758
2758
2758
2758
2758
2758
2752
2752
2752
2752
2754
2754
2754
2754
2754
2754
2754
2754
2754
2754
2754
2754
2754
2754
2754
2754
2754
2754
2754
2754
2754
2754
2754
2754
2754
2754
2754
2754
2754
2754
2754
2754
2785
2785
2785
2788
2771
2771
2771
2763
2763
2763
2763
2768
2768
2777
2777
2777
2774
2775
2775
2791
2784
2784
2784
2784
2784
2784
2784
2784
2784
2784
2778
2778
2775
2775
2775
2775
2775
2775
2775
2775
2775
2775
2775
2775
2775
2775
2775
2777
2775
2775
2782
2782
2782
2782
2782
2782
2775
2775
2775
2775
2775
2775
2775
2775
2775
2775
2775
2789
2789
2789
2776
2776
2776
2776
2785
2762
2762
2762
2762
2762
2762
2762
2757
2757
2755
2755
2755
2755
2755
2755
2755
2767
2755
2755
2755
2755
2755
2755
2755
2755
2755
2755
2755
2755
2755
2755
2755
2755
2755
2755
2755
2755
2755
2755
2755
2755
2755
2755
2755
2755
2755
2755
2755
2780
2780
2780
2780
2780
2780
2780
2779
2779
2779
2779
2779
2779
2779
2779
2783
2783
2783
2783
2783
2783
2783
2799
2799
2795
2795
2795
2791
2791
2791
2791
2791
2793
2793
2793
2793
2793
2793
2793
2793
2793
2793
2793
2777
2777
2777
2769
2769
2769
2769
2769
2769
2769
2769
2769
2769
2769
2769
2769
2769
2769
2769
2769
2769
2769
2769
2752
2752
2752
2752
2752
2752
2752
2752
2752
2752
2752
2752
2752
2752
2774
2774
2774
2774
2774
2774
2774
2774
2774
2774
2774
2774
2774
2774
2774
2774
2774
2774
2774
2774
2774
2774
2774
2774
2774
2774
2774
2774
2774
2774
2774
2774
2775
2775
2775
2774
2774
2774
2774
2774
2774
2774
2774
2774
2774
2770
2770
2770
2770
2770
2770
2770
2776
2776
2776
2775
2772
2772
2772
2772
2772
2772
2772
2772
2787
2787
2787
2787
2787
2787
2787
2787
2787
2787
2787
2770
2770
2770
2770
2770
2770
2770
2770
2770
2770
2770
2770
2770
2770
2774
2774
2770
2770
2770
2770
2770
2770
2770
2770
2770
2770
2770
2770
2770
2770
2770
2790
2790
2790
2790
2790
2790
2770
2771
2771
2771
2771
2771
2771
2771
2770
2770
2770
2770
2770
2770
2770
2769
2769
2769
2769
2769
2769
2769
2761
2761
2761
2761
2761
2761
2761
2761
2761
2761
2761
2761
2757
2757
2757
2757
2765
2766
2766
2766
2766
2766
2766
2765
2765
2765
2765
2765
2765
2765
2765
2765
2765
2757
2757
2757
2757
2757
2757
2757
2757
2757
2757
2762
2762
2762
2762
2762
2762
2762
2762
2762
2785
2785
2785
2785
2785
2785
2785
2785
2785
2785
2785
2785
2785
2785
2785
2785
2785
2785
2785
2785
2785
2785
2785
2785
2785
2785
2785
2785
2785
2785
2785
2785
2785
2785
2785
2785
2785
2785
2785
2760
2760
2757
2758
2758
2758
2758
2758
2758
2758
2758
2758
2758
2758
2758
2758
2758
2758
2758
2758
2758
2758
2758
2758
2752
2752
2752
2752
2752
2752
2752
2752
2752
2752
2752
2752
2752
2752
2752
2752
2752
2752
2752
2752
2752
2752
2752
2752
2752
2752
2752
2752
2752
2752
2752
2752
2752
2752
2752
2752
2752
2752
2752
2752
2752
2752
2752
2752
2753
2753
2752
2752
2752
2752
2752
2752
2752
2752
2752
2752
2752
2752
2752
2752
2752
2752
2752
2752
2752
2752
2752
2752
2752
2752
2752
2752
2752
2752
2752
2752
2752
2752
2752
2755
2755
2755
2755
2755
2755
2755
2755
2752
2752
2752
2752
2752
2752
2752
2752
2752
2752
2752
2752
2752
2752
2752
2752
2752
2752
2752
2752
2752
2752
2752
2752
2752
2752
2752
2752
2752
2752
2752
2752
2752
2752
2752
2752
2752
2752
2752
2752
2752
2752
2752
2752
2752
2752
2752
2752
2752
2752
2752
2758
2758
2758
2758
2758
2758
2758
2758
2758
2758
2758
2758
2752
2752
2752
2752
2752
2752
2752
2752
2752
2752
2752
2752
2752
2752
2752
2752
2752
2752
2752
2752
2752
2752
2752
2752
2752
2752
2752
2752
2752
2752
2752
2752
2752
2752
2752
2752
2752
2752
2752
2752
2752
2752
2752
2752
2752
2752
2752
2752
2752
2752
2752
2752
2752
2752
2752
2752
2752
2752
2752
2752
2752
2752
2752
2752
2752
2752
2752
2752
2752
2752
2752
2752
2752
2752
2752
2758
2758
2758
2758
2759
2759
2760
2760
2760
2760
2760
2760
2760
2760
2752
2752
2752
2752
2752
2752
2752
2752
2752
2752
2752
2752
2752
2752
2752
2752
2752
2752
2752
2752
2752
2752
2752
2752
2752
2752
2752
2752
2752
2752
2752
2752
2752
2752
2752
2752
2755
2755
2755
2755
2755
2755
2755
2755
2755
2755
2755
2755
2755
2755
2755
2755
2755
2755
2755
2755
2755
2755
2755
2755
2755
2755
2755
2755
2755
2755
2755
2755
2755
2755
2755
2755
2755
2755
2755
2755
2755
2755
2755
2755
2755
2755
2755
2755
2755
2755
2755
2755
2755
2755
2755
2755
2755
2755
2755
2755
2759
2759
2755
2755
2755
2755
2755
2755
2755
2755
2752
2752
2752
2752
2752
2752
2752
2752
2752
2752
2752
2752
2752
2752
2752
2752
2752
2752
2752
2752
2752
2752
2752
2752
2752
2752
2752
2752
2752
2752
2752
2752
2752
2752
2760
2752
2752
2752
2752
2752
2752
2752
2752
2752
2752
2752
2752
2752
2752
2752
2752
2752
2754
2754
2752
2752
2752
2752
2752
2752
2752
2752
2752
2752
2752
2752
2752
2752
2752
2752
2752
2752
2752
2752
2752
2752
2752
2752
2752
2752
2752
2752
2752
2752
2752
2752
2752
2752
2752
2752
2752
2752
2752
2752
2752
2752
2752
2752
2752
2752
2752
2752
2752
2752
2752
2753
2753
2753
2753
2753
2752
2752
2752
2752
2752
2752
2752
2752
2752
2752
2752
2752
2752
2752
2753
2753
2753
2753
2753
2753
2753
2753
2753
2753
2753
2752
2752
2752
2752
2752
2752
2752
2752
2752
2752
2752
2752
2752
2752
2752
2752
2752
2752
2752
2752
2752
2752
2752
2752
2752
2752
2752
2752
2752
2752
2752
2752
2752
2752
2752
2752
2752
2752
2752
2752
2752
2752
2752
2752
2752
2752
2752
2752
2752
2752
2752
2752
2752
2752
2752
2752
2752
2752
2752
2752
2752
2752
2752
2752
2752
2752
2752
2752
2752
2752
2752
2752
2752
2752
2752
2752
2752
2752
2752
2752
2752
2752
2752
2752
2752
2752
2752
2752
2752
2752
2752
2752
2752
2752
2752
2752
2752
2752
2752
2752
2752
2752
2752
2752
2752
2752
2752
2752
2752
2752
2753
2753
2753
2753
2753
2753
2753
2753
2753
2752
2753
2753
2752
2752
2752
2752
2752
2752
2752
2752
2752
2752
2752
2752
2752
2752
2752
2752
2752
2752
2752
2752
2752
2752
2752
2752
2752
2752
2752
2752
2752
2752
2752
2752
2752
2752
2752
2752
2752
2752
2752
2752
2752
2752
2752
2752
2752
2752
2752
2752
2752
2752
2752
2752
2752
2752
2759
2759
2759
2759
2759
2759
2759
2759
2759
2759
2759
2759
2759
2759
2759
2759
2759
2759
2759
2759
2759
2759
2759
2759
2759
2759
2759
2759
2759
2759
2759
2759
2759
2759
2759
2759
2759
2759
2759
2759
2759
2759
2759
2759
2759
2759
2759
2759
2759
2759
2759
2759
2759
2759
2759
2759
2759
2759
2759
2759
2759
2759
2759
2759
2759
2759
2759
2759
2759
2759
2759
2759
2759
2759
2759
2759
2759
2759
2759
2759
2759
2759
2759
2752
2752
2752
2752
2752
2752
2752
2752
2752
2752
2752
2752
2752
2752
2752
2752
2752
2752
2752
2752
2752
2752
2752
2752
2752
2752
2752
2752
2752
2752
2752
2752
2752
2752
2752
2752
2752
2752
2752
2752
2752
2752
2752
2752
2752
2752
2753
2752
2752
2752
2752
2752
2752
2752
2752
2752
2752
2752
2752
2752
2752
2752
2752
2754
2754
2754
2754
2754
2754
2754
2754
2754
2754
2752
2752
2752
2752
2752
2752
2752
2752
2752
2752
2752
2752
2752
2752
2752
2752
2752
2752
2752
2752
2752
2752
2752
2752
2752
2752
2752
2752
2752
2752
2752
2752
2752
2752
2752
2752
2752
2752
2752
2752
2752
2752
2752
2752
2752
2752
2752
2752
2752
2752
2752
2752
2752
2752
2752
2752
2752
2752
2752
2752
2752
2752
2752
2752
2752
2752
2752
2752
2752
2752
2752
2752
2752
2752
2752
2752
2752
2752
2752
2752
2752
2752
2752
2752
2752
2752
2752
2752
2752
2752
2752
2752
2752
2752
2752
2752
2752
2752
2752
2753
2753
2752
2752
2752
2752
2752
2752
2752
2752
2752
2752
2752
2752
2752
2752
2752
2752
2752
2752
2752
2752
2752
2752
2752
2752
2752
2752
2752
2752
2754
2754
2754
2754
2754
2754
2754
2754
2754
2754
2754
2754
2754
2754
2754
2754
2754
2754
2754
2755
2755
2755
2755
2755
2755
2755
2755
2755
2755
2755
2755
2755
2755
2755
2755
2755
2755
2755
2755
2755
2755
2755
2755
2755
2755
2752
2752
2752
2752
2752
2752
2752
2752
2752
2752
2752
2752
2752
2752
2752
2752
2752
2752
2752
2752
2752
2752
2754
2752
2752
2752
2752
2752
2752
2752
2752
2752
2752
2752
2752
2752
2752
2752
2769
2767
2767
2767
2767
2767
2767
2767
2767
2767
2767
2767
2767
2767
2767
2767
2767
2767
2767
2767
2767
2767
2767
2767
2767
2767
2767
2767
2767
2767
2767
2767
2767
2767
2768
2768
2768
2768
2763
2754
2754
2754
2754
2754
2754
2754
2754
2754
2754
2754
2754
2754
2754
2754
2754
2754
2754
2752
2752
2752
2752
2752
2752
2752
2752
2752
2752
2752
2752
2752
2752
2752
2755
2755
2755
2755
2752
2752
2752
2752
2754
2754
2754
2754
2754
2754
2754
2754
2754
2754
2758
2758
2758
2758
2758
2758
2758
2758
2758
2758
2758
2758
2758
2758
2758
2758
2758
2758
2758
2758
2758
2758
2758
2754
2754
2754
2754
2754
2754
2754
2754
2754
2754
2754
2754
2754
2754
2754
2754
2754
2754
2754
2754
2754
2754
2754
2754
2754
2754
2754
2754
2754
2752
2752
2752
2752
2752
2752
2752
2752
2752
2752
2752
2752
2752
2752
2752
2752
2752
2752
2752
2752
2752
2752
2752
2752
2755
2755
2755
2755
2755
2755
2755
2755
2755
2755
2752
2752
2752
2752
2752
2752
2752
2752
2752
2752
2752
2752
2752
2752
2752
2752
2752
2752
2752
2752
2752
2752
2752
2752
2752
2752
2754
2754
2754
2754
2754
2754
2754
2754
2754
2754
2754
2754
2752
2752
2752
2752
2752
2752
2752
2752
2752
2752
2752
2752
2754
2754
2754
2754
2754
2752
2752
2752
2752
2752
2752
2752
2752
2752
2752
2752
2752
2752
2752
2759
2759
2759
2759
2759
2759
2759
2756
2756
2752
2754
2754
2754
2754
2754
2754
2754
2754
2754
2754
2754
2754
2754
2754
2754
2754
2754
2754
2754
2754
2754
2754
2752
2752
2752
2752
2752
2752
2752
2752
2752
2752
2752
2752
2752
2752
2752
2763
2752
2752
2752
2752
2752
2752
2752
2752
2752
2759
2752
2752
2752
2752
2765
2765
2765
2765
2752
2752
2752
2752
2752
2752
2752
2752
2752
2752
2752
2752
2752
2752
2752
2752
2752
2752
2752
2752
2752
2752
2752
2752
2752
2752
2752
2752
2752
2752
2752
2752
2752
2752
2752
2752
2752
2752
2752
2752
2752
2752
2752
2752
2752
2752
2752
2752
2752
2752
2752
2752
2752
2752
2752
2752
2752
2752
2752
2752
2752
2752
2752
2752
2752
2752
2753
2753
2753
2753
2753
2753
2753
2753
2753
2753
2753
2753
2753
2753
2753
2753
2754
2754
2754
2754
2754
2754
2754
2754
2754
2754
2754
2754
2754
2754
2756
2757
2756
2756
2756
2756
2756
2756
2756
2756
2756
2756
2756
2756
2756
2756
2756
2756
2756
2756
2756
2756
2756
2756
2756
2756
2756
2756
2756
2756
2756
2756
2756
2756
2756
2756
2756
2756
2756
2756
2756
2756
2756
2756
2752
2752
2752
2752
2752
2752
2752
2752
2762
2762
2762
2762
2762
2762
2762
2762
2762
2762
2757
2757
2757
2757
2757
2752
2752
2752
2752
2752
2752
2752
2752
2752
2752
2752
2752
2752
2752
2752
2752
2752
2752
2752
2752
2752
2752
2752
2752
2752
2752
2752
2752
2752
2752
2752
2752
2752
2752
2752
2752
2752
2752
2752
2752
2752
2752
2752
2752
2752
2752
2752
2752
2752
2752
2752
2752
2752
2752
2752
2752
2752
2752
2752
2752
2752
2752
2752
2752
2752
2752
2752
2752
2752
2752
2752
2752
2752
2752
2752
2752
2752
2752
2752
2752
2752
2752
2752
2752
2752
2752
2752
2752
2752
2752
2752
2752
2752
2752
2752
2754
2754
2752
2752
2752
2752
2752
2752
2752
2752
2752
2752
2752
2752
2752
2752
2752
2752
2752
2752
2752
2752
2752
2752
2752
2752
2752
2752
2752
2752
2752
2752
2752
2752
2752
2752
2752
2752
2752
2752
2752
2752
2752
2752
2752
2764
2757
2757
2757
2757
2757
2757
2753
2753
2752
2752
2752
2752
2752
2752
2752
2752
2752
2752
2752
2752
2752
2752
2752
2752
2752
2752
2752
2752
2752
2752
2752
2752
2752
2752
2752
2752
2752
2752
2752
2752
2752
2752
2752
2752
2752
2752
2752
2752
2752
2752
2752
2752
2752
2752
2752
2752
2752
2752
2752
2752
2752
2752
2752
2752
2752
2752
2752
2752
2752
2752
2752
2752
2752
2752
2752
2752
2752
2752
2752
2752
2752
2752
2752
2752
2752
2752
2752
2752
2752
2752
2752
2752
2752
2752
2752
2752
2752
2752
2752
2752
2752
2752
2752
2752
2752
2752
2752
2752
2752
2752
2752
2752
2752
2752
2752
2755
2752
2752
2752
2752
2752
2752
2752
2752
2752
2752
2752
2752
2752
2752
2752
2752
2752
2752
2752
2752
2752
2752
2752
2752
2752
2752
2752
2752
2752
2752
2752
2752
2752
2752
2752
2753
2753
2753
2753
2753
2753
2752
2752
2752
2752
2752
2752
2752
2752
2752
2752
2752
2752
2752
2752
2752
2752
2752
2752
2752
2752
2753
2753
2752
2752
2752
2753
2753
2753
2753
2753
2752
2752
2752
2752
2752
2752
2752
2752
2752
2752
2752
2752
2752
2752
2752
2752
2752
2752
2752
2752
2752
2752
2752
2752
2752
2752
2752
2752
2752
2752
2752
2752
2752
2752
2752
2752
2752
2752
2753
2753
2753
2753
2753
2753
2753
2753
2754
2754
2753
2753
2753
2753
2753
2753
2753
2753
2753
2753
2753
2753
2753
2753
2753
2753
2753
2753
2753
2753
2753
2753
2753
2753
2753
2753
2753
2753
2753
2753
2753
2753
2753
2753
2753
2753
2753
2753
2753
2753
2752
2752
2752
2752
2752
2752
2752
2752
2752
2752
2752
2752
2752
2752
2752
2752
2752
2752
2752
2752
2752
2752
2752
2752
2752
2752
2752
2752
2752
2754
2754
2754
2752
2752
2752
2752
2752
2752
2752
2752
2752
2752
2752
2752
2752
2752
2752
2752
2752
2752
2752
2752
2752
2752
2752
2752
2752
2752
2752
2752
2752
2752
2752
2752
2752
2752
2752
2752
2752
2752
2752
2752
2752
2752
2752
2752
2752
2752
2752
2752
2752
2752
2752
2752
2752
2752
2752
2752
2752
2752
2752
2752
2752
2752
2752
2752
2752
2752
2752
2752
2752
2752
2752
2752
2752
2752
2752
2752
2752
2752
2752
2752
2752
2752
2752
2752
2752
2752
2752
2752
2752
2752
2752
2752
2752
2752
2752
2752
2752
2752
2752
2752
2752
2752
2752
2752
2752
2752
2752
2752
2752
2752
2752
2752
2752
2752
2752
2752
2752
2752
2752
2752
2752
2752
2752
2752
2752
2752
2752
2752
2752
2752
2752
2752
2752
2752
2752
2752
2752
2752
2752
2752
2752
2752
2752
2752
2752
2752
2752
2752
2752
2752
2752
2752
2752
2752
2752
2752
2752
2752
2752
2752
2752
2752
2752
2752
2752
2752
2752
2752
2752
2752
2752
2752
2752
2752
2752
2752
2752
2752
2752
2752
2752
2752
2752
2752
2752
2752
2752
2752
2752
2752
2752
2752
2752
2752
2752
2752
2752
2752
2752
2752
2752
2752
2752
2752
2752
2752
2752
2752
2752
2752
2752
2752
2752
2752
2752
2752
2757
2760
2760
2760
2760
2760
2752
2752
2752
2752
2752
2752
2752
2752
2752
2752
2752
2752
2752
2752
2752
2752
2752
2752
2753
2753
2753
2753
2753
2753
2753
2753
2753
2753
2753
2753
2753
2752
2752
2752
2752
2752
2752
2752
2752
2752
2752
2752
2752
2752
2752
2752
2752
2752
2752
2752
2752
2752
2752
2752
2752
2752
2752
2752
2752
2752
2752
2752
2752
2752
2752
2752
2752
2752
2752
2752
2752
2752
2752
2752
2752
2752
2752
2752
2752
2752
2752
2752
2752
2752
2752
2752
2752
2752
2752
2752
2752
2752
2752
2752
2752
2752
2752
2752
2752
2752
2752
2752
2752
2752
2752
2752
2752
2752
2752
2752
2752
2752
2752
2752
2752
2752
2752
2752
2752
2752
2752
2752
2752
2752
2752
2752
2752
2752
2752
2752
2752
2752
2752
2752
2752
2752
2752
2752
2752
2752
2752
2752
2752
2752
2752
2752
2752
2752
2752
2752
2752
2752
2752
2752
2752
2752
2752
2752
2752
2752
2752
2752
2752
2752
2752
2752
2752
2752
2752
2752
2752
2752
2752
2757
2757
2757
2752
2752
2752
2752
2752
2752
2752
2752
2753
2753
2754
2754
2754
2754
2754
2754
2754
2753
2753
2753
2753
2753
2753
2753
2753
2753
2753
2753
2753
2753
2753
2753
2753
2753
2753
2752
2752
2752
2752
2752
2752
2752
2752
2752
2752
2752
2752
2752
2752
2752
2752
2752
2752
2752
2752
2752
2752
2752
2752
2752
2752
2752
2752
2752
2752
2752
2752
2752
2752
2752
2752
2752
2752
2752
2752
2752
2752
2752
2752
2752
2752
2752
2752
2752
2752
2752
2752
2752
2754
2754
2754
2754
2754
2754
2754
2754
2754
2754
2754
2754
2754
2754
2754
2754
2754
2754
2754
2754
2754
2754
2754
2754
2754
2752
2752
2752
2752
2752
2752
2752
2752
2752
2752
2752
2752
2752
2752
2752
2752
2752
2752
2752
2752
2752
2752
2752
2752
2752
2752
2752
2752
2752
2752
2752
2752
2752
2759
2759
2759
2759
2759
2759
2759
2759
2759
2759
2759
2759
2759
2759
2759
2758
2758
2758
2758
2758
2758
2758
2758
2765
2765
2765
2758
2758
2758
2756
2756
2756
2755
2755
2755
2755
2755
2755
2755
2755
2755
2755
2755
2755
2755
2755
2755
2755
2755
2755
2755
2755
2755
2755
2755
2755
2755
2755
2755
2755
2755
