1589
1587
1587
1600
1633
1568
1572
1557
1517
1517
1517
1514
1520
1476
1475
1490
1488
1447
1461
1461
1461
1416
1469
1450
1464
1478
1501
1490
1490
1395
1479
1545
1545
1545
1486
1440
1505
1484
1505
1509
1509
1513
1519
1522
1542
1522
1482
1478
1490
1481
1537
1537
1537
1523
1532
1508
1508
1508
1508
1507
1507
1507
1524
1488
1477
1476
1476
1495
1495
1488
1517
1479
1521
1479
1479
1533
1556
1624
1627
1562
1561
1588
1498
1537
1537
1537
1537
1537
1541
1540
1517
1524
1501
1516
1526
1526
1550
1526
1538
1542
1542
1491
1504
1505
1491
1441
1426
1446
1446
1410
1429
1399
1431
1434
1451
1425
1494
1433
1476
1451
1476
1519
1477
1430
1496
1450
1478
1465
1465
1465
1434
1444
1457
1457
1474
1430
1430
1475
1457
1457
1451
1475
1475
1495
1495
1519
1519
1461
1461
1477
1410
1410
1496
1487
1486
1486
1486
1467
1460
1516
1510
1482
1528
1520
1513
1562
1548
1499
1457
1492
1521
1526
1526
1615
1633
1633
1660
1644
1637
1602
1511
1569
1584
1570
1533
1572
1618
1563
1575
1575
1568
1487
1529
1482
1481
1473
1527
1591
1589
1587
1613
1597
1586
1582
1582
1621
1650
1654
1590
1547
1560
1534
1534
1534
1534
1473
1473
1473
1411
1428
1466
1483
1483
1511
1473
1510
1510
1483
1496
1496
1496
1475
1449
1449
1527
1478
1512
1480
1503
1546
1491
1461
1449
1464
1448
1448
1454
1463
1493
1486
1458
1519
1488
1481
1508
1545
1471
1430
1417
1421
1411
1472
1411
1471
1528
1547
1525
1580
1558
1558
1558
1484
1466
1475
1475
1535
1553
1546
1548
1548
1580
1599
1624
1528
1505
1505
1505
1499
1499
1477
1487
1405
1395
1393
1402
1399
1418
1432
1477
1444
1444
1454
1447
1537
1560
1624
1645
1667
1667
1667
1626
1597
1532
1575
1596
1494
1542
1549
1525
1534
1534
1553
1555
1529
1529
1574
1576
1580
1580
1583
1563
1566
1585
1509
1544
1556
1542
1611
1578
1524
1505
1550
1499
1547
1547
1627
1695
1577
1526
1539
1518
1482
1492
1624
1590
1590
1590
1590
1532
1506
1511
1511
1535
1506
1457
1473
1454
1469
1502
1502
1489
1473
1505
1531
1532
1529
1529
1518
1518
1509
1499
1479
1489
1572
1525
1520
1520
1485
1504
1496
1549
1517
1500
1500
1457
1399
1391
1391
1509
1509
1461
1445
1436
1434
1372
1372
1370
1370
1371
1399
1399
1399
1414
1417
1414
1414
1414
1414
1399
1399
1382
1384
1384
1472
1457
1457
1460
1461
1487
1487
1498
1498
1489
1470
1464
1547
1541
1541
1494
1494
1514
1540
1544
1514
1514
1563
1445
1445
1473
1473
1529
1510
1496
1482
1455
1455
1417
1452
1432
1445
1445
1472
1545
1550
1519
1498
1464
1464
1465
1508
1482
1456
1429
1428
1447
1459
1389
1426
1534
1489
1489
1457
1495
1496
1457
1437
1451
1459
1532
1522
1522
1441
1470
1470
1439
1382
1404
1443
1443
1446
1445
1448
1436
1445
1463
1525
1508
1508
1539
1539
1565
1565
1490
1502
1473
1449
1496
1496
1458
1458
1458
1458
1488
1476
1476
1503
1458
1491
1464
1470
1518
1538
1553
1492
1508
1480
1507
1507
1506
1506
1530
1539
1530
1496
1544
1544
1518
1551
1519
1519
1508
1535
1554
1554
1429
1455
1455
1485
1485
1485
1485
1485
1485
1467
1467
1431
1416
1421
1418
1441
1441
1427
1427
1463
1463
1481
1432
1432
1464
1455
1455
1392
1392
1421
1421
1421
1421
1421
1468
1478
1478
1537
1517
1517
1517
1517
1569
1617
1507
1420
1420
1450
1450
1450
1498
1484
1520
1520
1520
1567
1567
1555
1561
1561
1521
1534
1534
1537
1537
1535
1544
1531
1514
1514
1556
1483
1485
1517
1456
1491
1426
1426
1449
1435
1450
1510
1510
1483
1483
1479
1479
1479
1479
1479
1487
1486
1486
1486
1470
1525
1466
1462
1470
1440
1430
1477
1475
1510
1531
1531
1520
1443
1443
1487
1468
1494
1507
1488
1508
1539
1600
1547
1565
1565
1549
1549
1528
1618
1618
1536
1484
1484
1571
1535
1535
1459
1491
1451
1449
1460
1449
1465
1473
1473
1575
1575
1512
1482
1531
1556
1556
1587
1550
1531
1529
1556
1640
1568
1560
1563
1543
1503
1480
1464
1462
1472
1472
1474
1491
1473
1473
1487
1487
1487
1487
1481
1470
1458
1449
1480
1528
1519
1506
1464
1473
1473
1492
1455
1455
1457
1454
1453
1453
1453
1419
1435
1435
1419
1419
1410
1410
1384
1414
1414
1444
1490
1490
1468
1484
1563
1495
1454
1497
1518
1594
1616
1616
1562
1529
1469
1509
1508
1474
1520
1565
1565
1536
1538
1552
1507
1507
1507
1460
1509
1523
1515
1506
1500
1500
1521
1521
1534
1521
1499
1505
1459
1507
1524
1503
1532
1532
1593
1570
1570
1543
1493
1455
1482
1489
1481
1481
1483
1483
1477
1412
1403
1403
1425
1425
1425
1496
1496
1504
1585
1569
1569
1490
1467
1402
1410
1390
1469
1530
1551
1503
1514
1514
1514
1502
1497
1508
1508
1506
1531
1531
1598
1565
1571
1597
1572
1602
1581
1569
1502
1482
1476
1469
1469
1466
1422
1372
1413
1392
1404
1404
1457
1464
1386
1393
1545
1461
1557
1557
1557
1557
1576
1509
1401
1401
1356
1463
1491
1459
1527
1554
1554
1466
1477
1477
1419
1377
1377
1377
1429
1429
1464
1464
1436
1436
1457
1461
1457
1457
1445
1445
1450
1450
1458
1458
1462
1480
1479
1474
1458
1494
1459
1458
1501
1540
1547
1522
1522
1522
1486
1486
1480
1480
1485
1501
1549
1531
1554
1600
1650
1564
1505
1498
1438
1477
1491
1441
1440
1504
1445
1462
1462
1527
1554
1579
1575
1586
1559
1514
1510
1509
1509
1483
1483
1483
1483
1483
1483
1483
1473
1473
1492
1492
1481
1496
1534
1534
1463
1479
1488
1554
1554
1565
1590
1590
1600
1589
1589
1589
1601
1667
1667
1667
1667
1582
1582
1553
1546
1521
1521
1522
1522
1425
1429
1462
1447
1451
1464
1458
1498
1436
1541
1526
1455
1434
1434
1440
1395
1395
1402
1402
1398
1392
1369
1425
1425
1425
1447
1447
1447
1454
1499
1446
1438
1522
1494
1453
1453
1474
1445
1451
1451
1451
1432
1432
1436
1450
1450
1469
1426
1427
1427
1427
1439
1420
1408
1460
1505
1523
1441
1441
1441
1433
1433
1433
1433
1479
1483
1483
1430
1436
1436
1436
1436
1436
1434
1434
1436
1443
1520
1520
1520
1520
1520
1520
1520
1499
1438
1480
1494
1480
1494
1480
1484
1515
1515
1469
1552
1547
1611
1600
1608
1572
1561
1561
1558
1573
1573
1511
1488
1487
1472
1490
1489
1497
1485
1492
1505
1526
1442
1430
1418
1413
1514
1473
1473
1493
1541
1541
1541
1601
1638
1531
1469
1469
1466
1484
1442
1415
1415
1415
1415
1415
1439
1461
1531
1504
1489
1482
1413
1413
1462
1425
1430
1446
1444
1510
1473
1462
1482
1558
1506
1491
1501
1501
1444
1444
1509
1509
1522
1522
1480
1507
1496
1537
1554
1554
1542
1525
1525
1530
1551
1397
1551
1558
1549
1557
1556
1604
1542
1503
1496
1449
1460
1483
1469
1434
1444
1426
1463
1462
1468
1457
1427
1388
1399
1460
1455
1429
1519
1519
1507
1483
1458
1458
1453
1468
1457
1475
1491
1452
1459
1457
1554
1554
1504
1547
1547
1547
1541
1541
1540
1560
1538
1557
1557
1557
1557
1510
1510
1510
1521
1515
1529
1519
1540
1501
1562
1507
1608
1557
1543
1547
1547
1574
1510
1510
1500
1500
1527
1558
1557
1563
1510
1510
1510
1527
1527
1527
1415
1415
1475
1494
1494
1484
1508
1474
1477
1477
1477
1472
1497
1559
1559
1473
1533
1546
1511
1524
1500
1527
1527
1497
1486
1552
1492
1499
1508
1475
1454
1461
1477
1575
1540
1540
1539
1555
1555
1560
1541
1541
1541
1544
1544
1544
1544
1544
1544
1544
1544
1544
1572
1544
1544
1544
1474
1493
1493
1497
1517
1539
1511
1511
1489
1489
1505
1522
1519
1519
1508
1488
1502
1493
1498
1503
1503
1491
1505
1501
1562
1572
1572
1535
1535
1564
1538
1504
1504
1445
1445
1481
1487
1579
1572
1594
1594
1594
1590
1571
1571
1591
1614
1594
1550
1550
1550
1574
1632
1630
1625
1603
1645
1645
1593
1604
1635
1635
1660
1660
1572
1584
1567
1567
1546
1542
1573
1490
1474
1455
1532
1476
1476
1495
1495
1495
1495
1495
1445
1445
1445
1445
1421
1421
1451
1504
1496
1470
1511
1517
1601
1545
1545
1530
1530
1539
1538
1541
1476
1502
1502
1477
1477
1518
1502
1500
1470
1484
1457
1497
1497
1497
1475
1469
1521
1500
1491
1442
1483
1494
1556
1520
1528
1552
1565
1586
1660
1644
1605
1598
1621
1623
1628
1628
1594
1594
1611
1632
1647
1590
1546
1524
1524
1538
1538
1570
1586
1515
1514
1506
1506
1506
1503
1471
1506
1506
1506
1439
1519
1493
1493
1507
1523
1506
1583
1583
1568
1571
1541
1547
1490
1505
1520
1535
1535
1488
1490
1509
1466
1469
1466
1491
1491
1491
1491
1491
1533
1531
1567
1553
1617
1566
1566
1551
1591
1543
1591
1522
1515
1515
1555
1506
1506
1425
1421
1468
1477
1477
1499
1485
1461
1541
1504
1520
1525
1564
1490
1487
1498
1548
1548
1562
1557
1550
1550
1550
1569
1520
1573
1573
1573
1567
1516
1543
1563
1531
1531
1559
1531
1497
1479
1479
1479
1479
1479
1479
1373
1422
1422
1426
1442
1442
1361
1435
1378
1378
1365
1489
1521
1534
1543
1488
1488
1440
1440
1515
1487
1487
1518
1518
1546
1547
1573
1581
1553
1538
1512
1471
1502
1502
1512
1517
1446
1446
1542
1541
1481
1483
1483
1483
1483
1500
1515
1542
1509
1509
1523
1491
1491
1523
1523
1493
1553
1564
1591
1548
1568
1539
1537
1559
1559
1512
1488
1488
1546
1454
1432
1418
1462
1460
1560
1598
1551
1516
1520
1523
1523
1542
1571
1614
1584
1582
1614
1614
1539
1539
1519
1498
1545
1562
1475
1455
1455
1442
1470
1476
1469
1449
1492
1436
1470
1470
1470
1512
1512
1500
1500
1474
1536
1540
1532
1554
1554
1596
1538
1538
1541
1541
1486
1499
1521
1576
1576
1599
1576
1576
1576
1538
1521
1538
1540
1517
1517
1524
1518
1563
1563
1590
1642
1634
1672
1672
1664
1640
1694
1698
1697
1670
1581
1572
1572
1575
1596
1612
1609
1610
1583
1582
1624
1624
1600
1650
1581
1662
1656
1587
1634
1634
1560
1612
1630
1625
1560
1535
1502
1469
1469
1469
1494
1590
1570
1441
1520
1460
1460
1462
1456
1524
1456
1456
1422
1456
1514
1517
1492
1569
1593
1559
1559
1557
1585
1594
1579
1459
1468
1454
1449
1472
1482
1512
1512
1493
1493
1493
1529
1506
1528
1565
1570
1545
1522
1522
1539
1492
1541
1541
1530
1460
1477
1474
1472
1463
1548
1636
1645
1593
1614
1583
1526
1563
1550
1519
1528
1528
1502
1483
1490
1483
1483
1524
1524
1524
1524
1505
1495
1531
1508
1500
1500
1482
1482
1464
1481
1505
1541
1509
1509
1515
1515
1515
1549
1549
1608
1609
1562
1566
1566
1524
1485
1466
1505
1505
1437
1474
1474
1392
1400
1400
1403
1424
1503
1474
1504
1529
1484
1548
1548
1532
1532
1589
1581
1542
1527
1526
1557
1557
1557
1540
1540
1537
1521
1518
1518
1527
1499
1498
1498
1510
1540
1464
1464
1472
1511
1536
1536
1482
1498
1513
1513
1497
1498
1521
1457
1449
1457
1440
1429
1440
1457
1457
1457
1481
1521
1537
1481
1465
1461
1489
1489
1495
1504
1521
1511
1521
1493
1493
1496
1532
1483
1483
1411
1411
1362
1337
1346
1385
1385
1385
1372
1366
1411
1411
1411
1411
1351
1353
1353
1456
1456
1456
1458
1458
1446
1430
1430
1499
1520
1490
1477
1483
1477
1477
1482
1493
1493
1560
1520
1520
1538
1476
1465
1435
1435
1539
1514
1504
1504
1504
1504
1519
1519
1519
1519
1519
1505
1539
1543
1526
1568
1534
1559
1559
1559
1611
1529
1557
1528
1528
1528
1568
1557
1477
1433
1418
1419
1419
1464
1443
1443
1443
1493
1493
1493
1461
1461
1461
1461
1386
1379
1389
1419
1419
1410
1390
1466
1466
1466
1511
1511
1511
1511
1511
1511
1511
1502
1460
1460
1485
1485
1496
1517
1532
1554
1557
1543
1484
1537
1520
1458
1492
1550
1530
1530
1553
1543
1635
1595
1652
1664
1664
1664
1625
1569
1506
1515
1461
1461
1461
1392
1433
1461
1514
1492
1527
1497
1518
1496
1505
1473
1480
1480
1510
1529
1526
1490
1483
1474
1501
1501
1529
1504
1504
1484
1493
1541
1522
1532
1407
1370
1354
1361
1386
1402
1374
1378
1378
1399
1395
1395
1375
1412
1384
1388
1391
1453
1453
1453
1474
1501
1501
1517
1535
1535
1575
1575
1546
1517
1517
1467
1506
1517
1536
1508
1544
1513
1552
1545
1506
1542
1565
1570
1570
1546
1504
1503
1527
1490
1495
1509
1516
1516
1576
1586
1599
1536
1568
1509
1542
1533
1484
1484
1484
1409
1513
1550
1550
1541
1599
1608
1608
1622
1659
1660
1660
1604
1581
1498
1600
1581
1581
1581
1581
1578
1542
1542
1542
1550
1506
1506
1500
1533
1533
1467
1460
1451
1450
1450
1454
1449
1472
1467
1489
1489
1428
1441
1464
1464
1489
1489
1489
1494
1494
1494
1491
1491
1463
1463
1463
1516
1516
1516
1516
1465
1469
1469
1479
1452
1489
1468
1495
1495
1543
1502
1511
1511
1484
1482
1470
1468
1530
1542
1492
1513
1513
1513
1478
1479
1441
1406
1432
1432
1438
1424
1468
1465
1465
1463
1438
1445
1458
1435
1479
1573
1530
1530
1560
1560
1560
1560
1560
1554
1503
1524
1532
1519
1519
1459
1478
1463
1463
1456
1463
1463
1435
1435
1384
1377
1377
1377
1447
1447
1468
1468
1484
1549
1499
1511
1535
1535
1544
1535
1503
1508
1539
1563
1563
1475
1520
1513
1435
1485
1491
1491
1491
1482
1469
1493
1573
1547
1559
1532
1546
1547
1547
1516
1517
1499
1423
1408
1411
1410
1449
1442
1447
1447
1427
1390
1396
1476
1476
1476
1539
1539
1398
1396
1377
1377
1438
1437
1437
1437
1495
1517
1517
1517
1517
1494
1450
1427
1427
1464
1424
1437
1437
1436
1436
1475
1422
1460
1460
1502
1547
1547
1513
1531
1569
1544
1564
1476
1474
1475
1550
1549
1549
1562
1562
1533
1538
1538
1573
1510
1510
1466
1494
1507
1517
1517
1510
1554
1502
1494
1494
1524
1501
1496
1529
1517
1517
1548
1532
1527
1532
1519
1475
1475
1514
1524
1509
1527
1554
1554
1554
1535
1535
1523
1538
1522
1469
1473
1481
1517
1517
1521
1543
1571
1510
1486
1447
1447
1471
1498
1498
1447
1423
1433
1465
1533
1618
1615
1597
1597
1637
1652
1657
1621
1621
1625
1583
1554
1570
1558
1641
1591
1578
1561
1561
1567
1614
1553
1615
1615
1591
1585
1500
1500
1570
1487
1541
1541
1568
1494
1494
1535
1535
1535
1556
1578
1560
1500
1508
1508
1500
1500
1516
1524
1498
1473
1591
1533
1471
1447
1490
1490
1490
1490
1490
1520
1572
1521
1520
1520
1445
1446
1435
1566
1603
1538
1571
1492
1503
1532
1532
1565
1453
1453
1409
1409
1449
1420
1433
1427
1459
1459
1459
1459
1459
1498
1550
1519
1502
1502
1528
1528
1528
1518
1531
1531
1554
1522
1522
1522
1568
1554
1554
1546
1526
1490
1525
1495
1495
1495
1495
1501
1501
1434
1455
1456
1435
1435
1546
1504
1537
1524
1522
1559
1540
1542
1449
1434
1491
1491
1442
1442
1442
1411
1435
1475
1475
1524
1502
1539
1519
1500
1500
1557
1532
1532
1532
1515
1475
1475
1475
1475
1475
1428
1428
1428
1428
1428
1387
1387
1398
1398
1407
1407
1405
1392
1470
1470
1481
1512
1475
1475
1451
1437
1482
1514
1533
1533
1467
1452
1423
1433
1438
1409
1455
1489
1466
1466
1466
1494
1494
1473
1473
1473
1478
1495
1490
1490
1490
1475
1467
1467
1442
1452
1430
1449
1419
1422
1422
1428
1428
1476
1476
1472
1464
1489
1517
1488
1488
1495
1495
1497
1475
1442
1426
1455
1455
1447
1434
1430
1434
1463
1431
1440
1442
1443
1450
1476
1521
1521
1521
1521
1589
1589
1649
1649
1612
1607
1614
1588
1620
1579
1637
1637
1621
1610
1604
1576
1583
1546
1631
1631
1631
1572
1572
1572
1531
1507
1519
1513
1506
1506
1434
1463
1434
1486
1568
1568
1568
1568
1568
1568
1578
1514
1484
1492
1492
1513
1574
1593
1618
1637
1647
1620
1593
1557
1556
1551
1549
1565
1565
1525
1519
1508
1499
1534
1534
1573
1584
1583
1583
1599
1616
1616
1613
1572
1572
1526
1508
1508
1487
1473
1511
1511
1484
1498
1546
1534
1560
1560
1557
1588
1609
1588
1546
1605
1566
1506
1514
1514
1541
1574
1578
1578
1554
1564
1555
1548
1548
1542
1546
1546
1553
1495
1520
1508
1508
1525
1527
1469
1500
1463
1462
1462
1462
1370
1397
1397
1386
1382
1382
1382
1416
1480
1533
1556
1531
1511
1543
1543
1543
1552
1531
1534
1534
1534
1534
1484
1583
1554
1560
1535
1535
1490
1493
1493
1547
1575
1575
1581
1559
1544
1577
1603
1594
1637
1673
1591
1591
1592
1595
1595
1559
1578
1573
1537
1559
1559
1424
1460
1460
1460
1470
1528
1546
1507
1470
1490
1496
1440
1449
1483
1483
1456
1434
1434
1498
1498
1498
1464
1464
1505
1534
1518
1518
1476
1447
1447
1447
1447
1434
1434
1434
1430
1462
1462
1510
1530
1581
1581
1616
1665
1665
1727
1625
1583
1567
1518
1515
1520
1513
1501
1501
1534
1606
1498
1494
1443
1494
1494
1463
1485
1580
1603
1621
1621
1608
1602
1634
1580
1608
1615
1585
1577
1521
1560
1560
1540
1560
1576
1565
1502
1477
1498
1502
1527
1527
1533
1542
1548
1543
1538
1510
1528
1525
1525
1511
1511
1523
1538
1506
1515
1515
1549
1533
1569
1518
1518
1525
1482
1471
1485
1485
1485
1450
1433
1447
1448
1448
1448
1448
1448
1455
1484
1564
1545
1550
1546
1502
1502
1502
1511
1511
1511
1548
1561
1561
1498
1501
1491
1522
1560
1550
1560
1512
1499
1524
1502
1502
1475
1417
1447
1453
1389
1389
1404
1455
1455
1450
1463
1466
1540
1532
1518
1497
1495
1566
1478
1478
1477
1451
1453
1451
1451
1437
1437
1505
1505
1505
1527
1524
1478
1387
1453
1519
1526
1507
1542
1542
1569
1569
1575
1556
1597
1541
1541
1571
1507
1512
1512
1424
1424
1410
1410
1410
1410
1408
1408
1423
1402
1404
1447
1450
1477
1477
1477
1404
1400
1442
1460
1492
1492
1436
1436
1436
1405
1392
1399
1399
1402
1377
1377
1377
1377
1377
1377
1405
1405
1417
1417
1417
1417
1424
1431
1431
1417
1546
1558
1570
1501
1505
1501
1501
1465
1424
1424
1431
1431
1463
1465
1465
1465
1500
1535
1535
1545
1609
1587
1578
1558
1551
1563
1563
1563
1548
1560
1560
1557
1548
1523
1492
1492
1492
1502
1504
1555
1524
1455
1455
1467
1467
1463
1408
1452
1438
1450
1450
1450
1450
1430
1430
1416
1429
1447
1440
1427
1414
1434
1423
1391
1372
1409
1455
1523
1523
1500
1483
1496
1488
1500
1474
1537
1550
1551
1595
1595
1591
1533
1587
1592
1592
1592
1544
1566
1566
1555
1552
1567
1507
1496
1540
1540
1498
1503
1504
1537
1506
1490
1490
1490
1414
1414
1462
1462
1462
1462
1462
1436
1436
1436
1476
1438
1447
1442
1442
1451
1448
1549
1550
1550
1550
1550
1579
1579
1578
1585
1585
1523
1551
1551
1551
1521
1527
1564
1566
1616
1603
1560
1560
1552
1533
1557
1583
1580
1555
1510
1510
1500
1476
1466
1416
1375
1375
1364
1433
1404
1421
1421
1421
1421
1412
1412
1397
1397
1414
1390
1444
1439
1450
1439
1439
1439
1439
1439
1445
1508
1508
1525
1590
1518
1506
1519
1519
1519
1515
1515
1515
1515
1521
1521
1521
1521
1499
1538
1522
1477
1477
1468
1508
1508
1508
1492
1581
1581
1554
1544
1470
1507
1507
1553
1517
1517
1501
1501
1455
1455
1511
1466
1466
1497
1451
1463
1485
1485
1472
1461
1482
1479
1423
1444
1444
1444
1444
1456
1456
1456
1479
1495
1495
1495
1496
1503
1463
1463
1470
1404
1457
1436
1404
1446
1460
1460
1460
1460
1446
1446
1446
1446
1453
1453
1485
1480
1481
1481
1508
1515
1497
1501
1470
1431
1465
1463
1434
1484
1494
1484
1520
1520
1520
1506
1506
1518
1518
1518
1530
1454
1446
1446
1446
1446
1394
1399
1482
1482
1482
1494
1466
1446
1446
1446
1446
1451
1472
1462
1457
1454
1454
1493
1493
1493
1499
1480
1481
1481
1528
1528
1507
1507
1509
1472
1419
1415
1415
1399
1352
1355
1373
1373
1426
1438
1515
1486
1483
1516
1512
1512
1503
1503
1503
1509
1502
1502
1467
1499
1499
1524
1550
1545
1521
1521
1481
1459
1459
1459
1459
1494
1527
1499
1512
1512
1512
1520
1531
1531
1531
1523
1523
1523
1523
1523
1523
1489
1493
1496
1489
1480
1522
1504
1488
1543
1569
1487
1487
1484
1497
1497
1484
1511
1511
1471
1471
1496
1496
1449
1435
1452
1452
1497
1492
1434
1441
1542
1542
1466
1435
1458
1460
1460
1460
1460
1510
1563
1563
1563
1563
1563
1578
1549
1554
1528
1524
1524
1509
1521
1499
1543
1548
1503
1540
1540
1566
1566
1566
1562
1546
1531
1507
1503
1503
1526
1548
1563
1563
1563
1533
1516
1516
1548
1566
1552
1591
1584
1584
1562
1489
1480
1459
1459
1479
1479
1479
1503
1487
1517
1488
1491
1510
1525
1598
1589
1511
1530
1524
1498
1498
1481
1500
1481
1572
1572
1572
1572
1572
1567
1602
1592
1539
1541
1587
1587
1493
1472
1472
1476
1476
1476
1476
1483
1420
1421
1421
1421
1437
1437
1443
1487
1466
1476
1453
1472
1463
1480
1484
1505
1527
1455
1455
1470
1449
1464
1449
1438
1453
1460
1425
1425
1518
1518
1493
1493
1520
1524
1553
1562
1585
1585
1585
1551
1551
1520
1528
1528
1528
1538
1472
1472
1493
1487
1572
1543
1517
1551
1509
1509
1509
1460
1460
1459
1465
1438
1438
1496
1498
1521
1539
1506
1488
1551
1561
1473
1500
1500
1478
1479
1492
1523
1523
1523
1536
1498
1433
1433
1481
1481
1481
1481
1492
1492
1525
1525
1525
1542
1540
1540
1559
1534
1534
1534
1534
1551
1567
1541
1520
1520
1520
1520
1510
1510
1510
1510
1491
1457
1467
1422
1415
1419
1415
1428
1429
1429
1421
1421
1421
1378
1399
1399
1399
1389
1389
1455
1512
1512
1395
1439
1517
1500
1491
1439
1439
1471
1471
1451
1452
1458
1431
1416
1451
1489
1444
1475
1489
1544
1542
1542
1542
1542
1542
1579
1573
1536
1428
1447
1447
1456
1476
1486
1486
1486
1486
1486
1452
1457
1543
1567
1598
1581
1558
1558
1537
1525
1535
1542
1542
1569
1600
1554
1554
1554
1554
1550
1471
1462
1482
1482
1470
1455
1399
1397
1397
1397
1397
1421
1487
1487
1487
1487
1487
1487
1464
1464
1461
1414
1414
1415
1415
1469
1469
1457
1479
1479
1461
1466
1461
1493
1493
1490
1505
1505
1505
1484
1509
1473
1473
1470
1474
1474
1474
1474
1509
1559
1559
1559
1559
1524
1529
1534
1403
1398
1427
1414
1414
1414
1414
1414
1358
1364
1364
1364
1348
1344
1331
1310
1310
1310
1326
1326
1343
1396
1360
1407
1416
1397
1397
1424
1440
1486
1409
1409
1448
1415
1415
1415
1417
1414
1415
1423
1448
1448
1466
1442
1442
1429
1425
1432
1432
1441
1448
1427
1448
1460
1453
1453
1486
1486
1486
1495
1495
1534
1534
1572
1539
1539
1492
1492
1503
1528
1528
1528
1528
1527
1527
1503
1503
1503
1491
1487
1490
1532
1537
1537
1470
1470
1496
1523
1550
1519
1519
1519
1490
1494
1544
1479
1479
1485
1468
1469
1459
1516
1499
1499
1510
1510
1510
1510
1486
1488
1486
1486
1501
1541
1548
1564
1569
1549
1549
1549
1526
1543
1543
1535
1535
1550
1548
1619
1619
1610
1535
1542
1527
1527
1527
1546
1546
1546
1546
1546
1562
1605
1589
1562
1564
1549
1549
1545
1545
1570
1542
1439
1439
1453
1453
1439
1439
1405
1377
1377
1377
1369
1394
1394
1426
1426
1442
1442
1483
1424
1440
1399
1399
1386
1386
1386
1386
1404
1404
1404
1413
1404
1404
1404
1404
1429
1415
1424
1402
1477
1477
1477
1477
1477
1507
1507
1515
1515
1541
1543
1544
1544
1544
1513
1523
1481
1524
1501
1535
1551
1538
1501
1462
1462
1435
1435
1435
1470
1464
1464
1435
1435
1438
1469
1494
1477
1477
1475
1421
1447
1426
1412
1412
1449
1449
1449
1449
1449
1471
1434
1434
1434
1434
1464
1458
1463
1446
1446
1446
1464
1446
1420
1471
1550
1529
1529
1462
1440
1440
1409
1444
1409
1409
1409
1409
1409
1392
1406
1412
1452
1470
1423
1447
1456
1400
1400
1432
1445
1451
1436
1436
1421
1413
1413
1413
1479
1483
1497
1533
1533
1507
1519
1519
1489
1469
1503
1503
1509
1508
1479
1448
1491
1465
1465
1451
1525
1545
1516
1503
1503
1503
1503
1552
1571
1557
1567
1567
1587
1512
1511
1511
1502
1502
1502
1546
1546
1555
1556
1556
1551
1551
1525
1506
1479
1474
1470
1482
1488
1500
1498
1498
1465
1465
1533
1533
1459
1459
1457
1459
1459
1424
1434
1434
1429
1451
1451
1451
1451
1403
1403
1410
1412
1410
1418
1418
1422
1428
1380
1380
1380
1380
1380
1380
1380
1356
1358
1424
1424
1441
1475
1475
1486
1486
1450
1475
1489
1489
1474
1474
1474
1454
1454
1454
1454
1454
1454
1460
1435
1384
1384
1384
1384
1384
1384
1384
1418
1418
1457
1457
1437
1452
1452
1452
1476
1453
1453
1476
1476
1454
1415
1415
1453
1453
1453
1460
1422
1422
1422
1422
1431
1431
1437
1489
1512
1469
1469
1469
1469
1461
1448
1495
1495
1483
1526
1526
1526
1480
1473
1473
1473
1463
1499
1501
1501
1464
1464
1439
1439
1439
1439
1446
1446
1491
1511
1511
1489
1489
1475
1469
1497
1462
1484
1484
1484
1503
1569
1569
1586
1562
1562
1505
1505
1540
1487
1487
1504
1487
1452
1474
1474
1515
1503
1512
1512
1490
1490
1506
1544
1518
1518
1505
1501
1501
1522
1485
1485
1485
1487
1411
1423
1400
1450
1413
1413
1413
1413
1413
1444
1453
1453
1453
1453
1453
1453
1453
1453
1425
1415
1462
1466
1466
1460
1460
1460
1486
1499
1523
1525
1525
1520
1470
1465
1474
1474
1498
1498
1498
1388
1390
1390
1392
1457
1463
1463
1513
1515
1524
1501
1472
1503
1449
1437
1473
1473
1435
1435
1436
1431
1427
1427
1427
1469
1464
1467
1467
1478
1481
1481
1434
1460
1460
1468
1468
1467
1462
1373
1362
1362
1361
1361
1362
1341
1343
1341
1341
1341
1341
1339
1339
1339
1339
1339
1345
1345
1345
1346
1361
1345
1334
1335
1335
1355
1354
1344
1344
1345
1375
1392
1451
1410
1410
1410
1437
1490
1463
1463
1463
1463
1463
1493
1576
1490
1444
1402
1402
1402
1402
1400
1408
1408
1417
1413
1471
1488
1488
1445
1445
1445
1440
1435
1435
1435
1435
1435
1457
1457
1457
1457
1457
1481
1511
1511
1482
1427
1427
1427
1427
1439
1439
1523
1453
1453
1447
1444
1439
1439
1447
1420
1435
1441
1441
1409
1433
1433
1433
1433
1428
1428
1490
1490
1490
1518
1518
1544
1544
1544
1571
1558
1601
1624
1511
1511
1521
1521
1521
1521
1521
1470
1470
1470
1470
1470
1416
1417
1399
1409
1409
1409
1409
1416
1401
1401
1390
1395
1396
1395
1395
1428
1428
1428
1428
1398
1404
1411
1411
1411
1431
1398
1387
1387
1387
1408
1408
1408
1444
1435
1435
1435
1454
1420
1394
1458
1458
1458
1409
1396
1396
1397
1397
1397
1397
1397
1397
1397
1396
1397
1397
1392
1392
1468
1473
1441
1491
1491
1491
1494
1482
1482
1482
1466
1466
1432
1432
1432
1471
1443
1424
1424
1415
1442
1416
1403
1392
1433
1416
1446
1446
1428
1428
1470
1443
1443
1459
1500
1489
1489
1509
1494
1509
1509
1509
1495
1495
1559
1568
1592
1592
1565
1520
1478
1514
1486
1486
1486
1486
1486
1521
1472
1538
1505
1505
1508
1508
1481
1460
1460
1413
1427
1427
1460
1459
1459
1503
1461
1467
1467
1474
1427
1427
1427
1425
1425
1425
1425
1425
1411
1411
1395
1395
1395
1395
1438
1395
1437
1437
1437
1461
1461
1476
1415
1398
1428
1480
1465
1410
1410
1410
1410
1410
1422
1422
1461
1447
1447
1449
1449
1449
1449
1409
1445
1374
1374
1483
1513
1484
1506
1506
1506
1529
1473
1448
1434
1454
1452
1442
1446
1409
1426
1426
1426
1385
1430
1431
1431
1431
1431
1433
1455
1434
1434
1434
1434
1413
1375
1375
1375
1375
1375
1375
1375
1375
1380
1380
1380
1380
1380
1380
1380
1425
1403
1387
1375
1379
1379
1373
1391
1376
1376
1410
1465
1465
1491
1434
1434
1402
1410
1410
1420
1420
1420
1412
1430
1426
1393
1393
1400
1400
1400
1400
1400
1400
1392
1445
1455
1455
1438
1480
1480
1480
1462
1430
1446
1447
1447
1447
1477
1404
1352
1360
1360
1360
1360
1360
1345
1345
1345
1345
1411
1411
1411
1411
1439
1439
1439
1400
1367
1405
1388
1388
1388
1388
1407
1407
1419
1419
1476
1463
1443
1423
1397
1397
1397
1397
1397
1397
1416
1403
1388
1388
1388
1388
1388
1379
1377
1377
1377
1377
1379
1379
1396
1430
1430
1430
1430
1430
1430
1402
1413
1402
1417
1417
1417
1417
1417
1401
1401
1434
1472
1500
1468
1468
1467
1467
1518
1512
1500
1500
1500
1507
1500
1500
1500
1500
1500
1517
1477
1477
1434
1434
1434
1434
1456
1477
1477
1484
1484
1447
1413
1413
1420
1420
1420
1422
1422
1437
1437
1453
1449
1449
1439
1429
1429
1419
1419
1454
1454
1479
1479
1436
1441
1419
1447
1447
1450
1450
1438
1419
1419
1401
1401
1377
1377
1377
1377
1376
1376
1376
1382
1382
1382
1424
1424
1360
1360
1360
1418
1418
1418
1393
1458
1458
1458
1462
1459
1459
1459
1510
1510
1487
1423
1423
1394
1394
1384
1389
1389
1389
1389
1407
1407
1396
1396
1395
1395
1395
1399
1399
1411
1398
1398
1418
1397
1396
1396
1401
1418
1418
1441
1429
1429
1429
1426
1437
1437
1459
1443
1443
1451
1463
1451
1452
1464
1464
1464
1464
1422
1422
1443
1490
1473
1451
1451
1451
1451
1453
1453
1453
1410
1410
1410
1422
1424
1410
1420
1420
1505
1473
1494
1382
1382
1399
1339
1339
1384
1466
1413
1413
1411
1359
1359
1451
1416
1416
1456
1456
1456
1468
1468
1495
1483
1483
1433
1432
1406
1406
1406
1431
1437
1437
1437
1430
1430
1430
1450
1450
1450
1450
1450
1450
1430
1478
1465
1427
1427
1427
1429
1424
1424
1424
1445
1445
1469
1469
1469
1469
1467
1471
1429
1429
1429
1431
1431
1416
1416
1428
1416
1416
1496
1485
1479
1479
1479
1479
1518
1469
1468
1432
1444
1505
1505
1516
1428
1448
1500
1482
1482
1454
1454
1454
1484
1474
1474
1466
1466
1466
1466
1466
1441
1441
1441
1485
1461
1457
1473
1444
1444
1420
1445
1420
1420
1420
1409
1401
1401
1406
1444
1444
1421
1421
1408
1394
1407
1407
1407
1407
1407
1453
1453
1476
1523
1523
1523
1482
1494
1494
1470
1470
1470
1459
1459
1459
1473
1461
1493
1503
1513
1513
1527
1521
1530
1530
1498
1488
1488
1488
1488
1488
1488
1522
1513
1513
1490
1515
1463
1468
1468
1443
1456
1476
1446
1446
1421
1421
1459
1458
1458
1458
1458
1458
1458
1503
1465
1465
1462
1462
1462
1465
1468
1534
1534
1535
1521
1528
1589
1589
1589
1574
1468
1466
1468
1474
1474
1474
1474
1471
1438
1475
1460
1438
1469
1455
1500
1500
1526
1441
1419
1435
1435
1422
1418
1418
1402
1397
1393
1393
1393
1393
1368
1337
1337
1337
1337
1343
1343
1331
1360
1360
1331
1331
1331
1331
1331
1331
1368
1368
1368
1368
1368
1368
1368
1412
1412
1412
1473
1473
1473
1410
1410
1432
1432
1402
1395
1395
1395
1395
1395
1395
1395
1430
1430
1430
1501
1435
1446
1454
1454
1448
1448
1450
1426
1409
1409
1409
1409
1409
1431
1482
1482
1468
1468
1468
1487
1492
1492
1492
1492
1478
1478
1476
1507
1507
1515
1514
1510
1436
1449
1449
1449
1456
1456
1417
1443
1409
1409
1430
1430
1437
1437
1470
1470
1470
1441
1486
1450
1450
1450
1470
1470
1445
1445
1425
1425
1438
1436
1436
1422
1436
1423
1423
1423
1422
1415
1396
1396
1415
1415
1432
1431
1431
1403
1403
1482
1482
1482
1482
1504
1443
1458
1484
1519
1487
1487
1487
1501
1488
1456
1444
1444
1444
1444
1406
1406
1398
1398
1401
1413
1430
1440
1419
1415
1415
1415
1415
1415
1415
1406
1412
1412
1412
1392
1392
1392
1392
1392
1392
1392
1396
1396
1396
1442
1458
1458
1462
1462
1443
1446
1446
1446
1446
1446
1441
1446
1446
1446
1446
1427
1427
1421
1448
1448
1448
1435
1435
1435
1416
1416
1416
1399
1399
1464
1464
1402
1436
1416
1416
1416
1416
1416
1416
1377
1377
1377
1377
1381
1381
1383
1400
1399
1400
1400
1404
1400
1400
1400
1427
1439
1410
1410
1421
1421
1451
1461
1489
1485
1485
1486
1486
1481
1481
1481
1509
1509
1509
1454
1477
1477
1477
1409
1409
1409
1408
1408
1380
1398
1398
1398
1398
1398
1398
1398
1398
1398
1388
1388
1388
1432
1440
1459
1441
1465
1465
1439
1439
1439
1439
1439
1439
1386
1386
1375
1375
1392
1392
1392
1419
1419
1441
1441
1411
1378
1379
1401
1401
1406
1406
1406
1406
1414
1419
1419
1416
1388
1388
1388
1388
1388
1388
1388
1388
1410
1410
1403
1403
1403
1392
1392
1393
1393
1393
1398
1398
1398
1381
1381
1381
1397
1397
1397
1397
1413
1390
1406
1406
1406
1406
1383
1381
1367
1367
1367
1360
1360
1367
1367
1367
1360
1360
1360
1360
1360
1411
1433
1433
1433
1419
1419
1428
1428
1428
1428
1428
1424
1406
1406
1406
1406
1406
1406
1366
1366
1366
1366
1366
1366
1366
1366
1400
1428
1452
1452
1438
1438
1451
1451
1448
1459
1459
1459
1459
1459
1442
1449
1449
1449
1449
1449
1453
1453
1461
1455
1458
1449
1449
1449
1449
1459
1459
1459
1459
1460
1460
1436
1422
1422
1422
1451
1451
1451
1451
1411
1411
1411
1421
1421
1442
1444
1444
1402
1404
1404
1404
1404
1404
1406
1425
1425
1425
1425
1425
1425
1426
1426
1426
1426
1438
1362
1362
1402
1402
1379
1399
1441
1441
1361
1368
1368
1368
1374
1374
1443
1443
1450
1469
1469
1441
1441
1432
1432
1377
1377
1377
1377
1377
1385
1423
1400
1400
1400
1418
1398
1398
1398
1398
1398
1409
1409
1393
1393
1393
1377
1377
1377
1377
1377
1377
1377
1377
1377
1377
1377
1377
1377
1377
1377
1377
1388
1388
1388
1399
1435
1418
1418
1418
1418
1377
1377
1400
1400
1400
1400
1400
1392
1392
1391
1391
1391
1410
1405
1405
1405
1385
1385
1407
1407
1390
1390
1379
1379
1341
1341
1355
1369
1369
1369
1369
1366
1366
1350
1354
1336
1349
1349
1349
1349
1349
1349
1349
1349
1349
1349
1349
1349
1349
1349
1349
1344
1344
1344
1344
1346
1331
1331
1331
1331
1331
1336
1397
1397
1397
1397
1326
1326
1326
1326
1326
1326
1326
1347
1336
1336
1336
1349
1349
1349
1342
1342
1359
1359
1359
1359
1335
1335
1335
1335
1335
1335
1347
1347
1335
1335
1335
1353
1353
1353
1353
1353
1362
1362
1340
1340
1340
1340
1340
1340
1340
1340
1340
1340
1340
1340
1340
1340
1340
1340
1340
1340
1340
1340
1340
1340
1340
1340
1353
1340
1340
1340
1340
1349
1349
1346
1352
1352
1366
1366
1366
1366
1366
1359
1359
1359
1359
1359
1359
1359
1359
1359
1359
1359
1359
1359
1359
1359
1346
1346
1346
1346
1356
1356
1356
1356
1371
1371
1371
1371
1368
1368
1368
1368
1384
1384
1384
1384
1384
1384
1401
1403
1403
1401
1392
1417
1417
1419
1419
1419
1397
1397
1418
1403
1403
1403
1403
1403
1412
1412
1412
1412
1373
1370
1370
1370
1366
1366
1366
1366
1366
1366
1366
1366
1366
1390
1390
1391
1408
1408
1408
1408
1401
1401
1385
1385
1385
1395
1395
1395
1395
1395
1383
1383
1383
1366
1366
1366
1366
1363
1363
1363
1363
1363
1363
1363
1358
1358
1358
1358
1358
1358
1402
1402
1391
1391
1391
1391
1391
1391
1391
1391
1391
1391
1391
1391
1319
1319
1319
1319
1319
1319
1319
1319
1319
1319
1319
1319
1319
1319
1319
1319
1339
1339
1339
1339
1339
1339
1339
1339
1339
1339
1339
1339
1339
1339
1339
1345
1345
1345
1339
1339
1339
1339
1339
1339
1339
1339
1339
1339
1339
1339
1339
1339
1339
1339
1339
1339
1339
1339
1342
1342
1339
1339
1342
1342
1365
1339
1339
1339
1339
1339
1339
1339
1341
1341
1357
1357
1357
1384
1372
1372
1372
1367
1367
1367
1367
1367
1367
1359
1359
1355
1367
1367
1367
1367
1367
1367
1367
1368
1367
1367
1367
1367
1367
1367
1353
1353
1353
1353
1353
1353
1353
1353
1353
1353
1353
1353
1353
1353
1360
1360
1350
1350
1342
1339
1339
1339
1339
1339
1339
1339
1339
1339
1339
1339
1339
1339
1339
1339
1339
1339
1339
1339
1339
1339
1339
1339
1339
1339
1339
1339
1339
1339
1339
1341
1341
1341
1341
1341
1341
1341
1341
1341
1341
1341
1341
1347
1347
1347
1347
1363
1363
1363
1363
1363
1363
1363
1363
1363
1404
1363
1363
1363
1363
1347
1347
1347
1347
1347
1347
1347
1347
1347
1347
1347
1353
1353
1353
1353
1353
1353
1353
1353
1353
1357
1357
1357
1357
1357
1357
1357
1357
1357
1357
1360
1397
1397
1397
1397
1397
1406
1406
1406
1406
1406
1406
1406
1397
1397
1397
1397
1397
1397
1397
1397
1397
1374
1374
1374
1396
1363
1363
1363
1363
1363
1363
1363
1363
1363
1363
1363
1363
1368
1368
1368
1368
1368
1368
1377
1377
1377
1384
1384
1379
1379
1379
1397
1397
1397
1397
1397
1397
1397
1397
1397
1391
1391
1382
1382
1382
1382
1387
1387
1387
1382
1382
1384
1384
1384
1384
1405
1405
1405
1405
1388
1377
1377
1377
1383
1383
1430
1429
1429
1429
1429
1429
1429
1429
1429
1433
1433
1452
1451
1451
1451
1426
1377
1377
1377
1377
1378
1377
1412
1429
1412
1386
1386
1386
1377
1377
1386
1386
1386
1386
1386
1386
1386
1409
1409
1409
1409
1409
1434
1434
1434
1434
1432
1432
1432
1377
1377
1377
1377
1377
1377
1377
1377
1377
1377
1382
1377
1377
1377
1377
1377
1377
1379
1378
1378
1377
1377
1377
1377
1377
1377
1377
1377
1377
1377
1377
1377
1377
1377
1377
1381
1381
1381
1388
1388
1388
1381
1377
1377
1377
1377
1377
1383
1383
1377
1377
1381
1381
1381
1381
1381
1443
1443
1443
1443
1441
1441
1441
1441
1441
1441
1441
1441
1442
1442
1450
1450
1450
1450
1450
1450
1403
1403
1397
1438
1438
1438
1438
1438
1428
1431
1431
1431
1431
1431
1431
1431
1431
1431
1431
1431
1397
1397
1400
1400
1400
1400
1400
1400
1400
1400
1397
1397
1397
1397
1397
1397
1397
1410
1410
1410
1405
1405
1405
1405
1405
1405
1405
1405
1405
1405
1405
1405
1405
1397
1397
1397
1397
1397
1397
1409
1409
1409
1397
1397
1397
1397
1377
1377
1377
1377
1364
1364
1348
1348
1390
1390
1390
1390
1390
1390
1364
1335
1320
1297
1297
1297
1297
1297
1297
1297
1297
1297
1297
1297
1297
1311
1311
1302
1302
1299
1299
1299
1299
1299
1299
1299
1299
1299
1299
1299
1299
1299
1299
1299
1299
1299
1299
1299
1297
1297
1297
1297
1297
1344
1344
1344
1357
1357
1357
1357
1346
1322
1322
1322
1324
1324
1324
1324
1324
1324
1330
1330
1330
1330
1341
1341
1322
1322
1322
1322
1324
1324
1324
1324
1324
1324
1324
1324
1324
1324
1324
1324
1324
1324
1324
1324
1324
1324
1324
1354
1337
1337
1337
1337
1328
1328
1310
1314
1314
1314
1314
1314
1314
1301
1301
1301
1301
1301
1301
1301
1301
1301
1301
1301
1301
1301
1301
1306
1306
1306
1306
1306
1306
1301
1301
1301
1321
1321
1321
1347
1347
1347
1347
1347
1347
1347
1347
1347
1347
1347
1347
1347
1347
1347
1347
1347
1352
1352
1352
1351
1351
1351
1351
1339
1339
1339
1339
1339
1339
1347
1347
1347
1347
1347
1339
1344
1340
1340
1345
1342
1342
1369
1353
1353
1353
1353
1353
1353
1350
1350
1350
1335
1335
1360
1335
1335
1335
1335
1335
1335
1320
1320
1320
1320
1320
1320
1320
1320
1320
1320
1320
1325
1318
1297
1297
1297
1297
1297
1309
1309
1309
1309
1309
1309
1355
1355
1322
1322
1322
1322
1322
1322
1322
1322
1322
1322
1322
1322
1322
1322
1322
1312
1303
1303
1303
1303
1303
1303
1303
1303
1303
1303
1303
1313
1313
1313
1313
1313
1313
1313
1313
1313
1313
1313
1313
1313
1313
1313
1313
1307
1307
1307
1307
1307
1307
1307
1307
1307
1307
1307
1307
1307
1307
1307
1307
1307
1302
1306
1306
1309
1306
1311
1312
1312
1312
1312
1312
1312
1297
1299
1300
1300
1300
1300
1300
1300
1301
1301
1301
1301
1301
1307
1307
1307
1307
1307
1307
1307
1307
1307
1307
1307
1307
1307
1307
1307
1307
1307
1307
1307
1307
1307
1307
1307
1317
1317
1317
1318
1318
1318
1318
1318
1318
1318
1318
1319
1324
1324
1324
1324
1324
1324
1324
1324
1324
1324
1324
1324
1324
1324
1324
1324
1324
1324
1324
1324
1324
1324
1324
1324
1324
1324
1324
1326
1326
1326
1326
1324
1324
1324
1324
1324
1324
1324
1324
1324
1324
1324
1324
1324
1324
1324
1324
1324
1324
1324
1324
1328
1328
1328
1328
1324
1324
1324
1324
1324
1324
1324
1324
1324
1324
1324
1324
1324
1324
1324
1324
1324
1324
1324
1324
1324
1324
1324
1324
1324
1324
1324
1324
1324
1324
1324
1324
1324
1324
1324
1324
1324
1324
1324
1324
1324
1324
1324
1324
1324
1324
1324
1328
1328
1324
1327
1327
1327
1327
1327
1327
1327
1327
1327
1327
1327
1327
1327
1324
1324
1324
1324
1324
1324
1324
1324
1324
1324
1324
1324
1324
1324
1324
1324
1324
1324
1324
1325
1325
1335
1341
1341
1341
1341
1341
1337
1337
1337
1337
1337
1337
1337
1337
1337
1337
1337
1337
1337
1334
1324
1324
1324
1324
1324
1324
1324
1324
1324
1324
1324
1324
1324
1324
1324
1324
1324
1324
1324
1324
1324
1324
1324
1324
1328
1328
1328
1328
1328
1328
1328
1328
1324
1324
1324
1324
1327
1327
1327
1326
1326
1327
1327
1327
1326
1326
1326
1326
1326
1326
1326
1326
1326
1326
1326
1326
1326
1326
1326
1326
1326
1326
1326
1326
1326
1326
1326
1324
1324
1324
1324
1324
1324
1324
1324
1324
1324
1324
1324
1324
1324
1324
1324
1324
1324
1324
1324
1324
1324
1324
1324
1324
1324
1324
1324
1324
1324
1324
1324
1324
1324
1324
1324
1324
1324
1324
1324
1324
1324
1324
1324
1324
1324
1324
1324
1324
1324
1324
1324
1324
1324
1324
1324
1324
1324
1324
1324
1332
1339
1336
1336
1336
1336
1336
1336
1336
1336
1336
1336
1336
1336
1336
1336
1336
1336
1341
1334
1334
1334
1334
1334
1334
1334
1334
1328
1328
1328
1328
1328
1331
1324
1324
1324
1324
1324
1324
1324
1324
1324
1324
1324
1324
1324
1324
1324
1324
1324
1324
1324
1326
1326
1326
1326
1326
1326
1326
1325
1325
1324
1324
1324
1325
1325
1327
1327
1327
1324
1324
1324
1313
1301
1301
1297
1297
1297
1297
1297
1297
1297
1297
1297
1297
1297
1297
1305
1302
1302
1302
1302
1307
1307
1307
1307
1307
1307
1307
1307
1307
1297
1297
1297
1297
1297
1300
1300
1300
1300
1300
1300
1300
1297
1297
1297
1297
1297
1297
1297
1297
1297
1297
1297
1297
1297
1305
1305
1305
1305
1305
1305
1305
1305
1300
1300
1300
1300
1300
1300
1300
1300
1300
1300
1300
1300
1300
1300
1297
1297
1297
1297
1297
1297
1297
1297
1297
1297
1297
1297
1297
1297
1297
1297
1297
1297
1297
1297
1297
1297
1297
1297
1297
1297
1297
1297
1297
1297
1297
1297
1297
1297
1297
1297
1297
1297
1297
1297
1297
1297
1297
1297
1297
1297
1297
1297
1297
1297
1297
1297
1297
1297
1297
1297
1297
1297
1297
1297
1297
1297
1306
1306
1306
1306
1306
1306
1306
1306
1306
1306
1297
1297
1298
1298
1298
1298
1297
1297
1300
1308
1308
1308
1308
1308
1308
1308
1308
1308
1308
1308
1308
1308
1308
1299
1303
1303
1303
1303
1303
1303
1303
1303
1303
1303
1303
1312
1312
1312
1312
1312
1312
1312
1301
1301
1301
1301
1301
1301
1301
1299
1297
1297
1297
1297
1297
1297
1297
1297
1297
1297
1302
1302
1302
1297
1297
1297
1297
1297
1297
1308
1297
1297
1297
1297
1297
1297
1297
1297
1297
1297
1297
1297
1297
1301
1301
1301
1301
1301
1301
1297
1297
1297
1297
1297
1297
1297
1297
1297
1297
1297
1297
1297
1297
1297
1297
1297
1297
1304
1304
1304
1304
1304
1304
1305
1305
1305
1305
1297
1297
1297
1297
1297
1297
1297
1297
1297
1297
1297
1297
1297
1297
1297
1297
1297
1297
1297
1297
1297
1297
1297
1297
1297
1297
1297
1297
1297
1297
1297
1297
1297
1297
1297
1297
1297
1297
1297
1297
1297
1297
1297
1297
1297
1297
1297
1297
1297
1297
1297
1297
1297
1297
1297
1297
1297
1297
1297
1297
1297
1299
1299
1299
1299
1299
1299
1299
1299
1299
1299
1299
1299
1297
1297
1297
1297
1297
1297
1297
1297
1297
1297
1297
1297
1297
1297
1297
1297
1297
1297
1297
1297
1297
1297
1297
1297
1297
1297
1297
1297
1297
1297
1297
1297
1297
1297
1297
1297
1297
1297
1297
1297
1297
1297
1297
1297
1297
1297
1297
1297
1297
1297
1297
1297
1297
1297
1297
1297
1297
1297
1297
1297
1297
1297
1297
1297
1297
1297
1297
1297
1297
1297
1297
1297
1297
1297
1297
1297
1297
1297
1297
1297
1297
1297
1297
1297
1297
1297
1297
1297
1297
1297
1297
1297
1297
1297
1297
1297
1297
1297
1297
1297
1297
1297
1297
1297
1297
1297
1297
1297
1297
1297
1297
1297
1297
1297
1297
1297
1297
1297
1297
1297
1297
1297
1297
1297
1297
1297
1297
1297
1297
1297
1297
1297
1297
1297
1297
1297
1297
1297
1297
1297
1297
1297
1297
1297
1297
1297
1297
1297
1297
1297
1297
1297
1297
1297
1297
1297
1297
1297
1297
1297
1297
1297
1297
1297
1297
1297
1297
1297
1297
1297
1297
1297
1297
1297
1297
1297
1297
1297
1297
1297
1297
1297
1297
1297
1297
1297
1297
1297
1297
1297
1297
1297
1297
1297
1297
1297
1297
1297
1297
1297
1297
1297
1297
1297
1297
1297
1297
1297
1297
1297
1298
1298
1298
1298
1297
1297
1297
1297
1297
1297
1297
1297
1297
1297
1302
1302
1302
1302
1302
1302
1302
1302
1302
1302
1302
1302
1302
1302
1302
1297
1297
1297
1297
1297
1297
1297
1297
1297
1297
1297
1297
1297
1297
1297
1297
1297
1297
1297
1297
1297
1297
1298
1298
1298
1298
1298
1298
1298
1298
1298
1298
1298
1298
1298
1298
1297
1297
1297
1297
1297
1297
1297
1297
1297
1297
1297
1297
1297
1297
1297
1297
1297
1297
1297
1297
1297
1297
1297
1297
1297
1297
1297
1297
1297
1297
1297
1297
1297
1297
1297
1297
1297
1297
1297
1297
1297
1297
1297
1297
1297
1306
1306
1306
1306
1306
1306
1306
1306
1306
1306
1306
1297
1297
1297
1297
1297
1297
1297
1297
1297
1297
1297
1297
1297
1297
1297
1297
1297
1297
1297
1297
1297
1297
1297
1297
1297
1297
1297
1297
1297
1297
1297
1299
1299
1299
1299
1299
1299
1299
1299
1303
1303
1303
1303
1303
1303
1303
1303
1303
1303
1303
1297
1297
1297
1297
1297
1297
1297
1297
1297
1297
1297
1297
1297
1297
1297
1297
1297
1297
1297
1297
1297
1297
1307
1307
1307
1307
1307
1307
1307
1307
1307
1307
1307
1307
1307
1307
1301
1301
1297
1297
1297
1297
1297
1297
1297
1297
1297
1297
1297
1297
1297
1297
1297
1297
1297
1297
1297
1297
1297
1297
1297
1297
1297
1297
1297
1297
1297
1297
1297
1297
1297
1297
1297
1297
1297
1297
1297
1297
1297
1304
1304
1304
1304
1304
1304
1304
1304
1304
1304
1297
1297
1297
1297
1297
1297
1297
1297
1297
1297
1297
1297
1297
1297
1297
1297
1297
1297
1297
1297
1297
1297
1297
1297
1297
1297
1297
1297
1297
1297
1297
1297
1297
1297
1297
1297
1297
1297
1297
1297
1297
1297
1297
1297
1297
1297
1297
1297
1297
1297
1297
1297
1297
1297
1297
1297
1297
1297
1297
1297
1297
1297
1297
1297
1297
1297
1297
1297
1297
1297
1297
1297
1297
1297
1297
1297
1297
1297
1297
1297
1297
1297
1297
1297
1297
1297
1297
1297
1297
1297
1297
1297
1297
1297
1297
1297
1297
1297
1297
1297
1297
1297
1297
1297
1297
1297
1297
1297
1297
1297
1297
1297
1297
1297
1297
1297
1297
1297
1297
1297
1297
1297
1297
1297
1297
1297
1297
1297
1297
1297
1297
1297
1297
1297
1297
1297
1297
1297
1297
1297
1297
1297
1297
1297
1297
1297
1297
1297
1297
1297
1297
1297
1297
1297
1297
1297
1297
1297
1297
1297
1297
1297
1297
1297
1297
1297
1297
1297
1297
1297
1297
1297
1297
1297
1297
1297
1297
1297
1297
1297
1297
1297
1297
1297
1297
1297
1297
1297
1297
1297
1297
1297
1298
1298
1298
1298
1298
1298
1298
1298
1298
1298
1298
1298
1301
1301
1301
1301
1301
1297
1297
1297
1297
1297
1297
1297
1297
1297
1297
1297
1297
1297
1297
1297
1297
1297
1297
1297
1297
1297
1297
1297
1297
1297
1297
1297
1297
1297
1297
1297
1297
1297
1297
1297
1297
1297
1297
1297
1297
1297
1297
1297
1297
1297
1297
1297
1297
1297
1297
1297
1297
1297
1297
1297
1297
1297
1297
1297
1297
1297
1297
1297
1297
1297
1297
1297
1297
1297
1297
1297
1297
1297
1297
1297
1297
1297
1297
1297
1297
1297
1297
1297
1297
1297
1297
1306
1306
1306
1306
1306
1306
1306
1306
1306
1306
1306
1306
1306
1304
1304
1304
1304
1304
1304
1304
1304
1304
1304
1304
1304
1297
1297
1297
1297
1297
1297
1297
1297
1297
1297
1297
1299
1299
1299
1299
1299
1299
1299
1297
1297
1297
1297
1297
1297
1297
1297
1297
1297
1297
1297
1297
1297
1299
1299
1299
1299
1299
1299
1299
1299
1299
1299
1299
1299
1297
1297
1297
1297
1297
1297
1302
1302
1302
1299
1299
1299
1299
1299
1299
1299
1299
1299
1297
1297
1297
1297
1297
1297
1297
1297
1297
1297
1297
1297
1297
1297
1297
1297
1297
1297
1297
1297
1297
1297
1297
1297
1297
1297
1297
1297
1297
1297
1297
1297
1297
1297
1297
1297
1297
1297
1297
1297
1297
1297
1297
1297
1297
1297
1297
1297
1297
1297
1297
1297
1297
1297
1297
1297
1297
1297
1297
1297
1297
1297
1297
1297
1297
1297
1297
1297
1297
1297
1297
1297
1297
1297
1297
1297
1297
1297
1297
1297
1297
1297
1297
1297
1297
1297
1297
1297
1297
1297
1297
1297
1297
1297
1297
1297
1297
1297
1297
1297
1297
1297
1297
1297
1297
1297
1297
1297
1297
1297
1297
1297
1297
1297
1297
1297
1297
1297
1297
1297
1297
1297
1297
1297
1297
1297
1297
1297
1297
1297
1297
1297
1297
1297
1297
1297
1297
1297
1297
1297
1298
1298
1297
1297
1297
1297
1297
1297
1297
1297
1297
1297
1297
1297
1297
1297
1297
1297
1297
1297
1297
1297
1297
1297
1297
1297
1297
1297
1297
1297
1297
1297
1297
1297
1297
1297
1297
1297
1297
1297
1297
1297
1297
1297
1297
1297
1297
1297
1297
1297
1297
1297
1297
1297
1297
1297
1297
1297
1297
1297
1297
1297
1297
1297
1297
1297
1297
1297
1297
1297
1297
1297
1297
1297
1297
1297
1297
1297
1297
1297
1297
1297
1297
1297
1297
1297
1297
1297
1297
1297
1297
1297
1297
1297
1297
1297
1297
1297
1297
1297
1297
1297
1297
1297
1297
1297
1297
1297
1297
1297
1297
1297
1297
1297
1297
1297
1297
1297
1297
1297
1297
1297
1297
1297
1297
1297
1297
1297
1297
1297
1297
1297
1297
1297
1297
1297
1297
1297
1297
1297
1297
1297
1297
1297
1297
1297
1297
1297
1297
1297
1297
1297
1297
1297
1297
1297
1297
1297
1297
1297
1297
1297
1297
1297
1297
1297
1312
1312
1315
1315
1315
1315
1315
1315
1315
1315
1297
1297
1297
1297
1297
1297
1297
1297
1297
1297
1297
1297
1297
1297
1297
1297
1297
1297
1297
1297
1297
1297
1297
1297
1297
1297
1297
1297
1297
1297
1297
1297
1297
1297
1297
1297
1297
1297
1297
1297
1297
1297
1297
1297
1297
1297
1297
1297
1297
1297
1297
1297
1297
1297
1297
1297
1297
1297
1297
1297
1297
1297
1297
1297
1297
1297
1297
1297
1300
1300
1300
1300
1300
1300
1300
1300
1300
1300
1300
1300
1300
1297
1297
1297
1297
1297
1297
1297
1297
1297
1297
1297
1297
1297
1297
1297
1297
1298
1298
1298
1298
1297
1297
1297
1297
1297
1297
1297
1297
1297
1297
1297
1297
1297
1297
1304
1304
1304
1304
1304
1304
1304
1304
1304
1304
1304
1304
1304
1304
1304
1300
1300
1300
1300
1300
1300
1300
1297
1297
1297
1297
1297
1297
1297
1297
1297
1297
1297
1297
1297
1297
1297
1297
1297
1297
1297
1297
1297
1297
1297
1297
1297
1297
1297
1297
1297
1297
1297
1297
1297
1297
1297
1297
1297
1297
1297
1297
1297
1297
1297
1297
1297
1297
1297
1297
1297
1297
1297
1297
1297
1297
1297
1297
1297
1297
1297
1297
1297
1297
1297
1297
1297
1297
1297
1297
1297
1297
1297
1297
1297
1297
1297
1297
1297
1297
1297
1297
1297
1297
1297
1297
1297
1297
1297
1297
1297
1297
1297
1297
1297
1307
1307
1307
1307
1301
1301
1301
1301
1301
1301
1301
1301
1301
1301
1301
1301
1301
1301
1302
1302
1302
1302
1302
1302
1302
1302
1302
1302
1297
1297
1297
1297
1297
1297
1297
1297
1297
1297
1297
1297
1297
1297
1297
1297
1297
1297
1297
1297
1297
1297
1297
1297
1297
1297
1297
1297
1297
1297
1297
1297
1297
1297
1297
1297
1297
1297
1297
1299
1299
1299
1299
1299
1297
1297
1297
1297
1297
1297
1297
1297
1297
1297
1297
1297
1297
1297
1297
1297
1297
1297
1297
1297
1297
1297
1297
1297
1297
1297
1297
1297
1297
1297
1297
1297
1297
1297
1297
1297
1297
1297
1297
1297
1297
1297
1297
1297
1297
1297
1297
1297
1297
1297
1307
1307
1307
1307
1304
1304
1304
1304
1304
1304
1304
1304
1304
1304
1297
1297
1297
1297
1297
1297
1297
1297
1297
1297
1297
1297
1297
1297
1297
1297
1297
1304
1304
1297
1297
1297
1297
1297
1297
1297
1297
1297
1297
1297
1297
1297
1297
1297
1297
1297
1297
1297
1297
1297
1297
1297
1297
1297
1297
1297
1297
1297
1297
1297
1297
1297
1297
1297
1297
1297
1297
1297
1297
1297
1297
1297
1297
1297
1297
1297
1297
1297
1297
1297
1297
1297
1297
1297
1297
1297
1297
1297
1297
1297
1297
1297
1297
1297
1297
1297
1297
1297
1297
1297
1297
1297
1297
1297
1297
1297
1297
1297
1297
1297
1297
1297
1297
1297
1297
1297
1297
1297
1297
1297
1297
1297
1297
1297
1297
1297
1297
1297
1297
1297
1297
1297
1297
1297
1297
1297
1297
1297
1297
1297
1297
1297
1297
1297
1297
1297
1297
1297
1297
1297
1297
1297
1297
1297
1297
1297
1297
1297
1297
1297
1297
1297
1297
1297
1297
1297
1297
1297
1297
1297
1297
1297
1297
1297
1297
1297
1297
1297
1297
1297
1297
1297
1297
1297
1297
1297
1297
1297
1297
1297
1297
1297
1297
1297
1297
1297
1297
1297
1297
1297
1297
1297
1297
1297
1297
1297
1297
1297
1297
1297
1297
1297
1297
1297
1297
1297
1297
1297
1297
1297
1297
1297
1297
1297
1297
1297
1297
1297
1297
1297
1297
1297
1297
1297
1297
1297
1297
1297
1297
1297
1297
1297
1297
1297
1297
1297
1297
1297
1297
1297
1297
1297
1297
1297
1297
1297
1297
1297
1297
1297
1297
1297
1297
1297
1297
1297
1297
1297
1297
1297
1297
1297
1297
1297
1297
1297
1297
1297
1297
1297
1297
1297
1297
1297
1297
1297
1297
1297
1297
1297
1297
1297
1297
1297
1297
1297
1297
1297
1297
1297
1297
1297
1297
1297
1297
1297
1297
1298
1298
1298
1298
1298
1298
1297
1297
1297
1297
1297
1297
1297
1297
1297
1297
1297
1297
1297
1297
1297
1297
1297
1297
1297
1297
1297
1297
1297
1297
1297
1297
1297
1297
1297
1297
1297
1297
1297
1297
1297
1297
1297
1297
1297
1297
1297
1297
1297
1297
1297
1297
1297
1297
1297
1297
1297
1297
1297
1297
1297
1297
1297
1297
1297
1297
1297
1297
1301
1301
1298
1298
1298
1298
1298
1298
1298
1298
1298
1298
1298
1298
1298
1298
1298
1298
1298
1298
1298
1298
1298
1298
1298
1298
1298
1298
1298
1298
1298
1298
1298
1297
1297
1297
1297
1297
1297
1297
1297
1297
1297
1297
1297
1297
1297
1297
1297
1297
1297
1297
1297
1297
1297
1297
1297
1297
1297
1297
1297
1297
1297
1297
1297
1297
1297
1297
1297
1297
1297
1297
1297
1297
1297
1297
1297
1297
1297
1297
1297
1297
1297
1297
1297
1297
1297
1297
1297
1297
1297
1297
1299
1299
1297
1297
1297
1297
1297
1297
1297
1297
1297
1297
1297
1297
1297
1297
1297
1297
1297
1297
1297
1297
1297
1297
1297
1297
1297
1297
1297
1297
1297
1297
1297
1297
1297
1297
1297
1297
1297
1297
1297
1297
1297
1297
1297
1297
1297
1297
1297
1297
1297
1297
1297
1297
1297
1297
1300
1300
1300
1300
1300
1300
1300
1300
1301
1301
1297
1297
1297
1297
1297
1297
1297
1297
1297
1297
1297
1297
1297
1297
1297
1304
1304
1304
1304
1304
1304
1304
1304
1304
1302
1302
1302
1302
1302
1302
1302
1302
1302
1302
1302
1304
1304
1304
1297
1297
1297
1297
1297
1297
1297
1297
1297
1297
1297
1297
1297
1297
1297
1297
1297
1297
1297
1297
1297
1297
1297
1297
1297
1297
1297
1297
1297
1297
1297
1297
1297
1297
1297
1297
1297
1297
1297
1297
1297
1297
1297
1297
1297
1297
1297
1297
1297
1297
1297
1297
1297
1297
1297
1297
1297
1300
1300
1300
1300
1300
1300
1300
1300
1300
1300
1300
1300
1300
1300
1300
1300
1300
1300
1297
1297
1297
1297
1298
1298
1298
1298
1298
1298
1298
1298
1298
1298
1298
1297
1297
1297
1297
1297
1297
1297
1297
1297
1297
1297
1297
1297
1297
1297
1297
1297
1297
1297
1297
1297
1297
1297
1297
1297
1297
1297
1297
1297
1297
1297
1297
1297
1311
1311
1311
1311
1311
1311
1297
1297
1297
1297
1297
1297
1297
1297
1297
1297
1297
1297
1297
1297
1297
1297
1297
1297
1297
1297
1297
1297
1297
1297
1297
1297
1297
1297
1297
1297
1297
1297
1297
1297
1297
1297
1297
1297
1297
1297
1297
1297
1298
1298
1298
1298
1297
1297
1297
1297
1297
1297
1297
1297
1297
1297
1297
1297
1297
1297
1297
1297
1297
1297
1297
1297
1297
1297
1297
1297
1297
1297
1297
1297
1297
1297
1297
1297
1297
1297
1297
1297
1297
1297
1297
1297
1297
1297
1297
1297
1297
1297
1297
1297
1297
1297
1297
1297
1297
1297
1297
1297
1297
1297
1297
1297
1297
1297
1297
1297
1297
1297
1297
1297
1297
1297
1297
1297
1297
1297
1297
1297
1297
1297
1297
1297
1297
1297
1297
1297
1297
1297
1297
1297
1297
1297
1297
1297
1297
1297
1297
1297
1297
1297
1297
