1541
1521
1476
1476
1533
1518
1560
1523
1439
1463
1463
1395
1386
1473
1473
1473
1473
1490
1490
1474
1496
1506
1506
1474
1490
1490
1461
1489
1548
1568
1568
1458
1500
1500
1537
1529
1529
1547
1543
1543
1567
1570
1617
1631
1596
1596
1593
1591
1570
1561
1606
1647
1617
1641
1606
1587
1625
1625
1559
1556
1492
1460
1450
1450
1534
1534
1527
1508
1491
1530
1497
1572
1569
1565
1524
1527
1499
1487
1517
1468
1510
1499
1499
1525
1503
1542
1477
1492
1491
1552
1552
1550
1581
1581
1587
1551
1592
1611
1610
1566
1559
1579
1565
1515
1478
1512
1443
1443
1444
1505
1455
1478
1478
1487
1493
1562
1616
1682
1682
1661
1605
1633
1571
1488
1497
1517
1517
1561
1487
1499
1499
1487
1517
1617
1656
1568
1613
1599
1548
1548
1531
1531
1565
1527
1508
1484
1507
1512
1459
1497
1467
1495
1507
1495
1495
1536
1536
1501
1531
1537
1488
1467
1489
1505
1513
1547
1488
1488
1488
1499
1492
1485
1508
1510
1480
1454
1502
1502
1502
1502
1502
1386
1405
1355
1367
1366
1364
1381
1374
1381
1370
1403
1403
1403
1414
1403
1403
1421
1430
1430
1430
1459
1459
1456
1459
1485
1485
1453
1474
1453
1459
1493
1482
1508
1456
1431
1431
1445
1458
1458
1458
1458
1458
1458
1458
1426
1511
1511
1522
1466
1480
1487
1487
1497
1456
1456
1470
1486
1555
1563
1550
1550
1545
1499
1511
1459
1495
1574
1581
1581
1541
1555
1555
1555
1556
1557
1556
1601
1544
1528
1477
1477
1491
1477
1511
1511
1511
1487
1511
1463
1469
1503
1524
1554
1554
1546
1598
1611
1611
1611
1621
1504
1506
1525
1584
1528
1531
1573
1584
1522
1483
1528
1590
1558
1489
1481
1469
1469
1460
1523
1575
1566
1508
1502
1439
1447
1447
1447
1447
1443
1500
1539
1519
1530
1509
1491
1491
1491
1491
1526
1490
1483
1524
1526
1548
1610
1588
1505
1571
1547
1595
1563
1563
1563
1530
1524
1513
1513
1529
1548
1532
1532
1576
1576
1580
1580
1578
1497
1579
1486
1508
1492
1521
1521
1456
1417
1411
1411
1434
1464
1480
1519
1533
1522
1498
1498
1536
1531
1541
1547
1547
1567
1567
1538
1538
1539
1529
1602
1587
1596
1492
1534
1534
1563
1487
1487
1512
1512
1497
1452
1496
1496
1485
1504
1504
1546
1532
1519
1484
1484
1478
1478
1478
1506
1540
1517
1517
1517
1569
1485
1501
1508
1527
1525
1623
1516
1534
1534
1561
1581
1538
1539
1496
1540
1513
1572
1572
1627
1531
1516
1512
1515
1539
1598
1598
1633
1639
1667
1692
1692
1673
1673
1638
1628
1602
1526
1610
1580
1641
1622
1629
1629
1566
1518
1508
1510
1510
1512
1512
1535
1535
1556
1558
1539
1519
1492
1470
1471
1465
1465
1449
1489
1464
1550
1550
1597
1520
1466
1491
1491
1442
1442
1397
1393
1428
1486
1480
1534
1591
1596
1685
1702
1702
1670
1660
1670
1701
1667
1613
1588
1512
1469
1475
1446
1435
1457
1478
1430
1430
1454
1502
1502
1585
1585
1505
1562
1586
1579
1538
1501
1518
1495
1545
1516
1455
1464
1490
1490
1488
1485
1521
1521
1487
1542
1542
1521
1441
1463
1547
1583
1512
1471
1526
1519
1566
1566
1523
1520
1499
1520
1530
1442
1442
1422
1419
1516
1428
1428
1420
1421
1437
1421
1425
1406
1424
1438
1438
1436
1410
1426
1426
1426
1442
1485
1500
1518
1519
1548
1589
1543
1543
1570
1542
1528
1554
1483
1533
1527
1508
1469
1469
1553
1553
1537
1557
1477
1487
1562
1540
1559
1463
1498
1501
1501
1523
1562
1562
1550
1527
1514
1514
1514
1542
1624
1588
1564
1523
1540
1548
1524
1501
1543
1497
1539
1521
1521
1564
1498
1529
1553
1553
1553
1530
1561
1544
1544
1515
1512
1520
1520
1593
1622
1609
1558
1482
1482
1510
1516
1507
1464
1489
1489
1489
1492
1453
1492
1536
1589
1602
1606
1610
1610
1592
1604
1656
1678
1562
1496
1489
1489
1471
1508
1508
1508
1462
1425
1469
1513
1455
1468
1530
1507
1507
1507
1461
1482
1482
1528
1518
1525
1515
1515
1515
1547
1583
1582
1603
1632
1619
1610
1683
1683
1628
1625
1632
1632
1611
1651
1587
1598
1578
1642
1652
1599
1599
1599
1551
1585
1585
1585
1578
1593
1600
1574
1617
1617
1572
1562
1562
1559
1534
1560
1560
1566
1566
1585
1591
1545
1575
1585
1540
1570
1570
1556
1536
1545
1519
1567
1541
1576
1529
1529
1529
1529
1503
1503
1504
1504
1483
1504
1500
1470
1470
1525
1510
1595
1645
1673
1659
1684
1590
1590
1620
1602
1562
1562
1534
1534
1536
1536
1547
1493
1456
1510
1560
1607
1623
1581
1598
1631
1613
1613
1613
1605
1534
1551
1541
1541
1576
1553
1553
1575
1620
1620
1620
1620
1575
1554
1554
1530
1537
1547
1487
1497
1497
1487
1452
1452
1397
1443
1401
1429
1452
1452
1452
1452
1455
1573
1594
1613
1593
1514
1431
1396
1413
1474
1474
1491
1503
1476
1568
1608
1591
1596
1594
1625
1659
1625
1625
1600
1619
1567
1613
1641
1641
1641
1641
1611
1535
1535
1617
1595
1629
1654
1654
1654
1551
1519
1541
1541
1541
1598
1563
1574
1565
1565
1563
1563
1563
1567
1587
1645
1645
1582
1576
1590
1572
1482
1479
1484
1506
1506
1506
1506
1514
1516
1529
1484
1573
1516
1421
1421
1421
1377
1419
1419
1559
1475
1559
1462
1434
1487
1487
1487
1507
1545
1571
1560
1560
1518
1529
1529
1468
1470
1460
1457
1457
1432
1432
1420
1458
1458
1458
1472
1472
1487
1411
1411
1434
1373
1462
1528
1592
1590
1555
1554
1515
1515
1495
1569
1536
1586
1538
1538
1564
1584
1577
1559
1570
1555
1548
1547
1605
1567
1545
1545
1592
1592
1599
1634
1634
1625
1527
1572
1556
1498
1500
1528
1528
1528
1516
1516
1485
1463
1453
1438
1443
1440
1475
1454
1496
1509
1509
1554
1534
1534
1530
1515
1482
1482
1567
1536
1596
1608
1573
1573
1573
1569
1555
1555
1568
1625
1625
1593
1593
1593
1559
1532
1560
1560
1624
1648
1561
1561
1561
1561
1581
1561
1566
1540
1489
1525
1525
1601
1595
1540
1570
1552
1552
1567
1567
1567
1645
1580
1517
1521
1527
1527
1527
1531
1532
1532
1536
1520
1520
1496
1422
1422
1422
1438
1496
1513
1576
1576
1576
1559
1670
1634
1659
1643
1643
1673
1590
1534
1468
1482
1482
1458
1458
1478
1480
1480
1457
1463
1565
1565
1532
1555
1564
1555
1494
1591
1531
1544
1520
1535
1526
1528
1528
1500
1506
1464
1460
1460
1493
1513
1513
1456
1457
1533
1513
1488
1474
1527
1540
1555
1558
1540
1525
1501
1506
1506
1509
1476
1459
1467
1467
1498
1481
1509
1501
1507
1510
1467
1445
1479
1559
1553
1552
1600
1600
1591
1591
1581
1440
1413
1444
1427
1427
1397
1393
1456
1438
1438
1454
1454
1466
1443
1538
1564
1586
1531
1508
1508
1509
1541
1541
1540
1508
1495
1495
1495
1529
1485
1447
1482
1482
1459
1485
1574
1522
1522
1501
1477
1421
1496
1499
1485
1469
1481
1484
1484
1475
1478
1524
1475
1475
1478
1450
1427
1428
1428
1437
1427
1463
1456
1499
1477
1463
1463
1463
1473
1463
1468
1487
1500
1535
1520
1574
1574
1515
1597
1553
1457
1501
1524
1524
1537
1537
1526
1479
1479
1475
1514
1453
1441
1441
1495
1585
1574
1499
1504
1530
1546
1546
1503
1458
1445
1508
1456
1453
1450
1450
1424
1424
1424
1424
1477
1479
1478
1460
1439
1440
1430
1425
1468
1487
1467
1467
1453
1453
1507
1481
1546
1597
1600
1600
1558
1539
1536
1482
1482
1514
1510
1502
1508
1464
1457
1521
1453
1453
1461
1480
1453
1432
1432
1474
1474
1458
1458
1427
1455
1509
1559
1557
1557
1586
1699
1572
1522
1522
1519
1533
1533
1571
1545
1519
1483
1459
1459
1522
1529
1522
1537
1537
1511
1511
1534
1509
1499
1520
1520
1544
1523
1523
1523
1528
1434
1434
1490
1490
1436
1471
1488
1488
1497
1443
1480
1441
1489
1489
1505
1500
1546
1560
1546
1531
1501
1489
1474
1474
1420
1420
1420
1420
1405
1473
1473
1430
1438
1438
1415
1386
1444
1467
1554
1544
1544
1544
1544
1450
1450
1450
1450
1481
1579
1579
1518
1623
1561
1580
1557
1536
1597
1605
1496
1506
1428
1491
1534
1534
1534
1477
1500
1494
1519
1563
1557
1557
1551
1556
1641
1629
1649
1524
1502
1615
1654
1583
1580
1580
1518
1532
1552
1535
1565
1606
1565
1565
1580
1580
1507
1507
1512
1432
1424
1415
1491
1491
1491
1531
1455
1455
1446
1413
1433
1455
1485
1447
1474
1444
1522
1522
1539
1504
1473
1546
1546
1530
1524
1560
1560
1570
1570
1522
1446
1459
1467
1467
1494
1421
1419
1419
1406
1406
1406
1446
1503
1433
1433
1434
1434
1434
1562
1561
1561
1595
1529
1574
1570
1529
1529
1529
1529
1529
1540
1540
1540
1535
1556
1610
1560
1598
1597
1597
1522
1491
1456
1442
1457
1457
1476
1476
1445
1464
1464
1464
1464
1464
1446
1433
1475
1475
1475
1453
1504
1581
1539
1613
1571
1603
1651
1654
1654
1678
1684
1575
1621
1599
1609
1609
1529
1529
1529
1529
1529
1522
1448
1431
1434
1454
1494
1498
1515
1515
1526
1561
1526
1534
1509
1523
1521
1435
1435
1480
1480
1480
1480
1480
1504
1512
1497
1584
1581
1563
1563
1529
1488
1529
1511
1511
1506
1553
1568
1568
1544
1544
1538
1496
1497
1393
1392
1436
1436
1533
1536
1480
1488
1464
1490
1490
1532
1532
1486
1475
1475
1413
1458
1454
1454
1444
1470
1432
1453
1453
1453
1485
1481
1443
1467
1458
1458
1434
1407
1388
1413
1481
1385
1481
1493
1493
1451
1451
1410
1410
1474
1477
1415
1410
1410
1471
1471
1471
1471
1471
1413
1453
1465
1464
1464
1492
1548
1539
1507
1489
1453
1424
1424
1424
1424
1430
1417
1417
1412
1440
1461
1461
1461
1467
1467
1467
1467
1467
1523
1467
1521
1552
1464
1513
1566
1546
1569
1625
1544
1541
1588
1589
1488
1488
1488
1423
1450
1480
1453
1515
1542
1515
1462
1462
1450
1450
1451
1516
1511
1475
1478
1532
1532
1532
1494
1473
1473
1477
1477
1421
1384
1377
1377
1377
1377
1412
1403
1403
1447
1447
1474
1483
1483
1483
1478
1478
1520
1557
1557
1511
1459
1459
1459
1450
1450
1450
1450
1419
1420
1465
1506
1465
1419
1495
1419
1422
1441
1441
1441
1441
1433
1433
1433
1502
1527
1499
1474
1448
1509
1509
1509
1506
1471
1492
1549
1528
1510
1484
1530
1484
1445
1452
1452
1442
1433
1478
1456
1456
1456
1456
1461
1458
1449
1476
1476
1476
1476
1431
1431
1478
1478
1478
1495
1495
1495
1455
1473
1410
1410
1493
1513
1515
1580
1537
1496
1563
1605
1546
1546
1592
1621
1588
1582
1582
1522
1523
1521
1569
1569
1660
1612
1553
1549
1590
1552
1569
1546
1540
1536
1508
1536
1551
1551
1551
1551
1551
1497
1492
1487
1491
1480
1497
1483
1483
1526
1487
1510
1543
1544
1531
1531
1488
1487
1481
1481
1460
1460
1473
1501
1507
1525
1478
1474
1489
1527
1645
1620
1636
1636
1606
1606
1547
1529
1529
1486
1486
1486
1486
1486
1486
1486
1486
1442
1442
1442
1516
1516
1481
1481
1481
1489
1488
1464
1473
1557
1557
1557
1577
1531
1439
1439
1442
1442
1519
1584
1580
1580
1580
1602
1567
1567
1545
1476
1458
1490
1494
1493
1442
1483
1473
1523
1449
1449
1449
1401
1405
1431
1431
1405
1417
1401
1440
1468
1463
1409
1409
1502
1485
1523
1524
1504
1521
1501
1500
1495
1496
1531
1568
1535
1538
1530
1458
1446
1446
1407
1423
1345
1368
1365
1365
1438
1438
1451
1461
1454
1454
1407
1407
1407
1407
1386
1416
1517
1517
1450
1514
1514
1517
1517
1595
1612
1608
1572
1507
1507
1507
1477
1445
1424
1427
1399
1394
1377
1417
1402
1458
1425
1425
1438
1377
1378
1388
1395
1412
1391
1417
1408
1408
1426
1391
1391
1380
1525
1538
1538
1512
1517
1494
1452
1450
1450
1450
1481
1481
1573
1587
1507
1528
1517
1482
1473
1483
1483
1495
1467
1482
1482
1467
1431
1412
1444
1492
1492
1502
1516
1507
1461
1529
1453
1453
1481
1481
1460
1469
1469
1506
1465
1481
1534
1537
1526
1519
1519
1548
1562
1631
1607
1556
1578
1585
1575
1592
1592
1529
1515
1543
1520
1520
1520
1496
1613
1615
1615
1656
1656
1619
1602
1564
1564
1593
1604
1604
1489
1489
1577
1595
1595
1528
1483
1483
1456
1457
1457
1470
1488
1563
1563
1529
1512
1487
1446
1443
1465
1465
1500
1423
1423
1474
1529
1520
1520
1543
1543
1568
1568
1590
1575
1555
1522
1522
1575
1596
1573
1573
1495
1524
1532
1582
1571
1523
1523
1523
1531
1547
1561
1508
1483
1515
1509
1556
1543
1454
1454
1454
1495
1470
1511
1513
1500
1514
1460
1473
1512
1537
1537
1498
1486
1466
1478
1478
1459
1463
1463
1453
1500
1487
1532
1503
1513
1516
1535
1596
1576
1592
1590
1590
1590
1517
1531
1516
1513
1517
1474
1529
1529
1458
1463
1463
1463
1445
1460
1491
1506
1472
1485
1462
1454
1463
1439
1454
1404
1510
1498
1447
1447
1447
1451
1451
1447
1447
1447
1447
1512
1432
1435
1447
1422
1446
1446
1446
1459
1422
1422
1422
1428
1429
1429
1429
1506
1429
1448
1470
1501
1501
1501
1511
1511
1483
1483
1449
1506
1529
1508
1529
1526
1526
1526
1574
1560
1584
1497
1505
1505
1505
1447
1501
1472
1485
1485
1441
1415
1423
1423
1436
1517
1561
1521
1532
1501
1494
1502
1482
1494
1494
1494
1505
1505
1506
1537
1541
1571
1587
1587
1587
1558
1558
1515
1526
1461
1461
1477
1588
1505
1526
1411
1411
1464
1464
1475
1541
1510
1500
1574
1606
1596
1596
1557
1576
1562
1562
1527
1533
1517
1518
1508
1502
1509
1482
1478
1473
1547
1547
1473
1488
1559
1540
1560
1541
1541
1543
1523
1492
1492
1474
1474
1495
1513
1488
1501
1463
1459
1459
1495
1504
1464
1497
1480
1470
1469
1483
1481
1472
1472
1482
1465
1516
1544
1523
1449
1449
1449
1458
1444
1534
1502
1483
1527
1461
1484
1559
1546
1586
1550
1548
1548
1575
1564
1529
1514
1521
1506
1506
1444
1444
1470
1474
1348
1386
1450
1492
1492
1456
1421
1415
1416
1416
1416
1437
1555
1555
1555
1573
1555
1468
1468
1497
1560
1560
1570
1570
1570
1531
1527
1486
1442
1442
1442
1471
1480
1545
1547
1547
1587
1559
1538
1540
1540
1533
1533
1533
1531
1543
1557
1568
1568
1568
1551
1551
1521
1541
1523
1488
1508
1520
1531
1526
1478
1470
1525
1517
1528
1554
1489
1468
1468
1501
1508
1500
1475
1487
1487
1485
1485
1389
1380
1411
1411
1370
1377
1377
1410
1460
1523
1471
1463
1467
1496
1485
1485
1485
1526
1496
1469
1469
1469
1469
1453
1500
1479
1546
1511
1511
1509
1509
1540
1527
1552
1552
1552
1560
1524
1542
1542
1484
1480
1485
1514
1485
1494
1506
1479
1526
1447
1422
1404
1360
1402
1402
1401
1401
1401
1418
1418
1418
1393
1509
1471
1501
1488
1489
1452
1450
1473
1473
1473
1452
1452
1452
1530
1486
1512
1509
1504
1485
1545
1545
1545
1516
1560
1537
1537
1537
1508
1568
1568
1568
1574
1574
1527
1509
1517
1517
1517
1517
1541
1500
1454
1504
1556
1562
1543
1543
1601
1602
1602
1503
1478
1512
1544
1503
1445
1445
1521
1521
1521
1501
1540
1492
1436
1447
1471
1441
1441
1515
1499
1499
1494
1485
1475
1425
1395
1418
1455
1413
1413
1389
1389
1426
1442
1392
1392
1376
1390
1390
1481
1470
1430
1430
1430
1463
1454
1454
1454
1454
1454
1494
1517
1494
1454
1419
1467
1467
1433
1434
1434
1456
1462
1462
1459
1432
1475
1501
1461
1449
1477
1498
1498
1498
1493
1506
1456
1536
1472
1450
1563
1563
1483
1492
1480
1481
1489
1491
1511
1452
1511
1511
1526
1474
1423
1452
1455
1511
1510
1523
1523
1527
1527
1526
1499
1499
1519
1502
1502
1502
1547
1495
1518
1535
1535
1496
1482
1494
1494
1510
1471
1494
1491
1496
1496
1497
1495
1462
1502
1456
1486
1486
1487
1479
1479
1503
1467
1472
1507
1485
1484
1494
1494
1526
1526
1576
1529
1529
1529
1511
1503
1473
1467
1461
1459
1459
1493
1440
1440
1457
1459
1434
1457
1434
1419
1413
1454
1454
1466
1495
1544
1544
1469
1484
1472
1472
1472
1472
1420
1420
1420
1456
1456
1442
1489
1474
1474
1474
1474
1445
1445
1489
1509
1520
1533
1510
1543
1543
1509
1526
1487
1474
1532
1470
1471
1496
1473
1473
1517
1507
1471
1519
1519
1519
1547
1547
1548
1548
1581
1581
1512
1493
1516
1522
1522
1524
1524
1543
1543
1529
1529
1481
1491
1491
1560
1571
1571
1562
1552
1571
1562
1628
1643
1601
1535
1547
1547
1484
1471
1541
1589
1557
1557
1482
1482
1456
1528
1464
1418
1477
1477
1477
1477
1485
1484
1484
1552
1491
1382
1355
1355
1339
1339
1371
1377
1381
1381
1381
1381
1377
1377
1377
1377
1401
1446
1488
1474
1483
1483
1497
1474
1464
1476
1435
1422
1457
1528
1471
1460
1460
1493
1493
1479
1506
1490
1500
1500
1500
1491
1491
1491
1549
1541
1544
1544
1548
1582
1553
1587
1587
1587
1660
1660
1631
1631
1631
1552
1552
1631
1607
1607
1607
1595
1595
1640
1596
1596
1520
1510
1530
1530
1470
1470
1491
1491
1481
1481
1462
1432
1432
1429
1462
1462
1462
1439
1462
1462
1462
1503
1491
1448
1493
1516
1464
1480
1436
1417
1435
1518
1561
1524
1530
1556
1565
1531
1555
1589
1527
1547
1547
1496
1526
1545
1565
1560
1560
1592
1592
1550
1517
1517
1584
1568
1512
1490
1486
1420
1420
1433
1433
1433
1455
1442
1465
1420
1420
1448
1448
1461
1451
1453
1414
1448
1448
1555
1568
1544
1504
1484
1484
1489
1499
1470
1501
1501
1489
1444
1444
1444
1444
1404
1404
1377
1422
1422
1422
1439
1423
1409
1398
1422
1453
1454
1454
1492
1499
1455
1455
1400
1388
1391
1387
1389
1430
1430
1426
1445
1445
1388
1396
1398
1398
1422
1463
1469
1428
1428
1394
1394
1392
1414
1489
1489
1489
1447
1447
1447
1383
1383
1379
1379
1343
1343
1353
1353
1353
1353
1357
1353
1353
1356
1356
1356
1390
1381
1380
1377
1394
1394
1394
1394
1394
1394
1390
1406
1390
1404
1407
1421
1421
1434
1434
1410
1410
1414
1512
1512
1512
1404
1407
1440
1446
1436
1431
1449
1449
1422
1499
1491
1458
1437
1437
1426
1447
1417
1449
1405
1405
1399
1432
1425
1425
1468
1468
1506
1506
1528
1543
1543
1579
1564
1617
1581
1585
1585
1546
1540
1540
1510
1520
1507
1507
1507
1507
1507
1507
1507
1507
1521
1573
1595
1648
1673
1532
1528
1523
1513
1542
1544
1563
1563
1562
1557
1557
1589
1589
1547
1525
1525
1525
1537
1546
1547
1547
1450
1450
1474
1478
1494
1527
1542
1519
1519
1497
1449
1472
1471
1487
1498
1530
1530
1530
1514
1514
1514
1527
1527
1527
1527
1527
1481
1471
1471
1466
1466
1489
1495
1503
1503
1469
1469
1448
1448
1453
1478
1473
1461
1461
1461
1482
1482
1482
1488
1562
1565
1569
1569
1540
1485
1477
1470
1470
1444
1444
1429
1429
1390
1415
1415
1457
1457
1452
1431
1423
1405
1405
1426
1442
1448
1440
1420
1420
1420
1488
1494
1495
1480
1480
1480
1513
1540
1547
1506
1474
1491
1498
1498
1511
1511
1502
1502
1509
1526
1532
1523
1562
1478
1488
1488
1528
1528
1546
1546
1570
1570
1581
1573
1594
1594
1573
1573
1561
1533
1467
1466
1521
1521
1552
1580
1580
1551
1595
1595
1595
1548
1494
1551
1527
1546
1542
1510
1511
1485
1452
1452
1458
1494
1494
1442
1451
1485
1533
1495
1470
1457
1459
1476
1459
1474
1505
1505
1495
1427
1436
1436
1468
1468
1399
1402
1432
1452
1452
1465
1469
1512
1512
1512
1519
1551
1538
1538
1538
1527
1527
1491
1491
1414
1402
1401
1401
1397
1397
1397
1421
1473
1517
1526
1506
1493
1453
1422
1438
1438
1450
1423
1396
1426
1426
1413
1413
1413
1494
1543
1489
1505
1465
1518
1518
1518
1527
1563
1528
1469
1467
1473
1473
1467
1467
1468
1521
1521
1521
1521
1521
1521
1485
1422
1422
1425
1425
1400
1505
1537
1538
1537
1537
1500
1500
1531
1536
1536
1545
1517
1467
1467
1438
1438
1432
1436
1503
1539
1576
1599
1598
1557
1567
1567
1573
1636
1623
1597
1614
1575
1543
1517
1517
1517
1543
1543
1543
1543
1543
1543
1543
1487
1487
1484
1541
1512
1543
1542
1528
1541
1541
1533
1504
1504
1401
1418
1419
1419
1426
1426
1426
1428
1428
1452
1452
1454
1451
1451
1441
1441
1441
1482
1542
1557
1549
1549
1573
1642
1588
1640
1557
1557
1551
1525
1502
1509
1474
1474
1474
1419
1531
1531
1511
1501
1501
1501
1510
1510
1492
1492
1492
1492
1478
1478
1478
1478
1480
1480
1460
1460
1432
1432
1424
1424
1424
1522
1539
1539
1473
1452
1489
1460
1490
1490
1575
1584
1593
1593
1547
1547
1524
1506
1472
1499
1465
1465
1519
1486
1486
1507
1507
1419
1455
1455
1455
1455
1495
1498
1480
1459
1459
1459
1446
1443
1497
1457
1497
1488
1484
1484
1478
1447
1468
1481
1574
1528
1545
1545
1537
1486
1537
1578
1580
1568
1579
1599
1544
1543
1520
1504
1532
1574
1507
1506
1506
1506
1506
1477
1522
1540
1540
1540
1540
1540
1518
1518
1518
1457
1466
1466
1459
1459
1477
1455
1434
1452
1428
1428
1427
1427
1453
1427
1427
1474
1474
1474
1474
1519
1496
1449
1449
1449
1449
1449
1450
1449
1449
1493
1515
1515
1515
1484
1458
1458
1469
1469
1464
1468
1504
1484
1486
1493
1458
1466
1443
1455
1455
1488
1480
1510
1508
1498
1591
1644
1637
1574
1588
1588
1588
1624
1610
1600
1549
1525
1525
1525
1536
1536
1525
1569
1648
1648
1648
1648
1648
1634
1628
1627
1627
1627
1647
1628
1628
1599
1605
1556
1537
1537
1526
1523
1462
1505
1510
1481
1481
1470
1476
1463
1463
1444
1444
1444
1416
1375
1497
1410
1386
1369
1370
1370
1370
1370
1370
1339
1390
1390
1390
1390
1436
1436
1448
1489
1467
1499
1481
1481
1434
1448
1436
1475
1444
1441
1422
1407
1407
1453
1442
1442
1442
1442
1442
1419
1419
1405
1422
1436
1436
1441
1465
1506
1506
1530
1512
1512
1489
1489
1468
1468
1468
1507
1477
1477
1477
1477
1514
1473
1473
1473
1508
1566
1566
1566
1611
1588
1588
1512
1497
1497
1497
1497
1490
1490
1490
1501
1490
1490
1490
1490
1490
1504
1513
1513
1504
1504
1543
1534
1534
1535
1503
1414
1414
1409
1442
1454
1473
1460
1396
1395
1404
1404
1404
1415
1415
1415
1440
1440
1442
1430
1430
1418
1413
1506
1506
1506
1524
1525
1518
1479
1471
1471
1469
1454
1455
1455
1455
1471
1471
1471
1493
1529
1529
1529
1520
1505
1512
1505
1505
1479
1467
1467
1467
1450
1425
1425
1425
1387
1370
1370
1370
1370
1370
1370
1370
1449
1458
1452
1452
1452
1414
1414
1414
1410
1440
1411
1403
1403
1460
1436
1436
1436
1411
1405
1405
1411
1470
1491
1444
1444
1458
1466
1485
1518
1516
1487
1478
1519
1508
1513
1487
1471
1520
1438
1438
1429
1429
1429
1428
1468
1469
1469
1522
1504
1516
1538
1497
1475
1421
1446
1446
1474
1474
1503
1503
1503
1442
1438
1438
1414
1414
1452
1440
1440
1454
1454
1454
1454
1443
1487
1484
1553
1559
1565
1564
1564
1488
1488
1488
1488
1488
1488
1488
1482
1464
1464
1464
1464
1467
1467
1467
1461
1455
1455
1562
1555
1573
1602
1526
1522
1488
1488
1488
1527
1533
1510
1510
1490
1490
1509
1552
1509
1509
1491
1488
1494
1498
1506
1504
1504
1471
1471
1471
1464
1464
1462
1456
1456
1406
1406
1406
1406
1406
1394
1394
1474
1494
1494
1498
1455
1408
1408
1374
1424
1424
1428
1447
1447
1436
1436
1427
1404
1404
1404
1404
1404
1467
1446
1472
1484
1484
1463
1485
1485
1485
1434
1434
1434
1434
1434
1431
1431
1450
1454
1563
1544
1447
1447
1438
1478
1531
1471
1519
1519
1496
1493
1481
1493
1493
1493
1493
1493
1485
1485
1485
1485
1485
1438
1428
1428
1428
1428
1454
1452
1452
1484
1484
1497
1497
1516
1516
1524
1561
1561
1537
1517
1564
1564
1587
1582
1577
1577
1580
1527
1539
1539
1547
1478
1519
1519
1476
1470
1470
1470
1503
1503
1503
1481
1463
1474
1466
1466
1481
1500
1518
1518
1518
1518
1535
1498
1474
1474
1453
1453
1472
1472
1472
1449
1456
1456
1454
1469
1455
1509
1506
1506
1477
1477
1477
1477
1477
1477
1477
1481
1481
1484
1523
1473
1460
1505
1531
1531
1521
1521
1521
1462
1478
1440
1411
1424
1430
1425
1395
1395
1405
1410
1448
1475
1470
1483
1483
1483
1483
1483
1468
1471
1471
1471
1471
1495
1495
1498
1498
1498
1498
1498
1498
1463
1466
1478
1450
1498
1498
1505
1505
1505
1469
1449
1443
1441
1441
1386
1413
1432
1437
1504
1504
1504
1504
1514
1493
1493
1461
1435
1432
1432
1432
1432
1446
1446
1446
1446
1454
1429
1452
1452
1452
1452
1452
1459
1459
1459
1491
1491
1491
1491
1500
1475
1475
1475
1475
1475
1475
1470
1470
1414
1421
1421
1390
1390
1390
1389
1389
1403
1403
1419
1403
1427
1358
1358
1376
1376
1376
1376
1376
1376
1376
1376
1376
1367
1389
1396
1399
1381
1358
1349
1349
1349
1387
1387
1387
1427
1463
1405
1423
1450
1485
1458
1458
1476
1488
1503
1503
1503
1459
1459
1459
1469
1474
1474
1474
1501
1501
1428
1428
1428
1464
1487
1540
1540
1534
1431
1431
1420
1420
1382
1382
1403
1403
1400
1390
1390
1390
1464
1442
1404
1404
1404
1404
1375
1375
1375
1425
1417
1417
1417
1406
1399
1384
1407
1407
1400
1407
1405
1405
1378
1450
1506
1510
1505
1505
1505
1498
1505
1502
1454
1519
1519
1519
1475
1499
1518
1467
1467
1467
1443
1443
1443
1473
1487
1487
1489
1492
1489
1557
1552
1448
1422
1445
1456
1456
1456
1509
1462
1491
1435
1389
1389
1416
1416
1442
1408
1408
1413
1424
1400
1442
1469
1466
1466
1466
1442
1445
1445
1430
1469
1472
1458
1458
1458
1439
1437
1421
1421
1421
1434
1434
1416
1445
1445
1445
1448
1448
1452
1452
1431
1432
1421
1393
1419
1432
1442
1406
1406
1406
1457
1412
1412
1435
1505
1490
1519
1502
1475
1480
1480
1413
1408
1408
1408
1408
1408
1408
1408
1421
1421
1421
1421
1421
1421
1474
1474
1474
1424
1424
1394
1399
1368
1366
1366
1366
1366
1366
1392
1395
1405
1441
1432
1424
1436
1380
1380
1418
1418
1418
1469
1469
1529
1421
1421
1421
1435
1435
1477
1477
1488
1488
1451
1451
1482
1515
1495
1471
1456
1456
1456
1456
1456
1468
1456
1459
1439
1466
1466
1454
1454
1454
1454
1459
1459
1439
1446
1446
1446
1446
1446
1458
1458
1453
1433
1480
1472
1473
1478
1485
1446
1516
1519
1475
1447
1519
1519
1516
1496
1472
1445
1491
1471
1471
1492
1492
1510
1471
1497
1497
1497
1497
1497
1477
1477
1524
1509
1523
1510
1510
1500
1465
1465
1458
1458
1458
1408
1435
1447
1442
1442
1442
1442
1402
1402
1456
1463
1463
1543
1543
1499
1501
1585
1520
1550
1550
1545
1514
1518
1522
1522
1523
1528
1528
1571
1540
1475
1475
1423
1410
1421
1415
1412
1416
1409
1379
1340
1368
1365
1377
1377
1377
1377
1379
1379
1389
1420
1420
1479
1448
1448
1402
1402
1402
1471
1494
1494
1494
1494
1451
1431
1441
1441
1434
1434
1434
1437
1435
1435
1435
1450
1450
1450
1450
1450
1450
1494
1494
1494
1486
1486
1486
1486
1486
1501
1484
1484
1470
1470
1458
1472
1472
1458
1458
1458
1532
1532
1482
1494
1494
1410
1385
1444
1444
1444
1444
1444
1444
1488
1496
1496
1496
1476
1444
1444
1477
1477
1428
1428
1428
1452
1438
1435
1438
1438
1438
1410
1410
1461
1461
1462
1462
1452
1420
1435
1455
1425
1425
1441
1466
1443
1411
1411
1425
1411
1411
1411
1471
1426
1426
1426
1454
1460
1460
1460
1460
1461
1461
1531
1531
1531
1475
1465
1465
1465
1465
1442
1442
1442
1489
1456
1456
1467
1471
1471
1471
1472
1472
1513
1513
1512
1512
1422
1441
1441
1423
1433
1432
1432
1433
1448
1475
1456
1415
1466
1466
1507
1493
1522
1587
1548
1548
1548
1570
1570
1535
1535
1565
1475
1545
1545
1540
1492
1492
1496
1496
1482
1492
1497
1453
1435
1435
1435
1435
1435
1435
1435
1435
1435
1447
1448
1445
1395
1386
1386
1386
1386
1377
1377
1359
1355
1355
1437
1446
1446
1472
1478
1538
1546
1542
1559
1559
1535
1509
1526
1541
1456
1474
1474
1474
1474
1457
1465
1465
1448
1448
1465
1495
1495
1467
1455
1500
1513
1474
1448
1483
1483
1497
1492
1461
1461
1500
1472
1472
1472
1472
1472
1496
1496
1511
1511
1511
1511
1465
1465
1465
1465
1465
1465
1485
1475
1475
1475
1475
1510
1510
1510
1510
1475
1475
1475
1510
1499
1483
1483
1466
1466
1483
1483
1553
1563
1538
1575
1589
1589
1575
1583
1538
1534
1534
1534
1520
1520
1525
1492
1485
1457
1412
1423
1412
1412
1412
1416
1416
1412
1412
1419
1412
1429
1429
1416
1448
1458
1467
1465
1457
1420
1420
1420
1420
1409
1432
1465
1418
1421
1421
1394
1394
1394
1392
1392
1428
1428
1416
1408
1422
1422
1502
1476
1482
1482
1482
1518
1509
1492
1467
1461
1452
1411
1411
1411
1411
1411
1405
1407
1429
1429
1424
1424
1424
1418
1418
1453
1453
1453
1453
1453
1453
1453
1440
1440
1440
1440
1441
1441
1435
1454
1454
1454
1454
1454
1454
1454
1454
1458
1458
1462
1462
1435
1437
1444
1435
1435
1435
1435
1435
1435
1420
1425
1394
1394
1377
1377
1397
1453
1434
1433
1433
1444
1444
1435
1435
1446
1446
1425
1452
1452
1455
1452
1452
1478
1498
1498
1433
1369
1370
1370
1424
1405
1405
1405
1362
1362
1362
1374
1374
1394
1394
1394
1363
1425
1425
1435
1412
1398
1398
1367
1367
1381
1348
1348
1338
1338
1338
1421
1421
1432
1417
1417
1417
1412
1337
1383
1383
1383
1383
1383
1383
1383
1383
1383
1383
1383
1383
1383
1383
1383
1383
1403
1410
1410
1462
1435
1447
1435
1435
1407
1419
1394
1394
1394
1394
1394
1394
1392
1383
1408
1425
1483
1478
1478
1478
1478
1478
1477
1477
1470
1432
1448
1448
1448
1448
1429
1429
1429
1429
1451
1436
1436
1436
1456
1456
1456
1456
1488
1505
1505
1488
1488
1480
1521
1521
1523
1547
1521
1521
1521
1520
1520
1520
1498
1480
1485
1485
1485
1492
1517
1517
1517
1517
1517
1517
1517
1517
1481
1481
1481
1521
1521
1521
1521
1521
1521
1521
1521
1484
1484
1432
1426
1426
1426
1426
1426
1422
1422
1427
1416
1372
1380
1386
1386
1417
1417
1417
1409
1409
1409
1409
1409
1409
1377
1377
1377
1386
1386
1387
1387
1387
1387
1387
1387
1382
1382
1458
1458
1486
1538
1538
1515
1471
1471
1471
1471
1471
1471
1459
1458
1451
1451
1451
1451
1451
1469
1469
1469
1469
1471
1549
1540
1540
1558
1551
1556
1614
1580
1536
1490
1490
1504
1504
1504
1531
1507
1515
1504
1495
1458
1458
1458
1432
1432
1427
1425
1431
1431
1456
1431
1434
1443
1456
1456
1456
1456
1456
1516
1516
1481
1481
1481
1435
1435
1435
1439
1439
1445
1445
1439
1439
1439
1389
1389
1389
1389
1389
1389
1411
1389
1438
1389
1419
1419
1419
1419
1448
1448
1419
1419
1419
1419
1419
1437
1437
1429
1429
1429
1429
1429
1428
1428
1418
1418
1425
1448
1448
1448
1422
1422
1443
1443
1426
1426
1443
1398
1398
1396
1396
1362
1365
1365
1382
1456
1456
1456
1456
1456
1401
1401
1444
1397
1397
1397
1369
1432
1432
1404
1404
1405
1405
1405
1405
1448
1448
1459
1459
1459
1459
1459
1464
1477
1477
1453
1453
1428
1421
1421
1421
1434
1428
1413
1413
1413
1413
1413
1413
1413
1441
1413
1423
1423
1423
1426
1426
1426
1426
1426
1426
1426
1466
1436
1436
1436
1429
1400
1400
1408
1406
1432
1432
1432
1374
1414
1414
1433
1440
1452
1428
1428
1429
1429
1429
1465
1457
1458
1458
1458
1458
1439
1425
1425
1425
1425
1423
1412
1442
1442
1442
1434
1481
1445
1445
1444
1453
1517
1505
1505
1500
1473
1447
1441
1441
1441
1429
1425
1425
1458
1458
1452
1452
1471
1471
1452
1452
1452
1452
1452
1427
1427
1390
1390
1390
1390
1404
1404
1404
1401
1416
1404
1391
1414
1370
1372
1372
1372
1372
1372
1372
1413
1422
1422
1428
1422
1444
1444
1422
1422
1422
1424
1459
1415
1415
1395
1395
1395
1404
1404
1432
1377
1377
1389
1389
1389
1389
1389
1389
1411
1411
1411
1411
1433
1433
1390
1390
1420
1420
1420
1420
1420
1417
1417
1417
1419
1405
1405
1405
1405
1405
1393
1393
1377
1377
1377
1377
1377
1377
1404
1377
1377
1377
1377
1377
1404
1404
1392
1392
1388
1388
1388
1388
1388
1388
1388
1377
1377
1377
1377
1377
1377
1377
1383
1443
1443
1419
1413
1413
1377
1377
1397
1397
1397
1425
1425
1425
1425
1425
1425
1418
1418
1418
1422
1417
1417
1417
1417
1443
1473
1440
1484
1414
1416
1416
1416
1418
1418
1399
1399
1399
1399
1399
1399
1415
1412
1412
1412
1412
1412
1412
1437
1436
1416
1404
1404
1405
1405
1426
1380
1380
1380
1380
1377
1377
1377
1377
1377
1377
1377
1376
1375
1380
1415
1415
1396
1396
1391
1448
1446
1446
1446
1446
1446
1446
1454
1469
1469
1469
1466
1473
1441
1450
1431
1431
1431
1409
1405
1409
1409
1409
1429
1429
1429
1480
1480
1466
1424
1424
1424
1463
1463
1419
1410
1396
1396
1403
1440
1440
1448
1448
1436
1439
1439
1457
1493
1468
1413
1413
1413
1413
1413
1413
1413
1413
1412
1410
1406
1409
1409
1409
1409
1409
1410
1410
1423
1417
1415
1370
1370
1370
1384
1384
1384
1384
1388
1388
1388
1388
1388
1388
1388
1388
1388
1405
1408
1408
1406
1406
1406
1406
1406
1418
1418
1418
1418
1424
1438
1445
1445
1445
1420
1420
1420
1433
1412
1412
1396
1396
1396
1396
1396
1396
1396
1396
1396
1396
1396
1396
1396
1396
1396
1396
1396
1396
1396
1419
1419
1419
1413
1414
1414
1414
1414
1370
1370
1370
1370
1370
1370
1370
1370
1370
1370
1376
1381
1381
1381
1376
1362
1362
1362
1408
1415
1415
1415
1415
1415
1401
1401
1401
1401
1401
1440
1440
1440
1421
1404
1404
1404
1400
1400
1400
1400
1400
1400
1430
1408
1408
1408
1408
1373
1373
1373
1373
1373
1393
1393
1391
1391
1366
1366
1349
1349
1349
1343
1343
1380
1380
1374
1405
1410
1410
1410
1449
1344
1346
1339
1339
1339
1339
1339
1339
1339
1339
1339
1339
1339
1339
1339
1339
1339
1343
1343
1339
1339
1339
1339
1339
1339
1351
1351
1356
1342
1342
1342
1339
1339
1339
1362
1362
1362
1354
1339
1339
1339
1339
1339
1339
1339
1339
1356
1356
1359
1359
1359
1356
1356
1356
1356
1366
1339
1339
1366
1366
1366
1366
1366
1366
1366
1363
1363
1355
1355
1355
1355
1355
1355
1355
1355
1355
1339
1339
1339
1349
1349
1349
1349
1349
1349
1349
1350
1346
1346
1346
1346
1346
1346
1363
1349
1349
1354
1354
1354
1354
1354
1354
1354
1354
1354
1355
1355
1335
1335
1335
1335
1335
1335
1335
1335
1335
1335
1357
1357
1357
1351
1364
1364
1364
1364
1364
1364
1364
1370
1370
1370
1370
1361
1361
1361
1367
1367
1422
1422
1408
1408
1408
1408
1408
1408
1408
1392
1410
1394
1394
1394
1394
1394
1394
1394
1394
1413
1413
1413
1413
1394
1394
1394
1394
1394
1394
1394
1399
1443
1443
1443
1443
1391
1391
1370
1376
1370
1370
1381
1381
1378
1378
1378
1378
1349
1349
1349
1349
1349
1352
1370
1392
1392
1392
1392
1392
1392
1392
1392
1392
1404
1404
1404
1404
1404
1404
1404
1404
1402
1429
1425
1425
1442
1442
1442
1416
1416
1391
1389
1389
1389
1389
1389
1389
1389
1389
1389
1389
1394
1418
1420
1420
1420
1420
1423
1423
1434
1434
1413
1413
1413
1413
1413
1413
1413
1413
1413
1416
1416
1416
1416
1416
1416
1416
1416
1413
1429
1413
1417
1417
1413
1413
1413
1413
1413
1413
1413
1411
1411
1411
1411
1411
1411
1417
1417
1367
1367
1367
1367
1367
1367
1367
1367
1359
1359
1359
1359
1359
1359
1359
1359
1359
1359
1418
1417
1413
1399
1399
1399
1399
1401
1401
1401
1398
1389
1389
1369
1369
1370
1370
1370
1367
1379
1379
1388
1388
1388
1388
1388
1388
1388
1367
1367
1367
1367
1367
1367
1367
1367
1367
1367
1367
1367
1362
1362
1362
1362
1362
1362
1362
1378
1378
1378
1362
1362
1350
1350
1350
1350
1350
1350
1350
1350
1350
1350
1350
1350
1350
1350
1350
1350
1350
1350
1350
1352
1352
1352
1352
1352
1352
1352
1384
1384
1384
1384
1384
1384
1389
1355
1355
1390
1390
1390
1390
1390
1390
1390
1390
1390
1339
1339
1339
1346
1346
1346
1346
1346
1346
1346
1346
1346
1346
1346
1346
1346
1346
1384
1384
1384
1339
1339
1339
1339
1339
1339
1339
1339
1339
1364
1364
1364
1364
1364
1364
1364
1364
1364
1364
1364
1350
1350
1350
1339
1339
1339
1339
1339
1339
1339
1339
1339
1339
1339
1339
1339
1339
1339
1339
1339
1339
1339
1339
1339
1339
1342
1352
1352
1352
1352
1352
1352
1352
1352
1352
1352
1352
1352
1352
1352
1352
1352
1362
1362
1362
1362
1362
1362
1362
1359
1359
1370
1370
1370
1370
1370
1370
1381
1339
1339
1339
1339
1339
1339
1344
1344
1367
1367
1363
1363
1373
1373
1339
1339
1339
1339
1339
1345
1345
1345
1339
1347
1347
1347
1438
1438
1438
1438
1438
1438
1438
1438
1438
1445
1445
1445
1445
1445
1445
1445
1419
1380
1380
1380
1380
1380
1370
1370
1370
1370
1386
1386
1386
1386
1386
1370
1370
1370
1399
1399
1399
1399
1399
1373
1373
1370
1370
1370
1370
1370
1370
1372
1372
1370
1370
1370
1370
1370
1370
1370
1370
1370
1370
1370
1370
1370
1370
1392
1392
1392
1392
1392
1370
1370
1370
1370
1370
1370
1370
1370
1370
1370
1370
1370
1370
1370
1370
1370
1370
1370
1370
1422
1406
1426
1426
1426
1426
1394
1394
1394
1394
1394
1394
1400
1400
1400
1464
1492
1499
1492
1492
1492
1429
1429
1432
1432
1432
1432
1429
1429
1429
1429
1435
1435
1435
1435
1416
1416
1416
1416
1409
1409
1409
1432
1432
1432
1432
1432
1432
1432
1432
1432
1432
1435
1435
1387
1387
1387
1377
1377
1377
1382
1382
1382
1377
1377
1377
1377
1381
1381
1381
1381
1381
1381
1381
1381
1381
1388
1388
1388
1388
1382
1382
1381
1381
1377
1377
1390
1377
1377
1377
1377
1377
1377
1377
1377
1377
1377
1377
1377
1377
1377
1377
1377
1377
1377
1377
1377
1377
1377
1377
1377
1377
1377
1377
1377
1377
1377
1387
1379
1377
1377
1377
1377
1377
1377
1377
1377
1377
1377
1386
1386
1386
1386
1377
1392
1392
1392
1385
1385
1385
1385
1385
1385
1385
1385
1385
1385
1385
1385
1385
1382
1382
1382
1382
1382
1382
1382
1400
1400
1377
1377
1377
1377
1377
1377
1377
1390
1390
1389
1389
1389
1383
1383
1383
1377
1377
1377
1377
1377
1377
1377
1377
1377
1377
1377
1377
1377
1377
1377
1368
1368
1368
1368
1368
1368
1368
1372
1372
1394
1365
1365
1365
1332
1332
1332
1332
1332
1332
1332
1332
1326
1339
1339
1339
1339
1339
1339
1339
1339
1339
1339
1323
1323
1323
1323
1323
1323
1323
1327
1327
1327
1327
1327
1332
1332
1327
1356
1356
1338
1338
1338
1377
1377
1377
1377
1380
1338
1338
1338
1338
1338
1341
1326
1326
1326
1326
1326
1326
1326
1326
1326
1326
1326
1326
1326
1328
1328
1328
1328
1328
1328
1328
1297
1300
1300
1300
1300
1300
1300
1300
1300
1300
1300
1300
1300
1297
1297
1297
1297
1297
1311
1311
1311
1311
1311
1311
1311
1311
1311
1311
1311
1311
1311
1311
1311
1311
1316
1316
1316
1316
1316
1316
1316
1316
1316
1316
1316
1316
1316
1316
1316
1311
1318
1318
1318
1318
1318
1318
1318
1318
1318
1318
1318
1318
1318
1318
1318
1318
1318
1318
1318
1318
1318
1318
1318
1300
1300
1300
1300
1300
1307
1307
1297
1297
1297
1297
1297
1297
1297
1297
1297
1297
1297
1297
1297
1297
1297
1297
1297
1297
1297
1297
1297
1297
1297
1297
1297
1297
1297
1297
1297
1297
1297
1297
1297
1297
1297
1297
1297
1297
1297
1297
1297
1297
1297
1297
1297
1297
1297
1297
1297
1297
1297
1300
1300
1300
1300
1300
1300
1300
1300
1300
1300
1300
1300
1300
1300
1300
1300
1300
1300
1300
1300
1304
1304
1310
1310
1310
1310
1310
1310
1310
1310
1310
1310
1310
1310
1310
1310
1310
1310
1310
1310
1310
1310
1310
1310
1303
1303
1303
1303
1303
1303
1303
1303
1303
1303
1297
1297
1297
1297
1297
1297
1297
1297
1297
1297
1297
1297
1297
1304
1304
1304
1304
1301
1301
1301
1301
1301
1301
1301
1301
1301
1301
1301
1301
1301
1301
1301
1301
1301
1301
1301
1301
1301
1301
1301
1301
1311
1309
1309
1309
1309
1309
1309
1309
1309
1309
1309
1309
1309
1309
1306
1306
1306
1306
1306
1341
1341
1341
1341
1341
1341
1341
1341
1330
1330
1330
1330
1330
1330
1330
1330
1330
1330
1330
1330
1330
1330
1330
1330
1330
1330
1330
1321
1321
1321
1321
1321
1321
1321
1325
1325
1325
1325
1325
1325
1325
1325
1325
1325
1318
1318
1318
1318
1318
1321
1321
1321
1321
1330
1331
1331
1331
1331
1330
1330
1318
1318
1318
1318
1318
1318
1318
1318
1318
1318
1318
1318
1318
1318
1318
1321
1321
1318
1318
1318
1318
1318
1337
1338
1338
1338
1338
1338
1338
1338
1338
1338
1338
1338
1338
1338
1338
1338
1337
1337
1337
1337
1337
1330
1330
1330
1330
1330
1330
1330
1330
1330
1330
1330
1330
1330
1330
1330
1330
1330
1330
1330
1330
1330
1330
1330
1330
1330
1330
1330
1330
1330
1330
1330
1330
1330
1330
1330
1330
1331
1331
1331
1331
1331
1331
1330
1330
1330
1330
1330
1330
1330
1330
1330
1330
1330
1330
1363
1363
1363
1363
1363
1348
1348
1348
1348
1348
1348
1348
1348
1348
1348
1348
1348
1348
1339
1339
1339
1339
1339
1344
1344
1353
1353
1353
1355
1327
1324
1324
1324
1324
1324
1324
1324
1324
1324
1324
1324
1324
1324
1324
1324
1324
1324
1324
1324
1324
1324
1324
1324
1324
1324
1324
1324
1324
1324
1324
1345
1336
1336
1336
1336
1332
1332
1328
1328
1328
1328
1328
1328
1328
1328
1328
1322
1329
1329
1329
1329
1329
1329
1329
1322
1322
1322
1322
1322
1322
1322
1322
1322
1322
1322
1322
1322
1322
1322
1322
1322
1324
1324
1324
1324
1324
1324
1324
1324
1324
1324
1324
1324
1324
1324
1324
1324
1324
1324
1324
1324
1324
1324
1324
1324
1324
1324
1324
1324
1324
1324
1324
1324
1324
1324
1324
1324
1324
1324
1324
1324
1324
1329
1329
1329
1329
1329
1329
1329
1329
1325
1324
1324
1324
1324
1324
1324
1324
1324
1324
1324
1324
1324
1324
1324
1324
1324
1324
1324
1324
1324
1324
1324
1324
1324
1324
1324
1324
1324
1324
1324
1324
1324
1324
1324
1324
1324
1324
1324
1324
1324
1324
1324
1325
1325
1325
1325
1325
1325
1325
1325
1330
1330
1324
1324
1324
1337
1337
1337
1334
1334
1334
1334
1324
1324
1324
1324
1324
1324
1324
1324
1324
1324
1324
1324
1324
1324
1324
1324
1324
1324
1324
1324
1324
1324
1324
1324
1324
1324
1324
1324
1324
1324
1324
1324
1324
1324
1324
1324
1324
1324
1324
1324
1324
1324
1324
1324
1324
1325
1325
1325
1325
1325
1324
1324
1324
1324
1324
1324
1325
1325
1325
1325
1325
1325
1325
1325
1325
1325
1325
1325
1325
1325
1325
1325
1325
1325
1325
1325
1325
1325
1325
1325
1325
1324
1324
1324
1324
1324
1334
1334
1334
1330
1330
1330
1330
1330
1330
1330
1330
1330
1330
1330
1330
1330
1330
1324
1324
1324
1324
1324
1324
1324
1324
1324
1324
1324
1324
1324
1324
1324
1324
1324
1324
1324
1324
1324
1324
1324
1324
1324
1324
1322
1322
1322
1322
1322
1322
1322
1306
1306
1306
1306
1306
1306
1306
1306
1306
1306
1306
1306
1306
1306
1306
1308
1308
1308
1308
1308
1308
1308
1308
1312
1312
1323
1308
1308
1303
1303
1303
1303
1303
1303
1303
1303
1303
1303
1303
1303
1303
1303
1303
1303
1302
1297
1297
1297
1297
1297
1297
1297
1297
1297
1297
1300
1297
1297
1297
1297
1297
1298
1298
1298
1298
1298
1298
1298
1298
1298
1298
1298
1298
1298
1298
1298
1298
1298
1298
1298
1298
1298
1298
1298
1298
1298
1298
1298
1298
1298
1298
1298
1298
1298
1298
1298
1298
1298
1298
1298
1298
1298
1298
1298
1298
1298
1298
1298
1298
1298
1298
1298
1298
1298
1298
1298
1298
1298
1298
1298
1298
1298
1298
1298
1298
1298
1298
1298
1298
1298
1298
1298
1298
1298
1298
1298
1298
1298
1298
1298
1298
1298
1298
1298
1298
1298
1298
1298
1298
1298
1298
1298
1298
1298
1298
1298
1298
1298
1298
1298
1298
1298
1298
1298
1298
1298
1298
1298
1298
1298
1298
1298
1298
1298
1298
1307
1307
1307
1298
1298
1297
1297
1297
1297
1297
1297
1297
1297
1297
1297
1297
1297
1297
1297
1297
1297
1297
1297
1297
1297
1297
1297
1297
1297
1297
1297
1297
1297
1297
1297
1297
1297
1297
1297
1299
1299
1299
1299
1299
1299
1299
1299
1299
1299
1299
1299
1299
1299
1299
1299
1299
1299
1299
1299
1299
1299
1299
1299
1299
1299
1299
1299
1299
1299
1299
1299
1299
1299
1299
1299
1301
1301
1301
1301
1301
1301
1301
1301
1301
1301
1301
1302
1302
1302
1302
1302
1302
1302
1302
1302
1302
1302
1302
1302
1302
1302
1302
1301
1301
1301
1301
1301
1301
1301
1297
1297
1297
1297
1297
1297
1297
1297
1297
1297
1297
1297
1297
1297
1297
1297
1297
1297
1297
1297
1297
1297
1297
1297
1297
1297
1297
1297
1297
1297
1297
1311
1311
1311
1303
1303
1303
1303
1303
1303
1303
1303
1303
1303
1303
1303
1303
1303
1303
1303
1303
1303
1303
1303
1303
1303
1303
1303
1301
1301
1301
1301
1301
1301
1301
1301
1297
1297
1297
1297
1297
1297
1297
1297
1297
1297
1297
1297
1297
1297
1297
1297
1297
1297
1297
1297
1297
1297
1297
1297
1297
1297
1297
1297
1297
1297
1297
1297
1297
1297
1297
1297
1297
1297
1297
1297
1297
1297
1297
1297
1297
1297
1297
1297
1297
1297
1297
1297
1297
1297
1297
1297
1297
1297
1297
1297
1297
1297
1297
1297
1297
1297
1297
1297
1297
1297
1297
1297
1297
1297
1297
1297
1297
1297
1297
1297
1297
1297
1297
1297
1297
1297
1297
1297
1297
1297
1297
1297
1297
1297
1297
1297
1297
1297
1297
1297
1297
1297
1297
1297
1297
1297
1297
1297
1297
1297
1297
1297
1297
1297
1297
1297
1297
1297
1297
1297
1297
1297
1297
1297
1297
1297
1297
1297
1297
1297
1297
1297
1297
1297
1297
1297
1297
1297
1297
1297
1297
1297
1297
1297
1297
1297
1297
1297
1297
1297
1297
1297
1297
1297
1297
1297
1297
1297
1297
1297
1297
1297
1297
1297
1297
1297
1307
1307
1307
1307
1307
1307
1307
1299
1299
1299
1299
1297
1297
1297
1297
1297
1297
1297
1297
1297
1297
1297
1297
1297
1297
1297
1297
1297
1297
1297
1297
1297
1297
1297
1297
1297
1297
1297
1297
1297
1297
1297
1297
1297
1297
1297
1297
1297
1297
1297
1297
1297
1297
1297
1297
1297
1297
1297
1297
1297
1297
1297
1297
1297
1297
1297
1297
1297
1297
1297
1297
1297
1297
1297
1297
1297
1297
1297
1297
1297
1297
1297
1297
1298
1298
1298
1298
1298
1298
1298
1298
1298
1298
1298
1298
1298
1298
1298
1298
1298
1298
1298
1298
1298
1298
1298
1298
1298
1298
1298
1298
1298
1298
1298
1298
1298
1298
1298
1298
1298
1298
1298
1298
1298
1298
1298
1298
1298
1298
1298
1298
1298
1298
1298
1298
1298
1298
1298
1298
1298
1298
1298
1298
1298
1298
1298
1298
1298
1298
1298
1298
1298
1298
1298
1298
1298
1298
1298
1298
1298
1298
1298
1298
1297
1297
1297
1297
1297
1297
1297
1297
1297
1297
1297
1297
1297
1297
1297
1297
1297
1297
1297
1297
1297
1297
1297
1297
1297
1297
1297
1297
1297
1297
1297
1297
1297
1297
1297
1297
1297
1297
1297
1297
1297
1297
1297
1297
1297
1297
1297
1297
1299
1297
1297
1297
1297
1297
1297
1297
1297
1297
1297
1297
1297
1297
1297
1297
1297
1297
1297
1297
1298
1298
1298
1298
1297
1297
1297
1297
1297
1297
1297
1297
1297
1297
1297
1297
1297
1297
1297
1297
1297
1297
1297
1297
1297
1297
1297
1297
1297
1297
1297
1297
1297
1297
1297
1297
1297
1297
1297
1297
1297
1297
1297
1297
1297
1297
1297
1297
1297
1297
1297
1297
1297
1297
1297
1297
1297
1297
1297
1297
1297
1297
1297
1297
1297
1297
1297
1297
1297
1297
1297
1297
1297
1297
1299
1297
1297
1297
1299
1299
1299
1299
1299
1299
1299
1299
1299
1299
1299
1299
1299
1299
1299
1299
1299
1299
1297
1297
1297
1297
1297
1297
1297
1297
1297
1299
1297
1297
1297
1297
1297
1297
1297
1297
1297
1297
1297
1297
1297
1297
1297
1297
1297
1297
1297
1297
1297
1298
1298
1298
1298
1298
1298
1298
1298
1297
1297
1297
1297
1297
1297
1297
1297
1297
1297
1297
1297
1297
1297
1297
1297
1297
1297
1297
1297
1297
1297
1297
1297
1297
1297
1297
1297
1297
1297
1297
1297
1297
1297
1297
1297
1297
1297
1297
1297
1297
1297
1297
1297
1297
1297
1297
1297
1297
1297
1297
1297
1297
1297
1297
1297
1297
1297
1297
1297
1297
1297
1297
1297
1297
1297
1297
1297
1297
1297
1297
1297
1297
1297
1297
1297
1297
1297
1297
1297
1297
1297
1297
1298
1297
1297
1297
1297
1297
1297
1297
1297
1297
1297
1297
1297
1297
1297
1297
1297
1297
1297
1297
1297
1297
1297
1297
1300
1300
1300
1300
1300
1300
1300
1300
1300
1297
1297
1297
1297
1297
1297
1297
1297
1297
1297
1297
1297
1297
1297
1297
1297
1297
1297
1297
1297
1297
1297
1297
1306
1306
1306
1299
1299
1299
1299
1299
1299
1299
1299
1297
1297
1297
1297
1297
1297
1297
1297
1297
1297
1297
1297
1297
1297
1297
1297
1297
1297
1297
1297
1297
1297
1297
1297
1297
1297
1297
1297
1297
1297
1298
1298
1298
1298
1297
1302
1300
1300
1300
1299
1299
1299
1299
1299
1299
1299
1299
1299
1299
1299
1299
1299
1299
1299
1299
1299
1299
1299
1297
1297
1297
1297
1297
1297
1297
1297
1297
1297
1297
1297
1297
1297
1297
1297
1297
1297
1297
1297
1297
1297
1297
1297
1297
1297
1297
1297
1297
1297
1297
1297
1297
1297
1297
1297
1297
1297
1297
1297
1297
1297
1297
1297
1297
1297
1297
1297
1297
1297
1297
1297
1297
1297
1297
1297
1297
1297
1297
1297
1297
1297
1297
1297
1297
1297
1297
1297
1297
1297
1297
1297
1297
1297
1297
1297
1297
1297
1297
1297
1297
1297
1297
1297
1297
1297
1297
1297
1297
1297
1297
1297
1297
1297
1297
1297
1297
1297
1297
1297
1297
1297
1297
1297
1297
1297
1297
1297
1297
1297
1297
1297
1297
1297
1297
1297
1297
1297
1297
1297
1297
1297
1297
1297
1297
1297
1297
1297
1297
1301
1301
1301
1301
1301
1301
1301
1301
1301
1301
1301
1301
1301
1301
1301
1301
1301
1301
1301
1301
1301
1301
1301
1301
1301
1301
1301
1301
1301
1301
1301
1301
1301
1301
1301
1301
1301
1301
1301
1301
1301
1301
1301
1301
1303
1303
1303
1303
1303
1303
1303
1303
1303
1297
1297
1297
1297
1297
1297
1297
1297
1297
1297
1297
1297
1297
1297
1297
1297
1297
1297
1297
1297
1297
1297
1297
1297
1297
1297
1297
1297
1297
1297
1297
1297
1297
1297
1297
1297
1297
1297
1297
1297
1297
1297
1297
1297
1297
1297
1297
1297
1297
1297
1297
1297
1297
1297
1297
1297
1297
1297
1297
1297
1297
1297
1297
1297
1297
1297
1297
1297
1297
1297
1298
1298
1298
1298
1298
1298
1302
1302
1302
1302
1302
1302
1302
1302
1302
1302
1302
1302
1302
1302
1302
1302
1302
1297
1297
1297
1297
1297
1298
1298
1298
1298
1298
1297
1297
1297
1297
1297
1297
1297
1297
1297
1297
1297
1297
1297
1297
1297
1297
1297
1297
1297
1297
1297
1297
1297
1297
1297
1297
1297
1297
1297
1297
1297
1297
1297
1297
1297
1297
1297
1297
1297
1298
1298
1298
1297
1297
1297
1297
1297
1297
1297
1297
1297
1297
1297
1297
1297
1297
1297
1297
1297
1297
1297
1297
1297
1297
1297
1297
1297
1297
1297
1297
1297
1297
1297
1297
1297
1297
1297
1297
1300
1300
1300
1297
1297
1297
1297
1297
1297
1297
1297
1297
1297
1297
1297
1297
1297
1297
1297
1297
1297
1297
1297
1297
1297
1297
1297
1297
1297
1297
1297
1297
1297
1297
1297
1297
1297
1297
1297
1297
1297
1297
1297
1297
1297
1297
1297
1297
1297
1297
1297
1297
1297
1297
1297
1297
1297
1297
1297
1297
1297
1297
1297
1297
1297
1297
1298
1298
1298
1298
1298
1298
1298
1298
1298
1298
1298
1298
1298
1298
1298
1298
1298
1298
1298
1298
1298
1298
1298
1297
1298
1298
1298
1297
1297
1297
1297
1297
1297
1297
1297
1297
1297
1297
1297
1297
1297
1297
1297
1297
1297
1297
1297
1310
1310
1310
1310
1310
1310
1310
1310
1303
1303
1303
1303
1303
1297
1297
1297
1299
1297
1297
1297
1297
1297
1297
1297
1297
1297
1300
1300
1300
1300
1300
1300
1300
1300
1300
1304
1304
1304
1304
1304
1297
1297
1297
1297
1297
1297
1297
1297
1297
1297
1297
1297
1297
1297
1297
1297
1297
1297
1297
1297
1297
1297
1297
1297
1297
1297
1297
1297
1297
1297
1297
1297
1297
1297
1297
1297
1297
1297
1297
1297
1297
1297
1297
1297
1297
1307
1307
1305
1305
1309
1309
1309
1309
1309
1309
1305
1305
1305
1305
1302
1302
1302
1302
1300
1300
1300
1300
1300
1300
1300
1300
1300
1300
1300
1300
1300
1300
1300
1300
1300
1300
1300
1300
1300
1300
1300
1300
1297
1297
1297
1297
1297
1297
1297
1297
1297
1297
1297
1297
1297
1297
1297
1297
1297
1297
1297
1297
1297
1297
1297
1297
1297
1297
1298
1298
1298
1297
1297
1297
1297
1297
1297
1297
1297
1297
1297
1297
1297
1297
1297
1297
1297
1297
1297
1297
1297
1297
1297
1297
1297
1297
1297
1297
1297
1297
1297
1299
1299
1298
1298
1299
1299
1299
1299
1299
1299
1299
1299
1299
1299
1299
1299
1299
1299
1299
1299
1299
1299
1299
1299
1298
1298
1298
1298
1298
1298
1298
1298
1298
1298
1298
1298
1298
1297
1297
1297
1297
1297
1297
1297
1297
1297
1297
1297
1297
1297
1297
1297
1297
1297
1297
1297
1297
1297
1297
1297
1297
1297
1297
1297
1297
1297
1297
1297
1297
1297
1297
1297
1297
1297
1297
1297
1297
1297
1297
1297
1297
1297
1297
1297
1297
1297
1297
1297
1297
1297
1297
1297
1297
1297
1297
1297
1297
1297
1297
1297
1297
1297
1297
1297
1297
1297
1297
1297
1297
1297
1297
1297
1297
1297
1297
1297
1297
1297
1297
1297
1297
1297
1297
1297
1297
1297
1297
1297
1299
1299
1297
1297
1297
1297
1297
1297
1297
1298
1298
1298
1298
1299
1299
1303
1303
1303
1303
1303
1303
1303
1303
1303
1303
1303
1297
1297
1301
1301
1301
1301
1301
1301
1301
1301
1301
1301
1301
1301
1301
1301
1307
1307
1307
1307
1307
1307
1307
1307
1307
1307
1307
1307
1307
1307
1307
1307
1307
1307
1307
1307
1307
1307
1307
1307
1307
1307
1307
1307
1307
1307
1307
1307
1307
1307
1307
1307
1307
1307
1307
1297
1297
1297
1297
1297
1297
1297
1297
1297
1297
1297
1297
1297
1297
1298
1298
1298
1298
1298
1298
1298
1298
1297
1297
1297
1297
1297
1297
1297
1297
1297
1297
1298
1298
1298
1298
1309
1309
1309
1309
1309
1301
1301
1301
1301
1301
1301
1301
1301
1301
1301
1301
1301
1301
1301
1301
1301
1301
1301
1301
1301
1301
1300
1297
1297
1297
1297
1297
1297
1297
1297
1297
1297
1297
1297
1297
1297
1297
1297
1297
1297
1297
1297
1297
1297
1297
1297
1297
1297
1297
1297
1297
1297
1297
1297
1297
1297
1297
1297
1297
1297
1297
1297
1297
1297
1297
1297
1297
1297
1297
1297
1297
1297
1297
1297
1297
1297
1297
1297
1297
1297
1297
1297
1297
1297
1297
1297
1297
1297
1297
1297
1297
1297
1297
1297
1297
1297
1297
1297
1297
1297
1297
1297
1297
1297
1297
1297
1297
1297
1297
1297
1303
1303
1303
1303
1303
1303
1303
1303
1303
1303
1303
1303
1297
1297
1297
1297
1297
1297
1297
1297
1297
1297
1297
1297
1297
1297
1297
1297
1297
1297
1297
1297
1297
1298
1298
1298
1297
1297
1297
1297
1297
1297
1297
1297
1297
1297
1297
1297
1297
1297
1297
1297
1297
1297
1297
1297
1297
1297
1297
1297
1297
1297
1297
1297
1297
1297
1297
1297
1297
1297
1297
1297
1297
1297
1297
1297
1297
1297
1297
1297
1297
1297
1305
1305
1305
1305
1305
1305
1305
1305
1305
1305
1305
1305
1305
1305
1305
1307
1305
1305
1305
1305
1305
1305
1305
1305
1305
1305
1305
1305
1305
1305
1305
1305
1305
1305
1305
1307
1307
1307
1307
1307
1307
1307
1307
1307
1307
1307
1305
1305
1305
1305
1305
1305
1307
1307
1307
1312
1312
1312
1312
1312
1312
1312
1312
1312
1312
1312
1312
1312
1312
1312
1312
1312
1312
1312
1312
1312
1312
1312
1312
1312
1312
1312
1312
1312
1312
1312
1312
1312
1312
1305
1305
1305
1305
1305
1305
1305
1305
1305
1309
1309
1309
1309
1309
1309
1309
1309
1310
1310
1310
1310
1308
1308
1308
1308
1308
1308
1308
1306
1306
1306
1305
1305
1305
1305
1305
1305
1305
1305
1305
1305
1305
1305
1305
1305
1305
1305
1305
1305
1305
1305
1305
1305
1305
1305
1305
1305
1305
1305
1305
1305
1305
1305
1305
1305
1305
1305
1305
1305
1305
1305
1305
1305
1305
1305
1305
1305
1305
1305
1305
1305
1305
1305
1305
1305
1305
1305
1305
1305
1305
1305
1305
1305
1305
1305
1305
1305
1305
1305
1305
1305
1305
1305
1305
1305
1305
1305
1305
1305
1305
1305
1305
1305
1305
1305
1305
1309
1309
1309
1309
1309
1309
1309
1309
1309
1309
1309
1309
1309
1309
1309
1309
1305
1305
1305
1305
1305
1305
1305
1305
1305
1305
1305
1305
1305
1305
1305
1305
1305
1305
1305
1305
1305
1305
1305
1305
1305
1305
1305
1305
1305
1305
1305
1305
1305
1305
1305
1305
1305
1305
1305
1305
1305
1305
1305
1305
1305
1306
1306
1306
1305
1305
1305
1305
1305
1305
1305
1305
1305
1305
1305
1305
1305
1305
1305
1305
1305
1305
1305
1305
1305
1305
1305
1305
1305
1305
1305
1305
1305
1305
1305
1305
1305
1305
1305
1305
1305
1305
1305
1305
