6210
6158
6185
6287
6287
6287
6223
6172
6172
6181
6112
6112
6112
6112
6081
6081
6081
6076
6112
6159
6125
6125
6146
6183
6183
6205
6205
6176
6246
6198
6290
6316
6398
6398
6351
6263
6278
6267
6377
6377
6321
6279
6282
6282
6282
6263
6246
6246
6246
6172
6158
6128
6217
6157
6173
6117
6117
6161
6118
6118
6118
6118
6068
6068
6072
6049
6049
6097
6098
6095
6053
5994
6107
6087
6087
6090
6151
6151
6140
6140
6162
6162
6160
6124
6101
6083
6134
6134
6134
6175
6164
6153
6248
6248
6293
6339
6339
6339
6339
6334
6304
6304
6304
6333
6333
6284
6296
6387
6313
6313
6313
6368
6368
6242
6247
6247
6247
6247
6247
6235
6176
6143
6151
6151
6151
6151
6151
6087
6074
6066
6066
6019
6021
6029
6029
6011
6014
6021
6038
6026
6074
6074
6004
6043
6051
6043
6052
6052
6052
6132
6138
6028
6028
6028
6016
6010
6010
6010
5889
5901
5901
5901
5901
5966
5910
5955
5955
5964
5964
5995
5983
5892
5879
5859
5859
5942
5941
5888
5888
5955
5880
5815
5837
5859
5859
5859
5905
5936
5947
5922
6016
6063
6137
6137
6170
6185
6185
6162
6112
6115
6115
6115
6115
6155
6212
6148
6120
6120
6133
6177
6156
6253
6253
6254
6216
6266
6267
6285
6171
6153
6089
6129
6078
6113
6160
6160
6160
6160
6187
6213
6258
6295
6224
6231
6266
6266
6283
6289
6337
6337
6272
6264
6243
6243
6313
6317
6282
6266
6264
6265
6226
6302
6222
6222
6284
6200
6193
6170
6142
6142
6198
6145
6202
6219
6219
6219
6171
6145
6157
6171
6156
6142
6199
6211
6211
6187
6187
6146
6146
6114
6056
6051
5991
5994
6012
6042
6017
6017
6009
6035
6015
6013
6020
6025
6025
5991
5991
5985
6065
6065
6065
6087
6184
6148
6148
6148
6129
6103
6062
6062
6062
6078
6078
6053
6053
6050
6023
6023
6023
6022
6097
6019
6040
6000
5950
5955
6000
5988
5981
5981
5993
5986
5955
5950
5950
5950
5866
5866
5866
5866
5866
5854
5860
5854
5854
5854
5854
5854
5866
5918
5896
5896
5896
5896
5883
6001
5945
5945
5912
5912
5862
5915
5919
5896
5896
5975
6012
6012
6022
6055
6055
6055
6055
6026
6022
6092
6098
6100
6186
6172
6172
6172
6172
6172
6172
6172
6063
6063
6021
6033
6019
5971
5890
5949
5949
5947
5951
5971
5969
5969
5957
5984
5961
5961
6022
6018
6018
6018
5931
5958
5997
5997
5936
5931
5931
5967
5967
5967
5967
5967
5960
5960
5960
5960
6019
6019
6019
6019
6033
6075
6121
6123
6123
6075
6075
6075
6039
6039
6035
6035
6056
6007
6125
6080
6007
6085
6157
6184
6189
6193
6160
6071
6100
6086
6086
6075
6114
6172
6068
6096
6084
6089
6045
6086
6005
5996
5984
5905
5905
5932
5910
5907
5892
5892
5894
5929
5927
5927
5896
5896
5937
5937
5961
5859
5864
5859
5927
5995
5995
5995
6012
5960
5979
5968
5960
5988
5988
5971
5960
5960
6003
6003
6003
6021
6021
6021
6004
6004
5986
6083
6083
6030
6064
6064
5970
5947
5947
5973
6031
6031
6031
6086
5993
5993
5993
6003
6051
6075
6078
6078
6115
6110
6110
6110
6152
6069
6076
6005
6141
6066
6151
6116
6116
6229
6284
6246
6171
6270
6278
6254
6254
6155
6155
6193
6193
6140
6209
6189
6189
6189
6189
6147
6150
6124
6122
6122
6098
6089
6066
6058
6058
6058
6021
5988
6001
6048
6087
6080
6115
6149
6162
6162
6152
6195
6125
6125
6125
6125
6125
6072
6044
6034
6135
6181
6181
6288
6206
6206
6209
6209
6247
6247
6257
6257
6267
6265
6203
6203
6173
6173
6151
6151
6145
6171
6171
6169
6169
6138
6138
6125
6136
6109
6109
6183
6143
6182
6200
6147
6147
6267
6267
6267
6323
6323
6268
6245
6301
6263
6247
6270
6266
6343
6324
6323
6353
6299
6299
6376
6376
6376
6376
6376
6360
6421
6456
6491
6491
6491
6491
6497
6492
6492
6385
6286
6286
6230
6200
6263
6245
6264
6264
6177
6177
6169
6169
6106
6142
6120
6083
6083
6136
6171
6184
6273
6258
6189
6189
6251
6221
6221
6197
6197
6176
6230
6230
6235
6235
6326
6391
6287
6287
6287
6287
6287
6281
6281
6281
6281
6253
6253
6329
6331
6331
6329
6329
6282
6217
6203
6203
6203
6272
6206
6206
6181
6148
6174
6208
6208
6274
6274
6343
6214
6135
6127
6127
6135
6137
6194
6269
6179
6206
6155
6187
6151
6170
6159
6159
6252
6160
6072
6072
6072
6072
6224
6176
6170
6170
6171
6228
6228
6219
6152
6186
6186
6186
6093
6093
6062
6062
6062
6057
6049
6043
6043
6043
6043
6043
6043
6127
6127
6127
6116
6116
6116
6116
6056
6056
6056
6056
6103
6108
6108
6125
6125
6150
6125
6125
6125
6125
6125
6125
6125
6125
6125
6073
6073
6015
6015
6030
6070
6015
6015
5999
5999
5978
6020
6020
6082
6154
6154
6106
6158
6158
6158
6125
6125
6143
6143
6143
6143
6098
6098
6098
6093
6093
6142
6096
6096
6137
6128
6128
6128
6068
6077
6035
6109
6070
6070
6070
6134
6134
6134
6178
6178
6195
6232
6295
6316
6288
6294
6304
6304
6305
6329
6338
6354
6283
6283
6169
6099
6066
6066
6071
6071
6075
6108
6117
6199
6261
6269
6219
6219
6219
6141
6227
6156
6095
6100
5952
5951
5973
5969
5969
5968
5968
6071
6054
6054
6082
6052
5998
5932
5979
5979
5935
5856
5844
5844
5908
5908
5943
5984
6080
6030
6030
6040
6097
6092
6161
6091
6001
6001
6053
5979
5919
5919
5887
5901
5994
5994
6006
6006
6081
6081
6092
6030
6078
5986
6031
6031
6060
6095
6092
6111
6174
6174
6143
6143
6143
6143
6143
6073
6152
6233
6220
6290
6259
6221
6232
6228
6160
6122
6122
6144
6144
6182
6182
6139
6183
6183
6161
6149
6149
6194
6194
6194
6172
6228
6228
6228
6228
6323
6323
6323
6323
6361
6317
6317
6317
6317
6244
6257
6257
6255
6173
6207
6144
6142
6074
6074
6115
6115
6089
6231
6231
6277
6277
6277
6313
6313
6203
6203
6156
6149
6146
6146
6127
6055
6055
6103
6173
6173
6135
6135
6151
6151
6151
6124
6160
6091
6101
6078
5997
6037
6076
6117
6117
6076
6081
6081
6093
6017
6017
6063
6063
6022
6022
6082
6133
6176
6176
6098
6074
6136
6084
6164
6111
6127
6230
6132
6152
6159
6181
6145
6145
6143
6140
6082
6082
6012
6060
6027
6027
6025
5962
6022
6065
6008
6026
6007
6062
6007
6007
6007
6007
6007
6007
6007
6007
6007
6007
6008
6007
6007
6007
6007
5997
6021
5956
5956
6094
6093
6093
6093
6153
6153
6153
6253
6211
6211
6207
6207
6261
6251
6251
6251
6219
6170
6154
6154
6154
6154
6154
6154
6154
6081
6081
6081
6081
6081
6085
6085
6085
6085
6085
6102
6102
6102
6102
6062
6062
6062
6071
6001
6001
6001
6001
6049
6049
6051
6072
6072
6068
6068
6125
6148
6116
6105
6086
6086
6086
6086
6086
6107
6107
6070
6014
6014
5974
6019
6044
6032
6009
6031
6031
6031
6031
6031
6031
6031
6031
6031
6031
6039
6039
6058
6058
6023
6061
6061
6061
6061
6061
6061
6061
6063
6063
6063
6091
6089
6089
6089
6100
6100
6052
6045
5997
5997
5997
5979
5963
5963
5963
5963
6000
6000
6005
6005
6064
6025
6025
5989
5955
5918
5939
5939
5954
5954
5954
5999
5999
5999
5947
5944
5930
6022
5971
6022
6107
6107
6111
6111
6102
6052
6149
6109
6175
6079
6020
6020
6021
6021
6017
6092
6159
6209
6209
6167
6243
6243
6156
6050
6050
6109
6118
6059
6093
6087
6087
6173
6105
6018
6018
6077
6078
6020
6130
6130
6130
6092
6080
6147
6147
6147
6147
6232
6232
6232
6157
6157
6255
6178
6222
6222
6130
6108
6204
6281
6281
6281
6218
6173
6173
6250
6310
6320
6291
6353
6290
6355
6284
6215
6192
6300
6296
6208
6186
6239
6239
6245
6245
6245
6180
6180
6182
6146
6064
6175
6175
6148
6204
6333
6227
6227
6167
6128
6216
6214
6214
6215
6183
6143
6232
6204
6204
6209
6209
6253
6221
6201
6240
6286
6286
6286
6268
6254
6254
6254
6186
6156
6174
6143
6143
6176
6176
6192
6162
6185
6196
6197
6245
6160
6201
6219
6219
6219
6169
6161
6147
6090
6090
6090
6165
6279
6294
6315
6294
6294
6294
6212
6237
6237
6212
6212
6186
6180
6191
6207
6186
6186
6186
6157
6163
6226
6324
6324
6324
6390
6390
6307
6361
6361
6361
6314
6309
6339
6339
6339
6339
6339
6341
6361
6361
6361
6361
6368
6287
6287
6333
6272
6272
6278
6301
6313
6280
6280
6256
6268
6268
6255
6237
6269
6267
6222
6216
6216
6216
6185
6181
6160
6101
6101
6061
6061
6109
6109
6189
6258
6258
6260
6214
6220
6229
6279
6279
6303
6336
6376
6356
6293
6314
6314
6349
6331
6331
6287
6309
6286
6260
6230
6222
6106
6106
6156
6194
6226
6226
6233
6208
6142
6164
6254
6254
6289
6410
6438
6438
6427
6413
6347
6347
6339
6402
6402
6407
6359
6359
6374
6390
6450
6377
6346
6325
6353
6253
6253
6253
6155
6102
6122
6122
6157
6205
6205
6196
6196
6196
6196
6166
6166
6150
6190
6190
6190
6127
6116
6001
5996
5996
5993
5993
5967
5967
5967
6044
6044
6028
6028
5972
5972
5933
5933
5930
5926
5926
5997
6051
6031
6056
6056
6056
5941
5941
5898
5898
5925
5907
5898
5932
5958
5971
6047
6092
6092
6092
6083
6002
6031
5991
5991
6003
5969
5972
5972
5946
5946
5964
5964
5945
5976
6056
6056
6056
6056
6056
6065
5994
5994
5997
6022
6099
6120
6115
6038
5920
6018
6033
5945
5990
5990
5955
5955
5955
5953
5942
5848
5914
5914
5895
5895
5895
5947
5877
5900
5900
5855
5786
5786
5786
5867
5860
5860
5867
5867
5865
5865
5884
5872
5872
5935
5922
5877
5837
5885
5908
5916
5996
5996
5958
5969
5969
5948
5948
6063
6063
6083
6083
6080
6080
6077
6088
6101
6016
6016
6015
6102
6138
6138
6095
6086
6051
6035
6091
6091
6120
6128
6120
6133
6073
6070
6013
6017
6073
6073
6069
6069
6069
6069
6092
6054
6057
6192
6217
6265
6334
6334
6382
6387
6395
6395
6386
6430
6405
6370
6422
6479
6479
6414
6353
6336
6374
6374
6370
6375
6339
6344
6344
6330
6404
6263
6243
6243
6243
6243
6243
6243
6266
6266
6266
6266
6266
6266
6266
6266
6315
6278
6278
6278
6189
6189
6189
6189
6189
6189
6089
6089
6124
6124
6161
6159
6163
6163
6207
6181
6181
6145
6130
6130
6074
6052
6052
6031
6027
6037
6037
6069
6114
6056
6005
6005
5985
5985
6062
6078
6047
6012
6012
6005
6039
6060
6085
6001
6001
6010
6012
6018
6032
6022
6022
6002
6002
6002
6002
5986
5986
5986
5986
6101
6015
5915
5922
5922
5922
5969
5916
5916
5916
5909
5909
5909
5967
6007
6007
5856
5856
5856
5864
5864
5907
5907
5911
5959
5959
6044
6069
6069
6069
6069
6081
6081
6081
6081
6104
6104
6077
6077
6077
6092
6141
6172
6255
6206
6206
6211
6204
6268
6359
6359
6334
6301
6334
6330
6190
6156
6156
6117
6159
6172
6170
6155
6164
6198
6198
6198
6198
6151
6197
6187
6197
6254
6254
6273
6174
6174
6174
6120
6120
6084
6084
6031
5910
5910
5910
5961
5931
5925
5925
5925
6015
6018
5991
6025
6025
6017
6014
6014
6068
6076
6012
6033
6030
6014
6022
6022
6084
6050
6046
6046
6046
6046
6046
6068
6068
6073
6066
6073
6073
6011
6011
6062
6062
6062
6062
5995
6074
6043
6124
6148
6148
6262
6274
6228
6315
6288
6273
6359
6359
6308
6308
6308
6320
6319
6319
6319
6257
6138
6138
6150
6140
6140
6074
6009
6009
6009
5946
5946
5946
5979
5979
6009
5965
5966
6018
6028
6028
6028
6054
6061
6061
6061
6163
6163
6204
6153
6153
6153
6126
6188
6210
6190
6190
6190
6244
6267
6216
6163
6184
6184
6198
6311
6246
6269
6248
6230
6216
6216
6216
6171
6144
6160
6206
6206
6206
6118
6118
6118
6093
6125
6204
6220
6269
6208
6208
6208
6203
6272
6247
6225
6231
6252
6255
6288
6294
6230
6270
6270
6319
6303
6272
6215
6215
6175
6175
6175
6112
6112
6204
6152
6146
6230
6210
6165
6173
6177
6177
6252
6210
6302
6302
6302
6302
6212
6212
6212
6258
6222
6221
6221
6221
6159
6069
6069
6064
6041
6006
6006
6062
6007
6007
6007
6007
6081
6055
6107
6084
6092
6092
6006
6040
6040
6100
6100
6100
6109
6109
6125
6071
5977
5936
5936
5921
5921
5967
5980
6024
5980
5958
5958
5958
5958
5958
5958
5923
5923
5923
5929
5923
5946
5946
5871
5871
5893
5893
5903
5903
5903
5850
5920
5870
5858
5858
5911
5911
6036
6036
5969
5969
5969
5984
5984
6018
5937
5913
5939
5964
5964
5964
6001
6001
6001
6013
6013
5997
6041
5985
6047
6047
6047
6055
6044
6009
6009
6009
6009
6099
6178
6178
6104
6104
6134
6125
6125
6162
6130
6130
6111
6003
6003
6052
6118
6118
6207
6207
6207
6118
6107
6107
6043
6061
6109
6092
6097
6097
6087
6221
6222
6222
6272
6227
6227
6269
6315
6320
6212
6212
6115
6153
6188
6112
6100
6100
6109
6109
6144
6166
6244
6213
6165
6165
6165
6109
6093
6093
6093
6093
6143
6143
6143
6212
6230
6320
6320
6320
6320
6320
6320
6320
6356
6377
6344
6441
6441
6307
6307
6307
6230
6183
6183
6183
6229
6210
6210
6210
6249
6190
6190
6223
6277
6232
6228
6134
6134
6211
6236
6170
6134
6092
6022
5966
6003
6036
6036
6096
6090
6090
6090
6119
6119
6080
6189
6212
6156
6174
6172
6159
6159
6159
6070
6134
6098
6076
6067
6088
6078
6078
6078
6078
6078
6055
6055
6055
6090
6090
6125
6121
6044
6044
6062
6057
6057
6008
5968
6031
6031
5983
5966
5966
5978
5993
5993
6045
6163
6205
6205
6205
6108
6108
6150
6245
6217
6178
6193
6197
6080
6031
6031
6008
5941
5957
5996
6022
6022
6035
5970
5884
5877
5877
5877
5866
5866
5866
5866
5875
5874
5922
5854
5854
5854
5970
5911
5911
5984
5951
5874
5974
5967
6023
6023
6067
6157
6125
6125
6109
6109
6047
6047
6047
6047
6047
5922
5922
5947
5947
5947
6047
6074
6045
6045
5958
6017
6010
6028
6028
6028
6028
5975
5975
6012
6012
6041
6041
6041
6089
6089
6018
5998
6016
5984
5937
5937
5937
5806
5806
5806
5806
5805
5844
5851
5851
5851
5788
5788
5788
5799
5788
5788
5788
5788
5824
5790
5790
5790
5790
5790
5790
5790
5790
5790
5742
5732
5779
5798
5830
5782
5743
5743
5758
5758
5758
5758
5810
5819
5838
5840
5732
5734
5731
5738
5738
5788
5788
5836
5823
5781
5781
5781
5762
5750
5825
5825
5846
5775
5768
5856
5938
6004
5986
5986
6005
6005
6005
5937
5937
5937
5950
5950
5960
5954
5954
6043
6043
6008
5878
5878
5878
5878
5920
5921
5897
5846
5846
5865
5902
5924
5944
5944
5944
5944
5944
5944
5921
5921
5921
5933
5933
5965
6014
6014
6014
6014
6014
6003
5990
5990
5990
5990
5990
5990
5990
5978
5928
5989
5943
5941
5941
5941
5941
5941
5941
6012
6012
6078
6131
6074
6117
6116
6092
6059
6059
6059
6043
6091
6084
6084
6150
6150
6159
6159
6159
6186
6186
6187
6187
6187
6187
6183
6180
6180
6180
6179
6207
6155
6155
6155
6206
6200
6200
6225
6272
6250
6300
6263
6203
6203
6236
6236
6342
6333
6347
6347
6347
6380
6380
6380
6382
6342
6344
6344
6344
6320
6305
6305
6305
6305
6355
6260
6206
6206
6206
6206
6222
6233
6268
6285
6285
6253
6253
6253
6345
6345
6325
6198
6228
6151
6151
6151
6151
6151
6239
6239
6239
6239
6239
6325
6325
6325
6325
6325
6325
6325
6297
6297
6182
6182
6106
6123
6123
6002
6102
6102
6111
6111
6023
6097
6097
6111
6094
6138
6138
6180
6180
6193
6193
6276
6276
6298
6344
6319
6269
6269
6269
6312
6312
6348
6348
6348
6364
6487
6487
6480
6480
6480
6429
6389
6389
6345
6342
6342
6342
6324
6324
6324
6324
6318
6281
6281
6269
6269
6255
6255
6205
6272
6284
6304
6258
6280
6283
6303
6308
6198
6155
6167
6167
6119
6167
6174
6174
6179
6134
6134
6134
6046
6046
5985
5942
5950
5950
5950
5950
5950
5909
5899
5899
5899
5899
5857
5831
5831
5831
5838
5838
5838
5863
5814
5857
5951
5911
5902
5906
5906
5906
5879
5854
5850
5850
5876
5876
5876
5876
5877
5899
5967
5967
5967
5946
5943
5943
6046
6046
6028
6124
6124
6124
6124
6124
6124
6124
6160
6137
6156
6156
6167
6135
6137
6147
6147
6147
6109
6078
6078
6078
6078
6076
6042
5996
6027
6037
6037
6029
6029
5995
6018
5981
6012
6018
6018
5986
5986
5987
5987
5986
5986
5986
5986
5986
6027
6027
6027
6005
6005
6005
6019
6005
6005
5931
5921
5921
5921
5921
5921
5921
5921
5948
5975
5936
5923
5923
5990
5990
6032
6016
6016
6094
6094
6094
6094
6037
5962
5906
5906
5908
5908
5930
5968
5907
5907
5920
5920
5920
5912
5912
5975
5991
6057
6097
6044
6156
6093
6027
6041
6049
6049
6041
6018
6034
6034
5976
5945
5945
5916
5937
5937
5889
5915
5895
5895
5889
5889
5923
5923
5889
5920
5920
5920
5956
5946
5952
5920
5982
5982
5979
5979
6063
6082
6082
6082
6082
6058
5978
5989
5989
5989
5989
5989
6058
6058
6058
6058
6058
6058
6030
5960
5960
5972
5960
5953
5963
5963
5963
5963
5960
6032
6032
6032
6064
6064
6059
6076
6076
6084
6052
6052
6052
5999
5971
5950
5876
5876
5876
5876
5858
5858
5914
5987
5987
5984
6029
6029
6029
6029
6111
6111
6111
6123
6131
6131
6086
6086
6053
6034
6051
6034
6034
6070
6058
6047
6047
6047
6047
6013
6007
6007
6033
6033
6033
6016
6054
6054
6054
6083
5991
5991
5999
6004
6004
6004
6004
5975
5904
5870
5927
5927
5873
5873
5846
5846
5846
5846
5846
5743
5777
5777
5787
5798
5825
5825
5825
5825
5907
5907
5907
5894
5890
5890
5916
5929
5968
5968
5968
5968
5970
6000
6000
6000
5989
5984
6014
6014
6014
6030
6030
6030
5977
5977
5977
5995
5972
5972
6037
6037
6030
6000
6049
6049
6064
6110
6110
6110
6110
6175
6177
6141
6141
6155
6214
6214
6132
6132
6063
6032
6014
6022
6022
5991
5991
5972
5972
5972
5972
6003
5962
5977
5989
5980
5942
5942
5942
5942
5900
5900
5906
5905
5959
5883
5899
5899
5929
5951
5947
5902
5909
5961
5997
5999
5999
5999
5992
5992
5992
5968
5968
5892
5978
5978
5978
5978
5978
6071
6071
6072
6063
6029
6029
6067
6024
6024
5978
5978
5978
5979
5944
5911
5814
5853
5801
5831
5817
5865
5900
5875
5922
5940
5893
5893
5894
5898
5882
5882
5882
5861
5861
5841
5872
5890
5912
5976
5935
5906
5884
5884
5952
5952
5952
5952
5952
5952
5952
6027
5947
5952
5952
5908
5922
5922
5893
5910
5987
5987
5973
5973
5973
6025
6025
6025
5998
5981
5981
5903
5973
6005
5939
5967
6051
6051
6090
6036
6036
6036
6064
6041
6041
5999
6014
6016
6016
6016
6016
6016
6039
6014
5956
6004
5961
5961
5947
5947
5942
5981
5952
5952
5973
6117
6117
6117
6052
6052
6014
6076
6052
6052
5971
5998
5998
5971
5978
5968
5968
5974
5975
5998
5983
6002
6002
6039
6030
6065
6048
6070
6070
6022
6022
6008
5990
5990
5977
5953
5953
5968
5953
5964
5953
6055
6055
6055
6055
6112
6112
6112
6051
6060
6060
6060
6034
6037
6037
6037
6037
6107
6125
6027
6027
5985
5996
5996
6053
5993
5872
5824
5824
5806
5843
5848
5848
5848
5848
5817
5875
5875
5905
5905
5905
5977
5977
5977
6012
6012
5973
5973
5887
5918
5887
5854
5854
5861
5861
5751
5751
5793
5793
5793
5793
5843
5927
5884
5955
5964
5964
5964
5964
5964
5966
5938
5938
5927
5921
5952
5969
5944
5944
5892
5898
5861
5861
5861
5861
5861
5865
5839
5839
5839
5839
5851
5851
5947
5925
5925
5923
5955
5955
5955
5955
5955
5980
5943
5943
5943
5970
5970
5970
5970
5970
5970
5970
5970
5970
5970
5970
5970
5970
5970
5993
6069
6044
6053
5972
5972
5972
5972
5972
5888
5901
5901
5862
5871
5871
5918
5916
5940
5940
5940
5940
5863
5863
5932
5932
5932
5932
5912
5954
5915
5862
5860
5883
5883
5883
5949
5949
5903
5901
5874
5874
5874
5874
5874
5945
5945
5945
5945
5945
5945
5945
5967
5892
5892
5892
5892
5886
5893
5920
5893
5893
5893
5893
5888
5838
5872
5872
5872
5883
5883
5872
5872
5936
5988
6005
5915
5928
5928
5928
5949
5949
5928
5870
5920
5907
5876
5876
5876
5867
5867
5933
5933
5933
5933
5933
5926
5926
5885
5896
5923
5923
5943
5943
5950
5950
5950
5937
5926
5926
5915
5915
5951
5951
5951
5999
5999
5999
5999
5969
5998
5998
5998
6007
6007
6007
6018
6018
6018
6038
6038
6089
6089
6009
6009
6022
6009
6009
6013
6013
6013
6013
6013
6060
6060
6018
6018
6024
6018
6018
6018
6019
6019
6019
6019
6019
6019
6019
6019
6019
6019
5974
5974
6028
6028
6028
5989
5991
5991
5991
5991
5997
6095
6095
6122
6122
6135
6082
6107
6100
6100
6169
6169
6169
6165
6044
6044
6022
6019
5845
5835
5835
5748
5729
5722
5722
5722
5722
5742
5748
5748
5737
5739
5739
5729
5766
5761
5800
5754
5754
5817
5869
5905
5914
5914
5914
5973
5992
6055
6055
6095
6126
6126
6125
6081
6025
5989
5989
5977
5977
5977
5941
5941
5946
5946
5946
5900
5926
5926
5830
5830
5821
5821
5821
5821
5854
5854
5858
5820
5820
5864
5847
5847
5928
5883
5883
5883
5883
5887
5886
5867
5867
5906
5867
5839
5841
5771
5783
5805
5796
5796
5796
5847
5847
5847
5847
5869
5869
5885
5835
5835
5812
5808
5808
5808
5800
5800
5869
5869
5911
5898
5898
5910
5910
5910
5847
5847
5828
5814
5792
5792
5792
5792
5792
5817
5817
5792
5792
5821
5862
5862
5843
5843
5782
5782
5748
5756
5848
5848
5848
5848
5848
5831
5831
5831
5889
5914
5965
5965
5965
5958
6011
6011
5997
5967
5967
5926
5926
5931
5908
5908
5908
5909
5923
5923
5930
5930
5930
5930
5930
5935
5935
5935
5888
5888
5888
5840
5840
5840
5840
5822
5856
5856
5819
5819
5836
5836
5836
5836
5836
5836
5836
5836
5836
5806
5806
5801
5835
5835
5835
5835
5832
5832
5832
5832
5883
5912
5893
5907
5936
5936
5953
5922
5957
5910
5910
5910
6025
5931
6007
6006
6025
6028
6090
6090
6090
6061
6057
6057
6057
6070
6006
6049
6160
6109
6023
5974
5997
5997
5997
5969
5940
5945
5901
5961
5961
5922
5931
5931
5931
5991
5991
5901
5901
5853
5853
5853
5853
5853
5853
5851
5851
5775
5775
5832
5832
5832
5832
5843
5949
5921
5921
5954
5954
5931
5928
5928
5928
5928
5943
5943
5943
5882
5882
5916
5953
5953
5953
5953
5892
5892
5970
5961
5961
5891
5891
5891
5891
5836
5836
5858
5841
5850
5832
5832
5832
5829
5859
5870
5870
5885
5885
5885
5859
5859
5859
5859
5881
5881
5879
5841
5841
5887
5887
5887
5887
5887
5860
5876
5876
5915
5908
5890
5879
5879
5869
5863
5971
5971
6009
6097
6097
6102
6070
6070
6091
6091
6091
6091
6091
6101
6126
6090
6157
6157
6013
6007
6007
5945
5945
5945
5994
5929
5929
5926
5926
5926
5977
5981
6083
6026
6026
6026
6026
6026
6026
5995
5996
6046
6046
6046
6048
6078
6136
6136
6136
6092
6092
6096
6096
6096
6096
6096
6096
6096
6096
6096
6064
6064
6105
6118
6118
6118
6138
6138
6187
6144
6081
6032
6071
6092
6092
6092
6094
6094
6094
5955
5947
5873
5873
5873
5873
5873
5873
5873
5873
5873
5873
5873
5955
5955
5858
5862
5844
5825
5886
5960
5915
5915
5915
5921
5868
5868
5815
5815
5797
5801
5852
5852
5852
5852
5852
5965
5967
5967
6039
5979
5979
5979
5933
5849
5868
5868
5868
5868
5861
5885
5885
5885
5877
5877
5877
5891
5950
5950
5949
5894
5854
5854
5854
5847
5847
5847
5847
5847
5848
5848
5860
5860
5860
5849
5849
5852
5861
5822
5840
5844
5885
5865
5857
5944
5939
5939
5962
6036
6031
5995
6054
6054
6054
5972
5972
5947
5947
5886
5899
5899
5899
5865
5865
5862
5862
5862
5842
5794
5794
5794
5851
5851
5851
5851
5851
5851
5810
5810
5821
5825
5852
5858
5847
5879
5879
5873
5827
5827
5872
5881
5881
5884
5881
5924
6010
6010
6006
6006
6006
6006
6006
6006
5993
5993
5993
5965
5965
5969
6030
6030
6030
6030
6010
6010
6010
6010
5985
6005
5941
6013
5907
5917
5917
5917
5916
5916
5916
5916
5916
5937
5916
5916
5892
5881
5881
5843
5841
5843
5843
5843
5902
5902
5902
5902
5902
5902
5902
5902
5902
5953
5894
5898
5898
5898
5898
5898
5861
5861
5861
5861
5861
5861
5861
5861
5861
5861
5861
5928
5928
5928
5928
5928
5928
5928
5928
5973
5968
5968
5876
5876
5846
5846
5840
5832
5832
5832
5825
5825
5814
5814
5828
5828
5785
5785
5818
5818
5818
5818
5818
5818
5818
5818
5818
5823
5823
5883
5883
5880
5889
5889
5895
5996
5996
5958
5935
5931
5931
5914
5914
5909
5873
5873
5873
5902
5872
5844
5844
5844
5844
5849
5849
5844
5844
5848
5848
5848
5815
5815
5815
5786
5786
5786
5854
5857
5857
5857
5857
5857
5854
5854
5843
5843
5861
5821
5821
5821
5821
5821
5821
5759
5758
5758
5758
5724
5746
5746
5746
5704
5687
5759
5712
5712
5712
5712
5718
5725
5725
5721
5721
5688
5712
5712
5687
5687
5687
5687
5687
5737
5737
5737
5718
5687
5687
5687
5687
5687
5687
5687
5687
5687
5687
5689
5657
5683
5683
5683
5683
5683
5678
5678
5678
5713
5727
5727
5727
5740
5740
5740
5709
5709
5709
5709
5709
5709
5709
5709
5709
5709
5709
5695
5695
5695
5695
5695
5754
5754
5754
5754
5761
5718
5718
5710
5710
5710
5710
5710
5710
5713
5713
5713
5713
5821
5821
5813
5813
5813
5813
5813
5813
5808
5808
5808
5808
5848
5856
5868
5868
5814
5814
5848
5848
5848
5835
5813
5814
5800
5800
5833
5844
5886
5914
5882
5811
5793
5793
5751
5773
5773
5773
5768
5768
5768
5786
5786
5786
5786
5812
5809
5809
5828
5828
5864
5864
5864
5864
5864
5933
5933
5929
5929
5926
5926
5929
5929
5929
5929
5929
5954
5960
5960
5990
5990
5948
5912
5912
5912
5906
5906
5917
5911
5859
5815
5815
5857
5877
5834
5834
5834
5834
5834
5825
5794
5794
5794
5794
5794
5797
5797
5797
5797
5797
5797
5797
5797
5832
5841
5877
5852
5777
5763
5763
5763
5763
5763
5731
5754
5754
5754
5754
5715
5727
5727
5727
5751
5799
5763
5763
5765
5708
5680
5680
5680
5680
5680
5680
5680
5680
5680
5665
5665
5753
5753
5770
5770
5791
5805
5790
5790
5740
5740
5740
5768
5770
5815
5812
5878
5878
5878
5882
5878
5878
5919
5899
5899
5888
5888
5888
5888
5888
5872
5830
5830
5830
5830
5830
5830
5830
5830
5830
5787
5808
5808
5787
5819
5819
5787
5787
5787
5787
5787
5896
5895
5895
5895
5873
5823
5823
5811
5817
5817
5817
5817
5815
5888
5888
5888
5843
5847
5847
5847
5847
5878
5856
5876
5856
5913
5952
5950
5952
6045
5982
6007
6017
6009
6009
6009
6016
6016
5969
5991
5991
6024
6040
6040
5985
6061
6061
6061
6061
6028
6028
6028
6028
6028
5959
5959
5959
5959
5959
5959
5959
5978
5978
5978
5978
5934
5961
5983
6018
6018
6019
6019
5989
5989
5989
5924
5924
5980
5992
6038
6040
6040
6040
6040
6030
6030
6030
6028
6016
6016
5990
5970
5900
5962
5962
6010
6010
6010
6010
5906
5906
5906
5911
5911
5911
5929
5929
5931
5889
5889
5889
5889
5867
5902
5884
5856
5856
5882
5921
5921
5921
5875
5901
5901
5901
5857
5857
5834
5947
5932
5928
5928
5928
6010
6010
5984
5984
5984
5918
5918
5918
5900
5900
5888
5907
5907
5864
5864
5858
5801
5801
5801
5784
5826
5826
5826
5826
5826
5858
5858
5843
5880
5818
5818
5808
5808
5808
5808
5822
5822
5822
5822
5822
5828
5828
5828
5828
5828
5802
5802
5802
5802
5848
5848
5848
5830
5832
5778
5778
5778
5805
5805
5805
5805
5805
5805
5876
5850
5850
5850
5850
5831
5831
5812
5812
5791
5791
5837
5837
5841
5841
5861
5861
5861
5861
5846
5846
5846
5846
5846
5861
5957
5963
5963
5963
5963
6037
6037
6037
5967
5967
5967
5967
5918
5946
5920
5950
5958
5958
5958
5958
5958
5958
5971
5939
5939
5939
5959
5945
5935
5935
5935
5844
5844
5844
5844
5844
5844
5844
5839
5839
5852
5852
5852
5888
5879
5879
5879
5879
5879
5879
5910
5910
5913
5926
5926
5926
5943
5943
5943
5934
5934
5934
5934
5934
5934
5916
5916
5916
5916
5916
5916
5900
5900
5966
6016
6016
5972
5973
5973
5975
6017
6017
5983
5983
5975
5975
5975
5975
5974
5966
5993
6038
6038
6038
6028
5975
5975
5975
6002
6002
6041
5995
5995
6025
6025
6025
6025
6028
6009
5983
5877
5866
5866
5866
5880
5880
5880
5880
5906
5908
5899
5927
5927
5927
5933
5871
5871
5871
5856
5856
5856
5827
5835
5835
5835
5852
5868
5881
5881
5881
5881
5881
5889
5889
5889
5889
5854
5869
5872
5872
5834
5806
5806
5806
5751
5751
5751
5751
5721
5721
5721
5721
5721
5686
5651
5697
5697
5697
5697
5683
5686
5686
5670
5694
5694
5699
5699
5699
5699
5699
5646
5646
5645
5671
5671
5671
5671
5645
5645
5645
5645
5645
5645
5645
5645
5645
5645
5645
5706
5706
5670
5682
5682
5682
5682
5693
5661
5661
5661
5661
5661
5661
5661
5661
5661
5661
5666
5666
5666
5666
5666
5662
5726
5726
5729
5726
5726
5783
5783
5783
5783
5783
5783
5783
5783
5794
5801
5801
5794
5754
5754
5754
5754
5754
5754
5754
5754
5754
5754
5754
5754
5754
5754
5657
5657
5657
5655
5655
5655
5655
5655
5655
5655
5655
5646
5646
5682
5682
5684
5671
5776
5776
5776
5776
5776
5776
5708
5709
5709
5708
5708
5728
5728
5771
5750
5750
5750
5769
5769
5769
5769
5797
5797
5763
5763
5763
5763
5728
5728
5727
5727
5727
5781
5781
5799
5771
5823
5804
5822
5822
5777
5804
5799
5763
5759
5759
5759
5712
5712
5712
5744
5744
5744
5744
5744
5744
5744
5680
5680
5680
5672
5669
5669
5669
5669
5669
5669
5683
5683
5683
5683
5683
5669
5669
5669
5692
5692
5692
5692
5692
5690
5688
5688
5708
5669
5669
5669
5669
5669
5669
5670
5670
5670
5688
5688
5673
5720
5719
5719
5719
5719
5719
5719
5719
5719
5706
5691
5685
5685
5685
5685
5685
5715
5693
5693
5693
5708
5708
5720
5720
5731
5683
5683
5683
5683
5683
5680
5680
5691
5662
5662
5662
5662
5703
5703
5703
5703
5703
5703
5703
5707
5709
5709
5709
5709
5703
5703
5703
5724
5724
5724
5666
5666
5666
5666
5666
5693
5693
5693
5693
5693
5693
5786
5786
5805
5744
5744
5697
5697
5697
5697
5697
5697
5697
5780
5780
5780
5780
5780
5780
5780
5780
5780
5780
5802
5802
5780
5780
5780
5855
5832
5860
5860
5860
5860
5860
5860
5864
5801
5801
5780
5780
5780
5774
5774
5773
5780
5768
5771
5771
5771
5788
5788
5788
5809
5812
5797
5826
5826
5826
5816
5816
5816
5775
5754
5754
5754
5741
5741
5724
5721
5721
5717
5717
5717
5717
5717
5717
5717
5717
5717
5717
5722
5722
5722
5717
5763
5737
5737
5737
5707
5673
5673
5673
5673
5673
5673
5673
5673
5673
5673
5673
5673
5673
5673
5693
5693
5714
5714
5714
5714
5714
5720
5720
5699
5685
5697
5673
5673
5673
5699
5699
5699
5699
5699
5696
5709
5709
5709
5709
5714
5714
5714
5730
5721
5721
5721
5720
5720
5720
5693
5693
5693
5693
5687
5687
5687
5687
5687
5695
5695
5680
5680
5685
5685
5699
5699
5699
5699
5699
5661
5658
5658
5658
5658
5658
5660
5666
5666
5689
5689
5689
5689
5689
5689
5689
5689
5689
5715
5715
5715
5715
5715
5715
5712
5691
5691
5691
5691
5683
5683
5687
5707
5683
5683
5683
5683
5652
5668
5668
5668
5668
5680
5680
5680
5680
5691
5691
5684
5684
5762
5725
5725
5755
5755
5851
5851
5824
5723
5723
5723
5723
5723
5728
5728
5689
5689
5689
5689
5689
5648
5641
5641
5641
5641
5648
5648
5648
5648
5648
5648
5648
5637
5637
5637
5637
5681
5692
5681
5681
5684
5681
5681
5681
5681
5681
5637
5662
5648
5651
5637
5637
5637
5637
5637
5653
5660
5660
5660
5637
5637
5637
5637
5637
5655
5655
5655
5655
5655
5655
5655
5655
5655
5655
5655
5655
5655
5655
5655
5655
5655
5655
5655
5665
5637
5645
5682
5678
5678
5666
5673
5673
5663
5663
5663
5647
5647
5647
5660
5660
5660
5650
5656
5656
5662
5659
5673
5677
5677
5677
5677
5677
5701
5701
5701
5701
5711
5711
5711
5711
5695
5665
5665
5665
5719
5719
5719
5719
5683
5683
5683
5700
5700
5700
5700
5700
5700
5700
5684
5684
5684
5684
5684
5685
5685
5685
5685
5685
5685
5685
5685
5685
5705
5705
5705
5726
5708
5653
5653
5653
5654
5654
5654
5677
5677
5648
5648
5648
5600
5600
5623
5657
5657
5657
5628
5622
5622
5622
5613
5613
5662
5662
5662
5697
5661
5661
5661
5661
5618
5618
5618
5614
5614
5614
5592
5592
5592
5592
5592
5592
5615
5615
5615
5610
5582
5582
5582
5582
5582
5582
5582
5582
5582
5582
5606
5606
5587
5587
5587
5583
5583
5583
5640
5637
5582
5598
5665
5665
5658
5658
5658
5663
5658
5658
5658
5633
5633
5633
5633
5636
5633
5672
5672
5672
5672
5672
5672
5672
5672
5672
5672
5672
5672
5672
5673
5673
5673
5672
5672
5672
5672
5672
5672
5668
5668
5669
5669
5669
5669
5669
5670
5672
5690
5697
5697
5697
5697
5697
5697
5669
5669
5669
5669
5603
5603
5603
5603
5644
5644
5644
5644
5644
5609
5609
5628
5628
5628
5628
5628
5628
5628
5628
5644
5664
5664
5664
5664
5664
5628
5628
5628
5628
5628
5643
5643
5643
5643
5643
5643
5643
5643
5615
5615
5610
5645
5644
5650
5650
5650
5638
5628
5628
5628
5628
5628
5628
5651
5651
5651
5651
5648
5648
5657
5657
5655
5655
5652
5652
5652
5652
5652
5652
5652
5652
5652
5662
5652
5652
5652
5662
5656
5652
5652
5674
5674
5668
5668
5668
5668
5668
5668
5668
5668
5668
5668
5668
5668
5667
5667
5667
5667
5667
5667
5688
5688
5688
5688
5665
5665
5665
5665
5665
5646
5626
5626
5626
5626
5626
5626
5626
5635
5635
5635
5635
5635
5653
5696
5728
5728
5728
5736
5736
5736
5770
5781
5781
5781
5770
5770
5770
5806
5806
5806
5806
5842
5845
5845
5845
5830
5810
5810
5810
5810
5814
5764
5751
5751
5751
5728
5728
5728
5705
5713
5713
5713
5713
5713
5713
5713
5692
5692
5710
5723
5762
5762
5718
5718
5661
5661
5661
5661
5639
5636
5636
5636
5636
5636
5636
5636
5636
5626
5626
5626
5626
5626
5655
5626
5659
5659
5657
5657
5628
5628
5628
5673
5673
5673
5744
5744
5696
5696
5659
5712
5695
5695
5695
5695
5695
5695
5695
5695
5695
5695
5695
5695
5695
5695
5695
5698
5698
5698
5704
5704
5691
5691
5691
5755
5755
5755
5755
5755
5755
5755
5755
5755
5770
5764
5764
5789
5789
5789
5743
5743
5745
5745
5745
5722
5722
5722
5733
5727
5738
5738
5738
5738
5738
5738
5738
5738
5738
5738
5738
5738
5738
5722
5698
5698
5692
5686
5686
5730
5724
5724
5692
5692
5692
5692
5692
5692
5692
5692
5692
5692
5692
5684
5684
5693
5693
5693
5693
5693
5693
5693
5687
5687
5687
5680
5680
5656
5656
5656
5656
5656
5656
5684
5684
5684
5664
5664
5664
5664
5664
5664
5664
5664
5664
5664
5664
5664
5664
5664
5656
5656
5683
5683
5683
5683
5676
5676
5676
5680
5680
5702
5699
5699
5699
5693
5658
5658
5656
5656
5656
5656
5656
5656
5656
5656
5656
5656
5694
5694
5694
5690
5688
5688
5688
5688
5688
5713
5713
5713
5713
5713
5713
5683
5683
5683
5683
5683
5683
5683
5683
5683
5652
5624
5624
5644
5644
5644
5644
5619
5619
5619
5619
5619
5619
5631
5615
5615
5631
5631
5631
5631
5631
5615
5615
5615
5615
5615
5642
5642
5642
5642
5642
5699
5699
5699
5699
5699
5704
5704
5704
5704
5704
5704
5704
5688
5667
5671
5657
5657
5657
5713
5725
5725
5725
5663
5663
5663
5663
5663
5663
5663
5663
5663
5663
5663
5663
5663
5628
5628
5628
5628
5628
5628
5634
5636
5636
5636
5630
5630
5628
5628
5628
5628
5628
5634
5628
5628
5630
5630
5630
5630
5630
5630
5630
5630
5630
5630
5630
5630
5630
5628
5628
5628
5628
5628
5628
5628
5628
5628
5628
5628
5628
5636
5657
5678
5678
5678
5678
5678
5678
5678
5679
5679
5679
5678
5678
5678
5678
5678
5678
5680
5696
5696
5696
5696
5696
5658
5658
5649
5649
5649
5649
5649
5649
5626
5626
5626
5628
5628
5626
5626
5626
5626
5626
5626
5626
5626
5626
5626
5626
5626
5626
5626
5626
5626
5626
5626
5665
5665
5634
5634
5634
5634
5626
5626
5657
5657
5673
5634
5634
5634
5634
5634
5626
5631
5656
5656
5656
5656
5656
5656
5654
5638
5638
5626
5626
5634
5634
5679
5679
5679
5679
5760
5760
5760
5760
5760
5760
5727
5727
5706
5706
5714
5714
5701
5701
5701
5701
5701
5701
5701
5701
5701
5701
5691
5691
5691
5691
5691
5691
5691
5691
5691
5691
5691
5715
5715
5715
5715
5724
5755
5759
5720
5722
5694
5699
5699
5699
5699
5699
5699
5699
5699
5699
5699
5690
5690
5690
5646
5646
5646
5646
5646
5646
5646
5646
5646
5646
5646
5646
5649
5649
5649
5664
5626
5626
5631
5631
5631
5635
5635
5635
5635
5635
5635
5635
5635
5635
5635
5635
5635
5635
5635
5637
5637
5637
5631
5631
5631
5631
5631
5631
5633
5631
5631
5631
5630
5630
5630
5630
5630
5630
5630
5632
5632
5632
5630
5630
5630
5630
5634
5634
5634
5634
5634
5634
5634
5634
5634
5634
5634
5634
5634
5644
5644
5644
5644
5644
5644
5644
5644
5644
5644
5644
5644
5644
5644
5644
5644
5644
5644
5644
5644
5683
5683
5646
5683
5683
5683
5683
5683
5683
5683
5736
5709
5699
5699
5699
5699
5683
5683
5683
5673
5673
5673
5673
5673
5673
5673
5673
5673
5683
5683
5673
5673
5673
5680
5680
5680
5680
5680
5680
5680
5680
5675
5675
5675
5675
5676
5676
5676
5676
5676
5688
5688
5688
5688
5669
5669
5669
5669
5669
5669
5669
5666
5666
5666
5668
5666
5666
5666
5666
5666
5664
5664
5664
5664
5664
5664
5664
5664
5664
5664
5664
5664
5664
5664
5664
5664
5664
5678
5678
5705
5705
5705
5678
5678
5678
5678
5678
5678
5678
5678
5685
5685
5685
5685
5685
5685
5685
5685
5685
5685
5685
5685
5685
5685
5685
5685
5685
5685
5685
5685
5685
5685
5685
5685
5685
5685
5685
5685
5685
5685
5685
5678
5678
5678
5678
5678
5678
5678
5678
5678
5678
5678
5678
5678
5678
5678
5678
5678
5678
5678
5678
5678
5682
5678
5678
5678
5678
5678
5678
5678
5671
5671
5671
5671
5692
5672
5671
5671
5671
5671
5671
5671
5671
5671
5671
5671
5671
5671
5671
5671
5671
5680
5680
5680
5674
5676
5671
5671
5658
5658
5658
5658
5652
5652
5660
5660
5660
5660
5660
5660
5660
5660
5660
5660
5660
5660
5660
5660
5660
5660
5660
5660
5660
5660
5660
5660
5660
5655
5655
5655
5655
5651
5641
5641
5641
5641
5641
5641
5641
5648
5648
5648
5648
5648
5648
5648
5648
5648
5648
5648
5648
5648
5648
5648
5648
5648
5648
5648
5648
5648
5648
5648
5648
5564
5564
5564
5564
5564
5564
5564
5564
5564
5564
5564
5564
5564
5564
5564
5564
5564
5564
5564
5569
5569
5569
5571
5571
5569
5569
5569
5569
5569
5569
5569
5569
5569
5569
5569
5569
5569
5569
5569
5569
5569
5569
5569
5569
5569
5569
5569
5569
5569
5569
5569
5569
5569
5569
5569
5569
5569
5569
5569
5569
5569
5569
5569
5569
5569
5569
5569
5569
5569
5569
5569
5569
5569
5569
5569
5569
5569
5569
5569
5569
5569
5569
5569
5569
5569
5583
5569
5569
5569
5569
5569
5569
5571
5571
5571
5571
5571
5571
5571
5571
5571
5571
5569
5569
5569
5569
5569
5569
5569
5569
5569
5569
5569
5569
5569
5569
5569
5569
5569
5569
5569
5569
5569
5569
5569
5569
5569
5569
5569
5569
5569
5569
5569
5569
5569
5569
5569
5569
5569
5569
5569
5569
5569
5569
5569
5569
5569
5569
5569
5569
5569
5569
5569
5569
5569
5569
5569
5575
5569
5569
5569
5569
5569
5569
5569
5569
5569
5569
5569
5569
5564
5564
5564
5564
5564
5564
5564
5564
5564
5564
5564
5564
5564
5564
5564
5564
5564
5564
5564
5564
5564
5564
5564
5564
5565
5565
5565
5565
5565
5565
5565
5572
5584
5584
5584
5572
5572
5572
5572
5572
5572
5572
5572
5572
5572
5572
5572
5585
5585
5585
5585
5585
5585
5585
5585
5585
5585
5588
5590
5590
5574
5574
5574
5574
5574
5574
5574
5574
5574
5580
5580
5580
5580
5564
5575
5575
5575
5575
5575
5575
5575
5580
5580
5580
5580
5587
5587
5580
5580
5580
5580
5580
5580
5580
5580
5580
5580
5580
5580
5580
5580
5580
5580
5580
5580
5580
5580
5580
5580
5580
5580
5580
5580
5580
5580
5580
5580
5580
5564
5564
5564
5564
5564
5564
5564
5564
5564
5564
5564
5564
5564
5564
5564
5564
5564
5564
5564
5564
5564
5564
5564
5564
5564
5564
5564
5564
5573
5565
5565
5564
5564
5564
5564
5564
5564
5564
5564
5564
5564
5564
5564
5564
5564
5564
5564
5570
5570
5570
5570
5570
5564
5564
5564
5564
5564
5564
5564
5564
5564
5564
5564
5564
5564
5564
5564
5564
5564
5564
5564
5564
5564
5564
5564
5564
5564
5564
5564
5564
5564
5564
5564
5564
5564
5564
5564
5564
5564
5564
5564
5564
5564
5564
5564
5564
5564
5564
5564
5564
5564
5564
5564
5564
5564
5564
5564
5564
5564
5564
5564
5564
5564
5564
5564
5564
5564
5564
5564
5564
5564
5564
5564
5564
5564
5564
5564
5564
5564
5586
5577
5577
5577
5577
5577
5564
5564
5570
5570
5570
5570
5570
5570
5570
5570
5570
5570
5566
5566
5566
5566
5566
5566
5584
5584
5584
5584
5584
5584
5584
5584
5584
5584
5584
5567
5567
5567
5578
5578
5586
5586
5586
5586
5586
5586
5586
5586
5586
5578
5578
5578
5578
5578
5578
5578
5578
5578
5588
5588
5588
5588
5588
5588
5588
5588
5570
5564
5564
5564
5564
5564
5564
5564
5564
5564
5564
5564
5564
5564
5564
5564
5564
5564
5564
5564
5564
5567
5567
5567
5567
5567
5567
5567
5567
5567
5567
5567
5567
5567
5567
5567
5567
5567
5567
5569
5569
5569
5569
5569
5569
5569
5569
5569
5569
5569
5569
5569
5569
5569
5569
5569
5569
5569
5569
5569
5569
5569
5569
5569
5569
5567
5567
5567
5567
5567
5567
5567
5567
5567
5567
5567
5567
5567
5567
5567
5567
5567
5567
5567
5567
5567
5567
5567
5567
5567
5567
5567
5567
5567
5567
5567
5567
5567
5567
5567
5567
5567
5564
5564
5564
5564
5564
5564
5564
5564
5564
5564
5572
5572
5572
5572
5572
5572
5572
5572
5572
5572
5564
5564
5565
5565
5565
5565
5565
5565
5565
5565
5565
5565
5565
5565
5565
5565
5565
5565
5564
5564
5564
5570
5564
5564
5564
5564
5564
5564
5564
5564
5564
5564
5564
5564
5564
5564
5564
5564
5564
5564
5564
5564
5564
5571
5571
5564
5564
5564
5564
5564
5564
5564
5564
5564
5564
5564
5564
5564
5564
5564
5570
5570
5570
5570
5570
5570
5570
5570
5569
5569
5569
5564
5564
5564
5564
5564
5564
5564
5564
5564
5564
5571
5564
5564
5564
5564
5564
5564
5564
5564
5564
5564
5564
5564
5564
5564
5564
5564
5564
5564
5564
5564
5564
5564
5585
5576
5565
5565
5565
5565
5565
5565
5565
5565
5564
5564
5564
5564
5564
5564
5564
5567
5567
5570
5570
5564
5564
5564
5564
5564
5564
5564
5564
5564
5564
5564
5564
5564
5564
5564
5564
5564
5564
5564
5564
5564
5568
5568
5564
5564
5564
5564
5564
5564
5564
5564
5564
5564
5564
5564
5564
5564
5564
5564
5564
5564
5564
5564
5564
5564
5564
5564
5564
5564
5564
5564
5564
5564
5564
5564
5564
5564
5564
5564
5564
5564
5564
5564
5564
5564
5564
5564
5564
5564
5564
5564
5564
5564
5564
5564
5564
5564
5564
5564
5564
5564
5564
5564
5564
5564
5566
5568
5566
5566
5566
5566
5566
5566
5566
5566
5566
5566
5566
5564
5564
5564
5564
5564
5564
5564
5564
5564
5564
5564
5564
5564
5565
5565
5565
5565
5565
5565
5565
5565
5565
5565
5565
5565
5564
5564
5564
5564
5564
5564
5564
5564
5564
5564
5564
5564
5564
5564
5564
5564
5564
5564
5564
5564
5564
5564
5564
5564
5564
5564
5564
5564
5564
5564
5564
5564
5564
5564
5564
5564
5564
5564
5564
5564
5564
5564
5564
5564
5564
5564
5564
5564
5564
5564
5564
5564
5564
5568
5568
5568
5568
5568
5568
5564
5564
5564
5564
5564
5564
5564
5564
5564
5564
5564
5564
5564
5564
5564
5564
5564
5564
5564
5564
5564
5564
5564
5564
5564
5564
5564
5564
5564
5564
5564
5564
5564
5564
5564
5564
5564
5564
5564
5564
5564
5564
5564
5564
5564
5564
5564
5564
5564
5564
5564
5564
5564
5564
5564
5564
5564
5564
5564
5564
5564
5564
5564
5564
5564
5564
5564
5564
5564
5564
5564
5564
5564
5564
5564
5564
5564
5564
5564
5564
5564
5564
5564
5565
5565
5565
5565
5565
5565
5565
5565
5565
5566
5564
5564
5564
5564
5564
5564
5564
5564
5564
5564
5564
5564
5568
5568
5568
5568
5568
5564
5564
5564
5564
5564
5564
5564
5564
5564
5564
5564
5564
5564
5564
5564
5564
5564
5564
5564
5564
5564
5564
5564
5564
5564
5564
5564
5564
5564
5564
5564
5564
5564
5564
5564
5564
5564
5564
5564
5564
5564
5564
5564
5564
5564
5564
5564
5564
5564
5564
5564
5564
5564
5564
5564
5564
5564
5564
5564
5564
5564
5564
5564
5564
5564
5564
5569
5564
5564
5564
5564
5564
5564
5566
5566
5566
5566
5566
5566
5566
5566
5566
5566
5566
5566
5566
5566
5566
5566
5566
5566
5566
5566
5566
5566
5566
5566
5566
5566
5566
5566
5566
5566
5566
5566
5566
5566
5568
5568
5568
5568
5568
5568
5568
5568
5568
5568
5566
5566
5566
5566
5566
5566
5566
5566
5566
5566
5566
5566
5566
5566
5566
5566
5566
5566
5566
5566
5566
5566
5566
5566
5566
5566
5566
5566
5566
5566
5566
5566
5566
5566
5566
5566
5566
5566
5566
5566
5566
5566
5566
5566
5566
5566
5566
5566
5566
5566
5566
5566
5566
5566
5566
5566
5566
5566
5566
5566
5566
5566
5566
5566
5566
5566
5566
5566
5566
5566
5566
5566
5566
5566
5566
5566
5566
5566
5566
5566
5566
5566
5566
5566
5566
5566
5566
5566
5566
5566
5566
5566
5566
5569
5569
5578
5578
5578
5578
5578
5578
5578
5578
5578
5575
5575
5575
5575
5575
5575
5566
5566
5566
5566
5566
5564
5564
5564
5564
5564
5564
5564
5564
5564
5564
5564
5564
5564
5564
5564
5564
5564
5564
5564
5564
5564
5564
5564
5564
5564
5564
5564
5564
5564
5573
5573
5573
5573
5564
5564
5564
5564
5564
5564
5564
5564
5564
5569
5569
5569
5569
5569
5569
5564
5564
5564
5564
5564
5564
5564
5564
5564
5564
5564
5564
5564
5564
5564
5564
5564
5564
5564
5564
5564
5564
5564
5564
5564
5564
5564
5564
5564
5564
5565
5564
5564
5564
5564
5564
5564
5564
5564
5564
5564
5564
5564
5564
5564
5564
5564
5564
5564
5564
5564
5564
5564
5564
5564
5564
5564
5564
5564
5564
5564
5567
5567
5567
5567
5564
5564
5564
5564
5564
5564
5564
5564
5564
5564
5564
5564
5564
5564
5564
5564
5564
5564
5564
5564
5564
5564
5564
5564
5564
5564
5564
5564
5564
5564
5564
5564
5564
5564
5564
5575
5575
5564
5564
5564
5564
5564
5564
5564
5564
5564
5564
5564
5564
5564
5564
5564
5564
5564
5564
5564
5564
5564
5564
5564
5564
5564
5564
5564
5564
5564
5564
5564
5564
5564
5564
5564
5564
5564
5564
5564
5564
5564
5564
5564
5564
5564
5564
5564
5564
5564
5564
5564
5564
5564
5564
5564
5564
5564
5564
5564
5564
5564
5564
5564
5564
5564
5564
5564
5564
5564
5564
5564
5564
5564
5564
5564
5564
5564
5564
5564
5564
5564
5564
5564
5564
5564
5564
5564
5564
5564
5564
5564
5564
5564
5564
5564
5564
5564
5564
5564
5564
5564
5564
5564
5564
5564
5564
5564
5564
5564
5564
5564
5564
5564
5564
5564
5564
5564
5564
5564
5564
5564
5564
5564
5564
5564
5564
5564
5564
5564
5564
5564
5564
5564
5564
5564
5564
5564
5564
5564
5564
5564
5564
5564
5564
5564
5564
5564
5564
5564
5564
5564
5564
5564
5564
5564
5564
5564
5564
5564
5564
5564
5564
5564
5564
5564
5564
5564
5564
5564
5564
5564
5564
5564
5564
5564
5564
5564
5564
5564
5564
5564
5564
5564
5564
5564
5564
5564
5564
5564
5564
5564
5564
5564
5564
5564
5564
5564
5564
5564
5564
5564
5564
5564
5564
5564
5564
5564
5564
5564
5564
5564
5564
5564
5564
5564
5564
5564
5564
5564
5564
5564
5564
5564
5564
5564
5564
5564
5564
5564
5564
5564
5564
5564
5564
5564
5564
5564
5564
5564
5564
5564
5564
5564
5564
5564
5564
5564
5564
5564
5564
5564
5564
5564
5564
5564
5564
5564
5564
5564
5564
5564
5564
5564
5564
5564
5564
5564
5564
5564
5564
5564
5564
5564
5564
5564
5564
5564
5564
5564
5564
5564
5564
5564
5564
5564
5564
5564
5564
5564
5564
5564
5564
5564
5564
5564
5564
5564
5564
5564
5564
5564
5564
5565
5565
5565
5565
5565
5565
5565
5565
5565
5565
5564
5564
5564
5564
5564
5564
5564
5564
5564
5564
5564
5564
5564
5564
5564
5564
5564
5564
5564
5564
5564
5564
5564
5564
5564
5564
5569
5569
5569
5569
5564
5564
5564
5564
5564
5564
5564
5564
5564
5564
5564
5564
5564
5564
5564
5564
5564
5564
5564
5564
5564
5564
5564
5564
5564
5564
5564
5564
5564
5564
5564
5564
5564
5564
5564
5564
5564
5564
5564
5564
5564
5564
5564
5564
5564
5564
5564
5564
5564
5564
5564
5564
5564
5564
5564
5564
5564
5564
5564
5564
5564
5564
5564
5564
5564
5564
5564
5564
5564
5564
5564
5564
5564
5564
5564
5564
5564
5564
5564
5564
5564
5564
5564
5564
5564
5564
5564
5564
5564
5564
5564
5564
5564
5564
5564
5564
5564
5564
5564
5564
5564
5564
5564
5564
5568
5568
5564
5564
5564
5564
5564
5564
5564
5564
5564
5564
5564
5564
5564
5564
5564
5564
5564
5564
5564
5564
5564
5564
5564
5564
5564
5564
5564
5564
5564
5564
5564
5564
5564
5564
5564
5564
5564
5564
5564
5564
5564
5564
5564
5564
5564
5564
5564
5564
5564
5564
5564
5564
5564
5564
5564
5564
5564
5564
5564
5564
5564
5564
5564
5564
5564
5564
5564
5564
5564
5564
5564
5564
5564
5564
5564
5564
5564
5564
5564
5564
5564
5564
5564
5564
5564
5564
5564
5564
5564
5564
5564
5564
5564
5564
5564
5564
5564
5564
5564
5564
5564
5564
5564
5564
5564
5564
5564
5564
5564
5564
5564
5564
5564
5564
5566
5564
5564
5564
5564
5564
5564
5564
5564
5564
5564
5564
5564
5564
5564
5564
5564
5564
5564
5564
5564
5564
5564
5564
5564
5564
5564
5564
5564
5564
5564
5564
5564
5564
5564
5564
5564
5564
5564
5564
5564
5564
5564
5564
5564
5564
5564
5564
5564
5564
5569
5569
5564
5564
5564
5564
5564
5564
5564
5564
5564
5564
5564
5564
5564
5564
5564
5564
5564
5564
5564
5564
5564
5564
5564
5564
5564
5564
5564
5564
5564
5564
5571
5571
5571
5571
5564
5564
5564
5564
5564
5564
5564
5564
5564
5564
5564
5564
5564
5564
5564
5564
5564
5564
5564
5564
5564
5564
5564
5564
5564
5564
5564
5564
5564
5564
5564
5564
5564
5564
5564
5564
5564
5564
5564
5564
5564
5564
5564
5564
5564
5564
5564
5564
5564
5564
5564
5564
5564
5564
5564
5564
5564
5564
5564
5564
5568
5568
5568
5568
5568
5568
5568
5568
5568
5568
5568
5567
5567
5567
5567
5567
5567
5567
5567
5567
5567
5567
5567
5567
5567
5567
5567
5567
5567
5568
5567
5567
5567
5567
5567
5567
5567
5567
5567
5567
5567
5572
5572
5572
5572
5572
5572
5572
5572
5572
5572
5572
5572
5572
5572
5572
5572
5572
5572
5572
5572
5573
5573
5573
5573
5573
5573
5573
5573
5573
5573
5573
5573
5573
5573
5573
5573
5573
5573
5573
5573
5565
5566
5566
5566
5566
5566
5566
5566
5566
5566
5565
5565
5565
5565
5565
5565
5565
5565
5565
5566
5566
5566
5566
5566
5566
5566
5566
5566
5566
5566
5577
5566
5566
5566
5566
5566
5566
5566
5566
5566
5566
5566
5566
5566
5566
5566
5566
5566
5566
5566
5566
5566
5566
5566
5566
5565
5565
5565
5565
5565
5565
5565
5565
5565
5565
5565
5565
5565
5565
5565
5565
5565
5565
5565
5565
5565
5565
5565
5565
5565
5565
5565
5565
5565
5565
5565
5565
5565
5565
5565
5565
5565
5565
5565
5566
5566
5566
5566
5566
5566
5566
5566
5566
5566
5566
5566
5566
5566
5566
5566
5566
5566
5566
5566
5566
5566
5566
5566
5566
5566
5566
5566
5566
5566
5564
5564
5564
5564
5564
5564
5564
5564
5566
5566
5566
5566
5566
5566
5566
5566
5566
5566
5571
5566
5566
5566
5566
5573
5573
5573
5577
5577
5577
5577
5577
5566
5566
5566
5566
5566
5566
5566
5566
5566
5566
5566
5566
5566
5566
5566
5566
5565
5565
5565
5565
5565
5565
5565
5565
5565
5565
5565
5565
5565
5565
5565
5565
5565
5565
5565
5565
5565
5565
5565
5565
5565
5565
5565
5565
5565
5565
5565
5565
5565
5565
5565
5565
5565
5565
5565
5565
5565
5565
5565
5565
5565
5565
5565
5565
5565
5565
5565
5565
5565
5565
5565
5565
5565
5565
5565
5565
5565
5565
5565
5565
5565
5565
5565
5565
5565
5565
5565
5565
5565
5565
5565
5565
5565
5565
5565
5565
5565
5565
5565
5565
5565
5565
5565
5565
5565
5565
5565
5565
5565
5565
5565
5565
5565
5565
5565
5565
5565
5565
5565
5565
5565
5565
5565
5565
5565
5565
5565
5565
5565
5565
5565
5565
5565
5565
5565
5565
5565
5565
5565
5565
5565
5565
5565
5565
5565
5565
5565
5565
5565
5565
5565
5569
5570
5570
5570
5570
5572
5570
5570
5570
5570
5570
5570
5570
5570
5570
5570
5570
5570
5570
5570
5570
5570
5570
5570
5570
5570
5570
5570
5570
5570
5570
5570
5570
5570
5570
5570
5570
5570
5570
5570
5570
5570
5565
5565
5565
5565
5565
5565
5565
5565
5565
5565
5565
5565
5565
5565
5565
5565
5565
5565
5565
5564
5564
5564
5564
5564
5564
5564
5564
5564
5564
5564
5564
5564
5564
5564
5564
5564
5564
5564
5564
5564
5564
5564
5564
5564
5564
5564
5564
5564
5564
5564
5564
5564
5564
5564
5564
5564
5564
5564
5564
5564
5564
5564
5564
5564
5564
5564
5564
5564
5564
5564
5564
5564
5564
5564
5564
5564
5564
5564
5564
5564
5564
5564
5564
5564
5564
5564
5564
5564
5564
5564
5564
5564
5564
5564
5564
5564
5564
5564
5564
5564
5564
5564
5564
5564
5564
5564
5564
5564
5564
5564
5564
5564
5564
5564
5564
5564
5564
5564
5564
5564
5564
5564
5564
5564
5564
5564
5564
5564
5564
5564
5564
5564
5564
5564
5564
5564
5564
5564
5564
5564
5564
5564
5564
5564
5564
5564
5564
5564
5564
5564
5564
5565
5565
5570
5570
5570
5570
5570
5570
5570
5570
5570
5570
5570
5568
5568
5568
5568
5568
5568
5568
5568
5568
5568
5568
5568
5568
5568
5568
5568
5568
5568
5568
5568
5568
5568
5568
5568
5568
5568
5568
5568
5568
5568
5564
5564
5564
5564
5564
5564
5564
5564
5564
5564
5564
5564
5564
5564
5564
5564
5564
5564
5564
5564
5564
5564
5564
5564
5564
5564
5564
5564
5564
5564
5564
5564
5564
5564
5564
5564
5564
5564
5564
5564
5564
5564
5564
5564
5564
5564
5564
5564
5564
5564
5564
5564
5564
5564
5564
5564
5564
5564
5564
5564
5564
5564
5564
5564
5564
5564
5564
5564
5564
5564
5564
5564
5564
5564
5564
5564
5564
5564
5564
5564
5564
5564
5564
5564
5564
5564
5564
5564
5564
5564
5564
5564
5564
5564
5564
5564
5564
5564
5564
5564
5564
5564
5564
5564
5564
5564
5564
5564
5564
5564
5564
5564
5564
5564
5564
5564
5564
5567
5567
5567
5567
5567
5567
5567
5567
5567
5567
5567
5567
5567
5567
5567
5567
5567
5567
5567
5567
5567
5567
5567
5567
5567
5567
5567
5567
5567
5567
5567
5567
5567
5567
5567
5567
5567
5567
5564
5564
5564
5564
5564
5564
5564
5564
5564
5564
5564
5564
5564
5564
5564
5564
5564
5564
5564
5564
5564
5564
5564
5564
5564
5564
5564
5564
5564
5564
5564
5564
5564
5564
5564
5564
5564
5564
5564
5564
5564
5564
5564
5564
5564
5564
5572
5572
5572
5572
5572
5572
5572
5572
5572
5574
5574
5574
5574
5574
5574
5574
5574
5574
5574
5574
5574
5571
5571
5571
5571
5571
5568
5568
5568
5568
5568
5568
5564
5564
5564
5564
5564
5564
5564
5564
5564
5564
5564
5564
5564
5564
5564
5564
5564
5564
5564
5564
5564
5564
5564
5564
5565
5565
5565
5565
5565
5565
5574
5574
5574
5574
5574
5574
5574
5574
5574
5573
5573
5573
5574
5574
5574
5574
5574
5574
5574
5574
5573
5573
5573
5573
5573
5579
5579
5579
5579
5579
5579
5579
5579
5579
5579
5579
5579
5579
5579
5579
5579
5579
5579
5579
5564
5564
5564
5564
5564
5564
5564
5564
5564
5564
5564
5564
5564
5564
5564
5564
5564
5564
5564
5564
5564
5564
5564
5569
5569
5569
5569
5569
5569
5569
5569
5569
5569
5569
5569
5569
5569
5564
5564
5564
5564
5564
5564
5564
5564
5564
5564
5564
5564
5564
5564
5564
5564
5564
5564
5564
5564
5564
5564
5564
5564
5564
5564
5564
5564
5564
5564
5568
5568
5568
5568
5568
5568
5568
5568
5568
5568
5568
5568
5568
5564
5564
5564
5564
5564
5564
5564
5564
5564
5564
5564
5564
5564
5564
5564
5564
5564
5564
5564
5564
5564
5564
5564
5564
5564
5564
5564
5564
5564
5564
5564
5564
5564
5564
5564
5564
5564
5564
5564
5564
5564
5564
5564
5564
5564
5564
5564
5564
5568
5568
5568
5568
5568
5568
5564
5564
5564
5564
5564
5564
5564
5564
5564
5564
5564
5564
5564
5564
5564
5564
5564
5564
5564
5564
5564
5564
5564
5564
5564
5564
5564
5568
5568
5568
5568
5568
5568
5571
5571
5571
5571
5571
5571
5571
5571
5571
5571
5571
5571
5571
5571
5571
5571
5571
5571
5571
5571
5571
5564
5564
5569
5569
5564
5564
5564
5564
5564
5564
5564
5564
5564
5564
5564
5564
5564
5564
5564
5564
5564
5564
5564
5564
5564
5564
5564
5564
5564
5564
5564
5564
5564
5564
5564
5564
5564
5564
5564
5564
5564
5564
5564
5564
5564
5564
5564
5564
5564
5564
5564
5564
5564
5564
5564
5564
5564
5564
5564
5564
5564
5564
5564
5564
5564
5564
5565
5565
5565
5565
5565
5565
5565
5565
5565
5570
5565
5565
5565
5565
5565
5565
5565
5564
5564
5564
5564
5564
5564
5564
5564
5564
5564
5564
5564
5564
