6202
6202
6288
6199
6189
6154
6150
6204
6197
6177
6316
6147
6216
6142
6141
6236
6257
6309
6280
6176
6197
6226
6240
6210
6210
6228
6242
6292
6243
6243
6262
6215
6193
6185
6191
6191
6193
6194
6084
6116
5997
6088
6017
6032
6084
6085
6027
6052
6028
6057
6057
6114
6092
6092
6092
6117
6117
6117
6056
6038
6000
5993
5980
5997
5960
6003
6014
6091
6076
6005
6036
6021
5952
5910
5858
5870
5897
5881
5881
5900
5969
5881
5881
5881
5881
5881
5881
5881
5905
5961
5961
5969
5969
5969
5969
5969
5969
5921
5907
5954
5956
5936
5963
5993
5984
5962
6054
6054
6054
6051
6051
6069
6080
5997
6045
6020
6005
6057
6047
6031
6014
5981
5981
5984
6026
6026
6026
6026
5998
6143
6147
6199
6199
6199
6199
6241
6241
6222
6178
6161
6161
6173
6280
6262
6262
6243
6243
6243
6154
6154
6187
6198
6292
6284
6284
6268
6268
6270
6297
6276
6203
6192
6112
6112
6112
6263
6263
6230
6066
6064
6064
6131
6092
6068
6154
6060
6089
6146
6251
6251
6179
6120
6284
6284
6284
6267
6302
6233
6203
6217
6283
6283
6283
6283
6283
6283
6283
6297
6312
6312
6312
6312
6233
6233
6233
6236
6309
6371
6290
6290
6290
6300
6300
6339
6323
6266
6278
6216
6216
6138
6138
6064
6064
6061
6061
6094
6041
6043
6043
6043
5934
5934
5967
5933
5933
6004
5939
5939
5939
5939
5939
5939
5926
5936
5936
5961
5961
6046
6069
6058
6013
6061
6184
6127
6115
6115
6126
6208
6155
6130
6002
5999
6044
6044
5996
6013
5916
5927
5938
5988
6017
6021
6062
6145
6145
6095
6042
6016
6091
6022
6033
6083
5956
5956
5956
5956
5968
6018
5923
5912
5880
5881
5881
5880
5955
5999
5999
5999
6066
6066
6066
5962
6023
6048
5995
5995
5961
5961
5961
5970
5983
5983
5983
5983
5971
5971
5971
5971
5951
6004
6015
5951
6028
6040
6040
6023
6001
6004
5942
5942
6091
6091
6099
6018
5956
5959
5980
5980
6076
6114
6114
6041
6157
6136
6178
6145
6123
6123
6123
6072
6097
6195
6238
6170
6164
6130
6125
6142
6142
6142
6095
6095
6144
6144
6129
6139
6119
6119
6204
6204
6273
6248
6218
6204
6193
6193
6221
6221
6221
6218
6230
6169
6169
6169
6169
6119
6161
6229
6229
6284
6284
6237
6237
6283
6356
6281
6281
6275
6356
6423
6423
6366
6347
6347
6347
6316
6250
6250
6246
6246
6276
6228
6228
6228
6228
6207
6207
6154
6151
6168
6198
6228
6185
6185
6230
6230
6164
6164
6121
6053
6142
6068
6141
6141
6080
6071
6071
6071
5969
5969
5969
5969
5993
5961
5889
5971
5949
5954
5949
6050
6050
6106
5984
5984
5984
6016
5944
5944
5894
5894
5861
5846
5846
5933
5981
5981
5936
5936
5936
5936
5883
5883
5883
5883
5790
5787
5787
5787
5787
5790
5790
5790
5792
5804
5838
5808
5814
5790
5790
5790
5790
5790
5826
5826
5826
5826
5803
5810
5859
5871
5879
5891
5891
5916
5849
5932
5970
5990
5990
5990
6038
6038
5962
5962
6015
6055
6104
6027
6040
6134
6111
6117
6139
6117
6139
6225
6225
6249
6217
6133
6241
6311
6311
6212
6206
6206
6206
6182
6204
6241
6228
6260
6260
6315
6315
6294
6213
6145
6127
6086
6047
6047
6047
6047
6047
6029
6010
6001
5974
5994
5994
6108
6108
5967
5958
5953
6120
6104
6136
6136
6193
6193
6241
6171
6225
6259
6232
6232
6241
6184
6207
6175
6217
6212
6144
6228
6228
6237
6170
6193
6193
6221
6213
6213
6253
6295
6262
6339
6300
6279
6225
6227
6177
6108
6108
6108
6124
6061
6081
6081
6145
6053
6058
6119
6143
6128
6085
6085
6085
6050
6043
6043
6081
6126
6126
6069
6069
6119
6119
6168
6100
6150
6106
6106
6106
6133
6092
6109
6149
6073
6073
6077
6083
6031
6065
6115
6115
6100
6113
6094
6010
6036
6081
6154
6187
6200
6255
6255
6255
6298
6327
6302
6352
6395
6345
6285
6266
6289
6261
6294
6272
6339
6339
6366
6462
6425
6450
6419
6438
6439
6439
6461
6461
6483
6483
6448
6448
6536
6509
6509
6509
6545
6545
6636
6647
6550
6550
6614
6628
6539
6545
6508
6485
6485
6546
6502
6476
6471
6491
6442
6475
6451
6478
6478
6492
6492
6502
6515
6456
6456
6378
6273
6236
6236
6233
6150
6150
6189
6179
6152
6152
6152
6152
6146
6137
6215
6215
6226
6187
6282
6425
6425
6403
6403
6403
6401
6416
6391
6286
6286
6248
6256
6239
6287
6278
6246
6246
6218
6264
6261
6195
6195
6195
6269
6269
6230
6272
6305
6262
6262
6248
6260
6234
6234
6281
6215
6215
6189
6189
6168
6168
6172
6172
6172
6174
6154
6162
6047
6103
6091
6019
6019
6019
6079
6096
6069
6009
5998
5942
5978
5964
5964
5967
5967
6079
6131
6049
6091
6091
6091
6035
6038
6033
6033
6047
6129
6192
6186
6226
6190
6190
6094
6094
6094
6091
6091
6126
6221
6221
6272
6272
6272
6272
6315
6315
6315
6256
6177
6119
6111
6129
6129
6129
6129
6129
6192
6192
6260
6213
6213
6213
6213
6213
6233
6190
6220
6194
6194
6153
6133
6126
6126
6131
6176
6131
6176
6199
6205
6205
6168
6168
6042
6064
6052
6052
6029
6086
6084
6084
6084
6068
6168
6150
6157
6157
6151
6133
6113
6113
6145
6145
6145
6145
6112
6092
6058
6071
6071
6071
6086
6079
6079
6079
6093
6128
6171
6163
6161
6161
6146
6105
6105
6091
6072
6064
6015
6084
6084
6101
6050
6031
6031
6007
6035
6164
6131
6131
6139
6155
6057
5984
5984
6087
6087
6053
6053
6030
5953
5953
5946
5946
6015
6051
6051
6012
6002
6002
6035
6004
6027
6054
6065
6065
6063
6058
6058
6042
6042
6019
5988
5984
6005
6005
6017
6017
6050
6037
6059
6059
6092
6108
6097
6097
6104
6104
6104
6104
6104
6184
6184
6184
6246
6167
6123
6096
6096
6088
6088
6100
6100
6091
6111
6073
6073
6030
6050
6050
6058
6058
6058
6058
6090
6114
6114
6058
6058
6058
6058
5999
6122
6166
6235
6235
6237
6206
6206
6291
6346
6346
6346
6346
6348
6391
6352
6352
6340
6340
6340
6408
6408
6408
6408
6373
6373
6373
6373
6312
6333
6241
6205
6067
6067
6022
6090
6018
6043
6040
6040
6040
5972
5989
5989
5986
6074
6080
5987
6022
6022
5996
5996
5987
5969
5969
5970
6007
6057
6062
5998
5952
5851
5869
5897
5893
5893
5893
5870
5870
5898
5898
5898
5898
5898
5898
5898
5900
5916
5959
5959
5959
5959
6035
6114
6114
6114
6078
6081
6151
6195
6240
6196
6260
6313
6280
6280
6283
6218
6104
6098
6098
6080
6116
6115
6117
6153
6211
6179
6191
6178
6197
6079
5985
5985
5985
5993
5955
5941
5941
5956
6022
6032
6032
6126
6116
6116
6131
6112
6034
6034
6026
6026
6009
6028
6051
6063
6093
6098
6098
6098
6134
6134
6131
6125
6125
6209
6196
6300
6300
6344
6319
6240
6103
6166
6156
6156
6152
6152
6086
6086
6076
6076
6076
5975
5941
5913
5931
5903
5861
5897
5886
5886
5933
5933
5924
5938
5938
5938
5929
5910
5987
5987
6035
6035
6035
6035
6035
5960
5960
5968
5968
6005
6005
6005
6005
6005
6005
5996
5937
5937
5930
5930
5930
5930
5930
5930
5930
5900
5822
5822
5822
5927
5981
6034
6034
5929
6040
6040
6040
5994
5994
5966
5966
5993
5953
5953
5953
5953
5881
5809
5762
5762
5762
5815
5820
5867
5825
5846
5822
5822
5822
5798
5797
5797
5756
5760
5753
5786
5843
5930
5930
6057
6129
6129
6176
6284
6284
6225
6225
6134
6134
6098
6080
6080
6080
6098
6098
6157
6157
6196
6215
6272
6317
6317
6307
6271
6227
6263
6271
6309
6309
6340
6340
6396
6391
6399
6309
6324
6324
6324
6247
6193
6110
6190
6190
6190
6241
6172
6179
6235
6199
6199
6114
6067
6049
6049
6049
6130
6223
6267
6267
6211
6211
6180
6180
6063
6147
6104
6104
6141
6208
6126
6029
6101
6207
6155
6155
6154
6154
6135
6135
6166
6113
6113
6046
6046
6010
6029
6091
6134
6081
6003
6112
6098
6098
6098
6120
6195
6195
6179
6152
6177
6151
6067
6042
6054
6138
6138
6124
6136
6256
6249
6295
6283
6283
6252
6270
6300
6300
6300
6300
6316
6275
6316
6316
6344
6414
6332
6335
6378
6378
6378
6378
6378
6378
6338
6311
6286
6228
6228
6228
6286
6286
6286
6290
6290
6298
6298
6366
6366
6345
6370
6370
6414
6358
6308
6308
6362
6286
6356
6356
6418
6435
6435
6369
6371
6311
6311
6271
6271
6216
6220
6185
6185
6194
6194
6283
6283
6283
6283
6313
6235
6235
6235
6187
6092
6051
6051
6031
6165
6145
6127
6017
5976
5976
5971
5971
5939
6014
6014
6017
6017
6023
6003
6003
6003
5995
5973
5973
5894
5894
5815
5815
5815
5791
5791
5791
5826
5791
5791
5739
5768
5753
5841
5774
5774
5774
5774
5719
5703
5703
5658
5658
5704
5836
5863
5863
5898
5898
5927
5927
5927
5918
5918
5950
5957
5939
5939
5967
5954
5951
5963
5972
5972
5972
6015
6015
6015
6006
6015
6015
6041
6011
5997
5950
6006
6006
6002
6129
6131
6131
6056
6123
6170
6170
6170
6136
6095
6076
6059
6051
6147
6147
6089
6102
6121
6121
6134
6128
6136
6169
6284
6261
6201
6181
6233
6233
6243
6168
6201
6266
6357
6384
6405
6421
6440
6372
6295
6246
6236
6286
6262
6196
6215
6196
6260
6260
6259
6243
6243
6243
6309
6288
6367
6379
6345
6345
6246
6215
6206
6136
6136
6082
6082
6131
6186
6186
6137
6125
6184
6184
6184
6184
6294
6294
6369
6369
6354
6404
6404
6404
6381
6384
6384
6384
6442
6435
6435
6452
6345
6346
6347
6320
6295
6295
6295
6288
6288
6196
6220
6161
6118
6118
6138
6138
6089
6089
6089
6164
6191
6191
6191
6191
6122
6100
6081
6081
6081
5986
6000
6000
6001
6001
5991
6028
6029
6000
6000
6000
6000
6074
6148
6092
6062
6101
6120
6120
6144
6201
6201
6198
6261
6261
6239
6239
6175
6189
6173
6087
6087
6087
6087
6109
6073
6120
6076
6118
6118
6055
6088
6088
6103
6103
6044
6092
6092
6136
6136
6136
6136
6136
6172
6144
6097
6097
6103
6162
6141
6141
6125
6125
6065
6168
6134
6056
6123
6105
6053
5999
5999
5999
5999
5999
5999
5982
6011
5953
5948
5948
5958
5992
5992
5936
5913
5913
5931
5931
5931
5848
5914
5914
5914
5888
5888
5913
5888
5882
5925
5929
5892
5806
5813
5813
5871
5871
5863
5876
5876
5874
5977
5977
5956
5956
5882
5906
5906
5818
5818
5818
5856
5819
5819
5830
5867
5781
5781
5856
5856
5839
5882
5922
5922
5937
5937
5892
5791
5764
5764
5851
5851
5910
5985
5932
5932
5902
5920
5875
5937
6004
6004
6004
6004
6004
6019
5992
5987
5987
6030
6030
6096
6095
6095
6076
6102
6134
6152
6152
6157
6157
6222
6235
6235
6163
6216
6216
6216
6191
6231
6208
6217
6217
6249
6170
6149
6068
6012
6012
6012
6032
6016
6005
6005
6013
5973
5975
5975
5975
6062
6062
6068
6000
6048
6016
6021
5920
5920
5920
5916
5876
5894
5880
5886
5959
5968
5967
5967
5967
6030
6054
6092
6043
6055
6113
6194
6126
6126
6035
6127
6158
6158
6158
6072
6022
5963
6023
6023
6025
6111
6181
6181
6122
6049
5952
5986
5986
5989
5989
6025
6011
5987
5987
5987
6025
5972
5974
5940
5940
5976
5967
6004
6074
5986
5999
5943
5999
5885
5887
5915
5961
5874
5973
5973
5982
6016
5984
5987
5998
5998
5997
5994
5994
5964
5953
6009
6009
6013
5962
5995
5999
5967
5960
5960
5962
5932
5915
5915
5916
5916
5917
5934
6040
5950
5950
6007
6035
6042
6042
6109
6057
6120
6084
6161
6249
6179
6179
6231
6223
6223
6150
6065
6038
5978
5978
5894
5894
5908
5908
5908
5962
5990
5990
5990
5963
5871
5871
5920
5920
5911
5903
5871
5871
5871
5871
5890
5794
5775
5774
5711
5696
5710
5710
5722
5810
5810
5810
5871
5871
5871
5878
5879
5879
5880
5877
5877
5910
5910
5910
5910
5910
5910
5910
5910
5910
5910
5947
5947
5947
5977
5977
5951
5869
5869
5869
5909
5909
5909
5909
5909
5859
5859
5859
5859
5859
5892
5935
5935
5935
5935
5856
5856
5856
5877
5846
5846
5846
5846
5941
5941
5941
5880
5880
5880
5825
5850
5834
5871
5871
5871
5881
5881
5854
5752
5761
5761
5660
5680
5680
5680
5730
5844
5863
5863
5842
5842
5821
5811
5809
5833
5813
5840
5796
5863
5847
5812
5811
5927
5853
5802
5773
5773
5773
5787
5791
5772
5763
5751
5740
5700
5700
5700
5700
5700
5706
5706
5775
5789
5744
5752
5830
5809
5809
5809
5806
5900
5900
5901
5882
5961
5947
5924
5973
5967
5983
5983
6031
6053
6078
6020
6020
6012
5997
5959
5932
5932
5948
5940
5909
5893
5898
5871
5913
5880
5927
5931
5983
5993
5981
5981
5981
5981
5981
5945
5934
5896
5927
5927
5916
5968
5968
6013
6084
6081
6081
6081
6093
6096
6096
6123
6046
5997
5984
6037
6037
6037
6024
6020
6020
6050
6011
6011
6008
6052
6051
6051
6034
6055
6051
6051
6074
6085
6152
6102
6052
6052
6080
6113
6188
6099
6099
6067
6067
6067
6087
6063
5999
5999
5956
5956
5955
5956
5940
5940
5940
5938
5936
5936
5921
6023
6013
5957
5928
5928
5928
5959
6045
6025
6075
6037
6037
6037
5951
5951
5951
5922
5922
5900
5959
5959
5845
5845
5845
5904
5848
5848
5848
5900
5900
5900
5900
5900
5892
5922
5965
5965
5971
5939
5915
5865
5917
5933
5933
5933
5899
5899
5887
5827
5827
5827
5827
5833
5833
5833
5862
5774
5779
5774
5774
5774
5795
5795
5795
5795
5795
5857
5857
5857
5827
5795
5756
5699
5741
5741
5728
5706
5790
5730
5707
5699
5680
5680
5680
5708
5767
5767
5767
5744
5744
5805
5782
5870
5870
5829
5877
5815
5815
5840
5826
5830
5826
5826
5826
5826
5826
5866
5888
5867
5956
5979
5979
6010
6010
6093
6079
6079
6079
6079
6125
6125
6070
5971
5915
5848
5848
5848
5868
5848
5848
5863
5848
5848
5854
5854
5854
5848
5848
5848
5848
5894
5913
5913
5903
5903
5876
5876
5926
5865
5877
5865
5865
5865
5865
5929
6007
6007
6007
6007
6007
5970
5970
6022
5981
5829
5829
5829
5829
5835
5872
5864
5864
5915
5915
5879
5879
5879
5898
5898
5898
5914
5879
5926
5949
5987
5991
5991
5985
5997
6050
6086
6086
6128
6128
6128
6128
6126
6128
6162
6162
6220
6220
6278
6278
6280
6297
6227
6195
6217
6220
6200
6200
6186
6237
6199
6235
6211
6214
6214
6224
6203
6182
6165
6165
6190
6190
6224
6222
6204
6204
6222
6222
6266
6266
6266
6266
6263
6326
6280
6276
6331
6331
6337
6329
6329
6359
6321
6321
6321
6263
6263
6221
6246
6338
6336
6336
6336
6337
6311
6242
6174
6109
6122
6122
6088
6149
6149
6149
6173
6138
6099
6099
6101
6058
6108
6155
6169
6201
6201
6201
6168
6278
6339
6339
6280
6280
6280
6268
6283
6283
6154
6154
6154
6154
6154
6098
6104
6104
6104
6158
6079
6022
6079
6059
6059
6151
6120
6166
6147
6177
6208
6240
6293
6297
6262
6267
6267
6170
6052
6066
6021
6014
6014
5997
5966
5966
5966
5948
5993
5931
5872
5872
5872
5872
5872
5872
5872
5872
5872
5878
5878
5847
5847
5875
5910
5851
5894
5846
5846
5841
5841
5843
5841
5841
5841
5852
5878
5878
5892
5892
5841
5870
5930
5930
5930
5916
5938
5920
5937
5931
5948
5948
6005
6005
6005
6005
6005
5988
5967
5967
5978
6009
5974
5916
5916
5916
5969
5969
5969
5969
5992
5992
5992
6029
6086
6094
5955
5955
5955
5955
5952
5952
5890
5890
5890
5884
5895
5909
5909
6044
6003
6003
6003
6024
6024
6024
6024
6020
6028
6028
6028
6028
6028
6028
6074
6073
6028
6029
6029
6123
6075
6075
6075
6071
6065
6065
6089
6089
6072
5989
5989
5989
5997
5997
5997
6013
6097
6157
6157
6157
6084
6103
6129
6171
6340
6361
6289
6244
6243
6274
6274
6274
6274
6285
6287
6287
6288
6288
6299
6245
6229
6190
6152
6206
6193
6135
6116
6093
6093
6063
6063
6063
6063
6063
6054
6064
6027
6063
6064
6140
6140
6085
6083
6083
6148
6148
6148
6157
6102
6102
6038
6002
6002
5929
5907
5907
5907
5883
5908
5917
5917
6067
6067
6067
6119
6119
6044
6054
6055
6055
6039
6015
6015
6013
6042
6042
6042
5987
5959
5959
5959
5990
5990
6094
6094
6118
6118
6131
6177
6177
6169
6117
6117
6139
6039
6039
6039
6008
6008
6014
6003
6042
6107
6076
6145
6060
6060
6076
6109
6061
6061
6114
6114
6114
6085
6085
6066
6090
6056
6098
6098
6110
6168
6225
6162
6154
6089
6107
6095
6171
6194
6123
6044
6044
5900
5900
5900
5900
5905
5957
5972
5968
5888
5888
5900
5900
5888
5888
5888
5924
5924
5995
5923
5904
6004
6004
5978
5978
5980
5980
6004
6004
6004
6030
6030
5988
5988
5943
5943
5943
5943
5943
5943
5943
5943
5943
6030
6030
5930
5935
5935
5961
5907
5907
5907
5908
5908
5869
6033
5967
5967
5967
5967
5943
5903
5903
5885
5877
5947
5947
5988
5988
6011
5981
5931
5926
5874
5855
5882
5919
5919
5919
5920
5920
5920
5920
5920
5920
5920
5922
5922
5919
5935
5907
5926
5933
5972
6022
6039
6039
6039
6036
6036
6068
6029
6015
6015
5984
6014
5991
5980
5980
5980
6017
6017
6017
5999
5991
5991
6011
6037
6073
6149
6046
6046
6078
6056
6032
6009
6009
6009
6067
6063
6163
6146
6146
6276
6276
6276
6169
6249
6249
6249
6249
6261
6278
6278
6300
6300
6294
6294
6294
6196
6096
6096
6095
6026
6026
6027
6027
6033
5901
5901
5902
5926
5933
5932
5932
5932
5968
5989
5963
5963
5976
5943
5927
5968
6013
6013
6013
5976
5976
5967
5939
5939
5945
5973
5973
5966
5891
5894
5894
5894
5883
5883
5988
5988
5988
5988
5988
6005
6005
5958
5958
5958
5999
6032
6066
6057
6057
6057
6075
5971
5971
5979
5979
6034
6070
6070
6080
6080
6119
6119
6092
6102
6102
6102
6102
6102
6116
6116
6080
6080
6080
6080
6018
5977
5977
5933
5942
5934
5934
5974
5974
5956
5923
5877
5877
5877
5877
5877
5888
5888
5860
5860
5914
5914
5914
5914
5914
5946
5956
5911
5911
5913
5897
5907
5907
5907
5940
5940
5943
5974
5990
5990
6010
6092
6152
6152
6111
6084
6075
5999
5999
5988
5906
5906
5929
5875
5875
5875
5880
5880
5892
5892
5920
5952
5952
5952
5932
5934
6034
6042
6042
6042
6042
6042
6042
6135
6176
6114
6114
6114
6114
6156
6221
6221
6221
6236
6282
6292
6292
6252
6159
6159
6159
6159
6182
6221
6241
6241
6241
6178
6224
6224
6213
6214
6266
6217
6214
6348
6330
6350
6300
6247
6181
6221
6174
6230
6230
6230
6161
6155
6155
6155
6155
6155
6169
6149
6149
6149
6149
6121
6121
6060
6060
6087
6049
6049
6089
6079
6011
5967
6034
6034
6034
6034
6010
6026
6026
6026
6026
6017
6046
6046
5950
5995
5995
5992
6042
6042
6030
6060
6041
6041
6041
6041
6041
6028
6028
6065
5942
5965
5958
5958
5958
5956
5956
5956
5956
5956
5956
6057
6069
6069
6140
6140
6115
6115
6074
6074
6074
6064
6064
6052
6052
6040
6040
6028
6028
6100
6016
6044
6108
6108
6078
6078
6050
6050
6050
6117
6054
6054
6030
6030
6022
6035
6006
6030
6030
6014
6020
5939
5939
5962
5951
5878
5878
5807
5807
5814
5814
5814
5856
5856
5855
5848
5848
5845
5918
5909
5909
5911
5865
5844
5853
5886
5886
5822
5822
5822
5822
5871
5871
5858
5858
5858
5869
5869
5887
5887
5871
5840
5870
5870
5870
5870
5945
5982
6054
6017
6017
6161
6161
6161
6167
6142
6102
6102
6085
6085
6036
6036
6036
6036
6036
6036
6046
6030
6030
6030
6030
6030
6031
6031
6031
6031
6031
6031
6124
6124
6129
6129
6060
6011
5995
6033
6033
6055
6055
6055
6011
6011
6016
6011
6053
6053
6053
6053
6034
6050
5993
5927
5936
5936
5932
5909
5940
6002
5996
5996
5996
5996
5996
6006
5964
6014
6057
6057
6057
6057
6057
5998
6039
6039
5984
5984
5957
6027
6027
6024
6104
6080
6080
6061
6061
6061
6061
6061
6061
6061
6016
5958
5958
6005
6005
6005
6005
6023
6023
5857
5857
5923
5922
5916
5903
5903
5897
5897
5942
5942
5909
5903
5900
5900
5900
5892
5892
5892
5853
5899
5926
5939
5953
5953
5976
5976
5976
5977
5961
5961
5951
5951
5974
5936
5934
5962
5962
5962
5962
5962
6027
6021
6009
5944
5885
6006
5984
5975
5969
5844
5844
5854
5854
5891
5935
5897
5868
5868
5943
5943
5968
5968
5959
5974
5975
5994
5938
5943
5943
5983
5966
5918
6035
6035
6035
6035
6035
6019
6015
6003
5992
6015
6015
6070
6128
6119
6178
6178
6178
6113
6185
6185
6185
6231
6304
6304
6304
6304
6298
6298
6323
6255
6270
6270
6223
6223
6212
6242
6250
6250
6250
6143
6090
6100
6140
6140
6104
6104
6074
6074
6074
6074
6027
6027
6027
6051
6051
6039
6039
6059
6059
6059
6003
5996
5991
5928
5958
5958
5993
5952
5942
5958
5958
6041
5994
5994
6008
6007
6019
6018
6030
6078
6119
6130
6097
6038
6072
6072
6094
6094
6094
6094
6094
6063
6002
6033
6033
6033
6033
6033
6033
6033
5962
5962
5962
5987
6042
5975
6016
6003
5966
5947
5890
5890
5830
5834
5895
5895
5874
5874
5874
5896
5896
5896
5896
5883
5881
5881
5881
5881
5896
5872
5925
5925
5925
5925
5798
5798
5805
5798
5825
5850
5877
5877
5917
5917
5938
5877
5885
5885
5885
5894
5783
5800
5779
5779
5789
5789
5762
5814
5816
5785
5797
5788
5761
5762
5845
5821
5821
5821
5815
5815
5815
5815
5815
5803
5771
5771
5771
5771
5771
5771
5771
5771
5771
5746
5774
5746
5746
5746
5746
5746
5691
5691
5691
5667
5670
5731
5713
5713
5713
5722
5722
5837
5739
5719
5756
5756
5756
5756
5756
5812
5855
5855
5871
5880
5880
5880
5880
5880
5880
5816
5816
5848
5858
5866
5867
5867
5867
5894
5888
5917
5954
5954
5917
5884
5901
5891
5807
5807
5790
5867
5897
5897
5897
5897
5915
5915
5909
5838
5866
5866
5929
5902
5966
5966
5906
5999
5999
5962
5962
5962
6008
6008
5999
5957
5957
5957
5994
5981
6055
5967
6009
6012
5964
6024
6024
6043
6043
6041
6052
5999
6051
6099
6099
6109
6083
6154
6154
6145
6160
6160
6160
6080
6080
6080
6100
6100
6100
6078
6078
6078
6078
6073
6056
6067
6067
6100
6083
6083
6083
6083
6083
6083
6083
6083
6108
6108
6108
6067
6124
6136
6139
6139
6139
6134
6134
6134
6088
6054
6065
6065
6065
6076
6077
6038
6072
6063
6063
6041
5954
5954
5992
6012
5939
5928
5928
5985
5985
5985
5985
5985
5994
5994
5949
5988
6083
6083
6054
6116
6140
6003
5958
5958
5988
5988
6084
6038
6007
6007
6033
6033
6033
6033
6033
6033
6030
6030
6062
6062
6062
6035
5985
5985
5950
5950
5950
5950
5925
5925
5925
5916
5914
5893
5893
5893
5893
5914
5914
5914
5914
5926
5926
5954
5954
5954
5960
5960
5960
5960
5918
5949
5857
5947
5947
5971
5971
5971
5971
5971
5971
5897
5916
5916
5912
5913
5874
5939
5961
5961
5961
5945
6004
5888
5888
5952
5952
5952
5952
5928
5970
5970
5970
5970
5970
5970
6071
6099
6099
6099
6099
6099
6082
6040
6062
6053
6084
6084
6112
6112
6081
6118
6118
6161
6161
6180
6180
6086
6188
6195
6164
6164
6234
6234
6164
6164
6127
6094
6142
6136
6136
6117
6127
6103
6103
6194
6194
6183
6166
6167
6195
6284
6284
6284
6311
6298
6260
6242
6242
6254
6253
6303
6303
6307
6318
6318
6380
6430
6412
6359
6359
6329
6329
6235
6163
6193
6180
6203
6259
6124
6124
6153
6185
6185
6328
6329
6329
6384
6302
6212
6262
6262
6262
6262
6250
6252
6252
6208
6214
6156
6152
6152
6152
6092
6092
6095
6095
6084
6151
6107
6107
6027
6027
6070
6070
6013
6074
6022
5915
5878
5858
5887
5887
5887
5974
6008
5999
5999
6003
6048
6054
6054
5977
5977
5948
5948
5948
5971
5971
5971
5904
5904
5883
5883
5923
5887
5839
5839
5839
5839
5891
5866
5866
5937
5876
5876
5876
5876
5876
5845
5845
5845
5869
5869
5869
5922
5922
5922
5922
5950
5914
5908
5908
5896
5874
5874
5874
5874
5895
5895
5926
5926
5872
5812
5835
5839
5812
5815
5815
5812
5812
5835
5835
5835
5835
5835
5835
5835
5835
5835
5814
5827
5827
5827
5827
5827
5894
5894
5894
5894
5887
5887
5884
5872
5826
5826
5826
5925
5892
5892
5892
5892
5892
5892
5892
5892
5892
5892
5892
5892
5892
5892
5892
5984
5984
5984
5984
5984
5984
5948
5979
5979
5944
5944
5944
5944
5944
5944
5944
5944
5870
5870
5870
5870
5870
5870
5854
5827
5810
5878
5878
5852
5876
5876
5876
5876
5839
5856
5810
5810
5810
5835
5835
5835
5835
5868
5868
5851
5851
5851
5851
5851
5851
5837
5855
5769
5807
5822
5822
5822
5822
5822
5822
5822
5822
5822
5877
5877
5881
5881
5841
5841
5841
5841
5907
5815
5815
5816
5816
5816
5816
5816
5816
5816
5875
5881
5872
5872
5872
5908
5893
5893
5893
5940
5913
5913
5919
5919
5919
5919
5919
5919
5919
5919
5919
5919
5919
5881
5881
5881
5881
5881
5867
5867
5867
5867
5870
5938
5938
5953
5947
5947
6027
6041
6061
6061
6072
6084
6126
6045
6045
6037
5980
5980
5980
5980
5980
5980
5980
6006
6006
5946
5946
5946
5941
5985
6014
6014
5961
6009
5987
5987
5987
5987
5990
5924
5924
5924
5908
5909
5909
5909
5945
5936
5936
5936
5936
5936
5936
5891
5875
5878
5878
5878
5878
5895
5907
5941
5941
5941
5941
5941
5941
5941
5941
5986
5986
5986
5986
5986
5986
5986
5986
6064
6064
5992
5992
5975
5975
5989
5989
6028
6028
6028
6028
6028
5995
5976
5976
5985
5975
6024
5984
5984
5927
5961
5973
5973
5973
5973
5973
5973
5976
5963
5963
5963
5963
5963
5963
6000
6000
6000
6000
6000
5967
5967
5967
5967
5967
5964
5958
5924
5924
5926
5926
5926
5926
5947
5947
5926
5926
5909
5934
5934
5934
5934
5867
5843
5874
5886
5969
5914
5914
6003
5973
5988
5911
5905
5905
5905
5970
5970
5966
5991
5987
5889
5889
5853
5865
5865
5896
5857
5826
5826
5869
5869
5869
5869
5804
5804
5828
5790
5790
5790
5778
5778
5778
5778
5778
5863
5885
5885
5885
5885
5840
5840
5840
5869
5874
5859
5859
5859
5859
5859
5859
5859
5859
5871
5871
5871
5783
5783
5763
5763
5763
5763
5740
5740
5755
5755
5779
5755
5755
5755
5755
5755
5755
5742
5732
5771
5771
5771
5771
5771
5771
5771
5771
5771
5771
5752
5804
5811
5811
5811
5747
5747
5747
5747
5747
5751
5761
5682
5682
5665
5665
5665
5665
5665
5694
5694
5690
5690
5690
5697
5708
5713
5745
5745
5744
5805
5805
5805
5884
5884
5889
5889
5889
5889
5889
5864
5848
5848
5848
5848
5928
5928
5923
5889
5889
5874
5814
5779
5779
5779
5704
5711
5719
5738
5738
5738
5682
5714
5735
5735
5735
5735
5735
5771
5771
5771
5836
5812
5815
5834
5834
5834
5834
5844
5885
5885
5958
5961
5937
5937
5984
5984
5921
5921
5915
5878
5878
5887
5887
5878
5878
5878
5906
5906
5910
5910
5905
5905
5905
5905
5905
5908
5908
5908
5894
5894
5894
5784
5784
5784
5784
5784
5784
5784
5752
5864
5844
5844
5850
5850
5850
5792
5792
5863
5869
5828
5887
5906
5862
5862
5862
5865
5836
5842
5905
5905
5922
5922
5922
5916
5873
5873
5873
5873
5907
5907
5920
5919
5919
5920
5920
5920
5885
5885
5885
5885
5920
5920
5920
5920
5952
5952
5952
5952
5952
5952
5952
5952
6045
6045
6069
6078
6078
6089
6047
6021
5983
5983
5937
5937
5924
5970
5951
5951
5899
5899
5839
5802
5802
5802
5802
5802
5802
5782
5775
5775
5775
5775
5775
5775
5775
5802
5802
5791
5791
5791
5791
5806
5806
5806
5776
5775
5806
5809
5815
5837
5867
5857
5857
5853
5853
5853
5853
5853
5853
5791
5791
5811
5827
5827
5827
5800
5796
5843
5786
5811
5810
5754
5754
5759
5759
5759
5755
5755
5755
5722
5796
5796
5796
5796
5796
5796
5796
5800
5800
5800
5806
5806
5806
5806
5802
5802
5799
5799
5799
5799
5819
5797
5797
5795
5795
5795
5780
5780
5780
5780
5780
5770
5790
5790
5740
5758
5771
5758
5777
5777
5777
5777
5777
5777
5815
5815
5815
5815
5768
5768
5768
5768
5768
5765
5765
5765
5765
5786
5800
5768
5768
5768
5788
5788
5867
5887
5914
5914
5890
5859
5783
5854
5844
5820
5820
5782
5784
5732
5732
5820
5821
5821
5821
5757
5748
5748
5748
5820
5753
5753
5745
5745
5745
5745
5856
5779
5734
5734
5734
5734
5734
5734
5734
5734
5699
5749
5749
5749
5749
5829
5800
5799
5799
5792
5787
5787
5782
5713
5713
5713
5695
5679
5668
5685
5721
5721
5721
5668
5706
5682
5682
5694
5668
5657
5657
5715
5715
5720
5715
5715
5715
5693
5693
5693
5693
5693
5693
5693
5693
5693
5757
5757
5763
5763
5812
5801
5859
5859
5847
5847
5872
5872
5872
5796
5796
5796
5796
5796
5796
5796
5796
5774
5760
5769
5769
5782
5782
5782
5780
5780
5780
5757
5757
5757
5764
5764
5801
5809
5809
5809
5809
5785
5758
5758
5758
5758
5758
5758
5782
5782
5782
5780
5744
5744
5744
5735
5735
5751
5751
5751
5751
5751
5751
5751
5751
5751
5707
5707
5707
5707
5707
5707
5707
5707
5707
5650
5650
5685
5685
5685
5685
5685
5685
5745
5745
5745
5740
5740
5722
5722
5724
5767
5767
5767
5745
5745
5745
5745
5745
5786
5806
5740
5740
5740
5740
5740
5740
5740
5752
5833
5846
5847
5864
5864
5864
5864
5864
5864
5876
5876
5861
5882
5909
5919
5919
5910
5907
5933
5854
5854
5854
5854
5919
5919
5919
5949
5949
5949
5949
5959
5959
5959
5959
5909
5909
5909
5904
5920
5959
5959
5967
5967
5967
5967
5967
5928
5928
5884
5884
5938
5885
5885
5886
5895
5886
5828
5802
5802
5802
5802
5802
5791
5782
5782
5782
5840
5898
5898
5918
5918
5954
5939
5939
5922
5922
5988
5988
5988
5988
5988
5988
5988
5949
5902
5902
5902
5902
5879
5927
5884
5884
5873
5873
5881
5925
5846
5846
5912
5912
5936
5929
5955
5955
5955
5878
5857
5848
5848
5848
5848
5848
5850
5850
5850
5871
5834
5821
5803
5782
5782
5784
5789
5789
5789
5789
5789
5837
5837
5902
5897
5875
5875
5828
5828
5827
5737
5737
5737
5737
5737
5737
5737
5737
5741
5726
5726
5726
5726
5726
5726
5726
5726
5776
5776
5726
5726
5726
5726
5726
5726
5726
5782
5745
5745
5709
5709
5746
5746
5746
5746
5746
5746
5777
5777
5777
5777
5784
5784
5754
5754
5767
5772
5772
5753
5753
5753
5753
5753
5745
5745
5745
5745
5739
5704
5704
5696
5696
5689
5689
5731
5731
5731
5728
5753
5753
5775
5775
5680
5680
5680
5680
5680
5681
5680
5680
5680
5680
5680
5680
5680
5680
5680
5690
5690
5690
5690
5690
5690
5690
5690
5690
5690
5690
5690
5690
5690
5690
5690
5690
5690
5690
5690
5690
5690
5690
5690
5690
5690
5690
5690
5690
5690
5690
5690
5690
5690
5690
5690
5690
5690
5690
5750
5750
5750
5750
5790
5790
5756
5756
5756
5773
5758
5758
5750
5750
5750
5750
5750
5768
5768
5768
5768
5790
5790
5790
5790
5790
5752
5748
5748
5748
5748
5748
5748
5748
5748
5748
5748
5763
5748
5748
5748
5748
5771
5771
5771
5746
5754
5754
5754
5765
5765
5765
5772
5765
5765
5765
5765
5788
5788
5838
5838
5838
5838
5856
5856
5856
5856
5856
5856
5856
5856
5821
5821
5821
5821
5821
5821
5821
5821
5821
5821
5821
5835
5835
5835
5837
5837
5835
5835
5835
5835
5835
5860
5829
5753
5798
5784
5784
5784
5801
5801
5801
5801
5818
5818
5818
5818
5840
5794
5794
5813
5813
5813
5774
5737
5737
5737
5737
5737
5737
5737
5762
5751
5751
5751
5751
5751
5751
5759
5759
5775
5776
5776
5779
5779
5778
5751
5751
5751
5751
5751
5751
5757
5757
5767
5767
5767
5767
5758
5778
5778
5791
5791
5791
5752
5752
5716
5741
5710
5710
5710
5710
5760
5827
5827
5827
5817
5817
5817
5817
5817
5817
5904
5883
5883
5883
5896
5922
5852
5852
5852
5856
5856
5848
5807
5807
5807
5793
5787
5787
5832
5832
5832
5738
5733
5777
5777
5730
5687
5684
5684
5694
5668
5668
5668
5668
5700
5700
5715
5715
5715
5715
5694
5702
5682
5682
5682
5682
5682
5697
5712
5712
5678
5636
5636
5636
5636
5636
5636
5636
5636
5636
5631
5631
5631
5631
5631
5626
5619
5619
5676
5676
5676
5676
5676
5676
5676
5676
5692
5692
5692
5738
5738
5737
5731
5731
5699
5680
5676
5676
5700
5700
5700
5700
5710
5710
5710
5710
5710
5683
5683
5683
5683
5683
5683
5683
5683
5683
5683
5677
5677
5677
5650
5650
5650
5650
5650
5650
5650
5631
5631
5631
5631
5631
5631
5631
5644
5631
5631
5631
5631
5631
5631
5652
5652
5652
5652
5641
5641
5641
5681
5681
5681
5638
5631
5631
5630
5630
5630
5630
5630
5630
5630
5630
5630
5630
5640
5640
5640
5640
5640
5684
5684
5677
5677
5677
5649
5716
5716
5716
5768
5768
5768
5768
5768
5804
5804
5804
5804
5790
5790
5789
5789
5789
5716
5711
5687
5687
5687
5687
5687
5687
5726
5703
5703
5703
5703
5703
5703
5703
5761
5761
5761
5761
5775
5775
5775
5775
5775
5775
5762
5758
5643
5643
5643
5643
5643
5740
5740
5717
5717
5717
5717
5699
5699
5716
5720
5720
5701
5701
5701
5750
5741
5712
5712
5731
5731
5731
5731
5723
5723
5723
5723
5757
5757
5751
5742
5742
5742
5742
5742
5725
5707
5707
5707
5707
5707
5707
5707
5707
5707
5707
5707
5707
5697
5697
5697
5697
5722
5722
5697
5697
5697
5697
5697
5697
5663
5663
5663
5622
5622
5620
5620
5620
5617
5618
5617
5617
5617
5624
5624
5622
5622
5622
5622
5640
5636
5636
5636
5636
5636
5636
5651
5651
5651
5651
5651
5651
5651
5637
5637
5637
5637
5639
5676
5676
5676
5676
5676
5676
5676
5676
5693
5693
5693
5693
5693
5693
5693
5693
5693
5693
5693
5693
5693
5693
5693
5693
5693
5693
5693
5654
5654
5654
5654
5654
5654
5654
5654
5654
5654
5654
5654
5654
5654
5654
5654
5654
5654
5654
5654
5654
5654
5654
5670
5670
5670
5669
5669
5669
5669
5669
5680
5680
5680
5672
5672
5672
5672
5672
5672
5672
5672
5672
5672
5672
5672
5672
5672
5672
5672
5672
5721
5672
5672
5672
5672
5672
5679
5679
5660
5660
5660
5648
5648
5648
5648
5648
5648
5648
5662
5662
5667
5667
5667
5667
5667
5667
5695
5695
5688
5679
5679
5679
5679
5675
5677
5677
5675
5675
5675
5675
5675
5675
5675
5650
5650
5650
5650
5650
5650
5650
5650
5650
5650
5650
5631
5631
5631
5631
5631
5631
5631
5631
5631
5632
5632
5632
5631
5631
5631
5631
5631
5625
5620
5620
5623
5623
5623
5684
5684
5684
5684
5684
5684
5684
5684
5684
5684
5684
5684
5684
5684
5684
5663
5663
5663
5663
5664
5664
5637
5629
5620
5620
5583
5583
5590
5590
5590
5590
5590
5590
5590
5590
5590
5583
5583
5583
5583
5605
5605
5583
5583
5583
5583
5599
5599
5599
5599
5601
5601
5599
5599
5599
5599
5597
5597
5597
5597
5597
5597
5597
5597
5597
5597
5597
5597
5591
5591
5591
5591
5591
5591
5591
5600
5600
5600
5600
5600
5600
5600
5600
5574
5574
5587
5575
5575
5575
5575
5575
5575
5575
5575
5571
5571
5571
5582
5582
5582
5601
5601
5601
5616
5625
5625
5625
5605
5605
5605
5605
5605
5605
5605
5605
5605
5605
5605
5605
5630
5605
5605
5605
5605
5605
5613
5613
5613
5605
5605
5605
5605
5605
5605
5608
5608
5608
5608
5602
5602
5602
5602
5602
5602
5602
5602
5602
5602
5602
5602
5602
5602
5602
5602
5602
5602
5598
5594
5594
5594
5600
5600
5588
5588
5578
5577
5577
5577
5577
5579
5591
5591
5598
5598
5591
5591
5591
5591
5591
5591
5591
5591
5591
5598
5598
5598
5598
5598
5580
5562
5562
5562
5562
5582
5582
5582
5582
5582
5582
5580
5582
5582
5591
5562
5562
5562
5562
5562
5562
5562
5571
5591
5584
5584
5584
5584
5584
5562
5562
5562
5562
5573
5586
5586
5586
5586
5586
5586
5586
5586
5577
5577
5582
5562
5562
5562
5562
5562
5562
5562
5562
5562
5562
5562
5562
5562
5562
5562
5562
5562
5562
5562
5562
5562
5562
5562
5562
5562
5562
5562
5562
5562
5562
5562
5562
5562
5562
5562
5562
5562
5562
5562
5562
5562
5562
5562
5580
5580
5580
5580
5580
5580
5580
5580
5580
5580
5580
5584
5584
5599
5615
5615
5624
5624
5624
5624
5624
5624
5624
5624
5624
5624
5606
5606
5589
5589
5589
5589
5589
5589
5589
5589
5589
5589
5589
5589
5589
5589
5589
5589
5589
5589
5589
5589
5589
5589
5589
5590
5590
5590
5604
5592
5592
5592
5592
5592
5592
5592
5598
5598
5598
5598
5598
5598
5592
5592
5592
5592
5592
5568
5563
5563
5563
5563
5563
5563
5581
5581
5581
5604
5604
5615
5591
5596
5596
5596
5596
5596
5596
5596
5596
5596
5596
5596
5596
5596
5596
5596
5596
5596
5596
5596
5596
5596
5596
5596
5596
5596
5596
5596
5596
5596
5606
5613
5613
5613
5613
5613
5613
5613
5613
5613
5613
5613
5613
5613
5597
5597
5597
5597
5597
5597
5597
5597
5597
5597
5597
5597
5597
5597
5597
5597
5596
5596
5596
5600
5600
5600
5600
5600
5600
5600
5600
5600
5631
5633
5629
5629
5629
5629
5629
5625
5625
5625
5625
5625
5625
5625
5625
5625
5625
5625
5625
5625
5625
5625
5598
5598
5596
5596
5596
5596
5596
5596
5654
5654
5667
5667
5667
5667
5671
5629
5629
5634
5634
5634
5634
5634
5634
5634
5630
5630
5630
5596
5596
5596
5596
5596
5596
5596
5596
5596
5596
5596
5635
5635
5635
5635
5635
5673
5673
5673
5673
5671
5671
5671
5660
5634
5634
5634
5634
5634
5634
5634
5634
5662
5662
5662
5662
5662
5662
5662
5662
5662
5662
5662
5662
5662
5662
5662
5662
5664
5664
5662
5662
5662
5662
5662
5662
5662
5662
5662
5662
5662
5662
5662
5662
5641
5641
5641
5641
5641
5641
5641
5641
5641
5641
5641
5641
5641
5641
5641
5667
5667
5667
5667
5667
5678
5678
5667
5670
5670
5670
5670
5670
5676
5676
5676
5676
5673
5673
5673
5673
5673
5673
5673
5669
5658
5658
5658
5652
5652
5652
5652
5643
5638
5642
5642
5638
5609
5609
5609
5609
5609
5609
5609
5609
5609
5578
5578
5578
5578
5578
5578
5578
5578
5578
5578
5578
5589
5603
5603
5599
5578
5578
5578
5578
5591
5591
5591
5591
5591
5591
5591
5591
5591
5591
5591
5591
5591
5591
5591
5591
5591
5591
5591
5588
5588
5588
5588
5589
5589
5567
5567
5567
5567
5567
5567
5567
5567
5567
5567
5567
5567
5567
5567
5567
5567
5567
5585
5585
5591
5591
5591
5591
5591
5591
5574
5574
5567
5567
5576
5604
5604
5604
5604
5604
5604
5604
5575
5575
5575
5575
5575
5575
5575
5575
5575
5575
5575
5575
5575
5575
5575
5575
5575
5575
5578
5578
5578
5578
5575
5575
5575
5575
5575
5575
5575
5575
5575
5575
5575
5604
5604
5604
5600
5600
5600
5600
5600
5600
5600
5600
5623
5623
5614
5614
5614
5614
5610
5630
5610
5610
5610
5610
5610
5610
5610
5610
5610
5610
5610
5610
5610
5610
5610
5610
5610
5621
5621
5621
5621
5621
5621
5621
5621
5621
5621
5621
5621
5621
5621
5621
5621
5621
5621
5621
5621
5621
5621
5621
5621
5621
5625
5625
5625
5625
5625
5625
5625
5621
5621
5604
5607
5607
5589
5589
5589
5589
5589
5585
5585
5585
5596
5596
5596
5596
5596
5596
5596
5596
5596
5596
5596
5596
5596
5596
5599
5599
5597
5597
5597
5597
5597
5597
5597
5592
5585
5585
5585
5585
5585
5585
5626
5626
5626
5626
5626
5626
5626
5584
5584
5584
5584
5584
5584
5584
5577
5565
5565
5565
5565
5565
5565
5565
5565
5565
5565
5565
5565
5565
5565
5565
5565
5565
5565
5565
5576
5576
5565
5565
5565
5565
5565
5565
5565
5565
5565
5565
5565
5565
5580
5565
5565
5565
5565
5565
5565
5565
5565
5565
5565
5565
5565
5565
5565
5568
5565
5565
5565
5565
5565
5565
5565
5565
5565
5565
5570
5573
5573
5573
5573
5573
5573
5573
5573
5573
5582
5582
5595
5595
5595
5595
5581
5573
5573
5573
5573
5573
5573
5573
5573
5573
5573
5573
5573
5573
5573
5573
5573
5573
5573
5573
5573
5573
5573
5583
5570
5570
5570
5570
5566
5566
5566
5566
5565
5574
5574
5579
5579
5579
5579
5579
5579
5579
5579
5579
5567
5558
5558
5558
5558
5558
5558
5558
5558
5558
5558
5573
5564
5564
5564
5564
5564
5564
5566
5566
5558
5558
5558
5558
5558
5558
5558
5558
5558
5558
5558
5558
5558
5558
5558
5558
5558
5558
5558
5558
5558
5558
5558
5558
5558
5558
5558
5558
5558
5558
5558
5558
5558
5560
5560
5560
5560
5560
5560
5560
5560
5560
5560
5560
5560
5560
5560
5560
5560
5560
5560
5560
5560
5560
5560
5560
5558
5558
5558
5558
5558
5558
5558
5558
5558
5558
5558
5562
5562
5558
5558
5558
5560
5558
5558
5558
5558
5558
5558
5558
5558
5558
5558
5558
5558
5558
5558
5558
5558
5558
5558
5558
5558
5558
5558
5558
5558
5558
5558
5558
5558
5569
5569
5569
5569
5569
5569
5569
5569
5569
5569
5569
5569
5569
5569
5569
5583
5583
5583
5583
5583
5588
5590
5590
5590
5588
5599
5599
5599
5599
5599
5599
5599
5599
5599
5599
5599
5590
5592
5603
5603
5603
5603
5595
5595
5595
5595
5592
5592
5592
5592
5592
5592
5592
5592
5592
5592
5592
5592
5592
5592
5592
5592
5592
5592
5592
5592
5592
5592
5592
5592
5592
5592
5592
5592
5592
5592
5592
5592
5592
5592
5592
5592
5592
5592
5592
5592
5592
5592
5592
5592
5592
5592
5592
5592
5592
5592
5592
5592
5592
5592
5592
5592
5592
5592
5592
5592
5592
5592
5600
5592
5592
5592
5592
5592
5592
5592
5592
5581
5581
5581
5581
5581
5581
5581
5581
5581
5581
5581
5581
5581
5581
5581
5581
5581
5581
5581
5581
5581
5581
5581
5581
5581
5581
5581
5581
5581
5581
5581
5581
5581
5581
5581
5581
5581
5581
5581
5581
5581
5581
5581
5581
5601
5601
5606
5606
5606
5606
5606
5606
5606
5603
5603
5603
5596
5596
5596
5596
5577
5558
5558
5558
5558
5558
5558
5558
5558
5558
5558
5558
5558
5558
5558
5558
5558
5558
5558
5558
5558
5558
5558
5558
5558
5558
5558
5558
5558
5558
5558
5558
5561
5561
5561
5561
5561
5558
5558
5558
5558
5558
5558
5558
5558
5558
5558
5558
5558
5558
5558
5558
5558
5558
5558
5562
5562
5562
5558
5558
5558
5558
5558
5558
5558
5558
5568
5558
5558
5558
5558
5558
5558
5558
5558
5558
5558
5558
5558
5558
5558
5558
5558
5558
5558
5558
5558
5558
5558
5558
5558
5558
5558
5558
5558
5558
5558
5558
5558
5558
5558
5558
5558
5558
5558
5558
5558
5558
5558
5558
5558
5558
5558
5558
5558
5558
5563
5563
5563
5563
5563
5563
5558
5558
5558
5558
5558
5558
5558
5558
5558
5558
5558
5558
5558
5558
5558
5558
5558
5558
5558
5558
5558
5558
5558
5558
5558
5558
5558
5558
5558
5558
5558
5558
5558
5559
5559
5559
5559
5559
5559
5559
5559
5559
5559
5559
5559
5559
5559
5559
5559
5559
5559
5559
5559
5559
5559
5559
5563
5563
5563
5563
5559
5559
5559
5559
5559
5559
5559
5559
5559
5559
5559
5559
5559
5559
5559
5559
5559
5559
5559
5559
5559
5559
5559
5559
5559
5559
5559
5559
5559
5559
5559
5559
5559
5559
5559
5559
5559
5583
5583
5583
5583
5583
5583
5583
5583
5558
5558
5558
5558
5558
5558
5558
5558
5558
5561
5561
5561
5561
5561
5558
5558
5558
5558
5558
5558
5558
5558
5558
5558
5558
5558
5558
5558
5558
5558
5558
5558
5558
5558
5558
5558
5558
5558
5558
5558
5558
5558
5558
5558
5558
5558
5558
5558
5558
5558
5558
5558
5558
5558
5558
5558
5558
5558
5558
5558
5561
5561
5558
5558
5558
5558
5558
5558
5558
5558
5558
5558
5558
5558
5558
5558
5558
5558
5558
5558
5558
5558
5558
5558
5558
5558
5558
5560
5560
5560
5560
5560
5560
5560
5558
5558
5558
5558
5558
5558
5558
5558
5558
5558
5558
5558
5558
5558
5558
5558
5558
5558
5558
5558
5558
5558
5558
5558
5558
5558
5558
5558
5558
5558
5558
5558
5558
5558
5558
5558
5558
5558
5558
5558
5558
5558
5558
5558
5558
5558
5558
5558
5558
5558
5558
5558
5558
5558
5558
5558
5558
5558
5558
5558
5558
5558
5558
5558
5558
5558
5558
5558
5558
5558
5558
5558
5558
5558
5558
5558
5558
5558
5558
5558
5558
5558
5558
5558
5558
5560
5560
5560
5560
5560
5560
5560
5558
5558
5558
5558
5558
5558
5558
5558
5558
5558
5558
5560
5560
5560
5560
5560
5558
5558
5558
5558
5558
5558
5558
5558
5558
5558
5558
5558
5558
5558
5558
5558
5558
5558
5558
5558
5558
5558
5558
5558
5558
5558
5558
5558
5564
5558
5558
5558
5558
5558
5558
5558
5558
5558
5558
5558
5558
5558
5558
5558
5558
5558
5558
5558
5558
5558
5558
5558
5558
5558
5558
5558
5558
5558
5558
5558
5558
5558
5558
5558
5558
5558
5558
5558
5558
5558
5558
5558
5558
5558
5558
5558
5558
5558
5558
5558
5558
5558
5558
5558
5558
5558
5558
5558
5558
5558
5558
5558
5558
5558
5558
5558
5558
5558
5558
5558
5558
5558
5558
5558
5558
5558
5558
5558
5558
5558
5558
5558
5558
5558
5558
5558
5558
5558
5558
5558
5558
5558
5558
5558
5558
5558
5558
5558
5558
5558
5558
5558
5558
5558
5558
5558
5558
5558
5558
5558
5558
5558
5558
5558
5558
5558
5558
5558
5558
5558
5558
5558
5558
5558
5558
5558
5558
5559
5559
5559
5559
5558
5558
5558
5558
5558
5558
5558
5558
5558
5558
5558
5558
5558
5558
5558
5558
5558
5558
5567
5567
5567
5567
5567
5567
5567
5567
5558
5558
5558
5558
5558
5558
5558
5558
5558
5558
5558
5558
5558
5558
5558
5558
5558
5558
5558
5558
5558
5558
5558
5558
5558
5558
5558
5558
5558
5558
5558
5558
5558
5558
5558
5558
5558
5558
5564
5564
5564
5564
5564
5564
5564
5565
5565
5565
5565
5565
5565
5558
5558
5558
5558
5558
5558
5558
5558
5558
5558
5558
5558
5558
5558
5558
5558
5558
5558
5558
5558
5558
5558
5558
5558
5558
5558
5558
5558
5558
5558
5558
5558
5558
5558
5558
5558
5558
5558
5558
5558
5558
5558
5558
5558
5558
5558
5558
5558
5558
5558
5558
5551
5551
5551
5551
5550
5550
5550
5550
5550
5550
5550
5550
5550
5550
5550
5550
5550
5550
5550
5550
5550
5550
5550
5550
5550
5550
5550
5550
5550
5550
5550
5550
5550
5550
5540
5540
5529
5529
5529
5529
5529
5529
5529
5529
5529
5529
5529
5529
5529
5529
5529
5529
5529
5529
5529
5529
5529
5529
5529
5529
5529
5529
5529
5529
5529
5529
5529
5529
5529
5529
5529
5529
5529
5529
5529
5529
5529
5529
5529
5529
5529
5529
5529
5529
5529
5529
5529
5529
5529
5529
5529
5529
5529
5529
5529
5529
5529
5529
5529
5529
5529
5529
5529
5529
5529
5529
5529
5529
5529
5529
5529
5529
5529
5529
5529
5529
5529
5529
5529
5529
5529
5529
5529
5529
5529
5529
5529
5529
5529
5529
5529
5529
5529
5529
5529
5529
5529
5529
5529
5529
5529
5529
5529
5529
5529
5529
5529
5529
5529
5529
5529
5529
5529
5529
5529
5529
5529
5529
5529
5529
5529
5529
5529
5529
5529
5529
5529
5529
5529
5529
5529
5529
5529
5529
5529
5529
5529
5529
5529
5529
5529
5529
5529
5529
5529
5529
5529
5529
5529
5529
5529
5529
5529
5529
5529
5529
5529
5529
5529
5529
5529
5529
5529
5529
5529
5529
5529
5529
5529
5529
5529
5529
5529
5529
5529
5530
5530
5530
5531
5531
5529
5529
5529
5529
5529
5529
5529
5529
5529
5529
5529
5529
5529
5529
5529
5529
5529
5529
5529
5529
5529
5529
5529
5529
5529
5529
5529
5529
5529
5529
5529
5529
5529
5529
5529
5529
5529
5531
5531
5531
5529
5529
5529
5529
5529
5529
5529
5529
5529
5529
5529
5529
5529
5529
5529
5529
5529
5529
5529
5529
5529
5529
5529
5529
5529
5529
5529
5529
5529
5529
5529
5534
5534
5534
5534
5534
5534
5534
5534
5534
5534
5534
5534
5529
5529
5530
5530
5530
5530
5530
5530
5530
5530
5530
5530
5530
5530
5530
5530
5530
5530
5530
5530
5530
5530
5530
5530
5530
5530
5530
5530
5529
5529
5529
5529
5529
5529
5529
5529
5529
5529
5529
5529
5529
5529
5529
5529
5529
5529
5529
5529
5529
5529
5529
5529
5529
5529
5529
5529
5529
5529
5529
5529
5529
5529
5529
5529
5529
5529
5529
5529
5529
5529
5529
5529
5529
5529
5529
5534
5534
5537
5537
5537
5537
5537
5537
5537
5537
5537
5537
5537
5537
5529
5529
5529
5529
5529
5529
5529
5529
5529
5529
5529
5529
5529
5529
5529
5529
5529
5529
5529
5529
5529
5529
5529
5529
5529
5529
5529
5529
5529
5529
5529
5529
5530
5530
5530
5530
5530
5530
5530
5530
5530
5526
5526
5520
5520
5520
5520
5520
5520
5520
5520
5520
5520
5520
5520
5520
5520
5520
5520
5520
5520
5520
5520
5520
5520
5520
5520
5520
5520
5520
5520
5520
5520
5520
5520
5520
5520
5520
5520
5520
5520
5520
5520
5520
5520
5520
5520
5520
5520
5520
5520
5520
5520
5520
5520
5520
5520
5520
5520
5520
5520
5520
5520
5520
5520
5520
5520
5520
5520
5520
5520
5520
5520
5520
5520
5520
5520
5520
5520
5520
5520
5520
5520
5520
5520
5520
5520
5520
5520
5520
5520
5520
5520
5520
5520
5520
5520
5520
5520
5520
5520
5520
5520
5520
5520
5520
5520
5520
5520
5520
5520
5520
5520
5520
5520
5520
5520
5520
5520
5520
5520
5520
5520
5520
5520
5520
5520
5520
5520
5520
5520
5520
5520
5520
5520
5520
5520
5520
5520
5520
5514
5514
5514
5514
5514
5514
5514
5514
5514
5514
5514
5514
5514
5514
5514
5514
5514
5514
5514
5514
5514
5514
5514
5514
5514
5514
5514
5514
5514
5514
5514
5514
5514
5514
5514
5514
5514
5514
5514
5514
5514
5514
5514
5514
5514
5514
5514
5514
5514
5514
5514
5514
5514
5514
5514
5514
5514
5514
5514
5514
5514
5514
5514
5514
5514
5514
5514
5514
5514
5514
5514
5514
5514
5514
5514
5514
5514
5514
5514
5514
5514
5514
5514
5514
5514
5514
5514
5516
5514
5514
5514
5514
5514
5514
5514
5514
5514
5514
5514
5514
5514
5514
5514
5514
5514
5514
5514
5514
5514
5514
5514
5514
5514
5514
5514
5514
5514
5514
5514
5514
5514
5514
5514
5514
5514
5514
5514
5514
5514
5514
5514
5514
5514
5514
5514
5514
5514
5514
5514
5514
5514
5514
5514
5514
5514
5514
5514
5514
5514
5514
5514
5514
5514
5514
5514
5518
5518
5518
5518
5518
5518
5518
5518
5518
5518
5518
5518
5518
5518
5518
5518
5518
5518
5518
5518
5518
5518
5518
5518
5518
5518
5518
5518
5518
5518
5518
5518
5518
5518
5518
5518
5518
5518
5518
5518
5518
5518
5518
5518
5518
5518
5518
5518
5518
5518
5517
5517
5514
5514
5514
5514
5514
5514
5514
5514
5514
5514
5514
5514
5514
5515
5515
5515
5515
5515
5515
5515
5515
5509
5509
5509
5509
5509
5509
5509
5509
5509
5509
5509
5509
5509
5509
5509
5509
5509
5509
5509
5509
5509
5509
5509
5509
5509
5509
5509
5509
5509
5509
5509
5509
5509
5509
5509
5509
5509
5509
5509
5509
5509
5509
5509
5509
5509
5509
5509
5509
5509
5509
5509
5509
5509
5509
5509
5509
5509
5509
5509
5509
5509
5509
5511
5511
5511
5511
5511
5511
5511
5511
5511
5511
5511
5511
5511
5511
5511
5511
5511
5511
5511
5511
5511
5511
5511
5511
5511
5511
5511
5511
5511
5511
5511
5511
5511
5511
5511
5511
5511
5511
5511
5511
5511
5511
5519
5519
5519
5511
5511
5511
5511
5511
5511
5511
5511
5511
5511
5511
5511
5511
5511
5511
5511
5511
5511
5511
5511
5511
5511
5511
5511
5511
5511
5511
5511
5511
5511
5511
5511
5511
5511
5511
5511
5511
5511
5511
5511
5511
5511
5506
5506
5506
5506
5506
5506
5506
5506
5506
5506
5506
5506
5506
5506
5506
5506
5506
5506
5506
5506
5506
5506
5506
5506
5506
5506
5506
5506
5506
5506
5506
5506
5506
5506
5506
5513
5513
5513
5513
5513
5513
5513
5513
5513
5513
5513
5513
5513
5506
5506
5506
5506
5506
5506
5506
5506
5506
5506
5506
5506
5506
5506
5506
5506
5506
5506
5506
5508
5508
5508
5508
5508
5516
5516
5516
5516
5516
5516
5516
5516
5516
5516
5516
5516
5516
5516
5516
5516
5516
5516
5516
5516
5516
5516
5516
5516
5516
5516
5516
5516
5516
5516
5516
5516
5516
5516
5506
5506
5506
5506
5506
5506
5506
5506
5506
5506
5506
5510
5510
5510
5510
5510
5510
5510
5510
5510
5510
5510
5510
5510
5510
5510
5510
5510
5510
5510
5510
5510
5510
5510
5510
5510
5510
5510
5510
5510
5510
5510
5510
5510
5510
5510
5510
5510
5510
5510
5510
5510
5510
5510
5510
5511
5511
5511
5511
5511
5511
5511
5511
5511
5511
5511
5511
5511
5511
5511
5511
5511
5511
5511
5511
5511
5511
5511
5511
5511
5511
5507
5507
5507
5507
5507
5507
5507
5507
5507
5507
5507
5507
5507
5507
5507
5507
5507
5507
5507
5507
5507
5507
5507
5507
5507
5507
5507
5507
5507
5507
5507
5507
5507
5507
5507
5507
5507
5507
5507
5507
5507
5510
5510
5507
5507
5507
5507
5507
5507
5507
5507
5507
5507
5507
5507
5507
5507
5507
5507
5507
5507
5507
5507
5507
5507
5507
5507
5507
5507
5507
5507
5507
5507
5507
5507
5507
5507
5507
5507
5507
5507
5507
5507
5507
5507
5507
5507
5507
5507
5507
5507
5507
5507
5507
5507
5507
5507
5507
5507
5507
5507
5507
5507
5507
5507
5507
5507
5507
5507
5507
5507
5507
5507
5509
5509
5509
5509
5509
5509
5509
5509
5509
5509
5509
5509
5509
5509
5509
5509
5509
5509
5509
5509
5509
5509
5509
5509
5509
5509
5509
5509
5509
5509
5509
5509
5509
5509
5509
5509
5509
5509
5509
5507
5507
5507
5507
5507
5507
5507
5507
5507
5507
5507
5507
5507
5507
5507
5507
5507
5507
5507
5507
5507
5507
5507
5507
5507
5507
5507
5507
5507
5507
5507
5507
5507
5507
5507
5507
5507
5507
5507
5507
5507
5507
5507
5507
5507
5507
5507
5507
5507
5507
5507
5507
5507
5507
5507
5507
5507
5507
5508
5508
5508
5508
5508
5508
5508
5508
5508
5508
5508
5508
5508
5508
5508
5508
5508
5507
5507
5507
5507
5507
5507
5507
5507
5507
5507
5507
5507
5507
5507
5507
5507
5507
5507
5507
5507
5507
5507
5507
5507
5507
5507
5507
5507
5507
5507
5507
5507
5507
5507
5507
5507
5507
5507
5507
5507
5507
5507
5507
5510
5510
5507
5507
5507
5507
5507
5507
5507
5507
5507
5507
5507
5507
5507
5507
5507
5507
5507
5507
5507
5507
5507
5507
5507
5507
5507
5507
5507
5507
5507
5507
5507
5507
5507
5507
5507
5507
5507
5507
5507
5507
5507
5507
5507
5507
5507
5507
5507
5507
5507
5507
5507
5507
5507
5507
5507
5507
5507
5507
5507
5507
5507
5507
5507
5507
5507
5507
5507
5507
5507
5507
5507
5507
5507
5507
5507
5507
5507
5507
5507
5507
5507
5507
5507
5507
5507
5507
5507
5507
5507
5507
5507
5507
5507
5507
5507
5507
5507
5507
5507
5507
5509
5509
5509
5509
5509
5508
5508
5507
5508
5507
5507
5507
5507
5507
5507
5507
5507
5507
5507
5507
5507
5507
5507
5507
5507
5507
5507
5507
5507
5507
5507
5507
5507
5507
5507
5507
5507
5507
5507
5507
5507
5507
5507
5507
5507
5507
5507
5507
5507
5507
5507
5507
5507
5507
5507
5507
5507
5507
5507
5507
5507
5507
5507
5507
5507
5507
5507
5507
5507
5507
5507
5507
5507
5507
5507
5507
5507
5507
5507
5507
5507
5507
5507
5507
5507
5507
5507
5509
5507
5507
5507
5507
5507
5507
5507
5507
5507
5507
5522
5522
5522
5522
5522
5522
5522
5522
5522
5522
5522
5522
5522
5522
5522
5522
5522
5522
5512
5512
5512
5512
5512
5512
5512
5512
5512
5512
5512
5512
5512
5512
5512
5512
5512
5512
5512
5512
5512
5512
5512
5512
5512
5512
5512
5512
5512
5512
5512
5512
5512
5512
5512
5512
5512
5512
5512
5512
5512
5512
5512
5512
5512
5512
5512
5512
5512
5514
5514
5514
5514
5514
5514
5514
5514
5514
5514
5512
5512
5512
5512
5512
5512
5512
5525
5517
5517
5517
5517
5517
5517
5517
5517
5517
5517
5517
5517
5517
5512
5512
5512
5512
5512
5512
5512
5512
5512
5512
5512
5512
5512
5512
5512
5512
5512
5512
5512
5512
5512
5512
5512
5512
5512
5512
5512
5512
5512
5512
5512
5512
5512
5512
5512
5512
5512
5512
5512
5512
5512
5512
5512
5512
5512
5512
5512
5512
5512
5512
5512
5512
5512
5512
5512
5512
5512
5512
5512
5512
5512
5512
5512
5512
5512
5512
5512
5512
5512
5512
5512
5512
5512
5512
5512
5512
5512
5512
5512
5512
5512
5512
5512
5512
5512
5512
5512
5512
5512
5512
5512
5512
5512
5512
5512
5512
5512
5512
5512
5512
5512
5512
5512
5512
5512
5512
5512
5512
5512
5512
5512
5512
5512
5512
5512
5512
5512
5512
5512
5512
5512
5512
5512
5512
5512
5512
5512
5512
5512
5512
5512
5512
5512
5512
5512
5512
5512
5512
5512
5512
5512
5512
5512
5512
5512
5512
5512
5512
5512
5512
5512
5512
5512
5512
5512
5512
5512
5512
5512
5512
5512
5512
5512
5512
5512
5512
5512
5512
5512
5512
5512
5512
5512
5512
5512
5512
5512
5512
5512
5512
5512
5512
5512
5512
5512
5512
5512
5512
5512
5512
5512
5512
5512
5512
5512
5512
5512
5512
5512
5512
5512
5512
5512
5512
5512
5512
5512
5512
5512
5512
5512
5512
5512
5512
5512
5512
5512
5512
5512
5512
5512
5512
5512
5512
5512
5512
5512
5512
5512
5512
5512
5512
5512
5512
5512
5512
5512
5512
5512
5512
5512
5512
5512
5512
5512
5512
5512
5512
5512
5512
5512
5512
5512
5512
5512
5512
5512
5512
5512
5512
5512
5512
5512
5512
5512
5512
5512
5512
5512
5512
5512
5512
5512
5512
5512
5512
5512
5512
5512
5512
5512
5512
5512
5507
5506
5506
5506
5506
5506
5506
5506
5506
5506
5506
5506
5506
5506
5506
5506
5506
5506
5506
5506
5506
5506
5506
5506
5506
5506
5506
5506
5506
5506
5506
5506
5506
5506
5506
5506
5506
5506
5506
5506
5506
5506
5506
5506
5506
5506
5506
5506
5506
5506
5506
5506
5506
5506
5506
5506
5506
5506
5506
5506
5506
5506
5506
5506
5506
5506
5506
5506
5506
5506
5506
5506
5506
5506
5506
5506
5506
5506
5506
5506
5506
5506
5506
5506
5506
5506
5506
5506
5506
5506
5506
5506
5506
5506
5506
5506
5506
5506
5506
5506
5506
5506
5506
5506
5506
5506
5506
5506
5506
5506
5506
5506
5506
5506
5506
5506
5506
5506
5506
5506
5506
5506
5506
5506
5506
