6465
6426
6426
6426
6488
6463
6482
6516
6455
6458
6432
6404
6351
6302
6306
6218
6136
6136
6112
6252
6338
6345
6345
6345
6345
6345
6394
6394
6383
6414
6350
6350
6398
6379
6455
6455
6455
6444
6444
6444
6499
6499
6466
6391
6391
6391
6368
6423
6423
6389
6422
6417
6417
6460
6472
6488
6402
6345
6383
6383
6383
6444
6418
6418
6299
6292
6349
6349
6277
6281
6243
6229
6229
6229
6264
6264
6268
6268
6233
6233
6200
6269
6223
6207
6115
6176
6176
6179
6089
6147
6153
6138
6162
6182
6129
6129
6089
6024
6023
5991
6045
6022
6030
5973
5980
5973
5973
5973
5957
5957
6046
6058
6058
6016
6016
6016
6072
6072
6072
6061
6112
6112
6165
6165
6165
6219
6219
6144
6177
6177
6177
6177
6177
6177
6177
6177
6143
6109
6109
6101
6101
6101
6101
6101
6156
6162
6189
6189
6262
6226
6226
6234
6208
6208
6208
6239
6259
6259
6227
6313
6313
6375
6375
6381
6306
6306
6261
6261
6261
6234
6244
6320
6281
6251
6201
6207
6221
6229
6208
6200
6200
6200
6151
6106
6076
6089
6120
6110
6134
6134
6139
6087
6087
6102
6102
6102
6127
6080
6122
6111
6166
6166
6140
6140
6078
6059
6014
6035
6029
6029
6021
6021
6001
6113
6182
6163
6163
6120
6191
6191
6127
6177
6177
6177
6109
6140
6155
6155
6155
6217
6217
6206
6206
6246
6270
6372
6304
6242
6316
6320
6264
6273
6273
6261
6319
6319
6402
6303
6303
6288
6288
6192
6210
6244
6244
6279
6355
6380
6345
6345
6363
6314
6314
6315
6376
6376
6376
6416
6416
6292
6354
6355
6262
6249
6261
6261
6320
6331
6343
6334
6293
6280
6286
6286
6325
6317
6317
6284
6310
6282
6282
6282
6252
6252
6256
6256
6313
6313
6313
6350
6434
6419
6442
6442
6421
6421
6394
6426
6426
6496
6446
6376
6346
6419
6422
6422
6396
6482
6482
6417
6417
6417
6447
6447
6333
6353
6315
6309
6289
6404
6437
6437
6505
6506
6425
6425
6373
6296
6398
6410
6442
6463
6451
6472
6472
6451
6401
6320
6235
6235
6308
6317
6329
6261
6175
6175
6255
6332
6308
6221
6256
6206
6116
6069
5990
5927
5960
5965
5965
5990
6004
6004
6056
6085
6030
5983
5975
6027
6062
6045
6045
6106
6024
5987
5944
5979
5893
5893
5870
5886
5861
5934
6000
6000
6035
6016
6016
5947
5937
5971
5975
6012
6011
6041
6041
6041
6041
6075
6098
6098
6140
6200
6202
6188
6248
6248
6142
6103
6080
6057
6060
6066
6119
6110
5975
5976
5966
5966
6038
5972
5930
5892
5960
5902
5979
5979
6004
6004
6004
6041
6041
6050
6051
5912
5912
5912
5892
5972
6059
6062
6048
6048
6062
6064
6063
6053
6103
6103
6087
6048
6044
6100
6065
5991
6020
5941
5941
5972
5947
5947
5947
5947
5884
5791
5791
5742
5795
5795
5795
5776
5773
5761
5761
5761
5761
5761
5761
5761
5761
5761
5809
5842
5882
5882
5882
5883
5884
5884
5918
5918
6020
6025
6027
6027
6023
6026
6000
5932
5932
5929
5929
5965
5965
5944
5955
5913
5888
5888
5868
5883
5883
5888
5888
5934
5934
5934
5934
5934
5934
5931
5931
5915
5993
6043
5989
5962
5971
5905
5905
5904
5904
5919
5919
5972
5998
5998
5973
6042
6062
6018
6018
6058
6040
6072
6078
6072
6072
6083
6134
6068
6185
6124
6124
6159
6164
6165
6106
6086
6143
6143
6172
6172
6116
6134
6164
6182
6245
6245
6252
6251
6336
6412
6412
6384
6384
6378
6351
6351
6290
6275
6209
6261
6228
6228
6260
6342
6342
6313
6253
6240
6197
6238
6200
6200
6120
6214
6214
6218
6214
6180
6180
6174
6141
6185
6185
6185
6194
6194
6194
6154
6148
6148
6092
6131
6101
6158
6155
6145
6214
6258
6240
6221
6163
6165
6117
6124
6172
6166
6185
6182
6207
6205
6193
6193
6203
6203
6269
6321
6321
6305
6254
6263
6351
6341
6325
6325
6320
6316
6256
6217
6274
6274
6234
6347
6376
6449
6444
6418
6509
6552
6552
6547
6543
6567
6585
6621
6581
6535
6535
6500
6500
6500
6500
6500
6500
6547
6591
6544
6544
6481
6411
6411
6352
6352
6302
6328
6257
6244
6244
6187
6179
6247
6301
6282
6282
6308
6296
6303
6342
6352
6328
6464
6400
6382
6302
6337
6277
6286
6267
6232
6299
6299
6357
6357
6357
6408
6404
6404
6425
6336
6335
6335
6358
6335
6380
6315
6315
6330
6330
6303
6303
6303
6229
6153
6034
6086
6138
6138
6032
5997
6049
5967
5967
5967
6056
6034
6068
6162
6162
6132
6105
6105
6134
6134
6154
6175
6175
6209
6313
6313
6313
6259
6293
6344
6307
6300
6283
6315
6331
6331
6331
6331
6289
6216
6202
6043
6043
6093
6115
6015
6074
6074
6175
6154
6154
6199
6203
6231
6161
6161
6141
6000
5943
5907
5907
5942
5881
5881
5881
5881
5882
5882
5852
5737
5677
5809
5876
5876
5877
5886
5854
5929
5960
5990
5979
6004
6005
6051
6051
6051
6045
6126
6094
5988
6039
6039
6039
6025
6052
6144
6142
6146
6228
6200
6200
6200
6212
6151
6151
6119
6067
6100
6161
6141
6141
6050
6050
5957
5933
5967
5967
5864
5892
5945
5995
5996
5968
5940
5940
5918
5924
5924
5959
5959
5974
5981
5981
6005
6049
6065
6065
6065
6015
5988
6030
5991
5978
5963
5961
5904
5904
5952
5952
5899
5908
5907
5907
5950
5950
5950
5950
5887
5975
6020
6020
6075
6012
6012
6073
6049
6049
6021
6021
6055
6047
6047
6047
6064
6027
6062
6047
6047
6024
6024
6024
5998
5996
5996
6018
5947
6018
6018
6101
6101
6090
6096
6171
6166
6166
6166
6184
6183
6088
6129
6105
6105
6105
6106
6106
6106
6072
6051
6051
6051
6078
6119
6119
6064
6035
5894
5876
5876
5888
5876
5876
5876
5876
5880
5865
5879
5964
5964
5978
5938
5938
5935
5963
6029
5985
6025
6175
6146
6082
6082
6082
6082
6093
6093
6093
6065
6065
6065
6065
6110
6131
6131
6148
6131
6094
6062
5992
5953
6007
5959
6048
6048
6048
6048
6041
6178
6131
6131
6131
6089
6075
6075
6075
5995
6022
5987
5987
5941
5899
5899
5899
5899
5926
5926
5976
5969
6041
6008
5995
6012
6039
6016
6016
6027
6027
6096
6089
6126
6126
6126
6202
6202
6203
6219
6202
6116
6084
6084
6081
6081
6078
6078
6009
6009
6009
6009
5969
5982
5969
5989
5989
5954
5961
5940
5940
5940
5942
5908
5895
5969
5969
5969
5969
5969
5970
5935
5929
5929
5912
5895
5932
5932
5929
5942
5942
5869
5846
5861
5846
5829
5817
5817
5868
5846
5846
5861
5861
5861
5915
5915
5915
5949
5949
5938
5852
5852
5852
5852
5852
5852
5852
5918
5961
5939
5951
5945
5981
5960
5992
5992
6027
5988
5988
6038
6064
6075
6024
6008
6008
6008
6008
6008
6004
6004
6056
6056
6056
6139
6139
6046
6046
6025
6025
5993
6034
6034
6040
6040
6034
6034
6127
6103
6103
6097
6097
6005
6016
6012
6049
6012
6059
6059
6059
6059
6059
6059
6059
6059
6059
6059
6059
6118
6079
6082
6079
6114
6128
6104
6022
6133
6113
6113
6058
6058
6058
6077
6068
6147
6173
6154
6145
6177
6177
6069
6028
5936
5936
5904
5904
5852
5847
5847
5847
5847
5847
5867
5834
5872
5872
5860
5977
5977
5977
5951
6010
5969
5920
5978
5986
6009
5896
5953
5953
6029
6050
6045
6170
6150
6150
6131
6194
6194
6227
6159
6148
6204
6204
6204
6192
6269
6232
6206
6199
6312
6357
6357
6349
6349
6349
6367
6332
6378
6406
6374
6325
6325
6297
6334
6334
6334
6296
6207
6189
6189
6176
6176
6157
6145
6121
6100
6132
6132
6132
6132
6132
6132
6131
6131
6131
6148
6182
6167
6090
6107
6107
6169
6133
6107
6107
6160
6166
6113
6158
6158
6148
6160
6101
6119
6119
6162
6181
6194
6137
6147
6157
6176
6184
6171
6181
6180
6180
6180
6180
6141
6141
6141
6228
6192
6162
6162
6164
6164
6189
6155
6121
6145
6080
6076
6076
6076
6076
6025
6008
6018
5989
5989
5963
5963
5963
5963
5963
5941
5941
5946
5938
5864
5864
5847
5835
5824
5847
5943
5943
5916
5927
5970
5972
5953
5923
5923
5923
5907
5954
5978
5948
5867
5867
5879
5924
5873
5839
5839
5930
5845
5893
5806
5799
5799
5799
5865
5865
5811
5795
5795
5794
5872
5873
5852
5852
5817
5824
5865
5865
5865
5865
5805
5755
5777
5743
5743
5743
5772
5839
5840
5840
5855
5890
5921
5913
5893
5910
5929
5976
5976
5962
6026
6045
6045
6039
6050
6050
6050
6067
6076
6055
6096
6134
6108
6094
6097
6097
6097
6097
6097
6099
6099
6099
6084
6096
6096
6145
6109
6146
6108
6108
6099
6169
6182
6140
6140
6140
6084
6084
6118
6105
6115
6096
6049
6114
6114
6133
6133
6133
6080
6098
6075
6068
6055
6055
6055
6039
6036
6024
6024
6065
6065
6035
6035
6035
6035
6080
6057
6080
5987
5987
5987
5987
5986
5976
5976
6071
6071
6071
6071
6044
6044
6044
6024
5913
5899
5899
5937
5937
5937
5937
5937
5937
6031
6031
6031
5969
5969
5969
5969
5966
5966
5966
5966
5966
5966
5966
5925
5910
5887
5862
5862
5862
5884
5884
5922
5876
5876
5876
5876
5953
6032
6032
6032
6018
6018
6062
6062
6060
6151
6151
6086
6086
5999
5971
5971
5971
5971
5898
5996
5997
6002
5951
5951
5951
5951
5968
5968
5923
5944
5936
6022
6022
6022
6038
6009
6009
6104
6142
6142
6163
6107
6047
6014
5942
5898
5892
5924
5924
5923
5895
5882
5869
5869
5901
5912
5912
5912
5912
5915
5897
5897
5897
5901
5901
5950
6007
6007
6007
6055
6032
6005
6048
6048
6046
5953
5972
6005
6015
6015
6015
6006
5969
6022
6022
6022
6056
6056
6075
6075
6065
6022
6055
6055
6076
6126
6126
6155
5998
6022
6013
6013
6002
6002
6026
6121
6124
6155
6170
6127
6119
6219
6266
6266
6295
6223
6209
6282
6287
6324
6381
6287
6298
6256
6251
6220
6234
6179
6189
6241
6241
6285
6284
6218
6218
6301
6336
6286
6235
6235
6259
6259
6259
6240
6240
6136
6167
6116
6170
6193
6193
6193
6167
6231
6231
6136
6194
6194
6208
6176
6262
6287
6287
6223
6268
6224
6224
6224
6224
6224
6235
6238
6195
6111
6226
6183
6241
6210
6103
6158
6158
6202
6202
6252
6264
6290
6363
6363
6313
6363
6316
6304
6388
6414
6414
6414
6414
6359
6359
6349
6284
6306
6284
6284
6284
6284
6284
6298
6298
6341
6398
6395
6433
6473
6473
6466
6466
6416
6425
6427
6427
6396
6257
6257
6217
6217
6189
6189
6169
6176
6184
6184
6138
6138
6138
6138
6138
6184
6193
6139
6139
6169
6169
6136
6134
6129
6019
6067
6013
5997
5986
5986
5975
5975
5975
5995
5975
5986
5979
5979
6013
5999
6022
6022
5977
5982
5982
6023
6023
6023
6039
6039
6039
6039
6134
6119
6019
6001
6007
5993
5983
5995
6046
6053
6089
6015
5947
5947
6045
6036
6038
6087
6021
6148
6148
6067
6127
6115
6021
6132
6132
6132
6120
6120
6086
6062
6102
6036
6004
6085
6046
6032
6032
6054
6054
6054
6054
5970
5970
5970
5933
5933
5905
5933
5933
5953
5926
5971
5933
5950
5958
6001
6007
6013
6042
5984
5984
6028
5957
5944
5954
6054
6054
6069
6076
6076
6133
6133
6192
6204
6204
6196
6196
6272
6224
6207
6203
6248
6248
6248
6214
6157
6109
6109
6061
6069
6022
6080
6036
5977
5972
5972
5978
6006
6035
6050
6050
6084
6084
6106
6084
6084
6084
6084
6084
6109
6066
6066
6066
6066
6066
6058
6114
6089
6095
6095
6095
6095
6043
6043
6027
6076
6076
6070
6070
6064
6042
6053
6053
6090
6094
6153
6136
6217
6285
6233
6233
6220
6250
6178
6178
6247
6247
6207
6207
6216
6185
6179
6154
6154
6133
6133
6133
6110
6110
6110
6105
6098
6042
6074
6074
6112
6149
6149
6102
6111
6111
6099
6145
6145
6087
6058
6033
6033
6033
6043
6086
6086
6037
6037
6030
6014
6005
6024
6064
6114
6114
6123
6077
6022
6022
5997
5989
5989
5989
5989
6001
5914
5914
5912
5939
5939
5912
5912
5912
5912
5920
5920
5914
5983
5942
5942
5942
5942
5899
5815
5817
5889
5889
5889
5889
5889
5945
5945
5945
5945
5945
5945
5952
5999
6057
6042
6042
6062
6062
6065
5995
6075
6088
6088
6067
6093
6116
6116
6149
6096
6033
6005
6005
5937
5937
5847
5847
5847
5867
5885
5864
5843
5894
5892
5896
5933
5985
5985
6002
5991
6080
6067
6067
6067
6080
6217
6217
6202
6202
6261
6216
6255
6226
6211
6169
6212
6209
6193
6210
6248
6248
6248
6265
6265
6243
6243
6272
6331
6285
6256
6256
6256
6166
6191
6110
6062
6062
6076
6076
6045
6045
6107
6107
6107
6107
5984
5964
5953
5898
5952
5952
5952
5952
5952
5973
5911
5923
5923
5923
5935
5923
5974
5984
6006
5998
5986
5973
5973
5970
6055
6055
5944
6009
6009
6009
5958
5958
5958
6013
6013
5997
6082
6026
6015
6015
6015
6036
6037
6044
6044
5982
5998
6049
6049
6111
6049
6032
6049
6049
6042
6055
5991
5991
5975
5975
5985
6046
6046
5999
5966
5918
5998
5967
5967
5913
5923
5913
5913
5994
5949
5934
5903
5939
5963
5983
6050
6113
6056
6056
6056
6042
6080
6080
6062
6062
6078
6096
6089
6089
6089
6049
6049
6076
6082
6080
6080
6080
6080
6089
6159
6179
6179
6197
6197
6137
6060
6031
6019
6019
6019
6024
6024
6012
6012
5984
5984
5986
5956
5963
5963
6017
5976
6004
6082
5974
5973
5973
5973
5977
5981
6022
6044
6044
6063
6063
6018
6018
5979
5916
5920
5960
5965
5965
5965
5965
6016
6038
6054
6023
6023
6023
5997
5882
5887
5887
5896
5896
5896
5896
5896
5896
5914
5914
5896
5896
5839
5839
5946
5946
5878
5878
5873
5873
5975
5973
5973
6006
6025
6064
6057
6057
6063
6010
6032
5960
5947
5931
5923
6003
5989
5968
5992
5968
6002
5920
5980
6028
5992
6000
5959
5938
5926
5926
5951
5951
5927
5934
5941
5907
5899
5903
5903
5885
5885
5916
5826
5826
5826
5778
5778
5779
5768
5758
5758
5758
5758
5758
5753
5841
5856
5860
5901
5926
5926
5884
5884
5845
5819
5765
5765
5741
5728
5700
5700
5700
5718
5739
5712
5755
5841
5841
5752
5808
5808
5808
5793
5798
5788
5788
5776
5769
5772
5772
5752
5752
5815
5833
5844
5874
5857
5857
5854
5854
5854
5854
5854
5877
5877
5919
5919
5902
5902
5868
5851
5851
5851
5826
5799
5799
5799
5799
5799
5839
5839
5872
5872
5872
5934
5934
5934
5934
5934
5887
5887
5881
5881
5881
5881
5943
5943
5943
5943
5943
5943
5946
5974
5974
6029
6029
6029
5982
5959
5939
5855
5855
5853
5782
5826
5784
5814
5792
5784
5784
5784
5742
5763
5796
5796
5796
5796
5796
5844
5829
5829
5808
5857
5863
5863
5863
5932
5902
5965
6111
6111
6111
6111
5965
5965
5988
5976
5987
5964
5941
5941
5941
5941
5941
5941
5941
5917
5917
5917
5917
5851
5851
5849
5839
5839
5839
5839
5792
5792
5792
5792
5812
5812
5812
5812
5845
5812
5845
5865
5865
5865
5908
5908
5908
5908
5911
5911
5923
5930
5930
5941
5941
5972
5972
5972
5972
5960
5960
5960
5960
5960
5960
6001
6005
6005
6025
6025
6025
6025
6025
6025
5992
5992
5992
5992
5992
6022
5974
5974
6033
5949
5949
5878
5931
5906
5889
5889
5889
5904
5901
5909
5969
5969
5898
5919
5949
5995
6013
5952
5952
5952
5952
5937
5980
6045
6065
6065
6065
6065
6065
6089
6142
6166
6228
6228
6151
6073
6073
6058
6058
6058
6065
6065
6027
5994
5994
5952
5942
6000
5929
5889
5880
5877
5877
5970
5970
5987
6033
6018
6016
6042
6042
6102
6102
6050
6077
6077
6077
6077
6077
6077
6096
6147
6147
6147
6130
6130
6130
6130
6130
6132
6147
6147
6147
6147
6147
6148
6148
6086
6063
6063
6063
5986
5973
5915
5839
5839
5818
5856
5856
5893
5966
5965
5944
5944
5944
5887
5849
5918
5929
5929
5929
5929
5929
5929
5929
5929
6080
6050
6090
6090
6172
6180
6172
6053
6047
6047
6047
5993
5993
6004
6004
6004
6042
6076
6076
6149
6038
6117
6117
6049
6022
5987
5986
5986
5998
5998
5971
5931
5959
5983
5952
5952
6050
6048
6067
6136
6136
6088
6121
6069
6134
6095
6095
6071
6071
6071
6067
6067
6147
6064
6064
6071
6136
6136
6109
6143
6143
6119
6054
6118
6168
6168
6151
6254
6254
6158
6158
6158
6173
6173
6182
6136
6131
6110
6102
6094
6136
6136
6109
6086
6019
5932
5932
5932
5932
5999
5999
5999
5908
5908
5908
5956
5908
5962
6048
6048
6057
5993
5993
6040
6054
6054
6054
6054
6054
6067
6054
6023
6023
6023
5971
5971
5971
6084
6192
6165
6165
6149
6084
6091
6091
6091
6005
6005
6005
6021
6031
6038
6053
6035
6035
6056
6014
5983
5983
5927
5951
5927
5949
5938
5938
5938
5951
5956
6005
6070
6113
6113
6113
6113
6063
6114
6148
6131
6131
6131
6131
6102
6018
5940
6026
6050
5951
5991
6029
5957
5957
5957
5985
5980
5980
5980
5980
5923
5937
5937
5884
5975
5901
5798
5768
5787
5787
5808
5870
5870
5933
5945
5928
5846
5792
5792
5747
5748
5748
5748
5704
5768
5776
5776
5772
5772
5772
5772
5792
5858
5858
5899
5869
5845
5845
5903
5919
5966
6030
6030
6001
6042
6015
6094
6094
6094
6042
6026
6026
6097
6097
6040
6033
6046
6046
6068
6028
6028
6151
6151
6156
6156
6046
6029
5956
5956
5956
5878
5952
5952
5952
5895
5951
5955
5955
5955
5959
5979
5906
5922
5881
5928
5899
5899
5836
5891
5823
5823
5823
5806
5806
5806
5806
5806
5806
5830
5824
5821
5855
5856
5890
5941
5901
5872
5872
5895
5895
5895
6027
6027
5915
5923
5928
5928
5875
5872
5872
5867
5896
5896
5867
5839
5839
5839
5839
5839
5890
5890
5890
5890
5890
5910
5911
5911
5926
5926
5926
5882
5879
5931
5931
5931
5846
5846
5911
5911
5911
5911
5972
5922
5922
5922
5982
5982
5982
5982
5982
6037
6037
5980
5980
5980
5997
5997
5997
5942
5954
5954
5954
5954
6000
6000
5961
5961
5961
5961
5961
5996
5957
5938
5938
5880
5880
5880
5880
5881
5881
5881
5904
5887
5887
5835
5835
5816
5872
5872
5793
5795
5757
5794
5794
5794
5794
5878
5897
5881
5939
5939
5939
5934
5993
5993
6047
6057
6082
6031
6031
6031
6090
6090
6090
6090
6090
6090
6090
6090
6090
6053
6053
6053
6053
6053
6053
6053
6053
6089
6089
6147
6135
6132
6132
6109
6054
6058
6082
6082
6082
6150
6150
6121
6121
6121
6121
6121
6212
6192
6268
6268
6270
6266
6251
6237
6237
6288
6195
6195
6185
6185
6185
6162
6153
6153
6171
6171
6171
6171
6171
6230
6232
6232
6072
6095
6095
6095
6095
6057
6057
6057
6057
6057
6057
6057
6060
6035
6035
6089
6089
6089
6052
6074
6074
6117
6156
6139
6139
6139
6127
6139
6139
6139
6146
6146
6146
6239
6239
6239
6237
6237
6237
6237
6237
6237
6237
6237
6253
6359
6405
6352
6321
6321
6321
6303
6289
6236
6214
6168
6168
6168
6215
6241
6324
6324
6324
6261
6261
6197
6197
6197
6194
6194
6194
6193
6193
6191
6241
6241
6274
6301
6297
6280
6280
6223
6223
6159
6172
6172
6172
6172
6172
6259
6206
6188
6188
6154
6154
6154
6151
6114
6164
6205
6205
6178
6190
6190
6204
6209
6249
6187
6133
6133
6065
6097
6097
6097
6061
6028
6028
6036
6036
6036
6036
6036
6036
6036
5952
5964
5964
5964
5935
5915
5959
5959
5959
5966
5966
5957
5930
6003
6003
6019
6019
5996
5984
6024
6024
6024
6024
6024
5989
5989
5936
5879
5879
5879
5879
6050
6050
6050
6055
6131
6176
6176
6185
6185
6185
6165
6165
6165
6156
6156
6093
6140
6140
6105
6140
6140
6026
6072
6176
6176
6176
6249
6249
6244
6244
6244
6244
6244
6166
6171
6191
6191
6238
6238
6238
6090
6027
6027
6188
6188
6188
6073
6073
6037
6037
6007
6036
5982
5982
5982
5971
5902
5902
5904
5904
5952
5964
5949
5982
5964
5964
5929
5929
5929
5886
5847
5847
5857
5848
5848
5848
5867
5813
5815
5838
5838
5838
5843
5775
5821
5855
5830
5836
5892
5934
5988
6012
6039
6108
6122
6111
6077
6086
6070
6056
6113
6134
6095
6050
6050
6044
5926
6004
5911
5884
5917
5965
5965
5965
5963
5975
6079
6076
6089
6053
6053
6149
6149
6149
6149
6149
6149
6149
6134
6134
6090
6090
6171
6171
6062
6062
6115
6115
6115
6115
6115
6163
6163
6163
6227
6227
6227
6112
6112
6043
5963
5963
5963
5963
5913
5974
5974
5974
5937
5951
5972
5967
5967
6002
6002
6002
6002
5958
5909
5926
5982
5982
6023
6023
6041
6035
6035
6038
6038
6020
6033
6033
6033
5992
6006
5988
5988
5988
6097
6097
6097
6036
6036
6028
5988
6012
5982
5982
5982
5982
5993
5993
5993
5993
5975
5984
5957
5957
5957
5938
5938
5938
5938
5916
5962
5962
5988
5988
5980
5980
5974
5974
5974
5974
5974
5908
5908
5865
5865
5865
5865
5865
5767
5767
5767
5773
5773
5773
5776
5776
5787
5836
5826
5841
5918
5855
5892
5836
5891
5891
5891
5837
5896
5926
5926
5939
5934
5907
5907
5907
5907
5863
5888
5862
5908
5913
5913
5963
5888
5888
5888
5888
5885
5876
5933
5963
5963
5963
5944
5944
5961
5913
5920
5913
5923
5965
5959
5959
5959
5959
5979
5979
5965
6029
6058
6074
6081
5991
5991
5991
5973
5973
5973
5928
6028
6050
6035
6044
6065
6108
6134
6186
6186
6186
6180
6067
5988
5921
5873
5873
5845
5893
5893
5893
5922
5922
5922
5925
5889
5877
5915
5915
5932
5845
5845
5845
5845
5845
5845
5845
5855
5855
5855
5879
5863
5845
5845
5834
5849
5849
5849
5849
5849
5849
5849
5895
5913
5909
5909
5851
5950
5967
5967
5938
5984
6053
6068
5983
5983
5983
5983
6001
5942
5942
5942
5974
5974
5936
5936
5913
5913
5925
5925
5941
5941
5941
5941
5941
5941
5972
5972
5994
5966
5966
5966
5966
6038
6038
6031
5997
5997
5997
5959
5978
5959
5959
5959
5998
5982
5982
5982
5982
5982
5982
5982
5982
5982
5982
6051
6092
6106
6106
6106
6106
6100
6085
6148
6148
6148
6148
6148
6148
6148
6148
6148
6148
6148
6148
6140
6140
6078
6078
6078
6105
6105
6080
6100
6100
6124
6130
6130
6130
6130
6121
6121
6121
6121
6103
6103
6103
6103
6103
6103
6052
6052
5952
5952
5907
5907
5875
5882
5866
5907
5909
5846
5846
5846
5775
5795
5795
5795
5826
5823
5823
5816
5816
5816
5816
5798
5826
5826
5822
5822
5781
5786
5786
5826
5826
5826
5824
5824
5795
5795
5852
5880
5880
5880
5880
5840
5779
5825
5796
5832
5832
5777
5750
5750
5772
5772
5772
5884
5884
5795
5740
5740
5803
5814
5814
5814
5816
5759
5758
5759
5744
5744
5746
5746
5719
5757
5794
5794
5794
5794
5792
5769
5761
5736
5736
5736
5736
5736
5736
5736
5736
5675
5673
5673
5673
5758
5758
5790
5790
5790
5790
5736
5787
5787
5787
5787
5787
5787
5717
5717
5763
5802
5782
5782
5782
5782
5789
5789
5811
5914
5902
5902
5902
5868
5819
5819
5896
5896
5896
5943
5900
5892
5885
5885
5868
5853
5802
5802
5802
5801
5801
5867
5790
5790
5797
5811
5796
5776
5810
5856
5865
5865
5868
5868
5863
5915
5915
5934
5965
5919
5919
5919
5894
5894
5909
5923
5911
5911
5911
5909
5908
5908
5881
5881
5846
5846
5846
5856
5868
5866
5866
5866
5866
5773
5771
5771
5756
5776
5827
5861
5842
5842
5842
5811
5875
5867
5867
5867
5867
5883
5883
5883
5883
5849
5849
5903
5904
5895
5896
5896
5856
5851
5870
5870
5790
5790
5796
5809
5809
5809
5809
5828
5823
5823
5772
5772
5774
5774
5778
5778
5778
5778
5778
5739
5755
5749
5841
5795
5792
5792
5792
5789
5789
5778
5739
5739
5739
5811
5811
5811
5811
5811
5811
5830
5830
5846
5846
5862
5862
5855
5855
5855
5855
5855
5811
5822
5822
5822
5833
5833
5833
5833
5858
5847
5847
5847
5847
5859
5865
5910
5870
5897
5897
5841
5841
5868
5863
5801
5833
5840
5745
5745
5745
5745
5745
5745
5795
5806
5763
5754
5754
5754
5754
5754
5754
5754
5754
5775
5776
5776
5851
5851
5914
5914
5914
5924
5924
5924
5875
5916
5818
5816
5797
5847
5837
5837
5837
5799
5799
5799
5816
5816
5880
5893
5909
5929
5929
5929
5929
5929
5922
5922
5922
5849
5948
6014
6014
6047
6047
6047
6047
6077
6100
6100
6100
6122
6122
6143
6143
6191
6191
6141
6168
6168
6112
6106
6093
6093
6093
6085
6097
6097
6134
6135
6135
6135
6126
6126
6134
6066
6066
6050
6076
6029
6034
6013
6060
6029
6027
6042
6012
6007
5994
5997
5978
5994
5982
5982
6017
5982
5982
6054
6054
6054
6052
6052
6058
6058
6116
6116
6116
6092
6072
5988
5945
5945
5932
5932
5932
5898
5898
5898
5898
5898
5931
5968
5966
5998
6007
6066
6066
6086
6027
6038
6038
5961
5998
5998
5968
5968
5919
5899
5920
5853
5862
5853
5822
5842
5896
5863
5863
5936
5936
5915
5859
5859
5859
5853
5860
5832
5868
5889
5889
5970
5970
5927
5915
5891
5891
5891
5931
5931
5963
6017
6008
5941
5941
5941
5898
5898
5898
5898
5898
5935
5935
5854
5854
5874
5874
5925
5982
5982
5982
6012
6016
6025
6025
6015
6070
6070
6070
6089
6064
6064
6000
6000
6000
6062
6062
6062
6022
6001
6001
6001
5993
5993
5961
5970
5938
5915
5915
5910
5910
5910
5916
5925
5925
5925
5925
5925
5933
5933
5882
5838
5838
5838
5838
5866
5853
5853
5818
5818
5818
5877
5894
5894
5885
5838
5838
5851
5851
5851
5828
5828
5822
5799
5799
5786
5796
5796
5796
5786
5804
5804
5804
5804
5804
5796
5892
5892
5892
5875
5875
5858
5858
5914
5914
5914
6008
6008
5997
5997
5997
6037
6037
6037
6017
6019
6019
6019
5990
5990
5975
5975
5975
5991
5991
5991
5991
5991
5991
6021
6021
6021
5961
5961
5961
5961
5961
5961
5961
5961
5961
5897
5897
5897
5897
5897
5897
5897
5897
5897
5901
5901
5777
5777
5809
5809
5840
5835
5835
5835
5804
5804
5804
5812
5812
5812
5808
5808
5895
5872
5872
5872
5872
5872
5872
5872
5842
5842
5803
5803
5803
5815
5815
5821
5821
5821
5821
5840
5821
5809
5809
5810
5801
5801
5801
5801
5774
5771
5771
5771
5771
5783
5795
5795
5818
5818
5791
5822
5822
5822
5822
5805
5803
5788
5798
5798
5798
5798
5798
5798
5798
5798
5798
5798
5891
5891
5891
5854
5854
5854
5854
5794
5794
5794
5794
5794
5770
5770
5770
5770
5770
5770
5770
5770
5770
5770
5770
5770
5770
5770
5770
5770
5770
5770
5770
5770
5770
5770
5770
5770
5770
5770
5770
5770
5770
5770
5770
5770
5770
5770
5770
5770
5770
5777
5784
5784
5763
5740
5756
5756
5778
5778
5774
5740
5710
5710
5710
5710
5719
5743
5743
5740
5740
5736
5736
5736
5736
5772
5772
5772
5772
5782
5782
5779
5779
5785
5785
5763
5763
5769
5769
5769
5754
5788
5826
5829
5792
5792
5792
5792
5792
5714
5801
5801
5801
5773
5749
5757
5739
5763
5763
5763
5776
5779
5759
5754
5714
5714
5714
5723
5723
5748
5748
5767
5767
5791
5822
5770
5770
5841
5841
5841
5755
5755
5782
5782
5782
5782
5782
5782
5782
5806
5770
5809
5809
5809
5809
5784
5762
5762
5762
5762
5762
5762
5781
5762
5756
5756
5756
5793
5793
5793
5768
5768
5768
5763
5713
5713
5769
5736
5721
5727
5727
5725
5725
5725
5725
5725
5725
5725
5725
5725
5725
5725
5706
5706
5706
5764
5764
5764
5764
5721
5696
5701
5701
5701
5699
5699
5683
5718
5718
5659
5684
5684
5684
5684
5684
5684
5684
5684
5684
5684
5684
5684
5684
5684
5684
5702
5702
5702
5702
5702
5702
5702
5715
5715
5715
5657
5657
5657
5657
5657
5657
5657
5657
5657
5657
5657
5657
5667
5667
5657
5657
5657
5673
5760
5755
5755
5755
5807
5807
5847
5847
5847
5793
5793
5793
5793
5793
5777
5755
5755
5773
5773
5773
5773
5773
5828
5790
5790
5746
5746
5749
5762
5762
5760
5760
5760
5760
5760
5760
5760
5745
5766
5721
5721
5687
5687
5687
5687
5687
5687
5690
5687
5687
5687
5751
5751
5751
5751
5751
5751
5751
5751
5751
5723
5723
5706
5706
5706
5706
5706
5726
5726
5726
5687
5695
5687
5687
5723
5723
5723
5735
5735
5724
5724
5724
5724
5724
5739
5739
5739
5739
5761
5761
5761
5822
5822
5832
5761
5818
5818
5818
5818
5818
5818
5818
5818
5818
5846
5816
5820
5820
5820
5820
5820
5851
5851
5851
5864
5853
5853
5853
5853
5791
5791
5791
5718
5715
5715
5715
5715
5715
5715
5715
5715
5715
5715
5715
5670
5670
5670
5670
5670
5707
5707
5707
5707
5702
5703
5703
5703
5703
5703
5710
5697
5669
5669
5669
5697
5697
5697
5654
5654
5654
5654
5654
5654
5654
5654
5676
5676
5676
5676
5676
5676
5703
5651
5666
5666
5666
5666
5666
5666
5666
5643
5643
5643
5643
5643
5643
5643
5643
5650
5709
5726
5726
5726
5792
5759
5746
5746
5746
5746
5746
5745
5745
5745
5745
5778
5778
5778
5778
5778
5778
5778
5778
5778
5778
5799
5808
5808
5765
5765
5765
5765
5765
5765
5765
5765
5765
5765
5765
5739
5739
5739
5739
5739
5739
5739
5739
5700
5700
5700
5700
5700
5700
5700
5700
5700
5700
5700
5700
5700
5719
5719
5719
5719
5730
5730
5741
5741
5717
5717
5717
5727
5735
5761
5735
5735
5733
5724
5724
5724
5724
5724
5724
5724
5700
5786
5737
5737
5806
5764
5781
5781
5781
5811
5818
5818
5818
5854
5854
5946
5968
5968
5968
6055
6038
6038
6038
5990
5990
5990
5985
5985
5985
5927
5927
5927
5927
5902
5902
5902
5902
5902
5907
5911
5823
5820
5815
5815
5806
5856
5838
5838
5791
5798
5798
5798
5801
5801
5788
5788
5788
5788
5790
5781
5781
5781
5781
5815
5766
5750
5750
5750
5741
5741
5790
5800
5801
5794
5794
5794
5803
5803
5803
5779
5779
5768
5768
5787
5787
5787
5791
5791
5791
5794
5794
5794
5794
5794
5794
5794
5794
5794
5794
5811
5811
5800
5800
5848
5809
5822
5786
5786
5764
5764
5764
5857
5815
5815
5797
5799
5705
5705
5665
5665
5665
5678
5678
5678
5678
5678
5730
5730
5730
5730
5730
5740
5740
5732
5727
5727
5727
5695
5680
5680
5673
5653
5725
5675
5653
5652
5652
5652
5652
5652
5652
5652
5652
5652
5652
5652
5652
5659
5659
5659
5659
5659
5659
5659
5743
5743
5759
5661
5661
5661
5661
5661
5661
5661
5661
5661
5671
5668
5682
5705
5715
5702
5673
5660
5660
5648
5705
5705
5725
5727
5727
5773
5773
5773
5767
5767
5767
5767
5787
5760
5867
5867
5867
5867
5884
5884
5884
5884
5863
5776
5776
5776
5776
5776
5776
5782
5852
5834
5834
5834
5834
5834
5834
5797
5797
5771
5771
5771
5771
5771
5771
5771
5803
5803
5803
5803
5807
5755
5755
5774
5774
5789
5789
5732
5732
5732
5794
5775
5794
5794
5789
5764
5764
5764
5764
5764
5765
5765
5765
5765
5729
5729
5707
5707
5744
5718
5718
5718
5718
5718
5718
5718
5718
5718
5718
5718
5718
5718
5709
5674
5674
5674
5674
5666
5666
5701
5683
5683
5683
5672
5704
5704
5728
5710
5710
5710
5704
5687
5687
5687
5701
5701
5708
5708
5705
5705
5705
5668
5668
5668
5668
5672
5672
5738
5738
5738
5787
5787
5787
5787
5797
5787
5787
5787
5787
5787
5787
5810
5810
5756
5756
5756
5756
5764
5764
5764
5764
5764
5764
5764
5764
5758
5758
5756
5756
5756
5756
5756
5756
5756
5756
5756
5756
5756
5756
5778
5778
5778
5746
5773
5773
5773
5773
5803
5803
5803
5803
5803
5803
5803
5803
5819
5819
5850
5850
5850
5799
5821
5755
5788
5762
5762
5733
5735
5735
5735
5735
5735
5765
5752
5759
5759
5759
5757
5759
5772
5772
5772
5772
5772
5727
5728
5728
5726
5726
5726
5726
5726
5726
5726
5726
5726
5726
5801
5849
5865
5865
5865
5865
5865
5865
5856
5856
5856
5856
5784
5784
5784
5784
5798
5798
5784
5784
5855
5902
5873
5873
5873
5903
5903
5903
5903
5855
5855
5855
5855
5855
5855
5820
5820
5782
5830
5830
5814
5793
5832
5832
5823
5823
5823
5823
5823
5852
5834
5834
5819
5819
5819
5819
5819
5815
5815
5815
5802
5802
5802
5802
5802
5802
5802
5802
5760
5760
5760
5760
5760
5776
5776
5776
5776
5776
5759
5759
5759
5764
5774
5774
5742
5790
5798
5798
5798
5807
5807
5806
5806
5806
5821
5821
5821
5840
5840
5823
5824
5823
5823
5823
5832
5832
5832
5832
5832
5786
5786
5786
5786
5786
5786
5786
5786
5786
5786
5786
5794
5799
5799
5786
5786
5786
5786
5786
5786
5786
5786
5786
5786
5786
5786
5786
5786
5786
5786
5786
5786
5786
5786
5786
5786
5759
5759
5759
5759
5759
5782
5782
5782
5782
5782
5782
5782
5782
5782
5782
5782
5782
5782
5782
5782
5782
5782
5782
5782
5730
5730
5730
5730
5730
5730
5791
5774
5749
5749
5749
5749
5749
5739
5739
5750
5750
5750
5750
5738
5738
5738
5738
5738
5738
5738
5738
5738
5738
5737
5737
5737
5737
5737
5719
5719
5721
5739
5739
5739
5736
5736
5736
5735
5721
5721
5721
5721
5721
5721
5721
5721
5721
5721
5745
5757
5757
5757
5796
5796
5796
5796
5799
5799
5799
5794
5772
5772
5785
5765
5765
5765
5753
5753
5753
5770
5791
5791
5793
5793
5793
5791
5791
5791
5791
5791
5791
5791
5793
5793
5793
5806
5812
5794
5791
5791
5791
5753
5753
5753
5753
5684
5684
5684
5684
5684
5676
5676
5676
5676
5676
5654
5654
5654
5654
5654
5640
5640
5640
5640
5640
5657
5663
5663
5663
5663
5663
5663
5663
5663
5663
5663
5663
5668
5668
5668
5668
5668
5668
5668
5653
5653
5653
5653
5653
5653
5653
5653
5653
5653
5612
5612
5612
5646
5646
5646
5646
5646
5634
5634
5634
5634
5634
5634
5634
5634
5634
5627
5627
5627
5627
5627
5627
5662
5662
5662
5662
5662
5651
5651
5651
5651
5651
5651
5651
5651
5646
5646
5646
5646
5659
5649
5649
5655
5655
5655
5655
5655
5655
5655
5655
5655
5655
5655
5655
5655
5655
5655
5655
5655
5655
5655
5665
5665
5665
5665
5665
5665
5692
5692
5692
5692
5688
5708
5708
5708
5708
5691
5701
5701
5701
5671
5694
5694
5694
5673
5673
5671
5706
5678
5671
5671
5671
5671
5671
5671
5671
5672
5672
5671
5671
5671
5671
5680
5680
5680
5680
5699
5699
5699
5720
5688
5688
5688
5652
5659
5659
5659
5659
5659
5633
5633
5636
5636
5636
5636
5636
5633
5633
5633
5633
5633
5633
5633
5633
5633
5633
5637
5637
5637
5653
5653
5653
5653
5653
5653
5653
5653
5653
5637
5637
5687
5687
5687
5687
5715
5715
5715
5691
5691
5691
5691
5688
5695
5695
5726
5726
5727
5733
5733
5733
5733
5733
5733
5733
5733
5733
5733
5733
5733
5733
5733
5743
5775
5775
5762
5762
5756
5756
5756
5756
5735
5725
5714
5714
5714
5743
5700
5700
5700
5708
5708
5708
5708
5708
5708
5708
5708
5708
5708
5708
5719
5708
5708
5708
5708
5700
5700
5713
5713
5729
5729
5729
5729
5729
5729
5729
5729
5730
5683
5683
5683
5683
5687
5687
5687
5681
5681
5681
5695
5695
5687
5687
5716
5716
5716
5716
5716
5706
5756
5721
5721
5721
5721
5721
5721
5721
5721
5721
5722
5719
5719
5727
5727
5698
5698
5699
5699
5699
5680
5680
5680
5680
5671
5654
5654
5654
5654
5654
5654
5654
5654
5654
5654
5654
5654
5654
5654
5641
5633
5633
5633
5639
5639
5639
5646
5646
5646
5646
5646
5646
5646
5646
5628
5628
5628
5628
5628
5629
5629
5633
5633
5633
5633
5633
5662
5662
5643
5643
5643
5643
5643
5629
5629
5629
5629
5629
5629
5593
5593
5593
5585
5585
5585
5585
5585
5585
5585
5585
5587
5587
5587
5587
5587
5587
5587
5585
5585
5585
5585
5585
5585
5585
5585
5585
5585
5585
5585
5585
5585
5585
5585
5585
5585
5585
5585
5585
5585
5585
5585
5585
5585
5585
5585
5597
5599
5618
5618
5618
5618
5585
5585
5585
5585
5585
5585
5585
5585
5585
5585
5585
5585
5585
5585
5585
5626
5626
5626
5635
5660
5660
5641
5619
5585
5585
5585
5585
5585
5589
5585
5585
5585
5585
5585
5605
5618
5618
5618
5618
5618
5619
5621
5631
5601
5601
5601
5601
5601
5601
5601
5601
5613
5613
5613
5613
5613
5613
5613
5613
5613
5613
5613
5613
5613
5613
5613
5613
5613
5613
5613
5613
5613
5600
5600
5600
5600
5600
5600
5600
5600
5600
5600
5600
5600
5605
5605
5605
5605
5605
5605
5605
5605
5605
5605
5605
5605
5605
5605
5605
5605
5605
5605
5605
5605
5605
5605
5605
5605
5605
5605
5622
5622
5622
5622
5605
5605
5605
5605
5605
5605
5605
5605
5605
5605
5605
5605
5605
5605
5605
5605
5605
5605
5605
5605
5605
5605
5605
5605
5605
5605
5605
5605
5605
5605
5605
5605
5605
5625
5625
5605
5618
5642
5605
5605
5605
5605
5605
5605
5605
5605
5605
5605
5605
5605
5605
5605
5619
5619
5619
5644
5644
5644
5651
5623
5623
5624
5623
5623
5623
5623
5623
5623
5623
5645
5645
5645
5645
5645
5645
5653
5653
5615
5615
5615
5615
5615
5615
5615
5615
5615
5615
5607
5607
5607
5607
5607
5607
5607
5607
5607
5607
5607
5607
5607
5607
5635
5635
5635
5655
5655
5655
5655
5655
5655
5655
5655
5655
5655
5655
5655
5655
5655
5655
5655
5655
5655
5657
5655
5655
5655
5682
5682
5682
5682
5682
5682
5682
5682
5682
5682
5682
5682
5682
5682
5683
5690
5690
5690
5690
5690
5690
5690
5690
5690
5690
5690
5694
5694
5694
5694
5723
5718
5728
5711
5711
5711
5711
5711
5711
5711
5711
5711
5711
5711
5711
5711
5711
5711
5711
5711
5711
5707
5707
5707
5707
5707
5707
5707
5707
5707
5691
5691
5691
5691
5691
5677
5677
5677
5677
5677
5682
5682
5682
5682
5682
5682
5682
5684
5682
5682
5682
5692
5692
5692
5692
5701
5701
5701
5682
5682
5682
5682
5682
5682
5682
5708
5708
5708
5708
5697
5697
5697
5708
5708
5708
5731
5731
5684
5684
5684
5684
5684
5684
5684
5684
5684
5684
5684
5684
5705
5713
5713
5713
5684
5684
5684
5684
5684
5684
5684
5684
5684
5710
5710
5710
5710
5710
5710
5710
5710
5710
5724
5724
5710
5710
5710
5710
5710
5710
5710
5710
5710
5710
5710
5710
5714
5710
5710
5710
5710
5710
5722
5722
5722
5722
5722
5722
5722
5722
5722
5722
5722
5722
5729
5729
5737
5737
5737
5737
5710
5714
5714
5714
5714
5714
5714
5714
5706
5706
5706
5706
5706
5706
5707
5707
5706
5706
5706
5706
5699
5699
5699
5691
5708
5708
5686
5686
5686
5686
5686
5685
5685
5704
5710
5710
5710
5710
5710
5710
5710
5707
5707
5666
5697
5665
5665
5665
5667
5667
5667
5667
5667
5661
5661
5660
5660
5660
5660
5660
5660
5660
5660
5660
5660
5660
5660
5638
5638
5638
5638
5638
5618
5618
5618
5618
5618
5618
5633
5633
5633
5633
5633
5633
5633
5633
5633
5633
5626
5626
5626
5620
5620
5629
5629
5629
5629
5630
5630
5632
5632
5632
5632
5632
5632
5632
5632
5632
5632
5632
5632
5630
5622
5622
5594
5594
5594
5594
5594
5594
5594
5594
5594
5594
5594
5594
5594
5594
5594
5594
5594
5642
5642
5642
5642
5606
5598
5598
5598
5598
5598
5598
5598
5598
5598
5598
5598
5594
5594
5594
5594
5594
5594
5594
5598
5598
5599
5599
5599
5599
5599
5599
5599
5599
5599
5599
5599
5599
5599
5599
5599
5599
5600
5599
5599
5599
5599
5597
5597
5597
5597
5597
5597
5597
5597
5597
5597
5597
5597
5619
5619
5619
5619
5603
5603
5603
5603
5603
5599
5599
5599
5599
5599
5599
5599
5599
5599
5595
5595
5595
5594
5599
5599
5599
5599
5599
5599
5599
5599
5599
5599
5594
5594
5594
5594
5594
5594
5594
5594
5594
5594
5594
5594
5594
5594
5594
5594
5594
5594
5594
5594
5601
5601
5601
5601
5597
5597
5600
5600
5600
5600
5600
5600
5600
5600
5600
5600
5600
5590
5590
5590
5590
5590
5590
5590
5590
5590
5590
5590
5590
5590
5590
5590
5590
5609
5609
5609
5609
5609
5609
5609
5609
5609
5615
5615
5615
5615
5615
5615
5615
5615
5615
5615
5615
5615
5615
5615
5615
5615
5615
5615
5615
5615
5615
5615
5607
5607
5607
5607
5607
5607
5607
5606
5606
5606
5606
5606
5606
5606
5606
5606
5606
5606
5606
5606
5606
5606
5606
5606
5606
5606
5606
5606
5606
5606
5606
5606
5606
5606
5606
5606
5606
5606
5606
5606
5606
5606
5606
5606
5606
5606
5612
5612
5612
5612
5611
5625
5625
5625
5606
5606
5606
5606
5606
5606
5606
5606
5606
5606
5606
5606
5606
5606
5606
5606
5606
5606
5606
5606
5606
5606
5606
5606
5606
5606
5606
5606
5606
5606
5606
5606
5606
5606
5606
5606
5606
5606
5606
5606
5606
5606
5606
5606
5606
5606
5606
5606
5606
5606
5606
5648
5648
5648
5648
5648
5648
5648
5654
5654
5654
5654
5654
5654
5654
5631
5640
5640
5640
5640
5640
5640
5653
5653
5640
5605
5606
5606
5606
5606
5606
5606
5606
5606
5606
5606
5606
5606
5606
5606
5594
5590
5590
5590
5590
5590
5590
5590
5590
5590
5590
5590
5588
5588
5588
5588
5588
5588
5588
5588
5588
5588
5588
5588
5588
5588
5605
5605
5605
5605
5574
5574
5574
5574
5576
5576
5576
5576
5576
5576
5576
5576
5578
5581
5581
5581
5581
5582
5582
5581
5581
5581
5581
5581
5581
5581
5581
5581
5581
5587
5587
5587
5587
5587
5587
5587
5587
5587
5587
5587
5587
5587
5587
5587
5587
5587
5587
5587
5587
5587
5587
5587
5587
5597
5597
5597
5590
5587
5587
5587
5587
5587
5587
5587
5587
5587
5587
5587
5587
5587
5587
5587
5594
5594
5587
5587
5587
5587
5587
5587
5587
5587
5587
5587
5587
5595
5595
5582
5582
5582
5582
5582
5582
5582
5582
5582
5582
5582
5582
5582
5582
5582
5582
5582
5582
5582
5582
5582
5582
5582
5583
5591
5591
5591
5591
5591
5591
5591
5591
5591
5591
5591
5591
5591
5591
5591
5591
5594
5594
5594
5589
5589
5604
5592
5592
5592
5592
5592
5576
5576
5576
5576
5576
5576
5576
5576
5576
5591
5591
5591
5591
5591
5591
5591
5591
5586
5586
5586
5582
5576
5576
5576
5576
5576
5576
5576
5576
5576
5576
5576
5576
5584
5584
5584
5584
5584
5584
5584
5565
5565
5565
5565
5565
5565
5565
5565
5565
5565
5565
5565
5565
5565
5565
5565
5565
5565
5565
5565
5565
5565
5565
5565
5565
5565
5565
5565
5565
5565
5565
5565
5565
5565
5565
5565
5565
5565
5565
5565
5565
5565
5565
5565
5565
5565
5555
5555
5555
5555
5555
5555
5555
5555
5555
5555
5555
5555
5555
5555
5555
5555
5555
5555
5555
5555
5555
5556
5556
5556
5556
5556
5556
5555
5555
5555
5555
5555
5555
5555
5555
5555
5555
5555
5555
5555
5555
5555
5555
5555
5555
5555
5555
5555
5555
5555
5555
5555
5555
5555
5555
5555
5555
5555
5555
5555
5555
5555
5555
5555
5555
5555
5555
5555
5555
5555
5555
5555
5555
5555
5555
5555
5555
5555
5555
5555
5555
5555
5555
5555
5555
5555
5555
5555
5555
5555
5555
5555
5555
5555
5555
5555
5555
5555
5555
5555
5555
5555
5555
5555
5558
5558
5558
5555
5555
5555
5555
5555
5555
5555
5555
5555
5555
5555
5555
5555
5555
5555
5555
5555
5555
5555
5555
5555
5555
5555
5555
5555
5555
5555
5555
5555
5555
5555
5555
5555
5555
5555
5555
5555
5555
5555
5555
5555
5555
5555
5555
5555
5555
5555
5555
5555
5555
5555
5555
5555
5555
5555
5555
5555
5555
5555
5555
5555
5555
5555
5555
5555
5555
5555
5555
5529
5529
5529
5529
5529
5529
5529
5529
5529
5529
5529
5529
5529
5529
5533
5533
5533
5533
5533
5533
5533
5533
5544
5544
5544
5544
5544
5544
5544
5544
5546
5546
5546
5546
5546
5546
5546
5546
5546
5546
5546
5558
5557
5557
5557
5557
5557
5557
5557
5557
5557
5567
5567
5571
5571
5571
5578
5571
5571
5571
5571
5572
5572
5572
5572
5575
5575
5575
5575
5575
5575
5575
5575
5575
5566
5566
5566
5566
5566
5566
5566
5566
5566
5563
5563
5563
5563
5563
5563
5563
5563
5565
5565
5565
5565
5563
5563
5563
5535
5535
5535
5535
5535
5535
5535
5535
5535
5535
5535
5535
5535
5535
5535
5535
5535
5535
5535
5535
5535
5535
5535
5535
5535
5535
5535
5535
5535
5535
5535
5535
5535
5535
5535
5535
5535
5535
5535
5535
5535
5535
5535
5535
5535
5535
5536
5536
5536
5536
5536
5535
5535
5535
5535
5535
5535
5535
5535
5535
5535
5535
5535
5535
5535
5535
5535
5535
5535
5535
5535
5535
5535
5535
5535
5535
5535
5535
5535
5535
5535
5535
5535
5535
5535
5535
5535
5535
5535
5535
5535
5535
5535
5535
5535
5535
5535
5535
5535
5535
5535
5535
5535
5535
5535
5535
5535
5535
5547
5547
5547
5547
5547
5547
5547
5547
5547
5547
5547
5547
5547
5547
5547
5547
5547
5547
5547
5547
5547
5547
5547
5547
5547
5547
5547
5547
5547
5547
5547
5547
5547
5549
5549
5549
5549
5547
5547
5547
5547
5547
5547
5547
5547
5547
5547
5547
5547
5538
5538
5538
5538
5538
5538
5538
5538
5538
5542
5542
5542
5542
5542
5542
5542
5542
5542
5542
5536
5536
5536
5536
5536
5536
5536
5536
5536
5536
5536
5536
5536
5536
5536
5536
5536
5536
5536
5536
5536
5536
5536
5536
5536
5536
5536
5536
5536
5536
5536
5536
5536
5536
5536
5536
5536
5536
5536
5536
5536
5536
5536
5536
5536
5536
5536
5536
5536
5536
5536
5536
5536
5536
5536
5536
5536
5536
5536
5536
5536
5536
5536
5536
5536
5536
5535
5535
5535
5535
5535
5535
5535
5535
5535
5535
5535
5535
5535
5535
5535
5535
5535
5535
5535
5535
5535
5536
5536
5535
5535
5535
5535
5535
5535
5535
5535
5535
5535
5535
5535
5535
5535
5535
5535
5535
5535
5535
5535
5535
5535
5535
5529
5529
5529
5529
5529
5529
5529
5529
5529
5529
5529
5529
5529
5529
5529
5529
5529
5529
5529
5529
5529
5529
5529
5529
5529
5529
5529
5529
5529
5529
5529
5529
5529
5529
5529
5529
5529
5529
5529
5529
5529
5529
5529
5529
5529
5529
5529
5529
5529
5529
5529
5529
5529
5529
5529
5529
5529
5529
5529
5529
5529
5529
5529
5529
5529
5529
5529
5529
5529
5529
5529
5529
5529
5529
5529
5529
5529
5529
5529
5529
5529
5529
5529
5529
5529
5529
5529
5529
5529
5529
5529
5529
5529
5529
5529
5529
5529
5529
5529
5529
5529
5529
5529
5529
5529
5529
5529
5529
5529
5529
5529
5529
5531
5531
5529
5529
5529
5529
5529
5529
5529
5529
5529
5529
5529
5529
5529
5529
5529
5529
5529
5529
5529
5529
5529
5529
5529
5529
5529
5529
5529
5529
5529
5529
5529
5529
5529
5529
5529
5529
5529
5529
5529
5529
5529
5529
5529
5529
5529
5529
5529
5529
5529
5529
5529
5529
5529
5529
5529
5529
5529
5529
5529
5529
5529
5529
5529
5529
5529
5529
5529
5529
5529
5529
5529
5529
5529
5529
5529
5529
5529
5529
5529
5529
5529
5529
5529
5529
5529
5529
5529
5529
5529
5529
5529
5529
5529
5529
5529
5529
5529
5529
5529
5529
5529
5529
5529
5529
5529
5529
5529
5529
5529
5529
5529
5529
5529
5529
5529
5529
5529
5529
5529
5529
5529
5529
5529
5529
5529
5529
5529
5529
5529
5529
5529
5529
5529
5529
5529
5529
5529
5529
5529
5529
5529
5529
5529
5529
5529
5529
5529
5529
5529
5529
5529
5529
5529
5529
5529
5529
5529
5529
5529
5529
5529
5529
5529
5529
5529
5529
5529
5529
5529
5529
5529
5529
5529
5529
5529
5529
5529
5529
5529
5529
5529
5529
5529
5529
5529
5529
5529
5529
5529
5529
5529
5529
5529
5529
5529
5529
5529
5529
5529
5529
5529
5529
5529
5529
5529
5529
5529
5529
5529
5529
5529
5529
5529
5529
5529
5529
5529
5529
5529
5529
5529
5529
5529
5529
5529
5529
5529
5529
5529
5529
5529
5529
5529
5529
5529
5529
5529
5529
5529
5529
5529
5529
5529
5529
5529
5529
5529
5529
5529
5529
5529
5529
5529
5529
5529
5529
5529
5529
5529
5529
5529
5529
5529
5529
5529
5529
5529
5529
5529
5529
5529
5529
5529
5529
5529
5529
5529
5529
5529
5529
5529
5529
5529
5529
5529
5529
5529
5529
5529
5529
5529
5529
5529
5529
5529
5529
5529
5529
5529
5529
5529
5529
5529
5529
5529
5529
5529
5529
5529
5529
5529
5529
5529
5529
5529
5529
5529
5529
5529
5529
5529
5529
5529
5529
5529
5529
5529
5529
5529
5529
5529
5529
5529
5529
5529
5529
5529
5529
5529
5529
5529
5529
5529
5529
5529
5529
5529
5529
5529
5529
5529
5529
5529
5529
5529
5529
5529
5529
5529
5529
5519
5519
5519
5519
5519
5519
5519
5519
5519
5519
5519
5519
5519
5520
5520
5520
5520
5520
5519
5519
5519
5519
5519
5519
5519
5519
5519
5519
5519
5520
5520
5521
5521
5521
5521
5519
5519
5519
5519
5519
5519
5519
5519
5519
5519
5519
5519
5519
5519
5519
5519
5519
5519
5519
5519
5519
5519
5519
5519
5519
5519
5519
5519
5519
5519
5519
5519
5519
5519
5519
5519
5519
5519
5519
5519
5519
5519
5519
5519
5519
5519
5519
5519
5519
5519
5519
5519
5519
5519
5519
5519
5519
5519
5519
5519
5519
5519
5519
5519
5519
5519
5519
5519
5519
5519
5519
5519
5519
5519
5519
5519
5519
5519
5519
5519
5519
5519
5519
5519
5519
5519
5519
5519
5519
5519
5519
5519
5519
5519
5519
5519
5521
5521
5521
5521
5521
5521
5521
5521
5521
5521
5533
5521
5519
5519
5519
5519
5519
5519
5519
5519
5519
5519
5519
5519
5519
5519
5519
5519
5519
5519
5519
5519
5519
5519
5519
5519
5519
5519
5519
5519
5519
5519
5519
5519
5519
5519
5519
5519
5519
5519
5519
5519
5519
5519
5519
5519
5519
5519
5519
5519
5519
5519
5519
5519
5519
5519
5519
5519
5519
5519
5519
5519
5519
5519
5519
5519
5519
5519
5519
5519
5519
5519
5519
5519
5519
5519
5519
5519
5519
5519
5519
5519
5519
5519
5519
5519
5519
5519
5519
5519
5519
5519
5519
5519
5519
5519
5519
5519
5519
5519
5519
5519
5519
5519
5519
5519
5519
5519
5519
5519
5519
5519
5519
5519
5519
5519
5519
5519
5519
5519
5519
5519
5519
5519
5519
5519
5519
5519
5519
5519
5519
5519
5519
5519
5519
5519
5519
5519
5519
5519
5519
5519
5519
5519
5519
5519
5519
5519
5519
5519
5519
5519
5519
5519
5519
5519
5522
5519
5519
5519
5519
5519
5519
5519
5519
5519
5519
5519
5519
5519
5519
5519
5519
5519
5519
5519
5519
5519
5519
5519
5519
5519
5519
5519
5519
5522
5522
5522
5522
5522
5522
5522
5522
5522
5522
5522
5522
5522
5522
5522
5522
5522
5522
5522
5522
5522
5522
5522
5522
5522
5522
5522
5522
5522
5522
5522
5522
5522
5522
5522
5522
5522
5522
5522
5522
5522
5522
5522
5522
5522
5522
5522
5522
5522
5522
5522
5522
5522
5522
5522
5522
5522
5522
5522
5522
5522
5522
5522
5519
5519
5519
5519
5519
5519
5519
5519
5519
5519
5519
5519
5519
5519
5519
5519
5519
5519
5519
5519
5519
5519
5519
5519
5519
5519
5519
5519
5519
5519
5519
5519
5519
5519
5519
5519
5519
5519
5519
5519
5519
5519
5519
5519
5519
5519
5519
5519
5519
5519
5519
5519
5519
5519
5519
5519
5519
5519
5519
5519
5519
5519
5519
5519
5519
5519
5519
5519
5519
5519
5519
5519
5519
5519
5519
5519
5519
5519
5519
5519
5519
5519
5519
5519
5519
5519
5519
5519
5519
5519
5519
5519
5519
5519
5519
5519
5519
5519
5519
5524
5524
5519
5519
5519
5519
5519
5519
5519
5519
5519
5519
5519
5519
5519
5519
5519
5519
5519
5519
5519
5519
5519
5519
5519
5519
5519
5519
5519
5519
5519
5519
5519
5519
5519
5525
5519
5519
5519
5519
5519
5519
5519
5519
5519
5519
5519
5519
5519
5519
5519
5519
5519
5519
5519
5519
5519
5519
5519
5519
5519
5519
5519
5519
5519
5520
5520
5519
5519
5519
5519
5519
5519
5519
5519
5519
5519
5519
5519
5519
5519
5519
5519
5519
5519
5519
5519
5519
5519
5519
5519
5519
5519
5519
5519
5519
5519
5519
5519
5519
5519
5519
5519
5519
5519
5519
5519
5519
5519
5519
5519
5519
5519
5519
5519
5519
5519
5519
5519
5519
5519
5519
5519
5519
5519
5519
5519
5519
5519
5520
5520
5520
5520
5520
5520
5520
5519
5519
5519
5519
5519
5519
5519
5519
5519
5519
5519
5519
5519
5519
5519
5519
5519
5519
5519
5519
5519
5519
5519
5519
5519
5519
5519
5519
5519
5519
5519
5519
5519
5519
5519
5519
5519
5519
5519
5519
5519
5527
5527
5527
5527
5527
5527
5527
5519
5519
5519
5519
5519
5519
5519
5519
5519
5519
5519
5519
5519
5519
5519
5519
5521
5521
5521
5521
5521
5521
5532
5532
5532
5532
5532
5519
5519
5519
5519
5519
5519
5519
5519
5519
5519
5519
5519
5519
5519
5519
5519
5519
5519
5519
5519
5519
5519
5519
5519
5519
5519
5519
5519
5519
5519
5519
5519
5519
5519
5519
5519
5519
5519
5519
5519
5519
5519
5519
5519
5519
5519
5519
5519
5519
5519
5519
5519
5519
5519
5519
5519
5519
5519
5519
5519
5519
5519
5519
5519
5519
5519
5519
5519
5519
5519
5519
5519
5519
5519
5519
5519
5519
5519
5519
5519
5519
5519
5519
5519
5519
5519
5519
5519
5519
5519
5519
5519
5519
5519
5519
5519
5519
5519
5519
5519
5519
5519
5519
5519
5519
5519
5519
5519
5519
5519
5519
5519
5519
5519
5519
5519
5519
5519
5519
5519
5519
5519
5519
5519
5519
5519
5519
5519
5519
5519
5519
5519
5519
5519
5519
5519
5519
5519
5519
5519
5519
5519
5519
5519
5519
5519
5519
5519
5519
5519
5519
5519
5519
5519
5519
5519
5519
5519
5519
5519
5519
5519
5519
5519
5519
5519
5519
5519
5519
5519
5519
5519
5519
5519
5519
5519
5519
5519
5519
5519
5519
5519
5519
5519
5519
5519
5519
5519
5519
5519
5519
5519
5519
5519
5519
5519
5519
5519
5519
5519
5519
5519
5519
5519
5519
5519
5519
5519
5519
5519
5519
5519
5519
5519
5519
5519
5519
5519
5519
5519
5519
5519
5519
5519
5519
5519
5519
5519
5519
5519
5527
5527
5527
5527
5527
5527
5527
5519
5519
5519
5519
5519
5519
5519
5519
5519
5519
5519
5519
5519
5519
5519
5519
5519
5519
5519
5519
5519
5519
5519
5519
5519
5519
5519
5519
5519
5519
5519
5519
5519
5519
5519
5519
5519
5519
5519
5519
5519
5519
5519
5519
5519
5519
5519
5519
5519
5519
5519
5519
5519
5519
5519
5519
5519
5519
5519
5519
5519
5519
5519
5519
5519
5519
5519
5519
5519
5519
5519
5519
5519
5519
5519
5519
5519
5519
5519
5519
5519
5519
5519
5519
5519
5519
5519
5519
5519
5519
5519
5519
5519
5519
5519
5519
5519
5519
5519
5519
5519
5519
5519
5519
5519
5519
5519
5519
5519
5519
5519
5519
5519
5519
5519
5519
5522
5522
5519
5519
5519
5519
5519
5519
5519
5519
5519
5519
5519
5519
5519
5519
5519
5519
5519
5519
5519
5519
5519
5519
5519
5519
5519
5519
5519
5519
5519
5519
5519
5519
5519
5519
5519
5519
5519
5519
5519
5519
5519
5519
5519
5519
5519
5519
5519
5519
5519
5519
5519
5519
5519
5519
5519
5519
5519
5519
5520
5519
5519
5519
5519
5519
5519
5519
5519
5519
5519
5519
5519
5519
5519
5519
5519
5519
5519
5519
5519
5519
5519
5519
5519
5519
5519
5519
5519
5519
5519
5519
5519
5520
5520
5520
5520
5520
5520
5520
5520
5520
5520
5519
5519
5519
5519
5519
5519
5519
5519
5519
5519
5519
5519
5519
5519
5519
5519
5519
5519
5519
5519
5519
5519
5519
5519
5519
5519
5519
5519
5519
5519
5519
5519
5519
5519
5519
5519
5519
5519
5519
5519
5519
5519
5519
5519
5519
5519
5519
5519
5519
5519
5519
5519
5519
5519
5519
5519
5519
5519
5519
5519
5519
5519
5520
5520
5519
5519
5519
5519
5519
5519
5519
5519
5519
5519
5520
5520
5520
5520
5520
5520
5520
5519
5519
5519
5519
5519
5519
5519
5519
5519
5519
5519
5519
5519
5519
5519
5519
5519
5519
5519
5519
5519
5519
5519
5519
5519
5519
5519
5519
5519
5519
5519
5519
5519
5519
5519
5519
5521
5521
5521
5519
5519
5519
5519
5519
5519
5519
5519
5519
5519
5519
5519
5519
5519
5519
5519
5519
5519
5519
5519
5519
5528
5528
5528
5528
5528
5528
5528
5519
5519
5519
5519
5519
5519
5519
5519
5519
5519
5519
5519
5519
5519
5519
5519
5519
5519
5519
5519
5519
5519
5519
5519
5519
5519
5519
5519
5519
5519
5519
5519
5519
5519
5519
5519
5519
5519
5519
5519
5519
5519
5519
5519
5520
5519
5519
5519
5519
5519
5519
5519
5519
5519
5519
5519
5519
5519
5519
5519
5519
5519
5519
5519
5519
5520
5520
5520
5520
5520
5520
5520
5519
5519
5519
5519
5519
5519
5519
5519
5519
5519
5519
5519
5519
5519
5519
5519
5519
5519
5519
5519
5519
5519
5526
5526
5526
5526
5526
5525
5519
5519
5519
5519
5519
5519
5519
5520
5520
5519
5519
5519
5519
5519
5519
5519
5519
5519
5519
5519
5519
5519
5519
5519
5519
5519
5519
5519
5519
5519
5519
5519
5519
5519
5519
5519
5519
5519
5519
5519
5519
5519
5519
5519
5519
5519
5519
5519
5519
5519
5519
5519
5519
5519
5519
5519
5519
5519
5519
5519
5519
5519
5519
5519
5519
5519
5519
5519
5519
5519
5519
5519
5519
5519
5519
5519
5519
5519
5519
5519
5519
5519
5519
5519
5519
5519
5519
5519
5519
5519
5519
5519
5519
5519
5519
5519
5519
5519
5519
5519
5519
5519
5524
5524
5524
5524
5524
5524
5519
5519
5519
5519
5519
5519
5519
5519
5519
5519
5519
5519
5519
5519
5519
5519
5519
5519
5519
5519
5519
5519
5519
5519
5519
5519
5519
5519
5519
5519
5519
5519
5519
5519
5519
5519
5519
5519
5519
5519
5519
5519
5519
5519
5519
5519
5519
5521
5521
5521
5521
5521
5521
5521
5521
5519
5519
5519
5519
5519
5519
5519
5519
5519
5519
5519
5519
5519
5519
5519
5519
5519
5519
5519
5519
5519
5519
5519
5519
5519
5519
5519
5519
5519
5519
5519
5519
5519
5519
5519
5519
5519
5519
5519
5519
5519
5519
5519
5519
5519
5519
5519
5519
5519
5520
5520
5520
5520
5520
5520
5520
5520
5520
5520
5520
5520
5520
5520
5520
5520
5520
5520
5520
5520
5520
5520
5520
5520
5520
5520
5520
5520
5520
5520
5520
5520
5520
5520
5520
5520
5520
5520
5520
5520
5520
5520
5520
5520
5520
5520
5520
5520
5520
5520
5520
5520
5520
5520
5520
5520
5520
5520
5520
5520
5520
5519
5519
5519
5519
5519
5519
5519
5519
5519
5519
5519
5519
5519
5519
5519
5519
5519
5519
5519
5519
5519
5519
5519
5519
5519
5519
5519
5519
5519
5519
5519
5519
5519
5519
5519
5519
5519
5519
5519
5519
5519
5519
5519
5519
5519
5519
5519
5519
5519
5519
5519
5519
5519
5519
5519
5519
5519
5519
5519
5519
5519
5519
5519
5519
5519
5519
5519
5519
5519
5519
5524
5524
5524
5524
5524
5519
5519
5519
5519
5519
5519
5519
5519
5519
