5973
5956
5956
5987
5987
5979
5979
6029
6029
6158
6175
6193
6190
6175
6175
6175
6149
6149
6101
6153
6153
6153
6030
6025
5986
6022
6022
6022
6022
6022
6074
6074
6031
6031
5982
5982
5982
5982
5982
6000
6040
6016
6008
6008
6008
5992
5992
6068
6105
6225
6179
6179
6174
6167
6167
6134
6134
6134
6134
6126
6078
6065
5952
5995
5955
5955
5955
5955
5992
5992
5992
5932
5937
5943
5943
5930
5843
5843
5854
5898
5898
5898
5898
5838
5867
5932
5958
5958
5958
5958
5958
5958
5958
5958
5874
5874
5874
5895
5906
5895
5895
5895
5884
5884
6002
6002
6013
5966
5966
5981
5981
5981
5981
5957
5957
5957
5975
5975
6015
6074
6023
6023
5935
5931
5931
5952
5952
5926
5926
5926
5931
6009
6041
6041
6041
6041
6057
6057
6057
6057
6057
5977
5977
6082
6082
6082
6038
6011
6011
6011
6011
6011
5981
6062
6027
5981
5981
5986
6002
6002
6002
6045
6045
6045
6164
6116
6116
6116
6116
6072
6072
6072
6078
6053
6077
6075
6075
6075
6090
6090
6032
6032
6019
6062
6062
6062
6062
6062
6040
6061
6092
6030
6009
6023
5995
6051
6061
6051
6051
6051
6051
5989
5989
6012
6019
6012
6091
6098
6116
6116
6115
6151
6157
6176
6169
6182
6224
6155
6161
6245
6245
6212
6207
6171
6226
6226
6274
6234
6234
6234
6234
6234
6238
6238
6222
6167
6151
6153
6111
6130
6094
6222
6222
6222
6165
6195
6195
6195
6070
6070
6108
6108
6135
6184
6161
6052
6052
6053
6072
6126
6087
6182
6204
6251
6248
6248
6229
6299
6254
6346
6381
6381
6354
6354
6389
6385
6324
6324
6324
6300
6300
6239
6307
6291
6249
6228
6250
6250
6250
6251
6251
6221
6321
6279
6279
6180
6203
6220
6207
6230
6262
6262
6242
6248
6248
6281
6261
6261
6207
6202
6143
6117
6134
6167
6167
6207
6204
6204
6204
6212
6212
6255
6240
6188
6230
6192
6189
6242
6242
6210
6167
6167
6229
6214
6277
6277
6174
6157
6133
6133
6116
6157
6157
6197
6129
6021
6033
6142
6199
6139
6153
6153
6132
6132
6132
6132
6153
6130
6083
6083
6083
6094
6094
6094
6094
6138
6249
6198
6194
6194
6194
6146
6146
6142
6157
6172
6172
6172
6183
6125
6125
6162
6168
6165
6165
6165
6171
6171
6171
6216
6216
6216
6214
6108
6168
6168
6168
6270
6270
6320
6320
6320
6343
6327
6322
6307
6271
6258
6196
6237
6083
6151
6101
6102
6102
6102
6102
6167
6132
6123
6068
6068
6035
6035
6073
5984
5961
5965
5965
5978
6007
5989
5985
5985
5974
5952
5952
5938
5938
5930
5930
5944
5944
5946
5900
5938
5918
5955
5953
5940
5920
5968
5968
5968
6107
6038
6038
6108
6135
6135
6135
6115
6115
6115
6168
6129
6129
6106
6074
6041
6041
6032
6032
6035
6002
5991
5991
5991
6005
6110
6110
6047
6045
6042
6033
6066
6058
6075
6085
6085
6075
6068
6070
6070
6113
6173
6141
6063
6073
6068
6035
6058
6000
6000
6024
6080
6080
6080
6148
6118
6115
6109
6120
6120
6128
6179
6179
6054
5955
5916
5916
5916
5843
5840
5840
5840
5886
5931
5938
5938
5938
5938
5938
6019
6079
6079
6080
6059
6092
6037
6043
6055
6154
6137
6051
5998
6051
6040
6083
6083
6083
6121
6134
6178
6205
6193
6193
6206
6253
6191
6119
6119
6132
6134
6134
6163
6162
6132
6051
6051
6067
6067
6067
6067
6097
6040
6041
6013
6055
6043
6043
6027
6055
6055
6054
6054
6126
6126
6126
6126
6182
6156
6156
6139
6180
6117
6010
6029
6031
6046
5999
5998
6037
6100
6046
6046
6125
6113
6095
6204
6204
6204
6204
6204
6238
6280
6309
6309
6301
6289
6282
6282
6289
6207
6170
6170
6164
6177
6177
6177
6199
6255
6276
6276
6276
6238
6238
6274
6274
6274
6260
6260
6260
6203
6203
6159
6169
6215
6144
6144
6112
6086
6063
6162
6162
6083
6077
5947
5948
5948
5928
5949
6005
5973
5981
6091
6091
6061
6086
6079
6121
6121
6121
6121
6031
6060
6116
6038
6038
6108
6108
6108
6208
6134
6068
6010
6098
6098
6096
6063
6066
6066
6060
5996
5990
5990
5899
5865
5865
5865
5810
5821
5851
5851
5867
5949
5919
5943
6038
5957
5996
5961
6065
6046
5995
5955
5923
5942
5923
5923
5931
5931
5931
5931
5905
5905
5905
5905
5885
5938
5933
5921
5922
5902
5867
5867
5824
5824
5903
5893
5921
5847
5882
6014
6014
6057
6057
6062
6018
6018
5913
5938
5939
5939
5939
5939
5980
5930
5930
5930
5985
6077
6077
6077
6067
6023
6119
6068
6076
6124
6124
6124
6084
5969
5943
5883
5884
5884
5919
5919
5966
5966
5966
5966
5981
5980
5945
5897
6000
6000
6000
6000
6000
5993
5993
5993
5993
6047
6047
6047
6031
6031
6024
6024
6028
6013
5992
6059
6011
5977
6008
5955
5850
5850
5850
5850
5850
5850
5877
5938
6075
6075
6075
6075
6075
6091
6158
6155
6155
6152
6215
6215
6196
6196
6196
6174
6239
6187
6165
6165
6225
6225
6198
6244
6244
6244
6246
6263
6244
6250
6250
6250
6254
6270
6287
6287
6287
6261
6261
6151
6172
6165
6205
6210
6210
6177
6213
6163
6245
6245
6218
6218
6084
6035
6035
6036
5977
6018
6030
5997
6009
6061
6071
6071
6051
5985
5975
5960
5960
5960
5972
5972
5972
5977
5964
5964
5982
5982
5982
5982
6111
6111
6111
6121
6152
6208
6208
6174
6139
6199
6210
6196
6196
6196
6166
6157
6095
6005
6005
6005
5968
5968
6013
6013
6013
6067
6122
6121
6172
6280
6253
6274
6306
6252
6252
6252
6252
6213
6213
6233
6165
6166
6185
6223
6262
6233
6209
6207
6244
6262
6262
6262
6246
6279
6279
6279
6279
6300
6311
6311
6311
6311
6311
6291
6291
6291
6291
6218
6230
6298
6319
6322
6343
6448
6442
6453
6550
6554
6554
6550
6550
6536
6536
6536
6459
6443
6446
6446
6438
6438
6397
6401
6401
6383
6383
6393
6393
6393
6464
6464
6414
6410
6410
6360
6360
6338
6342
6296
6303
6303
6325
6305
6261
6270
6175
6197
6197
6211
6186
6186
6186
6193
6201
6232
6232
6231
6231
6300
6223
6206
6201
6246
6246
6353
6366
6328
6328
6366
6260
6260
6277
6277
6235
6239
6239
6201
6244
6166
6132
6132
6146
6146
6146
6067
6067
6080
6054
6054
6044
6065
6042
6070
6106
6106
6057
6043
6058
6011
6050
6078
6078
6119
6140
6045
6081
6044
6044
6044
6044
6065
6073
6073
6073
6073
6073
6065
6030
6076
6119
6119
6068
6053
6053
6053
6012
6007
5973
5990
5990
6083
6083
6115
6077
6127
6127
6103
6179
6193
6113
6148
6157
6101
6072
6072
6057
6057
6149
6149
6149
6180
6180
6192
6138
6138
6138
6041
6194
6219
6202
6202
6247
6271
6142
6130
6121
6158
6170
6170
6170
6205
6193
6245
6178
6132
6180
6126
6126
6094
6087
6101
6065
6013
6050
6050
5999
5986
5941
6017
6017
6017
6022
6009
6009
6009
5952
5952
5907
5884
5884
5881
5873
5826
5826
5860
5826
5811
5789
5789
5867
5867
5791
5816
5846
5846
5907
5977
5977
5949
5914
5914
5959
5959
5908
5891
5947
5989
6003
6054
6042
6038
6075
6095
6128
6099
6127
6099
6099
6099
6099
6081
6094
6094
6048
6003
6027
6027
6003
6066
6062
6062
6062
6051
6051
6018
6018
6018
6018
6029
6029
6071
6071
6097
6149
6145
6159
6092
6111
6088
6074
6121
6112
6014
5927
5902
5892
5918
5918
5918
5918
5869
5874
5847
5847
5888
5888
5890
5842
5844
5865
5865
5937
5937
5947
5947
5972
6013
6071
6038
6128
6128
6083
6063
6015
5997
5963
5910
5997
5886
5904
5866
5931
5942
5917
5879
5888
5892
5966
5966
5995
5960
5960
5931
5931
5969
6042
6042
6042
6106
6081
5989
5961
6077
6077
6068
6056
5985
6004
6021
6098
6121
6135
6082
6063
6064
6091
6075
6075
6075
6053
5997
5997
5988
5988
5988
5992
5909
5909
5951
5951
6010
6010
6062
6098
6026
6009
6091
6091
6091
6091
6091
6139
6139
6064
6061
6061
6061
6061
6179
6172
6201
6162
6162
6217
6186
6186
6186
6186
6175
6170
6154
6234
6239
6213
6152
6200
6188
6188
6224
6224
6184
6184
6184
6184
6063
6111
6087
6085
6175
6175
6175
6175
6175
6175
6175
6175
6128
6128
6128
6128
6128
6160
6128
6128
6128
6128
6128
6090
6036
6061
6061
6077
6033
6063
6061
6006
5998
6120
6167
6167
6149
6191
6198
6208
6307
6258
6312
6268
6256
6265
6173
6141
6164
6174
6174
6169
6169
6177
6157
6149
6149
6136
6203
6203
6122
6073
6046
6144
6144
6210
6213
6225
6279
6243
6243
6243
6274
6274
6294
6294
6294
6311
6287
6320
6320
6346
6345
6383
6448
6448
6458
6366
6270
6270
6225
6229
6157
6135
6142
6131
6203
6188
6188
6259
6259
6284
6274
6274
6242
6105
6089
6020
6020
6021
6000
6000
5991
6041
6051
6120
6117
6079
6137
6154
6138
6177
6177
6146
6176
6142
6142
6142
6015
6015
6008
6003
6003
5939
5953
5930
6026
6026
6073
6095
6127
6186
6186
6202
6202
6225
6334
6280
6280
6280
6297
6297
6297
6283
6264
6264
6295
6295
6295
6215
6258
6290
6328
6397
6397
6397
6397
6397
6409
6482
6454
6454
6442
6442
6393
6360
6338
6274
6274
6265
6265
6282
6282
6250
6270
6270
6270
6224
6224
6135
6127
6135
6187
6187
6187
6187
6187
6190
6194
6183
6183
6219
6219
6219
6154
6224
6224
6249
6232
6173
6173
6173
6181
6205
6205
6249
6256
6214
6214
6214
6207
6207
6264
6321
6387
6416
6451
6451
6454
6429
6368
6294
6411
6445
6389
6396
6382
6382
6352
6301
6348
6390
6390
6415
6418
6365
6365
6310
6261
6240
6308
6308
6267
6267
6200
6183
6183
6189
6189
6189
6180
6180
6206
6182
6219
6219
6219
6219
6320
6334
6334
6332
6332
6332
6436
6436
6436
6436
6372
6412
6412
6405
6359
6359
6283
6330
6378
6378
6378
6378
6363
6401
6314
6314
6310
6247
6247
6317
6343
6343
6283
6336
6336
6353
6353
6353
6357
6357
6360
6360
6360
6360
6360
6418
6413
6421
6420
6327
6327
6327
6326
6341
6341
6264
6292
6339
6339
6349
6304
6278
6221
6237
6237
6294
6294
6235
6311
6276
6269
6319
6319
6319
6319
6337
6282
6279
6168
6183
6232
6232
6166
6192
6212
6144
6144
6157
6157
6157
6157
6177
6171
6131
6137
6164
6195
6195
6160
6160
6203
6203
6172
6172
6254
6254
6205
6205
6253
6299
6342
6314
6323
6311
6311
6323
6330
6349
6349
6349
6349
6349
6358
6404
6397
6314
6237
6254
6254
6254
6225
6225
6261
6210
6251
6369
6311
6260
6260
6239
6218
6173
6150
6150
6140
6135
6112
6115
6095
6095
6095
6153
6153
6169
6169
6144
6129
6196
6215
6155
6020
6121
6121
6121
6148
6148
6148
6148
6148
6154
6078
6114
6135
6164
6093
6156
6154
6160
6160
6072
6095
6066
5992
5992
6001
5963
5923
5923
5923
6014
6020
6056
6087
6058
6014
6092
6106
6076
6076
6076
6029
6038
5969
6022
5918
5971
5971
5953
5953
6016
6016
5996
5996
6015
6114
6114
6130
6113
6093
6123
6123
6184
6126
6134
6136
6048
6048
6048
6048
6026
6026
6093
6089
6113
6103
6041
6043
6043
6043
6043
6066
6066
6056
5977
6014
6003
5979
5958
5963
5963
5896
5953
5971
5966
5877
5906
5906
5845
5757
5764
5809
5809
5809
5854
5841
5841
5841
5835
5835
5898
5894
5881
5856
5840
5840
5851
5851
5840
5850
5838
5838
5888
5880
5811
5747
5710
5764
5749
5754
5813
5813
5813
5827
5780
5772
5772
5772
5832
5800
5749
5749
5757
5830
5834
5816
5865
5815
5896
5836
5854
5896
6007
6007
5986
5967
6019
5969
6051
6051
6024
5961
6028
5975
5980
6080
6028
6091
6091
6081
6045
6045
6045
6048
5991
6023
6042
6065
6065
6122
6143
6082
6093
6093
6180
6214
6230
6234
6301
6305
6317
6317
6317
6331
6303
6315
6363
6384
6384
6368
6318
6318
6318
6318
6254
6172
6172
6132
6099
6195
6245
6245
6232
6232
6272
6272
6232
6232
6263
6263
6263
6287
6400
6389
6376
6291
6346
6394
6355
6348
6428
6415
6575
6679
6664
6664
6569
6498
6493
6450
6450
6331
6312
6343
6279
6279
6184
6299
6193
6207
6135
6110
6110
6199
6164
6116
6116
6116
6114
6114
6114
6137
6134
6134
6075
6077
6088
6086
6077
6072
6072
6120
6233
6233
6155
6142
6163
6172
6167
6096
6064
6064
6054
6128
6104
6104
6092
6108
6108
6100
6096
6119
6158
6148
6148
6141
6141
6141
6084
6104
6094
6094
6063
6043
6067
5965
6033
5998
5981
5933
5976
5974
6018
6018
6039
6011
6006
6006
5987
5957
5957
5979
5940
5905
5877
5887
5887
5944
6045
6045
6046
6078
6078
6095
6095
6097
6097
6067
6104
6104
6121
6121
6072
6061
6072
6054
6058
6111
6154
6202
6193
6103
6088
6091
6121
6142
6093
6093
6173
6187
6220
6198
6257
6277
6230
6179
6179
6247
6247
6245
6264
6264
6264
6228
6211
6263
6263
6263
6263
6194
6182
6180
6200
6305
6167
6084
6092
6092
6087
6029
6029
6029
6029
6029
6056
6024
6174
6163
6163
6163
6216
6216
6232
6159
6139
6139
6139
6162
6151
6161
6161
6134
6134
6130
6045
6074
6085
6030
6016
6016
6007
6079
6080
5992
5940
5946
5946
6002
6002
6016
5977
5979
5979
6028
6083
6044
6066
6051
6051
6054
6066
6082
6082
6082
6061
6061
6061
6011
6011
6006
5949
5943
5980
5992
5982
6013
6067
6122
6095
6095
6142
6159
6068
6063
6066
6066
6066
6066
6068
6068
6033
6036
6034
6034
6034
6027
5996
6049
6049
5984
6020
6020
6007
5913
5913
5913
5961
5961
6018
6081
6112
6112
6138
6185
6132
6132
6132
6098
6143
6143
6138
6236
6247
6197
6257
6267
6267
6214
6209
6209
6208
6116
6141
6127
6156
6156
6177
6148
6165
6201
6312
6275
6289
6289
6322
6360
6369
6353
6370
6308
6308
6308
6280
6280
6280
6367
6360
6360
6364
6364
6355
6332
6332
6332
6242
6242
6346
6346
6279
6279
6305
6254
6256
6255
6255
6227
6227
6201
6195
6240
6241
6177
6177
6171
6171
6096
6078
6078
6184
6201
6201
6201
6183
6167
6242
6213
6133
6133
6133
6133
6133
6133
6138
6138
6138
6138
6093
6082
6041
6121
6121
6121
6164
6175
6287
6310
6239
6265
6265
6321
6321
6339
6229
6169
6079
6079
6079
6079
6097
6085
6085
6085
6137
6077
6107
6107
6075
6162
6162
6226
6176
6189
6265
6254
6208
6173
6083
6083
6074
6094
6058
6150
6123
6121
6136
6136
6129
6171
6198
6155
6155
6166
6141
6141
6141
6114
6024
6054
5971
5971
5986
6040
6034
6034
6034
6082
6022
5977
5969
5936
5904
5893
5893
5942
5942
5972
5972
5943
5960
5960
5991
5972
5972
6014
5932
5938
5938
5954
5954
5954
5960
5936
5957
5973
5978
5952
5941
5941
5941
5985
5946
6036
6016
5976
6054
6054
6054
5987
5987
5998
5943
6011
6011
6011
6082
6082
6082
6153
6061
6041
6037
6037
6089
6145
6145
6228
6229
6133
6133
6133
6095
6095
6095
6068
6090
6071
5977
6012
6110
6132
6090
6057
6015
6015
6015
6015
6044
6033
6027
5946
5916
5916
5946
5946
5938
5970
5987
5983
5983
5967
6037
6037
6111
6111
6111
6080
6080
5981
6006
5981
6070
6064
6064
6080
6030
6030
5999
5997
5997
5997
6046
6046
6046
6036
6036
6036
6011
6011
6023
6062
6062
6062
6062
6068
5997
5997
6017
6072
6044
6020
6020
6100
6100
6100
6057
6057
6057
6057
6057
6054
6054
6054
6084
6084
6081
6068
6068
6068
6075
6075
5997
6017
6017
6074
6074
6067
6056
6026
6023
6023
6035
6035
6044
6042
5997
6083
5968
5977
5883
5902
5902
5989
5991
6002
5908
5908
5859
5884
5882
5880
5885
5954
5954
5954
5954
5954
5915
5918
5903
5957
5984
6053
6053
6028
6028
6026
5949
5949
6034
6080
6101
5983
5983
5983
5983
5952
5959
6012
6078
6078
6079
6007
6070
6138
6138
6138
6138
6158
6158
6076
6076
6076
6133
6133
6213
6131
6079
6083
6083
6102
6102
6102
6147
6147
6150
6187
6196
6272
6257
6257
6221
6198
6107
6107
6107
6101
6138
6138
6121
6114
6075
6075
6075
6114
6085
6085
6095
6095
6095
6018
6018
6018
6004
6004
5976
5961
5961
5950
5950
5950
5950
5950
5950
6041
6007
5984
6036
6036
6036
6018
6058
6112
6111
6037
6064
6064
6067
6067
6067
6042
6029
5996
5987
5987
6053
6012
5945
5945
5933
5933
5933
5933
5909
5909
5909
5923
5923
5943
5937
5961
5981
5981
5975
5993
5993
6070
6103
6129
6193
6171
6224
6195
6219
6260
6248
6266
6266
6284
6141
6127
6127
6100
6100
6100
6100
6100
6100
6100
6100
6100
6153
6209
6237
6237
6209
6209
6211
6147
6223
6223
6223
6223
6223
6158
6170
6170
6207
6207
6249
6225
6228
6170
6170
6170
6122
6086
6086
6070
6058
6118
6104
6061
6053
6095
6095
6095
6083
6083
6114
6114
6114
6057
6057
6057
6057
6030
6030
6004
6046
6046
6050
6050
5994
5994
5994
5998
5994
5994
5963
5902
5907
6001
6001
5969
6019
6019
6007
6007
6092
6000
6012
6099
6020
6000
6000
5982
5938
5938
5963
5972
6066
6097
6222
6222
6092
6092
6142
6142
6142
6034
6020
6054
6102
6102
6228
6186
6049
6049
6065
6093
6093
6026
6116
6116
6152
6210
6284
6193
6196
6083
6095
6095
6095
6095
6134
6134
6155
6059
6059
6059
6059
6019
6019
6019
6019
6019
6019
6029
5958
5958
5958
5958
5958
5981
5981
5981
5981
5981
5957
5957
5957
6042
6042
6036
6036
6036
6036
6146
6146
6083
6083
6003
6007
6041
6010
6010
6010
6042
6042
6042
6042
6088
6125
6125
6125
6125
6125
6128
6128
6053
6012
6008
5991
5991
5991
5991
5991
5991
6032
6042
6007
6007
6008
6064
6063
6041
6041
6049
6001
6046
5983
5984
6036
6040
6032
5977
6037
6083
6111
6111
6076
6076
6050
6050
6119
6119
6213
6223
6143
6117
6117
6057
6057
6057
6057
6041
6041
6016
5961
5970
6000
6026
6026
6026
5992
5966
5958
5940
5940
5940
5940
5940
5997
5969
5969
5959
5933
6052
6074
6052
6052
5992
6048
6065
6065
6057
6057
6057
6194
6175
6175
6175
6193
6146
6146
6146
6146
6159
6159
6159
6159
6159
6133
6155
6155
6175
6175
6175
6196
6229
6137
6137
6137
6074
6133
6133
6133
6141
6141
6141
6162
6141
6137
6126
6126
6042
6042
6085
6096
6181
6181
6181
6263
6236
6236
6151
6151
6156
6147
6155
6159
6099
6099
6099
6142
6226
6221
6221
6221
6252
6219
6216
6216
6216
6298
6237
6211
6298
6298
6163
6166
6169
6233
6202
6122
6122
6173
6138
6138
6138
6157
6180
6180
6190
6217
6180
6118
6074
6049
6006
6006
6118
6114
6114
6109
6134
6151
6169
6183
6234
6234
6281
6281
6235
6170
6204
6204
6204
6126
6126
6172
6149
6129
6161
6178
6178
6178
6174
6174
6144
6144
6144
6144
6117
6119
6119
6119
6130
6130
6130
6130
6189
6206
6161
6161
6143
6108
6108
6108
6094
6179
6163
6192
6173
6173
6154
6154
6154
6173
6148
6108
6108
6048
5929
5929
5929
5929
5929
5929
5929
5952
5954
5912
5897
5940
5984
5965
5965
6001
5972
5906
5908
5877
5877
5935
5943
5909
5886
5886
5922
5837
5791
5865
5843
5849
5928
5928
5928
5993
6038
6038
6038
6015
6015
6015
6015
6013
6013
6013
5972
5972
5996
5996
5999
5999
6030
6030
6030
6039
5971
5978
5971
5971
5998
5998
5964
5974
5974
5942
5942
5907
5942
5925
5925
5960
5987
5950
5950
5936
6043
6058
6058
6058
6058
5939
5940
5942
5923
5923
5923
5958
5958
5970
5981
5981
5996
5996
5966
5867
5897
5888
5916
5916
5921
6022
6085
6119
6127
6088
6088
6088
6042
5983
5983
6016
6016
6032
6031
6031
6046
6046
6068
6070
6098
6098
6229
6202
6319
6241
6259
6244
6183
6163
6163
6128
6128
6128
6136
6136
6057
6057
6082
6043
6043
6028
6073
6000
6000
6000
6000
6000
6000
6000
6030
6000
6000
6000
5893
5893
5893
5893
5893
5893
5893
5893
5917
5893
5893
5971
5971
5971
5986
6003
6028
5969
5973
5983
5928
5839
5770
5770
5770
5796
5801
5844
5926
5960
5897
5897
5892
5916
5917
5881
5893
5889
5889
5843
5864
5826
5866
5978
5978
5978
5984
5984
5984
6024
6024
6002
6002
6008
5992
5959
5959
5959
5959
5913
5927
5927
5942
5905
5905
5920
5810
5938
5938
6048
5996
5947
5947
5903
5904
5909
5894
5911
5868
5853
5853
5853
5927
5861
5873
5873
5875
5924
5951
5951
5951
5951
5951
6105
6141
6141
6068
6068
6078
6090
6080
6080
6080
6085
6085
6166
6167
6160
6214
6123
6194
6115
6132
6126
6147
6147
6077
6077
6163
6169
6205
6205
6245
6214
6117
6037
6031
6053
6000
6063
6074
6040
6014
6062
6062
6062
5993
5958
6023
6023
5954
5954
5954
5942
5965
6020
5946
5930
5967
6002
6008
5956
5956
5956
5956
5956
5956
5987
5997
5997
5997
5997
5997
6000
6000
6026
6021
5985
6013
6049
6049
6049
6049
6049
6049
6049
6049
6049
5971
5971
5971
5939
5939
5895
5895
5895
5881
5810
5820
5820
5820
5820
5820
5820
5849
5844
5844
5839
5895
5929
5956
5956
5995
5997
5847
5847
5856
5822
5865
5906
5906
5835
5835
5855
5895
5894
5894
5894
5906
5950
5841
5841
5845
5834
5814
5903
5892
5892
6037
5983
5960
5998
5939
5879
5857
5885
5916
5916
5847
5847
5847
5831
5831
5831
5856
5856
5856
5857
5840
5840
5855
5849
5849
5844
5844
5912
5912
5912
5919
5919
5919
5919
5933
5947
5947
5947
5955
5991
5991
6018
6018
5893
5893
5952
5952
5952
5935
5879
5955
5898
5898
5898
5898
5898
6007
6007
6016
5975
5975
5975
5975
5930
5930
5930
6002
6002
6002
5951
5951
5951
5968
5962
5984
6031
6031
6031
6031
6015
6029
5977
6011
6007
6007
6007
5959
5959
5933
5933
5933
5966
5966
5945
5945
5930
5955
6033
6033
6033
6033
6033
6033
6015
5997
5997
5987
5987
6007
6007
5998
5998
5998
5987
5987
5987
6032
6004
6066
6066
6045
6052
6034
6034
6019
6000
6020
6020
6020
6020
6020
6020
5964
5964
5964
5957
5964
5987
5986
5940
5904
5904
5904
5904
5887
5899
5899
5931
5915
5915
5981
5981
5981
5994
6045
6045
6034
6049
5919
5925
5925
5925
5925
5925
5925
5925
5957
5975
5975
5973
6028
6024
5972
5989
6002
6002
5950
5950
5950
5950
5955
5933
5956
5956
5955
5955
5922
5922
5835
5870
5792
5792
5783
5805
5805
5805
5915
5915
5915
5862
5862
5862
5874
5874
5874
5832
5898
5897
5897
5880
5855
5858
5853
5809
5809
5809
5809
5809
5809
5811
5811
5811
5774
5774
5798
5798
5798
5764
5773
5792
5792
5772
5721
5721
5721
5721
5716
5709
5709
5731
5731
5731
5731
5744
5744
5744
5744
5744
5774
5780
5744
5766
5766
5839
5746
5793
5793
5793
5793
5793
5793
5793
5843
5843
5843
5843
5843
5843
5843
5845
5845
5845
5845
5845
5845
5845
5845
5845
5845
5864
5907
5890
5890
5864
5864
5870
5870
5971
5924
5972
5922
5922
5874
5874
5874
5874
5874
5874
5889
5889
5889
5889
5849
5845
5820
5820
5820
5866
5866
5866
5866
5928
5909
5909
5924
5919
5919
5880
5880
5883
5883
5907
5907
5907
5937
5901
5896
5896
5896
5896
5896
5915
5915
5912
5912
5910
5910
5915
5942
5942
5942
5942
5970
5961
5930
5979
5972
5972
5972
5972
5972
5990
5990
6013
6013
6013
6013
6053
5961
5961
5961
5966
5966
5927
5904
5904
5904
5905
5905
5905
5953
5949
6042
6042
6054
6035
6048
6097
6117
6117
6117
6176
6176
6097
6097
6097
6134
6113
6080
6134
6134
6134
6134
6134
6134
6134
6134
6134
6134
6199
6199
6199
6255
6176
6176
6151
6147
6152
6152
6122
6122
6024
6024
5999
5999
6039
6039
6063
6107
6107
6107
6107
6118
6036
6036
6036
6024
6024
6024
6071
6071
6073
6062
6096
6096
6125
6084
5982
5982
5899
5899
5899
5894
5922
6036
6043
6000
5985
5985
5944
5982
5982
6014
6014
5947
5912
5912
5910
5910
5927
5927
5927
5927
5924
6037
6024
5944
5944
6012
6048
6069
6069
6066
6070
6070
6078
6086
6058
6058
6173
6173
6217
6217
6248
6248
6248
6248
6303
6357
6357
6360
6262
6262
6290
6290
6237
6286
6257
6276
6259
6264
6234
6250
6250
6250
6207
6175
6175
6175
6175
6149
6149
6174
6178
6184
6184
6184
6182
6182
6182
6030
5921
5907
5907
5907
5885
5838
5853
5853
5845
5845
5845
5752
5752
5785
5788
5788
5788
5788
5788
5788
5797
5797
5763
5776
5776
5776
5717
5717
5699
5699
5699
5699
5730
5774
5774
5719
5801
5809
5739
5758
5746
5746
5746
5746
5746
5746
5746
5843
5751
5748
5746
5746
5746
5746
5746
5744
5744
5759
5759
5759
5759
5759
5759
5759
5759
5703
5690
5740
5740
5740
5740
5740
5740
5749
5749
5765
5765
5765
5765
5765
5756
5759
5814
5814
5852
5852
5863
5863
5863
5863
5828
5828
5840
5840
5821
5821
5821
5821
5821
5773
5740
5733
5739
5733
5773
5764
5764
5764
5764
5764
5753
5767
5767
5752
5754
5744
5741
5778
5778
5831
5831
5761
5761
5761
5738
5738
5738
5738
5759
5770
5760
5759
5759
5759
5759
5759
5759
5759
5664
5664
5664
5676
5670
5670
5670
5670
5670
5670
5670
5670
5670
5670
5670
5670
5670
5717
5729
5698
5698
5735
5741
5741
5723
5723
5723
5801
5801
5914
5910
5915
6000
6000
5957
5916
5959
5967
6014
6014
5939
5929
5929
5929
5929
5848
5842
5834
5835
5835
5820
5820
5820
5820
5820
5814
5808
5825
5790
5790
5790
5790
5790
5799
5799
5865
5818
5818
5830
5919
5919
5919
5889
5889
5889
5817
5817
5784
5760
5760
5760
5760
5760
5765
5765
5765
5765
5765
5765
5770
5770
5770
5770
5770
5770
5770
5770
5805
5805
5865
5865
5865
5865
5865
5865
5865
5865
5865
5865
5865
5865
5879
5887
5936
5982
5982
6007
5996
5996
5996
6035
6070
6051
6059
6025
5992
6090
6072
6040
6021
5923
5923
5923
5923
5923
5923
5923
5923
5923
5923
5923
5918
5873
5873
5893
5898
5887
5887
5887
5887
5887
5887
5923
5923
5923
5923
5923
5923
5923
5939
5977
5977
5977
5977
5977
6008
6008
6008
6008
6008
6081
6081
6081
5974
5993
5974
5974
5974
5967
5967
5973
5970
5989
5970
5970
5970
5970
5970
5978
5978
5978
5978
5984
5978
5978
5978
5978
5978
5978
5964
5964
5964
6049
6049
6049
6049
6049
6049
6049
6089
6080
6070
6070
6084
6084
6084
6084
6084
6084
6092
6031
5993
5993
5993
5993
5980
5940
5940
5940
5945
5952
5952
5932
5920
5927
5927
5927
5927
5927
5927
5927
5927
5927
5927
5927
5927
5927
5927
5927
5927
5927
5927
5927
5927
5927
5927
5927
5927
5927
5927
5927
5927
5927
5927
5927
5840
5840
5840
5843
5843
5843
5843
5843
5843
5859
5840
5863
5866
5867
5871
5810
5820
5820
5820
5820
5820
5846
5846
5814
5814
5810
5816
5799
5799
5834
5799
5799
5827
5827
5827
5914
5847
5847
5847
5847
5884
5843
5843
5888
5888
5834
5834
5834
5837
5848
5862
5862
5771
5771
5771
5771
5771
5818
5818
5818
5771
5771
5771
5771
5771
5786
5786
5786
5775
5898
5898
5869
5869
5824
5824
5824
5824
5824
5824
5824
5824
5728
5728
5728
5728
5746
5792
5812
5812
5812
5812
5812
5846
5846
5846
5846
5846
5857
5811
5811
5811
5868
5868
5868
5868
5868
5868
5868
5868
5868
5868
5868
5868
5868
5899
5965
5965
5955
5977
5977
5999
5971
5946
5939
5939
5939
5949
5901
5887
5887
5887
5901
5899
5899
5899
5881
5881
5892
5889
5899
5899
5922
5922
5899
5891
5891
5891
5891
5891
5891
5891
5903
5903
5823
5829
5829
5860
5866
5866
5862
5862
5852
5852
5852
5852
5852
5869
5919
5924
5924
5924
5984
5984
6006
5995
5984
5984
5889
5876
5895
5895
5895
5895
5892
5892
5940
5940
5940
5940
5940
5927
5927
5913
5913
5924
5924
5900
5923
5923
5923
5923
5923
5925
5909
5909
5910
5945
5945
5953
5953
5953
5953
5940
5940
5940
5898
5898
5898
5887
5887
5887
5887
5887
5887
5945
5945
5937
5972
5972
5902
5902
5902
5911
5939
5939
5939
5939
5939
5882
5882
5882
5829
5829
5829
5861
5881
5868
5868
5858
5852
5829
5829
5829
5829
5829
5829
5781
5813
5813
5811
5811
5811
5811
5811
5811
5811
5811
5811
5811
5811
5840
5840
5840
5840
5840
5840
5840
5840
5840
5840
5939
5950
5950
5950
5999
5899
5899
5840
5840
5840
5840
5840
5840
5840
5840
5841
5868
5868
5868
5868
5868
5868
5840
5840
5840
5840
5840
5840
5840
5862
5862
5862
5890
5890
5890
5923
5926
5928
5927
5890
5890
5890
5936
5915
5930
5935
5935
5935
5935
5920
5920
5920
5964
5964
5931
5931
5873
5864
5864
5950
5950
5950
5950
5950
5950
5950
5935
5902
5894
5894
5894
5894
5894
5894
5894
5899
5899
5899
5870
5870
5870
5806
5806
5828
5828
5828
5828
5828
5828
5828
5828
5828
5828
5828
5805
5805
5805
5850
5850
5896
5877
5877
5877
5877
5877
5877
5877
5877
5877
5877
5849
5849
5855
5855
5855
5919
5959
5959
5922
5942
5942
5942
5942
5942
5942
5882
5903
5907
5872
5855
5866
5855
5842
5852
5852
5852
5852
5852
5917
5917
5917
5917
5917
5828
5724
5724
5729
5729
5729
5726
5724
5724
5724
5739
5737
5737
5737
5737
5737
5737
5724
5724
5724
5724
5724
5724
5724
5723
5723
5743
5743
5725
5725
5706
5716
5716
5696
5741
5741
5741
5756
5760
5760
5769
5769
5760
5760
5760
5760
5735
5735
5735
5735
5735
5735
5733
5733
5706
5706
5706
5706
5706
5706
5692
5641
5641
5641
5641
5645
5645
5645
5645
5645
5645
5663
5663
5663
5641
5641
5641
5641
5641
5641
5641
5641
5648
5684
5684
5678
5644
5644
5644
5644
5641
5641
5641
5641
5642
5642
5642
5642
5673
5673
5673
5673
5673
5673
5673
5673
5673
5694
5671
5671
5671
5671
5671
5671
5669
5669
5672
5669
5669
5669
5669
5704
5704
5704
5704
5673
5673
5673
5673
5715
5724
5724
5751
5766
5797
5797
5797
5797
5797
5797
5797
5797
5797
5797
5793
5837
5847
5847
5891
5906
5906
5906
5798
5798
5821
5821
5821
5799
5837
5837
5837
5891
5868
5868
5868
5868
5868
5868
5868
5833
5833
5833
5833
5807
5778
5778
5826
5826
5763
5763
5752
5743
5745
5748
5748
5748
5748
5722
5722
5722
5722
5722
5722
5722
5722
5722
5722
5722
5722
5722
5722
5711
5732
5732
5732
5732
5732
5755
5755
5755
5730
5753
5753
5753
5745
5768
5752
5765
5719
5719
5719
5719
5706
5706
5706
5757
5757
5757
5757
5678
5678
5678
5678
5692
5678
5678
5678
5681
5681
5681
5681
5681
5681
5681
5683
5683
5660
5660
5680
5680
5680
5680
5680
5680
5729
5729
5729
5729
5774
5774
5705
5709
5709
5709
5661
5661
5661
5661
5675
5706
5738
5738
5738
5709
5689
5697
5697
5715
5772
5753
5727
5692
5692
5759
5746
5808
5792
5773
5773
5764
5764
5764
5764
5764
5760
5760
5760
5760
5760
5760
5772
5766
5766
5766
5792
5792
5792
5792
5792
5851
5851
5851
5851
5851
5851
5831
5831
5824
5824
5824
5824
5824
5824
5824
5836
5854
5854
5854
5854
5854
5854
5882
5877
5877
5845
5814
5814
5788
5789
5789
5808
5775
5775
5753
5753
5753
5753
5762
5762
5762
5762
5739
5739
5739
5761
5761
5786
5792
5792
5792
5792
5792
5792
5782
5782
5783
5780
5780
5780
5780
5803
5787
5787
5787
5787
5709
5709
5709
5709
5709
5709
5709
5738
5747
5747
5773
5769
5769
5840
5840
5840
5835
5861
5846
5846
5835
5844
5844
5844
5844
5844
5844
5857
5880
5880
5906
5906
5867
5867
5867
5867
5835
5813
5817
5790
5790
5790
5790
5790
5790
5762
5762
5777
5766
5810
5810
5781
5783
5811
5768
5768
5768
5829
5829
5829
5842
5825
5825
5825
5832
5832
5832
5832
5832
5832
5832
5832
5831
5831
5780
5780
5780
5758
5753
5753
5753
5703
5703
5703
5709
5717
5717
5717
5717
5717
5717
5717
5717
5717
5717
5717
5717
5733
5732
5732
5698
5698
5698
5675
5675
5675
5675
5675
5675
5675
5675
5675
5675
5688
5688
5688
5688
5688
5688
5700
5662
5657
5662
5662
5662
5662
5688
5688
5688
5688
5688
5688
5688
5688
5688
5688
5688
5688
5688
5688
5688
5704
5704
5702
5702
5719
5719
5719
5719
5719
5728
5728
5728
5728
5728
5728
5728
5728
5728
5637
5637
5637
5636
5636
5636
5655
5655
5654
5654
5654
5654
5661
5661
5661
5670
5670
5670
5661
5661
5661
5652
5652
5658
5658
5655
5629
5629
5634
5669
5669
5669
5677
5679
5679
5675
5663
5663
5663
5663
5663
5663
5663
5663
5663
5663
5663
5663
5663
5663
5663
5606
5606
5606
5631
5667
5631
5631
5646
5646
5646
5754
5754
5754
5721
5721
5721
5721
5721
5719
5711
5698
5701
5701
5701
5701
5701
5701
5698
5698
5701
5753
5756
5756
5742
5742
5742
5742
5742
5755
5755
5745
5745
5693
5693
5693
5693
5693
5693
5693
5693
5683
5687
5687
5687
5687
5687
5679
5679
5679
5694
5663
5663
5660
5660
5660
5660
5660
5660
5660
5660
5660
5660
5660
5664
5664
5664
5664
5664
5668
5668
5668
5685
5660
5718
5718
5718
5723
5695
5695
5681
5684
5684
5684
5684
5684
5684
5667
5667
5667
5667
5667
5667
5671
5660
5699
5699
5682
5682
5682
5682
5682
5710
5710
5710
5710
5710
5710
5710
5710
5676
5676
5687
5687
5689
5689
5681
5681
5681
5650
5650
5650
5650
5662
5655
5655
5650
5650
5650
5650
5650
5650
5650
5650
5700
5718
5712
5712
5766
5766
5803
5803
5803
5852
5852
5852
5852
5848
5778
5778
5778
5778
5778
5713
5677
5677
5677
5685
5685
5685
5685
5685
5685
5685
5695
5695
5695
5695
5695
5695
5695
5695
5695
5687
5687
5687
5669
5669
5669
5656
5656
5656
5656
5656
5656
5656
5656
5656
5656
5656
5630
5630
5600
5600
5600
5607
5607
5607
5607
5607
5607
5607
5607
5607
5607
5607
5607
5607
5607
5607
5607
5607
5607
5607
5607
5607
5607
5607
5608
5595
5595
5595
5595
5595
5595
5595
5595
5593
5593
5593
5593
5580
5580
5580
5580
5580
5580
5580
5580
5580
5580
5620
5613
5619
5619
5619
5619
5619
5619
5623
5611
5596
5596
5596
5596
5614
5614
5614
5615
5615
5615
5615
5615
5615
5615
5580
5580
5580
5585
5580
5580
5580
5580
5607
5584
5598
5602
5602
5602
5584
5584
5584
5584
5559
5559
5559
5559
5559
5582
5582
5582
5582
5582
5582
5582
5582
5582
5582
5588
5602
5588
5588
5588
5559
5559
5559
5570
5566
5566
5578
5578
5578
5578
5578
5578
5578
5578
5578
5578
5578
5578
5578
5578
5578
5578
5578
5578
5578
5578
5616
5616
5616
5590
5590
5590
5590
5590
5590
5590
5577
5577
5577
5577
5577
5573
5637
5623
5623
5623
5623
5623
5623
5627
5627
5627
5660
5661
5661
5664
5660
5660
5613
5609
5609
5665
5657
5686
5686
5737
5734
5749
5708
5708
5708
5708
5708
5708
5708
5741
5731
5717
5714
5714
5714
5714
5722
5690
5690
5690
5690
5667
5667
5667
5667
5667
5667
5667
5667
5667
5690
5690
5690
5690
5690
5690
5690
5716
5716
5716
5716
5716
5738
5738
5738
5722
5729
5729
5729
5729
5722
5722
5722
5722
5722
5722
5727
5727
5732
5732
5699
5699
5699
5699
5699
5699
5699
5699
5699
5699
5699
5699
5699
5699
5702
5702
5698
5692
5692
5684
5684
5684
5684
5684
5646
5646
5646
5646
5646
5636
5636
5636
5640
5642
5642
5642
5642
5642
5642
5642
5642
5642
5643
5643
5630
5630
5592
5592
5592
5592
5592
5592
5592
5592
5596
5591
5591
5591
5591
5582
5582
5582
5582
5582
5627
5627
5627
5627
5627
5627
5627
5611
5611
5612
5612
5612
5612
5612
5612
5612
5612
5612
5612
5612
5612
5612
5612
5612
5612
5612
5612
5612
5616
5616
5616
5616
5616
5616
5616
5616
5616
5616
5616
5616
5616
5616
5623
5623
5623
5623
5623
5616
5616
5616
5616
5616
5637
5637
5640
5640
5640
5640
5640
5638
5638
5638
5638
5638
5638
5638
5638
5638
5638
5696
5696
5696
5696
5696
5696
5706
5706
5706
5706
5706
5706
5706
5687
5687
5687
5687
5687
5676
5676
5676
5676
5676
5680
5680
5680
5680
5680
5680
5676
5676
5676
5676
5676
5676
5676
5676
5676
5676
5676
5676
5676
5676
5676
5676
5666
5666
5666
5666
5666
5666
5666
5671
5671
5671
5671
5671
5671
5671
5693
5693
5693
5693
5693
5660
5660
5660
5660
5660
5660
5660
5660
5660
5660
5660
5660
5662
5662
5662
5679
5679
5679
5679
5679
5679
5679
5679
5706
5706
5706
5702
5702
5702
5702
5702
5702
5702
5702
5702
5684
5684
5671
5671
5671
5671
5671
5671
5672
5656
5656
5656
5656
5662
5662
5662
5662
5662
5662
5673
5673
5673
5673
5673
5673
5673
5673
5673
5673
5673
5673
5673
5673
5673
5673
5673
5673
5673
5673
5673
5673
5678
5678
5678
5678
5678
5678
5677
5698
5698
5698
5690
5690
5692
5692
5692
5692
5692
5692
5704
5704
5704
5692
5692
5692
5692
5692
5692
5692
5692
5692
5692
5705
5692
5692
5692
5692
5692
5697
5697
5697
5697
5697
5692
5692
5692
5692
5692
5692
5700
5700
5700
5700
5700
5700
5700
5700
5700
5696
5696
5696
5696
5742
5748
5732
5745
5715
5715
5715
5715
5725
5725
5725
5725
5725
5772
5772
5734
5752
5692
5696
5710
5710
5710
5710
5710
5706
5722
5722
5692
5692
5692
5692
5692
5692
5692
5694
5694
5692
5709
5709
5709
5709
5709
5709
5709
5709
5709
5709
5709
5709
5735
5713
5718
5718
5718
5694
5694
5715
5715
5715
5695
5751
5751
5751
5751
5752
5752
5752
5752
5752
5752
5752
5752
5715
5715
5687
5687
5687
5687
5687
5687
5687
5737
5737
5711
5711
5711
5711
5711
5711
5711
5711
5711
5714
5714
5720
5720
5720
5720
5720
5720
5720
5720
5720
5720
5736
5736
5736
5761
5773
5773
5773
5799
5799
5799
5799
5799
5776
5721
5721
5721
5721
5721
5721
5721
5721
5721
5721
5721
5721
5721
5721
5721
5721
5721
5721
5721
5721
5721
5721
5709
5709
5709
5680
5683
5683
5680
5680
5680
5680
5691
5691
5691
5691
5691
5691
5691
5691
5691
5691
5691
5691
5691
5704
5687
5679
5707
5707
5706
5706
5706
5706
5706
5706
5706
5706
5706
5703
5703
5706
5706
5706
5706
5706
5706
5706
5706
5706
5706
5706
5706
5706
5659
5659
5659
5631
5631
5631
5631
5631
5631
5631
5631
5631
5631
5631
5631
5631
5631
5631
5682
5682
5677
5677
5680
5680
5680
5685
5685
5685
5685
5685
5685
5685
5685
5685
5685
5685
5685
5657
5657
5657
5657
5657
5657
5657
5647
5631
5631
5631
5631
5631
5631
5637
5631
5631
5631
5631
5631
5631
5631
5631
5640
5622
5622
5622
5622
5617
5617
5617
5617
5617
5617
5637
5637
5637
5637
5627
5627
5617
5619
5619
5619
5619
5619
5646
5646
5646
5646
5646
5646
5646
5646
5634
5634
5634
5634
5635
5635
5635
5635
5647
5647
5617
5617
5617
5617
5617
5617
5617
5617
5617
5617
5617
5617
5617
5617
5619
5619
5619
5619
5652
5652
5652
5652
5652
5652
5652
5652
5652
5652
5652
5649
5649
5643
5643
5643
5651
5651
5651
5651
5652
5652
5638
5638
5638
5638
5638
5638
5638
5638
5638
5638
5638
5638
5638
5638
5638
5638
5638
5638
5638
5638
5638
5638
5638
5638
5638
5638
5638
5638
5654
5654
5654
5654
5654
5654
5654
5654
5638
5638
5638
5638
5638
5638
5638
5638
5638
5638
5638
5638
5638
5638
5638
5638
5635
5635
5635
5635
5635
5667
5667
5667
5667
5649
5649
5649
5649
5649
5649
5649
5649
5617
5625
5625
5625
5624
5624
5611
5611
5611
5604
5604
5604
5604
5595
5595
5595
5595
5595
5595
5595
5595
5595
5595
5595
5595
5595
5595
5595
5595
5595
5595
5595
5595
5595
5595
5595
5595
5595
5595
5595
5594
5594
5594
5594
5594
5594
5594
5594
5594
5594
5594
5594
5595
5595
5610
5610
5610
5610
5610
5610
5610
5610
5607
5607
5607
5607
5607
5607
5607
5607
5607
5607
5607
5607
5607
5611
5611
5609
5609
5609
5609
5609
5609
5609
5609
5609
5609
5609
5609
5609
5609
5609
5609
5609
5609
5609
5609
5609
5609
5609
5609
5609
5609
5609
5609
5609
5609
5570
5570
5558
5558
5558
5558
5558
5558
5558
5558
5558
5558
5558
5558
5558
5558
5581
5558
5558
5558
5558
5558
5558
5558
5558
5558
5558
5558
5558
5558
5558
5558
5558
5558
5558
5558
5558
5566
5566
5566
5566
5566
5566
5566
5566
5566
5558
5558
5558
5567
5567
5567
5567
5567
5567
5567
5567
5567
5567
5567
5558
5558
5558
5558
5558
5558
5569
5569
5566
5566
5566
5566
5566
5566
5552
5552
5552
5552
5552
5552
5552
5552
5552
5552
5552
5552
5552
5552
5566
5571
5556
5556
5556
5556
5556
5556
5556
5556
5555
5555
5555
5555
5555
5555
5556
5556
5556
5556
5556
5556
5556
5556
5556
5555
5555
5555
5555
5555
5555
5555
5573
5574
5574
5574
5574
5573
5573
5573
5573
5573
5573
5573
5573
5573
5576
5576
5576
5576
5576
5576
5576
5576
5576
5576
5576
5576
5576
5576
5576
5576
5576
5576
5576
5576
5576
5576
5576
5578
5578
5579
5579
5579
5579
5579
5579
5579
5579
5579
5579
5579
5579
5579
5576
5576
5576
5576
5576
5576
5576
5576
5576
5576
5576
5576
5576
5576
5576
5576
5576
5576
5576
5576
5579
5579
5579
5579
5579
5579
5579
5579
5579
5579
5583
5583
5583
5583
5583
5583
5583
5583
5583
5583
5583
5583
5583
5583
5583
5583
5583
5583
5583
5559
5559
5559
5559
5559
5559
5551
5551
5551
5533
5533
5526
5526
5526
5526
5526
5531
5531
5531
5531
5531
5531
5531
5531
5531
5531
5531
5531
5531
5531
5531
5531
5531
5531
5531
5514
5516
5514
5514
5514
5514
5514
5514
5514
5514
5514
5514
5514
5514
5514
5518
5518
5514
5514
5514
5514
5514
5514
5514
5514
5514
5514
5514
5514
5514
5514
5514
5514
5514
5514
5514
5514
5514
5514
5514
5514
5514
5514
5514
5514
5514
5514
5514
5514
5514
5514
5514
5514
5514
5514
5514
5514
5514
5514
5514
5514
5514
5514
5514
5514
5514
5514
5514
5514
5514
5514
5514
5514
5514
5514
5514
5514
5514
5514
5523
5523
5523
5523
5523
5523
5523
5523
5523
5523
5523
5523
5518
5518
5518
5518
5518
5518
5518
5518
5518
5518
5518
5518
5518
5518
5518
5518
5518
5518
5518
5518
5518
5518
5518
5518
5518
5518
5518
5518
5518
5518
5514
5526
5526
5526
5514
5514
5514
5514
5514
5514
5514
5531
5531
5531
5532
5532
5532
5532
5535
5514
5514
5514
5514
5514
5514
5514
5514
5514
5514
5514
5514
5514
5514
5514
5514
5514
5514
5514
5514
5514
5514
5514
5514
5514
5514
5514
5514
5514
5514
5514
5514
5514
5514
5514
5514
5514
5514
5514
5514
5514
5514
5514
5514
5514
5514
5514
5514
5514
5514
5514
5514
5514
5514
5514
5514
5514
5514
5514
5514
5514
5514
5514
5514
5514
5514
5514
5514
5514
5514
5514
5514
5514
5514
5514
5514
5514
5514
5514
5514
5514
5514
5514
5514
5514
5514
5514
5514
5514
5514
5514
5514
5514
5514
5514
5514
5514
5514
5514
5514
5514
5517
5517
5517
5517
5517
5517
5517
5517
5517
5517
5517
5517
5517
5517
5517
5517
5517
5517
5517
5517
5515
5515
5515
5516
5516
5516
5516
5516
5516
5516
5515
5515
5515
5515
5515
5515
5515
5515
5515
5515
5520
5520
5520
5515
5515
5515
5515
5515
5515
5515
5515
5515
5515
5515
5517
5517
5517
5517
5517
5517
5517
5518
5518
5518
5518
5518
5518
5518
5518
5515
5515
5515
5515
5515
5515
5515
5515
5515
5515
5515
5515
5515
5515
5515
5515
5515
5515
5515
5515
5515
5515
5515
5515
5515
5515
5515
5515
5515
5515
5514
5514
5514
5514
5514
5514
5517
5517
5517
5517
5514
5514
5514
5514
5514
5514
5514
5514
5515
5515
5515
5515
5520
5520
5520
5520
5520
5520
5516
5515
5515
5515
5515
5515
5515
5515
5518
5515
5515
5515
5515
5515
5515
5515
5515
5515
5515
5515
5515
5515
5515
5515
5515
5515
5515
5515
5519
5519
5519
5519
5519
5519
5515
5515
5515
5515
5515
5515
5515
5515
5515
5515
5515
5515
5515
5515
5515
5515
5515
5515
5515
5515
5515
5515
5515
5515
5515
5515
5515
5515
5515
5515
5515
5515
5515
5515
5515
5515
5515
5515
5524
5524
5524
5524
5524
5524
5514
5514
5514
5514
5514
5514
5514
5514
5514
5514
5514
5514
5514
5514
5514
5514
5514
5514
5514
5514
5514
5514
5514
5524
5544
5544
5544
5544
5544
5544
5544
5544
5544
5544
5544
5544
5544
5544
5544
5534
5534
5534
5534
5534
5534
5535
5535
5535
5535
5535
5535
5535
5535
5535
5535
5535
5535
5535
5535
5514
5514
5514
5514
5518
5518
5518
5518
5518
5518
5518
5518
5518
5518
5518
5518
5518
5519
5519
5535
5535
5535
5535
5522
5518
5518
5518
5518
5518
5518
5518
5518
5518
5518
5518
5518
5518
5518
5518
5518
5518
5518
5518
5518
5518
5518
5518
5518
5518
5518
5518
5518
5518
5518
5518
5518
5518
5518
5518
5518
5518
5518
5518
5518
5518
5518
5518
5518
5518
5518
5518
5518
5518
5518
5518
5518
5518
5518
5518
5518
5518
5518
5518
5518
5518
5518
5518
5518
5518
5518
5518
5518
5518
5518
5511
5511
5511
5511
5511
5511
5511
5511
5511
5511
5511
5511
5511
5511
5511
5511
5511
5511
5511
5511
5511
5511
5511
5511
5510
5510
5510
5510
5510
5510
5510
5510
5510
5510
5513
5513
5513
5510
5510
5510
5510
5510
5510
5510
5510
5510
5510
5510
5510
5510
5510
5510
5510
5510
5510
5510
5510
5510
5510
5510
5510
5510
5510
5510
5510
5510
5510
5510
5510
5510
5510
5510
5510
5510
5510
5510
5510
5510
5510
5510
5510
5510
5510
5507
5507
5507
5507
5507
5507
5507
5507
5507
5507
5507
5507
5507
5507
5507
5507
5507
5507
5507
5507
5507
5507
5507
5516
5507
5507
5507
5507
5507
5507
5507
5507
5507
5507
5507
5507
5507
5507
5507
5507
5507
5507
5507
5507
5507
5507
5507
5507
5507
5507
5507
5507
5507
5507
5507
5507
5507
5507
5507
5507
5507
5507
5507
5507
5507
5507
5507
5507
5507
5507
5507
5507
5507
5507
5507
5507
5507
5507
5507
5507
5507
5507
5507
5507
5507
5507
5507
5507
5507
5507
5507
5507
5507
5507
5507
5516
5516
5516
5516
5509
5509
5509
5509
5509
5509
5509
5509
5509
5509
5509
5509
5509
5509
5509
5509
5509
5509
5509
5509
5509
5509
5509
5509
5509
5509
5509
5509
5509
5509
5509
5509
5509
5509
5509
5509
5509
5509
5509
5509
5509
5509
5509
5509
5509
5509
5509
5509
5509
5509
5509
5509
5509
5509
5517
5517
5509
5509
5509
5509
5509
5509
5509
5509
5509
5509
5509
5509
5509
5509
5509
5509
5509
5509
5509
5509
5509
5509
5509
5509
5509
5509
5509
5509
5509
5509
5509
5509
5509
5509
5509
5509
5509
5509
5509
5509
5509
5512
5509
5509
5509
5514
5509
5509
5509
5509
5509
5509
5509
5509
5509
5509
5509
5509
5509
5509
5509
5509
5509
5509
5509
5509
5509
5509
5509
5509
5509
5509
5509
5509
5509
5509
5509
5509
5509
5509
5509
5509
5509
5509
5509
5509
5509
5509
5509
5509
5509
5509
5509
5509
5509
5509
5509
5509
5509
5509
5509
5509
5509
5509
5509
5509
5509
5509
5509
5509
5509
5509
5509
5509
5509
5509
5509
5509
5509
5509
5509
5509
5509
5509
5509
5509
5509
5509
5509
5509
5509
5509
5509
5509
5509
5509
5509
5509
5509
5509
5509
5509
5509
5509
5509
5509
5509
5509
5509
5509
5509
5509
5509
5509
5509
5509
5509
5509
5509
5509
5509
5509
5509
5509
5509
5509
5509
5509
5509
5509
5509
5509
5509
5509
5509
5509
5509
5509
5509
5509
5509
5509
5509
5509
5509
5509
5509
5509
5509
5509
5509
5509
5509
5509
5509
5509
5509
5509
5509
5509
5509
5509
5509
5509
5509
5509
5509
5509
5509
5509
5509
5509
5509
5509
5509
5509
5509
5509
5509
5509
5509
5509
5509
5509
5509
5509
5509
5509
5509
5509
5509
5509
5509
5509
5509
5509
5509
5509
5509
5509
5509
5509
5509
5509
5509
5509
5509
5509
5509
5509
5509
5509
5509
5509
5509
5509
5509
5509
5509
5509
5509
5509
5509
5509
5509
5509
5509
5509
5509
5509
5509
5509
5509
5509
5509
5509
5509
5509
5509
5509
5509
5509
5509
5509
5509
5509
5513
5513
5513
5513
5513
5513
5513
5513
5513
5513
5513
5513
5513
5513
5513
5513
5513
5513
5513
5516
5516
5516
5516
5516
5516
5516
5516
5516
5513
5513
5513
5513
5513
5513
5513
5509
5509
5509
5509
5509
5509
5509
5509
5509
5509
5509
5509
5509
5509
5509
5509
5509
5509
5509
5509
5509
5509
5509
5509
5509
5509
5509
5509
5509
5509
5509
5509
5509
5509
5509
5509
5509
5509
5509
5509
5509
5509
5509
5509
5509
5509
5509
5509
5509
5509
5509
5509
5509
5509
5509
5509
5509
5509
5509
5509
5509
5509
5509
5509
5509
5509
5509
5509
5509
5509
5509
5509
5509
5509
5509
5509
5509
5509
5509
5509
5509
5509
5509
5509
5509
5509
5509
5509
5509
5509
5509
5509
5509
5509
5509
5509
5509
5509
5509
5509
5509
5509
5509
5509
5509
5509
5509
5509
5509
5509
5509
5509
5509
5509
5509
5509
5509
5509
5509
5509
5509
5509
5509
5513
5512
5509
5509
5510
5510
5509
5509
5509
5512
5512
5512
5512
5512
5512
5512
5512
5512
5512
5512
5512
5512
5512
5512
5512
5512
5512
5512
5512
5512
5512
5512
5512
5512
5512
5512
5512
5512
5512
5512
5512
5512
5512
5512
5512
5512
5512
5512
5512
5512
5512
5512
5512
5512
5512
5512
5512
5512
5512
5512
5512
5512
5512
5512
5512
5514
5512
5512
5512
5512
5512
5512
5512
5512
5512
5512
5512
5511
5511
5511
5511
5511
5511
5511
5511
5511
5511
5515
5515
5515
5515
5515
5509
5509
5509
5509
5509
5509
5509
5509
5509
5509
5509
5509
5509
5509
5509
5509
5509
5509
5509
5509
5509
5509
5509
5515
5515
5515
5517
5517
5517
5517
5517
5517
5517
5509
5509
5509
5509
5509
5509
5509
5509
5509
5509
5509
5509
5509
5509
5509
5509
5509
5509
5509
5509
5509
5510
5509
5509
5509
5509
5509
5509
5509
5509
5509
5509
5509
5509
5509
5509
5509
5509
5509
5512
5512
5512
5512
5512
5512
5512
5512
5512
5509
5509
5509
5509
5509
5509
5509
5509
5509
5509
5509
5509
5509
5509
5509
5509
5509
5509
5509
5509
5509
5509
5509
5509
5509
5509
5509
5509
5509
5509
5509
5509
5509
5509
5509
5509
5509
5509
5509
5509
5509
5509
5509
5509
5509
5509
5509
5509
5509
5509
5509
5509
5509
5509
5509
5509
5509
5509
5509
5509
5509
5509
5509
5509
5509
5509
5509
5509
5509
5509
5509
5509
5509
5509
5509
5509
5509
5509
5509
5509
5509
5509
5509
5509
5509
5509
5509
5513
5513
5513
5513
5513
5513
5513
5509
5509
5509
5509
5509
5509
5509
5509
5509
5509
5509
5509
5509
5509
5509
5509
5509
5509
5509
5509
5509
5509
5510
5510
5510
5510
5510
5510
5513
5509
5509
5509
5509
5509
5509
5509
5509
5509
5509
5509
5509
5509
5509
5509
5509
5509
5509
5509
5509
5509
5509
5509
5509
5509
5509
5509
5509
5509
5509
5509
5509
5509
5509
5509
5509
5509
5511
5511
5511
5511
5511
5511
5511
5511
5511
5511
5511
5511
5511
5511
5511
5511
5511
5511
5511
5509
5509
5509
5509
5509
5509
5509
5509
5509
5509
5509
5509
5509
5509
5509
5509
5509
5509
5509
5509
5509
5509
5509
5509
5509
5509
5509
5509
5509
5509
5509
5509
5509
5509
5509
5509
5509
5509
5509
5509
5509
5509
5509
5509
5509
5509
5509
5509
5509
5509
5509
5509
5509
5509
5509
5509
5509
5509
5509
5509
5509
5509
5509
5509
5509
5509
5509
5509
5509
5509
5509
5509
5509
5509
5509
5509
5509
5509
5509
5509
5509
5516
5516
5516
5516
5509
5509
5509
5509
5509
5509
5509
5509
5509
5509
5509
5509
5509
5509
5509
5509
5509
5509
5509
5509
5509
5509
5509
5509
5509
5509
5509
5509
5509
5509
5509
5509
5509
5509
5509
5509
5509
5509
5509
5509
5509
5509
5509
5509
5509
5509
5509
5509
5509
5509
5509
5509
5509
5509
5509
5509
5509
5509
5509
5509
5509
5509
5509
5509
5509
5509
5509
5509
5509
5509
5509
5509
5509
5509
5509
5509
5509
5509
5509
5509
5509
5509
5509
5509
5509
5509
5509
5509
5509
5509
5509
5509
5509
5509
5509
5509
5509
5509
5509
5509
5509
5509
5509
5509
5509
5509
5509
5509
5509
5509
5509
5509
5509
5509
5509
5509
5509
5509
5509
5509
5511
5511
5511
5511
5511
5511
5511
5511
5511
5511
5511
5511
5511
5509
5509
5509
5509
5509
5509
5509
5509
5509
5509
5509
5509
5509
5509
5509
5509
5509
5509
5509
5509
5509
5509
5509
5509
5509
5509
5509
5509
5509
5509
5530
5530
5530
5509
5509
5509
5509
5509
5509
5509
5509
5509
5509
5509
5509
5509
5509
5509
5509
5509
5509
5509
5509
5509
5509
5509
5509
5509
5509
5509
5509
5509
5509
5509
5509
5509
5509
5509
5509
5509
5509
5509
5509
5509
5509
5509
5509
5509
5509
5509
5509
5509
5509
5509
5509
5509
5509
5509
5509
5509
5509
5509
5509
5509
5511
5511
5511
5511
5511
5511
5511
5511
5511
5511
5509
5509
5509
5509
5509
5509
5509
5509
5509
5509
5509
5509
5509
5509
5509
5509
5509
5509
5509
5509
5509
5509
5509
5509
5509
5509
5509
5509
5509
5509
5509
5509
5509
5509
5509
5509
5509
5509
5509
5509
5509
5509
5509
5509
5509
5509
5509
5509
5509
5509
5509
5509
5509
5509
5509
5509
5509
5509
5509
5509
5509
5509
5509
5509
5509
5509
5509
5509
5509
5509
5509
5509
5509
5509
5509
5509
5510
5509
5509
5509
5509
5509
5509
5509
5509
5509
5509
5509
5509
5509
5509
5509
5509
5509
5509
5509
5509
5509
5509
5509
5509
5509
5509
5509
5509
5509
5512
5512
5512
5512
5512
5512
5512
5512
5512
5512
5512
5512
5509
5509
5509
5509
5509
5509
5509
5509
5509
5509
5509
5509
5509
5509
5509
5509
5509
5509
5509
5509
5509
5509
5509
5509
5509
5509
5509
5509
5509
5509
5509
5509
5509
5509
5509
5509
5509
5509
5509
5509
5509
5509
5509
5509
5509
5509
5509
5509
5509
5509
5509
5509
5509
5509
5509
5509
5509
5509
5509
5509
5509
5509
5509
5509
5509
5509
5509
5509
5509
5509
5509
5509
5509
5509
5509
5509
5509
5509
5509
5509
5509
5509
5509
5509
5509
5509
5510
5509
5509
5509
5509
5509
5509
5509
5509
5509
5509
5509
5509
5509
5509
5509
5509
5509
5509
5520
5520
5520
5520
5520
5520
5515
5515
5515
5515
5515
5515
5509
5509
5509
5509
5509
5509
5509
5509
5509
5509
5509
5509
5509
5509
5509
5509
5509
5509
5509
5509
5509
5509
5509
5509
5509
5509
5509
5509
5509
5509
5509
5509
5509
5509
5509
5509
5509
5509
5509
5509
5509
5509
5509
5509
5509
5509
5509
5509
5509
5509
5509
5509
5509
5509
5509
5515
5515
5515
5515
5515
5515
5515
5515
5515
5515
5515
5515
5515
5515
5515
5515
5515
5516
5516
5516
5516
5516
5516
5515
5515
5515
5515
5515
5515
5515
5515
5515
5515
5515
5515
5515
5515
5515
5515
5515
5515
5515
5515
5515
5515
5515
5515
5515
5515
5515
5515
5515
5515
5515
5515
5515
5515
5515
5515
5515
5515
5515
5515
5515
5515
5515
5515
5509
5509
5509
5509
5509
5509
5509
5509
5509
5509
5509
5509
5509
5509
5509
5509
5509
5509
5509
5509
5509
5509
5512
5512
5512
5512
5512
5512
5512
5509
5509
5509
5509
5509
5509
5509
5509
5509
5509
5509
5509
5509
5509
5509
5509
5509
5509
5509
5509
5509
5509
5509
5509
5509
5509
5509
5509
5509
5509
5509
5509
5509
5509
5509
5509
5509
5509
5509
5509
5509
5509
5509
5509
5509
5509
5509
5509
5509
5509
5509
5509
5509
5509
5509
5509
5509
5509
5509
5509
5509
5509
5509
5509
5509
5509
5509
5509
5509
5509
5509
5509
5509
5509
5509
5509
5509
5509
5509
5509
5509
5509
5509
5509
5509
5509
5509
5509
5509
5509
5509
5509
5509
5509
5509
5509
5509
5509
5509
5509
5509
5509
5509
5509
5509
5509
5509
5509
5509
5509
5509
5509
5509
5509
5509
5509
5509
5509
5509
5509
5509
5509
5509
5509
5509
5509
5509
5509
5509
5509
5509
5509
5509
5509
5509
5509
5509
5509
5509
5509
5509
5509
5509
5509
5509
5509
5509
5509
5509
5509
5509
5509
5509
5509
5509
5509
5509
5509
5509
5509
5510
5510
5510
5509
5509
5509
5509
5509
5509
5509
5509
5509
5509
5509
5509
5509
5509
5509
5509
5509
5509
5509
5509
5509
5509
5509
5509
5513
5513
5513
5513
5513
5513
5513
5513
5509
5509
5509
5509
5509
5509
5509
5509
5509
5509
5509
5509
5509
5509
5509
5509
5509
5509
5509
5509
5509
5509
5509
5509
5509
5510
5510
5509
5509
5509
5509
5509
5509
5509
5509
5509
5509
5509
5509
5509
5509
5509
5509
5509
5509
5509
5509
5509
5509
5509
5509
5509
5509
5509
5509
5509
5509
5509
5509
5509
5509
5509
5509
5509
5509
5509
5509
5509
5509
5509
5509
5509
5509
5509
5509
5509
5509
5509
5509
5509
5509
5509
5509
5509
5509
5509
5509
5509
5509
5509
5509
5509
5509
5509
5509
5509
5509
5509
5509
5509
5509
5509
5509
5509
5509
5509
5509
5509
5509
5509
5509
5509
5509
5509
5509
5509
5509
5509
5509
5509
5509
5509
5509
5509
5509
5509
5509
5509
5509
5509
5509
5509
5509
5509
5509
5509
5509
5509
5509
5509
5509
5509
5509
5509
5509
5509
5509
5509
5509
5509
5509
5509
5509
5509
5509
5509
5509
5509
5509
5509
5509
5509
5509
5509
5509
5509
5509
5509
5509
5509
5509
5509
5509
5509
5509
5509
5509
5509
5509
5509
5509
5509
5509
5509
5509
5509
5509
5509
5509
5509
5509
5509
5509
5509
5509
5509
5509
5509
5509
5509
5512
5512
5512
5512
5512
5512
5512
5512
5512
5512
5512
5509
5509
5509
5509
5509
5509
5512
5512
5512
5512
5512
5512
5512
5512
5509
5509
5509
5509
5509
5509
5509
5509
5509
5509
5509
5509
5509
5509
5509
5509
5509
5510
5510
5512
5512
5512
5512
5512
5512
5512
5512
5512
5512
5512
5512
5512
5512
5512
5512
5510
5510
5509
5509
5509
5509
5509
5509
5509
5509
5509
5509
5509
5509
5509
5509
5509
5509
5509
5509
5509
5509
5509
5509
5509
5509
5509
5509
5509
5509
5509
5509
5509
5509
5509
5509
5509
5509
5514
5514
5514
5514
5514
5514
5514
5514
5514
5514
5514
5514
5514
5514
5514
5514
5514
5514
5514
5514
5514
5514
5514
5514
5514
5514
5514
5514
5514
5514
5514
5514
5514
5514
5514
5514
5514
5514
5514
5514
5514
5514
5514
5514
5514
5514
5514
5514
5514
5514
5514
5514
5514
5514
5514
5514
5514
5514
5514
5514
5514
5514
5514
5514
5514
5514
5514
5514
5514
5514
5514
5514
5514
5514
5514
5514
5514
5514
5514
5514
5514
5514
5514
5514
5514
5514
5514
5514
5514
5514
5514
5514
5514
5514
5514
5514
5514
5514
5514
5514
5514
5514
5514
5514
5514
5514
5514
5514
5514
5514
5514
5514
5514
5514
