2782
2803
2868
2832
2852
2737
2737
2746
2734
2735
2788
2707
2822
2767
2832
2835
2782
2766
2783
2764
2777
2848
2883
2874
2895
2870
2892
2790
2771
2726
2749
2776
2629
2617
2614
2607
2609
2612
2627
2638
2613
2654
2677
2616
2619
2584
2587
2655
2660
2645
2674
2690
2692
2734
2742
2714
2799
2732
2761
2749
2747
2801
2822
2798
2789
2823
2807
2790
2770
2848
2869
2860
2833
2838
2847
2838
2835
2779
2764
2866
2843
2767
2762
2682
2770
2682
2698
2677
2716
2716
2745
2774
2809
2711
2721
2753
2715
2771
2856
2874
2874
2871
2857
2783
2880
2880
2848
2842
2841
2850
2856
2852
2858
2845
2872
2907
2920
2911
2912
2853
2848
2664
2702
2692
2705
2742
2742
2772
2768
2777
2720
2704
2704
2681
2745
2702
2692
2695
2698
2732
2827
2793
2746
2725
2777
2735
2774
2735
2823
2930
2878
2870
2867
2981
2943
2828
2849
2849
2885
2873
2837
2851
2811
2794
2776
2811
2753
2735
2728
2786
2844
2818
2824
2841
2856
2871
2894
2914
2841
2849
2817
2794
2794
2782
2759
2814
2830
2794
2766
2698
2698
2667
2698
2695
2760
2707
2707
2707
2853
2863
2847
2876
2801
2659
2698
2679
2712
2685
2707
2676
2784
2738
2679
2703
2620
2656
2591
2608
2718
2734
2698
2714
2785
2796
2790
2887
2892
2887
2914
2899
2949
2962
2869
2824
2843
2740
2743
2762
2753
2793
2793
2707
2687
2758
2758
2789
2772
2772
2736
2711
2765
2820
2783
2754
2751
2823
2834
2832
2895
2863
2880
2766
2761
2802
2737
2758
2818
2774
2698
2747
2800
2785
2833
2853
2827
2827
2827
2807
2807
2796
2850
2855
2809
2788
2806
2804
2804
2815
2815
2888
2860
2904
2909
2882
2820
2820
2946
2946
2889
2885
2886
2933
2903
2924
2934
2833
2793
2719
2805
2897
2915
2904
2798
2832
2832
2800
2805
2768
2792
2792
2787
2871
2787
2787
2832
2817
2866
2884
2891
2879
2873
2776
2819
2752
2822
2730
2746
2767
2764
2790
2869
2906
2906
2909
2910
2916
2887
2799
2805
2799
2773
2738
2739
2738
2777
2743
2705
2681
2708
2731
2731
2771
2765
2708
2747
2738
2712
2816
2810
2810
2778
2727
2735
2806
2777
2781
2748
2823
2731
2669
2671
2721
2629
2688
2668
2782
2696
2762
2756
2690
2677
2690
2679
2694
2701
2707
2717
2717
2717
2786
2767
2767
2767
2807
2851
2851
2851
2832
2848
2825
2825
2835
2835
2835
2817
2785
2774
2790
2720
2763
2723
2705
2706
2727
2744
2744
2792
2706
2756
2808
2808
2808
2808
2645
2651
2651
2675
2633
2677
2633
2711
2719
2733
2707
2613
2650
2648
2664
2642
2674
2674
2652
2654
2624
2624
2641
2624
2586
2649
2620
2596
2601
2640
2622
2653
2732
2712
2718
2718
2711
2764
2757
2734
2765
2763
2868
2869
2851
2818
2818
2796
2844
2788
2812
2816
2804
2770
2783
2812
2845
2864
2758
2709
2741
2719
2612
2705
2728
2792
2846
2846
2854
2854
2807
2830
2779
2747
2834
2891
2916
2933
2916
2874
2803
2837
2847
2858
2861
2861
2821
2829
2829
2799
2830
2891
2910
2909
2885
2930
2935
2865
2874
2889
2907
2924
2952
2953
2953
2942
2885
2881
2768
2729
2702
2678
2705
2824
2832
2837
2885
2885
2894
2850
2808
2899
2911
2906
2973
2886
2898
2913
2908
2898
2821
2772
2776
2907
2900
2790
2798
2798
2751
2779
2831
2925
2864
2677
2716
2742
2696
2737
2767
2767
2754
2737
2732
2656
2742
2786
2693
2702
2702
2708
2743
2748
2741
2741
2837
2905
2991
2978
2884
2901
2918
2909
2913
2745
2745
2776
2776
2818
2793
2755
2952
2943
2909
2931
2919
2826
2753
2739
2753
2826
2903
2909
2942
2866
2910
2897
2841
2861
2900
2889
2972
2972
2972
2983
3022
3022
2955
2966
2824
2847
2872
2869
2849
2863
2839
2798
2732
2756
2705
2725
2764
2756
2754
2757
2834
2782
2754
2720
2606
2586
2614
2725
2687
2632
2703
2745
2791
2789
2795
2783
2726
2756
2767
2730
2698
2727
2710
2690
2728
2775
2788
2859
2811
2835
2860
2810
2765
2742
2722
2722
2742
2799
2742
2714
2685
2680
2690
2748
2768
2725
2778
2754
2739
2769
2775
2769
2809
2758
2768
2687
2791
2750
2766
2790
2752
2788
2789
2789
2749
2737
2720
2736
2736
2693
2753
2774
2799
2830
2793
2762
2702
2734
2754
2817
2793
2784
2847
2847
2928
3000
2895
2862
2835
2783
2796
2830
2723
2716
2773
2691
2691
2658
2658
2627
2643
2646
2728
2725
2729
2742
2752
2747
2807
2807
2819
2819
2780
2780
2739
2676
2684
2715
2789
2759
2672
2672
2683
2700
2696
2712
2679
2663
2625
2691
2706
2701
2550
2572
2577
2564
2564
2610
2610
2616
2612
2645
2610
2610
2549
2611
2649
2731
2755
2739
2737
2777
2886
2821
2874
2684
2670
2619
2658
2627
2634
2634
2664
2645
2631
2599
2627
2660
2669
2669
2606
2617
2617
2603
2596
2611
2582
2634
2698
2696
2629
2627
2578
2622
2536
2587
2624
2690
2690
2853
2853
2778
2780
2768
2765
2774
2693
2807
2838
2806
2783
2787
2846
2697
2719
2735
2818
2749
2791
2791
2827
2629
2669
2758
2714
2675
2678
2729
2734
2750
2664
2664
2721
2707
2707
2722
2701
2738
2708
2769
2733
2629
2726
2692
2713
2681
2698
2687
2650
2683
2649
2665
2701
2746
2770
2742
2779
2882
2882
2901
2783
2741
2701
2695
2776
2779
2902
2834
2824
2930
2984
2955
3035
2859
2695
2702
2740
2740
2717
2692
2654
2689
2647
2656
2665
2664
2634
2769
2733
2733
2733
2821
2889
2817
2769
2773
2724
2758
2731
2663
2679
2708
2712
2750
2704
2707
2704
2704
2662
2694
2632
2658
2658
2657
2819
2735
2777
2777
2768
2775
2789
2758
2758
2786
2786
2672
2668
2600
2610
2683
2648
2696
2710
2772
2834
2836
2841
2881
2817
2808
2832
2816
2718
2763
2758
2666
2650
2694
2694
2647
2735
2755
2680
2685
2738
2756
2763
2708
2728
2710
2721
2763
2705
2640
2640
2746
2794
2822
2774
2697
2719
2698
2760
2727
2667
2691
2698
2812
2825
2791
2762
2766
2673
2596
2596
2596
2632
2684
2691
2654
2715
2804
2774
2782
2828
2799
2821
2829
2691
2634
2701
2917
2918
2903
2824
2830
2830
2886
2896
2865
2896
2926
2833
2759
2779
2793
2752
2752
2837
2803
2751
2808
2721
2685
2668
2698
2698
2682
2587
2680
2672
2631
2651
2675
2603
2600
2647
2655
2657
2647
2705
2731
2701
2699
2676
2666
2639
2699
2719
2719
2771
2679
2771
2729
2735
2702
2676
2874
2757
2757
2655
2644
2661
2734
2713
2545
2566
2510
2499
2523
2523
2585
2574
2594
2594
2626
2572
2638
2685
2697
2774
2752
2764
2772
2784
2901
2901
2916
2878
2904
2856
2761
2740
2750
2716
2674
2665
2760
2692
2696
2696
2747
2771
2768
2786
2731
2658
2642
2758
2735
2676
2668
2681
2719
2678
2782
2773
2773
2752
2824
2749
2682
2735
2670
2860
2721
2752
2803
2828
2838
2838
2888
2888
2849
2888
2940
2845
2687
2711
2702
2599
2599
2634
2710
2711
2729
2729
2674
2698
2736
2750
2688
2682
2707
2707
2677
2707
2707
2743
2745
2745
2732
2669
2669
2672
2772
2747
2788
2864
2824
2821
2861
2876
2897
2839
2805
2820
2823
2761
2758
2724
2678
2762
2762
2774
2774
2709
2741
2854
2788
2828
2755
2766
2791
2799
2773
2845
2816
2754
2745
2715
2707
2728
2748
2741
2736
2608
2659
2669
2663
2663
2657
2634
2698
2836
2836
2834
2843
2847
2831
2816
2808
2834
2834
2880
2899
2911
2943
2873
2943
2843
2823
2787
2784
2708
2681
2732
2732
2712
2723
2734
2746
2744
2735
2694
2818
2804
2904
2927
2901
2901
2878
2884
2834
2868
2848
2866
2818
2760
2762
2753
2712
2685
2735
2762
2691
2684
2651
2651
2645
2645
2711
2615
2698
2732
2751
2761
2795
2793
2734
2734
2779
2879
2883
2880
2876
2830
2811
2775
2738
2738
2643
2647
2687
2726
2694
2746
2705
2734
2577
2640
2627
2648
2612
2653
2785
2750
2725
2725
2725
2737
2679
2679
2679
2723
2734
2734
2691
2695
2682
2694
2711
2617
2644
2645
2656
2665
2702
2710
2710
2740
2713
2759
2712
2766
2797
2787
2655
2651
2664
2674
2688
2670
2654
2573
2648
2610
2610
2676
2692
2672
2659
2709
2730
2726
2782
2824
2657
2726
2715
2715
2689
2688
2688
2716
2739
2744
2742
2779
2773
2776
2829
2753
2774
2774
2774
2776
2760
2699
2736
2736
2736
2667
2798
2815
2771
2814
2878
2899
2852
2767
2733
2767
2786
2815
2637
2718
2736
2689
2697
2683
2778
2744
2702
2737
2834
2726
2731
2737
2737
2720
2669
2632
2632
2617
2617
2641
2614
2623
2623
2695
2695
2656
2691
2727
2714
2727
2641
2611
2655
2655
2758
2762
2718
2776
2885
2775
2775
2749
2780
2822
2734
2774
2739
2737
2737
2737
2782
2782
2720
2765
2820
2799
2864
2900
2902
2949
2920
2908
2908
2779
2820
2793
2745
2745
2777
2777
2803
2816
2787
2741
2783
2801
2785
2777
2753
2692
2692
2689
2685
2704
2720
2720
2760
2738
2738
2790
2770
2757
2675
2685
2636
2658
2689
2775
2727
2712
2805
2693
2693
2813
2838
2798
2799
2804
2763
2740
2789
2885
2866
2830
2920
2775
2687
2776
2839
2721
2769
2738
2714
2665
2673
2694
2669
2669
2652
2814
2851
2795
2742
2729
2744
2785
2785
2730
2774
2681
2681
2661
2695
2761
2797
2727
2716
2802
2727
2743
2743
2732
2731
2708
2759
2793
2807
2782
2799
2801
2827
2813
2816
2762
2847
2847
2847
2855
2817
2790
2904
2874
2771
2796
2774
2831
2827
2847
2835
2838
2778
2745
2713
2756
2747
2783
2813
2765
2705
2722
2744
2746
2746
2742
2729
2807
2807
2793
2839
2745
2770
2775
2814
2741
2741
2771
2925
2873
2887
2904
2904
2713
2701
2701
2713
2771
2771
2771
2830
2819
2819
2845
2873
2819
2792
2819
2797
2763
2760
2744
2738
2686
2729
2721
2649
2789
2768
2790
2762
2762
2707
2719
2830
2777
2777
2701
2712
2668
2675
2710
2737
2710
2756
2774
2847
2843
2820
2820
2871
2837
2855
2790
2788
2809
2774
2765
2736
2736
2736
2758
2753
2747
2740
2753
2801
2733
2750
2710
2710
2710
2714
2658
2656
2669
2661
2648
2630
2599
2599
2623
2650
2630
2629
2547
2616
2630
2624
2650
2721
2721
2719
2669
2752
2781
2807
2792
2797
2797
2813
2776
2776
2783
2771
2771
2781
2781
2768
2751
2766
2785
2812
2822
2774
2813
2756
2747
2677
2651
2651
2679
2679
2698
2665
2688
2725
2688
2840
2808
2720
2683
2683
2713
2713
2724
2724
2812
2812
2814
2810
2810
2789
2806
2732
2789
2830
2702
2702
2691
2691
2664
2653
2695
2658
2650
2742
2685
2593
2536
2556
2556
2534
2534
2562
2571
2625
2610
2663
2699
2727
2739
2713
2669
2641
2643
2668
2669
2756
2747
2716
2756
2763
2838
2721
2721
2730
2708
2691
2724
2690
2724
2754
2801
2748
2710
2725
2752
2766
2713
2746
2741
2741
2800
2867
2949
2886
2853
2858
2862
2797
2741
2728
2742
2794
2771
2742
2715
2698
2750
2751
2751
2727
2769
2777
2777
2802
2813
2829
2839
2826
2841
2932
2932
2903
2878
2874
2807
2828
2874
2918
2931
2918
2809
2796
2859
2859
2891
2931
2893
2870
2871
2886
2937
2916
2816
2801
2707
2730
2776
2767
2767
2771
2771
2696
2601
2627
2627
2620
2629
2573
2578
2578
2646
2646
2610
2565
2565
2608
2655
2838
2865
2768
2768
2721
2803
2790
2751
2727
2706
2706
2710
2836
2822
2828
2843
2843
2776
2730
2609
2607
2730
2754
2724
2685
2730
2707
2699
2699
2699
2684
2705
2705
2705
2741
2808
2766
2766
2684
2705
2803
2799
2799
2632
2656
2654
2639
2610
2585
2655
2717
2705
2685
2685
2647
2598
2528
2495
2540
2558
2558
2614
2614
2565
2492
2492
2615
2627
2636
2738
2636
2642
2643
2656
2611
2612
2604
2677
2677
2680
2674
2692
2731
2645
2602
2586
2614
2679
2691
2720
2736
2736
2734
2757
2693
2690
2718
2692
2642
2632
2603
2587
2739
2742
2642
2642
2644
2667
2667
2676
2685
2663
2663
2701
2789
2862
2855
2787
2792
2763
2759
2831
2751
2742
2742
2726
2638
2599
2571
2646
2674
2673
2630
2630
2630
2630
2692
2708
2682
2612
2612
2599
2599
2648
2714
2714
2714
2732
2750
2750
2750
2676
2710
2792
2866
2857
2897
2936
2894
2855
2813
2809
2960
2943
2875
2928
2892
2887
2813
2821
2822
2819
2800
2870
2885
2933
2893
2763
2730
2730
2819
2813
2851
2798
2717
2764
2698
2755
2755
2755
2731
2737
2760
2771
2759
2781
2782
2854
2854
2850
2867
2871
2920
2974
2922
2973
2992
2903
2855
2855
2870
2858
2886
2841
2795
2795
2853
2768
2751
2646
2695
2653
2596
2566
2539
2529
2533
2569
2569
2620
2628
2583
2628
2628
2677
2597
2597
2582
2713
2740
2723
2651
2679
2711
2668
2692
2680
2709
2674
2640
2629
2651
2736
2744
2714
2714
2696
2657
2637
2726
2755
2759
2771
2822
2768
2785
2740
2725
2778
2780
2796
2766
2792
2792
2792
2771
2832
2788
2783
2794
2770
2815
2815
2799
2766
2778
2770
2718
2769
2728
2728
2728
2789
2829
2880
2870
2800
2839
2906
2940
2945
2897
2887
2800
2816
2737
2765
2781
2801
2804
2802
2750
2752
2636
2574
2635
2635
2680
2562
2594
2568
2588
2585
2700
2634
2651
2651
2629
2602
2692
2680
2564
2582
2580
2568
2632
2684
2715
2715
2763
2866
2806
2841
2871
2861
2866
2866
2847
2740
2732
2733
2733
2805
2786
2797
2797
2797
2787
2742
2700
2707
2656
2642
2603
2603
2640
2672
2690
2744
2760
2814
2701
2730
2715
2762
2770
2710
2725
2728
2790
2828
2828
2875
2844
2782
2777
2844
2881
2841
2863
2866
2871
2901
2852
2830
2807
2799
2826
2811
2745
2729
2708
2708
2711
2750
2802
2748
2748
2748
2749
2702
2707
2690
2673
2682
2673
2673
2701
2805
2686
2665
2748
2748
2782
2782
2836
2803
2772
2832
2812
2812
2820
2797
2820
2820
2820
2836
2747
2855
2779
2772
2755
2755
2829
2812
2849
2814
2703
2704
2736
2722
2685
2665
2721
2703
2703
2699
2706
2699
2701
2708
2666
2764
2736
2736
2681
2681
2681
2681
2673
2728
2728
2728
2788
2788
2798
2803
2814
2814
2814
2798
2798
2745
2813
2876
2757
2804
2804
2755
2766
2758
2782
2656
2635
2641
2674
2655
2680
2666
2651
2651
2659
2807
2761
2712
2712
2810
2810
2810
2810
2836
2795
2849
2849
2944
2946
2884
2846
2845
2845
2824
2785
2779
2783
2644
2656
2576
2567
2574
2574
2574
2563
2642
2642
2642
2735
2720
2720
2729
2754
2694
2695
2735
2716
2864
2907
2933
2923
2919
2961
2961
2961
2866
2877
2841
2841
2851
2886
2819
2819
2742
2809
2806
2812
2907
2923
2885
2851
2851
2851
2883
2810
2819
2950
2847
2844
2844
2756
2776
2746
2712
2727
2746
2805
2724
2706
2640
2640
2635
2711
2733
2836
2860
2824
2797
2838
2754
2749
2766
2713
2719
2763
2772
2730
2833
2757
2712
2811
2791
2757
2785
2795
2674
2801
2801
2774
2769
2793
2761
2744
2739
2753
2739
2760
2691
2744
2743
2719
2762
2727
2729
2796
2710
2692
2692
2723
2838
2810
2909
2852
2830
2837
2745
2734
2717
2710
2758
2761
2867
2934
2891
2838
2891
2891
2899
2873
2882
2870
2880
2871
2848
2771
2723
2733
2735
2733
2815
2763
2763
2763
2827
2818
2788
2788
2649
2667
2667
2667
2667
2666
2679
2612
2612
2667
2667
2638
2654
2651
2666
2644
2644
2644
2623
2627
2627
2632
2654
2616
2628
2622
2707
2674
2690
2658
2693
2733
2692
2739
2698
2698
2682
2698
2637
2719
2704
2704
2747
2747
2747
2670
2702
2704
2715
2750
2750
2799
2799
2766
2701
2701
2674
2740
2744
2744
2782
2832
2763
2763
2751
2744
2744
2700
2695
2694
2694
2766
2732
2787
2893
2823
2907
2881
2890
2945
2900
2945
2951
2884
2860
2828
2845
2864
2859
2807
2801
2864
2886
2795
2839
2760
2760
2789
2822
2847
2872
2791
2814
2851
2819
2823
2809
2779
2706
2759
2863
2878
2878
2799
2864
2864
2825
2860
2912
2913
2913
2872
2865
2830
2817
2813
2813
2760
2760
2771
2764
2764
2667
2741
2722
2711
2722
2707
2719
2794
2794
2865
2786
2774
2745
2758
2854
2854
2756
2820
2802
2786
2812
2795
2702
2700
2752
2732
2732
2788
2750
2760
2727
2743
2743
2743
2743
2707
2692
2692
2692
2715
2708
2662
2653
2685
2671
2669
2719
2763
2888
2902
2837
2866
2839
2852
2849
2806
2830
2828
2819
2833
2889
2942
2921
2898
2788
2814
2785
2759
2759
2886
2878
2878
2858
2866
2855
2878
2863
2785
2785
2841
2796
2763
2718
2701
2701
2825
2855
2898
2860
2833
2719
2719
2659
2659
2735
2726
2725
2741
2741
2769
2769
2702
2733
2669
2669
2701
2701
2793
2639
2639
2734
2694
2694
2748
2737
2722
2716
2716
2636
2706
2707
2656
2671
2726
2726
2681
2663
2720
2684
2672
2617
2621
2621
2596
2618
2596
2596
2643
2700
2672
2628
2684
2689
2689
2656
2666
2675
2628
2642
2674
2714
2679
2811
2787
2787
2799
2784
2727
2776
2776
2766
2772
2772
2772
2726
2747
2811
2868
2855
2984
2898
2856
2741
2686
2686
2776
2863
2858
2858
2753
2765
2758
2920
2920
2885
2885
2885
2903
2904
2878
2801
2784
2833
2805
2830
2797
2793
2781
2779
2835
2854
2897
2940
2943
2905
2759
2905
2854
2829
2851
2727
2786
2802
2838
2849
2848
2795
2795
2775
2715
2718
2718
2729
2729
2732
2729
2814
2814
2814
2826
2763
2756
2776
2743
2824
2856
2799
2911
2838
2820
2823
2823
2893
2813
2798
2897
2932
2952
2919
2913
2898
2953
2953
2936
2823
2823
2836
2813
2826
2858
2871
2849
2815
2856
2865
2822
2889
2863
2870
2870
2767
2767
2765
2731
2743
2743
2743
2743
2688
2742
2670
2683
2691
2691
2691
2683
2670
2680
2764
2713
2683
2691
2676
2611
2657
2692
2631
2631
2626
2600
2609
2609
2710
2721
2686
2711
2711
2667
2710
2679
2773
2796
2789
2636
2622
2622
2624
2624
2620
2606
2591
2599
2551
2575
2597
2559
2597
2653
2722
2730
2730
2842
2871
2834
2794
2728
2664
2709
2709
2827
2827
2823
2823
2732
2732
2732
2732
2726
2726
2805
2810
2798
2875
2856
2752
2706
2717
2677
2677
2648
2610
2618
2623
2649
2734
2723
2707
2673
2691
2691
2755
2793
2791
2783
2710
2764
2774
2818
2793
2793
2716
2716
2735
2702
2640
2630
2669
2680
2740
2781
2825
2860
2798
2746
2773
2738
2709
2720
2712
2712
2572
2621
2621
2621
2610
2564
2622
2649
2669
2639
2606
2606
2622
2634
2644
2650
2643
2643
2699
2701
2668
2690
2637
2604
2563
2617
2635
2656
2674
2605
2595
2593
2651
2639
2656
2687
2674
2617
2643
2671
2671
2671
2695
2695
2688
2746
2764
2744
2806
2733
2726
2723
2723
2700
2700
2700
2664
2664
2637
2637
2624
2624
2626
2626
2627
2627
2713
2719
2719
2811
2827
2702
2721
2702
2755
2780
2755
2635
2612
2592
2592
2595
2642
2642
2687
2687
2681
2670
2673
2698
2679
2639
2663
2598
2690
2717
2732
2734
2665
2741
2775
2742
2732
2875
2875
2823
2740
2740
2740
2740
2837
2840
2811
2791
2759
2774
2785
2752
2744
2705
2705
2705
2720
2722
2769
2769
2778
2799
2725
2738
2783
2786
2749
2771
2934
2946
2831
2884
2803
2787
2739
2755
2757
2784
2784
2757
2809
2793
2798
2677
2684
2684
2690
2697
2656
2656
2642
2678
2709
2684
2719
2730
2719
2718
2655
2629
2690
2737
2775
2814
2813
2812
2879
2889
2816
2816
2759
2762
2762
2762
2645
2571
2544
2584
2567
2606
2622
2567
2554
2623
2745
2759
2780
2756
2698
2698
2657
2695
2776
2705
2762
2783
2736
2758
2806
2728
2773
2760
2754
2716
2716
2716
2736
2736
2722
2729
2690
2675
2684
2684
2576
2632
2675
2632
2632
2678
2690
2695
2628
2628
2673
2677
2701
2649
2649
2662
2671
2667
2711
2759
2672
2726
2672
2781
2781
2742
2686
2686
2697
2694
2694
2664
2664
2695
2730
2715
2715
2681
2731
2711
2706
2698
2668
2755
2755
2752
2570
2555
2555
2581
2581
2680
2699
2750
2699
2699
2743
2733
2709
2727
2731
2707
2727
2727
2727
2803
2783
2808
2742
2742
2738
2678
2678
2698
2761
2792
2851
2862
2827
2807
2734
2763
2787
2832
2730
2728
2752
2731
2731
2690
2699
2711
2712
2695
2701
2673
2664
2677
2677
2664
2671
2671
2702
2692
2762
2762
2779
2816
2794
2792
2780
2822
2870
2870
2870
2867
2817
2817
2813
2901
2831
2807
2804
2812
2813
2793
2784
2784
2788
2793
2800
2800
2728
2655
2666
2752
2711
2587
2712
2712
2703
2645
2656
2723
2784
2784
2761
2793
2701
2686
2609
2616
2608
2613
2727
2845
2705
2733
2657
2568
2568
2549
2648
2683
2683
2741
2667
2679
2647
2647
2654
2619
2659
2683
2683
2649
2641
2623
2623
2645
2667
2620
2588
2576
2576
2557
2563
2585
2548
2548
2548
2548
2613
2590
2590
2582
2600
2616
2616
2616
2616
2618
2623
2714
2714
2762
2808
2780
2704
2732
2720
2751
2749
2747
2747
2741
2799
2740
2747
2747
2757
2722
2771
2772
2772
2794
2794
2796
2783
2783
2748
2746
2746
2802
2827
2813
2728
2719
2728
2738
2805
2849
2832
2846
2819
2882
2895
2851
2826
2775
2775
2757
2739
2739
2774
2760
2760
2722
2709
2709
2709
2667
2707
2678
2686
2648
2636
2645
2640
2648
2638
2648
2638
2724
2580
2580
2578
2578
2601
2597
2597
2597
2641
2622
2595
2595
2595
2656
2656
2578
2619
2604
2604
2614
2614
2772
2742
2733
2737
2760
2804
2662
2662
2668
2666
2640
2635
2586
2662
2659
2665
2665
2693
2670
2618
2697
2697
2602
2602
2625
2649
2651
2704
2721
2776
2843
2804
2769
2814
2750
2750
2814
2789
2789
2789
2791
2772
2709
2709
2705
2705
2761
2776
2756
2770
2770
2770
2734
2755
2755
2755
2810
2790
2831
2834
2834
2789
2719
2722
2740
2691
2691
2732
2688
2736
2711
2696
2696
2696
2630
2630
2630
2625
2597
2693
2644
2617
2596
2617
2600
2585
2585
2585
2622
2546
2622
2622
2618
2666
2648
2661
2652
2723
2842
2764
2808
2771
2771
2672
2658
2658
2658
2658
2704
2717
2710
2729
2729
2729
2728
2731
2768
2693
2693
2708
2708
2642
2600
2602
2600
2602
2594
2577
2577
2577
2542
2527
2594
2594
2577
2521
2624
2624
2602
2612
2633
2644
2626
2626
2570
2624
2618
2615
2545
2581
2559
2538
2538
2550
2542
2544
2553
2560
2579
2557
2589
2575
2553
2556
2556
2541
2538
2538
2541
2543
2543
2532
2551
2558
2558
2558
2558
2558
2561
2605
2568
2588
2599
2592
2592
2638
2640
2631
2585
2585
2585
2585
2585
2585
2586
2586
2586
2576
2543
2578
2557
2577
2572
2572
2554
2554
2553
2558
2576
2573
2552
2547
2547
2547
2547
2546
2583
2552
2577
2629
2674
2654
2646
2813
2761
2707
2709
2698
2668
2671
2671
2648
2738
2676
2676
2638
2638
2648
2709
2679
2679
2723
2706
2724
2705
2705
2716
2716
2716
2779
2773
2773
2697
2668
2668
2699
2699
2750
2750
2766
2766
2837
2784
2795
2822
2818
2809
2848
2865
2916
2920
2920
2910
2890
2820
2705
2721
2731
2754
2757
2746
2769
2769
2756
2781
2805
2804
2816
2833
2769
2810
2695
2666
2668
2680
2698
2732
2712
2657
2677
2656
2696
2726
2726
2708
2708
2708
2712
2647
2617
2617
2617
2617
2648
2688
2714
2700
2686
2730
2776
2736
2715
2813
2778
2778
2761
2739
2843
2855
2862
2893
2821
2803
2766
2769
2769
2818
2743
2772
2797
2804
2756
2740
2791
2742
2742
2763
2710
2720
2720
2615
2622
2622
2653
2632
2576
2624
2601
2536
2553
2594
2654
2623
2641
2638
2611
2569
2569
2612
2648
2623
2663
2611
2612
2603
2568
2555
2555
2611
2611
2678
2678
2672
2677
2693
2693
2716
2716
2694
2694
2694
2659
2708
2748
2748
2714
2695
2705
2705
2772
2770
2770
2770
2766
2770
2771
2771
2714
2755
2755
2755
2839
2802
2802
2802
2588
2623
2601
2608
2608
2606
2593
2589
2589
2589
2611
2669
2720
2720
2720
2735
2729
2743
2743
2743
2785
2818
2833
2772
2772
2627
2627
2627
2627
2627
2630
2627
2627
2627
2609
2609
2647
2600
2599
2613
2627
2633
2633
2633
2650
2671
2665
2705
2705
2712
2828
2735
2705
2695
2716
2716
2775
2739
2728
2662
2645
2748
2748
2729
2729
2667
2667
2667
2662
2748
2770
2770
2801
2820
2774
2775
2768
2729
2729
2769
2700
2700
2722
2722
2724
2724
2724
2663
2671
2671
2679
2751
2693
2693
2811
2700
2700
2686
2686
2676
2648
2675
2675
2679
2747
2747
2745
2742
2742
2758
2757
2757
2762
2826
2826
2677
2677
2677
2724
2731
2731
2734
2728
2713
2688
2688
2724
2724
2721
2711
2711
2709
2698
2716
2736
2721
2730
2768
2768
2678
2745
2775
2775
2775
2799
2798
2773
2731
2738
2696
2712
2689
2736
2736
2712
2712
2736
2656
2656
2655
2655
2655
2667
2648
2648
2648
2648
2674
2725
2722
2729
2772
2772
2772
2772
2775
2775
2765
2765
2759
2777
2700
2710
2693
2673
2703
2693
2703
2660
2697
2687
2663
2688
2688
2679
2599
2586
2586
2617
2617
2631
2635
2629
2623
2634
2634
2634
2741
2741
2760
2811
2792
2792
2792
2792
2792
2756
2735
2754
2754
2691
2691
2726
2780
2780
2732
2736
2736
2745
2706
2764
2750
2697
2696
2697
2697
2677
2677
2677
2664
2664
2664
2644
2621
2639
2615
2615
2624
2679
2661
2607
2607
2614
2628
2628
2638
2638
2587
2600
2600
2633
2623
2623
2623
2623
2623
2583
2583
2607
2613
2630
2630
2630
2623
2647
2647
2666
2666
2647
2621
2589
2589
2618
2623
2623
2514
2514
2527
2527
2514
2514
2544
2553
2553
2560
2560
2550
2550
2550
2609
2653
2638
2690
2690
2689
2689
2745
2725
2746
2683
2683
2656
2656
2667
2667
2667
2667
2668
2678
2638
2678
2678
2695
2618
2646
2646
2646
2638
2638
2752
2752
2731
2778
2793
2793
2718
2783
2768
2684
2684
2630
2656
2613
2613
2613
2622
2609
2642
2642
2675
2653
2653
2714
2700
2700
2714
2735
2687
2687
2690
2790
2788
2825
2825
2825
2825
2823
2817
2817
2865
2879
2836
2872
2872
2872
2803
2783
2800
2835
2819
2838
2854
2847
2862
2866
2866
2901
2901
2904
3000
3051
3042
2996
2950
2851
2826
2826
2779
2801
2801
2801
2774
2809
2809
2809
2809
2822
2666
2666
2643
2671
2671
2615
2646
2636
2676
2676
2637
2637
2660
2660
2705
2705
2752
2786
2682
2682
2672
2651
2688
2644
2614
2614
2614
2614
2608
2616
2629
2637
2637
2637
2637
2609
2609
2592
2592
2592
2592
2616
2583
2615
2644
2700
2681
2681
2715
2646
2646
2661
2626
2626
2626
2637
2587
2587
2587
2643
2620
2620
2656
2645
2645
2659
2688
2716
2677
2671
2667
2638
2638
2633
2595
2595
2595
2620
2597
2597
2631
2631
2666
2666
2757
2733
2743
2626
2626
2736
2747
2734
2816
2773
2773
2709
2723
2723
2743
2710
2749
2692
2719
2723
2618
2667
2667
2667
2667
2667
2667
2683
2719
2627
2627
2627
2622
2622
2627
2596
2578
2578
2578
2530
2530
2530
2568
2648
2583
2585
2585
2585
2587
2561
2579
2574
2577
2613
2761
2749
2745
2745
2796
2763
2763
2765
2765
2764
2754
2758
2618
2598
2598
2638
2638
2563
2563
2563
2543
2543
2626
2626
2589
2611
2580
2580
2580
2590
2650
2650
2659
2662
2669
2630
2630
2630
2630
2664
2645
2645
2612
2642
2656
2656
2656
2656
2657
2620
2638
2623
2627
2627
2640
2640
2632
2632
2612
2664
2664
2692
2692
2716
2716
2692
2740
2740
2695
2695
2695
2766
2764
2764
2673
2700
2700
2700
2690
2655
2655
2655
2655
2655
2655
2741
2680
2680
2663
2725
2725
2719
2770
2724
2723
2723
2709
2709
2759
2687
2687
2687
2691
2691
2643
2649
2699
2699
2665
2631
2631
2628
2628
2675
2665
2632
2669
2669
2669
2734
2757
2739
2739
2693
2693
2693
2693
2629
2629
2631
2553
2591
2591
2612
2599
2599
2599
2599
2648
2654
2629
2688
2671
2664
2642
2674
2706
2706
2706
2695
2695
2729
2767
2759
2759
2759
2756
2665
2665
2665
2659
2648
2680
2675
2677
2677
2677
2682
2661
2661
2664
2664
2660
2677
2677
2682
2688
2688
2688
2688
2735
2735
2720
2660
2688
2701
2714
2629
2629
2637
2652
2636
2636
2644
2644
2670
2630
2614
2626
2626
2584
2584
2569
2569
2633
2622
2622
2622
2640
2640
2707
2719
2762
2773
2809
2853
2853
2845
2845
2849
2801
2737
2730
2734
2724
2612
2612
2612
2600
2600
2600
2595
2595
2563
2563
2563
2553
2535
2544
2556
2594
2574
2574
2671
2671
2600
2597
2586
2586
2586
2586
2586
2655
2655
2655
2590
2590
2590
2574
2519
2519
2544
2544
2544
2544
2544
2522
2522
2535
2535
2535
2504
2504
2504
2504
2504
2504
2535
2535
2535
2535
2535
2535
2546
2563
2563
2562
2562
2562
2528
2504
2504
2508
2508
2537
2537
2538
2538
2520
2540
2540
2540
2551
2520
2513
2493
2577
2546
2546
2546
2555
2501
2513
2517
2517
2517
2509
2509
2509
2509
2484
2484
2484
2484
2484
2518
2518
2547
2567
2567
2567
2554
2591
2586
2569
2569
2615
2620
2620
2615
2615
2605
2605
2616
2609
2609
2613
2651
2651
2615
2610
2610
2617
2617
2617
2600
2588
2588
2588
2588
2588
2581
2581
2598
2609
2660
2660
2606
2606
2606
2606
2606
2606
2634
2645
2617
2617
2617
2617
2606
2606
2606
2606
2634
2634
2648
2648
2648
2664
2664
2664
2664
2665
2632
2632
2639
2602
2602
2602
2594
2591
2592
2592
2618
2659
2673
2673
2673
2730
2730
2728
2707
2745
2757
2754
2751
2706
2695
2686
2622
2646
2646
2613
2654
2608
2608
2608
2658
2708
2696
2665
2665
2665
2678
2678
2678
2620
2620
2598
2598
2590
2590
2585
2604
2630
2630
2662
2633
2574
2574
2574
2581
2578
2625
2607
2607
2569
2576
2570
2570
2549
2549
2549
2534
2534
2527
2527
2527
2571
2552
2734
2734
2714
2714
2607
2607
2607
2607
2589
2607
2597
2597
2607
2621
2621
2625
2625
2656
2656
2652
2623
2591
2591
2599
2596
2596
2596
2596
2596
2596
2596
2596
2596
2596
2594
2601
2601
2601
2610
2616
2608
2584
2572
2572
2572
2603
2565
2565
2565
2565
2565
2565
2565
2565
2565
2565
2565
2565
2565
2565
2565
2565
2565
2565
2619
2659
2682
2632
2638
2622
2619
2641
2644
2650
2654
2606
2606
2603
2603
2603
2593
2593
2593
2580
2580
2580
2580
2580
2568
2581
2581
2543
2543
2543
2543
2527
2527
2601
2653
2666
2662
2662
2731
2731
2699
2667
2658
2658
2658
2593
2593
2593
2593
2593
2593
2604
2592
2631
2605
2605
2605
2605
2605
2593
2593
2593
2593
2600
2592
2592
2585
2585
2585
2570
2593
2593
2593
2634
2597
2563
2563
2566
2566
2581
2581
2562
2562
2562
2562
2562
2616
2616
2596
2596
2655
2655
2666
2653
2647
2655
2637
2637
2604
2604
2607
2636
2636
2660
2649
2649
2647
2637
2637
2637
2647
2647
2647
2609
2636
2636
2597
2599
2594
2594
2594
2556
2556
2579
2559
2544
2545
2545
2545
2497
2517
2484
2484
2472
2472
2570
2600
2495
2495
2495
2524
2559
2545
2555
2542
2534
2530
2530
2530
2556
2556
2559
2559
2559
2559
2559
2559
2559
2559
2544
2544
2519
2519
2519
2519
2527
2527
2528
2528
2528
2528
2528
2536
2536
2536
2571
2584
2584
2584
2584
2584
2572
2584
2584
2584
2607
2607
2634
2553
2553
2553
2578
2578
2578
2618
2624
2609
2648
2648
2648
2648
2648
2658
2638
2608
2608
2595
2595
2595
2619
2611
2611
2611
2611
2625
2670
2615
2597
2597
2601
2601
2621
2624
2626
2626
2626
2587
2587
2533
2533
2533
2533
2533
2555
2555
2507
2507
2507
2507
2507
2507
2507
2507
2549
2549
2549
2577
2577
2638
2598
2598
2616
2616
2620
2620
2620
2620
2657
2671
2677
2649
2649
2649
2635
2635
2635
2635
2627
2618
2618
2618
2618
2618
2634
2614
2587
2620
2633
2651
2651
2628
2628
2628
2645
2645
2657
2657
2657
2657
2617
2617
2636
2636
2630
2630
2610
2601
2601
2601
2615
2615
2615
2615
2615
2631
2632
2632
2632
2576
2572
2572
2594
2594
2602
2607
2581
2581
2581
2581
2581
2581
2581
2539
2539
2542
2542
2542
2542
2545
2545
2583
2616
2616
2646
2616
2661
2660
2658
2658
2658
2658
2700
2678
2691
2691
2691
2691
2691
2691
2717
2717
2678
2668
2668
2668
2679
2692
2692
2672
2611
2614
2646
2676
2676
2685
2685
2651
2606
2606
2576
2563
2511
2511
2511
2511
2511
2511
2511
2511
2511
2511
2563
2563
2535
2535
2535
2537
2537
2537
2537
2537
2569
2584
2643
2623
2618
2626
2624
2624
2624
2546
2546
2546
2546
2553
2539
2548
2552
2552
2552
2566
2610
2625
2625
2625
2625
2618
2598
2643
2637
2637
2637
2655
2655
2655
2645
2679
2670
2664
2658
2658
2651
2651
2699
2655
2624
2624
2624
2657
2657
2666
2666
2666
2656
2641
2641
2641
2690
2666
2653
2653
2629
2629
2629
2629
2653
2629
2604
2604
2601
2583
2622
2622
2622
2622
2624
2624
2624
2558
2551
2520
2532
2532
2532
2532
2532
2532
2529
2529
2529
2529
2529
2511
2531
2531
2575
2575
2575
2547
2547
2547
2576
2576
2562
2559
2528
2530
2529
2529
2529
2529
2529
2514
2514
2519
2534
2534
2542
2542
2537
2537
2537
2542
2520
2520
2520
2528
2528
2528
2528
2468
2468
2468
2468
2468
2468
2468
2457
2457
2457
2467
2467
2467
2467
2489
2489
2489
2494
2494
2534
2534
2579
2579
2579
2579
2579
2579
2579
2579
2579
2579
2579
2597
2601
2601
2588
2588
2588
2575
2575
2575
2575
2575
2560
2560
2560
2570
2570
2570
2570
2568
2568
2568
2568
2536
2536
2536
2536
2536
2536
2528
2528
2528
2536
2536
2536
2536
2536
2536
2536
2546
2546
2518
2518
2525
2525
2525
2525
2525
2525
2519
2543
2543
2543
2543
2543
2567
2567
2567
2567
2567
2567
2577
2577
2577
2577
2577
2577
2577
2577
2546
2543
2561
2570
2570
2608
2608
2608
2608
2578
2578
2570
2570
2597
2596
2596
2642
2619
2619
2619
2619
2619
2642
2642
2642
2642
2642
2635
2616
2616
2616
2619
2629
2614
2599
2583
2584
2584
2584
2584
2607
2591
2627
2580
2606
2606
2606
2606
2606
2610
2610
2603
2603
2603
2603
2603
2592
2592
2592
2612
2612
2612
2591
2591
2603
2574
2574
2556
2556
2556
2556
2513
2513
2513
2513
2513
2513
2572
2572
2572
2574
2574
2563
2563
2563
2563
2525
2525
2525
2525
2525
2525
2525
2525
2525
2527
2527
2527
2527
2527
2527
2528
2528
2528
2528
2528
2528
2585
2585
2585
2593
2545
2545
2545
2545
2545
2545
2545
2545
2545
2547
2547
2547
2547
2547
2547
2547
2541
2541
2541
2559
2580
2580
2580
2600
2600
2600
2624
2620
2620
2620
2620
2620
2620
2620
2620
2645
2674
2633
2561
2561
2543
2543
2534
2534
2541
2551
2551
2551
2551
2551
2551
2551
2551
2551
2570
2570
2618
2618
2618
2575
2575
2575
2575
2545
2543
2543
2543
2543
2538
2522
2522
2522
2531
2531
2531
2531
2498
2485
2485
2485
2485
2485
2485
2480
2480
2480
2480
2480
2480
2480
2480
2480
2480
2480
2429
2429
2429
2429
2430
2430
2430
2430
2430
2441
2441
2441
2441
2441
2510
2482
2482
2482
2482
2528
2528
2528
2528
2540
2516
2520
2520
2520
2460
2460
2460
2495
2495
2549
2535
2546
2522
2522
2484
2484
2484
2484
2484
2484
2484
2504
2504
2508
2508
2508
2505
2560
2576
2576
2576
2576
2541
2524
2528
2516
2516
2516
2528
2520
2518
2518
2518
2518
2518
2559
2497
2497
2497
2497
2497
2497
2497
2516
2529
2552
2555
2555
2555
2577
2540
2540
2540
2540
2540
2521
2550
2550
2550
2550
2540
2540
2552
2552
2552
2552
2552
2552
2552
2552
2568
2556
2556
2556
2556
2556
2570
2570
2570
2570
2564
2564
2564
2551
2608
2608
2569
2598
2643
2609
2586
2586
2573
2573
2573
2577
2577
2577
2571
2547
2547
2547
2547
2547
2547
2547
2580
2580
2580
2545
2545
2545
2545
2534
2529
2529
2517
2517
2517
2517
2517
2517
2517
2517
2517
2517
2517
2517
2517
2517
2513
2513
2513
2513
2513
2513
2508
2508
2508
2496
2496
2496
2496
2496
2511
2511
2511
2511
2513
2518
2532
2538
2538
2538
2537
2537
2537
2537
2545
2545
2545
2545
2545
2545
2545
2545
2554
2548
2548
2548
2548
2548
2548
2548
2548
2548
2565
2565
2565
2565
2565
2565
2565
2565
2565
2566
2566
2566
2566
2557
2557
2557
2540
2495
2495
2495
2495
2495
2496
2496
2526
2513
2513
2513
2513
2513
2513
2513
2513
2513
2513
2513
2513
2513
2513
2508
2508
2470
2471
2471
2471
2471
2471
2471
2483
2483
2483
2483
2482
2482
2482
2471
2471
2471
2471
2471
2471
2473
2473
2473
2464
2464
2464
2464
2472
2472
2472
2472
2472
2472
2472
2472
2472
2472
2486
2486
2486
2486
2486
2486
2486
2486
2486
2486
2486
2486
2486
2486
2486
2486
2486
2486
2486
2486
2486
2486
2493
2504
2504
2504
2504
2504
2504
2504
2503
2503
2503
2523
2519
2519
2519
2519
2519
2519
2512
2492
2492
2492
2492
2492
2492
2478
2478
2478
2478
2478
2478
2513
2513
2513
2513
2513
2513
2513
2513
2513
2513
2513
2513
2513
2513
2513
2485
2485
2485
2485
2485
2485
2485
2485
2482
2482
2482
2482
2482
2482
2482
2482
2482
2482
2482
2482
2482
2491
2491
2491
2492
2492
2492
2492
2492
2492
2492
2492
2492
2492
2492
2492
2492
2492
2492
2492
2492
2496
2496
2496
2496
2496
2496
2512
2542
2540
2540
2540
2567
2536
2536
2481
2486
2486
2486
2486
2486
2486
2486
2486
2509
2509
2509
2509
2509
2509
2509
2509
2509
2509
2527
2549
2488
2488
2494
2494
2494
2494
2494
2511
2511
2502
2497
2497
2497
2495
2495
2467
2475
2475
2475
2467
2564
2564
2564
2564
2564
2564
2564
2564
2564
2564
2564
2597
2607
2607
2607
2607
2607
2607
2612
2612
2612
2612
2612
2612
2612
2612
2612
2612
2612
2612
2612
2612
2612
2612
2612
2612
2612
2612
2612
2612
2612
2612
2591
2591
2591
2593
2602
2602
2604
2613
2585
2585
2585
2585
2585
2585
2585
2564
2564
2533
2533
2533
2533
2533
2533
2533
2533
2542
2542
2542
2542
2542
2508
2508
2476
2472
2511
2511
2511
2511
2511
2511
2511
2511
2511
2511
2511
2474
2474
2474
2474
2474
2474
2474
2474
2474
2474
2474
2474
2474
2474
2504
2504
2504
2504
2504
2504
2504
2504
2504
2504
2504
2529
2516
2516
2516
2516
2528
2510
2510
2510
2499
2499
2499
2499
2499
2499
2499
2499
2499
2499
2499
2499
2499
2499
2499
2499
2499
2499
2499
2499
2499
2499
2499
2499
2499
2499
2499
2499
2489
2489
2489
2489
2489
2489
2489
2489
2489
2489
2489
2489
2489
2489
2489
2489
2489
2489
2489
2489
2513
2513
2513
2513
2513
2513
2513
2513
2513
2513
2513
2513
2513
2513
2513
2513
2513
2513
2513
2513
2513
2513
2513
2513
2513
2513
2513
2513
2513
2513
2513
2513
2513
2501
2501
2501
2508
2508
2508
2508
2508
2508
2528
2528
2528
2507
2507
2507
2507
2507
2507
2500
2495
2495
2495
2500
2500
2500
2490
2490
2490
2490
2490
2490
2490
2500
2500
2500
2500
2519
2519
2519
2500
2465
2465
2464
2464
2464
2464
2464
2468
2468
2468
2468
2468
2468
2468
2468
2468
2468
2468
2468
2468
2463
2463
2463
2463
2463
2463
2463
2463
2463
2463
2463
2463
2463
2463
2463
2463
2463
2463
2463
2463
2463
2463
2463
2463
2466
2466
2466
2466
2466
2470
2470
2483
2483
2483
2483
2483
2483
2483
2483
2483
2483
2483
2483
2483
2483
2483
2483
2483
2483
2483
2483
2483
2483
2483
2483
2483
2483
2483
2483
2483
2483
2483
2483
2483
2486
2486
2486
2486
2486
2503
2503
2503
2503
2503
2514
2514
2514
2493
2493
2493
2493
2493
2493
2493
2493
2493
2493
2493
2493
2493
2493
2493
2493
2493
2493
2493
2481
2481
2481
2481
2481
2481
2481
2481
2481
2481
2481
2481
2481
2481
2481
2481
2481
2481
2481
2481
2481
2481
2481
2481
2481
2481
2481
2481
2481
2481
2481
2481
2481
2481
2481
2481
2481
2481
2481
2481
2481
2481
2481
2481
2481
2481
2481
2481
2481
2481
2484
2484
2484
2484
2484
2484
2484
2484
2471
2471
2463
2463
2463
2438
2438
2438
2438
2438
2438
2438
2438
2438
2438
2438
2438
2438
2438
2438
2438
2438
2438
2438
2438
2438
2438
2438
2438
2438
2438
2438
2438
2438
2438
2438
2438
2438
2438
2438
2438
2438
2438
2438
2438
2438
2438
2438
2438
2438
2438
2438
2438
2438
2438
2438
2438
2438
2438
2438
2438
2438
2438
2438
2438
2445
2445
2445
2445
2445
2445
2445
2445
2445
2445
2445
2445
2447
2447
2447
2447
2479
2479
2479
2479
2479
2479
2479
2479
2479
2479
2478
2478
2478
2478
2478
2478
2478
2478
2478
2478
2478
2478
2478
2478
2478
2461
2474
2474
2462
2462
2462
2462
2462
2462
2462
2462
2462
2462
2462
2462
2462
2462
2462
2462
2462
2462
2462
2462
2462
2462
2462
2462
2462
2462
2462
2462
2466
2493
2493
2465
2465
2465
2465
2465
2465
2465
2465
2465
2465
2465
2465
2465
2465
2469
2469
2469
2469
2469
2474
2474
2474
2474
2474
2474
2474
2474
2474
2474
2474
2474
2474
2474
2474
2474
2482
2446
2446
2446
2446
2446
2444
2444
2444
2444
2444
2444
2444
2444
2444
2444
2444
2444
2444
2444
2444
2444
2452
2452
2452
2452
2452
2452
2452
2452
2452
2452
2444
2444
2444
2444
2444
2444
2444
2444
2444
2444
2444
2444
2444
2444
2444
2444
2457
2457
2457
2457
2457
2457
2457
2457
2417
2417
2417
2417
2417
2417
2417
2417
2417
2417
2428
2428
2428
2415
2415
2415
2415
2415
2415
2415
2415
2432
2432
2432
2432
2432
2432
2427
2427
2427
2427
2427
2427
2427
2427
2427
2427
2427
2427
2427
2427
2427
2427
2427
2427
2427
2427
2427
2427
2427
2406
2406
2406
2406
2406
2406
2406
2406
2406
2406
2406
2406
2406
2406
2406
2401
2401
2401
2401
2401
2401
2401
2401
2401
2401
2401
2401
2401
2401
2401
2401
2401
2401
2401
2401
2401
2401
2401
2401
2401
2401
2401
2401
2401
2401
2401
2401
2401
2401
2401
2401
2401
2401
2391
2391
2391
2391
2391
2391
2391
2391
2391
2391
2391
2391
2391
2391
2391
2391
2391
2391
2391
2391
2391
2391
2391
2391
2391
2391
2391
2391
2391
2391
2391
2391
2391
2391
2391
2391
2391
2391
2391
2391
2391
2391
2391
2394
2394
2394
2394
2394
2394
2394
2394
2394
2394
2394
2399
2399
2399
2399
2399
2399
2399
2413
2413
2416
2416
2416
2416
2416
2416
2416
2416
2416
2416
2416
2416
2416
2416
2416
2416
2416
2416
2416
2416
2427
2427
2427
2427
2427
2427
2427
2427
2427
2427
2427
2441
2441
2441
2441
2441
2441
2441
2441
2441
2441
2441
2441
2441
2441
2441
2441
2409
2409
2409
2409
2409
2409
2409
2409
2410
2402
2402
2402
2402
2402
2402
2402
2414
2414
2414
2414
2414
2414
2414
2414
2420
2420
2420
2420
2420
2420
2420
2420
2420
2420
2420
2420
2420
2420
2420
2420
2420
2420
2420
2420
2420
2420
2420
2420
2420
2417
2417
2417
2417
2417
2417
2417
2417
2417
2417
2417
2417
2417
2400
2400
2400
2400
2402
2402
2402
2402
2402
2402
2402
2402
2402
2402
2402
2402
2402
2402
2402
2402
2402
2402
2402
2402
2402
2402
2402
2402
2402
2402
2402
2402
2402
2402
2402
2402
2402
2402
2402
2402
2402
2402
2402
2402
2402
2402
2402
2402
2402
2402
2402
2402
2402
2402
2402
2402
2402
2402
2402
2402
2402
2402
2402
2402
2402
2402
2402
2402
2402
2402
2402
2402
2402
2402
2402
2402
2402
2402
2402
2402
2402
2402
2402
2402
2402
2402
2402
2402
2402
2387
2387
2387
2387
2387
2387
2387
2385
2385
2385
2385
2385
2385
2385
2385
2385
2385
2385
2384
2384
2384
2384
2384
2384
2384
2384
2384
2384
2384
2384
2384
2384
2384
2384
2384
2384
2384
2384
2384
2384
2384
2384
2384
2384
2384
2384
2384
2384
2384
2384
2384
2384
2384
2384
2384
2384
2384
2384
2384
2384
2384
2384
2384
2384
2384
2384
2384
2384
2384
2384
2384
2384
2384
2384
2384
2384
2384
2384
2384
2384
2384
2384
2384
2384
2384
2384
2384
2384
2384
2384
2384
2385
2385
2385
2385
2385
2385
2385
2385
2385
2385
2385
2385
2385
2385
2385
2385
2385
2385
2385
2385
2385
2385
2385
2385
2385
2385
2378
2378
2378
2363
2363
2363
2363
2363
2363
2363
2363
2363
2363
2363
2363
2363
2363
2363
2363
2363
2363
2363
2363
2363
2363
2363
2363
2363
2363
2363
2363
2363
2366
2366
2366
2366
2366
2366
2366
2366
2366
2366
2366
2366
2366
2366
2366
2366
2366
2366
2366
2366
2366
2366
2366
2366
2366
2366
2366
2366
2366
2366
2366
2366
2366
2366
2366
2366
2366
2366
2366
2366
2366
2366
2366
2366
2366
2366
2366
2366
2366
2366
2366
2366
2366
2366
2366
2366
2366
2366
2366
2366
2366
2366
2366
2366
2366
2366
2366
2366
2366
2366
2366
2366
2366
2366
2366
2366
2366
2366
2366
2366
2366
2366
2366
2366
2366
2366
2366
2366
2366
2366
2366
2366
2366
2366
2366
2366
2366
2366
2366
2366
2366
2366
2366
2366
2366
2366
2366
2366
2366
2366
2365
2365
2365
2365
2365
2365
2365
2365
2365
2365
2365
2365
2365
2365
2365
2365
2365
2365
2365
2365
2365
2365
2365
2365
2365
2365
2365
2365
2365
2365
2365
2365
2365
2365
2365
2365
2365
2365
2365
2365
2365
2365
2365
2365
2365
2365
2365
2365
2365
2358
2358
2358
2358
2358
2358
2358
2371
2371
2371
2371
2371
2371
2371
2371
2371
2371
2371
2371
2371
2371
2371
2371
2371
2371
2371
2371
2371
2371
2371
2372
2372
2372
2372
2372
2372
2372
2372
2372
2372
2372
2372
2372
2372
2372
2372
2372
2372
2372
2372
2372
2372
2372
2372
2372
2372
2372
2372
2370
2370
2370
2370
2370
2370
2370
2370
2370
2370
2370
2370
2370
2370
2370
2370
2370
2370
2370
2370
2370
2370
2370
2370
2370
2370
2370
2370
2370
2370
2370
2370
2370
2370
2370
2370
2370
2370
2380
2380
2380
2380
2380
2380
2380
2380
2380
2380
2380
2380
2380
2380
2370
2370
2370
2370
2370
2370
2370
2370
2370
2370
2370
2370
2370
2370
2370
2370
2370
2370
2370
2370
2370
2370
2370
2370
2370
2370
2370
2370
2370
2370
2370
2370
2370
2370
2370
2370
2368
2368
2368
2368
2368
2368
2368
2368
2368
2368
2368
2368
2368
2368
2368
2368
2368
2368
2368
2368
2368
2368
2368
2368
2368
2368
2368
2368
2368
2368
2368
2368
2368
2368
2368
2368
2368
2368
2368
2368
2368
2368
2368
2368
2368
2368
2368
2368
2368
2368
2368
2368
2368
2368
2368
2368
2368
2368
2368
2368
2368
2368
2368
2368
2368
2368
2368
2368
2368
2368
2368
2368
2368
2368
2368
2368
2368
2368
2368
2368
2368
2368
2368
2368
2368
2368
2368
2368
2368
2368
2368
2368
2368
2368
2368
2368
2368
2368
2368
2368
2368
2368
2368
2368
2368
2368
2368
2368
2368
2368
2368
2368
2368
2359
2359
2359
2359
2359
2359
2359
2359
2359
2359
2359
2359
2359
2359
2359
2359
2359
2359
2359
2359
2359
2359
2359
2359
2359
2359
2359
2359
2359
2359
2359
2359
2359
2359
2359
2359
2359
2359
2359
2359
2359
2359
2359
2359
2359
2359
2359
2359
2359
2359
2359
2359
2359
2359
2359
2359
2359
2359
2359
2359
2359
2359
2359
2359
2359
2359
2359
2359
2359
2359
2359
2359
2359
2359
2359
2359
2359
2359
2359
2359
2359
2359
2359
2359
2359
2359
2359
2359
2359
2359
2359
2359
2359
2359
2359
2359
2359
2359
2359
2359
2359
2359
2359
2359
2359
2359
2359
2359
2359
2359
2359
2359
2359
2359
2359
2359
2359
2359
2359
2359
2359
2359
2359
2359
2359
2359
2359
2359
2359
2359
2359
2359
2359
2359
2359
2359
2359
2359
2359
2359
2359
2359
2359
2359
2359
2359
2359
2359
2359
2359
2359
2359
2359
2359
2359
2359
2359
2359
2359
2359
2359
2359
2359
2359
2359
2359
2359
2359
2359
2359
2359
2359
2359
2359
2359
2359
2359
2359
2359
2359
2359
2359
2359
2359
2359
2359
2359
2359
2359
2359
2359
2359
2359
2359
2359
2359
2359
2359
2359
2359
2359
2359
2359
2359
2359
2359
2359
2359
2359
2359
2359
2359
2359
2359
2359
2359
2359
2359
2359
2359
2359
2359
2359
2359
2359
2359
2359
2359
2359
2359
2359
2359
2359
2359
2359
2359
2359
2359
2359
2359
2359
2359
2359
2359
2359
2359
2359
2359
2359
2359
2359
2359
2359
2359
2359
2359
2359
2359
2359
2359
2359
2359
2359
2359
2359
2359
2359
2359
2359
2359
2359
2359
2359
2359
2359
2359
2359
2359
2359
2359
2359
2359
2359
2359
2359
2359
2359
2359
2359
2359
2359
2359
2359
2359
2359
2359
2359
2359
2359
2359
2359
2359
2359
2359
2359
2359
2359
2359
2359
2359
2359
2359
2359
2359
2359
2359
2359
2359
2359
2359
2359
2359
2359
2359
2359
2359
2359
2359
2359
2359
2359
2359
2359
2359
2359
2359
2359
2359
2359
2359
2359
2359
2359
2359
2359
2359
2359
2359
2359
2359
2359
2359
2359
2359
2359
2359
2359
2359
2359
2359
2359
2359
2359
2359
2359
2359
2359
2359
2359
2359
2359
2359
2359
2359
2359
2359
2359
2359
2359
2359
2359
2359
2359
2359
2359
2359
2359
2359
2359
2359
2359
2359
2359
2359
2359
2359
2359
2359
2359
2359
2359
2359
2359
2359
2359
2359
2359
2359
2359
2359
2359
2359
2359
2359
2359
2359
2359
2359
2359
2359
2359
2359
2359
2359
2359
2359
2359
2359
2359
2359
2359
2359
2359
2359
2359
2359
2359
2359
2359
2359
2359
2359
2359
2359
2359
2359
2359
2359
2359
2359
2359
2359
2359
2359
2359
2359
2359
2359
2359
2359
2359
2359
2359
2359
2359
2359
2359
2359
2359
2359
2359
2359
2359
2359
2359
2359
2359
2359
2359
2359
2359
2359
2359
2359
2359
2359
2359
2359
2359
2359
2359
2359
2359
2359
2359
2359
2359
2359
2359
2359
2359
2359
2359
2359
2359
2359
2359
2359
2359
2359
2359
2359
2359
2359
2359
2359
2359
2359
2359
2359
2359
2359
2359
2359
2359
2359
2359
2359
2359
2359
2359
2359
2359
2359
2359
2359
2359
2359
2359
2359
2359
2359
2359
2359
2359
2359
2359
2359
2359
2359
2359
2359
2359
2359
2359
2359
2359
2359
2359
2359
2359
2359
2359
2359
2359
2359
2359
2359
2359
2359
2359
2359
2359
2359
2359
2359
2359
2359
2359
2359
2359
2359
2359
2359
2359
2359
2359
2359
2359
2359
2359
2359
2359
2359
2359
2359
2359
2359
2359
2359
2359
2359
2359
2359
2359
2359
2359
2359
2359
2359
2359
2359
2359
2359
2359
2359
2359
2359
2359
2359
2359
2359
2359
2359
2359
2359
2359
2359
2359
2359
2359
2359
2359
2359
2359
2359
2359
2359
2359
2359
2359
2359
2359
2359
2359
2359
2359
2359
2359
2359
2359
2359
2359
2359
2359
2359
2359
2359
2359
2359
2359
2359
2359
2359
2359
2359
2359
2359
2359
2359
2359
2359
2359
2359
2359
2359
2359
2359
2359
2359
2359
2359
2359
2359
2359
2359
2359
2359
2359
2359
2359
2359
2359
2359
2359
2359
2359
2359
2359
2359
2359
2359
2359
2359
2359
2359
2359
2359
2359
2359
2359
2359
2359
2359
2359
2359
2359
2359
2359
2359
2359
2359
2359
2359
2359
2359
2359
2359
2359
2359
2359
2359
2359
2359
2359
2359
2359
2359
2359
2359
2359
2359
2359
2359
2359
2359
2359
2359
2359
2359
2359
2359
2359
2359
2359
2359
2359
2359
2359
2359
2359
2359
2359
2359
2359
2359
2359
2359
2359
2359
2359
2359
2359
2359
2359
2359
2359
2359
2359
2359
2359
2359
2359
2359
2359
2359
2359
2359
2359
2359
2359
2359
2359
2359
2359
2359
2359
2359
2359
2359
2359
2359
2359
2359
2359
2359
2359
2359
2359
2359
2359
2359
2359
2359
2359
2359
2359
2359
2359
2359
2359
2359
2359
2359
2359
2359
2359
2359
2359
2359
2359
2359
2359
2359
2359
2359
2359
2359
2359
2359
2366
2366
2366
2366
2366
2366
2366
2366
2366
2366
2366
2366
2366
2366
2366
2366
2366
2366
2366
2366
2366
2366
2366
2366
2366
2366
2366
2366
2366
2366
2366
2366
2366
2366
2366
2366
2366
2366
2366
2366
2366
2366
2366
2366
2366
2366
2366
2366
2366
2366
2366
2366
2366
2366
2366
2366
2366
2366
2366
2366
2366
2366
2366
2366
2366
2366
2366
2366
2366
2366
2366
2366
2366
2366
2366
2366
2366
2366
2366
2366
2366
2366
2366
2366
2366
2366
2366
2366
2366
2366
2366
2366
2366
2366
2366
2366
2366
2366
2366
2366
2366
2366
2366
2366
2366
2366
2366
2366
2366
2366
2366
2366
2366
2366
2366
2366
2366
2366
2366
2366
2366
2366
2366
2366
2366
2366
2366
2366
2366
2366
2366
2366
2366
2366
2366
2366
2366
2366
2366
2366
2366
2366
2366
2366
2366
2366
2366
2366
2366
2366
2366
2366
2366
2366
2366
2366
2366
2366
2366
2366
2366
2366
2366
2366
2366
2366
2366
2366
2366
2366
2366
2366
2366
2366
2366
2366
2366
2366
2366
2366
2366
2366
2366
2366
2366
2366
2366
2366
2366
2366
2366
2366
2366
2366
2366
2366
2366
2366
2366
2366
2366
2366
2366
2366
2366
2366
2366
2366
2366
2366
2366
2366
2366
2366
2366
2366
2366
2366
2366
2366
2366
2366
2366
2366
2366
2366
2366
2366
2366
2366
2366
2366
2366
2366
2366
2366
2366
2366
2366
2366
2366
2366
2366
2366
2366
2366
2366
2366
2366
2366
2366
2366
2366
2366
2366
2366
2366
2366
2366
2366
2366
2366
2366
2366
2366
2366
2366
2366
2366
2366
2366
2366
2366
2366
2366
2366
2366
2366
2366
2366
2366
2366
2366
2366
2366
2366
2366
2366
2366
2366
2366
2366
2366
2366
2366
2366
2366
2366
2366
2366
2366
2366
2366
2366
2366
2366
2366
2366
2366
2366
2366
2364
2364
2364
2364
2364
2364
2364
2364
2364
2364
2364
2364
2364
2364
2364
2364
2364
2364
2364
2364
2364
2364
2364
2364
2364
2364
2364
2364
2364
2364
2364
2364
2364
2364
2364
2364
2364
2364
2364
2364
2364
2364
2364
2364
2364
2364
2364
2364
2364
2364
2364
2366
2366
2366
2366
2366
2366
2366
2366
2366
2366
2366
2366
2366
2366
2356
2356
2356
2356
2356
2356
2356
2356
2356
2356
2356
2356
2356
2356
2356
2356
2356
2356
2356
2356
2356
2356
2356
2356
2356
2356
2356
2356
2356
2356
2356
2356
2356
2356
2356
2356
2356
2356
2356
2356
2356
2356
2356
2356
2356
2356
2356
2356
2356
2356
2356
2356
2356
2356
2356
2356
2356
2356
2356
2356
2356
2356
2356
2356
2356
2356
2356
2356
2356
2356
2356
2356
2356
2356
2356
2356
2356
2356
2356
2356
2356
2356
2356
2356
2356
2356
2356
2356
2356
2356
2356
2356
2356
2356
2356
2356
2356
2356
2356
2356
2356
2356
2356
2356
2356
2356
2356
2356
2356
2356
2356
2356
2356
2356
2356
2356
2356
2356
2356
2356
2356
2356
2356
2356
2356
2356
2356
2356
2356
2356
2356
2356
2356
2356
2356
2356
2356
2356
2356
2356
2356
2356
2356
2356
2356
2356
2356
2356
2356
2356
2356
2356
2356
2356
2356
2356
2356
2356
2356
2356
2356
2356
2356
2356
2356
2356
2356
2356
2356
2356
2356
2356
2356
2356
2356
2356
2356
2356
2356
2356
2356
2356
2356
2356
2356
2356
2356
2356
2356
2356
2356
2356
2356
2356
2356
2356
2356
2356
2356
2356
2356
2356
2356
2356
2356
2356
2356
2356
2356
2356
2356
2356
2356
2356
2356
2356
2356
2356
2356
2356
2356
2356
2356
2356
2356
2356
2356
2356
2356
2356
2356
2356
2356
2356
2356
2356
2356
2356
2356
2356
2356
2356
2356
2356
2356
2356
2356
2356
2356
2356
2356
2356
2356
2356
2356
2356
2356
2356
2356
2356
2356
2356
2356
2356
2356
2356
2356
2356
2356
2356
2356
2356
2356
2356
2356
2356
2356
2356
2356
2356
2356
2356
2356
2356
2356
2356
2356
2356
2356
2356
2356
2356
2356
2356
2356
2356
2356
2356
2356
2356
2356
2356
2356
2356
2356
2356
2356
2356
2356
2356
2356
2356
2356
2356
2356
2356
2356
2356
2356
2356
2356
2356
2356
2356
2356
2356
2356
2356
2356
2356
2356
2356
2356
2360
2360
2360
2360
2360
2360
2360
2360
2360
2360
2360
2360
2360
2360
2360
2360
2360
2360
2360
2360
2360
2360
2360
2360
2360
2360
2360
2360
2360
2360
2360
2360
2360
2360
2360
2360
2360
2360
2360
2360
2360
2360
2360
2360
2360
2360
2360
2360
2360
2360
2360
2360
2360
2360
2360
2360
2360
2360
2360
2360
2360
2360
2360
2360
2360
2360
2360
2360
2360
2360
2360
2360
2360
2360
2360
2360
2360
2360
2360
2360
2360
2360
2360
2360
2360
2360
2360
2360
2360
2360
2360
2360
2360
2360
2360
2360
2360
2360
2360
2360
2360
2360
2360
2360
2360
2360
2360
2360
2360
2360
2360
2360
2360
2360
2360
2360
2360
2360
2360
2360
2360
2360
2360
2360
2360
2360
2360
2360
2360
2360
2360
2360
2360
2360
2360
2360
2360
2360
2360
2360
2360
2360
2360
2360
2360
2360
2360
2360
2360
2360
2360
2360
2360
2360
2360
2360
2360
2360
2360
2360
2360
2360
2360
2360
2360
2360
2360
2360
2360
2360
2360
2360
2360
2360
2360
2360
2360
2360
2360
2360
2360
2360
2360
2360
2360
2360
2360
2360
2360
2360
2360
2360
2360
2360
2360
2360
2360
2360
2360
2360
2360
2360
2360
2360
2360
2360
2360
2360
2360
2360
2360
2360
2360
2360
2360
2360
2360
2360
2360
2360
2360
2360
2360
2360
2360
2360
2360
2360
2360
2360
2360
2360
2360
2360
2360
2360
2360
2360
2360
2360
2360
2360
2360
2360
2360
2360
2360
2360
2360
2360
2360
2360
2360
2360
2360
2360
2360
2360
2360
2360
2360
2360
2360
2360
2360
2360
2360
2360
2360
2360
2360
2360
2360
2360
2360
2360
2360
2360
2360
2360
2360
2360
2360
2360
2360
2360
2360
2360
2360
2360
2360
2360
2360
2360
2360
2360
2360
2360
2360
2360
2360
2360
2360
2360
2360
2360
2360
2360
2360
2360
2360
2360
2360
2360
2360
2360
2360
2360
2360
2360
2360
2360
2360
2360
2360
2360
2360
2354
2354
2354
2354
2354
2354
2354
2354
2354
2354
2354
2354
2354
2354
2354
2354
2354
2354
2354
2354
2354
2354
2354
2354
2354
2354
2354
2354
2354
2354
2354
2354
2354
2354
2354
2354
2354
2354
2354
2354
2354
2354
2354
2354
2354
2354
2354
2354
2354
2354
2354
2354
2354
2354
2354
2354
2354
2354
2354
2354
2354
2354
2354
2354
2354
2354
2354
2354
2354
2354
2354
2354
2354
2354
2354
2354
2354
2354
2354
2354
2354
2354
2354
2354
2354
2354
2354
2354
2354
2354
2354
2354
2354
2354
2354
2354
2355
2355
2355
2355
2355
2355
2355
2355
2355
2355
2355
2355
2355
2355
2355
2355
2355
2355
2355
2355
2355
2355
2355
2355
2355
2355
2355
