1979
1949
1955
1970
2023
1967
1978
2001
1923
1923
1976
1871
1889
2020
2031
2090
2090
1997
2025
1953
1953
1969
1969
2025
2021
2024
1980
1980
1965
2114
2059
2088
2123
1999
1922
2015
1895
1860
1877
1877
1961
1889
1999
1879
1941
1879
1964
1953
1953
1953
1952
1950
1945
1962
1970
1990
2046
2011
2049
2168
2159
2159
2186
2168
2229
2129
2108
2136
2065
2020
1984
1990
2017
2034
2104
2079
2086
2084
2108
2070
2039
2078
2074
2072
2074
2101
2012
2012
2006
2006
1930
1958
1958
1966
2011
2009
2021
2021
2033
2029
2055
2033
2020
2020
1963
1973
2035
2031
2028
2058
2163
2058
2028
2005
1985
2009
2056
2087
2087
2087
2022
2091
2091
2096
2040
2040
2016
2067
1984
1910
1935
1871
1868
1932
1924
1971
1933
1960
1929
1891
1920
1879
1922
1870
1920
1913
1894
2029
2016
1987
1987
1916
1949
1949
2060
2002
1936
1917
2042
1848
1848
1909
1845
1900
1958
1982
1971
1983
1957
2026
2004
1973
1951
1932
1944
1961
1975
1940
1987
1941
1892
1982
2076
2059
2036
1996
2063
2004
2047
1969
1993
1944
1944
1919
1911
1912
1911
1915
1883
1849
1892
1888
1839
1940
1956
2019
1994
2031
2045
2115
2074
2081
2102
2064
2089
2027
2095
2095
2088
2084
2041
1969
2002
2002
1993
2002
2002
2026
2055
2095
2008
1986
1964
2073
2037
2040
2009
2119
2119
2133
2093
2072
2093
2094
2093
2142
2101
2065
2043
2099
2047
2031
1947
1988
2019
2019
2052
2052
2013
1984
2041
1988
2011
2015
1980
2015
1931
1999
1980
1980
1959
1941
1929
2023
1997
2043
2068
2052
2033
1981
2011
2052
2013
2049
2012
1965
1978
1972
2014
1970
1970
1970
2012
1971
1896
1896
1956
2006
2013
1995
1981
1925
1933
1898
1898
2013
2013
1941
1998
1976
1993
1977
1899
1905
1935
1894
1993
1993
2004
2035
2054
2109
2115
2107
2050
2082
2057
2094
2026
2012
2038
1996
2013
2079
2023
2080
2053
2053
2032
2085
2117
2094
2087
2113
2123
2068
2106
2137
2188
2188
2137
2094
2140
2156
2121
2064
2112
2072
2057
1966
1977
1854
1840
1868
1900
1905
1935
1907
1895
1957
1957
1969
1967
1969
1990
2034
2044
2138
2125
2086
2199
2238
2259
2263
2152
2166
2165
2159
2157
2184
2088
2076
2075
2014
1988
1984
1999
2002
1949
2029
2076
2090
2029
2058
1975
1969
1942
1942
1942
1960
1999
1997
2006
1952
1952
1952
1952
1956
2006
2042
2072
2139
2144
2182
2182
2121
2084
2164
2068
2106
2127
2101
2127
2085
2043
2043
2036
2036
2083
2065
2028
2071
1979
1987
1880
1923
2056
1953
1979
2019
2005
2034
2034
2056
2044
2044
1951
2017
2075
1997
2069
2069
2057
1963
2012
1980
1961
1974
1940
1982
1904
1878
1878
1878
1934
1983
1958
1929
2013
2013
1997
1990
1966
1910
1929
1980
1961
1906
1947
1900
1846
1927
1937
1937
1955
1888
1966
1973
1916
1855
1855
1855
1855
1892
1902
1902
1958
1958
1996
2007
2022
2063
2080
2080
2040
2022
2028
2033
2057
1970
1965
1946
2010
1971
2018
1958
1959
1955
1968
1968
1968
1974
2000
1932
1896
1878
1878
1914
1951
2020
2020
1988
1962
2014
2015
2011
1957
2001
2005
2005
2051
2043
2043
2081
2081
1966
1966
1948
1877
1940
1940
1936
1936
1890
1978
2074
2079
2047
1982
1959
1871
1940
2039
2077
2035
2071
2008
2066
2052
2124
2047
2055
2071
1976
2013
2049
2085
2105
2074
2086
2082
2072
2138
2041
2069
2104
2104
2066
2066
2012
2045
2045
2040
2045
2078
2078
2107
2131
2039
1957
1871
1898
1886
1887
1839
1839
1809
1892
1890
1804
1823
1863
1918
2022
2046
2016
2020
1980
2010
2014
1934
1918
1908
1921
1913
1965
1965
1965
1987
1944
1859
1886
1950
1989
1989
1957
1941
1983
1983
1950
2005
2086
2058
2051
2056
2096
2082
2117
2117
2063
2031
2031
1950
1950
1926
2005
2019
2011
2014
1973
1990
1981
2050
2033
1973
1973
1973
1913
1987
2060
2046
2046
2024
1929
1886
1944
1907
1928
1963
1948
1853
1861
1861
1888
2026
2024
2003
2003
2006
2006
2002
2002
2002
1968
1948
1994
1994
2042
1988
1940
1909
1880
1870
1906
1898
1832
1844
1832
1875
1843
1905
1912
1995
1968
1968
1996
2009
2074
2079
2079
2107
2020
2054
2046
2071
1998
2033
1983
2014
2077
2094
2094
2055
2059
2023
2023
2031
2012
1967
1995
2118
2157
1999
2097
2124
2124
2124
2166
2135
2070
1976
1939
1994
2002
2007
2007
2042
2038
2059
2067
2052
2052
1960
2010
1995
2000
1995
1995
2026
1974
1957
1962
1997
1947
2099
2094
2100
2183
2169
2059
2116
2116
2097
2003
1975
1990
1962
1945
1994
2014
2128
2128
2107
2016
1988
2044
2110
2060
2060
2060
1979
1917
1924
1976
1937
2002
1954
1954
1954
1907
1929
1982
2008
2014
2014
1982
1902
1961
1961
2001
1944
2002
1977
2022
1978
1967
2029
1952
1983
2012
1959
1987
2057
2057
2011
2012
2005
2015
1978
2008
1989
2148
2111
2057
2053
2053
2053
1900
1900
1900
1882
1895
1806
1835
1858
1854
1871
1939
1953
1958
1980
1951
1943
1943
1889
1889
1959
2022
1925
1997
1997
1993
2013
2057
1972
2019
2106
2117
2052
2127
1984
2018
2106
2093
2093
2042
2114
2117
2167
2167
2114
2101
2110
2098
2048
2063
2046
2172
2062
2063
2066
2136
2136
2137
2156
2060
2058
2091
2050
2028
1951
1992
1981
1936
1953
2005
2008
2042
1940
1937
2044
2053
2073
2090
2122
2072
2021
2148
2160
2108
2128
2069
2069
2102
2013
2034
1966
1982
1933
1951
1881
1915
1986
2082
1975
1979
1948
1973
1966
1985
2042
2050
2050
2011
2039
2020
1998
2012
2026
1959
1945
2020
2043
1909
2012
2012
2030
2039
2025
2086
2022
2022
2030
2030
2030
2066
2105
2073
2073
2019
1970
2051
2012
1990
2037
2037
2052
2083
2112
2074
2043
2044
2096
2203
2150
2097
2135
2149
2143
2161
2134
2124
2145
2136
2136
2138
2099
2109
2068
2082
2115
2115
2111
2037
2037
2037
1987
1987
2024
2042
2012
1986
1898
1891
1891
1850
1862
1899
1916
1916
1849
1849
1849
1925
1925
2005
1976
1976
1950
1971
2047
2030
1978
1972
2020
2037
2058
2000
2000
2008
1975
2049
2106
2051
2068
2186
2202
2189
2184
2131
2102
2102
2064
2094
2076
1980
2076
1966
1992
1973
1966
1894
1877
1977
2055
2053
2073
2027
2042
1993
2000
1991
1999
1948
1973
2020
1983
1920
1951
1951
1958
1918
1896
1888
1956
1951
1933
1950
1950
1950
1983
2022
2022
2014
2014
2019
2019
2001
2001
1952
1969
1969
1995
2048
2078
2008
2008
2017
2106
2111
2078
2047
2065
2075
2056
2062
2060
2089
2043
2043
2052
2013
1980
1994
2049
2049
2049
2070
2070
2039
2063
2036
2042
2096
2082
2093
2073
2013
2052
2052
2019
1941
1985
1985
1985
1998
2013
2024
2024
2024
2018
2068
2100
2052
2041
2014
2055
2055
2041
2011
2011
2110
2167
2114
2147
2164
2142
2169
2190
2246
2186
2173
2129
2051
2051
2051
2051
2051
2030
2022
2026
2022
2082
2002
2093
2138
2123
2071
2032
2059
2059
2008
2008
2024
2008
2009
2008
2024
1996
1996
1996
1926
1918
1911
1911
1942
1979
2006
1956
1980
1950
1955
1972
1972
2032
2047
2075
2069
2097
2097
2023
2190
2190
2171
2140
2137
2119
2119
2096
2082
2080
2089
2039
2062
1969
1972
2006
1946
1941
1941
1958
1980
2012
1937
1937
1992
1992
1920
2000
2005
2003
2001
2052
2052
1980
1923
1938
1916
2010
1981
2015
2049
2004
1934
2010
1966
1933
1910
2051
2097
2105
2105
2134
2183
2138
2175
2121
2121
2130
2096
2108
2071
2071
1961
1961
1941
1954
1972
1932
1877
1897
1931
1854
1839
1875
1949
1952
1935
2003
2031
2049
2066
2008
2034
2019
2005
1981
1988
2003
1957
1957
1956
1922
1956
1948
1931
1931
1897
1922
1994
1886
1965
1845
1839
1862
1862
1817
1824
1856
1954
2020
1954
1954
1943
1914
1927
1999
1924
1924
1926
1999
2006
2004
2069
2122
2089
2091
2091
2055
2157
2104
2102
2110
2130
2106
2120
2122
2122
2037
2063
2060
2030
2020
2097
2090
2087
1980
1977
1977
2006
1978
1978
1978
1978
2021
2021
1998
2043
2043
2080
2079
2083
2097
2075
2085
2004
1937
1960
1992
1992
1963
1994
1994
2002
2008
2008
2008
1979
2090
2110
2110
2104
1998
1958
1958
1992
1992
2083
2049
1985
2019
2019
2047
2184
2112
2037
2092
2087
2021
2027
2027
2080
2080
2111
2111
2127
2167
2145
2032
2025
2027
1998
1960
1940
1923
1935
1935
1955
1946
1961
1903
1938
1938
1938
1938
1984
1960
1984
1988
2000
1941
1927
1954
1968
1965
1862
1862
1862
1862
1916
1916
1953
1953
1980
2010
1991
2016
2042
2126
2193
2130
2045
2017
2108
2108
2108
2132
2132
2013
2013
2048
2026
1985
1906
1945
1964
1997
2004
2035
2035
2017
2017
2110
2129
2129
2041
2071
2160
2160
2126
2135
2132
2121
1979
1979
1976
1974
1974
1983
2052
2017
2037
2041
2037
2054
2014
2019
2019
2002
1973
2028
2026
2074
2030
2012
2009
2009
2017
2025
2031
1972
1980
1974
1974
1953
1953
1886
1886
1890
1913
1895
1857
1958
1892
1915
1930
1973
1957
1940
2020
2067
2072
1989
2028
1982
1912
1986
1954
1954
1980
1980
1974
1990
1993
1937
1984
2021
1935
1903
1950
1893
1893
1959
1959
1959
1942
1920
1947
1958
1905
1957
1871
1890
2003
1922
1931
1908
1984
1975
1975
2014
1938
1938
1938
1891
1891
1901
1964
1964
2059
2113
2115
2170
2018
2061
2126
2049
1952
2050
2077
2078
2016
2012
1964
1943
1943
1972
2004
1948
1962
1962
1962
2005
2005
1962
1970
1983
1892
1892
1912
1891
1909
1891
1967
1942
1976
2019
1982
2052
2052
2052
2066
2054
2071
2087
2094
2112
2148
2135
2100
2187
2065
2034
2034
2048
2032
2038
2123
2104
2057
2058
2145
2150
2174
2144
2036
2027
2130
2063
2078
2140
2097
2021
2042
2090
2047
2088
2125
2130
2062
2141
2156
2183
2216
2225
2213
2213
2170
2162
2143
2143
2099
2109
2147
2109
2154
2154
2154
2077
2119
2111
2111
2060
2062
2029
2029
2029
1981
1968
1992
1992
2057
2028
2038
2051
2027
2040
2034
2133
2096
2134
2189
2140
2092
2058
2058
2035
2007
2007
2020
1957
1960
1960
1943
2004
1994
1994
1977
1977
2003
2016
1953
2022
2006
2102
2102
2102
2033
2062
2115
2115
2115
2198
2053
2060
2056
2045
2026
2077
2068
2071
2017
2015
1969
1979
2001
1985
2017
1985
1972
1972
1972
1972
1972
1979
1979
1954
1954
1954
1954
2001
1921
1919
1909
1953
2052
2158
2177
2097
2097
2187
2120
2120
2107
2159
2183
2118
2118
2146
2146
2122
2078
2078
2024
2097
2108
2154
2135
2103
2112
2112
2141
2162
2182
2093
1988
1980
1980
1998
2076
2059
2075
2103
2032
2032
1996
2067
2070
2077
2048
2044
2050
1960
1960
2006
2121
2140
2182
2182
2089
2113
1951
1892
1956
2022
2051
2058
2058
2001
2103
2045
2045
2063
1979
1981
1994
2065
2035
1994
2039
1992
2002
1980
2039
2090
2109
2081
2045
2068
2071
2012
1935
1873
1887
1912
1912
1912
1923
1901
1897
1897
2028
2083
2086
2039
2087
2087
2058
2058
2058
2109
2121
2064
2012
2011
2026
2108
2170
2121
2171
2171
2106
2075
2039
1990
2094
2095
2095
2075
2000
1999
2099
2011
2020
1976
2008
2013
2079
2025
2028
2064
2153
2096
2095
1976
2044
2033
1989
1957
1957
1957
1938
1938
1908
1987
1979
2026
1970
1973
2013
2163
2123
2090
2139
2169
2022
2128
2094
2070
2070
2015
2022
2055
1972
1959
1959
1947
2042
1988
1992
2011
2063
2063
2014
2017
2047
2047
2015
2070
2097
2097
2070
2091
2122
2047
2077
1994
1994
2021
2041
2034
1988
1905
1854
1957
1957
1957
1912
1849
1912
1912
1912
1912
1908
1908
1935
1918
1934
1919
1939
1944
1878
1874
1836
1932
1930
2015
2073
2057
2057
2031
2000
2012
2042
1938
1960
1991
1967
1988
2005
2005
1992
2036
2061
2143
2179
2138
2162
2141
2164
2147
2157
2157
2125
2116
2112
2130
2109
2182
2095
2091
1973
1994
1963
1965
1965
1991
2031
2031
1956
1987
2007
2078
2078
2125
2117
2117
2033
2009
2015
2028
2028
1961
1886
1895
1964
1933
1933
1941
1933
1970
1923
1905
1940
1919
1902
1907
1908
1907
1953
1953
1953
1981
2009
1988
1974
1974
1974
1964
1966
2053
2036
2085
2098
2114
2147
2143
2024
2117
2132
2099
2016
2050
2063
2101
2109
2044
1976
1990
1990
1905
1968
2062
2004
2017
2015
2026
2061
2026
2034
2063
2022
1952
1952
1987
1987
1981
1987
2005
1979
2061
2062
1999
2028
2004
1991
2019
1988
2024
2047
2050
2105
2056
2093
2102
2092
2120
2135
2136
2078
2077
2023
2023
2093
2062
2177
2148
2097
2107
2145
2135
2080
2083
2069
1988
1988
1939
1955
1870
1865
1776
1777
1758
1758
1758
1758
1785
1781
1779
1779
1779
1866
1879
1834
1834
1793
1800
1800
1788
1789
1913
1982
1982
2046
2047
2122
2167
2167
2167
2167
2084
2167
2190
2180
2146
2146
2146
2146
2058
2137
2184
2174
2174
2151
2174
2174
2174
2181
2172
2221
2149
2149
2111
2031
1994
1962
1964
1964
1964
1964
1957
1980
1963
2034
1932
2063
2063
2076
2016
2028
2028
2076
2074
2100
2100
2041
2040
2008
2086
2020
2028
2060
2081
2127
2149
2057
2004
1986
1986
1978
2027
2046
2040
2030
2178
2113
2078
2048
2005
2066
2020
2067
2067
2067
2067
2050
2025
2101
2128
2106
2031
1979
1979
1935
1989
2011
2006
2081
2081
2076
2013
2013
2001
2012
1998
1951
1939
1937
1952
1982
2001
1980
1974
1964
1973
1874
1918
1918
1945
2049
1969
1992
2024
2024
2022
1945
1956
2041
1971
2022
2019
2019
1995
1968
1952
1971
1995
2014
1967
1916
1879
1867
1937
1937
1984
1984
1984
1881
1876
1862
1890
1864
1849
1849
1849
1970
2016
2058
2040
1995
2080
2100
2175
2086
2009
2009
1876
1910
1908
1908
1908
1908
1985
1995
2036
2030
2030
2032
1972
1929
1928
1928
1928
1896
1884
1894
1988
2068
1971
1942
1942
1920
1962
2000
2019
2076
2098
2115
2080
2133
2127
2075
2119
2120
2101
2072
2072
2128
2037
2037
2037
2037
2108
2192
2192
2192
2155
2058
2070
2095
2169
2169
2229
2118
2030
2030
2067
2073
2038
1981
1878
1860
1860
1900
1962
2062
2062
2017
1979
2024
2010
1939
1964
1935
1950
1950
1982
1960
1911
1911
1963
1911
2037
1961
1948
1963
1963
1963
1998
1980
1978
1979
1996
2023
1964
1964
1972
1958
2015
2005
2005
2005
1940
1977
1965
1967
1967
1967
1939
1951
1951
1984
1991
2035
2054
2061
2095
2100
2031
2021
2106
2054
2089
2045
2090
2090
2079
2079
2184
2149
2129
2081
2122
2073
2073
2073
2145
2145
2145
2093
2008
1937
1938
1895
1895
1893
1917
1917
1908
2040
2110
2067
2067
1969
1969
1969
1971
2025
1998
1976
1976
1971
1999
1935
1974
1974
2018
2125
2138
2132
2153
2074
2133
2224
2155
2071
2007
2007
2005
2019
2022
2030
1977
1977
1955
2023
2081
2090
2125
2070
1980
1925
2003
1966
2017
2017
2019
2039
1952
2029
2061
2035
2064
1928
1961
1947
2008
2061
2134
2157
2126
2128
2073
2013
2013
2036
2129
2160
2164
2078
2084
2103
2171
2171
2158
2093
2037
2037
2042
1995
1976
1976
1901
1901
2032
2045
1999
1995
1941
1956
1961
1942
1942
1921
1921
1921
1899
1899
1872
1923
1937
1957
2057
2019
1971
1958
1932
1979
2007
2007
1914
1914
1867
1867
1945
1950
1950
1852
1867
1878
1841
1923
1886
1962
1962
1962
1812
1821
1908
1896
1882
1870
1820
1891
1950
1928
1885
1944
1952
1952
1952
1970
1962
1950
1919
1874
1899
1908
1870
1935
1985
1987
1993
1947
1903
1895
1876
1997
1876
1876
1922
1991
1971
1971
1971
1993
1957
1945
2068
2077
2068
2127
2056
2056
2122
2122
2069
2082
2053
2054
2063
2104
2173
2109
2030
2021
2024
2042
2127
2115
2071
2109
2108
2080
2047
2040
2021
2049
2049
2058
2058
2058
2079
1989
2014
2018
1976
1929
1929
1990
2063
2081
2040
2027
2048
2085
2151
2134
2139
2075
2064
2071
2072
2024
1999
1969
1989
1963
1895
1895
1897
1897
1897
1954
1963
1963
2019
1988
2068
2055
2087
2121
2066
2063
2005
1982
2032
2072
2072
2097
2082
2010
2065
2026
2054
2054
2106
2055
2024
1959
1959
1955
1954
2070
2070
2045
2115
2115
2119
2068
2068
2068
2125
2172
2090
2087
2079
2110
2074
2050
2050
2011
2017
2031
2031
2079
2079
2143
2122
2147
2131
2178
2098
2098
2061
2001
1976
1988
1965
1919
2010
1994
1996
2008
1948
1940
1902
1879
1859
1853
1877
1850
1850
1839
1794
1786
1810
1810
1810
1882
1872
1865
1823
1812
1800
1800
1823
1865
1865
1865
1929
1912
1923
1918
1902
1878
1878
1878
1878
1867
1830
1830
1830
1824
1840
1839
1920
1925
2017
2054
2058
2027
1974
1998
1977
1987
1987
1987
1987
2036
2041
1965
1965
1978
2025
2039
2056
2079
2010
2035
1973
1973
2062
2122
2133
2164
2121
2012
2012
2012
1917
1932
1914
1888
1863
1891
1891
1891
1897
1937
1937
1937
2014
1977
1977
1965
1975
1946
1985
1985
1975
1940
2012
2044
2003
2003
2003
2003
2018
2003
1998
2015
1990
1989
1962
1962
1963
1980
1964
1964
1931
1854
1888
1890
1849
1849
1823
1875
1863
1924
1968
1972
1969
1969
1986
2025
2025
1979
1960
1960
1972
1941
2022
2016
2022
2043
1892
1881
1975
1975
1975
1990
1985
1989
1989
1933
1933
1901
1973
1992
1925
1928
2029
2064
2064
2141
2141
2096
2062
2062
2052
2098
2125
2125
2098
2055
2055
2044
2045
2037
2022
1997
1988
1950
1970
1937
1897
1893
1897
1924
1934
1934
1934
1947
1943
1912
1912
1922
1878
1878
1878
1878
1868
1904
1904
1925
2019
1963
2079
2035
2035
2035
2035
2035
2035
2035
1913
1940
1940
1929
1947
1947
1910
1961
1961
1894
1884
1884
1884
1927
1947
1979
1979
1956
2073
2083
2171
2074
2097
2082
2082
2117
2013
1991
1983
1958
2042
1979
2003
2007
2007
2067
2061
1940
1906
1961
1990
2049
2036
1993
1969
2004
2072
2080
1967
2013
2013
2025
1996
1996
2043
2043
2058
2058
2033
2033
2033
2007
1973
1895
1904
1885
1885
1886
1911
1926
1926
1926
1926
1968
1968
2004
1968
2018
1947
1947
1911
1930
1930
1930
1931
1983
2079
2057
2077
1989
1989
1989
2018
2018
2007
2002
1950
1971
1947
1947
1984
2010
2023
2010
2023
2024
2042
2029
1918
1942
1942
2039
2099
2049
2033
1936
1973
2009
1982
1944
1878
1901
1883
1883
1925
1906
1867
1842
1842
1837
1894
1894
1870
1913
1935
1977
1964
1964
1964
1964
1943
1885
1885
1847
1890
1905
1905
1864
1840
1840
1840
1852
1852
1852
1854
1858
1858
1858
1858
1946
1946
1946
2018
1999
2032
1990
1992
1985
1968
1991
1878
1889
1907
1915
1911
1916
1969
1969
1969
1948
1948
1948
1909
1894
1921
1921
1921
1927
1952
2066
2006
2006
1976
2051
2068
1976
1977
1970
1970
1984
1997
2000
2049
2042
1988
2014
1972
1985
1985
1979
2000
2000
1994
1994
1958
1951
1964
1924
1922
1922
1891
1897
1891
1960
1918
1918
1903
1955
1919
1920
1965
1965
1982
1980
2006
2011
1994
1927
1922
1938
1902
1932
1905
1941
1943
1943
1943
1920
1905
1909
1954
1911
1876
1915
1887
1887
1887
1934
1902
2008
1993
1993
1993
2085
1973
1923
1890
1890
1890
1888
1968
1998
2023
1945
1981
1968
1920
1995
1962
1920
1920
1891
1891
1928
1928
1887
1910
1910
1967
1981
1966
1966
1938
1967
1967
1965
1916
1975
1981
1938
1925
1954
1954
2002
1988
2005
1942
1982
1998
1998
1984
1928
1928
1976
1919
1959
1959
1884
1886
1861
1861
1840
1840
1825
1836
1780
1831
1942
1912
1916
1897
1863
1887
1907
1933
1967
1981
1938
1949
1949
1950
2005
1986
1973
1948
1954
1972
1954
1841
1844
1891
1853
1854
1848
1840
1875
1923
1850
1827
1827
1817
1886
1873
1873
1873
1873
1875
1877
1877
1882
1807
1814
1792
1792
1814
1814
1844
1828
1856
1830
1830
1757
1776
1771
1781
1795
1795
1795
1829
1908
1947
1947
1948
1948
1883
1883
1932
1932
1908
1908
1958
1965
1941
1941
1945
1945
1961
1961
1987
1947
1987
1974
1974
1978
2077
2077
2077
1977
1948
1939
1923
1923
1923
1957
1901
1896
1955
1953
2009
2009
2009
1985
1985
1926
1959
1984
1984
2026
2026
2026
2065
2046
2029
1963
1955
2009
2060
2067
2015
2015
2006
1980
1926
1926
1972
1944
1942
1942
1932
1928
1965
1917
1871
1939
1988
1988
1988
1988
1972
1972
1926
1926
1898
1897
1946
1955
1881
1901
1901
1935
1935
1907
1897
1842
1940
1940
1940
1876
1876
1921
1943
1990
1961
1919
1919
1920
1930
1961
1983
1983
2054
1990
2002
1945
1945
1934
1934
1934
1965
1887
1887
1936
1932
1923
1923
1933
1951
1975
1975
1948
1967
1987
1950
1941
1967
1973
1973
2019
1981
1981
1949
1938
2010
2050
1989
1946
1928
1976
1939
1939
2009
2024
2041
2022
2116
2116
2042
2116
2090
2059
2059
1982
1985
1985
1985
2005
2005
2005
1989
2013
2003
1988
1988
2015
2001
1956
1975
1975
1898
1847
1847
1847
1847
1852
1878
1878
1940
1917
1904
1904
1909
1908
1980
1997
1975
1977
1947
1957
1957
1910
1918
1844
1830
1830
1830
1877
1879
1864
1864
1949
1949
1951
1951
1836
1836
1813
1836
1853
1901
1901
1901
1949
1919
1919
1905
1891
1891
1891
1897
1937
1918
1918
1836
1836
1836
1830
1822
1886
1886
1955
1947
1947
1907
1912
1940
1907
1918
1918
1994
2054
2054
2051
2016
2016
2055
2012
2025
2061
2029
2091
2030
2005
2049
2026
2052
2011
2011
2001
2019
2036
2020
2070
2034
1967
1953
1946
1979
1928
1940
1891
1911
1953
1953
1988
1988
1984
1961
1961
1977
1977
1960
1994
1973
2047
2047
2047
1989
1989
1988
1988
1968
1972
1954
2085
2043
2038
2014
2025
2016
2048
2028
2014
2012
2036
2055
2057
1986
1953
1953
1953
1950
1950
1950
1950
1980
1980
1980
2020
2020
2004
1971
1971
1963
1965
1965
1944
1922
1922
1922
1922
1994
1947
1910
1903
1930
1936
1954
1917
1961
1961
1888
1888
1971
1976
2007
2007
2007
2007
1946
1981
1951
1949
1967
1967
1970
2008
2064
1996
1994
1984
1968
1968
1968
1962
2017
2017
2059
2059
1993
2011
2003
1972
1958
1973
1973
1962
1992
2019
2002
2016
1975
1984
1984
1972
1972
1957
1957
1927
1927
1985
1936
1940
1940
1940
1940
1882
1840
1831
1825
1825
1848
1860
1924
1884
1884
1933
1989
1989
1989
1989
1970
1972
1996
2000
1953
1982
2019
1979
1979
1962
1995
1948
1948
1948
1947
1947
1942
1945
1931
1936
1929
1958
1958
1862
1846
1846
1849
1849
1861
1898
1880
1880
1885
1883
1891
1891
1846
1881
1831
1851
1858
1855
1883
1912
1912
1905
1889
1896
1896
1896
1909
1990
1952
1849
1849
1916
1917
1972
1910
1910
1902
1850
1850
1842
1842
1858
1858
1858
1858
1858
1859
1920
1879
1879
1879
1879
1917
1866
1866
1862
1871
1876
1876
1922
1927
1873
1839
1839
1879
1879
1856
1898
1924
1917
1916
1843
1858
1896
1896
1878
1885
1889
1895
1927
1873
1898
1917
1993
1904
1986
2004
1998
1924
1892
1881
1881
1853
1815
1853
1853
1842
1881
1881
1881
1894
1950
1929
1929
1922
1922
1922
1922
1922
1931
1951
1951
1954
1954
1954
1954
1916
1945
1945
1945
1945
1969
1969
1912
1959
1959
1964
1964
2014
2014
2100
2070
2111
2178
2147
2147
2147
2164
2096
2044
1984
1981
2000
1996
1970
1948
1881
1965
1981
1981
1978
1978
1995
2014
2014
2014
2014
1930
1930
1941
1941
1969
1920
1920
1953
1919
1919
1919
1919
1947
1947
1911
1911
1897
1897
1926
1917
1979
1979
2074
1998
1984
1984
1986
1986
1963
1963
1986
1931
1934
1969
1901
1928
1928
1988
1940
1971
1971
2026
2028
2024
2011
2011
2027
2027
2016
2002
2002
2002
2013
2000
1966
1955
1994
1994
1994
2004
1992
1962
1925
1925
1925
1906
1897
1932
1937
1984
1984
1984
1948
1962
1962
1967
2045
2027
2074
2043
2043
2043
2043
2032
2008
2008
1985
1985
2009
1967
1967
1973
1973
1978
1959
2051
2040
2040
2050
1944
1958
1970
2000
2000
1960
1946
1962
1970
2025
2007
1987
1987
1987
1987
1987
1997
1997
1973
1976
1960
1960
1857
1857
1884
1920
1920
1880
1880
1880
1908
1908
1850
1972
1850
1854
1877
1877
1923
1947
1921
1935
1935
1929
1929
1946
1874
1874
1966
1925
1927
1935
1935
1935
1901
1848
1848
1850
1850
1863
1939
1914
1924
1896
1891
1891
1872
1856
1889
1917
1889
1880
1880
1837
1852
1852
1883
1829
1829
1829
1887
1917
1988
1904
1875
1875
1875
1875
1875
1816
1816
1816
1865
1868
1868
1868
1900
1868
1915
1915
1915
1915
1915
1928
1928
1928
1928
1928
1937
1960
1960
1960
1929
1845
1851
1881
1881
1881
1954
1964
1964
1993
1962
1962
1951
1951
1975
2011
2029
2083
2054
1970
1957
1917
1911
1911
1925
1956
1919
1914
1946
1923
1923
1923
1984
1997
1995
2009
1955
1955
1945
2037
2037
2061
2061
2061
2061
2061
2070
2084
2084
2084
2114
2084
2084
2084
2116
2101
2050
2006
1981
1981
1981
1966
1966
1899
1912
1912
1941
1941
1941
1941
1960
1960
1928
1928
1928
1911
1911
1929
1981
1984
1984
1984
1984
1984
1949
1927
1916
1916
1916
1903
1906
1956
1942
1942
1940
1940
1960
1960
1928
1950
1950
1880
1836
1851
1863
1863
1863
1858
1883
1883
1837
1912
1912
1828
1863
1929
1929
1941
1897
1897
1948
1948
1947
1947
1947
1982
1962
1967
2025
2000
2031
2057
2057
2047
2038
2038
2038
2042
2053
2058
2017
1994
2011
1998
1998
1998
2000
2000
1981
1954
2040
2069
2078
2155
2046
2039
2043
2048
2048
2048
1986
1945
1945
1945
1819
1849
1940
1940
1979
1960
2000
2000
1955
1955
1955
1931
1931
1931
1947
1951
1947
1947
1947
1947
1962
1962
1930
1913
1950
1972
1938
1914
1913
1937
1932
1947
1994
1980
1999
1999
1948
1937
1937
1876
1876
1995
1995
1944
1994
2014
2014
1934
1934
1919
1933
1966
1994
1994
1995
1997
2034
2006
1983
1959
1973
1973
1973
1973
1960
1975
1975
1915
1872
1829
1831
1863
1863
1843
1868
1868
1848
1848
1850
1850
1850
1886
1886
1886
1912
1946
1921
1942
1942
1966
1937
1937
1865
1862
1862
1873
1873
1873
1862
1869
1814
1826
1867
1851
1807
1924
1917
1913
1913
1913
1885
1885
1893
1893
1904
1899
1899
1956
1887
1923
1870
1997
1997
1987
2024
1970
1917
1917
1917
1988
1988
1993
2013
1950
1930
1982
2005
1937
1928
1928
1928
1978
1961
1926
1926
1926
1946
1958
1999
1982
1982
1990
1980
1980
1975
1975
1975
2031
1993
2029
2026
2039
2012
2041
2013
2029
2029
2029
2029
2002
1954
1954
1954
1954
2011
2011
2045
2045
2038
2112
2112
2112
2112
2162
2162
2083
2053
2081
2078
1985
1986
1986
2079
2079
2006
2019
1968
1931
1931
1931
1931
1970
1962
1952
1955
1951
1917
1886
1886
1843
1794
1794
1798
1798
1798
1798
1850
1851
1844
1844
1882
1853
1856
1859
1855
1795
1795
1770
1770
1770
1749
1749
1749
1857
1857
1857
1857
1898
1898
1819
1819
1821
1777
1777
1771
1797
1797
1785
1785
1867
1867
1881
1881
1881
1899
1894
1758
1758
1741
1741
1741
1741
1767
1781
1781
1742
1760
1743
1743
1743
1743
1743
1742
1742
1742
1745
1745
1745
1745
1817
1817
1835
1835
1835
1835
1822
1822
1854
1854
1909
1934
1901
1842
1842
1842
1842
1842
1842
1842
1820
1820
1820
1835
1829
1829
1812
1768
1768
1797
1797
1797
1797
1797
1801
1801
1800
1800
1765
1765
1765
1765
1791
1791
1791
1791
1786
1786
1776
1743
1743
1734
1734
1774
1813
1953
1943
1943
1947
1899
1899
1949
1933
1918
1927
1900
1918
1900
1885
1885
1885
1892
1915
1953
1929
1863
1863
1871
1845
1845
1834
1834
1822
1856
1856
1803
1825
1825
1793
1782
1782
1798
1776
1776
1809
1809
1809
1809
1809
1809
1809
1820
1820
1821
1821
1821
1821
1948
1951
1901
1903
1903
1903
1903
1915
1970
1970
1970
1961
2006
2073
2020
1999
1975
1985
1975
1937
1934
1941
1941
1939
1939
1974
1891
1916
1916
1947
1920
1920
1920
1920
1920
1930
1936
1939
1927
2001
2015
2022
1971
1912
1909
1909
1909
1909
1906
1906
1909
1909
1955
1955
1932
1932
1908
1878
1878
1878
1861
1861
1861
1861
1861
1861
1859
1859
1859
1859
1859
1859
1862
1837
1884
1902
1919
1945
1945
1903
1903
1886
1878
1901
1901
1889
1889
1896
1896
1901
1883
1883
1883
1885
1885
1885
1848
1823
1790
1756
1817
1817
1817
1817
1881
1881
1881
1845
1827
1827
1831
1843
1827
1827
1827
1827
1827
1827
1845
1787
1787
1787
1787
1764
1845
1783
1846
1850
1850
1856
1856
1836
1861
1861
1876
1887
1892
1944
2013
1982
1933
1933
1933
1933
1919
1919
1916
1957
1957
1964
1952
1936
1936
1936
1938
1938
1938
1938
1986
1986
1993
2027
1966
1966
1966
1966
1966
1966
1929
1941
1912
1912
1851
1851
1883
1842
1842
1848
1848
1848
1833
1833
1820
1820
1820
1820
1801
1801
1801
1801
1801
1862
1873
1843
1843
1875
1875
1875
1875
1898
1891
1867
1867
1867
1867
1820
1855
1855
1899
1923
1923
1918
1918
1918
1918
1858
1858
1858
1855
1855
1855
1871
1871
1864
1854
1854
1854
1834
1834
1834
1834
1834
1888
1819
1806
1806
1791
1819
1819
1825
1882
1882
1894
1845
1845
1845
1820
1820
1803
1803
1812
1812
1817
1848
1848
1799
1799
1782
1782
1782
1784
1784
1784
1783
1783
1783
1783
1850
1872
1843
1843
1843
1843
1843
1843
1843
1843
1807
1807
1807
1807
1807
1807
1814
1814
1787
1787
1852
1852
1885
1886
1885
1860
1851
1851
1851
1851
1851
1851
1885
1885
1885
1914
1914
1914
1914
1910
1904
1898
1937
1974
1974
1928
1928
1965
1990
1958
1990
1997
1997
1985
1985
1953
1977
1967
1956
1976
1942
1942
1942
1942
1942
1941
1884
1884
1884
1884
1884
1902
1902
1902
1902
1848
1848
1840
1889
1889
1889
1892
1840
1921
1942
1942
1933
1941
1941
1924
1917
1935
1935
1955
1955
1965
1925
1913
1913
1913
1913
1913
1904
1904
1904
1914
1914
1914
1914
1914
1914
1961
1961
1961
1961
1961
2019
2019
1993
1943
1799
1799
1773
1773
1794
1788
1781
1769
1769
1769
1769
1745
1745
1745
1745
1741
1741
1741
1741
1741
1741
1741
1741
1762
1765
1765
1737
1722
1722
1722
1722
1722
1722
1728
1755
1755
1755
1783
1783
1754
1754
1754
1754
1754
1731
1731
1731
1731
1731
1731
1731
1725
1794
1794
1794
1794
1741
1736
1736
1736
1736
1736
1760
1744
1744
1744
1744
1775
1775
1782
1761
1761
1761
1755
1755
1731
1731
1726
1726
1738
1748
1748
1748
1731
1735
1696
1696
1696
1696
1696
1757
1745
1745
1745
1717
1715
1715
1709
1709
1709
1709
1709
1709
1709
1709
1709
1709
1709
1739
1739
1738
1738
1738
1752
1752
1752
1752
1752
1723
1723
1730
1730
1730
1730
1752
1752
1752
1752
1752
1705
1705
1731
1731
1731
1731
1731
1742
1776
1776
1776
1776
1776
1817
1817
1817
1817
1817
1817
1810
1810
1810
1810
1810
1809
1846
1846
1846
1846
1846
1846
1853
1853
1853
1853
1849
1849
1849
1865
1865
1842
1842
1842
1842
1842
1842
1838
1841
1923
1915
1915
1840
1808
1808
1822
1822
1822
1822
1822
1822
1822
1822
1822
1786
1786
1783
1783
1807
1807
1807
1854
1854
1854
1912
1912
2005
1896
1891
1891
1875
1875
1870
1870
1870
1870
1870
1870
1870
1870
1870
1870
1900
1900
1900
1923
1923
1923
1885
1852
1852
1889
1889
1909
1893
1874
1874
1876
1876
1874
1893
1893
1915
1892
1902
1896
1840
1840
1840
1840
1872
1872
1872
1878
1878
1878
1878
1878
1915
1918
1918
1918
1918
1946
1898
1898
1898
1896
1896
1917
1991
2001
2003
2003
2000
2000
1983
1970
1970
1970
1958
1971
1998
2014
2014
2044
2044
1958
1947
1947
1947
1947
1947
1947
1947
1947
1947
1994
1997
1997
1960
1938
1922
1922
1894
1878
1878
1878
1878
1883
1883
1883
1891
1891
1848
1842
1842
1842
1842
1842
1842
1842
1846
1846
1891
1891
1891
1894
1898
1919
1919
1869
1869
1869
1908
1908
1927
1901
1901
1901
1901
1901
1901
1901
1865
1865
1851
1851
1861
1844
1844
1844
1844
1844
1844
1844
1844
1844
1844
1844
1844
1847
1847
1847
1846
1846
1861
1861
1861
1861
1861
1861
1861
1861
1862
1918
1918
1933
1862
1862
1862
1862
1862
1832
1832
1832
1832
1832
1832
1832
1832
1832
1832
1832
1832
1832
1832
1852
1852
1816
1816
1816
1816
1816
1801
1801
1801
1801
1777
1763
1792
1792
1792
1792
1792
1792
1792
1792
1792
1845
1881
1881
1930
1943
1943
1943
1943
1943
1920
1920
1920
1920
1913
1913
1913
1913
1913
1913
1925
1925
1919
1882
1897
1904
1904
1907
1907
1907
1907
1907
1907
1955
1955
1955
1959
1951
1951
1951
1951
1951
1951
1951
1951
1951
1951
1951
1951
1932
1932
1932
1932
1932
1932
1932
1932
1976
1976
2062
2062
2062
2073
2062
1986
1932
2023
2023
1954
1954
1954
1954
1970
1983
1965
1965
1965
1965
1965
1965
1934
1945
1947
1947
1947
1916
1915
1941
1933
1933
1933
1940
1959
1905
1880
1880
1844
1844
1766
1780
1780
1780
1780
1816
1816
1816
1816
1816
1816
1815
1815
1823
1823
1823
1838
1838
1838
1838
1838
1838
1838
1838
1838
1838
1838
1838
1837
1837
1837
1861
1861
1861
1861
1799
1799
1799
1799
1827
1839
1839
1839
1797
1851
1877
1861
1861
1861
1861
1883
1837
1815
1815
1815
1815
1815
1815
1802
1802
1827
1827
1827
1858
1871
1871
1843
1883
1867
1867
1867
1851
1851
1851
1851
1905
1965
1922
1908
1851
1851
1851
1851
1851
1875
1875
1898
1900
1900
1890
1855
1855
1868
1868
1868
1862
1891
1891
1891
1843
1843
1843
1843
1843
1854
1854
1832
1820
1820
1820
1820
1820
1820
1828
1828
1828
1806
1826
1826
1826
1827
1895
1879
1879
1879
1879
1884
1884
1884
1884
1904
1904
1905
1868
1866
1866
1895
1895
1926
1926
1926
1911
1902
1893
1893
1893
1893
1864
1903
1903
1903
1903
1903
1903
1903
1903
1903
1903
1903
1903
1903
1926
1926
1926
1926
1926
1926
1954
1870
1870
1870
1870
1870
1887
1838
1838
1844
1844
1844
1844
1844
1838
1838
1838
1838
1838
1845
1874
1844
1872
1872
1872
1858
1858
1858
1858
1858
1858
1855
1851
1851
1851
1839
1839
1839
1839
1839
1839
1839
1839
1839
1839
1885
1927
1927
1927
1927
1927
1964
1934
1934
1934
1917
1913
1913
1913
1887
1887
1887
1921
1931
1938
1938
1938
1930
1930
1930
1930
1930
1930
1884
1896
1896
1901
1901
1901
1901
1901
1901
1901
1856
1817
1817
1817
1817
1817
1826
1826
1826
1826
1826
1826
1826
1826
1826
1845
1845
1845
1863
1863
1863
1859
1850
1850
1850
1850
1850
1859
1859
1886
1886
1886
1886
1826
1826
1826
1819
1819
1819
1819
1819
1807
1807
1805
1805
1805
1805
1805
1805
1805
1805
1805
1819
1819
1805
1805
1799
1772
1772
1772
1772
1772
1772
1772
1772
1757
1749
1749
1749
1749
1749
1749
1784
1784
1784
1792
1792
1792
1787
1787
1787
1784
1784
1784
1784
1784
1784
1784
1800
1800
1800
1800
1800
1800
1800
1800
1800
1844
1843
1843
1843
1843
1843
1859
1859
1833
1843
1852
1852
1852
1896
1918
1918
1918
1889
1917
1917
1917
1917
1917
1917
1917
1917
1917
1917
1924
1916
1893
1893
1850
1850
1850
1850
1850
1842
1842
1842
1842
1848
1848
1848
1849
1874
1874
1874
1874
1840
1840
1849
1849
1849
1849
1849
1829
1829
1829
1829
1829
1829
1807
1807
1807
1807
1807
1852
1853
1853
1844
1844
1844
1844
1844
1844
1844
1844
1844
1844
1844
1837
1830
1830
1859
1859
1859
1859
1831
1831
1804
1804
1804
1825
1825
1825
1825
1790
1824
1824
1810
1810
1810
1810
1810
1810
1781
1781
1781
1800
1800
1800
1800
1800
1800
1800
1800
1800
1800
1800
1800
1800
1800
1800
1800
1757
1757
1779
1814
1814
1814
1792
1787
1787
1787
1787
1787
1787
1787
1787
1787
1787
1765
1765
1765
1765
1765
1765
1797
1812
1795
1795
1795
1796
1796
1796
1796
1796
1796
1803
1803
1770
1770
1770
1788
1788
1788
1788
1788
1788
1788
1788
1788
1788
1788
1788
1788
1788
1788
1788
1807
1812
1812
1812
1819
1819
1819
1819
1819
1823
1807
1807
1807
1801
1801
1801
1801
1801
1801
1801
1801
1801
1801
1847
1882
1882
1889
1901
1934
1912
1912
1912
1905
1852
1852
1852
1826
1817
1808
1808
1808
1789
1789
1789
1789
1789
1789
1789
1789
1795
1795
1795
1795
1795
1789
1789
1789
1789
1810
1810
1810
1793
1793
1793
1793
1789
1789
1789
1789
1789
1789
1789
1789
1816
1816
1817
1817
1817
1817
1817
1817
1817
1817
1817
1808
1808
1808
1808
1783
1783
1811
1826
1826
1826
1872
1863
1833
1847
1847
1867
1862
1845
1845
1845
1837
1837
1840
1840
1840
1840
1826
1826
1840
1840
1840
1840
1840
1826
1826
1826
1838
1838
1801
1801
1801
1801
1801
1801
1808
1808
1808
1808
1808
1821
1821
1821
1821
1821
1821
1821
1820
1820
1820
1820
1820
1820
1820
1826
1836
1839
1838
1838
1838
1838
1838
1830
1830
1836
1843
1843
1843
1796
1796
1796
1796
1796
1796
1796
1796
1786
1786
1786
1800
1800
1811
1811
1806
1806
1808
1808
1741
1741
1741
1743
1743
1743
1738
1738
1738
1738
1723
1712
1716
1716
1716
1716
1716
1716
1717
1717
1717
1717
1717
1717
1717
1717
1717
1717
1717
1717
1717
1717
1728
1728
1728
1728
1728
1721
1721
1726
1704
1704
1704
1704
1704
1704
1704
1704
1704
1704
1704
1704
1704
1704
1704
1704
1704
1704
1704
1704
1704
1704
1704
1704
1704
1704
1696
1696
1696
1696
1696
1696
1696
1696
1696
1696
1696
1696
1696
1696
1696
1696
1696
1696
1696
1696
1696
1696
1696
1699
1699
1699
1686
1686
1686
1686
1669
1669
1669
1669
1669
1675
1675
1675
1675
1675
1675
1675
1675
1675
1675
1675
1675
1675
1675
1669
1669
1669
1679
1679
1679
1679
1695
1695
1695
1695
1695
1707
1707
1704
1741
1741
1741
1741
1727
1771
1771
1771
1771
1771
1771
1771
1771
1771
1771
1771
1771
1746
1746
1746
1747
1747
1747
1747
1747
1747
1747
1747
1747
1747
1747
1713
1713
1713
1713
1713
1713
1713
1713
1713
1713
1713
1713
1713
1713
1713
1713
1710
1710
1710
1710
1710
1710
1728
1728
1728
1728
1722
1722
1722
1722
1722
1722
1722
1722
1722
1722
1722
1722
1719
1719
1719
1719
1719
1719
1719
1719
1719
1719
1719
1719
1719
1719
1719
1719
1719
1719
1719
1719
1719
1719
1719
1719
1719
1719
1719
1719
1719
1719
1719
1719
1719
1719
1719
1719
1719
1719
1719
1719
1719
1719
1719
1719
1719
1719
1719
1719
1719
1731
1731
1731
1737
1737
1737
1737
1737
1737
1737
1737
1737
1737
1737
1737
1737
1737
1737
1737
1737
1737
1737
1737
1744
1744
1737
1737
1737
1737
1725
1725
1725
1725
1725
1725
1725
1725
1725
1725
1707
1707
1707
1707
1737
1737
1737
1737
1737
1737
1737
1737
1737
1737
1729
1729
1735
1735
1735
1713
1713
1713
1713
1713
1713
1713
1713
1713
1707
1707
1707
1707
1707
1707
1724
1724
1724
1724
1692
1692
1692
1694
1694
1694
1694
1694
1694
1694
1694
1694
1683
1683
1683
1683
1683
1683
1683
1683
1683
1683
1683
1661
1661
1661
1661
1661
1661
1661
1661
1661
1661
1661
1661
1661
1661
1661
1661
1661
1661
1661
1661
1661
1661
1661
1661
1661
1661
1661
1661
1661
1687
1695
1695
1695
1690
1690
1690
1690
1690
1690
1690
1690
1690
1690
1690
1690
1690
1690
1690
1690
1689
1689
1689
1689
1689
1689
1689
1689
1689
1689
1689
1694
1694
1694
1694
1694
1694
1694
1694
1694
1694
1694
1694
1694
1687
1694
1694
1694
1694
1694
1694
1694
1694
1694
1699
1699
1699
1699
1699
1699
1699
1710
1710
1710
1710
1710
1710
1710
1710
1710
1710
1710
1710
1710
1710
1710
1710
1710
1710
1710
1699
1699
1699
1699
1699
1699
1699
1701
1701
1701
1701
1701
1701
1701
1701
1701
1701
1701
1701
1701
1701
1701
1689
1689
1689
1689
1689
1689
1689
1689
1689
1689
1689
1689
1689
1689
1689
1689
1689
1689
1689
1689
1689
1689
1689
1689
1689
1689
1689
1689
1689
1699
1699
1699
1699
1699
1699
1699
1699
1699
1699
1699
1699
1699
1699
1699
1699
1699
1699
1699
1699
1699
1699
1699
1699
1699
1699
1699
1699
1699
1699
1699
1699
1699
1699
1699
1699
1699
1699
1699
1699
1699
1699
1699
1699
1699
1699
1699
1699
1699
1699
1699
1699
1699
1699
1699
1699
1699
1699
1699
1699
1714
1714
1714
1714
1714
1709
1709
1706
1706
1706
1721
1721
1721
1721
1721
1697
1697
1697
1697
1697
1697
1697
1697
1697
1700
1700
1700
1700
1700
1700
1700
1700
1700
1705
1705
1705
1705
1705
1705
1705
1705
1705
1705
1705
1705
1705
1705
1705
1705
1705
1705
1705
1705
1705
1705
1705
1705
1705
1705
1705
1705
1705
1705
1705
1705
1705
1705
1705
1705
1705
1705
1705
1705
1705
1705
1705
1710
1710
1710
1710
1724
1724
1724
1724
1724
1724
1724
1724
1724
1724
1724
1724
1724
1724
1724
1724
1724
1724
1730
1725
1725
1725
1725
1725
1725
1725
1725
1713
1713
1713
1704
1689
1689
1689
1689
1689
1689
1698
1698
1698
1698
1705
1705
1705
1705
1686
1686
1686
1686
1686
1686
1686
1692
1692
1692
1692
1692
1692
1692
1692
1692
1692
1692
1692
1692
1692
1692
1692
1692
1692
1692
1692
1692
1692
1692
1692
1685
1685
1685
1685
1685
1685
1685
1685
1685
1685
1685
1685
1685
1685
1685
1685
1685
1685
1685
1685
1685
1685
1685
1685
1685
1685
1685
1685
1685
1685
1685
1685
1685
1685
1685
1685
1685
1685
1685
1685
1685
1685
1685
1691
1691
1691
1691
1691
1691
1691
1691
1691
1691
1691
1691
1691
1691
1691
1691
1691
1691
1691
1691
1691
1691
1691
1691
1691
1691
1691
1691
1691
1691
1691
1691
1691
1691
1691
1691
1691
1691
1691
1691
1691
1691
1691
1691
1691
1691
1691
1691
1691
1691
1691
1691
1691
1691
1691
1691
1691
1691
1691
1691
1691
1691
1691
1691
1691
1691
1691
1691
1690
1690
1690
1690
1690
1690
1690
1690
1689
1689
1689
1689
1689
1689
1689
1689
1689
1678
1678
1678
1678
1678
1678
1678
1678
1678
1678
1678
1667
1667
1667
1667
1667
1667
1667
1667
1667
1667
1667
1667
1667
1667
1667
1667
1667
1667
1667
1667
1672
1662
1662
1662
1662
1662
1662
1662
1661
1645
1645
1645
1645
1645
1645
1645
1645
1645
1645
1645
1632
1632
1632
1632
1632
1632
1632
1632
1625
1625
1625
1625
1625
1625
1625
1625
1625
1625
1625
1625
1625
1625
1625
1625
1625
1625
1625
1625
1625
1625
1625
1625
1625
1625
1625
1625
1625
1625
1625
1625
1625
1625
1625
1625
1625
1625
1625
1625
1625
1625
1625
1625
1625
1625
1625
1625
1625
1652
1652
1652
1652
1652
1652
1652
1652
1652
1651
1651
1659
1659
1659
1659
1659
1659
1659
1659
1661
1661
1661
1661
1661
1661
1661
1661
1661
1661
1661
1661
1661
1663
1663
1663
1663
1663
1663
1663
1663
1663
1663
1663
1663
1663
1663
1663
1663
1663
1663
1663
1663
1663
1663
1663
1663
1663
1663
1663
1663
1652
1652
1652
1652
1652
1652
1652
1652
1652
1652
1652
1652
1652
1652
1650
1650
1650
1650
1650
1650
1650
1650
1650
1650
1650
1650
1650
1650
1650
1650
1650
1650
1650
1650
1650
1650
1650
1650
1650
1650
1650
1650
1650
1650
1650
1650
1650
1650
1650
1650
1650
1650
1650
1650
1650
1650
1650
1650
1650
1650
1650
1650
1631
1631
1631
1631
1631
1631
1631
1631
1628
1626
1626
1626
1626
1628
1628
1628
1628
1628
1628
1628
1628
1628
1628
1628
1628
1628
1628
1631
1631
1631
1631
1631
1631
1631
1631
1631
1631
1631
1631
1631
1631
1631
1631
1631
1631
1631
1631
1626
1626
1626
1626
1626
1626
1626
1626
1626
1626
1626
1626
1626
1626
1626
1626
1626
1626
1626
1626
1625
1625
1625
1625
1625
1625
1625
1625
1625
1626
1626
1626
1626
1626
1626
1626
1626
1626
1626
1626
1626
1626
1626
1626
1626
1626
1626
1626
1626
1626
1626
1626
1626
1626
1626
1626
1626
1626
1625
1625
1625
1625
1625
1625
1625
1625
1625
1625
1625
1625
1625
1625
1625
1625
1625
1625
1625
1625
1625
1625
1625
1625
1625
1625
1625
1625
1625
1625
1625
1625
1625
1625
1625
1625
1625
1625
1625
1625
1625
1625
1625
1625
1625
1625
1625
1625
1625
1625
1625
1625
1625
1625
1625
1625
1625
1625
1625
1625
1625
1625
1625
1625
1625
1625
1625
1625
1625
1625
1625
1625
1625
1625
1625
1625
1627
1627
1627
1627
1625
1625
1625
1625
1625
1625
1625
1625
1625
1625
1625
1625
1625
1625
1625
1625
1625
1625
1625
1625
1625
1625
1625
1625
1625
1625
1625
1625
1625
1625
1625
1625
1625
1625
1625
1625
1625
1625
1625
1625
1625
1625
1625
1625
1625
1625
1625
1625
1625
1625
1625
1625
1625
1625
1625
1625
1625
1625
1625
1625
1625
1625
1625
1625
1625
1625
1625
1625
1625
1625
1625
1625
1625
1625
1625
1625
1625
1625
1625
1625
1625
1625
1625
1625
1625
1625
1625
1625
1625
1625
1625
1625
1625
1625
1625
1625
1625
1625
1625
1625
1625
1625
1625
1625
1625
1625
1625
1625
1625
1625
1625
1625
1625
1625
1625
1625
1625
1625
1625
1625
1625
1625
1625
1625
1625
1625
1625
1625
1625
1625
1625
1625
1625
1625
1625
1625
1625
1625
1625
1625
1625
1625
1625
1625
1625
1625
1625
1625
1625
1625
1625
1625
1625
1625
1625
1625
1625
1625
1625
1625
1625
1625
1625
1625
1625
1625
1625
1625
1625
1625
1625
1625
1625
1625
1625
1625
1625
1625
1625
1625
1625
1625
1625
1625
1625
1625
1625
1625
1625
1625
1625
1625
1625
1625
1625
1625
1625
1625
1625
1625
1625
1625
1625
1625
1625
1625
1625
1625
1625
1625
1625
1625
1625
1625
1625
1625
1625
1625
1625
1625
1625
1625
1625
1625
1625
1625
1625
1625
1625
1625
1625
1625
1625
1625
1625
1625
1625
1625
1625
1625
1625
1625
1625
1625
1625
1625
1625
1625
1625
1625
1625
1625
1625
1625
1625
1625
1625
1625
1625
1625
1625
1625
1625
1625
1625
1625
1625
1625
1625
1625
1625
1625
1625
1625
1625
1625
1625
1625
1625
1625
1625
1625
1625
1625
1625
1625
1625
1625
1625
1625
1625
1625
1625
1625
1625
1625
1625
1625
1625
1625
1625
1625
1625
1626
1626
1626
1626
1626
1626
1626
1626
1626
1626
1626
1626
1626
1626
1626
1626
1626
1626
1626
1626
1626
1626
1626
1626
1626
1626
1626
1626
1626
1626
1626
1626
1626
1626
1626
1626
1626
1626
1626
1626
1626
1626
1626
1626
1626
1626
1626
1626
1626
1626
1626
1626
1626
1626
1626
1626
1626
1626
1626
1626
1626
1626
1626
1626
1626
1626
1626
1626
1626
1626
1626
1626
1626
1626
1626
1626
1626
1626
1626
1626
1626
1626
1626
1626
1626
1626
1626
1626
1626
1626
1626
1626
1626
1626
1626
1626
1626
1626
1626
1626
1626
1626
1626
1626
1626
1626
1626
1626
1626
1626
1626
1626
1626
1626
1626
1626
1626
1626
1626
1626
1626
1626
1626
1626
1626
1626
1626
1626
1626
1626
1626
1626
1626
1626
1626
1626
1626
1626
1626
1626
1626
1626
1626
1626
1626
1626
1626
1626
1626
1626
1626
1626
1626
1626
1626
1626
1626
1626
1626
1626
1626
1626
1626
1626
1626
1626
1626
1626
1626
1626
1626
1626
1626
1626
1626
1626
1626
1626
1626
1626
1626
1626
1626
1626
1626
1626
1626
1626
1626
1626
1626
1626
1626
1626
1626
1626
1626
1626
1626
1626
1626
1626
1626
1626
1626
1626
1626
1626
1626
1626
1626
1626
1626
1626
1626
1626
1626
1626
1626
1626
1626
1626
1626
1626
1626
1626
1626
1626
1626
1626
1626
1626
1626
1626
1626
1626
1626
1626
1626
1626
1626
1626
1626
1626
1626
1626
1626
1626
1626
1626
1626
1626
1626
1626
1626
1626
1626
1626
1626
1626
1626
1626
1626
1626
1626
1626
1626
1626
1626
1626
1626
1626
1626
1626
1626
1626
1626
1626
1626
1626
1626
1626
1626
1626
1626
1626
1626
1626
1626
1626
1626
1626
1626
1626
1626
1626
1626
1626
1626
1626
1626
1626
1626
1626
1626
1626
1626
1626
1626
1626
1626
1626
1626
1626
1626
1626
1626
1626
1626
1626
1626
1626
1626
1626
1626
1626
1626
1626
1626
1626
1626
1626
1626
1626
1626
1626
1626
1626
1626
1626
1626
1626
1626
1626
1626
1626
1626
1626
1626
1626
1626
1626
1626
1626
1626
1626
1626
1626
1626
1628
1628
1628
1628
1628
1628
1626
1626
1626
1626
1626
1626
1626
1626
1626
1626
1626
1626
1626
1626
1626
1626
1626
1626
1626
1626
1626
1626
1626
1626
1626
1626
1626
1626
1626
1626
1626
1626
1626
1626
1626
1626
1626
1626
1626
1626
1626
1626
1626
1626
1626
1626
1626
1626
1626
1626
1626
1626
1626
1626
1626
1626
1626
1626
1626
1626
1626
1626
1626
1626
1626
1626
1626
1626
1626
1626
1626
1626
1626
1626
1626
1626
1626
1626
1626
1626
1626
1626
1626
1626
1626
1626
1626
1626
1626
1626
1626
1626
1626
1626
1626
1626
1626
1626
1626
1626
1626
1626
1626
1626
1626
1626
1626
1626
1626
1626
1626
1626
1626
1626
1626
1626
1626
1626
1626
1626
1626
1626
1626
1626
1626
1626
1626
1626
1626
1626
1626
1626
1626
1626
1626
1626
1626
1626
1626
1626
1626
1626
1626
1626
1626
1626
1626
1626
1626
1626
1626
1626
1626
1626
1626
1626
1626
1626
1626
1626
1626
1626
1626
1626
1626
1626
1626
1626
1626
1626
1626
1626
1626
1626
1626
1626
1626
1626
1626
1626
1626
1626
1626
1626
1626
1626
1626
1626
1626
1626
1626
1626
1626
1626
1626
1626
1626
1626
1626
1626
1626
1626
1626
1626
1626
1626
1626
1626
1626
1626
1626
1626
1626
1626
1626
1626
1626
1626
1626
1626
1626
1626
1626
1626
1626
1626
1626
1626
1626
1626
1626
1626
1626
1626
1626
1626
1626
1626
1626
1626
1626
1626
1626
1626
1626
1626
1626
1626
1626
1626
1626
1626
1626
1626
1626
1626
1626
1626
1626
1626
1626
1626
1626
1626
1626
1626
1626
1626
1626
1626
1626
1626
1626
1626
1626
1626
1626
1626
1626
1626
1626
1626
1626
1626
1626
1626
1626
1626
1626
1626
1626
1626
1626
1626
1626
1626
1626
1626
1626
1626
1626
1626
1626
1626
1626
1626
1626
1626
1626
1626
1626
1626
1626
1626
1626
1626
1626
1626
1626
1626
1626
1626
1626
1626
1626
1626
1626
1626
1626
1626
1626
1626
1626
1626
1626
1626
1626
1626
1626
1626
1626
1626
1626
1626
1626
1626
1626
1626
1626
1626
1626
1626
1626
1626
1626
1626
1626
1626
1626
1626
1626
1626
1626
1626
1626
1626
1626
1626
1626
1626
1626
1626
1626
1626
1626
1626
1626
1626
1626
1626
1626
1626
1626
1626
1626
1626
1626
1626
1626
1626
1626
1626
1626
1626
1626
1626
1626
1626
1626
1626
1626
1626
1626
1626
1626
1626
1626
1626
1626
1626
1626
1626
1626
1626
1626
1626
1626
1626
1626
1626
1626
1626
1626
1625
1625
1625
1625
1625
1625
1625
1625
1625
1625
1625
1625
1625
1625
1625
1625
1625
1625
1625
1625
1625
1625
1625
1625
1625
1625
1625
1625
1625
1625
1625
1625
1625
1625
1625
1625
1625
1625
1625
1625
1625
1625
1625
1625
1625
1625
1625
1625
1625
1625
1625
1625
1625
1625
1625
1625
1625
1625
1625
1625
1625
1625
1625
1625
1625
1625
1625
1625
1625
1625
1625
1625
1625
1625
1625
1625
1625
1625
1625
1625
1625
1625
1625
1625
1625
1625
1625
1625
1625
1625
1625
1625
1625
1625
1625
1625
1625
1625
1625
1625
1625
1625
1625
1625
1625
1625
1625
1625
1625
1625
1625
1625
1625
1625
1625
1625
1625
1625
1625
1625
1625
1625
1625
1625
1625
1625
1625
1625
1625
1625
1625
1625
1625
1625
1625
1625
1625
1625
1625
1625
1625
1625
1625
1625
1625
1625
1625
1625
1625
1625
1625
1625
1625
1625
1625
1625
1625
1625
1625
1625
1625
1625
1625
1625
1625
1625
1625
1625
1625
1625
1625
1625
1625
1625
1625
1625
1625
1625
1625
1625
1625
1625
1625
1625
1625
1625
1625
1625
1625
1625
1625
1625
1625
1625
1625
1625
1625
1625
1625
1625
1625
1625
1625
1625
1625
1625
1625
1625
1625
1625
1625
1625
1625
1625
1625
1625
1625
1625
1625
1625
1625
1625
1625
1625
1625
1625
1625
1625
1625
1625
1625
1625
1625
1625
1619
1619
1619
1619
1619
1619
1619
1619
1619
1619
1619
1619
1619
1619
1619
1619
1619
1619
1619
1619
1619
1619
1619
1619
1619
1619
1619
1619
1619
1619
1619
1619
1619
1619
1619
1619
1619
1619
1619
1619
1619
1619
1619
1619
1619
1619
1619
1619
1619
1619
1619
1619
1619
1619
1619
1619
1619
1619
1619
1619
1619
1619
1619
1619
1619
1619
1619
1619
1619
1619
1619
1619
1619
1619
1619
1619
1619
1619
1619
1619
1619
1619
1619
1619
1619
1619
1619
1619
1619
1619
1619
1619
1619
1619
1619
1619
1619
1619
1619
1619
1619
1619
1619
1619
1619
1619
1619
1619
1619
1619
1619
1619
1619
1619
1619
1619
1619
1619
1619
1621
1621
1621
1621
1621
1621
1621
1621
1621
1621
1619
1619
1619
1619
1619
1619
1619
1619
1619
1619
1619
1619
1619
1619
1619
1619
1619
1619
1619
1619
1619
1619
1619
1619
1619
1619
1619
1619
1619
1619
1619
1619
1619
1619
1619
1619
1619
1619
1619
1619
1619
1619
1619
1619
1619
1619
1619
1619
1619
1619
1619
1619
1619
1619
1619
1619
1619
1619
1619
1619
1619
1619
1619
1619
1619
1619
1619
1619
1619
1619
1619
1619
1619
1619
1619
1619
1619
1619
1619
1619
1619
1619
1619
1619
1619
1619
1619
1619
1619
1619
1619
1619
1619
1619
1619
1619
1619
1619
1619
1619
1619
1619
1619
1619
1619
1619
1619
1619
1619
1619
1619
1619
1619
1619
1619
1619
1619
1619
1619
1619
1619
1619
1619
1619
1619
1619
1619
1619
1619
1619
1619
1619
1619
1619
1619
1619
1619
1619
1619
1619
1619
1619
1619
1619
1619
1619
1619
1619
1619
1619
1619
1619
1619
1619
1619
1619
1619
1619
1625
1625
1625
1625
1625
1625
1625
1625
1625
1625
1625
1625
1625
1625
1625
1625
1625
1625
1625
1625
1625
1625
1625
1625
1625
1625
1625
1625
1625
1625
1625
1625
1625
1625
1625
1625
1625
1625
1625
1628
1628
1628
1628
1628
1628
1628
1628
1628
1628
1628
1628
1628
1628
1628
1628
1628
1628
1628
1628
1628
1628
1628
1628
1628
1628
1628
1628
1628
1628
1628
1628
1628
1628
1628
1628
1628
1628
1628
1628
1628
1628
1628
1628
1628
1630
1630
1630
1630
1630
1630
1630
1630
1630
1630
1630
1630
1630
1630
1630
1630
1630
1628
1628
1628
1628
1628
1628
1628
1628
1628
1628
1628
1628
1628
1628
1628
1628
1628
1628
1628
1628
1628
1628
1628
1628
1628
1628
1628
1628
1628
1628
1628
1628
1628
1628
1628
1628
1628
1624
1624
1624
1624
1624
1624
1624
1624
1624
1624
1624
1624
1624
1624
1624
1624
1624
1624
1624
1624
1624
1624
1624
1624
1624
1624
1624
1624
1624
1624
1624
1624
1624
1624
1624
1624
1624
1624
1624
1624
1624
1624
1624
1624
1624
1624
1624
1624
1624
1624
1624
1624
1624
1624
1624
1624
1624
1624
1624
1624
1624
1624
1624
1624
1624
1624
1624
1624
1624
1624
1624
1624
1624
1624
1624
1624
1624
1624
1624
1624
1624
1624
1624
1624
1624
1624
1624
1624
1624
1624
1624
1624
1624
1624
1624
1624
1624
1624
1624
1624
1624
1624
1624
1624
1624
1624
1624
1624
1624
1624
1624
1624
1624
1624
1624
1624
1624
1624
1624
1624
1624
1624
1624
1624
1624
1624
1624
1624
1624
1624
1624
1624
1624
1624
1624
1624
1624
1624
1624
1624
1624
1624
1624
1624
1624
1624
1624
1624
1624
1624
1624
1624
1624
1624
1624
1624
1624
1624
1624
1624
1624
1624
1624
1624
1624
1624
1624
1624
1624
1624
1624
1624
1624
1624
1624
1624
1624
1624
1624
1624
1624
1624
1624
1624
1624
1624
1624
1624
1624
1624
1624
1624
1624
1624
1624
1624
1624
1624
1624
1624
1624
1624
1624
1624
1624
1624
1624
1624
1624
1624
1624
1624
1624
1624
1624
1624
1624
1624
1624
1624
1624
1624
1624
1624
1624
1624
1624
1624
1624
1624
1624
1624
1624
1624
1624
1624
1624
1624
1624
1624
1624
1624
1624
1624
1624
1624
1624
1624
1624
1624
1624
1624
1624
1624
1624
1624
1624
1624
1624
1624
1624
1624
1624
1624
1624
1624
1624
1624
1624
1624
1624
1624
1624
1624
1624
1624
1624
1624
1624
1624
1624
1624
1624
1624
1624
1624
1624
1624
1624
1624
1624
1624
1624
1624
1624
1624
1624
1624
1624
1624
1624
1624
1624
1624
1624
1624
1624
1624
1624
1624
1624
1624
1624
1624
1624
1624
1624
1624
1624
1624
1624
1624
1624
1624
1624
1624
1624
1624
1624
1624
1624
1624
1624
1624
1624
1624
1624
1624
1624
1624
1624
1624
1624
1624
1624
1624
1624
1624
1624
1624
1624
1624
1624
1624
1624
1624
1624
1624
1624
1624
1624
1624
1624
1624
1624
1624
1624
1624
1624
1624
1624
1624
1624
1624
1624
1624
1624
1624
1624
1624
1624
1624
1624
1624
1624
1624
1624
1624
1624
1624
1624
1624
1624
1624
1624
1624
1624
1624
1624
1624
1624
1624
1624
1624
1624
1624
1624
1624
1624
1624
1624
1624
1624
1624
1624
1624
1624
1624
1624
1624
1624
1624
1624
1624
1624
1624
1624
1624
1624
1624
1624
1624
1624
1624
1624
1624
1624
1624
1625
1625
1625
1625
1625
1625
1625
1625
1625
1625
1631
1631
1631
1631
1631
1631
1631
1631
1631
1631
1631
1631
1631
1631
1631
1631
1631
1631
1631
1631
1631
1631
1630
1630
1630
1630
1630
1630
1630
1630
1630
1630
1630
1630
1630
1630
1630
1630
1630
1630
1630
1630
1630
1630
1630
1630
1630
1630
1630
1630
1630
1630
1630
1630
1630
1630
1630
1630
1630
1630
1630
1630
1630
1630
1630
1630
1630
1630
1630
1630
1630
1630
1630
1630
1630
1630
1630
1630
1630
1630
1630
1630
1639
1639
1639
1639
1639
1639
1639
1639
1639
1639
1639
1639
1639
1639
1639
1639
1639
1639
1639
1639
1639
1639
1639
1639
1639
1639
1639
1639
1639
1639
1639
1639
1639
1628
1628
1628
1628
1628
1628
1628
1628
1628
1628
1628
1628
1628
1628
1628
