2024
2024
1976
2030
1974
1974
2068
2042
2021
1950
1939
1980
2028
2049
2042
2049
1997
1997
2059
1984
1931
1991
1917
1910
1859
1917
1926
2027
2094
2048
2199
2116
2110
2123
2109
2194
2194
2176
2230
2151
2170
2204
2166
2127
2124
2124
2084
2085
2119
1998
2028
2033
2186
2176
2117
2020
2041
2061
2004
2008
2041
2041
2028
2029
1986
1948
1902
1893
1878
1901
1884
1887
1880
1972
1989
2011
2030
1978
1973
1976
1941
1924
1895
1895
1895
1935
1926
1907
1841
1841
1828
1828
1854
1949
1962
1903
1907
1945
1949
1949
1968
1964
1977
2030
2069
1981
1981
1979
2008
1970
1968
1944
1976
1976
1929
1875
1887
1818
1887
1874
1975
1911
1911
1902
1902
1931
1897
1949
1963
1963
1891
1834
1879
1874
1874
1915
1895
1890
1928
2021
1981
1955
2044
2008
1995
1995
1988
2027
2066
2060
2060
2060
2056
2043
2009
2027
2027
1996
2005
2005
2001
2001
2007
2086
2015
1969
1969
2027
2036
1969
1929
1929
1974
1908
1882
1950
2034
2034
2171
2140
2140
1972
1946
1968
2074
2074
2074
1995
2040
2040
2040
1983
1943
1931
1989
2043
2070
2072
2064
2073
2077
2056
2028
2028
2013
1997
2058
2048
2055
2075
2090
1980
2058
2028
2130
2093
2033
2005
2005
2015
1959
1967
1968
1952
2065
2083
2101
2113
2090
2129
2151
2098
2095
2071
2054
2076
2073
2133
2152
2176
2055
1993
2017
2038
2038
2045
2079
2132
2127
2138
2058
2049
2022
2063
2117
2134
2074
2063
2058
2081
2081
2081
1994
1973
2055
2027
2015
1982
1982
1958
1977
1980
1980
1934
1927
1987
1949
1937
1912
1912
1952
1934
1928
1945
1904
1904
1904
1949
2021
2054
2054
2038
1987
1992
2031
2034
2053
2105
2172
2166
2176
2150
2150
2148
2218
2211
2210
2174
2078
1975
1974
1997
2056
1952
1980
1961
1950
1950
2061
2052
2065
2070
2107
2096
2096
2177
2143
2143
2162
2139
2182
2118
2034
2035
1995
2007
2007
2054
2054
2046
2065
2082
2011
2054
2000
2019
2069
2087
2009
2069
2052
2067
2068
2028
2028
2009
1971
1971
1962
1962
1962
1940
1909
1920
1923
2023
1942
1965
1904
2045
2056
1961
1952
1983
1983
2022
2047
2040
2040
2000
1997
1969
2013
2063
2128
2107
2107
2013
1964
1966
1934
1966
2056
1985
1985
2031
2031
2057
2033
2070
2070
2162
2090
2098
2106
2106
2040
2063
2021
2007
2052
2023
2059
1949
2024
2020
1952
2008
1972
1972
1991
1991
1961
1961
2029
1953
2074
2030
2040
2051
2051
2033
1968
2074
2025
2025
2006
2006
1970
1857
1930
1918
1922
2013
1958
1897
2000
2030
2039
2039
2069
2054
2110
2139
2077
2121
2062
2052
2107
2036
1986
1981
1968
1944
1910
1989
1933
1933
1933
1986
2004
1988
1988
1998
2134
2091
2032
2032
2032
2073
2073
2077
2020
2035
2058
2043
2000
2032
2076
2024
2024
2024
2024
2041
1992
1991
1991
2039
1975
1956
1999
2030
2053
2032
1974
1876
1885
1930
1930
1942
1909
1900
1895
1958
1991
2011
2034
2002
1937
1914
1954
1937
1919
1900
1898
1898
1883
1925
1981
1996
1996
1996
1895
1884
1884
1972
2015
2023
2087
2087
2037
2024
2089
2105
2105
2072
2089
1917
1930
1897
2001
1948
1949
1966
1966
2007
2032
2097
2049
2074
2046
1941
2027
2037
2000
1954
2079
2101
2090
2109
2078
2078
2053
2106
1968
1964
2001
2098
2063
2074
2052
2018
2018
2046
2042
2074
1982
1989
2010
2010
2097
2091
2059
2033
2033
1964
2024
2025
2027
2039
2035
1996
2005
2005
2016
2005
2068
2139
2118
2049
2049
2055
2054
2054
2005
1993
1946
1958
1991
2000
2096
2096
1975
2034
2006
1893
1818
1818
1840
1967
1968
1932
1932
1932
1948
1954
1953
1931
1934
1999
1993
1993
1961
1868
1868
1939
1857
1857
1872
1874
1968
1968
1922
1956
1920
1936
2037
2071
2053
2049
2068
1990
1956
1956
1954
1947
1969
1988
1938
1972
2056
2056
2110
2104
2019
2029
2000
1958
1997
1944
1921
1910
1940
1916
1928
1966
1974
1978
1932
1927
1893
1899
1952
1837
1952
2027
2027
2027
2027
2028
1958
1939
1939
1939
1968
1968
1902
1913
1946
1946
1946
1975
1954
1980
1954
1954
1978
1978
1951
1974
2054
2054
2006
2019
1944
2008
2008
1997
1997
1964
1910
1926
1926
1926
1884
1879
1879
1878
1878
1856
1915
1936
1957
1956
1956
2031
2047
2030
1983
1983
2040
2001
2001
1975
2050
1984
2023
2029
2046
2059
2039
2039
2039
1966
1962
1988
1958
1911
1911
1994
2005
2005
2005
2005
2025
1936
1894
1937
1942
1981
1981
1959
1966
2138
2104
2084
2081
2053
2034
1953
1953
1939
2030
1974
1992
1971
1971
2006
2013
1996
1996
2004
2061
1942
1963
1963
1944
1959
1985
2035
2010
2049
2040
2097
2116
2113
2113
2061
2074
2035
1940
2002
1974
2015
1966
1960
2009
2007
2018
2031
2031
2103
2096
2147
2184
2212
2186
2212
2181
2181
2185
2160
2201
2201
2156
2144
2120
2055
2137
2184
2031
2045
2001
1950
1945
1945
1926
1922
1989
2025
2020
1982
1972
2006
1984
1942
1943
1974
1932
1974
1930
2029
2084
2020
1964
2075
1990
1887
1964
1941
1941
1991
1938
1930
1846
1865
1918
1865
1907
1907
1875
1875
1901
1906
1994
1994
1983
1920
1875
1901
1901
1846
1828
1933
1961
1946
1923
1961
1952
1906
1906
1993
2081
2086
2111
2139
2068
1956
1968
1944
1942
1942
2005
1942
1947
1969
1969
1954
1931
1939
1916
1927
1955
1955
1888
1832
1840
1820
1871
1877
1832
1843
1822
1838
1838
1845
1877
1922
1909
1861
1897
1897
1891
1868
1918
2003
1948
1948
1971
1913
1913
1980
1970
1979
1950
1968
2040
2038
2028
2027
2113
2034
2021
1951
1977
2006
1964
1964
1970
2050
2096
2103
2118
2035
2035
2028
2189
2114
2126
1997
1987
2113
2137
2076
2068
2084
2061
2052
2001
1996
2042
2055
2076
2009
2026
1985
2020
1932
1939
1919
1916
1894
1998
1966
1972
1938
1970
1966
1968
1968
2028
2028
1949
1896
1853
1853
1844
1892
1894
1888
1888
1881
1933
2054
2064
2000
2005
2011
2000
1986
1980
1986
2036
2013
2108
2120
2086
1958
2016
1986
1946
1946
1977
2011
1950
1950
2055
2055
1960
1994
2026
2050
2099
2081
2035
2042
2061
2002
2002
1940
1940
1905
1889
1917
1914
1917
1925
1925
1862
1878
1916
1891
1909
1909
1921
1944
1983
1984
1984
1955
1978
2021
1971
1920
1942
1939
1949
1970
1937
1937
1935
1935
1935
1990
1945
1987
2044
2022
2000
2075
2075
2086
2101
2166
2155
2180
2190
2101
2101
2101
2027
2085
2138
2211
2268
2245
2258
2187
2099
2037
2097
2140
2140
2140
2140
2124
2093
2134
2096
2152
2085
2059
2059
2046
2046
2058
1976
2003
2001
1971
1990
2017
2048
2118
2041
2041
2056
2013
2043
2041
2013
1978
1960
1974
1960
1943
1940
1957
1968
1981
1981
1976
2053
2000
2000
2050
2068
2068
2054
2018
1982
2004
1982
1947
1986
1993
1960
2020
2021
2028
1959
1922
2063
2164
2133
2159
2111
2253
2243
2243
2228
2195
2097
2099
2164
2164
2153
2075
2042
2038
2100
2071
2021
2041
2081
2081
2106
2039
2003
1987
1987
2015
1991
2067
2061
2069
2012
2027
2058
2105
2107
2014
1977
1958
1958
1958
1988
1986
2009
1955
1991
1991
1930
1980
1980
1911
1899
1899
1985
2069
2090
2119
2131
2131
2094
2128
2047
2075
2075
2054
2058
2062
2070
2070
2000
2000
1962
1946
1873
1873
1873
1934
1956
1960
1964
1964
1964
1943
1895
1863
1930
1944
1944
1961
1996
1943
1957
1966
1966
1985
2010
2001
2047
2021
2021
1945
1931
1931
1958
1968
1931
1972
1965
1965
1973
2009
2101
2073
2022
2026
1996
2023
1980
1966
1998
1968
1968
1966
2010
2010
2009
1956
1964
1923
1901
1919
1858
1865
1857
1862
1852
1871
1935
1919
1919
1871
1971
1918
1918
1975
2035
2042
2042
1986
1944
1947
1949
1927
1899
1899
1899
1912
1942
1975
1958
2028
2028
2028
2026
2029
2007
1996
1996
2016
2056
2042
2038
1967
1987
1988
1960
1998
1998
1953
1984
2005
1983
1932
1923
1957
1957
2012
2012
2008
1911
1925
1940
1909
1909
1892
1880
1925
1882
1902
2014
1983
1965
2076
2076
2036
2067
2075
2065
2034
2065
2108
2003
2020
2094
2034
2016
2034
2047
2047
2097
2211
2175
2073
2057
2124
2216
2160
2216
2182
2182
2200
2150
2150
2108
2077
2033
2097
2075
2142
2018
2018
2031
2052
2027
1962
2009
2009
2094
2094
2094
2094
2052
1932
1896
1981
1978
1978
1951
1970
1959
2003
1975
2014
1977
1927
1946
1971
2006
2060
2092
2107
2041
2041
1892
1888
1969
1948
1957
1955
2026
2035
2005
1929
1929
1910
1913
1951
1912
1912
1964
2004
1939
1942
1926
1940
1986
2007
1997
1997
2003
2003
2003
2006
2067
2067
2026
1968
1981
1970
1975
2039
2039
2025
1998
2084
2113
2041
2100
2084
2045
2007
1975
1955
2000
1971
1963
2014
1940
1946
1951
1956
1892
1961
1954
1982
1982
1989
2093
2112
2002
1981
1958
1958
1958
1912
1943
1943
1907
2014
1950
1963
2010
1954
1964
1947
1947
1977
1910
1981
1980
2019
1938
1981
1980
2044
2015
1975
1999
1966
1936
1985
1985
1998
2002
2017
1980
1982
1948
1942
2032
2029
1953
2057
2025
2037
2049
2044
2089
2113
2166
2116
2053
2083
2119
2144
2140
2040
1962
1993
2004
1919
1958
2036
2036
2002
1993
2000
2033
2028
2028
2026
1988
2009
2009
1951
1952
1952
1969
2002
2043
1997
2019
2028
2097
2105
2001
1978
1985
1985
1985
1930
1960
1990
1970
1970
1975
2001
1990
1954
1954
1967
2000
2025
2046
2023
2026
1964
1967
1982
1982
1962
1962
1941
1981
1905
1961
1975
1900
1900
1939
1944
1951
1955
2053
2053
2066
2069
2058
2052
1996
2078
2004
2060
2083
2051
2050
2011
2120
2123
2119
2129
2081
2106
2149
2149
2149
2156
2170
2015
2095
2043
2095
2080
2163
2105
2054
2082
2042
2007
2034
2034
1962
1955
1994
2023
1966
1934
1934
1934
1907
1952
2044
2069
2052
2052
2037
2058
2066
1993
2035
1971
1998
2045
1955
1994
1969
2007
1998
1983
1982
1995
2055
2070
2177
2064
2051
2001
2021
2042
1951
2031
2082
2082
2002
1923
1923
1989
1941
1985
1983
1983
1986
1996
1948
1937
1910
2032
2004
2004
2023
1987
1967
1961
1992
1875
1950
1950
1981
1918
1914
1856
1857
1813
1852
1852
1909
1908
1881
1881
1870
1888
1918
1913
1961
2048
2061
2017
2072
2097
2093
2116
2013
1968
2030
2040
2085
2080
2074
2084
2013
2066
2074
2041
2075
2125
2047
2025
2050
1994
1950
1950
2032
1961
1943
2047
2058
2058
2045
2101
2164
2101
2131
2070
2067
2026
2023
2007
2019
2034
2121
2096
2028
2006
2006
1890
1890
1890
1930
1960
1949
1949
1929
1929
1948
1948
1986
1989
2093
2093
2120
2168
2157
2024
2024
2067
2067
2127
2050
1942
1916
2094
2094
2105
2145
2115
2114
2114
2125
2128
2109
2091
2091
2097
2112
2076
2060
2060
1994
1994
1971
1886
1886
1903
1915
2034
1934
1934
1934
1897
1897
1948
1895
1948
1947
1947
2012
2013
1907
1907
1886
1852
1852
1870
1883
1883
1918
1918
1881
1907
1912
1865
1972
1972
1972
1986
1921
1908
1908
1923
1932
1998
2013
2048
2069
1950
1954
2049
1991
2000
1994
1990
1989
1974
2038
1980
1980
1894
1906
1894
1895
1956
1997
1965
1992
1992
1992
1995
1931
1920
1914
1912
1932
1911
1919
1946
1934
1985
2028
2028
2023
2062
2045
1939
1943
1914
1961
2006
1995
1972
1964
1933
1934
1948
1960
1933
1940
1947
1957
1945
1980
1972
1930
1989
1951
1975
2104
2079
2109
2109
2104
2104
2061
2139
2117
2117
2078
2040
2058
2090
2080
2106
2106
2150
2157
2104
2070
2094
2106
2085
2086
2029
2053
2053
2049
2014
2014
1955
1953
1941
2021
2104
2117
2113
2122
2122
2122
2130
2130
2136
2136
2108
2043
1997
2022
2128
2089
2107
2201
2031
2031
2063
2073
2066
2065
2070
2105
2098
2125
2130
2115
2109
2109
2069
2059
2075
1956
1906
1906
1906
1914
1886
1851
1861
1954
1928
1966
1970
2087
1970
2044
2048
1998
1998
1947
1984
1995
1942
1942
2008
2002
2010
2094
2103
2140
2150
2095
2091
2115
2194
2124
2106
2056
2056
2005
2053
2019
2045
2079
2061
2104
2100
2129
2117
2177
2203
2189
2129
2142
2142
2157
2077
2051
1980
1980
1975
1915
1989
2058
2039
2041
2006
2026
2100
2100
2068
2068
1993
1998
2034
2026
2000
2026
1965
1954
1929
1944
1914
1962
1962
1978
1972
1977
1945
2035
2035
2052
2058
2058
2066
2066
2060
2060
2085
2036
2033
1971
1915
1942
1911
1981
1981
1901
1892
1892
1919
1919
1961
1865
1845
1971
2050
2040
2040
2028
2003
2074
2080
1967
1937
2003
2003
2029
2054
2066
2066
2066
2088
2113
2113
2113
2130
2122
2074
2011
2047
2047
1967
1932
1885
1935
1936
1938
1938
1938
1932
1959
1975
2053
2060
2051
1961
2005
1954
1974
2019
1908
1930
1861
1949
1861
1861
1861
1848
1848
1848
1848
1848
1885
1955
2000
1902
1872
1874
1874
1904
1874
1874
1891
1891
1891
1918
1960
1969
1969
2068
2060
2040
2010
1975
1975
1942
2021
2037
2097
2041
1945
2036
2008
1963
1912
1912
1922
1920
1937
2021
1905
1949
1974
1965
1968
1953
1953
1921
1977
1915
1887
1865
1949
1947
1965
1965
2033
2067
2085
2085
2104
2143
2143
2075
2000
2009
2009
2009
2073
2100
2100
2100
2090
2053
1994
1994
2007
1947
1952
1952
2027
1993
2009
2059
2015
2009
2021
1997
2004
2033
2043
2043
2024
2029
2029
2016
1962
1951
1951
1951
1938
1983
1910
1981
1981
1981
1981
1939
1947
1989
1965
1971
1971
1971
2042
2049
2064
2064
2054
2061
2020
2030
2030
1983
2009
2005
2058
2069
1991
1991
1977
1972
2008
1999
2022
2006
1963
2018
2060
2060
2008
2035
2049
2058
2064
2074
2085
2113
1997
2054
2054
2058
2044
2044
2113
2133
2123
2126
2091
2055
2086
2143
2074
2060
2132
2132
2102
2102
2128
2128
2112
2165
2094
2048
2043
1989
2040
1998
2025
1981
1981
1976
1976
1981
1950
2015
2040
2007
2063
2050
2006
2004
1961
2011
2109
2130
2130
2123
2123
2040
2002
2003
2000
1969
2008
1981
1975
2002
2030
2057
1986
1967
2032
1992
2021
2017
1987
1952
1952
2006
2017
2017
1963
1963
1963
2058
2098
2061
2113
2041
2093
2036
2036
2124
2134
2060
2102
1946
2039
1956
1984
1973
1936
2041
1970
1946
1964
1919
1964
1964
1930
1977
1936
1937
1910
1910
1915
1934
1986
2004
2004
2014
2014
1907
1961
1961
1961
1961
1961
1915
1921
1921
1921
1908
1929
1954
1992
2054
2054
2030
1980
2051
2040
1969
1951
1970
2014
2032
2030
2026
2026
2027
1994
1994
1939
1917
1884
1963
1962
1962
1918
1959
1987
1987
1919
1888
1869
1869
1888
1898
1896
1953
1996
1919
1933
1933
1960
1882
1953
1973
1973
1973
1948
2035
2017
1974
1923
1948
1844
1935
1928
2033
2024
2014
2080
2026
2026
2038
2075
1990
1978
2008
2008
1987
1987
1938
1941
2030
2053
2048
2065
2093
2098
2089
2023
2023
1976
1976
1949
1948
1927
1997
2002
2062
2062
2030
1958
1958
1946
1946
1946
1924
1968
1911
1880
1939
1939
1987
1977
1931
1865
1871
1877
1876
1896
1959
1959
1981
1949
2021
2023
2024
2023
2026
2106
2026
2026
2053
1991
2020
2019
2019
2058
1990
2036
2052
2022
2122
2061
2076
2061
2061
1984
2040
2033
2033
2060
2060
2118
2138
2138
2104
2075
2074
2190
2144
2051
2020
2022
2006
2015
2071
2087
2042
1997
1975
1975
1975
2045
1992
1886
1886
1846
1769
1769
1775
1830
1830
1882
1833
1809
1854
1832
1832
1832
1901
1950
1900
1899
1911
1835
1835
1794
1794
1794
1794
1899
1899
1899
1899
1884
1884
1833
1909
1909
1976
1970
1921
1917
1823
1867
1916
1936
1914
1969
1969
1875
1875
1909
1871
1938
1955
1965
1998
2008
2061
2029
2029
2029
2029
2024
2017
1953
1942
1954
1894
1937
1956
1917
1917
1965
2007
2007
1979
2003
2003
2074
2074
2083
2083
2083
2081
2127
2099
2115
2183
2183
2176
2176
2176
2147
2124
2094
2059
2055
2059
2034
2034
2042
2042
2039
2028
1947
1976
2098
1983
2009
1966
1983
1958
1958
1958
2017
1997
2017
1991
1988
2000
2040
2040
1970
2003
1935
1968
1940
1991
2005
1951
1951
1911
1917
1952
1954
1954
1948
1920
1873
1877
1887
1887
1901
1974
1990
1990
2067
1976
1973
2011
1985
2063
2063
1946
2041
2052
2053
2024
2024
2029
2005
1943
1963
1943
1950
1976
1976
1986
1914
1901
1943
1925
1922
1951
2009
1962
1997
1964
1964
2041
1950
1944
1944
2026
2118
2073
2094
2139
2092
2122
2145
2152
2140
2166
2179
2110
2056
2108
2024
2010
2010
1994
1950
1950
1950
1971
1922
1949
1978
1997
1978
1987
1966
1935
1934
1934
1940
2055
2041
2056
2066
2115
2104
2034
2018
1946
2037
2046
2046
2066
2076
2067
2055
1976
2031
1996
2030
1963
1987
1945
1986
1986
1899
1902
1902
1956
1936
1957
1932
1951
2008
1986
1940
2002
1985
1929
1929
1886
1884
1888
1888
1939
1940
1937
1963
2028
2115
2129
2066
2006
2051
2051
2019
2037
2054
2043
1957
2024
2041
2056
2038
1976
1971
1997
1990
2111
2091
2114
2159
2146
2118
2163
2102
2087
2139
2167
2128
2092
2034
2034
2015
1958
1948
1997
1950
2006
2006
1972
1963
1985
1985
1936
1938
1920
1972
1972
1960
1960
1960
1960
1973
2011
2013
1982
2014
2032
2037
2150
2132
2214
2197
2180
2142
2142
2144
2014
2052
2044
2066
2066
1962
1925
1930
1909
1909
1909
1895
1895
1969
1969
1974
2050
2036
2023
1983
1967
1982
1976
2032
2080
2063
2015
2024
2020
2020
1954
1954
1981
2004
2020
2020
1993
1989
1989
2027
2027
1994
1955
1975
2008
2008
2078
2105
2021
1969
1969
1969
1956
2035
2145
2164
2164
2081
2087
2087
2125
2076
2071
2134
2134
2048
2046
2026
2026
2026
2084
2056
2056
2044
2027
2027
2053
2070
2070
2091
2048
2033
1995
1995
1995
1995
2056
2000
1974
1996
2004
2033
2073
2082
2083
2083
2110
2106
2089
2114
2077
2077
1953
1953
1977
1996
1904
1913
1913
1966
1966
1966
1952
2046
2034
1954
1954
2001
2001
2086
2017
2076
2059
2088
2099
2028
2121
2057
2119
2084
2062
2062
2030
1996
1996
2013
2013
1989
1997
1994
1897
1913
1846
1882
1882
1858
1858
1858
1896
1902
1911
1934
1926
2019
2019
2053
1979
2044
2043
2078
2082
2082
2033
2033
2033
2033
2012
2019
2036
2036
1976
1955
1870
1870
1947
1965
1897
1955
1955
1955
1955
1955
1989
1989
1997
2128
2134
2178
2151
2145
2145
2125
2096
2042
2004
2023
2023
2004
1996
1984
1965
1974
1972
1988
1999
2046
2116
2140
2170
2132
2051
2000
1911
1911
1927
1963
1927
1929
1969
1969
1940
1920
1920
1920
1920
1955
1984
1984
1940
1877
1903
1954
1928
1941
1941
1963
1928
1928
1882
1882
1882
1899
1881
1881
1903
1903
1916
1869
1908
1890
1864
1864
1942
1907
1942
1960
1960
1960
1960
1971
1977
1954
1891
1890
1884
1902
1902
1902
1899
1889
1889
1871
1883
1963
1963
1963
2067
2066
2012
2012
1996
2019
2019
1996
1931
2031
2031
1992
1980
1940
1931
1931
1878
1886
1903
1882
1882
1897
1897
1897
1988
1994
1970
1978
2103
2139
2094
1940
1960
1933
1911
1948
1948
1948
1911
1945
1945
2093
2069
2076
2019
2049
2119
2119
2129
2088
2101
2105
2105
2105
2061
2077
2085
2088
2111
2071
2071
2073
2073
2094
2039
2113
2113
2055
2025
1975
1936
1989
2023
1948
2011
1974
2056
2111
2037
1993
1942
1942
1954
1951
1907
1895
1876
1836
1813
1813
1813
1813
1813
1813
1823
1862
1881
1881
1872
1872
1862
1862
1904
1864
1848
1892
1874
1874
1883
1883
1883
1883
1886
1884
1903
1869
1869
1944
1944
1972
2026
2060
2067
1967
1967
1918
1906
1936
1936
1926
1862
1845
1845
1845
1834
1856
1862
1829
1826
1826
1826
1831
1813
1831
1885
1911
1943
1942
1885
1844
1857
1937
1898
1898
1883
1883
1903
1891
1891
1891
1891
1906
1950
1987
2046
1984
1984
2006
1985
1985
1904
1904
1904
1882
1879
1879
1879
1822
1857
1832
1788
1841
1841
1857
1857
1890
1890
1890
1919
1945
1964
1964
1977
1977
1978
1958
1902
1902
1951
1947
1942
1942
1898
1834
1834
1834
1981
1981
1943
2000
2011
1958
1983
1999
1983
1877
1879
1879
1846
1846
1912
1912
1902
1948
1948
1958
1974
1970
1991
2047
2108
2138
1995
1995
2027
1957
1957
1951
1923
1907
1930
1931
1931
2001
2001
1972
1933
1933
1884
1884
1919
1915
1915
1915
1915
1915
1930
1921
1921
1963
1963
1963
1992
2053
2053
2047
2066
2021
1985
1973
1973
1973
1988
2020
1997
2086
2030
1987
1873
1860
1860
1833
1896
1856
1869
1885
1885
1885
1903
1903
1949
1935
1985
1993
2029
1961
1988
1988
1988
1952
1913
1913
1877
1970
1978
1982
2005
2073
2113
2097
2044
2037
2034
2022
2111
2104
2104
2067
2123
2082
2119
2135
2167
2249
2296
2212
2207
2210
2161
2075
2034
2020
1977
1977
1977
1997
1997
2016
2018
2018
1941
1941
1935
1935
1997
2136
2103
2106
2077
2058
2094
2100
2086
2026
2026
2026
2026
2016
1956
1956
1957
1957
1908
1862
1880
1866
1866
1862
2035
1862
1878
1930
1932
1954
1945
1945
2059
2013
2021
2001
1986
1968
1968
1968
1987
1984
1914
1905
1905
1891
1915
1915
1915
1919
1982
1966
1998
1898
1898
1898
1898
1898
1914
1914
1907
1929
1929
1941
1910
2037
2006
2038
2091
2091
1994
1985
1932
1950
1974
1960
1924
1916
1939
1922
2012
1966
1915
1915
1915
1949
2004
2007
2007
2046
1953
1953
1929
1929
1929
1936
1910
1951
1988
2027
2027
2027
1998
1934
1913
1949
1989
1953
1960
1939
1939
1988
1918
1918
1918
2002
1979
2036
2099
2064
2064
2102
2145
2105
2112
2062
2045
2035
1998
2008
2018
2018
2018
1997
1997
2032
2032
1999
1969
1935
1940
2005
1996
1988
2004
1956
1922
1903
1903
1905
1905
1905
2010
1905
1905
1905
1892
1953
1953
1875
1899
1899
1894
1894
1894
1908
1908
2018
2018
2002
2002
2002
1961
1978
1933
1902
1942
1942
1972
1972
1984
1969
1936
1916
1891
1902
1914
1914
1914
1914
1914
1927
1927
1952
1899
1886
1886
1835
1880
1880
1871
1871
1876
1896
1932
1932
1932
1900
1833
1894
1941
1941
1899
1907
1907
1937
1971
1923
1923
1967
1923
1923
1923
1923
1923
1968
1968
1940
1915
1909
1915
1884
1884
1873
1860
1856
1914
1945
1945
1871
1858
1911
1890
1890
1900
1895
1966
1966
1981
1983
1982
1929
1919
1906
1912
1950
1959
1932
1902
1842
1842
1836
1836
1913
1924
1898
1953
1897
1939
1929
1903
1928
1933
1923
1983
1910
1910
1870
1883
1883
1889
1889
1889
1889
1827
1820
1840
1804
1804
1763
1763
1781
1785
1827
1836
1836
1818
1818
1795
1825
1860
1944
1944
1944
1944
1989
1924
1961
2013
1978
1968
1972
1972
2015
2058
2056
2066
2062
2062
2040
2015
2025
2026
2033
2033
2028
2066
2066
2116
2037
1994
1983
1993
1966
1966
1946
1970
1970
1977
1977
1914
1872
1872
1930
1920
1926
1894
1861
1861
1861
1918
1926
1926
1926
1909
2000
2018
2043
1963
1963
1963
1964
1963
1957
1957
1979
2022
2022
2022
2037
1987
1947
1967
1954
1971
2001
1988
1958
1958
1993
1993
2010
1997
1942
2005
1959
1914
1898
1879
1879
1887
1887
1887
1910
1910
1990
1990
1990
1990
1919
1919
1919
1933
1871
1793
1807
1805
1826
1805
1805
1838
1818
1975
1975
1975
1975
2002
1999
1924
1959
1987
1965
1939
2029
2029
2029
2029
2041
2041
2039
2053
2017
1992
1992
1964
2003
1971
2026
2061
1994
2001
2022
2022
2059
2095
2023
2055
2032
2032
2016
2016
1966
1894
1903
1890
1880
1933
1890
1929
1963
1962
1932
1932
1941
1929
1928
1987
1984
1984
1975
1955
1961
2035
2035
2035
2040
2040
2009
2009
2010
1965
1945
1990
1990
1982
1982
1982
1969
2086
2086
2086
2102
2102
2158
2158
2074
2074
2020
1981
1996
2057
1987
1964
1985
2006
2006
2048
2048
2016
2000
2000
2000
2000
2010
2003
1977
1977
2025
2025
2000
2005
2043
2043
2029
2029
2014
2032
2005
1941
1959
1976
1971
1971
1971
1972
1972
1995
2050
2145
2146
2146
2004
2026
2039
2026
2008
2074
2016
2016
2008
2008
1953
1876
1876
1828
1828
1834
1834
1834
1885
1885
1895
1920
1901
1901
1901
1933
1956
1907
1972
1907
1907
1954
1960
1922
1922
1916
1910
1910
1907
1907
1907
1907
1945
1981
1981
2015
2040
2040
2035
2024
2024
2000
1970
1964
1964
1966
1978
1989
1981
1987
1987
1987
2008
2010
2003
1951
1951
1951
1930
1930
1930
1924
1940
1937
1966
1966
1966
1966
1966
1929
1954
1936
1911
1904
2005
2018
1959
1945
1945
1947
1947
1945
1921
1927
1934
1893
1905
1905
1859
1859
1880
1880
1896
1964
1964
1932
1932
1851
1842
1842
1842
1911
1937
1937
1979
2094
2063
2034
2013
1981
1991
1915
1915
1915
1873
1882
1882
1863
1901
1901
1888
1900
1910
1910
1932
1932
1937
1980
1940
1941
1941
1946
1946
1946
1946
1946
1955
2010
2080
2107
2107
2103
2023
1991
1981
2029
2029
2029
2026
2026
1981
1962
1962
1962
1992
2078
2065
2082
2082
2126
2048
2048
2048
2033
1989
1960
1960
1960
1960
1960
1969
1969
1992
2006
2021
1953
1953
1953
1953
1953
1885
1900
1916
1884
1886
1890
1902
1888
1888
1925
1936
1936
1936
1936
1936
1962
1956
2045
1990
1968
1968
1968
1933
1933
1902
1902
1902
1902
1902
1902
1990
1990
1983
1983
1983
1958
1972
1972
1972
1972
1957
1953
1953
1896
1896
1872
1872
1872
1872
1872
1893
1866
1937
1937
1937
1958
1963
1930
1993
1997
2006
1960
1960
1960
1975
2001
1919
1864
1864
1864
1858
1856
1856
1885
1885
1885
1885
1885
1885
1885
1885
1879
1879
1879
1907
1907
1884
1922
1949
1965
1994
1952
1931
1931
1977
1972
1983
2033
2096
2061
1992
1919
1919
1925
1919
1910
1910
1910
1910
1925
1968
1947
1995
1952
1959
1931
1931
2038
1982
1982
1939
1960
1960
1960
1960
1960
1972
1969
1969
1969
1969
1969
2011
2011
2029
1902
1861
1861
1861
1874
1864
1868
1864
1882
1882
1882
1888
1899
1882
1883
1883
1873
1877
1880
1865
1865
1865
1918
1918
1874
1874
1954
1971
1971
2002
1919
1919
1954
1977
2016
2039
2039
2039
2039
2082
2031
2031
1998
2038
2026
2034
2035
2063
2063
2070
2061
2121
2121
2118
2115
2115
2075
2056
2041
2013
2007
2007
1958
1876
1876
1869
1869
1869
1851
1916
1930
1930
1930
1940
1928
1928
1939
1928
1914
1957
1957
2014
2056
2109
2109
2127
2127
2136
2165
2165
2165
2002
2002
1935
1948
2009
2009
2063
2011
2011
2011
2015
1982
1911
1911
1966
2020
2020
2020
1904
1904
1904
1938
1941
1941
1941
2020
2003
2000
1970
1953
1953
2052
2063
2064
2064
2050
2069
2069
2029
2035
2037
1927
1915
1915
1915
1915
1915
1915
1915
1890
1978
1884
1884
1884
1884
1903
1884
1884
1884
1891
1891
1891
1901
1860
1931
1864
1880
1880
1888
1901
1901
1835
1835
1815
1822
1822
1833
1914
1914
1914
1886
1886
1886
1960
1960
1942
1941
1977
2019
1980
1980
1980
1980
1980
1952
1952
1952
1952
1952
1968
1968
1935
1906
1906
1943
2013
1952
1952
1979
1979
1984
1925
1914
1905
1873
1893
1868
1841
1812
1812
1831
1835
1820
1820
1820
1812
1919
1901
1900
1900
1863
1937
1937
2032
1976
2001
1943
1943
1943
1862
1868
1945
1945
1848
1848
1861
1872
1868
1868
1868
1890
1890
1890
1879
1879
1879
1879
1879
1879
1883
1883
1883
1883
1871
1877
1877
1903
1903
1929
1938
1960
1928
1872
1874
1848
1848
1872
1872
1874
1898
1891
1891
1863
1876
1929
1945
1921
1921
1921
1921
1920
1894
1888
1921
1869
1867
1916
1885
1874
1911
1911
1928
1932
1956
1989
1993
1913
1962
1943
1930
1941
1919
1919
1891
2029
2089
2089
2089
2066
2060
2040
2079
2070
2070
1989
1980
1980
1980
2011
2011
2011
2016
2011
2030
2030
2030
1999
1999
1999
2002
1944
1936
1946
1946
1946
1946
1991
2000
1992
1925
1942
1942
1917
1922
1922
1852
1853
1853
1851
1851
1850
1906
1906
1906
1936
1953
1953
1900
1900
1900
1886
1886
1903
1903
1903
1896
1896
1896
1896
1896
1896
1896
1896
1896
1925
1913
1913
1913
1872
1872
1872
1872
1879
1870
1870
1889
1954
1974
1912
1918
1890
1920
1842
1833
1785
1790
1812
1788
1765
1765
1791
1791
1791
1842
1826
1826
1826
1815
1815
1819
1795
1795
1795
1771
1771
1771
1793
1793
1793
1817
1817
1817
1854
1864
1881
1881
1881
1848
1881
1840
1858
1877
1877
1877
1877
1940
1940
1888
1909
1897
1892
1925
1925
1924
1877
1916
1876
1894
1865
1893
1934
1934
1934
1885
1914
1892
1937
1932
1932
1957
2001
2001
2001
2001
1977
1931
1922
1897
1882
1928
1928
1928
1928
1916
1914
1916
1919
1957
1967
1967
2001
1978
1935
1935
1935
1935
1944
2012
2012
1999
2018
2029
2029
2013
2023
2043
2043
2043
2100
2100
2026
2031
2031
2031
2032
2032
2003
2026
2027
2014
2041
2041
1984
1950
1950
1950
1953
1950
1985
1985
1931
1948
1959
1951
1951
1951
1951
1961
1919
1919
1919
1906
1921
1921
1921
1921
1939
1939
1939
1939
1935
1935
1930
1846
1846
1860
1868
1868
1873
1944
1943
1946
1946
1906
1932
1932
1932
1903
1961
1970
1961
1961
1987
1987
1926
1926
1931
1931
1931
1931
1966
1941
1946
1967
1962
1962
1885
1885
1872
1885
1885
1885
1885
1874
1874
1897
1848
1848
1848
1857
1857
1891
1891
1907
1937
1937
1937
1937
1937
1920
1903
1858
1858
1858
1858
1858
1858
1858
1858
1858
1858
1858
1872
1867
1840
1840
1840
1840
1840
1872
1877
1877
1877
1877
1877
1900
1900
1890
1866
1866
1863
1863
1863
1863
1880
1884
1914
1914
1914
1846
1859
1859
1837
1837
1833
1833
1833
1833
1844
1844
1844
1844
1801
1801
1801
1801
1801
1824
1824
1824
1813
1813
1789
1789
1789
1789
1785
1820
1816
1816
1818
1818
1818
1822
1836
1836
1836
1811
1811
1811
1811
1825
1825
1825
1818
1818
1818
1818
1788
1788
1800
1788
1788
1815
1815
1867
1867
1867
1867
1867
1933
1846
1846
1859
1838
1847
1833
1833
1833
1865
1865
1865
1863
1863
1863
1853
1859
1856
1849
1849
1877
1873
1873
1880
1880
1880
1880
1894
1894
1892
1892
1844
1844
1806
1806
1771
1791
1791
1791
1791
1791
1791
1791
1791
1803
1805
1805
1805
1828
1828
1828
1828
1833
1805
1805
1805
1805
1805
1805
1805
1805
1805
1794
1794
1794
1794
1794
1794
1797
1797
1817
1798
1798
1798
1798
1838
1917
1885
1848
1848
1848
1848
1842
1855
1826
1823
1823
1823
1811
1811
1811
1831
1831
1831
1831
1811
1836
1836
1836
1872
1872
1872
1877
1861
1861
1861
1901
1861
1879
1881
1881
1944
1944
1927
1927
1922
1922
1922
1854
1854
1874
1879
1895
1881
1881
1881
1881
1869
1869
1820
1820
1820
1820
1820
1820
1853
1853
1853
1853
1848
1848
1866
1866
1866
1866
1866
1866
1866
1826
1826
1856
1856
1935
1969
1969
1926
1857
1857
1864
1864
1909
1909
1909
1864
1900
1910
1910
1923
1917
1917
1917
1953
1949
1946
1946
1946
1955
1954
1972
1972
1965
1948
1941
1941
1941
1941
1941
1929
1932
1932
1912
1933
1922
1880
1855
1843
1833
1841
1838
1852
1852
1835
1835
1816
1818
1818
1818
1818
1826
1826
1826
1826
1859
1859
1863
1863
1863
1867
1940
1940
1941
1942
1942
1932
2019
2002
2002
1963
1951
1951
1951
1951
1951
1951
1950
1950
1950
1950
1984
1984
2006
2006
2006
2006
2027
1958
1958
1958
1958
1978
1972
2077
2043
2043
2051
2068
2061
2067
2067
2067
2072
2039
2040
2040
2040
2037
1980
1980
1980
1954
1954
1954
1954
1954
1954
1958
1958
1898
1898
1898
1920
1920
1884
1884
1823
1823
1826
1831
1831
1849
1849
1849
1849
1849
1849
1849
1858
1812
1812
1812
1812
1812
1812
1864
1864
1864
1864
1866
1937
1895
1895
1878
1878
1878
1878
1878
1878
1837
1837
1837
1833
1833
1833
1833
1833
1833
1825
1848
1848
1848
1848
1848
1848
1833
1833
1834
1833
1814
1875
1793
1793
1793
1793
1801
1801
1801
1801
1803
1837
1837
1837
1837
1783
1791
1754
1754
1754
1795
1795
1795
1811
1811
1811
1811
1789
1783
1783
1783
1783
1783
1783
1780
1780
1780
1780
1780
1767
1767
1767
1810
1810
1810
1779
1779
1779
1743
1734
1734
1734
1734
1734
1734
1734
1734
1734
1734
1734
1733
1733
1744
1744
1744
1750
1750
1750
1773
1771
1771
1771
1771
1780
1780
1780
1780
1822
1817
1797
1797
1797
1797
1797
1797
1797
1756
1790
1785
1785
1785
1785
1801
1777
1777
1777
1777
1777
1777
1777
1777
1777
1777
1795
1795
1766
1766
1766
1758
1756
1777
1793
1793
1793
1793
1793
1777
1843
1843
1843
1843
1843
1850
1850
1850
1850
1850
1850
1850
1850
1843
1843
1838
1838
1778
1768
1772
1772
1754
1751
1770
1751
1751
1751
1716
1716
1716
1716
1716
1716
1716
1716
1716
1716
1716
1731
1731
1731
1731
1731
1738
1738
1738
1726
1726
1726
1726
1726
1726
1747
1741
1741
1741
1741
1741
1754
1717
1717
1717
1717
1717
1717
1717
1717
1717
1717
1727
1727
1727
1727
1727
1743
1748
1748
1748
1748
1748
1762
1762
1762
1762
1762
1762
1754
1754
1754
1754
1754
1739
1742
1742
1742
1813
1830
1830
1830
1830
1830
1830
1830
1830
1774
1775
1775
1775
1775
1775
1775
1775
1776
1776
1776
1776
1776
1804
1884
1901
1901
1901
1901
1932
1972
1972
1966
1966
2016
2024
2013
2013
2026
2031
2031
2031
2031
2044
2022
1933
1896
1914
1945
1879
1879
1879
1864
1864
1864
1864
1864
1833
1833
1833
1869
1869
1845
1845
1863
1863
1863
1838
1769
1770
1770
1770
1770
1770
1766
1778
1778
1778
1778
1778
1778
1778
1778
1778
1778
1778
1778
1778
1778
1778
1778
1778
1778
1778
1778
1778
1778
1778
1778
1796
1796
1796
1793
1793
1793
1779
1779
1779
1779
1779
1812
1812
1812
1809
1781
1781
1781
1819
1834
1814
1814
1800
1800
1800
1800
1800
1800
1800
1800
1800
1796
1796
1796
1796
1796
1796
1796
1796
1796
1804
1808
1834
1826
1857
1809
1809
1809
1809
1809
1809
1809
1809
1809
1839
1824
1824
1824
1847
1847
1847
1848
1864
1845
1845
1864
1864
1868
1868
1868
1846
1878
1878
1878
1878
1878
1814
1814
1785
1785
1769
1769
1769
1769
1769
1769
1769
1769
1769
1769
1769
1769
1758
1758
1758
1758
1758
1758
1766
1766
1766
1766
1766
1766
1756
1756
1756
1756
1756
1756
1756
1756
1762
1762
1762
1762
1762
1762
1762
1762
1762
1762
1762
1750
1750
1750
1750
1750
1750
1750
1750
1741
1741
1741
1741
1763
1763
1763
1763
1763
1763
1763
1763
1763
1763
1763
1763
1763
1763
1763
1763
1763
1747
1758
1758
1758
1758
1758
1758
1758
1758
1758
1758
1758
1758
1758
1781
1781
1781
1781
1767
1774
1774
1823
1818
1818
1818
1818
1822
1822
1822
1822
1822
1822
1822
1822
1822
1815
1797
1797
1788
1788
1788
1838
1838
1861
1881
1881
1875
1876
1774
1774
1774
1774
1774
1758
1774
1774
1798
1798
1783
1761
1761
1761
1761
1760
1760
1760
1760
1760
1760
1760
1760
1760
1760
1760
1760
1760
1778
1778
1768
1768
1768
1768
1768
1768
1752
1752
1752
1752
1752
1752
1759
1791
1791
1791
1791
1802
1802
1807
1807
1816
1754
1731
1731
1731
1731
1731
1731
1731
1731
1741
1741
1741
1773
1773
1759
1759
1759
1759
1759
1759
1759
1759
1759
1759
1819
1819
1781
1781
1781
1781
1781
1781
1781
1778
1778
1778
1778
1759
1759
1759
1768
1768
1768
1761
1761
1761
1761
1761
1761
1761
1756
1756
1756
1756
1753
1744
1744
1744
1744
1744
1717
1717
1717
1717
1717
1717
1717
1717
1717
1717
1717
1717
1717
1737
1737
1737
1692
1692
1692
1692
1692
1692
1692
1692
1703
1703
1703
1703
1703
1703
1703
1703
1703
1703
1703
1703
1703
1703
1703
1703
1703
1703
1700
1700
1713
1713
1763
1763
1764
1764
1764
1764
1764
1764
1743
1743
1743
1766
1766
1766
1766
1766
1766
1756
1756
1765
1765
1765
1765
1765
1765
1777
1777
1777
1777
1774
1758
1758
1735
1735
1735
1735
1735
1752
1752
1755
1741
1741
1741
1741
1741
1741
1741
1741
1746
1746
1750
1771
1771
1771
1777
1777
1777
1754
1754
1754
1754
1754
1754
1754
1730
1730
1730
1730
1764
1772
1770
1770
1752
1752
1752
1752
1779
1779
1779
1779
1779
1779
1779
1779
1779
1779
1779
1808
1745
1745
1745
1746
1746
1746
1746
1746
1746
1746
1746
1746
1746
1746
1746
1746
1746
1746
1746
1746
1746
1746
1746
1746
1746
1746
1746
1746
1746
1746
1746
1764
1764
1764
1764
1764
1764
1764
1764
1764
1764
1764
1764
1764
1764
1764
1764
1764
1757
1757
1757
1757
1757
1757
1757
1757
1757
1757
1757
1756
1756
1756
1756
1756
1756
1756
1756
1756
1756
1756
1756
1756
1764
1764
1764
1764
1764
1755
1755
1755
1755
1755
1768
1768
1768
1768
1776
1776
1778
1778
1778
1777
1777
1777
1777
1777
1777
1732
1732
1732
1732
1732
1732
1732
1732
1732
1732
1732
1732
1732
1732
1732
1732
1732
1732
1732
1732
1732
1732
1732
1732
1732
1732
1732
1732
1732
1732
1732
1732
1732
1732
1732
1732
1732
1732
1732
1732
1732
1732
1732
1732
1732
1742
1728
1728
1706
1706
1738
1738
1738
1738
1738
1738
1738
1738
1738
1738
1738
1738
1738
1738
1738
1738
1738
1738
1738
1738
1738
1738
1738
1738
1722
1722
1722
1722
1722
1722
1721
1721
1721
1721
1721
1721
1721
1721
1747
1747
1747
1747
1752
1752
1752
1753
1753
1753
1753
1753
1764
1764
1764
1771
1765
1765
1765
1777
1774
1774
1774
1774
1768
1768
1759
1759
1759
1759
1727
1727
1727
1699
1699
1699
1691
1691
1691
1691
1691
1691
1691
1691
1691
1691
1691
1691
1739
1739
1739
1739
1739
1739
1739
1739
1739
1739
1739
1739
1740
1740
1683
1683
1683
1683
1683
1683
1683
1683
1683
1683
1683
1683
1683
1683
1683
1683
1683
1683
1683
1683
1683
1683
1683
1683
1683
1683
1683
1683
1683
1683
1678
1678
1678
1678
1678
1678
1678
1678
1678
1678
1678
1678
1678
1678
1678
1678
1678
1678
1678
1678
1678
1678
1678
1678
1678
1678
1678
1678
1678
1678
1678
1678
1678
1689
1689
1689
1689
1689
1689
1689
1689
1686
1686
1686
1686
1686
1686
1686
1686
1686
1686
1686
1686
1686
1686
1686
1686
1686
1686
1686
1686
1686
1686
1686
1686
1686
1686
1686
1686
1686
1686
1686
1686
1686
1686
1686
1686
1686
1686
1700
1706
1706
1706
1687
1687
1687
1687
1687
1687
1687
1687
1687
1687
1719
1719
1719
1719
1751
1751
1751
1751
1751
1729
1729
1729
1723
1723
1723
1723
1723
1723
1723
1723
1728
1728
1728
1715
1715
1715
1715
1715
1715
1715
1715
1715
1715
1715
1715
1715
1715
1715
1715
1715
1715
1715
1715
1715
1723
1723
1723
1723
1723
1723
1723
1723
1723
1727
1727
1711
1711
1711
1711
1711
1711
1711
1720
1720
1720
1720
1720
1720
1720
1720
1720
1720
1720
1720
1720
1720
1711
1711
1711
1711
1711
1682
1682
1682
1682
1682
1685
1688
1688
1688
1688
1688
1688
1688
1688
1688
1687
1687
1687
1687
1687
1687
1687
1687
1687
1687
1687
1687
1687
1687
1687
1687
1687
1687
1687
1687
1687
1687
1687
1687
1687
1687
1687
1687
1687
1687
1687
1687
1687
1713
1713
1713
1687
1687
1687
1689
1690
1690
1690
1690
1690
1690
1690
1690
1690
1690
1728
1722
1722
1722
1722
1722
1722
1722
1722
1722
1722
1722
1722
1728
1728
1728
1729
1729
1729
1729
1729
1729
1729
1729
1729
1729
1729
1729
1729
1729
1729
1720
1720
1723
1724
1735
1735
1735
1735
1735
1735
1730
1730
1730
1730
1730
1730
1748
1748
1732
1732
1732
1732
1732
1727
1727
1727
1727
1727
1720
1720
1720
1720
1720
1720
1720
1720
1720
1726
1726
1726
1726
1726
1726
1728
1682
1682
1682
1682
1682
1682
1682
1682
1682
1682
1693
1693
1693
1693
1693
1693
1693
1693
1693
1693
1693
1693
1693
1693
1693
1693
1693
1693
1693
1693
1693
1693
1693
1693
1693
1693
1693
1693
1693
1693
1693
1693
1693
1693
1693
1693
1693
1693
1693
1693
1693
1693
1693
1693
1693
1693
1693
1693
1693
1693
1693
1693
1693
1693
1693
1693
1693
1693
1693
1693
1693
1693
1693
1693
1693
1693
1693
1693
1693
1693
1693
1693
1693
1693
1693
1693
1693
1693
1693
1693
1693
1693
1693
1693
1693
1693
1693
1693
1693
1693
1693
1693
1693
1693
1693
1690
1690
1690
1690
1690
1690
1690
1690
1690
1690
1690
1690
1690
1690
1690
1690
1690
1690
1690
1690
1690
1690
1690
1692
1692
1692
1692
1692
1701
1701
1701
1701
1701
1701
1701
1701
1701
1701
1701
1701
1698
1698
1698
1698
1698
1698
1698
1698
1698
1698
1698
1710
1710
1710
1710
1710
1710
1710
1695
1695
1695
1691
1691
1691
1691
1691
1691
1691
1691
1691
1691
1691
1691
1691
1691
1691
1691
1691
1691
1691
1691
1691
1691
1691
1691
1691
1691
1691
1691
1691
1691
1691
1691
1691
1691
1691
1691
1691
1691
1691
1691
1691
1691
1691
1691
1699
1699
1699
1699
1699
1699
1699
1699
1699
1699
1699
1699
1699
1699
1699
1699
1699
1699
1699
1699
1699
1699
1699
1699
1699
1699
1699
1699
1699
1699
1699
1712
1693
1693
1693
1693
1693
1693
1693
1693
1693
1693
1693
1693
1693
1693
1693
1693
1693
1693
1693
1693
1693
1693
1693
1693
1693
1693
1693
1693
1693
1693
1678
1678
1678
1681
1681
1681
1681
1681
1681
1681
1681
1681
1681
1681
1681
1681
1681
1685
1685
1685
1685
1685
1685
1685
1685
1685
1685
1685
1685
1685
1685
1685
1685
1684
1684
1684
1684
1684
1684
1684
1684
1684
1684
1684
1684
1684
1684
1684
1684
1684
1684
1684
1684
1684
1684
1684
1684
1684
1684
1684
1684
1684
1684
1684
1684
1684
1684
1684
1684
1684
1684
1684
1684
1684
1684
1684
1684
1684
1684
1684
1684
1684
1684
1684
1684
1684
1684
1684
1684
1684
1684
1684
1684
1684
1684
1684
1684
1685
1685
1685
1675
1675
1675
1675
1675
1675
1675
1675
1675
1675
1675
1665
1665
1665
1665
1665
1665
1665
1665
1655
1655
1655
1655
1655
1655
1655
1655
1667
1667
1667
1667
1667
1667
1667
1667
1667
1662
1662
1662
1662
1662
1662
1662
1662
1662
1658
1658
1658
1658
1658
1658
1658
1658
1658
1658
1658
1658
1658
1658
1658
1658
1658
1658
1658
1658
1658
1658
1658
1658
1658
1658
1658
1658
1658
1658
1654
1654
1654
1654
1654
1654
1654
1654
1654
1654
1654
1654
1654
1654
1654
1654
1654
1654
1654
1654
1654
1654
1654
1654
1654
1654
1654
1654
1654
1654
1654
1654
1647
1647
1647
1647
1647
1647
1647
1647
1647
1647
1647
1647
1647
1647
1647
1647
1647
1647
1647
1647
1647
1647
1647
1647
1647
1647
1647
1647
1647
1647
1647
1647
1647
1647
1647
1647
1647
1647
1647
1647
1647
1647
1647
1647
1647
1647
1647
1647
1647
1647
1647
1641
1641
1641
1641
1641
1641
1641
1641
1641
1641
1641
1641
1641
1641
1641
1641
1641
1647
1647
1647
1647
1647
1647
1647
1647
1647
1647
1647
1647
1647
1647
1647
1647
1647
1647
1647
1647
1647
1647
1647
1647
1647
1647
1647
1647
1647
1647
1647
1647
1647
1647
1647
1647
1647
1647
1647
1647
1647
1647
1647
1647
1647
1647
1647
1647
1647
1647
1647
1647
1647
1668
1668
1668
1668
1668
1668
1668
1668
1668
1668
1668
1668
1668
1668
1668
1668
1668
1668
1668
1678
1678
1678
1678
1678
1678
1678
1678
1678
1678
1678
1678
1678
1678
1678
1684
1684
1684
1684
1684
1684
1684
1684
1684
1684
1684
1684
1684
1684
1684
1684
1684
1684
1684
1684
1684
1684
1684
1684
1684
1684
1684
1684
1684
1684
1684
1684
1684
1684
1684
1684
1684
1684
1684
1684
1684
1684
1684
1684
1684
1684
1684
1684
1684
1684
1684
1689
1689
1689
1689
1689
1689
1689
1689
1689
1689
1689
1689
1689
1689
1689
1689
1689
1689
1689
1689
1689
1689
1689
1689
1689
1689
1689
1689
1689
1689
1689
1697
1697
1697
1697
1697
1697
1697
1697
1697
1697
1697
1697
1697
1697
1697
1697
1697
1697
1697
1697
1697
1685
1685
1685
1685
1685
1685
1685
1685
1685
1685
1685
1685
1685
1685
1685
1685
1685
1685
1685
1685
1685
1685
1685
1685
1685
1685
1685
1685
1689
1689
1689
1689
1682
1682
1682
1682
1682
1682
1682
1682
1682
1682
1682
1682
1682
1682
1682
1682
1682
1682
1682
1682
1682
1682
1682
1682
1682
1682
1682
1682
1682
1682
1682
1672
1672
1672
1672
1672
1672
1670
1670
1670
1670
1670
1670
1670
1670
1670
1670
1670
1670
1670
1670
1670
1670
1657
1657
1657
1657
1657
1657
1657
1657
1657
1657
1657
1657
1657
1657
1657
1657
1657
1657
1657
1657
1657
1657
1657
1657
1657
1657
1657
1657
1657
1657
1657
1657
1657
1657
1657
1657
1657
1657
1657
1657
1657
1657
1657
1657
1657
1657
1657
1657
1657
1657
1657
1657
1657
1657
1657
1657
1657
1657
1653
1653
1653
1653
1653
1653
1653
1653
1653
1653
1653
1653
1653
1653
1653
1653
1653
1653
1653
1653
1653
1647
1647
1647
1647
1647
1647
1647
1647
1647
1647
1647
1647
1647
1647
1647
1647
1647
1647
1647
1647
1647
1647
1647
1647
1647
1641
1641
1641
1641
1641
1641
1641
1641
1651
1651
1651
1651
1651
1651
1651
1651
1651
1651
1651
1651
1651
1651
1651
1651
1644
1655
1655
1655
1655
1655
1655
1655
1655
1655
1655
1655
1655
1655
1655
1644
1644
1644
1644
1644
1644
1644
1644
1644
1644
1644
1644
1644
1644
1644
1644
1644
1644
1644
1644
1644
1644
1644
1644
1644
1644
1644
1644
1644
1644
1644
1644
1644
1657
1657
1657
1657
1657
1657
1657
1668
1668
1668
1668
1668
1668
1668
1668
1657
1657
1657
1657
1657
1657
1657
1657
1657
1657
1657
1657
1657
1657
1657
1657
1657
1657
1657
1657
1657
1657
1657
1657
1657
1657
1657
1657
1657
1657
1657
1657
1656
1656
1656
1656
1656
1656
1656
1656
1656
1656
1656
1656
1656
1656
1656
1656
1656
1656
1656
1656
1656
1656
1656
1656
1656
1656
1656
1656
1656
1656
1656
1656
1656
1656
1656
1656
1656
1656
1656
1656
1656
1656
1656
1656
1656
1656
1656
1656
1656
1656
1656
1656
1656
1656
1656
1656
1656
1656
1656
1656
1656
1656
1656
1656
1656
1656
1656
1659
1659
1659
1659
1659
1659
1659
1659
1659
1659
1659
1659
1659
1659
1659
1659
1659
1659
1644
1644
1644
1644
1644
1644
1644
1644
1644
1644
1644
1644
1644
1644
1644
1644
1644
1640
1640
1640
1640
1640
1640
1640
1640
1640
1640
1640
1640
1640
1640
1640
1640
1640
1640
1640
1640
1640
1640
1640
1640
1640
1640
1637
1637
1637
1631
1631
1631
1631
1631
1631
1631
1631
1631
1631
1631
1631
1631
1631
1631
1631
1631
1631
1631
1631
1631
1631
1631
1631
1631
1631
1631
1631
1631
1631
1631
1631
1631
1631
1631
1631
1631
1631
1631
1631
1631
1631
1631
1631
1629
1629
1629
1629
1629
1629
1629
1629
1629
1629
1629
1629
1629
1629
1629
1629
1629
1629
1629
1629
1629
1629
1629
1629
1629
1629
1629
1629
1629
1629
1629
1629
1629
1629
1629
1629
1629
1629
1629
1629
1629
1629
1629
1629
1629
1629
1629
1629
1629
1629
1629
1629
1629
1629
1629
1629
1629
1629
1629
1629
1629
1629
1629
1629
1629
1629
1629
1629
1629
1629
1629
1629
1629
1629
1629
1629
1629
1629
1629
1629
1629
1629
1629
1629
1629
1629
1629
1629
1629
1629
1629
1629
1629
1629
1629
1629
1629
1629
1629
1629
1629
1629
1629
1629
1629
1629
1629
1629
1629
1629
1629
1629
1629
1629
1629
1629
1629
1629
1630
1630
1630
1630
1630
1630
1630
1630
1630
1630
1630
1630
1630
1630
1630
1630
1630
1630
1630
1630
1630
1630
1630
1630
1630
1630
1630
1630
1630
1630
1630
1630
1630
1629
1629
1629
1629
1629
1629
1629
1629
1629
1629
1629
1629
1629
1629
1629
1629
1629
1629
1629
1629
1629
1629
1629
1629
1629
1629
1629
1629
1629
1629
1629
1629
1629
1629
1629
1629
1629
1629
1629
1629
1629
1629
1629
1629
1629
1629
1629
1629
1629
1629
1629
1629
1629
1629
1629
1629
1629
1629
1629
1629
1629
1629
1629
1629
1629
1629
1629
1629
1629
1629
1629
1629
1629
1629
1629
1629
1629
1629
1629
1629
1629
1629
1629
1629
1629
1629
1629
1629
1629
1629
1629
1629
1629
1629
1629
1629
1629
1629
1629
1629
1629
1629
1629
1629
1629
1629
1629
1629
1629
1629
1629
1629
1629
1629
1629
1629
1629
1629
1629
1629
1629
1629
1629
1629
1629
1629
1629
1629
1629
1629
1629
1629
1629
1629
1629
1629
1629
1629
1629
1632
1632
1632
1632
1632
1632
1632
1632
1632
1632
1632
1632
1632
1632
1632
1629
1629
1630
1630
1630
1630
1630
1630
1630
1630
1630
1630
1630
1630
1630
1630
1630
1630
1630
1630
1630
1630
1630
1630
1630
1630
1630
1630
1630
1630
1630
1630
1630
1630
1630
1630
1630
1630
1630
1630
1630
1630
1630
1630
1630
1630
1630
1630
1630
1630
1630
1630
1630
1629
1629
1629
1629
1629
1629
1629
1629
1629
1629
1629
1629
1629
1629
1629
1629
1629
1629
1629
1629
1629
1629
1629
1629
1629
1629
1629
1629
1629
1629
1629
1629
1629
1629
1629
1629
1629
1629
1629
1629
1629
1629
1629
1629
1629
1629
1629
1629
1629
1629
1629
1629
1629
1629
1629
1629
1629
1629
1629
1629
1629
1629
1629
1629
1629
1629
1629
1629
1629
1629
1629
1629
1629
1629
1629
1629
1629
1629
1629
1629
1629
1629
1629
1629
1629
1629
1629
1629
1629
1629
1629
1629
1629
1629
1629
1629
1629
1629
1629
1634
1634
1634
1634
1634
1634
1634
1634
1634
1634
1634
1634
1634
1634
1634
1634
1634
1634
1634
1634
1634
1634
1634
1634
1634
1634
1634
1634
1634
1634
1634
1634
1634
1634
1639
1639
1639
1639
1639
1639
1639
1639
1639
1639
1639
1639
1639
1639
1639
1639
1639
1639
1639
1639
1639
1639
1639
1639
1639
1639
1631
1631
1631
1631
1631
1631
1631
1631
1631
1631
1631
1631
1631
1631
1631
1631
1631
1631
1631
1631
1631
1631
1631
1631
1631
1631
1631
1631
1631
1631
1631
1631
1631
1631
1631
1631
1631
1631
1631
1631
1631
1631
1631
1631
1631
1631
1631
1631
1631
1631
1631
1631
1631
1631
1631
1631
1631
1631
1631
1631
1631
1631
1631
1631
1631
1631
1631
1631
1631
1631
1631
1631
1631
1631
1631
1631
1631
1631
1631
1631
1631
1631
1631
1631
1631
1631
1631
1631
1631
1631
1631
1631
1631
1631
1631
1631
1631
1631
1631
1631
1631
1631
1631
1631
1631
1631
1631
1631
1631
1631
1631
1631
1631
1631
1631
1631
1631
1631
1631
1631
1631
1631
1631
1631
1631
1631
1631
1631
1631
1631
1631
1631
1631
1631
1631
1631
1631
1631
1631
1631
1631
1631
1631
1631
1631
1631
1631
1631
1631
1631
1631
1631
1631
1631
1631
1631
1631
1631
1631
1631
1631
1631
1631
1631
1631
1631
1631
1631
1631
1631
1631
1631
1631
1631
1631
1631
1631
1631
1631
1631
1631
1631
1631
1631
1631
1631
1631
1631
1631
1631
1631
1631
1631
1631
1631
1631
1631
1631
1631
1631
1631
1631
1631
1631
1631
1631
1631
1631
1631
1631
1631
1631
1631
1631
1631
1631
1631
1631
1631
1631
1631
1631
1631
1631
1631
1631
1631
1631
1631
1631
1631
1631
1631
1631
1631
1631
1631
1631
1631
1631
1631
1631
1631
1631
1631
1631
1631
1631
1631
1631
1631
1631
1631
1631
1631
1631
1631
1631
1631
1631
1631
1631
1631
1631
1631
1631
1631
1631
1631
1631
1631
1631
1631
1631
1631
1631
1631
1631
1631
1631
1631
1631
1631
1631
1631
1631
1631
1631
1631
1631
1631
1631
1631
1631
1631
1631
1631
1631
1631
1631
1631
1631
1631
1631
1631
1631
1631
1631
1631
1631
1631
1631
1631
1631
1631
1631
1631
1631
1631
1631
1631
1631
1631
1631
1631
1631
1631
1631
1631
1631
1631
1631
1631
1631
1631
1631
1631
1631
1631
1631
1631
1631
1631
1631
1631
1631
1631
1631
1631
1631
1631
1631
1631
1631
1631
1631
1631
1631
1631
1631
1631
1631
1631
1631
1631
1631
1631
1631
1631
1631
1631
1631
1631
1631
1631
1631
1631
1631
1631
1631
1631
1631
1631
1631
1631
1631
1631
1631
1631
1631
1631
1631
1631
1631
1631
1631
1631
1631
1631
1631
1631
1631
1631
1631
1631
1631
1631
1631
1631
1631
1631
1631
1631
1631
1631
1631
1631
1631
1631
1631
1631
1631
1631
1631
1631
1631
1631
1631
1631
1631
1631
1631
1631
1631
1631
1631
1631
1631
1631
1631
1631
1631
1631
1631
1631
1631
1631
1631
1631
1631
1631
1631
1631
1631
1631
1631
1631
1631
1631
1631
1631
1631
1631
1631
1631
1631
1631
1631
1631
1631
1631
1631
1631
1631
1631
1631
1631
1631
1631
1631
1631
1631
1631
1631
1631
1631
1631
1631
1631
1631
1631
1631
1631
1631
1631
1631
1631
1631
1631
1631
1631
1631
1631
1631
1631
1631
1631
1631
1631
1631
1631
1631
1631
1631
1631
1631
1631
1631
1631
1631
1631
1631
1631
1631
1631
1631
1631
1631
1631
1631
1631
1631
1631
1631
1631
1631
1631
1631
1631
1631
1631
1631
1631
1631
1631
1631
1631
1631
1631
1631
1631
1631
1631
1631
1631
1631
1631
1631
1631
1631
1631
1631
1631
1631
1631
1631
1631
1631
1631
1631
1631
1631
1631
1631
1631
1631
1631
1631
1631
1631
1631
1631
1631
1631
1631
1631
1631
1631
1631
1631
1631
1631
1631
1631
1631
1631
1631
1631
1631
1631
1631
1631
1631
1631
1631
1631
1631
1631
1631
1631
1631
1631
1631
1631
1631
1631
1631
1631
1631
1631
1631
1631
1631
1631
1631
1631
1631
1631
1631
1631
1631
1631
1631
1631
1631
1631
1631
1631
1631
1631
1631
1631
1631
1631
1638
1638
1638
1638
1638
1638
1638
1641
1641
1641
1641
1641
1641
1641
1641
1641
1641
1641
1641
1641
1641
1641
1641
1641
1639
1639
1639
1639
1639
1639
1635
1635
1635
1635
1635
1635
1635
1635
1637
1637
1637
1637
1637
1637
1637
1637
1637
1637
1637
1637
1637
1637
1637
1637
1637
1637
1637
1637
1637
1637
1637
1637
1637
1637
1637
1637
1637
1637
1637
1637
1637
1637
1637
1637
1637
1637
1637
1637
1637
1637
1637
1637
1637
1637
1637
1637
1637
1637
1637
1637
1637
1637
1637
1637
1637
1637
1637
1637
1637
1637
1637
1637
1637
1637
1637
1637
1637
1637
1637
1637
1637
1637
1637
1637
1634
1634
1634
1634
1634
1634
1634
1634
1634
1634
1634
1634
1634
1634
1634
1634
1634
1634
1634
1634
1634
1634
1634
1634
1634
1634
1634
1634
1634
1634
1634
1634
1634
1634
1634
1634
1634
1634
1634
1634
1634
1634
1634
1634
1634
1634
1634
1634
1634
1634
1634
1634
1634
1634
1634
1634
1634
1634
1634
1634
1638
1638
1638
1638
1638
1638
1638
1638
1638
1638
1638
1638
1638
1638
1638
1638
1638
1638
1638
1638
1638
1638
1634
1634
1634
1634
1634
1634
1634
1634
1634
1634
1634
1634
1634
1634
1634
1634
1634
1634
1634
1634
1633
1633
1633
1633
1633
1633
1633
1633
1633
1633
1633
1633
1633
1633
1633
1633
1633
1633
1633
1633
1633
1633
1633
1633
1633
1633
1633
1633
1633
1633
1638
1638
1638
1638
1638
1643
1643
1643
1643
1643
1643
1643
1643
1643
1643
1632
1632
1632
1632
1632
1632
1632
1632
1632
1632
1632
1632
1632
1632
1632
1632
1632
1632
1632
1618
1618
1618
1618
1618
1618
1618
1618
1618
1618
1618
1618
1618
1618
1618
1618
1618
1618
1618
1609
1609
1609
1609
1609
1609
1609
1609
1609
1609
1609
1609
1609
1609
1609
1609
1609
1609
1609
1609
1609
1609
1609
1609
1609
1609
1609
1609
1609
1609
1609
1609
1609
1609
1609
1609
1609
1609
1609
1609
1609
1609
1609
1609
1609
1602
1602
1602
1602
1602
1602
1602
1602
1602
1602
1602
1602
1602
1602
1602
1602
1602
1602
1602
1602
1602
1602
1602
1602
1602
1602
1602
1602
1602
1602
1602
1602
1602
1602
1602
1602
1602
1602
1602
1602
1602
1602
1602
1602
1602
1602
1602
1602
1602
1602
1602
1602
1602
1602
1602
1602
1602
1602
1602
1602
1602
1602
1602
1602
1602
1602
1602
1602
1602
1602
1602
1602
1602
1602
1602
1602
1602
1602
1602
1602
1602
1602
1602
1602
1602
1602
1602
1602
1602
1602
1602
1602
1602
1602
1602
1602
1602
1602
1602
1602
1602
1602
1602
1602
1602
1602
1602
1602
1602
1602
1602
1602
1602
1602
1602
1602
1602
1602
1602
1602
1602
1602
1602
1602
1602
1602
1602
1602
1602
1602
1602
1602
1602
1602
1602
1602
1602
1602
1602
1602
1602
1602
1602
1602
1602
1602
1602
1602
1602
1602
1602
1602
1602
1602
1602
1602
1602
1602
1602
1602
1602
1602
1602
1602
1602
1602
1602
1602
1602
1602
1602
1602
1602
1602
1602
1602
1602
1602
1602
1602
1602
1602
1602
1602
1602
1602
1602
1602
1602
1602
1602
1602
1602
1602
1602
1602
1602
1602
1602
1602
1602
1602
1602
1602
1602
1602
1602
1602
1602
1602
1602
1602
1602
1602
1602
1602
1602
1602
1602
1602
1602
1602
1602
1602
1602
1602
1602
1602
1602
1602
1602
1602
1602
1602
1602
1602
1602
1602
1602
1602
1602
1602
1602
1602
1602
1602
1602
1602
1602
1602
1602
1602
1602
1602
1602
1602
1602
1602
1602
1602
1602
1602
1602
1602
1602
1602
1602
1602
1602
1602
1602
1602
1602
1602
1602
1602
1602
1602
1602
1602
1602
1602
1602
1602
1602
1602
1602
1602
1602
1602
1602
1602
1602
1602
1602
1602
1602
1602
1602
1602
1602
1602
1602
1602
1602
1602
1602
1602
1602
1602
1602
1602
1602
1602
1602
1602
1602
1602
1602
1602
1602
1602
1602
1602
1602
1602
1602
1602
1602
1602
1602
1602
1602
1602
1602
1602
1602
1602
1602
1602
1602
1602
1602
1602
1602
1602
1602
1602
1602
1602
1602
1602
1602
1602
1602
1602
1602
1602
1602
1602
1602
1602
1602
1602
1602
1602
1602
1602
1602
1602
1602
1602
1602
1602
1602
1602
1602
1602
1602
1602
1602
1602
1602
1602
1602
1602
1602
1602
1602
1602
1602
1602
1602
1602
1602
1602
1602
1602
1602
1602
1602
1602
1602
1602
1602
1602
1602
1602
1602
1602
1602
1602
