2013
1972
2039
1915
1884
1905
1986
1961
1895
1923
1916
1941
1884
1929
1929
1966
1941
1958
1980
1927
1966
2081
2127
2132
2101
2019
2019
1990
1978
2046
1914
1879
1892
1971
1996
1953
1896
1896
1914
1914
1924
1917
1938
1921
1932
1932
1944
2019
1968
2016
2009
1996
2009
2008
2008
1979
1998
1998
2023
2075
2053
2017
1971
1971
2008
2005
1948
1995
2044
2044
2044
2044
1993
1960
1986
1975
2032
2032
2028
2041
1971
1972
2051
2091
2089
2089
2067
2045
2159
2152
2144
2100
2102
2094
2156
2149
2149
2149
2149
2087
2094
2113
2181
2058
2142
2124
2147
2031
2135
2181
2124
2142
2165
2244
2094
2143
2143
2163
2121
2108
2021
1997
2089
2037
2027
2059
2018
2021
1978
2025
2038
2038
2074
2092
2069
2000
1990
1990
1996
2012
2060
2070
2070
2106
1984
1984
1984
1991
2003
2002
2050
2055
2056
2095
2050
2076
2055
2109
2055
2050
2014
1942
1914
1918
1994
1994
2020
2033
2033
2042
1973
1982
1983
2026
1938
1893
1912
1912
1971
1967
1976
1957
1973
1987
1997
1988
2035
1959
2030
2025
2025
2025
2071
2043
2089
2089
2177
2185
2164
2102
2128
2080
2063
2082
2162
2126
2114
2114
2010
2042
2040
2040
2049
2127
2115
2115
2143
2097
2107
2089
2089
2034
2022
2012
2018
2033
2078
1972
1943
1974
2041
2041
2083
2059
2059
2001
2039
2011
2008
2006
1971
1954
2010
2046
1993
1973
2022
2032
2050
2038
2053
2112
2118
2125
2111
2028
1980
2059
2059
2037
2039
1999
1959
1926
1924
1920
1920
1920
1954
2011
1983
1971
1978
2006
2108
2082
2082
2040
2011
1950
1950
1983
1982
2007
2071
2099
2017
2099
2017
2101
2130
2128
2128
2118
1914
1957
2020
2037
2104
2154
2085
2058
2053
2097
2105
2087
2100
2081
2030
2061
2065
2023
2023
2029
2113
2102
2143
2143
2111
2096
2111
2029
2087
2087
2063
2028
2042
2122
2056
2094
2111
2111
2172
2111
2111
2153
2170
2108
2141
2171
2120
2139
2066
2116
2109
2134
2099
2123
2181
2195
2185
2111
2164
2086
2075
2075
2025
2025
2015
2032
1995
2063
2063
2071
2075
2099
2114
2036
2059
2002
2015
2004
2037
1947
1934
1929
1875
1947
2027
2030
2020
1967
1995
1939
1909
1919
1913
1943
1943
1976
2047
1994
2010
2000
2000
1962
2045
1992
1964
1972
1989
1952
2012
2004
2035
2055
2055
2055
2055
2053
2069
2025
2072
2022
2075
2077
2085
2060
2077
2125
2193
2151
2119
2182
2145
2156
2166
2130
2141
2075
2014
2014
2052
2042
2137
2156
2164
2164
2056
1964
1960
1969
1903
1844
1913
1918
1980
1977
1955
2007
2066
2018
2070
2044
2035
2035
1993
1992
1956
1915
1939
1923
1906
1929
1973
1967
1958
1999
2040
2000
1991
1972
2038
2098
2081
2153
2167
2075
1992
2035
2063
1982
1982
2021
2062
2145
2141
2118
2126
2075
1929
1891
1916
1913
1922
1948
1843
1901
1896
1943
1943
1971
1988
2014
2014
2001
1958
1921
1919
1913
2049
2047
2047
2042
2093
2093
2126
2152
2158
2149
2121
2029
2090
2137
2066
2034
2068
2083
2083
2069
2107
2113
2099
2084
2084
2126
2072
2106
2087
2109
2055
2048
1984
2029
2074
2096
2080
2022
1968
1993
1999
1997
2095
2085
2058
2062
2079
2023
1996
2010
1941
1931
1932
1931
1925
1925
1911
1974
1909
1938
1951
1854
1961
1954
1954
1954
1910
1910
1882
1906
2009
2009
1968
1968
1968
1968
1995
1891
1924
1949
2018
1992
1972
2075
1995
1973
1958
2073
2099
2100
2106
2099
2063
2068
2081
2041
2041
1969
1951
1959
1980
1980
2071
2077
2024
1988
1972
1945
1972
1907
1915
1907
1931
1982
1979
1958
1984
1984
1996
1958
1974
1974
1953
2003
2037
2022
2032
2063
2049
2069
2001
2005
2023
1976
1944
1954
1966
2010
2026
2005
2009
2082
2043
2043
2043
2043
2119
2119
2119
2077
1972
2000
2046
2003
1991
2020
2036
2029
2017
1970
2014
2057
2085
2139
2019
2019
2033
2024
2021
2056
2049
1988
2012
2070
1986
1969
1989
1996
1881
1965
2007
2025
2025
2072
2025
2015
2052
2065
2153
2144
2125
2139
2158
2161
2223
2153
2117
2073
2070
2070
2022
2033
2047
2118
2115
2171
2189
2189
2162
2150
2125
2097
2002
2073
2092
2072
2066
2055
1952
1930
1919
1969
2004
1969
2002
2052
2028
2015
1942
1906
1913
1871
1906
1881
1895
1918
2001
1970
1991
1909
1906
1881
1896
1950
1932
1937
1937
1980
1967
1959
1946
1924
1919
1962
1970
1950
1972
1931
1972
1977
1972
2014
2040
2096
2014
2112
2081
2013
2013
2013
1976
1963
1966
1992
1997
1948
2023
1983
1986
1974
2001
1989
2007
1956
1979
2027
2050
1999
2138
2079
2076
2161
2161
2161
2117
2117
2108
2108
2174
2114
2051
2008
2073
2012
1999
2052
2123
2034
2034
2029
2092
1978
2014
2088
2124
2156
2199
2216
2166
2166
2172
2039
2016
2074
2016
2016
2016
2033
2033
2171
2212
2176
2196
2114
2109
2003
2003
1952
1952
1960
1960
1969
1883
1876
1880
1944
1920
1913
1948
1960
1928
1947
1884
2034
2038
2016
2037
2033
1988
1969
1931
1823
1846
1957
2036
2051
1979
1979
1979
1936
1900
1864
1884
1874
1931
1913
1924
1943
1926
1926
1957
1933
1908
1954
2029
2004
1922
1931
1931
2017
2109
2084
2025
2023
2058
2004
2013
2013
2013
2063
2028
2066
2089
2068
2039
2079
2018
1999
2010
1999
2047
2047
2062
2056
2083
2119
2059
2069
2072
2091
2078
2105
2086
2026
2059
2095
2095
2095
2045
1990
2055
2072
2076
2076
2016
2021
2061
2043
2028
2028
1982
2049
2049
2074
2091
2007
2091
2052
2066
2090
2096
2096
2042
1994
1959
1959
2041
1990
2018
2059
2047
2098
2098
2131
2100
2093
2045
2110
2151
2090
2077
2032
1996
1948
1889
1953
1953
1903
1920
1923
1903
1984
2000
1966
1921
1921
2083
2070
2143
2169
2095
2024
1983
2040
1971
1982
2082
2111
2140
2165
2114
2209
2216
2148
2192
2147
2179
2152
2159
2147
2211
2097
2097
2090
2064
1942
2008
2003
1997
1898
1910
1979
2042
2042
2116
2155
2114
2114
2128
2050
2095
2067
2088
2045
2069
2080
2093
2006
2020
2005
2005
1911
1911
1941
1936
1936
2033
2037
1997
2037
2057
2032
1997
2071
2030
2016
1990
2005
1988
1992
1992
2016
2030
2026
2010
2012
2012
2018
2018
2028
2110
2111
2073
2134
2106
2031
2029
1921
1939
1987
1941
1941
1921
1923
1927
1968
2008
1974
2104
2104
2082
2088
2073
2094
2102
1990
1974
2004
1960
1948
1954
1920
1911
1918
1907
1923
1913
1948
1824
1969
1938
1900
1917
1879
1967
1967
1967
1967
1967
2062
2062
2062
2023
1998
1990
1936
1960
1909
1936
1962
1984
1889
1874
1890
1892
1892
1979
2041
2068
2009
1960
1949
1949
1956
1963
1969
1951
1951
1937
1937
1937
1937
2010
1928
1869
1873
1972
1972
2053
2020
2038
2055
2024
1985
2012
1935
1963
2135
2055
2020
2090
2058
2012
2049
2016
2004
1983
1983
1939
1980
2004
1960
1984
1927
1988
1988
1871
1871
1928
1970
1880
1961
1961
2044
2094
2124
2115
2143
2219
2143
2140
2045
2016
2066
2055
2048
1992
2034
1967
2039
2039
1981
2026
2026
2017
1999
2047
2035
1996
2002
2051
1991
2061
2062
2055
2157
2157
2106
2152
2074
2076
2054
2067
2011
1969
1983
2025
1986
1986
2011
2010
2010
2068
2013
2031
2025
2005
2035
2035
2097
2141
2139
2196
2144
2180
2168
2117
2117
2104
2104
2096
2059
2064
2105
2105
2090
2063
2020
2029
2113
2117
2117
2120
2106
2106
2050
2058
2054
2054
2047
2087
2120
2112
2109
2203
2207
2195
2089
2079
2044
2023
1951
1897
1942
1985
2012
2025
2010
2080
2080
2056
2056
1963
1956
1961
1956
1936
1923
2020
2031
2035
1955
1927
1885
1884
1884
1944
1978
1966
1945
2004
1994
1994
1997
1966
1977
2038
2013
1977
2082
2047
1970
2051
2105
2059
2048
2048
2043
2004
2004
2004
1980
1924
1920
1920
1920
1893
1943
2030
2029
2039
1962
1984
1854
1854
1880
1854
1852
1827
1827
1886
1886
1886
1934
1988
1984
2035
1991
1991
2033
2058
2044
2069
2104
2045
1993
2009
2013
2013
1990
1927
1899
1899
1985
2026
2056
2081
2081
2091
2084
2008
1966
1966
1998
1998
1998
1955
1948
1960
1974
2007
2037
2055
2055
2100
2051
2051
2069
2049
2021
2021
1990
2011
2103
2099
2066
2115
2134
2166
2208
2226
2153
2217
2080
2144
2112
2118
2102
2092
2025
2026
2018
2042
2052
2131
2129
2092
2097
2014
2029
2057
2057
2070
2070
2070
2068
2073
1968
1968
1897
1897
1891
1897
1971
1973
1962
1949
1918
1953
1946
1953
1953
1953
1942
1939
1915
1891
1938
1938
1948
1944
1944
1896
1865
1896
1893
1914
1905
1901
1901
1887
1938
1939
1954
1878
1906
1893
1893
1882
1846
1846
1845
1928
2024
2043
2043
2043
1974
1941
1945
2002
2026
2018
2087
2035
2015
2048
2048
2048
2077
2063
2033
2032
2042
2042
2058
2102
2102
2028
2056
2081
2085
2059
2059
2013
1943
1888
1888
1931
1955
1895
1842
1892
1893
1899
1903
1936
1940
1940
1970
1904
1854
1866
1924
1887
1905
1900
1905
1941
1863
1889
1935
1946
1927
1927
1934
1950
2029
2029
2029
2007
1983
1947
2000
1968
1992
2049
2049
1992
1996
2052
2035
2020
2102
2070
2006
2027
2015
2015
2015
2056
2157
2176
2148
2148
2106
2080
2080
2054
2027
2028
1932
1932
2051
2024
2024
2116
2116
2026
2040
2117
2096
2094
2143
2143
2106
2114
2103
2067
2061
2116
2064
2076
2051
2029
2061
2152
2192
2169
2256
2138
2147
2143
2138
2149
2163
2163
2170
2111
2121
2114
2087
2087
2077
2050
2070
1970
1894
1894
2041
2054
2054
2047
2041
2035
2035
1960
2008
2050
1976
2010
1998
1983
1983
2028
2028
2013
2010
1982
2014
1966
2009
1905
1931
1918
1884
1884
1921
2109
1954
2001
2001
1991
1966
1958
1895
1894
1970
1958
1970
1949
1999
1987
1871
1937
1962
1959
2023
2052
1955
1963
1963
2011
2011
1994
1988
2060
2050
2008
1979
1934
2033
2033
2012
2012
2012
2012
2049
2049
2049
2049
2049
2004
2004
2004
1968
1968
1968
1945
1945
1945
1965
1928
1928
1908
1908
1908
1908
1905
1964
1964
2000
2000
1985
1985
1882
1882
1890
1890
1890
1882
1894
1894
1889
1889
1954
1954
1949
1913
1859
1869
1812
1792
1819
1930
1972
1931
2065
2046
2082
2086
2032
2083
2138
2108
2101
2101
2080
2026
2084
2053
1995
2022
2022
2054
2054
2039
2039
1980
2069
2069
2025
1988
1988
1970
1862
1871
1901
1896
2013
2045
1960
2056
2027
2064
1991
1991
1964
1948
1961
1902
1902
1913
1913
1968
1992
2065
1992
2032
1986
1988
1988
1955
1955
1954
1928
1939
1939
1982
1988
1902
1902
2008
1956
2040
1988
2059
2083
2115
2076
2049
2033
1856
1914
1915
1981
1976
2033
2062
2029
2118
2118
2034
2035
2046
2046
2045
2063
1937
1937
1956
1935
1945
1935
1891
1948
1948
1936
2008
2008
2001
2014
2008
2008
1927
1957
1878
1878
1883
1877
1945
1950
1950
1905
2021
1999
1999
1999
2031
2020
2003
2062
2037
2075
2075
2073
2061
2061
2078
2022
2004
2137
2137
2062
2133
2111
2056
2047
2055
2025
2019
1935
1932
1963
2012
2025
2025
2009
1994
2053
2053
2070
2083
2054
1979
1954
1992
2164
2258
2173
2173
2173
2102
2087
1968
1938
1938
1952
1944
1946
1933
1866
1882
1882
1915
1955
1903
1903
1841
1917
1940
1926
1884
1895
1973
1988
2044
1966
1949
1949
1944
1983
1937
1885
1921
1948
1896
1879
1927
1927
1927
1922
1911
1961
1961
1974
2017
2017
2040
2130
2111
2103
2134
2222
2097
2186
2118
2117
2112
2089
2062
2062
2062
2062
2169
2169
2198
2198
2169
2074
2090
1991
1931
1992
2037
1957
1957
1927
1914
1932
1976
2016
1948
1985
1974
1896
1900
1900
1870
1870
1870
1866
1866
1863
1957
2034
2034
2112
2112
2112
2048
2088
2055
2100
2051
2018
1979
1893
1986
2008
1910
1875
1910
1958
1984
2080
2084
2054
2028
2066
2069
1987
1963
1925
1949
1961
1974
1925
1938
1957
1967
1946
1911
1910
1917
1923
1923
1977
2006
1952
2027
1999
1973
1939
1908
1908
1967
2001
2010
2010
1997
2033
1945
1950
1950
1950
2003
2060
1992
1992
2000
1933
1984
1978
1978
1921
1961
1969
1942
2134
2204
2150
2102
2010
2050
2090
2053
2071
2029
2014
2039
2090
1985
1996
1938
1990
2002
2002
2013
2013
2039
2059
2140
2038
2025
2025
2025
2031
2018
2018
2008
2054
1951
1924
1913
1938
1997
2021
1993
1981
1981
1991
2019
2073
2073
2085
2162
2080
2080
2117
2068
2109
2046
2046
2038
2012
2037
2014
2014
1966
2014
2014
1940
2042
2006
1990
1990
2006
2050
2028
2056
2056
1986
1988
2014
2014
2021
1995
2020
2025
2038
2041
2041
1996
2008
2008
2062
1978
1972
1975
1975
1979
2009
2009
2017
2033
1943
2014
1992
2005
2001
1995
2018
1994
1910
1935
1927
1916
1898
1883
2047
2027
2010
1997
1897
1897
1882
1882
1882
1918
1918
1901
1881
1896
1869
1828
1863
1919
1846
1846
1798
1977
2068
2057
2039
2010
1999
1952
1941
1897
1897
1895
1951
1918
1949
1949
1982
2007
1981
2038
2048
2051
1999
2015
2055
2077
2077
1973
1955
2012
2054
2025
2066
2066
2060
2125
2052
2052
2058
2036
1881
1905
1900
1900
1906
1922
1951
1951
1951
1951
1988
2026
1973
1973
1973
2121
2148
2148
2165
2211
2273
2289
2201
2129
2126
2105
2026
2123
2057
2035
2072
2025
1965
2025
2055
2055
2015
2058
2010
2076
2076
1997
1957
1957
1957
1957
1953
2007
2022
1940
2038
2000
1994
2037
1977
2009
2027
1985
1975
1994
2024
2005
2000
1981
1999
1988
2006
1966
1990
1987
1987
1969
1977
2030
1954
1995
1995
2021
2011
1958
1942
1992
2008
2048
2022
2020
2020
2043
2032
2032
2032
2008
1946
1946
1968
1953
2014
1941
1939
1952
2031
2031
2028
2031
2019
2011
1986
1924
1892
1769
1785
1760
1744
1755
1824
1824
1794
1821
1897
1897
1975
1976
1991
2050
2048
2168
2168
2161
2163
2118
2118
2097
2165
2143
2143
2112
2112
2031
2021
1926
1990
1990
1963
1963
1983
1994
1993
2046
2082
2058
2073
2014
2006
2006
2051
2035
2114
2034
2048
2048
2043
2033
2092
2030
2078
2126
2111
2178
2178
2135
2059
1950
1996
1996
2051
2068
2027
2027
2024
1997
1971
2017
2017
1966
1894
1919
1962
1981
1981
1983
1968
1926
1915
1975
2043
2010
2010
2003
2003
2003
1939
1939
1939
1909
1966
2005
1892
1841
1872
1969
1969
1951
1951
2050
2193
2211
2126
2002
2002
2013
2036
2060
2103
2086
2072
1970
2081
2081
2105
2132
2132
2156
2147
2132
1993
2041
2041
2010
1977
1977
1988
1997
1962
2013
1982
2018
1974
2019
2030
2003
1992
1967
1967
1990
1977
1977
1898
1955
1899
1931
2029
2036
2038
1951
1998
2068
2065
1946
2033
2060
1980
2066
2097
2097
2046
2089
2097
2125
1997
1997
2020
2041
2046
2113
2113
2070
2059
1934
1904
1934
1918
1918
2031
1983
2027
2023
2023
2023
2084
2084
2049
2047
2135
2048
2017
2017
2023
2023
2023
2066
2024
2022
1953
1944
1934
1947
1961
1949
1949
1888
1888
1914
1905
1936
1905
1941
1950
1969
1969
1955
1949
1953
1987
1973
1958
1958
2015
2018
1975
1949
1949
1949
1957
1945
1925
1953
1951
1895
1893
1938
1949
1943
1959
1992
1987
1952
2012
2030
2009
2046
2030
2022
2022
2015
1974
2055
2132
2096
2076
2067
2061
2074
2084
2041
2041
2057
2054
1991
1986
1993
1990
1964
1962
1962
1966
2026
1999
2026
2121
2079
2025
2053
2089
2097
2164
2153
2153
2129
2039
2031
2036
2036
2028
2038
2023
2014
2014
2014
1935
1992
1997
2030
2050
2036
2036
2118
2094
2113
2113
2143
2143
2120
2095
2076
2054
2054
2081
2081
2081
2081
1951
1963
1939
1913
1973
1872
1861
1854
1852
1884
1890
1890
1890
1922
1981
1946
1946
1946
1946
1977
1977
1977
1926
1926
1962
1976
1976
1976
1976
1970
1997
2012
2016
2014
2007
2018
2039
2046
2039
2021
2001
2029
2053
2037
2013
2029
2051
2000
1990
1997
2029
2037
2053
2077
2203
2203
2239
2261
2203
2179
2160
2160
2056
2058
2055
2055
2011
2011
2025
2110
2110
2155
2086
2049
2027
2054
2054
2120
2064
2022
2047
1944
1967
1937
1974
1974
1959
2003
2033
1969
1969
2014
2078
2002
1975
1975
1996
1978
2004
2011
2011
2051
2076
2064
2056
2116
2116
2116
2026
2008
2036
2074
2062
2057
2035
2035
1994
1994
2024
2024
2024
2024
2074
2036
1970
1935
1971
2019
2019
2004
2028
2056
2022
1998
1989
1989
1986
1996
1996
1996
2009
2009
1964
1897
1881
1878
1900
1924
1933
1926
1909
2043
1954
1966
1941
2048
1979
1979
1979
1979
2027
2056
2016
2012
1984
2033
2033
1985
1985
1985
2043
2091
2092
2000
2144
2173
2118
2094
2096
2120
2155
2064
1945
1874
1853
1853
1924
1924
1938
1938
1917
1917
1917
1954
1942
1880
1889
1907
1816
1872
1862
1952
1936
2021
2045
1965
2016
1987
1852
1871
1958
1926
1897
1897
1897
1956
1956
1898
1898
1898
1895
1941
1987
1968
2000
2000
2000
2017
1935
2049
2049
2109
2027
2007
2074
2095
1961
1915
1946
2017
2020
1976
2021
2039
2039
1988
1967
1929
1965
1965
1954
1972
1931
1982
1977
1947
1947
1981
2059
2019
2041
1946
1946
1945
1956
1886
1941
1941
1939
1984
1984
1974
1925
1920
1982
1898
1898
1879
1906
1913
1916
1904
1904
1904
1904
1969
1977
1977
1985
1937
1937
1983
2037
1953
1990
1944
2028
2028
1999
1978
2012
1915
1890
1890
1925
1931
1888
1943
1943
1907
1899
1962
1959
1934
1927
1962
2035
2035
2035
1986
1992
2002
2029
2061
2061
1974
2013
2037
2005
2005
1997
1953
1929
2001
1966
1966
1959
1940
1940
1964
1988
1941
1927
1930
1975
2000
2007
2040
2040
2040
1987
1991
1991
2023
2080
2094
2173
2150
2148
2102
2027
2022
2064
2064
2014
1999
1999
1942
1935
1934
1964
2026
1950
1974
1974
1954
1917
1917
1917
1920
1917
1917
1946
1943
1863
1918
1918
1954
1938
1854
1899
1890
1900
1922
1922
1922
1969
1964
1940
1944
1939
1927
1905
1858
1924
1924
1947
1922
1934
1904
1961
2030
2040
1963
1963
1963
1968
1968
2009
2009
2019
2010
2010
2023
1949
2022
1993
1957
1998
1998
2003
2003
2003
2003
2034
2053
2032
2051
2051
2032
2032
2085
2032
1963
1963
2011
2016
2016
2016
2016
2016
2009
2034
2034
2020
1999
1972
1953
2004
1982
2005
2005
2012
2005
1903
1869
1977
1952
1952
1902
1881
1881
1897
1897
1905
1897
1890
1934
1922
1875
1875
1875
1879
1904
1915
1915
1924
1914
1936
1936
1936
1950
1950
1945
1945
1945
1971
1971
1927
1976
2020
2091
2036
2039
2111
2171
2189
2092
2119
2059
2059
2117
2101
2101
2101
2035
2035
2035
2069
2070
2055
2055
2127
2139
2055
2038
2068
2057
2028
1935
1983
1948
1948
1953
1948
1907
1923
1871
1871
1867
1872
1872
1872
1923
1905
1905
1905
1905
1905
1905
1952
1980
1991
1991
1896
1916
1916
1968
1902
1902
1888
1888
1892
1892
1913
1958
1958
1958
1932
1905
1902
1873
1863
1909
1909
1909
1910
1910
1893
1893
1886
1886
1917
1917
1917
1924
1924
1942
1943
1912
1912
1912
1929
1948
1900
1863
1892
1958
1958
2026
2026
2032
2032
2032
1922
1923
1923
1979
1986
1974
1899
1928
1990
1964
1964
1931
1944
1944
1933
1944
1948
1927
1927
1991
1940
1940
1987
1987
1987
2063
2062
2044
2083
2087
2030
2030
2030
1969
1969
1969
1969
2007
2027
2027
2027
2044
1994
1994
1956
1924
1924
1922
1922
1902
1905
1910
1933
1933
1950
1950
1871
1871
1900
1858
1851
1796
1796
1857
1857
1910
1877
1877
1874
1954
2029
1954
1954
1917
1917
1930
1914
1874
1882
1871
1966
1840
1843
1840
1799
1799
1800
1800
1839
1868
1880
1880
1880
1942
1963
1931
1986
1986
1983
2022
1977
1997
1949
2006
2006
2006
2006
2007
2007
1932
1942
1885
1937
1906
1906
1906
1915
1923
1923
1923
1923
1960
1965
1992
1989
1908
1965
1971
1971
1947
1902
1926
1945
1977
2039
2039
2037
2056
1992
2052
1966
2007
2007
2012
2000
2046
2112
2099
1964
1986
1969
1957
1935
1914
1902
1981
2005
2005
2005
1976
1976
1976
1946
1976
1955
1955
1969
1882
1892
1941
1937
1934
1905
1905
1858
1851
1851
1861
1979
1965
1941
1861
1861
1861
1861
1861
1966
1964
1939
2025
1921
1853
1853
1909
1914
1952
1947
1947
1947
1904
1904
1917
1917
1917
1917
1962
1987
1983
1975
1975
1949
1935
1935
1969
1967
1990
1930
1917
1935
1886
1886
1875
1875
1838
1896
1901
1932
1959
1959
1980
2042
2041
2041
2021
2015
2017
2014
1991
1999
1981
1987
1987
2032
2008
2029
2021
2022
1946
1940
1986
1986
2049
1999
1939
1930
1930
1928
1926
1937
1958
1981
1933
1841
1890
1959
1890
1890
1884
1875
1815
1838
1827
1783
1783
1806
1848
1883
1867
1867
1867
1859
1864
1864
1864
1875
1875
1875
1839
1886
1886
1886
1886
1929
1842
1841
1862
1892
1892
1938
1951
1898
1931
1968
1987
2025
2001
2004
1961
1989
1932
1932
1932
1846
1839
1848
1872
1881
1913
1913
1914
1883
1926
1926
1970
1900
1899
1899
1899
1941
1965
1965
1965
1920
1998
1947
2008
1995
2052
2085
2081
2050
2054
2069
1991
2001
2001
1982
1988
2006
2050
2068
2015
2015
1979
1979
1932
1935
1935
1909
1928
1928
1954
1959
2002
2002
2002
1953
1953
1937
1937
2019
2019
2019
2053
2121
2062
1977
1991
2045
2046
2052
2001
2115
2022
2071
1991
2023
2030
2030
1963
1960
1894
1894
1886
1886
1880
1968
1948
1983
2028
2030
2030
1994
1956
1956
1956
1956
2020
2021
2025
2014
1928
1994
1941
1934
1941
1933
1928
1950
2030
2030
2047
2115
2097
2110
2127
2065
2065
2092
2045
2044
2021
2054
2057
2057
1994
2003
2055
1995
1981
2026
2059
2056
2056
2086
2071
2062
2023
2023
2032
2071
2071
2071
2073
2042
2087
2189
2252
2251
2251
2251
2251
2219
2219
2215
2203
2203
2180
2127
2127
2194
2129
2081
1993
2054
2036
1994
2003
2022
2015
2015
2064
2040
2064
2067
2067
2066
2066
2026
1938
2016
2013
2016
2068
2078
2026
2002
1997
2018
2045
1980
1980
1977
1977
1977
1968
1955
1918
1951
1915
1897
1861
1891
1898
1835
1850
1798
1798
1888
1842
1953
2014
1975
1975
1923
1951
2004
1946
1923
1962
1932
1995
1945
1949
1949
1999
1999
1999
2005
2028
2040
2040
2036
2030
2048
2048
2048
2011
2034
2022
2022
2009
1992
1972
2014
2014
1983
1919
1919
1906
1939
1939
1939
1953
2050
2050
2015
2015
1877
1896
1896
1917
1853
1817
1817
1823
1817
1847
1847
1847
1847
1847
1847
1847
1884
1884
1865
1943
1961
1898
1940
1943
1925
1899
1886
1886
1945
1921
1921
1921
1921
1983
1909
1921
1921
1957
1988
1902
1902
1948
1980
1982
1949
1904
1970
1964
1891
1891
1830
1880
1880
1880
1880
1910
1904
1969
1986
1935
1959
1959
1959
1964
1953
2015
2032
1959
1959
1948
1904
1904
1896
1896
1896
1921
1933
1933
1958
1958
1958
1926
1903
1853
1853
1837
1898
1890
1917
1917
1934
1934
1934
1963
1963
1910
1957
1957
1910
1934
1934
1958
1940
2038
2038
1979
1971
1941
1985
1941
1986
1986
1986
1899
1876
1876
1850
1802
1795
1795
1787
1787
1787
1902
1914
1894
1884
1903
1949
1969
1994
2018
2018
1974
1948
1941
1958
1943
1914
2007
1917
1927
1961
1931
1935
1947
1947
1965
1954
1907
1970
2015
2005
2005
2016
1958
2020
2021
2021
1930
1932
1932
1909
1899
1902
1908
1862
1797
1804
1804
1837
1802
1892
1892
1851
1851
1851
1859
1875
1875
1875
1875
1853
1853
1805
1805
1805
1805
1809
1809
1809
1763
1782
1782
1782
1782
1845
1845
1845
1857
1844
1873
1873
1879
1879
1879
1840
1840
1827
1807
1769
1769
1769
1791
1851
1851
1851
1851
1851
1804
1804
1804
1804
1822
1822
1807
1807
1849
1829
1829
1852
1852
1886
1863
1863
1863
1863
1863
1863
1849
1876
1875
1875
1822
1822
1867
1865
1889
1889
1908
1983
1962
2013
2001
2001
1987
1988
1946
1886
1886
1871
1873
1873
1908
1908
1908
1881
1972
1972
1927
1928
1944
1944
2037
2037
1963
1956
1932
1936
2019
2019
2047
2015
2058
2058
2141
2096
2090
2079
1962
1962
1966
1951
2019
2019
2004
2004
1959
1953
1953
1887
1887
1859
1907
1932
1932
1897
1922
1930
1969
1930
1930
1928
1985
1985
2007
2007
2028
1962
1962
1962
1983
1983
2003
2019
2042
2071
2108
2070
2072
1990
1973
2003
1918
1918
1958
1937
1937
1900
1900
1860
1860
1860
1860
1860
1860
1860
1876
1851
1851
1851
1846
1873
1938
1930
1989
1989
1973
1958
1958
1924
1910
1926
1926
1894
1894
1916
1898
1941
1956
1956
1966
1986
1962
1962
2028
2028
2097
2133
2133
2099
2099
2075
1990
1990
1990
1951
1951
1970
1970
1970
1970
2003
2022
2022
2022
2049
2018
2053
1972
1943
1943
1906
1964
1964
1953
1964
1943
1943
1943
1982
1989
1924
1924
1913
1903
1903
1903
1906
1903
2000
1939
1939
2029
2029
1986
1932
1884
1884
1884
1910
1859
1859
1829
1829
1829
1816
1816
1816
1816
1816
1797
1797
1852
1890
1852
1920
1967
1962
1958
1967
1968
1984
1984
2000
1970
1955
1948
1948
1948
1954
1989
1957
1957
1964
1964
1973
1973
1973
1937
1912
1951
1951
1951
1947
1884
1884
1884
1884
1884
1927
1919
1919
1942
1941
1941
1913
1874
1913
1920
1910
1910
1915
1915
1915
1915
1955
2050
2050
2094
2094
2044
2038
2035
2035
2069
2055
2043
2043
2087
2076
2104
2013
1983
1983
1983
1983
1983
1964
1936
1936
1936
1936
1948
1987
1987
1992
1968
1964
1967
1967
1970
1960
1960
1960
1960
1962
1949
1943
1970
1924
1924
1910
1910
1910
1897
1878
1934
1947
1967
1981
1981
1988
1973
1985
1976
2005
2005
1961
1961
1983
1981
1970
1913
1950
1921
1921
1921
1919
1919
1921
1921
1913
1913
1913
1924
1924
1924
1922
1921
1921
1950
1950
1933
1935
1919
1878
1878
1824
1840
1840
1907
1880
1878
1903
1903
1909
1909
1944
1955
1992
2009
2046
1948
1948
1960
1898
1898
1898
1898
1898
1898
1848
1810
1874
1805
1805
1797
1797
1797
1797
1797
1762
1762
1762
1777
1777
1802
1754
1754
1754
1754
1754
1754
1746
1746
1746
1746
1746
1746
1780
1780
1780
1780
1780
1780
1780
1798
1798
1798
1781
1770
1770
1882
1882
1880
1880
1880
1913
1913
1913
1913
1913
1876
1904
1904
1904
1915
1915
1915
1919
1919
1938
1938
1940
1940
1985
2005
2005
1930
2005
2001
2001
2001
2014
1975
1997
1997
1959
1959
1920
1951
1951
1976
1976
1976
1959
1959
1959
1997
1997
1997
2000
2000
2106
2154
2070
2029
2019
2001
1981
1959
1988
1988
1973
1936
1907
1907
1907
1857
1913
1883
1883
1883
1883
1893
1912
1912
1912
1952
1937
1911
1928
1930
1930
1930
1930
1906
1925
1925
1977
2002
2005
2001
2061
2053
2028
1995
1977
1957
1957
1976
1941
1920
1920
1920
1889
1943
1960
1960
1892
1899
1899
2037
2037
2056
1975
1966
1938
1952
1962
1946
1955
1955
1959
1959
1959
1993
1968
1949
1973
1971
1998
1971
2004
2004
2000
2020
2031
2031
2028
1975
1975
2040
1996
1969
1906
1893
1870
1870
1870
1906
1974
1974
1974
2093
2046
2032
1984
1997
2006
2015
2015
2013
1982
2071
2118
2118
2085
2105
2173
2122
2090
2028
2004
2004
2004
2028
2026
2026
2029
2029
1963
1995
2005
2005
1982
1982
1982
1982
1982
1982
2000
2000
2056
2044
2060
2045
2018
2018
2051
2051
2119
2024
2023
2019
1990
2011
2011
2011
2011
1999
1999
1999
1972
1983
1969
1969
1985
1985
1985
1985
1913
2025
2042
1969
1969
1972
1957
1935
1935
1930
1910
1908
1930
1896
1896
1896
1903
1903
1892
1892
1892
1873
1873
1873
1873
1873
1868
1868
1884
1884
1905
1905
1905
1896
1896
1896
1896
1896
1988
1978
1979
1979
1979
1973
1973
1973
1970
1970
1926
1826
1826
1864
1864
1864
1864
1899
1899
1899
1889
1881
1895
1895
1903
1964
1964
1972
1972
1927
1950
1950
1929
1929
1940
1971
1967
1967
1967
1961
1959
1954
1954
1954
1954
1954
1963
1962
1961
1942
1976
1941
1847
1847
1830
1830
1847
1931
1946
1916
1868
1891
1891
1887
1887
1846
1887
1898
1898
1881
1881
1890
1890
1908
1908
1851
1851
1823
1823
1823
1823
1823
1823
1823
1823
1892
1913
1860
1881
1881
1881
1861
1861
1861
1934
1917
1903
1903
1913
1913
1899
1899
1881
1854
1824
1868
1868
1845
1845
1845
1897
1914
1950
1950
1959
1959
1959
1959
1934
1934
1987
2014
2016
1938
1938
1918
1906
1926
1929
1944
1944
1860
1865
1896
1896
1885
1906
1906
1861
1876
1805
1805
1805
1805
1805
1805
1805
1840
1840
1845
1825
1825
1825
1857
1913
1913
1933
1948
1948
1948
1980
1980
1980
1980
1969
1969
1933
1933
1898
1871
1849
1849
1849
1917
1917
1844
1844
1844
1877
1877
1870
1923
1914
1914
1914
1877
1888
1888
1897
1866
1866
1921
1921
1921
1921
1860
1909
1909
1909
1909
1895
1893
1931
1931
1934
1906
1923
1923
1923
1847
1856
1884
1911
1911
1911
1871
1871
1853
1853
1906
1906
1906
1871
1889
1944
1909
1909
1909
1866
1866
1866
1896
1813
1812
1817
1809
1809
1809
1809
1816
1816
1897
1899
1889
1879
1879
1879
1800
1807
1812
1812
1858
1858
1856
1856
1837
1821
1821
1796
1796
1796
1796
1801
1810
1820
1820
1820
1817
1818
1835
1835
1835
1835
1835
1827
1850
1850
1850
1852
1852
1852
1852
1852
1847
1847
1847
1816
1816
1816
1816
1816
1816
1824
1824
1824
1824
1824
1821
1821
1821
1821
1821
1821
1821
1814
1824
1820
1820
1820
1820
1820
1820
1829
1838
1838
1832
1839
1839
1868
1868
1876
1876
1876
1876
1876
1882
1882
1874
1874
1874
1874
1874
1874
1877
1877
1877
1877
1900
1900
1829
1838
1847
1847
1847
1847
1847
1839
1839
1874
1874
1874
1879
1879
1879
1885
1882
1885
1885
1870
1870
1870
1870
1870
1870
1870
1898
1858
1858
1892
1892
1920
1920
1913
1913
1913
1913
1898
1872
1872
1872
1845
1845
1845
1840
1832
1867
1854
1854
1856
1850
1850
1858
1858
1874
1874
1865
1865
1883
1883
1883
1897
1897
1897
1897
1876
1876
1863
1863
1861
1897
1897
1955
1955
1978
1912
1875
1875
1875
1875
1895
1895
1895
1915
1898
1898
1886
1879
1856
1824
1893
1893
1868
1857
1867
1867
1856
1856
1856
1856
1856
1856
1856
1856
1863
1856
1856
1937
1933
1933
1933
1933
1933
1915
1904
1884
1886
1910
2000
1974
1979
1896
1896
1839
1833
1801
1801
1801
1801
1801
1801
1801
1801
1801
1801
1801
1801
1801
1748
1748
1748
1748
1748
1748
1748
1748
1748
1748
1748
1797
1797
1797
1722
1722
1722
1763
1788
1812
1812
1812
1812
1902
1902
1897
1857
1860
1860
1839
1839
1839
1839
1839
1839
1839
1839
1887
1862
1852
1812
1812
1824
1824
1824
1824
1824
1854
1824
1824
1824
1824
1824
1824
1824
1810
1860
1860
1832
1843
1839
1839
1851
1851
1868
1846
1846
1846
1846
1845
1830
1812
1843
1843
1826
1851
1834
1834
1834
1823
1823
1823
1823
1807
1807
1807
1761
1761
1761
1798
1789
1735
1779
1779
1779
1750
1729
1729
1741
1809
1762
1762
1762
1748
1748
1748
1748
1748
1809
1805
1805
1749
1749
1749
1749
1749
1749
1749
1749
1749
1749
1749
1749
1749
1749
1749
1749
1745
1745
1736
1736
1736
1736
1736
1754
1795
1795
1803
1819
1825
1777
1777
1777
1777
1777
1777
1772
1772
1772
1772
1772
1772
1798
1807
1826
1819
1819
1849
1849
1849
1849
1849
1865
1865
1855
1900
1908
1931
1915
1915
1923
1923
1923
1947
1923
1863
1863
1842
1842
1842
1834
1834
1842
1816
1816
1809
1809
1809
1809
1828
1828
1825
1825
1861
1861
1861
1861
1836
1830
1830
1852
1834
1834
1834
1834
1834
1834
1834
1833
1831
1826
1826
1826
1843
1843
1838
1838
1838
1800
1800
1800
1800
1800
1800
1781
1779
1779
1779
1800
1800
1800
1800
1877
1859
1859
1923
1923
1923
1867
1888
1904
1904
1904
1918
1879
1879
1909
1909
1909
1933
1933
1896
1933
1948
1955
1955
1955
1937
1884
1884
1884
1884
1873
1873
1897
1923
1942
1942
1942
1939
1981
1892
1892
1912
1907
1940
1921
1975
1966
1966
1966
1927
1927
1939
1939
1907
1907
1907
1907
1907
1907
1907
1863
1863
1800
1800
1794
1780
1780
1721
1721
1721
1721
1721
1726
1726
1726
1740
1740
1755
1755
1757
1757
1757
1757
1757
1758
1781
1870
1852
1852
1852
1852
1852
1887
1887
1890
1890
1890
1882
1822
1822
1822
1834
1834
1817
1809
1752
1752
1752
1752
1752
1749
1749
1749
1749
1723
1765
1701
1681
1681
1681
1681
1701
1701
1677
1751
1751
1751
1759
1759
1827
1802
1802
1802
1802
1802
1777
1777
1777
1760
1760
1760
1760
1760
1760
1760
1760
1760
1760
1760
1760
1760
1760
1760
1760
1760
1759
1759
1759
1759
1759
1759
1759
1759
1759
1759
1759
1748
1748
1748
1748
1748
1748
1748
1748
1748
1748
1748
1748
1748
1748
1791
1791
1791
1780
1780
1780
1780
1780
1780
1795
1795
1795
1795
1795
1795
1795
1795
1795
1795
1795
1800
1800
1797
1797
1797
1797
1795
1792
1816
1795
1780
1780
1780
1780
1780
1780
1780
1780
1780
1780
1780
1780
1780
1780
1780
1780
1817
1817
1817
1766
1766
1766
1766
1766
1766
1766
1785
1785
1785
1785
1813
1785
1785
1785
1788
1788
1806
1806
1819
1801
1801
1801
1801
1801
1801
1801
1801
1801
1801
1801
1834
1834
1811
1811
1811
1811
1811
1811
1817
1817
1817
1817
1814
1814
1814
1819
1819
1819
1792
1792
1792
1792
1808
1808
1808
1808
1808
1808
1789
1794
1825
1825
1825
1825
1825
1825
1825
1825
1825
1778
1778
1778
1775
1775
1775
1817
1817
1817
1817
1817
1817
1817
1817
1831
1831
1831
1831
1819
1819
1819
1819
1819
1819
1819
1819
1834
1834
1834
1834
1834
1834
1834
1834
1854
1854
1854
1854
1854
1833
1826
1826
1842
1842
1841
1841
1823
1801
1774
1774
1774
1774
1774
1774
1752
1752
1752
1752
1752
1752
1746
1746
1746
1779
1779
1779
1779
1779
1779
1785
1785
1862
1829
1829
1829
1865
1862
1862
1836
1836
1820
1829
1829
1829
1845
1847
1744
1744
1744
1765
1800
1800
1800
1800
1797
1797
1797
1802
1858
1858
1858
1858
1847
1840
1840
1840
1840
1863
1843
1905
1905
1905
1905
1905
1905
1889
1889
1889
1889
1834
1834
1873
1873
1873
1873
1873
1891
1891
1891
1891
1891
1891
1872
1864
1864
1864
1870
1870
1870
1870
1857
1874
1874
1876
1876
1873
1874
1879
1879
1835
1832
1832
1832
1832
1832
1832
1822
1822
1822
1822
1822
1822
1822
1822
1822
1822
1822
1822
1805
1805
1805
1805
1805
1805
1805
1805
1805
1805
1805
1805
1805
1805
1805
1805
1810
1810
1810
1807
1807
1807
1808
1808
1862
1862
1862
1862
1862
1862
1807
1807
1807
1807
1807
1807
1831
1831
1831
1831
1811
1811
1816
1816
1812
1812
1778
1783
1754
1789
1789
1789
1798
1798
1798
1798
1798
1798
1798
1798
1798
1798
1798
1775
1775
1775
1775
1775
1775
1775
1775
1782
1782
1782
1782
1782
1808
1808
1832
1814
1799
1775
1775
1780
1780
1748
1769
1769
1765
1765
1765
1765
1765
1765
1765
1773
1710
1710
1710
1710
1710
1710
1710
1710
1710
1710
1710
1710
1710
1718
1718
1718
1718
1718
1718
1718
1718
1733
1733
1733
1721
1721
1721
1744
1747
1747
1747
1747
1747
1728
1728
1728
1728
1728
1728
1735
1735
1735
1747
1738
1762
1762
1762
1762
1762
1765
1765
1765
1785
1753
1753
1753
1753
1753
1753
1753
1753
1753
1752
1752
1752
1752
1752
1752
1752
1729
1729
1729
1758
1758
1758
1758
1789
1789
1789
1772
1753
1753
1753
1768
1741
1741
1741
1741
1741
1741
1741
1741
1741
1741
1741
1728
1728
1779
1775
1775
1775
1775
1775
1776
1776
1776
1776
1768
1768
1768
1768
1788
1788
1788
1795
1795
1803
1803
1803
1780
1780
1754
1754
1754
1813
1730
1730
1730
1745
1745
1745
1741
1741
1741
1741
1805
1805
1805
1801
1801
1796
1821
1821
1821
1820
1812
1826
1821
1821
1821
1821
1821
1821
1821
1821
1829
1829
1829
1829
1829
1829
1829
1829
1829
1829
1829
1870
1870
1854
1854
1854
1805
1805
1805
1805
1805
1791
1791
1793
1793
1797
1765
1765
1765
1765
1765
1774
1774
1774
1774
1777
1777
1736
1736
1736
1751
1751
1772
1772
1772
1772
1772
1772
1772
1772
1772
1784
1799
1799
1799
1799
1799
1799
1799
1813
1813
1813
1833
1833
1833
1833
1833
1833
1799
1799
1803
1803
1803
1803
1803
1803
1803
1830
1830
1824
1824
1813
1813
1835
1835
1836
1831
1831
1831
1831
1831
1845
1845
1860
1832
1847
1847
1869
1836
1835
1835
1835
1835
1827
1827
1827
1827
1827
1827
1827
1827
1827
1828
1808
1808
1808
1808
1777
1777
1777
1764
1764
1764
1764
1764
1764
1764
1764
1764
1764
1764
1764
1764
1764
1764
1764
1764
1764
1764
1763
1763
1756
1756
1756
1756
1756
1756
1756
1756
1756
1756
1756
1750
1750
1750
1742
1742
1742
1742
1742
1742
1742
1743
1743
1743
1743
1771
1771
1771
1771
1771
1771
1771
1765
1765
1765
1765
1765
1765
1765
1765
1765
1765
1765
1765
1759
1759
1760
1760
1760
1712
1712
1712
1712
1712
1712
1712
1747
1747
1728
1728
1728
1728
1728
1728
1728
1728
1728
1728
1728
1706
1706
1706
1694
1720
1727
1727
1727
1727
1727
1727
1750
1750
1750
1750
1750
1735
1735
1735
1735
1740
1740
1740
1740
1740
1745
1738
1738
1738
1738
1738
1738
1738
1738
1730
1730
1730
1730
1730
1730
1730
1730
1730
1719
1719
1730
1730
1730
1737
1737
1737
1737
1737
1737
1742
1742
1731
1731
1731
1731
1731
1719
1719
1720
1720
1720
1720
1720
1720
1719
1719
1719
1719
1719
1719
1719
1718
1718
1718
1718
1718
1718
1718
1718
1718
1718
1718
1718
1718
1718
1718
1718
1696
1696
1696
1696
1690
1690
1690
1689
1689
1689
1689
1689
1689
1710
1715
1715
1715
1715
1715
1715
1707
1707
1740
1740
1723
1723
1723
1723
1723
1723
1723
1723
1723
1723
1723
1723
1723
1723
1723
1730
1730
1730
1730
1730
1730
1730
1742
1742
1742
1742
1742
1742
1742
1742
1742
1740
1709
1709
1709
1709
1709
1709
1709
1709
1696
1696
1696
1735
1735
1726
1726
1726
1726
1727
1727
1727
1727
1727
1727
1727
1727
1701
1701
1701
1701
1701
1687
1687
1687
1687
1687
1687
1687
1687
1687
1687
1677
1698
1698
1698
1696
1696
1696
1696
1696
1696
1696
1696
1696
1687
1687
1687
1687
1687
1687
1687
1687
1687
1687
1687
1693
1693
1689
1689
1689
1689
1689
1689
1689
1689
1689
1689
1689
1689
1689
1689
1691
1691
1691
1691
1691
1691
1691
1691
1691
1691
1691
1691
1691
1691
1691
1703
1703
1703
1703
1703
1703
1703
1703
1703
1703
1703
1703
1702
1702
1702
1702
1702
1702
1702
1702
1702
1720
1746
1745
1745
1756
1756
1756
1756
1756
1756
1756
1742
1742
1763
1763
1763
1763
1761
1761
1754
1735
1735
1723
1723
1723
1723
1723
1723
1723
1723
1723
1703
1703
1715
1715
1715
1715
1715
1715
1715
1715
1715
1715
1715
1715
1715
1715
1715
1715
1715
1715
1712
1712
1712
1712
1712
1712
1712
1712
1712
1712
1712
1712
1712
1712
1712
1711
1711
1711
1711
1711
1711
1710
1710
1710
1710
1710
1710
1710
1710
1710
1710
1710
1710
1711
1711
1711
1711
1711
1711
1711
1711
1711
1711
1711
1724
1724
1724
1724
1724
1724
1724
1704
1704
1704
1704
1704
1704
1704
1704
1704
1704
1680
1680
1680
1680
1680
1680
1680
1680
1680
1680
1680
1680
1680
1680
1680
1680
1680
1680
1680
1680
1680
1680
1680
1680
1680
1680
1680
1680
1680
1680
1680
1680
1680
1680
1680
1680
1680
1680
1680
1680
1680
1680
1680
1680
1680
1680
1680
1680
1680
1680
1680
1680
1680
1680
1680
1680
1680
1680
1680
1680
1680
1680
1680
1680
1680
1680
1680
1680
1680
1680
1680
1680
1680
1680
1680
1680
1680
1680
1680
1680
1680
1680
1677
1677
1677
1677
1677
1677
1677
1677
1677
1677
1677
1677
1677
1677
1677
1677
1677
1677
1677
1677
1677
1677
1677
1677
1677
1677
1677
1677
1677
1677
1677
1677
1677
1677
1677
1677
1677
1677
1677
1677
1677
1677
1677
1677
1677
1677
1677
1677
1677
1677
1677
1677
1677
1677
1677
1677
1677
1677
1677
1680
1680
1680
1680
1715
1715
1715
1715
1715
1715
1715
1715
1715
1715
1715
1706
1704
1716
1716
1716
1716
1716
1716
1716
1716
1716
1716
1704
1704
1704
1704
1704
1704
1704
1704
1704
1704
1704
1720
1720
1720
1720
1720
1720
1720
1720
1720
1720
1708
1708
1708
1708
1708
1708
1708
1708
1708
1708
1708
1708
1708
1708
1708
1708
1708
1708
1708
1708
1708
1708
1713
1703
1703
1703
1703
1707
1707
1707
1707
1707
1707
1707
1707
1707
1707
1707
1707
1707
1707
1707
1722
1722
1722
1722
1722
1722
1722
1722
1722
1722
1722
1722
1723
1723
1723
1723
1724
1724
1724
1724
1724
1724
1724
1724
1723
1723
1723
1723
1723
1723
1723
1723
1723
1723
1714
1714
1711
1711
1711
1711
1711
1711
1711
1711
1711
1711
1710
1710
1710
1710
1710
1710
1710
1710
1710
1710
1710
1710
1710
1710
1710
1710
1710
1710
1710
1710
1710
1710
1710
1710
1710
1710
1710
1710
1710
1710
1710
1710
1710
1710
1710
1710
1710
1710
1716
1716
1716
1716
1716
1716
1716
1716
1716
1716
1716
1716
1716
1716
1716
1716
1716
1716
1716
1716
1716
1716
1716
1716
1716
1716
1716
1716
1716
1716
1716
1716
1716
1716
1716
1716
1716
1716
1716
1716
1716
1716
1716
1716
1716
1716
1716
1716
1716
1716
1716
1716
1716
1716
1716
1716
1716
1716
1716
1716
1716
1716
1716
1716
1716
1716
1716
1716
1716
1716
1716
1716
1716
1716
1716
1715
1715
1715
1715
1715
1715
1715
1715
1715
1715
1715
1715
1715
1715
1715
1715
1715
1715
1715
1715
1715
1715
1715
1715
1715
1715
1715
1715
1715
1715
1715
1715
1715
1678
1678
1678
1678
1678
1678
1678
1684
1684
1684
1684
1684
1667
1677
1677
1677
1677
1677
1677
1677
1667
1667
1667
1667
1667
1674
1674
1674
1674
1674
1674
1674
1674
1674
1674
1674
1674
1674
1674
1674
1674
1674
1674
1674
1674
1674
1674
1674
1674
1674
1674
1674
1674
1674
1674
1674
1673
1673
1673
1673
1673
1673
1673
1673
1668
1668
1668
1668
1668
1668
1668
1668
1668
1668
1668
1668
1668
1668
1668
1668
1668
1668
1668
1668
1668
1668
1668
1668
1668
1668
1668
1668
1668
1668
1668
1668
1668
1668
1668
1668
1668
1668
1668
1668
1668
1668
1668
1668
1668
1668
1668
1668
1668
1668
1668
1668
1668
1668
1668
1668
1668
1668
1668
1668
1668
1668
1668
1668
1668
1668
1668
1668
1668
1668
1668
1668
1668
1668
1662
1662
1662
1662
1662
1662
1662
1662
1662
1662
1662
1662
1662
1662
1662
1662
1662
1662
1662
1662
1662
1662
1662
1662
1662
1662
1662
1662
1662
1662
1662
1662
1662
1662
1662
1662
1662
1662
1662
1662
1662
1662
1662
1662
1662
1647
1647
1647
1647
1647
1647
1647
1647
1647
1647
1647
1647
1647
1647
1647
1639
1639
1639
1639
1639
1639
1639
1639
1639
1639
1639
1639
1639
1639
1639
1639
1639
1639
1639
1639
1639
1639
1639
1639
1639
1639
1639
1639
1639
1639
1639
1639
1639
1639
1639
1639
1639
1639
1639
1639
1639
1639
1639
1639
1639
1639
1639
1639
1639
1639
1639
1639
1639
1639
1639
1639
1639
1637
1637
1637
1637
1637
1637
1637
1637
1637
1637
1637
1637
1637
1637
1639
1639
1639
1639
1639
1639
1639
1639
1639
1639
1639
1639
1639
1639
1639
1639
1639
1639
1639
1639
1639
1635
1635
1635
1635
1635
1635
1635
1635
1635
1635
1635
1635
1635
1635
1635
1635
1635
1635
1635
1635
1635
1635
1635
1635
1635
1635
1635
1635
1635
1635
1635
1635
1635
1635
1635
1635
1635
1635
1635
1635
1635
1635
1635
1635
1635
1635
1635
1635
1635
1635
1635
1635
1635
1635
1639
1639
1639
1639
1639
1639
1639
1639
1639
1640
1640
1640
1640
1640
1640
1640
1640
1640
1640
1640
1640
1640
1640
1640
1640
1640
1640
1632
1632
1632
1632
1632
1632
1632
1636
1636
1636
1636
1636
1636
1636
1636
1642
1642
1642
1642
1642
1642
1642
1642
1642
1642
1642
1642
1642
1642
1642
1642
1642
1642
1642
1642
1642
1642
1642
1642
1642
1642
1642
1642
1642
1642
1642
1642
1642
1642
1642
1642
1642
1642
1642
1642
1642
1642
1642
1642
1642
1642
1642
1642
1642
1642
1642
1642
1642
1642
1642
1642
1642
1642
1642
1642
1642
1642
1642
1642
1639
1639
1639
1639
1639
1639
1639
1639
1639
1639
1639
1639
1639
1639
1639
1639
1639
1639
1639
1639
1639
1639
1639
1639
1639
1639
1639
1639
1639
1639
1639
1639
1639
1639
1639
1639
1639
1639
1639
1639
1639
1639
1639
1639
1639
1639
1639
1639
1639
1639
1639
1639
1639
1639
1639
1639
1639
1639
1639
1639
1639
1639
1639
1639
1639
1639
1639
1639
1639
1639
1639
1639
1639
1639
1639
1639
1639
1639
1639
1639
1639
1639
1639
1639
1639
1639
1639
1639
1639
1639
1639
1639
1639
1639
1639
1639
1639
1639
1639
1639
1639
1639
1639
1639
1639
1639
1639
1639
1639
1639
1639
1639
1639
1639
1639
1639
1639
1639
1639
1639
1639
1639
1639
1639
1639
1639
1639
1639
1639
1639
1639
1639
1639
1639
1639
1639
1639
1639
1639
1639
1639
1639
1639
1639
1639
1639
1639
1639
1639
1639
1639
1639
1639
1639
1639
1639
1639
1639
1639
1639
1639
1639
1639
1639
1639
1639
1639
1639
1639
1639
1639
1628
1628
1628
1628
1628
1628
1628
1628
1628
1628
1628
1628
1628
1628
1628
1628
1628
1628
1628
1628
1628
1628
1628
1628
1628
1628
1628
1628
1628
1628
1628
1628
1628
1628
1628
1628
1628
1628
1628
1628
1628
1628
1628
1628
1628
1628
1628
1628
1628
1628
1628
1628
1628
1628
1628
1628
1628
1628
1628
1628
1628
1628
1628
1628
1628
1628
1628
1628
1628
1628
1628
1628
1628
1628
1628
1628
1628
1628
1628
1628
1628
1628
1628
1628
1628
1628
1628
1628
1628
1628
1628
1628
1629
1629
1629
1629
1629
1629
1629
1629
1629
1629
1629
1629
1629
1629
1629
1629
1629
1629
1629
1629
1629
1629
1629
1629
1629
1629
1629
1629
1629
1629
1629
1629
1629
1629
1629
1629
1629
1629
1629
1629
1629
1629
1629
1629
1629
1629
1629
1629
1629
1629
1629
1629
1629
1629
1629
1629
1629
1629
1629
1629
1629
1629
1629
1629
1629
1629
1629
1629
1629
1629
1629
1629
1629
1629
1629
1629
1629
1629
1629
1629
1629
1629
1629
1629
1629
1629
1629
1629
1629
1629
1629
1629
1629
1629
1629
1629
1629
1629
1629
1628
1628
1628
1628
1628
1628
1628
1628
1628
1628
1628
1628
1628
1628
1628
1628
1628
1628
1628
1628
1628
1628
1628
1628
1628
1628
1628
1628
1628
1628
1628
1628
1628
1628
1628
1628
1628
1628
1628
1628
1628
1628
1628
1628
1628
1628
1628
1628
1628
1628
1628
1628
1628
1628
1628
1628
1628
1628
1628
1628
1628
1628
1628
1628
1628
1628
1628
1628
1628
1628
1628
1628
1628
1628
1628
1628
1628
1628
1628
1628
1628
1628
1628
1628
1628
1628
1628
1628
1628
1628
1628
1628
1628
1628
1628
1628
1628
1628
1628
1628
1628
1628
1628
1628
1628
1628
1628
1628
1628
1628
1628
1628
1628
1628
1628
1628
1628
1628
1628
1628
1628
1628
1628
1628
1628
1628
1628
1628
1628
1628
1628
1628
1628
1628
1628
1628
1628
1628
1628
1628
1628
1628
1628
1628
1628
1628
1628
1628
1628
1628
1628
1628
1628
1628
1628
1628
1628
1628
1628
1628
1628
1628
1628
1628
1628
1628
1628
1628
1628
1628
1628
1628
1628
1628
1628
1628
1628
1628
1628
1628
1628
1628
1628
1628
1628
1628
1628
1628
1628
1628
1628
1628
1628
1628
1628
1628
1628
1628
1628
1628
1628
1628
1628
1628
1628
1628
1628
1628
1628
1628
1628
1626
1626
1626
1626
1626
1626
1626
1626
1626
1626
1626
1626
1626
1626
1624
1624
1624
1624
1624
1624
1624
1624
1624
1624
1624
1624
1624
1624
1624
1624
1624
1624
1624
1624
1624
1624
1624
1624
1624
1624
1624
1624
1624
1624
1624
1624
1624
1624
1624
1624
1624
1624
1624
1624
1624
1624
1624
1624
1624
1624
1624
1624
1624
1624
1624
1624
1624
1624
1624
1624
1624
1624
1624
1624
1624
1624
1624
1624
1624
1624
1624
1624
1624
1624
1624
1624
1624
1624
1624
1624
1624
1624
1624
1624
1624
1624
1624
1624
1624
1624
1624
1624
1624
1624
1624
1624
1624
1624
1624
1624
1624
1624
1624
1624
1624
1624
1624
1624
1624
1624
1624
1624
1624
1624
1624
1624
1624
1624
1624
1624
1624
1624
1624
1624
1624
1624
1624
1624
1624
1624
1624
1624
1624
1624
1624
1624
1624
1624
1624
1624
1624
1624
1624
1624
1624
1624
1624
1624
1624
1624
1624
1624
1624
1624
1624
1624
1624
1624
1624
1624
1624
1624
1624
1624
1624
1624
1624
1624
1624
1624
1624
1624
1624
1624
1624
1624
1624
1624
1624
1624
1624
1624
1624
1624
1624
1624
1624
1624
1624
1624
1624
1624
1624
1624
1624
1624
1624
1624
1624
1624
1624
1624
1624
1624
1624
1624
1624
1624
1624
1624
1624
1624
1624
1624
1624
1624
1624
1624
1624
1624
1624
1624
1624
1624
1624
1624
1624
1624
1624
1624
1624
1624
1624
1624
1624
1624
1624
1624
1624
1624
1624
1624
1624
1624
1624
1624
1624
1624
1624
1624
1624
1624
1624
1624
1624
1624
1624
1624
1624
1624
1624
1624
1624
1624
1624
1624
1624
1624
1624
1624
1624
1624
1624
1624
1624
1624
1624
1624
1624
1624
1624
1624
1624
1624
1624
1632
1632
1632
1632
1632
1632
1632
1632
1632
1632
1632
1632
1632
1632
1632
1632
1632
1632
1632
1632
1632
1632
1632
1632
1632
1632
1632
1632
1632
1632
1632
1632
1632
1632
1632
1632
1632
1632
1632
1632
1632
1632
1632
1632
1632
1632
1632
1632
1632
1632
1632
1632
1632
1632
1632
1632
1632
1632
1632
1632
1632
1632
1632
1632
1632
1632
1632
1632
1632
1632
1632
1632
1632
1632
1632
1632
1631
1631
1631
1631
1631
1631
1631
1631
1631
1631
1631
1631
1631
1631
1631
1631
1631
1631
1631
1631
1631
1631
1631
1631
1631
1631
1638
1638
1638
1631
1631
1631
1631
1631
1631
1631
1631
1631
1631
1631
1631
1631
1631
1631
1631
1631
1631
1631
1642
1642
1642
1642
1642
1642
1642
1642
1642
1642
1642
1642
1631
1631
1631
1631
1631
1631
1631
1631
1631
1631
1631
1631
1631
1631
1631
1631
1631
1631
1631
1631
1631
1631
1631
1631
1631
1631
1631
1631
1631
1631
1631
1631
1631
1631
1631
1631
1631
1631
1631
1631
1627
1627
1627
1627
1627
1627
1627
1627
1627
1627
1627
1627
1627
1627
1627
1627
1627
1627
1627
1627
1627
1627
1627
1627
1627
1627
1627
1627
1627
1627
1627
1627
1627
1627
1627
1627
1627
1627
1627
1627
1627
1627
1627
1627
1627
1627
1627
1627
1627
1627
1627
1627
1627
1627
1627
1627
1627
1627
1627
1627
1627
1627
1627
1627
1627
1627
1627
1627
1627
1630
1630
1630
1630
1630
1630
1630
1630
1630
1630
1630
1630
1630
1630
1630
1630
1630
1630
1630
1630
1630
1630
1630
1630
1630
1630
1630
1630
1630
1630
1630
1630
1630
1630
1630
1630
1630
1630
1630
1630
1630
1630
1630
1630
1630
1630
1630
1630
1630
1630
1630
1630
1627
1627
1627
1627
1627
1627
1627
1627
1627
1627
1627
1627
1627
1627
1627
1627
1627
1627
1627
1627
1627
1627
1627
1627
1627
1627
1627
1627
1627
1627
1627
1627
1627
1627
1627
1627
1627
1627
1627
1627
1627
1627
1627
1627
1627
1627
1627
1627
1627
1627
1627
1627
1627
1627
1627
1627
1627
1627
1627
1627
1627
1627
1627
1627
1627
1627
1627
1627
1627
1627
1627
1627
1627
1627
1627
1627
1627
1627
1627
1627
1627
1627
1627
1627
1631
1631
1631
1631
1631
1631
1631
1631
1631
1631
1631
1631
1631
1631
1631
1631
1631
1631
1631
1631
1631
1631
1631
1631
1631
1631
1631
1631
1631
1631
1631
1631
1631
1631
1631
1631
1631
1631
1631
1631
1631
1631
1631
1631
1631
1631
1631
1631
1631
1631
1631
1631
1630
1630
1630
1630
1630
1630
1630
1630
1630
1630
1630
1630
1630
1630
1630
1630
1630
1630
1630
1630
1630
1630
1630
1630
1630
1630
1630
1634
1634
1634
1634
1634
1634
1634
1634
1634
1634
1633
1633
1633
1633
1633
1633
1633
1633
1633
1633
1633
1633
1633
1633
1633
1633
1633
1633
1633
1633
1633
1633
1633
1633
1633
1633
1633
1633
1633
1633
1633
1633
1633
1633
1633
1633
1633
1633
1633
1633
1633
1633
1633
1633
1633
1633
1633
1633
1633
1633
1633
1633
1633
1633
1633
1633
1633
1633
1633
1633
1633
1633
1633
1633
1633
1633
1633
1633
1633
1633
1633
1633
1633
1633
1633
1633
1633
1633
1633
1633
1633
1633
1633
1633
1633
1633
1633
1633
1633
1633
1633
1633
1633
1633
1633
1633
1633
1633
1633
1633
1633
1633
1633
1633
1633
1633
1633
1633
1633
1633
1633
1633
1633
1633
1633
1633
1633
1633
1633
1633
1633
1633
1633
1633
1633
1634
1634
1634
1634
1634
1634
1634
1634
1634
1634
1634
1634
1634
1634
1634
1634
1634
1634
1634
1634
1634
1634
1627
1627
1627
1627
1627
1627
1627
1627
1627
1627
1627
1627
1627
1627
1627
1627
1627
1627
1627
1627
1627
1627
1627
1627
1627
1627
1627
1627
1627
1627
1627
1627
1627
1627
1635
1635
1635
1635
1635
1635
1638
1638
1638
1638
1638
1638
1638
1638
1638
1638
1638
1638
1638
1638
1638
1638
1638
1638
1638
1638
1638
1638
1638
1635
1635
1635
1635
1635
1635
1635
1635
1635
1634
1634
1634
1634
1634
1634
1634
1634
1634
1634
1633
1633
1633
1633
1633
1633
1633
1633
1633
1633
1633
1633
1635
1635
1635
1635
1635
1635
1635
1635
1635
1635
1635
1635
1635
1635
1635
1635
1635
1635
1635
1635
1635
1635
1635
1635
1635
1635
1635
1635
1635
1635
1635
1635
1635
1635
1635
1635
1635
1635
1635
1635
1635
1635
1635
1635
1635
1635
1635
1635
1635
1635
1635
1635
1635
1635
1635
1635
1635
1635
1635
1635
1635
1635
1635
1635
1635
1635
1635
1635
1635
1635
1635
1635
1635
1635
1635
1635
1635
1635
1635
1635
1635
1635
1635
1635
1635
1635
1621
1621
1621
1621
1621
1621
1621
1621
1621
1621
1621
1621
1621
1621
1621
1621
1621
1621
1621
1621
1621
1621
1621
1621
1621
1621
1621
1621
1621
1621
1621
1621
1621
1621
1621
1621
1621
1621
1621
1621
1621
1621
1621
1621
1621
1621
1621
1621
1621
1625
1625
1625
1625
1625
1625
1625
1625
1625
1625
1625
1625
1625
1625
1625
1625
1625
1625
1625
1625
1625
1625
1625
1625
1625
1625
1625
1625
1625
1625
1625
1625
1625
1625
1625
1625
1625
1625
1625
1625
1625
1625
1625
1625
1625
1625
1625
1625
1625
1621
1621
1621
1621
1621
1621
1621
1621
1621
1621
1621
1621
1621
1621
1621
1621
1621
1621
1621
1621
1621
1621
1621
1621
1621
1621
1621
1621
1621
1621
1621
1621
1621
1621
1621
1621
1621
1621
1621
1621
1621
1621
1621
1621
1621
1621
1621
1621
1621
1621
1621
1621
1621
1621
1621
1621
1621
1621
1621
1621
1621
1621
1621
1621
1621
1621
1621
1621
1621
1621
1621
1621
1621
1621
1621
1621
1621
1621
1621
1621
1621
1621
1621
1621
1621
1621
1621
1621
1621
1621
1621
1621
1621
1621
1621
1621
1621
1621
1621
1621
1621
1621
1621
1621
1621
1621
1621
1621
1621
1621
1621
1621
1621
1621
1621
1621
1621
1621
1621
1621
1621
1621
1621
1621
1621
1621
1621
1621
1621
1621
1621
1621
1621
1621
1621
1621
1621
1621
1621
1621
1621
1621
1621
1621
1621
1621
1621
1621
1621
1621
1621
1621
1621
1621
1621
1621
1621
1621
1621
1621
1621
1621
1621
1621
1621
1621
1621
1621
1621
1621
1621
1621
1621
1621
1621
1621
1621
1621
1621
1621
1621
1621
1621
1621
1621
1621
1621
1621
1621
1621
1621
1621
1621
1621
1621
1621
1621
1621
1621
1621
1621
1621
1621
1621
1621
1621
1621
1621
1621
1621
1621
1621
1621
1621
1621
1621
1621
1621
1621
1621
1621
1621
1621
1621
1621
1621
1621
1621
1621
1621
1621
1621
1621
1621
1621
1621
1621
1621
1621
1621
1621
1621
1621
1621
1621
1621
1621
1621
1621
1621
1621
1621
1621
1621
1621
1621
1621
1621
1621
1621
1621
1621
1621
1621
1621
1621
1621
1621
1625
1625
1625
1625
1625
1625
1625
1625
1625
1625
1625
1625
1625
1625
1625
1625
1625
1625
1625
1631
1631
1631
1631
1631
1631
1631
1631
1631
1631
1631
1631
1631
1631
1631
1631
1631
1631
1631
1631
1631
1631
1631
1631
1631
1631
1631
1631
1631
1631
1631
1631
1631
1631
1631
1631
1631
1631
1631
1631
1631
1631
1631
1631
1631
1631
1631
1631
1631
1631
1631
1633
1633
1633
1633
1633
1633
1633
1633
1633
1633
1633
1633
1633
1633
1633
1633
1633
1633
1633
1633
1633
1633
1633
1633
1633
1633
1633
1633
1633
1633
1633
1625
1625
1625
1625
1625
1625
1625
1625
1625
1625
1625
1625
1625
1625
1625
1621
1621
1621
1621
1621
1621
1621
1621
1621
1621
1621
1621
1621
1621
1621
1621
1621
1621
1621
1621
1621
1621
1621
1621
1621
1621
1621
1621
1621
1621
1621
1621
1621
1621
1621
1621
1621
1621
1621
1621
1621
1621
1621
1621
1621
1621
1621
1621
1621
1621
1621
1621
1621
1621
1621
1621
1621
1621
1621
1621
1621
1621
1621
1621
1621
1621
1621
1621
1621
1621
1621
1621
1621
1621
1621
1621
1621
1621
1621
1621
1621
1621
1621
1621
1621
1621
1621
1621
1621
1621
1621
1621
1621
1621
1621
1621
1621
1621
1621
1621
1621
1621
1621
1621
1621
1621
1621
1621
1621
1621
1621
1621
1621
1621
1621
1621
1621
1621
1621
1621
1621
1621
1621
1621
1621
1621
1621
1621
1621
1621
1621
1621
1621
1621
1621
1621
1621
1621
1621
1621
1621
1621
1621
1621
1621
1621
1621
1621
1621
1621
1621
1621
1621
1621
1621
1621
1621
1621
1621
1621
1621
1621
1621
1621
1621
1621
1621
1621
1621
1621
1621
1621
1621
1621
1621
1621
1621
1621
1621
1621
1621
1621
1621
1621
1621
1621
