1972
2030
2030
2044
2021
1977
1955
2010
2024
2010
2005
2005
2035
2019
1987
1961
1932
1902
1860
1928
1904
1939
1940
1940
1927
1875
1942
1881
1881
1946
1912
1875
1896
1865
1885
1885
1936
1936
1918
1918
1909
1955
1948
1937
1947
1959
2002
1936
1909
1924
1931
1952
1924
1851
1882
1851
1885
1897
1919
1911
1924
1917
1917
1937
1973
1937
1943
1913
1969
1939
1937
1943
2065
2071
2054
2056
2073
2026
1964
1944
1954
1951
1950
1948
1948
2016
2041
2030
2030
1989
1991
1998
1975
2011
2008
1989
1968
2040
2027
1990
1990
1923
1959
1898
1934
1954
1971
1916
1998
2010
2023
2019
2047
2039
2019
1960
1972
1987
1957
1928
1928
1917
1992
1968
1889
1907
1934
2041
2074
2040
1941
1924
1923
1955
1964
1964
1964
1964
1964
1968
1980
1944
1949
1938
1957
1957
1970
1936
1961
1927
1917
2009
1943
1947
1995
2033
2042
2008
2008
2008
1983
1980
1976
1922
1910
1872
1960
1992
1934
1949
2014
1988
2019
1917
1961
1976
1961
1991
2137
2137
2083
2034
2057
2043
2057
2017
2017
2057
2047
2166
2086
2098
2054
2103
2090
2052
2076
2028
1961
2023
2029
2012
1942
1894
1933
1964
1964
1964
1901
1969
1939
1939
1952
2049
2087
2190
2120
2092
2093
2093
2078
2024
2006
2050
2009
2094
2186
2079
2077
2012
2018
1954
1932
2082
2092
2130
2130
2076
2113
2154
2174
2112
2082
2027
2051
2023
2098
2169
2150
2119
2093
2093
2121
2064
2085
1986
2034
2073
2028
2030
2049
2049
2047
2094
2037
2037
2037
2034
2034
2018
2018
1985
2012
2012
2020
2057
1988
2031
2029
2046
2072
2063
2061
2153
2094
2155
2150
2159
2106
2110
2043
2013
1974
2079
2033
2011
1990
2017
2003
1981
2042
2071
2051
2051
2051
1959
2028
1959
1973
1993
1979
1954
1889
1890
1921
1915
1988
2061
2061
2045
1970
1940
1850
1855
1867
1902
1937
1896
1884
1875
1878
1934
1912
1968
1995
2025
2088
1991
2079
2028
2040
2092
2137
2137
2113
2071
2127
2073
2056
2034
2038
2023
2037
2023
1959
1984
2015
2073
2073
2075
2019
2019
2019
1956
1939
1944
1940
1948
1921
1976
1997
2002
1982
1999
1986
1933
1939
1952
1976
2045
2100
2071
2081
2036
1992
1975
1975
1928
1968
1971
2035
2016
1993
2008
1972
1950
2008
2008
1975
1988
2050
1948
1980
1956
1981
1976
1976
1906
1951
1968
2022
2050
2028
1953
1948
2013
2014
2014
1973
1990
1976
2006
1987
2001
1975
2024
2023
2009
1917
1963
1954
1952
2005
2040
2102
2100
2002
2002
1968
1918
1911
1843
1923
1947
2017
2030
2014
1981
1981
1972
1972
2002
2002
2002
2090
2092
1982
2040
2091
2129
2072
2070
2011
2006
2038
2038
2002
2037
2088
2107
2100
2100
2027
2041
2080
2043
2123
2033
2014
1965
2024
2033
2014
2024
2037
2020
2020
2054
2190
2221
2221
2223
2199
2081
2241
2122
2134
2082
2022
1988
1953
2004
2001
2000
2039
2074
2061
2085
2142
2046
2015
1904
1923
1948
1977
2019
1969
2034
1972
1931
1972
2083
2032
1958
1957
1866
1853
1848
1878
1894
1876
1846
1853
1889
1900
1896
1951
1893
1836
1836
1804
1749
1745
1819
1831
2038
2045
2062
2021
1967
1989
2007
2075
2006
2006
2012
1949
1863
1863
1863
1863
1869
1837
1981
1923
1964
2089
2055
2129
2101
2114
2006
1987
2008
1996
2016
2107
2132
2155
2240
2194
2223
2259
2222
2184
2064
2064
2065
1975
1974
1923
1976
1921
1945
1932
1944
1908
1946
1946
1958
1974
1919
1987
2002
1962
1986
1921
1896
1943
1898
1920
1989
1989
1983
1927
1888
1949
1978
1978
1978
1971
2041
1980
1959
1976
1926
1988
1957
1933
1909
1949
1940
2018
2010
2007
1958
1856
1854
1872
1962
1992
2076
2053
2027
2076
2044
2039
2003
1969
1995
2043
2036
2036
1982
1960
1993
1993
1965
2038
2007
1928
1939
1999
1987
2033
2059
2047
2105
2105
2057
2057
2013
2035
1985
2034
2045
2067
2012
2010
2105
2090
2040
2117
2144
2063
2054
2020
2051
2021
2014
2052
1998
2081
2081
2021
2027
1995
2025
2017
2017
1992
1944
1889
1889
1917
1936
1947
1950
1925
1939
1965
1966
2033
2046
2088
2050
2091
2140
2092
2079
2079
2079
2089
2089
2013
1973
2006
2025
2006
2006
1920
1975
1980
1922
1870
2032
2040
2000
2000
2038
2013
1907
1847
1839
1843
1839
1849
1947
1906
1907
1907
1910
1907
1868
1868
1893
1860
1860
1886
1994
2030
2062
2023
2017
1963
1955
1950
1973
1973
1973
2001
1958
2043
2030
2058
2008
2048
2024
2024
2026
2023
1983
2028
2073
1972
1972
1988
2050
2050
2005
2005
2023
1970
1869
1931
1955
1892
1942
1915
1919
2000
2116
2127
2103
2145
2080
2040
1945
1926
2018
2098
2084
2084
2084
1956
1970
1970
1981
1869
1913
2008
1990
1959
2026
2026
2031
2049
2039
2015
1897
1891
1922
1836
1966
1925
1958
1954
1969
2001
1996
2006
1963
1963
1966
1977
1994
1851
1851
1923
1924
1944
1949
1961
1929
2010
1995
1995
1971
1979
1971
1987
2027
2029
2029
2026
1948
1940
1916
1855
1861
1861
1841
1800
1798
1852
1880
1915
1993
1918
1936
1960
1989
1981
1984
1984
2036
1985
1965
1965
2023
2027
2027
1994
1932
2027
2021
2099
2079
2029
2083
2074
2074
2023
2026
2064
2059
2032
2050
2050
2011
2011
2002
2000
1998
1992
1977
1904
1929
1929
1961
1961
1961
1889
1904
1982
1957
1957
1995
2022
1951
2008
2001
2018
1973
1954
1963
1954
1938
2058
1998
1995
1961
1955
1979
1986
1970
1985
1985
2054
2039
2012
2020
2020
2141
2080
2122
2136
2151
2140
2140
2062
2040
2083
2020
1997
1977
1983
1956
1923
2018
2018
1881
1795
1919
1872
1984
2031
2031
2069
2030
2052
2057
2056
2038
2020
2073
2038
2025
2048
2057
2066
2072
2074
1964
1951
1972
2011
2011
1997
1990
2031
1986
1999
1943
2038
1984
2034
2053
2096
1993
2004
1970
1968
2046
2077
2109
2030
1995
1995
1978
2022
1969
1959
1917
1908
1893
1913
1893
1917
1918
2028
1969
1919
1902
1837
1839
1952
1948
1921
1918
1935
1935
1953
1945
2068
2064
2064
2232
2190
2066
2055
2074
2074
2082
2048
2038
2055
2048
1970
1916
1946
1966
1973
2004
2031
2016
2065
2048
2048
1959
1966
1966
1987
1987
2061
2015
2030
1977
1939
1913
1904
1948
2071
2071
1968
1972
1946
1985
1883
1879
1939
1897
1888
1953
1925
1941
1963
1949
1897
1858
1894
1980
2002
2013
2013
1918
1972
1972
1972
2012
2021
1982
1937
1913
1913
2000
2017
2017
1945
1949
1902
1965
2029
1868
1901
1917
1883
1927
1975
1979
1974
1960
1925
1886
1901
1997
2071
2070
2084
2051
2051
2090
2145
2179
2136
2204
2204
2289
2214
2214
2216
2214
2091
2091
2214
2101
2014
2046
2046
2015
2015
2068
2069
2069
2026
2084
2060
2066
2042
2042
2011
2011
1999
2039
1989
2019
2054
2012
2130
2122
1986
2012
2043
1972
1986
1961
2040
2007
1956
2007
2014
2102
2131
2169
2179
2160
2047
2053
2130
2128
2166
2175
2113
2102
2085
2126
2241
2184
2069
2117
2143
2009
2008
1984
2006
2015
2003
2001
2027
2015
2038
2081
2016
2128
2101
2054
2112
2032
2040
1960
1921
1971
1913
1932
1932
2024
2054
2016
2049
2084
2101
2127
2134
2189
2189
2184
2183
2155
2165
2223
2131
2131
2080
2024
2038
2014
2014
2006
1966
1932
1932
1932
1953
1979
2063
2117
2135
2012
1990
2069
2090
2073
2077
2077
2111
2083
2036
2031
2098
2098
2131
2096
2043
2068
2046
2029
2034
2037
2028
1933
1986
2053
2046
2080
2022
1998
1998
1998
1979
1979
1979
1968
1968
1972
2003
2003
1993
1993
2002
1992
1981
1921
2043
2097
2038
2048
2044
2061
1924
1873
1893
1892
1864
1920
1970
1993
1958
1905
1996
1927
1942
1978
1991
2017
2069
2107
2055
2079
2176
2267
2146
2053
2080
2014
2014
2045
1994
1994
1896
1985
1987
1987
2005
2005
2089
2117
2117
2068
2090
2101
1998
2068
2071
2031
2011
1938
1938
2000
2031
2031
1955
1904
1870
1870
1866
1851
1853
1853
1868
1861
1947
2027
1930
1964
2008
1944
1941
1988
1855
1954
2071
2151
2142
2047
2154
2109
2110
2086
2124
2094
2070
2121
2035
2048
2038
2009
2013
1945
1982
1945
1975
2012
2050
2030
2037
2033
2116
2125
2125
2125
2026
2038
2027
2034
2007
1961
1932
1960
1931
1931
1931
1930
1961
1955
1982
2018
1922
1951
1955
1982
1996
2021
1984
1965
1963
1964
1921
1921
1936
1912
1912
1934
1950
1973
1970
2006
1912
1924
1964
1992
1992
1948
1904
1916
1916
1951
1956
1933
1932
1965
1965
1965
2014
2031
2068
2087
2045
2081
2052
2033
2033
2092
2088
2096
2147
2147
2132
2124
2020
2002
2112
2060
2068
2068
2066
2002
2042
2052
2129
2079
2039
2028
1997
2007
2007
2007
1979
1942
1912
1910
2008
2015
1982
2066
2031
2003
2024
2002
2055
1986
1986
2070
2163
2166
2005
2003
2017
1995
2065
2035
2050
1953
1949
1917
1900
1917
1946
1908
1908
1938
2028
2032
1988
1954
1985
1968
1968
2077
2000
1984
1984
2013
1971
1956
1960
1923
1963
2011
2068
2056
2046
2031
2034
2101
2032
2144
2144
2144
2144
2147
2147
2166
2131
2095
2056
2000
2039
2105
2114
2160
2140
2144
2121
2084
2109
2167
2146
2048
2043
2078
2130
2177
2098
2044
2059
2176
2124
1965
1975
1920
1974
2095
2085
2049
2010
1964
1966
1935
1939
1980
1998
1998
2001
2064
2031
2131
2114
2128
2074
1970
1987
2016
2068
2124
2109
2143
2251
2252
2259
2184
2202
2146
2146
2188
2168
2073
2080
2121
2153
2187
2135
2022
1920
1933
1970
2005
2009
1961
2049
2047
2065
2004
2004
1933
1901
1935
1981
2022
2022
1951
1951
1951
1993
1974
1935
1954
1961
1950
1917
1960
2028
1995
2040
2040
2041
2149
2202
2205
2114
2114
1999
1926
2038
2127
2081
2082
2006
2090
2038
2054
2054
2036
1960
1932
1905
1912
1916
1916
1906
1982
1985
1960
1955
1989
1916
1921
1976
1976
1976
2001
1960
2027
1978
1971
2010
2010
2038
2023
2060
2060
2060
2048
2099
2043
2000
1976
2006
2006
2063
2029
2029
2029
2031
2036
1989
1989
1961
2005
2111
2127
2127
2121
2190
2179
2083
1987
2012
1990
1950
1941
1875
1928
1965
1965
1910
1948
1925
1953
1932
2003
2003
1986
1968
2013
2030
1996
2021
2072
1973
1943
1973
1984
1984
1973
1958
1997
1949
1949
1911
1912
1912
1958
1978
2001
1961
1961
1942
1937
1956
1966
1912
1951
1972
1927
1930
1912
1954
1976
1976
1952
1965
1943
1888
1959
1969
1969
1961
1961
2004
2021
2053
2020
1986
1989
1974
1928
1940
1978
1964
2007
1970
1995
1982
2010
2023
2008
2088
1991
1920
1920
1954
1964
1994
1943
1997
1997
2048
2033
2033
2036
2036
2037
1999
1961
2013
1989
1999
2014
2064
2073
2073
1957
1959
1928
1977
1907
1907
1921
1913
1943
1950
1984
1930
1897
1897
1880
1989
2059
2104
2062
2096
2096
2089
2096
2045
2011
2027
2057
1950
1967
1918
1896
1890
1895
1896
1896
1861
1872
1839
1846
1875
1884
1947
1957
1974
2062
2019
2006
1992
2071
2041
2038
2076
2129
2135
2205
2205
2205
2078
2078
2078
1988
1996
1967
1953
1857
1871
1843
1884
1985
2005
2005
1964
1969
2009
1998
2000
2079
2091
2025
2025
1988
2033
1998
1936
1951
1929
2026
2024
2011
2020
1967
1986
2013
1985
1998
1965
2026
2048
2075
1930
1892
1881
1966
1966
1969
1963
1988
1988
1992
1976
2082
2034
1974
2060
2097
1963
1958
1929
1993
1947
2005
2051
2135
2067
2129
2117
2131
2101
2122
2106
2132
2091
2056
2041
2058
2010
2071
2071
2047
1954
1934
1952
1952
1916
1893
1869
1869
1815
1815
1798
1775
1775
1869
1837
1881
1881
1917
1879
1895
2026
2026
2026
2050
1981
2011
1945
1917
1871
1958
1977
1977
1977
2004
1949
1949
1925
1883
1894
1974
1974
1971
1975
2042
2013
2024
2084
2103
2157
2157
2105
2105
2101
2129
2129
2190
2154
2216
2184
2094
2094
1993
2015
2015
1978
1996
1942
1942
1965
1965
1965
1959
1938
1942
2096
2018
2060
2060
2096
1979
2054
2054
2065
2064
2057
2142
2105
2093
2094
2100
2114
2049
2167
2179
2179
2176
2077
2044
2044
2019
1981
1966
1973
1971
1973
1939
1937
1939
1939
1895
1883
1966
1950
1950
1946
1941
1946
1946
2002
2021
2018
2020
2074
2074
2030
1946
1989
1911
1975
2018
2072
2086
2071
2071
2020
2058
1995
2022
2015
2015
2015
1977
1966
2054
2054
2050
2055
2043
2070
2072
2153
2153
2174
2177
2113
2071
2065
1974
1974
1950
2008
1990
1990
2010
1950
1891
1963
1963
2029
2066
1999
1983
2024
2024
2097
2100
2061
2070
2066
2055
2027
2025
2025
2053
2064
2064
2057
2053
2038
2045
2045
1978
1975
2087
2087
2090
2003
1988
2020
1952
1894
1876
1968
1968
1957
1942
1926
1937
1937
1922
1920
1960
1960
1927
1879
1876
1831
1831
1840
1834
1849
1849
1881
1861
1924
1924
1924
1924
1993
1950
1992
2020
2084
2100
2100
2118
2017
2017
2035
2010
2028
2063
2074
2054
2001
2067
1993
2114
2114
1961
1928
1884
1874
1905
1951
1948
1918
1918
1891
1952
1994
1994
1997
1997
1938
1954
1922
1962
1962
1962
1962
1976
1944
1953
1872
1872
1965
1955
1977
1977
2024
2038
1960
1913
1935
1958
2005
2036
1982
1986
2020
1950
1950
1977
1991
2058
2041
2017
1961
1961
2021
2069
2069
2033
2076
2076
2085
2028
2031
2075
2036
2144
2144
2113
2075
2075
1959
1950
1886
1798
1798
1896
1900
1937
1870
1922
1922
1924
1924
1944
1947
2016
1958
2007
2003
1976
1976
1974
2021
2021
2041
2041
2061
2018
1901
1899
1902
1875
1884
1880
1900
1909
1909
1936
2008
2013
2071
2015
2015
2021
1911
1931
1968
1925
1925
1949
1966
1961
1911
2011
2053
2024
2024
2006
1962
1962
1962
2034
2019
1993
2005
2037
2037
2045
2061
2051
2061
2149
2101
2064
1984
1982
1970
1981
2005
2032
1968
1944
1944
1965
1935
1935
1973
1961
1961
2015
2015
2027
2020
2043
2039
2014
1969
1938
1880
1893
1880
1880
2028
2000
2019
2003
2003
2060
2064
2060
1990
1915
1915
1970
1970
2015
1997
1939
1927
1947
1935
1855
1855
1855
1876
1868
1868
1922
1938
1923
1913
1913
2009
1996
2033
2067
1987
1987
1942
1925
1990
1987
2035
1944
1910
1924
1991
2105
2111
2099
2034
2034
1996
1988
1924
1998
2027
2010
1983
2022
2021
2021
2089
2037
1983
1940
2039
2068
2037
2123
2215
2157
2065
2065
1969
1935
2039
2009
1968
1968
1921
1927
1898
1892
1920
1896
1889
1889
1931
1832
1832
1832
1832
1870
1913
1913
1913
1859
1882
1882
2041
2041
2118
2108
2010
2056
2056
2037
2037
2030
2030
2095
2018
2043
2043
2024
2041
1977
2019
2000
2019
2087
2059
2084
2098
2045
2029
2055
2071
2191
2219
2240
2176
2098
2107
2074
2015
2002
2062
1970
1967
1977
1973
1952
1992
2045
2046
2021
2071
2086
2070
2087
2088
1982
2043
2118
2111
2123
2117
2077
2040
2077
2019
2004
1961
2068
2032
2025
1981
2022
1992
1973
1974
1974
1963
2009
2011
2047
2056
2039
1917
1840
1880
1925
1893
1938
1938
1938
2007
1989
1956
1959
1889
1884
1891
1891
1878
1898
1955
1957
1933
1965
1965
1970
2016
1941
1894
1894
1926
2066
2076
2129
2133
2129
2160
2160
2147
2147
2124
2051
2078
1960
1960
1971
1989
1978
1917
1890
1938
1945
1911
1948
1948
2002
2016
2040
2083
2158
2048
2024
1977
1977
2060
2055
1993
2011
1904
1901
1922
1881
1843
1802
1802
1802
1844
1905
2026
2149
2080
2041
2009
2060
2009
2023
2017
2057
2057
2053
2083
2083
2103
2077
2077
2073
2039
1982
1978
2025
2142
2167
2131
1986
2007
2007
2050
2068
2084
2042
2085
2029
2029
1969
1943
2026
2014
2069
2014
2014
2014
1993
2032
2004
2097
2116
2132
2087
2077
2031
2028
2028
2092
2004
2009
2015
2011
1959
1960
1931
1931
1931
1991
1987
1973
1931
1917
2019
2019
2013
2008
2057
2047
2074
1983
1970
2012
2012
2021
2017
1985
2076
1927
1948
1948
1947
1947
2097
2097
2116
2136
2098
2103
2152
2086
2184
2153
2181
2130
2092
2008
1967
1860
1857
1857
1901
1950
2008
2089
2068
2061
2013
2093
2103
2040
2000
2063
2099
1994
2030
2058
2080
2027
2027
1963
1943
1972
1995
2082
2113
2113
2097
2062
2062
2062
2062
1997
1997
1997
1943
1997
1965
2034
2004
1910
1910
1877
1877
1960
1957
1916
1962
1970
1881
1997
1943
1934
1950
1893
1893
1865
1880
1871
1909
1916
1964
1989
1989
1989
1989
1959
1940
1955
1955
1983
1983
1976
1904
1922
1939
1838
1833
1833
1976
1980
2008
2008
2008
2035
2035
2011
1957
1914
1937
1981
1990
1990
1991
1963
1987
2004
2020
2011
2002
2009
2009
2009
1965
1965
1900
1911
1882
1914
1914
2002
1974
1892
1888
1949
1949
1949
1949
1901
1874
1874
1874
1822
1821
1845
1874
1956
1953
1943
1959
1916
1963
1953
2038
1969
2038
1988
2040
2009
1999
2008
2008
2028
2028
2028
2028
2034
2039
2045
2034
2034
2016
2053
2094
2052
2052
2111
2119
2166
2104
2086
2108
2043
2043
2069
2128
2126
2112
2112
2108
2142
2100
2103
2205
2213
2107
2088
2071
2136
2107
2052
2139
2063
2025
1979
1948
1934
1949
1876
1888
1881
1869
1900
1841
1810
1824
1863
1819
1874
1976
1972
2012
2018
1957
1965
1977
2027
1999
1971
2044
2011
2059
2040
2040
2031
1963
1945
1945
1973
1987
1982
1988
2037
2003
2003
1985
1960
2003
2089
2052
2046
2074
2171
2108
2078
2011
2014
2014
2014
1999
2054
2001
2001
1968
1979
1979
1979
1979
1961
2046
1978
1951
1947
1975
1968
1995
1995
1989
2050
2011
1954
1954
1954
1998
1954
1954
1969
1981
2035
2046
2002
1974
1941
1938
1970
1990
1990
1990
1935
1965
1919
2003
2019
1982
1982
2050
2042
2093
2136
2084
2048
2170
2114
2114
2108
2128
2082
2082
2055
2055
1986
2084
2144
2144
2034
2025
2025
2046
2026
1919
1943
1934
1934
1934
1974
1916
1916
1972
1972
1918
1944
1897
1897
1928
1897
1899
1898
1898
1979
1953
1953
1947
1982
2055
2055
2053
2053
2030
1959
1930
1983
2029
2029
2001
1994
2011
1934
1974
1954
1990
1982
2009
1992
1943
1943
1943
1943
1914
1945
1945
1945
1928
1938
1907
1971
1982
2077
2036
1968
1968
2023
2050
1975
2013
2029
2084
2084
2065
2071
2059
2053
2047
2073
2073
2039
2053
2064
2016
2008
1985
1985
1985
2056
2074
2049
1987
1987
1987
2009
2009
2009
2021
2013
1991
2095
2088
2094
2036
2075
2075
2062
2046
2046
2046
2015
1975
1968
1968
1980
2020
1992
2047
2078
2078
2058
2058
2027
2018
2018
2018
2044
2036
2029
2029
2062
2040
2040
2034
2034
2034
2034
2034
2077
2075
2097
2117
2089
2164
2202
2121
2137
2137
2123
2027
2027
2068
2113
2155
2084
2070
2012
1989
1925
1929
1946
1925
1917
1917
1917
1855
1855
1855
1920
1950
1895
1901
1932
1988
1906
1906
1883
1939
1959
1958
1936
1998
1998
2067
2037
2037
1989
2001
2043
2021
2061
2019
2006
1980
2061
2007
2017
1944
1969
1929
1952
1952
2021
1989
2042
2042
1968
1968
1935
1909
1940
1914
1955
1955
1960
2013
2040
2149
2149
2054
2054
2054
2027
2015
2041
2075
2105
2013
1944
1971
1971
1971
1999
1947
1956
1944
1944
1944
1866
1908
1907
1963
1989
1884
1876
1876
1957
1957
1931
1931
1892
1872
1856
1856
1912
1956
1956
1980
1980
1956
1896
1912
1895
1895
1974
2017
1958
1958
1928
1917
1917
1929
1940
1940
1956
1956
1956
1908
1888
1888
1898
1933
1863
1917
1909
1915
1859
1859
1959
1895
1925
1958
1936
1913
1864
1864
1938
1978
1962
1999
1985
1982
1950
1985
1955
1970
2010
1872
1878
1910
1980
1994
1956
1962
1962
1983
1983
1968
1996
2052
2052
2038
2054
1988
1995
2006
2027
2027
2027
2043
2043
2043
2027
2027
2003
2013
2016
2016
2016
2016
2026
2026
2031
2031
2031
2031
2056
2002
2048
2045
2115
2079
2008
1988
1988
1952
1952
1975
2030
1862
1862
1853
1852
1852
1824
1827
1827
1827
1803
1803
1831
1831
1881
1909
1855
1855
1855
1900
1836
1813
1864
1878
1907
1949
1949
1949
1949
1921
1933
1953
1889
1889
1889
1941
1999
2011
2088
2093
2005
2007
1997
2102
2045
2079
2079
2091
1953
1971
1957
1999
1974
1921
1904
1892
1938
1894
1937
1929
1855
1927
1966
2012
1917
1921
1947
1917
1956
1932
1932
1961
1961
1998
2056
2056
2023
2110
2110
2104
2104
2121
2119
2116
2141
2131
2098
2098
1984
1997
1997
2001
2026
2040
1992
1987
2027
1987
1972
1982
2031
2031
2060
2060
2099
2154
2085
2065
2018
1973
1865
1879
1869
1869
1861
1827
1856
1882
1882
1882
1882
1917
1941
1877
1847
1846
1929
1925
1903
1903
1839
1900
1828
1828
1850
1879
1892
1892
2062
2004
2003
2003
1998
1998
1972
2036
2077
2111
2115
2060
2014
1992
1924
1970
2033
2033
1962
2020
2020
2043
1982
1998
1897
1918
1918
1916
1924
1940
1940
1953
1979
1913
1958
1960
1979
1954
1926
1952
1981
1981
2002
1913
1913
2034
2034
2012
1943
1919
1917
1933
1916
1975
2021
2013
2013
2013
2013
1994
1980
1953
1953
1953
1953
1987
1987
1917
1925
1946
1953
1953
1991
1969
2002
1995
1995
1995
1968
2020
2020
2032
2032
2129
2137
2105
1998
1959
2033
2011
1991
1991
2035
2046
2094
2094
2025
2009
1955
1955
1990
2027
2027
2027
2032
2068
2014
2021
2010
2010
2010
2010
1954
1996
1996
1996
1962
1965
1986
1986
1986
1990
1943
1915
1915
1905
1892
1892
1923
1923
1962
1939
1939
1947
1947
1947
1942
1932
1932
1968
1957
1954
1954
2025
2023
2078
2083
2129
2117
2121
2104
2121
2121
2196
2142
2107
2107
1973
1966
2050
2184
2221
2120
2047
1981
1981
1972
1996
2035
2012
1991
2006
1992
1954
1873
1863
1875
1868
1914
1931
1910
1846
1846
1823
1850
1850
1850
1852
1831
1831
1831
1855
1781
1789
1828
1806
1806
1806
1834
1834
1865
1834
1877
1961
1959
1964
1935
1936
1892
1973
1937
1924
1924
1924
1873
1893
1893
1893
1830
1859
1840
1846
1888
1976
2009
2004
2004
1965
1867
1928
1926
1932
1970
1992
1992
1992
1964
1964
1938
1938
1938
1938
1938
1949
1894
1892
1892
1908
2044
1965
1940
1877
1877
1890
1890
1916
1812
1840
1840
1848
1875
1850
1910
1928
1908
1951
1935
1935
1921
1921
1915
1974
2008
2014
2014
1985
1982
1963
1963
1888
1931
1946
1956
1941
1844
1844
1880
1942
1942
1942
1902
1902
1901
1928
1908
1895
1882
1905
1895
1892
1992
2005
2053
1992
1976
1960
1917
1924
1875
1875
1996
1921
1922
1930
1942
1942
1953
1951
1951
1954
1954
1975
1975
1982
2000
1948
1931
1972
1997
2022
2047
2031
1970
1941
2000
1918
1921
1889
1908
1963
1963
1946
1933
1933
1934
1934
1934
1934
1934
2015
2014
2014
2055
2092
2084
2143
2112
2064
2003
2022
1955
1888
1888
1930
1930
2052
2023
2023
1966
1969
1948
1955
1955
1955
1936
1910
1920
1999
1999
1999
1944
1929
1914
1918
1938
1960
1984
2045
2021
2011
2003
2018
1977
1949
1959
1904
1971
1962
1963
1976
1976
1992
1959
1904
1904
1910
1837
1840
1877
1831
1822
1827
1827
1792
1792
1806
1806
1815
1900
1874
1889
1819
1902
1822
1822
1822
1880
1900
1904
1946
1965
1963
1963
1885
1885
1914
1914
1979
1979
1979
1979
1969
2004
1981
1986
1938
1938
1938
1891
1889
1889
1869
1823
1832
1858
1835
1803
1803
1766
1766
1766
1820
1829
1843
1961
1898
1929
1967
2056
2008
1963
1951
1951
1951
1951
1943
1899
1914
1997
1997
2006
1997
1996
1996
2017
1953
1953
1953
1953
1949
1921
1921
1949
1949
1973
1973
1973
1914
1906
1906
1906
1842
1842
1842
1842
1842
1842
1820
1820
1820
1820
1875
1875
1875
1878
1878
1878
1878
1918
1953
1953
1927
1927
1927
1919
1934
1934
1934
1934
1909
1908
1937
1947
1947
1948
1953
1907
1911
1911
1883
1917
1866
1899
1953
1919
1957
1939
1903
1856
1856
1856
1809
1826
1789
1833
1774
1823
1823
1823
1823
1765
1826
1826
1866
1866
1876
1890
1890
1946
1946
1934
1934
1880
1880
2017
2017
2017
2017
2029
2019
2015
1999
1999
1999
2019
2019
2052
2052
2030
1982
2018
1955
1922
1958
1998
2050
2018
1961
1917
1917
1961
1919
1967
1879
1879
1906
1972
1984
2003
2000
2000
1977
1977
1977
1977
1983
1983
1983
1973
1949
1949
1861
1894
1903
1903
1865
1865
1865
1865
1968
1939
1933
1933
1933
1970
1923
1946
1946
1933
1933
1900
1877
1877
1877
1877
1873
1868
1921
1921
1921
1921
1888
1896
1896
1897
1910
1910
1910
1901
1901
1854
1854
1909
1917
1917
1917
1917
1983
1983
2036
2066
2066
2052
2052
2066
2055
2055
2024
1991
1967
1967
1987
1992
1982
1958
1940
1940
1940
1901
1901
1901
1945
1950
1951
2006
1966
1931
1904
1904
1931
1940
1947
1907
1907
1879
1963
1950
1950
1928
1928
1918
1867
1899
1927
1927
1883
1875
1875
1896
1936
1936
1899
1888
1888
1888
1888
1920
1920
1898
1866
1866
1873
1873
1912
1954
1954
1954
1938
1938
1940
1940
1940
1940
1940
1885
1915
1992
1989
1989
1994
1994
1984
1887
1895
1905
1905
1905
1941
1985
1999
1933
1945
1923
1925
1909
1953
1993
1978
1950
1950
1952
1952
1952
1952
1928
1928
1928
1960
1934
1920
1885
1885
1815
1825
1815
1815
1815
1929
1933
1933
1953
1981
1981
1941
1941
1952
1914
1914
1932
1913
1913
1872
1844
1845
1827
1827
1827
1827
1850
1863
1863
1830
1830
1840
1864
1864
1864
1864
1886
1886
1922
1894
1952
1942
1942
1899
1839
1835
1835
1835
1835
1835
1835
1846
1846
1808
1808
1855
1855
1855
1855
1854
1831
1831
1852
1852
1904
1904
1890
1902
1913
1910
1910
1894
1905
1905
1905
1906
1967
1898
1976
1988
1988
1984
1965
1937
1984
1999
1982
1956
1958
1954
1938
1912
1912
1912
1928
1928
1915
1925
1925
1925
1925
1924
1924
1927
1943
1973
1973
1973
1973
1893
1893
1893
1893
1961
1821
1821
1821
1821
1836
1836
1832
1832
1832
1832
1859
1894
1894
1894
1874
1874
1868
1868
1868
1868
1868
1873
1873
1873
1834
1841
1814
1814
1822
1827
1818
1822
1822
1826
1766
1766
1766
1805
1810
1810
1810
1857
1852
1847
1847
1875
1856
1856
1856
1870
1880
1880
1880
1880
1824
1781
1781
1754
1784
1784
1826
1809
1809
1817
1801
1777
1777
1783
1791
1898
1979
1979
1988
1988
1929
1929
1903
1864
1864
1858
1858
1858
1858
1858
1869
1869
1869
1920
1883
1883
1883
1883
1883
1909
1909
1928
1928
1947
1979
1985
1985
1985
1985
1985
1985
2016
2016
1967
1884
1884
1913
1913
1818
1856
1830
1881
1881
1868
1911
1914
1949
1949
1907
1949
1949
1930
1924
1945
1919
1905
1866
1866
1876
1876
1876
1899
1899
1874
1965
1982
1982
1982
2052
2025
1985
1985
1981
2026
2026
1986
1986
2007
2029
1935
1959
1957
1995
1900
1885
1861
1861
1885
1912
1944
1968
1968
1992
1992
1968
1934
1954
1887
1888
1854
1854
1854
1854
1858
1844
1844
1850
1856
1867
1863
1863
1901
1924
1959
1951
1953
1928
1928
1928
1948
1949
1949
1949
1960
1955
1957
1957
1912
1912
1921
1881
1844
1844
1831
1837
1837
1837
1855
1855
1903
1923
1954
1954
1982
1982
2008
1991
1977
1957
1957
1957
1976
1976
2051
2084
2028
2028
2084
2084
2041
2021
2004
1933
1933
2008
2057
2057
2025
2025
2025
2025
2097
2097
2097
2109
2079
2079
2012
2012
1946
1946
1920
1889
1905
1904
1912
1912
1928
1928
1943
1943
1943
1943
1925
1925
1925
1917
1927
1927
1927
1938
1965
1943
1990
1990
2012
1984
1946
1935
1944
1901
1893
1916
1916
1916
1916
1916
1916
1929
1909
1909
1924
1947
1929
1929
1929
1947
1954
1954
1940
1898
1931
1936
1911
1911
1911
1891
1891
1891
1860
1902
1902
1862
1884
1897
1860
1860
1860
1905
1932
1932
1918
1991
1991
1979
1950
1937
1937
1933
1933
1933
1919
1919
1919
1919
1967
1967
1923
1923
1923
1923
1923
1923
1935
1935
1935
1962
1962
1962
1962
1977
1977
1956
1951
1951
1926
1926
1931
1910
1955
1954
1951
1938
1920
1908
1871
1927
1927
1927
1927
1902
1876
1876
1866
1903
1903
1920
1920
1920
1924
1924
1924
1924
1924
1924
1889
1889
1882
1887
1887
1887
1917
1917
1903
1903
1891
1909
1909
1909
1918
1883
1834
1834
1834
1883
1883
1883
1858
1858
1858
1858
1859
1859
1875
1924
1918
1944
1944
1944
1944
1944
1940
1946
1966
1990
1966
1935
1986
1986
2005
2023
2023
2045
2045
2044
1986
1977
1960
1942
1938
1892
1838
1857
1867
1866
1866
1866
1857
1857
1857
1857
1849
1849
1876
1876
1938
1908
1903
1908
1908
1938
1981
1917
1917
1907
1853
1853
1853
1834
1834
1835
1834
1826
1930
1930
1932
1967
1948
1980
1980
1980
1980
1992
1992
1992
1968
1948
1955
1996
1996
1996
1984
1947
1947
1958
1859
1868
1868
1868
1829
1829
1829
1841
1841
1841
1867
1867
1867
1824
1812
1812
1785
1785
1785
1798
1798
1807
1807
1807
1870
1850
1850
1850
1850
1850
1890
1927
1951
1951
2009
2009
2009
1995
1995
1995
1995
1983
1963
1987
1980
1853
1829
1833
1857
1857
1857
1857
1857
1823
1778
1760
1789
1789
1789
1789
1789
1789
1789
1811
1803
1844
1853
1853
1853
1871
1871
1871
1837
1821
1782
1782
1768
1757
1749
1749
1749
1749
1799
1806
1806
1810
1810
1810
1834
1834
1830
1830
1830
1885
1885
1885
1885
1885
1885
1885
1885
1863
1863
1863
1863
1902
1902
1902
1944
1829
1829
1829
1818
1835
1835
1837
1826
1834
1834
1834
1834
1834
1834
1903
1903
1890
1890
1890
1873
1837
1837
1837
1837
1837
1855
1855
1855
1872
1872
1863
1863
1863
1925
1947
1934
1972
1973
1982
1982
1982
1961
1952
1952
1971
1915
1912
1912
1916
1916
1874
1874
1874
1905
1902
1902
1902
1902
1902
1854
1806
1896
1871
1898
1898
1898
1926
1926
1926
1926
1957
1964
1964
1978
1968
1951
1951
1937
1937
1937
1864
1912
1866
1826
1826
1817
1817
1817
1812
1812
1824
1824
1871
1877
1877
1879
1879
1879
1889
1889
1889
1889
1896
1896
1906
1870
1846
1884
1892
1892
1892
1894
1894
1894
1894
1838
1838
1838
1838
1838
1838
1838
1838
1838
1838
1833
1833
1833
1833
1816
1816
1816
1816
1866
1866
1863
1863
1863
1857
1817
1817
1798
1798
1816
1816
1816
1822
1822
1822
1822
1822
1852
1852
1852
1847
1844
1844
1844
1869
1869
1848
1830
1818
1820
1808
1821
1788
1788
1787
1787
1772
1772
1773
1774
1813
1813
1813
1826
1826
1813
1813
1813
1799
1799
1810
1837
1837
1837
1837
1882
1869
1869
1869
1902
1902
1890
1894
1894
1894
1887
1887
1887
1886
1886
1882
1882
1882
1882
1882
1853
1853
1853
1896
1896
1896
1896
1876
1879
1879
1879
1881
1877
1886
1886
1886
1886
1886
1939
1892
1889
1889
1889
1908
1908
1910
1902
1870
1870
1847
1847
1847
1847
1841
1841
1841
1841
1841
1841
1898
1895
1861
1861
1854
1854
1854
1865
1865
1865
1872
1872
1872
1872
1873
1873
1873
1873
1873
1873
1928
1928
1949
1881
1881
1881
1874
1874
1874
1874
1874
1874
1874
1911
1911
1911
1918
1901
1940
1863
1863
1818
1818
1857
1794
1817
1839
1829
1877
1877
1877
1877
1877
1877
1850
1850
1819
1820
1863
1863
1828
1828
1828
1828
1831
1838
1838
1838
1869
1869
1840
1840
1840
1831
1831
1831
1895
1863
1863
1866
1866
1876
1856
1876
1885
1885
1885
1901
1897
1908
1907
1847
1876
1893
1893
1913
1834
1834
1818
1818
1889
1908
1908
1908
1908
1908
1908
1886
1886
1919
1919
1919
1924
1924
1946
1878
1878
1878
1899
1899
1899
1899
1898
1918
1930
1930
1930
1930
1930
1930
1930
1922
1878
1878
1874
1874
1874
1874
1874
1874
1874
1874
1874
1874
1853
1855
1855
1858
1858
1846
1841
1864
1863
1875
1871
1871
1871
1871
1871
1859
1859
1859
1859
1859
1859
1859
1862
1862
1862
1821
1862
1837
1827
1827
1880
1880
1880
1880
1880
1880
1880
1880
1916
1897
1871
1871
1830
1778
1778
1812
1804
1804
1804
1804
1804
1860
1850
1853
1853
1853
1853
1853
1853
1853
1853
1870
1870
1870
1870
1870
1873
1873
1873
1873
1878
1878
1878
1878
1908
1908
1908
1908
1908
1866
1866
1866
1864
1864
1864
1854
1854
1764
1780
1823
1783
1785
1785
1785
1783
1783
1783
1783
1783
1783
1778
1799
1832
1836
1836
1838
1850
1850
1850
1862
1862
1862
1862
1862
1862
1862
1900
1900
1874
1874
1874
1886
1865
1842
1863
1863
1863
1869
1870
1853
1853
1853
1859
1859
1796
1820
1820
1859
1859
1874
1874
1874
1874
1870
1868
1830
1841
1841
1843
1827
1838
1838
1841
1835
1827
1827
1827
1827
1820
1846
1846
1847
1847
1946
1946
1951
1951
1951
1965
1915
1902
1902
1902
1780
1780
1780
1780
1780
1786
1786
1786
1786
1786
1786
1828
1828
1806
1806
1761
1761
1761
1761
1761
1761
1761
1761
1761
1761
1761
1761
1761
1781
1781
1826
1816
1823
1823
1823
1823
1823
1823
1867
1867
1867
1867
1867
1867
1867
1867
1861
1817
1817
1817
1816
1816
1816
1816
1816
1816
1873
1910
1910
1910
1910
1915
1915
1923
1888
1888
1894
1894
1894
1896
1903
1899
1899
1899
1899
1899
1896
1896
1905
1905
1892
1897
1927
1905
1887
1909
1909
1909
1873
1873
1859
1895
1904
1872
1868
1868
1868
1851
1851
1851
1851
1851
1851
1851
1896
1884
1884
1805
1805
1799
1799
1799
1799
1799
1799
1799
1799
1815
1815
1808
1808
1821
1821
1821
1821
1821
1821
1821
1821
1821
1821
1821
1847
1816
1816
1802
1815
1802
1774
1780
1780
1780
1780
1772
1772
1763
1763
1763
1749
1749
1749
1749
1775
1775
1775
1765
1765
1794
1800
1800
1800
1800
1800
1823
1823
1823
1857
1887
1887
1829
1829
1829
1829
1830
1818
1818
1819
1819
1819
1819
1838
1836
1836
1836
1833
1833
1833
1833
1833
1833
1833
1850
1850
1850
1850
1850
1816
1816
1877
1877
1877
1867
1862
1851
1851
1851
1851
1851
1812
1800
1800
1804
1808
1817
1817
1817
1820
1820
1820
1820
1820
1820
1785
1785
1785
1798
1798
1813
1813
1804
1804
1804
1804
1798
1798
1798
1798
1798
1798
1795
1795
1767
1775
1775
1775
1772
1756
1756
1756
1756
1756
1756
1756
1756
1756
1756
1756
1756
1756
1756
1759
1759
1759
1759
1759
1764
1771
1771
1771
1771
1780
1780
1796
1796
1825
1823
1833
1833
1890
1895
1895
1895
1895
1895
1887
1887
1887
1887
1887
1887
1871
1871
1878
1860
1860
1860
1848
1826
1849
1849
1825
1823
1823
1842
1842
1842
1842
1816
1816
1816
1816
1816
1816
1816
1816
1816
1816
1816
1816
1816
1816
1816
1839
1767
1767
1753
1753
1753
1753
1753
1753
1753
1763
1763
1763
1763
1763
1763
1763
1763
1763
1763
1763
1763
1767
1767
1778
1778
1778
1778
1778
1778
1778
1775
1775
1775
1775
1775
1782
1782
1782
1782
1767
1767
1750
1750
1758
1758
1758
1758
1758
1758
1758
1771
1771
1771
1771
1744
1744
1744
1744
1773
1777
1777
1777
1777
1777
1768
1768
1793
1837
1856
1856
1856
1858
1858
1858
1858
1858
1858
1858
1884
1884
1884
1893
1893
1896
1883
1883
1883
1839
1839
1839
1839
1839
1839
1839
1839
1808
1808
1808
1812
1812
1812
1812
1812
1805
1803
1803
1809
1809
1809
1812
1812
1814
1845
1845
1845
1845
1845
1829
1789
1789
1789
1789
1789
1789
1789
1789
1789
1789
1789
1789
1789
1789
1789
1793
1804
1804
1802
1802
1802
1802
1802
1802
1802
1802
1789
1789
1789
1805
1805
1805
1805
1805
1805
1805
1819
1819
1814
1814
1800
1800
1800
1800
1800
1800
1772
1772
1772
1772
1772
1772
1772
1772
1772
1772
1772
1772
1772
1772
1772
1772
1772
1783
1783
1760
1764
1754
1754
1754
1754
1769
1769
1769
1769
1769
1769
1774
1774
1774
1781
1781
1781
1781
1779
1781
1781
1779
1779
1779
1779
1779
1785
1785
1785
1785
1785
1785
1785
1785
1785
1832
1832
1832
1815
1815
1815
1815
1815
1815
1815
1815
1815
1824
1824
1824
1824
1849
1849
1849
1849
1892
1911
1911
1911
1865
1865
1865
1865
1865
1865
1865
1865
1865
1865
1865
1865
1865
1865
1865
1865
1865
1865
1865
1925
1925
1925
1905
1905
1835
1835
1835
1828
1828
1828
1828
1828
1828
1828
1828
1828
1828
1828
1828
1808
1828
1828
1828
1828
1828
1809
1809
1810
1810
1810
1810
1810
1810
1810
1816
1809
1809
1809
1809
1786
1837
1837
1837
1837
1837
1837
1837
1844
1844
1855
1823
1797
1797
1797
1807
1807
1807
1807
1796
1796
1796
1796
1796
1796
1796
1796
1796
1796
1796
1796
1796
1796
1796
1796
1796
1796
1796
1796
1796
1796
1796
1796
1796
1779
1779
1779
1779
1779
1779
1779
1779
1779
1779
1779
1779
1785
1785
1785
1785
1785
1785
1785
1785
1782
1779
1779
1779
1784
1784
1784
1783
1783
1783
1783
1783
1783
1783
1783
1774
1774
1771
1771
1771
1771
1771
1771
1771
1771
1771
1771
1771
1771
1773
1773
1773
1773
1773
1773
1773
1773
1773
1773
1773
1773
1773
1773
1773
1773
1773
1773
1773
1752
1752
1752
1752
1752
1757
1757
1757
1757
1757
1757
1757
1757
1761
1760
1760
1761
1761
1761
1761
1761
1761
1761
1761
1761
1761
1761
1761
1761
1761
1762
1762
1762
1762
1762
1763
1763
1763
1763
1763
1763
1775
1775
1775
1775
1775
1775
1775
1775
1775
1775
1784
1784
1795
1795
1795
1795
1795
1795
1795
1795
1795
1795
1795
1795
1795
1795
1795
1795
1784
1784
1784
1784
1784
1784
1784
1799
1799
1799
1799
1799
1799
1799
1797
1797
1797
1795
1795
1795
1795
1795
1795
1795
1795
1770
1770
1770
1770
1755
1755
1755
1755
1755
1755
1755
1755
1755
1755
1755
1755
1755
1756
1756
1756
1756
1756
1756
1756
1756
1756
1756
1756
1756
1756
1756
1760
1760
1760
1760
1760
1760
1760
1760
1773
1773
1773
1779
1779
1779
1779
1779
1779
1819
1811
1827
1827
1815
1815
1815
1825
1832
1813
1813
1813
1813
1813
1813
1813
1813
1813
1813
1813
1813
1798
1798
1798
1798
1798
1798
1798
1798
1798
1798
1798
1798
1798
1798
1778
1781
1787
1787
1787
1811
1815
1812
1812
1812
1773
1773
1773
1765
1765
1765
1765
1765
1765
1765
1765
1765
1765
1765
1765
1773
1803
1803
1803
1803
1803
1803
1803
1803
1812
1812
1812
1803
1803
1803
1803
1816
1814
1814
1814
1820
1820
1820
1820
1799
1799
1799
1799
1799
1799
1799
1796
1796
1781
1825
1825
1816
1816
1816
1816
1796
1719
1719
1719
1719
1719
1719
1719
1719
1719
1719
1713
1713
1713
1713
1713
1713
1713
1708
1708
1708
1708
1708
1708
1708
1708
1708
1708
1707
1707
1707
1707
1707
1707
1707
1707
1703
1703
1703
1706
1706
1709
1709
1709
1709
1709
1709
1708
1708
1708
1708
1708
1708
1708
1710
1710
1710
1710
1720
1720
1725
1725
1725
1725
1727
1727
1727
1743
1743
1743
1743
1743
1743
1743
1743
1743
1743
1743
1743
1743
1743
1743
1743
1743
1743
1743
1739
1739
1739
1739
1739
1737
1737
1737
1737
1737
1737
1737
1737
1737
1737
1737
1737
1744
1744
1744
1744
1743
1743
1743
1743
1744
1744
1720
1720
1720
1702
1702
1702
1702
1702
1702
1702
1729
1731
1731
1731
1729
1727
1727
1727
1727
1727
1727
1727
1722
1722
1715
1712
1712
1712
1712
1709
1709
1709
1709
1709
1709
1709
1709
1728
1728
1728
1707
1707
1707
1707
1707
1707
1707
1732
1732
1732
1732
1732
1732
1732
1732
1732
1732
1732
1732
1732
1732
1732
1732
1732
1732
1696
1696
1696
1696
1728
1728
1728
1728
1728
1728
1723
1723
1744
1744
1744
1744
1744
1755
1755
1759
1759
1759
1759
1740
1740
1740
1721
1721
1721
1721
1721
1721
1721
1721
1721
1721
1721
1721
1713
1713
1713
1713
1713
1713
1713
1713
1713
1713
1713
1713
1713
1713
1713
1713
1713
1713
1713
1713
1713
1713
1713
1713
1713
1690
1690
1690
1690
1690
1697
1697
1697
1697
1697
1697
1697
1697
1697
1697
1697
1697
1697
1697
1700
1700
1700
1700
1700
1700
1699
1699
1699
1699
1699
1699
1699
1699
1699
1699
1699
1699
1699
1699
1699
1699
1699
1699
1675
1675
1692
1692
1692
1692
1692
1692
1692
1692
1692
1692
1675
1675
1675
1675
1675
1675
1675
1675
1675
1675
1675
1675
1675
1675
1675
1675
1675
1675
1675
1675
1675
1678
1678
1678
1678
1678
1678
1678
1678
1678
1678
1678
1678
1678
1678
1678
1678
1678
1669
1669
1669
1669
1669
1669
1669
1669
1669
1669
1664
1664
1664
1664
1664
1664
1664
1664
1664
1664
1664
1664
1664
1664
1664
1664
1664
1664
1664
1664
1664
1656
1656
1656
1656
1656
1656
1656
1656
1656
1656
1656
1656
1656
1656
1656
1656
1656
1656
1656
1656
1656
1656
1656
1656
1656
1656
1656
1656
1656
1667
1667
1667
1667
1670
1670
1670
1670
1670
1670
1670
1670
1670
1670
1670
1670
1670
1670
1670
1670
1670
1670
1670
1670
1670
1670
1670
1670
1670
1670
1670
1670
1670
1673
1673
1673
1674
1674
1674
1674
1674
1674
1674
1674
1674
1674
1674
1674
1674
1674
1675
1675
1675
1675
1675
1675
1675
1674
1674
1674
1674
1674
1674
1673
1673
1673
1673
1673
1673
1673
1673
1673
1673
1673
1673
1673
1673
1674
1674
1674
1674
1674
1674
1674
1674
1674
1674
1674
1674
1674
1674
1679
1679
1679
1679
1679
1679
1679
1679
1679
1679
1679
1679
1679
1679
1679
1679
1679
1665
1665
1665
1665
1665
1665
1665
1665
1665
1665
1665
1665
1665
1665
1665
1665
1665
1665
1665
1665
1665
1665
1665
1665
1665
1665
1665
1665
1665
1665
1665
1669
1680
1680
1680
1680
1680
1680
1680
1680
1680
1680
1680
1680
1680
1680
1680
1680
1680
1680
1680
1680
1677
1677
1677
1677
1677
1677
1677
1677
1677
1677
1677
1677
1677
1677
1677
1677
1677
1677
1677
1677
1677
1677
1677
1677
1677
1677
1677
1680
1680
1680
1680
1680
1680
1680
1680
1680
1680
1680
1680
1680
1680
1680
1680
1680
1680
1680
1680
1680
1680
1680
1680
1680
1680
1680
1680
1680
1680
1680
1680
1680
1680
1680
1680
1680
1680
1680
1680
1680
1680
1680
1680
1680
1680
1680
1680
1671
1671
1671
1671
1671
1671
1671
1671
1671
1671
1671
1671
1671
1663
1663
1663
1663
1663
1663
1663
1674
1674
1674
1674
1674
1668
1668
1668
1668
1668
1668
1668
1668
1668
1668
1668
1668
1668
1668
1668
1668
1668
1668
1668
1668
1668
1668
1668
1668
1668
1668
1668
1668
1673
1673
1673
1673
1673
1673
1673
1673
1673
1673
1673
1696
1696
1696
1696
1696
1696
1696
1696
1696
1696
1660
1660
1660
1668
1668
1668
1668
1668
1668
1668
1668
1668
1668
1668
1668
1668
1668
1668
1668
1668
1668
1668
1668
1668
1668
1668
1668
1668
1668
1668
1668
1668
1668
1668
1668
1668
1668
1668
1668
1668
1668
1668
1668
1668
1668
1668
1668
1668
1668
1668
1668
1668
1668
1668
1668
1668
1668
1668
1668
1668
1668
1668
1668
1668
1668
1668
1668
1668
1668
1668
1673
1674
1674
1674
1674
1674
1680
1681
1681
1681
1681
1681
1675
1675
1675
1675
1675
1675
1675
1675
1675
1675
1675
1675
1675
1675
1675
1675
1675
1675
1664
1664
1664
1664
1664
1664
1664
1664
1664
1664
1664
1664
1664
1664
1664
1664
1664
1664
1664
1664
1661
1661
1661
1661
1661
1661
1661
1661
1661
1661
1661
1661
1661
1661
1661
1661
1661
1661
1661
1661
1669
1655
1655
1655
1655
1655
1655
1655
1655
1655
1655
1655
1655
1655
1655
1655
1655
1655
1652
1652
1652
1652
1652
1652
1652
1652
1652
1652
1652
1652
1652
1652
1652
1652
1652
1652
1652
1652
1652
1652
1652
1652
1652
1652
1652
1652
1652
1652
1652
1652
1652
1652
1652
1652
1652
1652
1652
1652
1652
1652
1652
1652
1652
1652
1652
1652
1652
1652
1652
1652
1652
1652
1652
1652
1652
1652
1652
1652
1652
1652
1652
1652
1639
1639
1639
1639
1639
1639
1639
1639
1639
1639
1639
1639
1639
1639
1639
1639
1639
1639
1639
1639
1639
1639
1639
1639
1639
1639
1639
1639
1639
1639
1639
1639
1639
1639
1639
1639
1639
1639
1639
1639
1639
1639
1639
1639
1639
1639
1639
1639
1639
1639
1639
1639
1639
1639
1639
1639
1639
1639
1639
1639
1639
1639
1639
1639
1639
1639
1639
1639
1639
1639
1639
1639
1639
1639
1639
1639
1639
1639
1639
1639
1639
1639
1639
1639
1639
1639
1639
1639
1639
1639
1639
1639
1639
1639
1639
1639
1639
1639
1639
1639
1639
1639
1639
1639
1639
1639
1639
1639
1639
1639
1639
1639
1639
1639
1639
1639
1639
1639
1639
1639
1639
1639
1639
1639
1639
1639
1639
1639
1629
1629
1629
1629
1629
1629
1624
1624
1624
1624
1624
1624
1624
1624
1624
1624
1624
1624
1624
1624
1624
1624
1624
1624
1624
1624
1624
1624
1624
1624
1624
1624
1624
1624
1624
1624
1624
1624
1624
1624
1636
1636
1636
1636
1636
1636
1636
1636
1636
1636
1636
1636
1636
1636
1636
1636
1636
1636
1636
1636
1636
1636
1636
1636
1636
1636
1636
1636
1636
1636
1636
1636
1636
1636
1636
1636
1645
1645
1645
1645
1645
1645
1645
1645
1645
1645
1645
1645
1645
1645
1645
1645
1645
1645
1645
1645
1645
1645
1645
1645
1645
1645
1645
1645
1645
1645
1645
1645
1645
1645
1645
1645
1645
1645
1645
1645
1645
1645
1645
1645
1645
1645
1645
1645
1645
1645
1645
1645
1645
1645
1645
1645
1645
1645
1645
1645
1645
1645
1645
1645
1645
1645
1645
1645
1645
1645
1646
1646
1646
1646
1646
1646
1646
1646
1646
1646
1646
1646
1646
1646
1646
1646
1646
1646
1646
1646
1646
1646
1646
1646
1646
1646
1646
1646
1646
1646
1646
1646
1646
1646
1646
1646
1646
1646
1646
1646
1646
1646
1646
1646
1646
1646
1646
1646
1646
1646
1646
1646
1646
1646
1646
1646
1646
1646
1646
1646
1646
1646
1646
1646
1646
1646
1646
1646
1646
1646
1646
1646
1646
1646
1646
1646
1646
1646
1646
1646
1646
1646
1646
1646
1646
1646
1646
1646
1646
1646
1646
1646
1646
1646
1646
1646
1646
1646
1646
1646
1646
1646
1646
1646
1646
1646
1646
1646
1646
1646
1646
1646
1646
1646
1646
1646
1646
1646
1646
1646
1646
1646
1646
1646
1646
1646
1646
1646
1646
1646
1646
1646
1646
1646
1646
1646
1646
1646
1646
1646
1646
1646
1646
1646
1646
1646
1646
1646
1646
1646
1646
1646
1646
1646
1646
1646
1646
1646
1646
1646
1646
1646
1646
1646
1646
1646
1646
1646
1646
1646
1646
1646
1646
1646
1646
1646
1646
1646
1646
1646
1646
1646
1646
1646
1646
1646
1646
1646
1646
1646
1646
1646
1646
1646
1646
1646
1646
1646
1646
1646
1646
1646
1646
1646
1646
1646
1646
1646
1646
1646
1646
1646
1646
1646
1646
1646
1646
1646
1646
1646
1646
1646
1646
1646
1646
1646
1646
1646
1646
1646
1646
1645
1645
1645
1645
1645
1645
1645
1645
1645
1645
1645
1645
1645
1645
1645
1645
1645
1645
1645
1645
1645
1645
1645
1645
1645
1645
1645
1645
1645
1645
1645
1645
1645
1645
1645
1645
1645
1645
1645
1645
1645
1645
1645
1645
1645
1645
1645
1645
1645
1645
1645
1645
1645
1645
1645
1645
1645
1645
1645
1645
1645
1645
1645
1645
1645
1645
1645
1645
1645
1645
1645
1645
1645
1645
1645
1645
1645
1645
1645
1646
1646
1646
1646
1646
1646
1646
1646
1646
1646
1646
1646
1646
1646
1646
1646
1646
1646
1646
1646
1646
1646
1646
1646
1646
1646
1646
1646
1646
1646
1646
1646
1646
1646
1646
1646
1646
1646
1646
1646
1646
1646
1646
1646
1646
1646
1646
1646
1646
1646
1646
1646
1646
1646
1646
1646
1646
1646
1646
1646
1646
1646
1646
1646
1646
1646
1646
1646
1646
1646
1646
1646
1646
1646
1646
1646
1646
1646
1646
1646
1646
1646
1646
1646
1646
1646
1646
1646
1646
1646
1646
1646
1646
1646
1646
1646
1646
1646
1646
1646
1646
1646
1646
1646
1646
1646
1646
1646
1646
1646
1646
1646
1646
1646
1646
1646
1646
1646
1646
1646
1646
1646
1646
1646
1646
1646
1646
1646
1646
1646
1646
1646
1646
1646
1646
1646
1646
1646
1646
1646
1646
1646
1646
1646
1646
1646
1646
1646
1646
1646
1646
1646
1646
1646
1646
1646
1646
1646
1646
1646
1646
1646
1646
1646
1646
1646
1646
1646
1646
1646
1646
1649
1649
1649
1649
1649
1649
1649
1649
1649
1649
1649
1649
1649
1649
1649
1649
1649
1649
1649
1649
1649
1649
1649
1649
1649
1649
1649
1649
1649
1649
1649
1649
1649
1649
1649
1649
1649
1649
1649
1649
1649
1649
1649
1649
1649
1649
1649
1649
1649
1649
1649
1649
1649
1649
1649
1649
1649
1649
1649
1649
1649
1645
1645
1645
1645
1645
1645
1645
1645
1645
1645
1645
1645
1645
1645
1645
1645
1645
1645
1645
1645
1645
1645
1645
1645
1645
1645
1645
1645
1645
1645
1645
1645
1645
1645
1645
1645
1645
1645
1645
1649
1649
1649
1649
1649
1649
1649
1649
1649
1649
1649
1649
1649
1649
1649
1649
1649
1649
1649
1649
1649
1649
1649
1649
1649
1649
1649
1649
1649
1649
1649
1649
1649
1649
1649
1649
1649
1649
1649
1649
1649
1649
1649
1649
1649
1649
1649
1649
1649
1649
1649
1649
1649
1649
1649
1649
1649
1649
1649
1649
1649
1649
1649
1649
1649
1649
1649
1649
1649
1649
1649
1649
1649
1649
1649
1649
1649
1649
1649
1649
1649
1649
1649
1648
1648
1648
1648
1648
1648
1648
1648
1648
1648
1648
1648
1648
1648
1648
1648
1648
1648
1648
1648
1648
1648
1648
1648
1648
1648
1648
1648
1648
1648
1648
1648
1648
1648
1648
1648
1648
1648
1648
1648
1648
1648
1648
1648
1648
1648
1648
1648
1648
1648
1648
1648
1648
1648
1648
1648
1648
1648
1648
1648
1648
1648
1648
1648
1648
1648
1648
1648
1648
1648
1648
1648
1648
1648
1648
1648
1648
1648
1648
1648
1648
1648
1648
1648
1648
1648
1648
1648
1648
1648
1648
1648
1648
1648
1648
1648
1648
1648
1648
1648
1648
1648
1648
1648
1648
1648
1648
1648
1648
1648
1648
1648
1648
1648
1648
1648
1648
1652
1652
1652
1652
1652
1652
1652
1652
1652
1652
1652
1652
1652
1652
1652
1652
1652
1652
1652
1652
1652
1652
1652
1652
1652
1652
1652
1652
1652
1640
1640
1640
1640
1640
1640
1640
1640
1640
1640
1640
1640
1640
1641
1641
1641
1641
1641
1641
1641
1641
1641
1641
1641
1641
1641
1641
1641
1641
1641
1641
1641
1641
1641
1641
1641
1641
1641
1641
1641
1641
1641
1641
1641
1641
1641
1641
1641
1641
1641
1641
1641
1641
1641
1641
1641
1641
1641
1641
1641
1641
1641
1641
1641
1641
1641
1641
1641
1641
1641
1641
1641
1641
1641
1641
1641
1641
1641
1641
1641
1641
1641
1641
1641
1641
1641
1641
1641
1641
1641
1641
1641
1641
1641
1641
1641
1641
1641
1641
1641
1641
1641
1641
1641
1641
1641
1641
1641
1641
1641
1641
1641
1641
1641
1641
1641
1641
1641
1641
1641
1641
1641
1641
1641
1641
1641
1641
1641
1641
1641
1641
1641
1641
1641
1641
1641
1641
1641
1641
1641
1641
1641
1641
1641
1641
1641
1641
1641
1641
1641
1641
1641
1641
1641
1641
1641
1641
1641
1641
1641
1641
1641
1641
1641
1641
1641
1641
1641
1641
1641
1641
1641
1641
1641
1641
1641
1641
1641
1641
1641
1641
1641
1641
1641
1641
1641
1641
1641
1641
1641
1641
1641
1641
1641
1641
1641
1641
1641
1641
1641
1641
1641
1641
1641
1641
1641
1641
1641
1641
1641
1641
1641
1641
1641
1641
1641
1641
1641
1641
1641
1641
1641
1641
1641
1641
1641
1641
1641
1641
1641
1641
1641
1641
1641
1641
1641
1641
1641
1641
1641
1641
1641
1641
1641
1641
1641
1641
1641
1641
1641
1641
1641
1644
1644
1644
1651
1651
1651
1651
1651
1651
1651
1651
1651
1651
1651
1651
1651
1651
1651
1651
1651
1651
1651
1651
1651
1651
1651
1651
1651
1651
1651
1651
1651
1651
1651
1651
1651
1651
1651
1651
1651
1651
1651
1651
1651
1651
1651
1651
1651
1651
1651
1651
1651
1651
1651
1651
1651
1651
1651
1651
1651
1651
1651
1651
1651
1651
1651
1651
1651
1651
1651
1651
1651
1651
1651
1651
1651
1651
1651
1651
1651
1651
1651
1651
1651
1651
1651
1651
1651
1651
1651
1651
1651
1651
1651
1651
1651
1651
1651
1651
1651
1651
1651
1651
1651
1651
1651
1651
1651
1651
1651
1651
1651
1651
1651
1651
1651
1651
1651
1651
1651
1651
1651
1651
1651
1651
1651
1651
1651
1651
1651
1651
1651
1651
1651
1651
1651
1651
1651
1651
1651
1651
1651
1651
1651
1651
1651
1651
1651
1651
1651
1651
1651
1651
1651
1651
1651
1651
1651
1651
1651
1651
1651
1651
1651
1651
1651
1651
1651
1651
1651
1651
1651
1651
1651
1651
1651
1651
1651
1651
1651
1651
1651
1651
1651
1651
1651
1651
1651
1651
1651
1651
1651
1651
1651
1651
1651
1651
1651
1651
1651
1651
1651
1651
1651
1651
1651
1651
1651
1651
1651
1651
1651
1651
1651
1651
1651
1651
1651
1651
1651
1651
1651
1651
1651
1651
1651
1651
1651
1651
1651
1651
1651
1651
1651
1651
1651
1651
1651
1651
1651
1651
1651
1651
1651
1651
1654
1654
1654
1654
1654
1654
1654
1654
1654
1654
1654
1654
1654
1654
1654
1654
1654
1654
1654
1654
1654
1639
1639
1639
1639
1629
1629
1629
1629
1629
1629
1629
1629
1629
1629
1629
1629
1629
1629
1629
1629
1629
1629
1629
1629
1629
1629
1629
1629
1629
1629
1629
1629
1629
1629
1629
1629
1629
1629
1629
1629
1629
1629
1629
1629
1629
1629
1629
1629
1629
1629
1629
1629
1629
1629
1629
1629
1629
1629
1629
1629
1629
1629
1629
1629
1629
1629
1629
1629
1629
1629
1629
1629
1629
1629
1629
1629
1629
1622
1622
1622
1622
1622
1622
1622
1622
1622
1622
1622
1622
1622
1622
1622
1622
1622
1622
1622
1622
1622
1620
1620
1620
1620
1620
1620
1620
1620
1620
1620
1619
1619
1619
1619
1619
1619
1619
1619
1619
1619
1619
1619
1619
1619
1619
1619
1619
1619
1619
1619
1619
1619
1619
1619
1619
1607
1607
1607
1607
1607
1607
1607
1607
1607
1607
1607
1607
1607
1607
1607
1607
1607
1607
1607
1607
1607
1607
1607
1607
1607
1607
1607
1607
1607
1607
1607
1607
1607
1607
1607
1607
1607
1607
1607
1607
1607
1607
1607
1607
1607
1607
1607
1607
1607
1607
1607
1607
1607
1607
1607
1607
1607
1607
1607
1607
1607
1607
1607
1607
1607
1607
1607
1607
1607
1607
1607
1607
1607
1607
1607
1607
1607
1607
1607
1607
1607
1606
1606
1606
1606
1606
1606
1606
1606
1606
1606
1606
1606
1606
1606
1606
1606
1606
1606
1606
1606
1606
1606
1606
1606
1606
1606
1606
1606
1606
1606
1606
1606
1606
1606
1606
1606
1606
1606
1606
1606
1606
1606
1606
1606
1606
1606
1606
1606
1606
1606
1606
1606
1606
1606
1606
1606
1606
1606
1606
1606
1606
1606
1606
1606
1606
1606
1606
1606
1606
1606
1606
1606
1606
1606
1606
1606
1606
1606
1606
1608
1608
1608
1608
1608
1608
1608
1608
1608
1608
1608
1608
1608
1608
1608
1608
1608
1608
1608
1608
1608
1608
1608
1608
1608
1608
1608
1608
1608
1608
1608
1619
1619
1619
1619
1619
1619
1619
1619
1619
1619
1619
1619
1619
1619
1619
1619
1619
1619
1619
1619
1619
1619
1619
1619
1619
1619
1619
1619
1619
1619
1619
1619
1619
1619
1619
1619
1619
1619
1619
1619
1619
1619
1619
1619
1619
1619
1619
1619
1619
1619
1619
1619
1619
1619
1619
1619
1619
1619
1619
1619
1619
1619
1619
1619
1619
1619
1619
1619
1619
1619
1619
1619
1619
1619
1619
1619
1619
1619
1619
1619
1619
1608
1608
1608
1608
1608
1608
1608
1608
1608
1608
1608
1608
1608
1608
1608
1608
1608
1608
1608
1608
1608
1608
1608
1608
1608
1608
1608
1608
1608
1608
1608
1608
1608
1608
1608
1608
1608
1608
1608
1608
1608
1608
1608
1608
1608
1608
1608
1608
1608
1608
1608
1608
1608
1608
1608
1608
1608
1608
1608
1608
1608
1608
1608
1608
1608
1608
1608
1608
1608
1608
1608
1608
1608
1608
1608
1608
1608
1608
1608
1608
1608
1608
1608
1608
1608
1608
1608
1608
1608
1608
1608
1608
1608
1608
1608
1608
1608
1608
1608
1608
1608
1608
1608
1608
1608
1608
1608
1608
1608
1608
1608
1608
1608
1608
1608
1608
1608
1608
1608
1608
1608
1608
1608
1608
1608
1608
1608
1608
1608
1608
1608
1608
1608
1608
1608
1608
1608
1608
1608
1608
1608
1608
1608
1608
1608
1608
1608
1608
1608
1608
1608
1608
1608
1608
1608
1608
1608
1608
1608
1608
1608
1608
1608
1608
1608
1608
1608
1608
1608
1608
1608
1608
1608
1608
1608
1608
1608
1608
1608
1608
1608
1608
1608
1608
1608
1608
1608
1608
1608
1608
1608
1608
1608
1608
1608
1608
1608
1608
1608
1608
1608
1608
1608
1608
1608
1608
1608
1608
1608
1608
1608
1608
1608
1608
1608
1608
1606
1606
1606
1606
1606
1606
1606
1606
1606
1606
1606
1606
1606
1606
1606
1606
1606
1606
1606
1606
1606
1606
1606
1606
1606
1606
1606
1606
1606
1606
1606
1606
1606
1606
1606
1606
1606
1606
1606
1606
1606
1606
1606
1606
1606
1606
1606
1606
1606
1606
1606
1606
1606
1606
1606
1606
1606
1606
1606
1606
1606
1606
1606
1606
1606
1606
1606
1606
1606
1606
1606
1606
1606
1606
1606
1606
1606
1606
1606
1606
1606
1606
1606
1606
1606
1606
1606
1606
1606
1606
1606
1606
1606
1606
1606
1606
1606
1606
1606
1606
1606
1606
1606
1606
1606
1606
1606
1606
1606
1606
1606
1606
1606
1606
1606
1606
1606
1606
1606
1608
1608
1608
1608
1608
1608
1608
1608
1608
1608
1608
1608
1608
1608
1608
1608
1608
1608
1608
1608
1608
1608
1608
1608
1608
1608
1608
1608
1608
1608
1608
1608
1608
1608
1608
1608
1608
1608
1608
1608
1608
1608
1608
1608
1608
1608
1608
1608
1608
1608
1608
1608
1608
1608
1608
1608
1608
1608
1608
1608
1608
1608
1608
1608
1608
1608
1608
1608
1608
1608
1608
1608
1608
1608
1608
1608
1608
1608
1608
1608
1608
1608
1608
1608
1608
1608
1608
1608
1608
1608
1608
1608
1608
1608
1608
1608
1608
1608
1608
1608
1608
1608
1608
1608
1608
1608
1608
1608
1608
1608
1608
1608
1608
1608
1608
1608
1608
1608
