2052
2111
2012
1995
1912
1951
2015
2034
2052
2047
1955
1955
1936
2020
2020
2026
2075
2007
2016
2016
2100
2100
2113
2121
2130
2129
2122
2131
2118
2071
2050
2050
2142
2068
2106
2137
2122
2065
2006
1982
1924
1964
1986
2008
2011
1995
1977
1983
2033
2054
2065
1956
1974
2057
2030
1969
1951
2015
2015
2015
1979
1999
1993
1985
2018
2018
2040
2040
1960
1968
1914
1907
1973
1992
2007
2044
2046
2046
2019
2106
2106
2155
2118
2109
2064
1966
1958
1981
1991
1936
1936
1936
1943
1918
1975
1933
1914
1880
1921
1943
1929
1918
1941
1983
1955
2059
1978
2015
2015
1995
1995
1926
1868
1929
1959
1959
2089
2102
2097
2078
2047
2047
2071
1920
1884
1936
1978
1973
1975
1992
1961
1988
2013
1963
2105
2105
2189
2131
2139
2194
2194
2183
2193
2166
2030
1979
1940
1989
2035
2072
2099
2108
2144
2174
2081
2098
2050
2006
2005
2136
2131
2106
2131
2008
1960
1961
1903
1924
1899
1968
2009
2009
2008
2024
1984
1935
1935
1934
1913
1992
2050
1982
1982
2093
1987
1971
1971
1994
2007
1976
1990
2036
1951
2050
2123
2107
2065
2083
2173
2105
2092
2077
2039
2045
2023
2049
2059
2057
2057
2124
2101
2124
2122
2088
2128
2093
2108
2152
2172
2181
2151
2161
2149
2116
2140
2158
2147
2163
2113
2095
2140
2087
2041
2116
2135
2077
2077
2061
1987
2092
2021
2008
2023
2008
1969
1992
1939
1931
1949
1967
1996
1985
1942
1891
1919
2015
1962
1962
1971
1984
1984
2053
2128
2158
2129
2148
2144
2075
2114
2042
2079
2067
2042
2005
1981
1983
1985
1985
2005
1996
2008
2020
1978
1931
2002
2007
1992
2039
2012
2028
2110
2082
2092
2074
2071
2081
2123
2123
2112
2111
2126
2126
2126
2095
2150
2200
2200
2229
2160
2061
2061
2063
1997
1928
1904
1870
2046
2018
1989
2009
2111
2012
1998
2020
2020
1982
1894
1936
1947
1893
1829
1888
1950
1930
1956
1956
1930
1959
1959
1976
2003
1947
1932
1972
1920
1968
1991
2015
2015
2015
1993
1915
1988
1859
1859
1915
1915
1915
1895
1816
1816
1833
1883
1883
2024
2024
1979
2017
1985
1990
1972
2052
2033
2075
2110
2145
2117
2085
2076
2049
1983
1983
1976
1937
1937
1909
1954
2048
2049
2030
1931
1989
2015
1934
1934
1904
1886
1928
2005
2005
1974
1961
1954
2041
2025
2106
2130
2033
1932
1925
1901
1874
1897
1937
1937
1937
1946
1948
1994
1970
1997
2021
2067
2063
2043
2044
2060
2000
2067
2049
1941
1938
1938
1910
1975
1975
1975
1974
1890
1955
2019
2121
2066
1957
1962
1973
2107
2101
2145
2095
2070
2091
1999
1987
2060
2060
2079
2038
2074
2115
2154
2175
2187
2115
2097
2055
2123
2096
2004
2040
2079
2162
2122
2058
2061
2010
2000
1953
1858
1847
1945
1945
1982
1982
2090
2087
2087
2103
2103
2120
2104
2108
1979
1995
2057
2078
2079
2042
2037
2007
2066
2039
2017
2006
1972
2022
2002
2002
1974
1989
2013
2055
1958
1990
1955
2000
2050
2050
2012
1901
1908
1885
1857
1904
1917
1930
1906
1973
1957
1971
1948
1933
1933
1939
2010
2010
1997
1982
1975
1914
1903
1964
1953
1953
1956
1918
1918
1866
1917
2001
1970
1970
1940
2002
1970
1970
1970
1970
1970
2002
2004
2105
2042
2193
2212
2106
2049
2079
1979
1960
1986
1939
1930
1939
1939
1893
1887
1949
1935
1906
1900
1900
1871
1855
1812
1821
1888
1926
1926
1934
1925
1991
1960
1972
1968
1971
1978
1990
1990
1957
1953
1956
1956
1995
1911
1930
1930
1937
1904
2015
1981
2012
1907
1959
1945
1987
2046
2072
1983
2027
2056
2026
2059
2076
2094
2114
2128
2102
2115
2134
2163
2200
2200
2112
2098
2032
1989
1933
1933
1942
1958
1945
1990
1990
2023
1991
1995
1995
2027
2026
2071
2010
2009
2027
2027
1973
1973
1956
1969
1940
1983
2031
2031
1961
2036
1936
1995
1995
1995
2049
1949
1959
2078
2015
2010
1999
2095
2063
2016
1982
1982
1966
1912
1964
1974
1921
1930
1921
1950
1897
2054
1978
1869
1955
2054
2097
2140
2130
2154
2222
2198
2193
2206
2237
2260
2234
2213
2088
2078
2090
2094
2148
2106
2144
2118
2019
1953
2041
2096
2080
2100
2100
2050
2020
2020
2020
1884
1982
1941
1941
1862
1906
1916
1906
1892
1991
2011
1934
1934
1976
1949
1892
1927
2016
2063
2016
2016
2016
1943
1948
2001
2008
2002
2001
2038
2000
2003
1975
1909
1923
1909
1914
1914
1921
1899
1895
1900
1932
1905
1905
1891
1860
2011
2094
2087
2079
2010
2021
2067
2062
2064
2139
2180
2169
2124
2038
2038
1999
2060
2060
2027
2048
2127
2061
2073
2151
2127
2124
2102
2102
2102
2108
2098
2087
2077
2111
2099
2069
2088
2027
1961
2034
2119
2200
2140
2087
2137
2123
2029
2054
2122
2122
2146
2146
2156
2162
2203
2197
2172
2113
2049
2095
2095
2019
2046
2063
2079
2011
2011
2083
2074
2013
2023
2035
2052
2060
2047
2046
2061
2068
2089
2060
2080
2087
1976
1942
2033
1994
2011
2054
2152
2058
2008
2006
1995
2055
2055
2069
2076
2110
2047
2032
2050
2085
2053
2041
1970
2091
2064
2036
1979
1851
1811
1811
1811
1957
2026
2026
2037
1981
2015
1994
1988
2115
2161
2154
2091
2091
2091
2084
2167
2075
2070
2056
2047
2082
1978
2002
2014
1969
1925
1960
1980
1980
1980
2004
1929
1942
1974
1919
1919
1940
1933
2001
1971
2071
2143
2166
2127
1994
1989
1963
1925
1942
1927
1923
1949
2012
2017
2017
1959
1905
1892
1892
1885
1835
1911
1926
2017
1968
1942
1923
1997
1987
1997
1980
2031
1947
1947
1961
1910
1910
1999
2055
2073
2073
2082
2051
2051
1962
1949
1865
1863
1872
1894
1913
1868
1893
1931
1888
1867
1886
1874
1893
1890
1909
1906
1942
1942
1943
1990
1943
1975
1879
1844
1871
1866
1928
1894
1827
1827
1876
1922
1919
1957
2013
2018
2083
2132
2010
2010
2008
2024
2003
2001
2001
1944
1956
1921
1921
1913
1913
1897
1897
1934
1909
1894
1954
1923
1923
1924
1938
1963
2022
1970
1964
1954
2033
1947
1907
1935
1979
2007
2005
2005
1998
2001
2001
2033
1932
1932
1932
1929
1950
1898
1881
1888
1888
1934
1888
1874
1903
2090
2090
2058
2142
2142
2136
2136
2115
2115
2110
2083
2079
2023
1999
2040
2062
2026
2063
2002
1990
1997
2036
1976
1832
1919
1919
1927
1886
1918
1907
1848
1919
1919
1893
1889
1889
1885
1916
2017
2047
2025
1994
1995
1999
1962
2015
2061
1906
1904
1857
1882
1890
1923
2012
1979
1980
2006
2004
2018
1999
2046
2078
2133
2135
2148
2084
2029
2017
2058
2058
2015
2015
2005
1957
2030
2051
2049
2071
2071
2039
2066
2067
2040
2042
2012
2012
2054
2040
1990
1959
1973
2023
1991
2074
1998
1954
1973
1973
1999
1993
2000
1894
1903
1920
1989
1989
1989
2068
1993
2068
2003
2065
2065
2094
2094
2106
1981
2008
2008
1993
1899
1888
1905
1922
1953
2000
2004
2004
2047
2086
1992
1955
1943
2063
2114
2075
2096
2096
2114
2031
2006
1974
2093
2093
2000
2000
1957
1949
2050
2045
1993
1979
1979
2000
2035
1995
1994
2036
2003
1955
1995
2004
2103
1976
1944
1980
1980
1944
1903
1963
2037
2030
2046
1989
1955
1998
1915
1937
1963
1878
1878
1950
1930
1930
1957
1876
1864
1870
1881
1943
1933
1948
1951
1994
1994
2058
2058
2018
2019
2023
2009
2027
2069
2068
2025
2025
2001
2028
2038
2000
1983
1983
1986
1984
1994
1994
2000
2002
1995
1964
1930
1908
1892
1896
1926
1926
1926
2031
2089
2159
2107
2050
1983
1961
2004
1950
1964
1964
2081
2063
2051
1983
1948
2031
2064
2040
2026
2083
2124
2070
2045
2012
1985
2008
1998
1983
2054
2069
2053
1980
1898
1870
1947
1947
1947
1980
1983
1990
2035
2022
2040
2116
2026
2044
2027
2040
1980
1980
1916
1945
1943
1932
1864
1864
1792
1836
1881
1895
1895
1966
1997
1997
1997
1997
2011
2011
2043
1988
2001
2038
2001
2017
2041
2006
1968
1988
1969
2033
2146
2088
2120
2120
2083
1969
1941
2035
2031
2020
2020
1991
2074
2011
2061
2068
2093
2068
2091
2015
1948
1948
1944
1963
1989
1925
2070
2017
2036
1975
1974
1982
1982
1913
1956
2045
1952
1952
1930
1930
1988
2022
1960
1960
1979
2026
1957
1948
1924
1988
2000
2055
2062
2053
2089
2093
2056
2044
2017
1987
2009
2049
2091
2034
2129
2061
1970
1930
1957
1957
1966
2004
2014
2071
2107
2054
1961
1961
1939
2001
1988
2001
2001
1956
1964
1930
1932
1943
1932
1992
1954
1895
1895
1975
1917
1956
2035
1975
1965
1953
1972
1986
1972
2064
2067
2093
2093
2067
2037
2029
2052
2097
2108
2146
2126
2091
2105
2119
2155
2155
2078
2066
2075
2020
2024
1996
2001
1940
1940
1944
1995
2023
1954
1966
1965
1987
1967
1973
2075
2099
2010
2013
1962
1988
2030
2025
2030
2015
2057
2061
2061
2064
2045
2011
1946
1923
1965
1910
1934
1994
1967
1960
1967
1919
1985
1920
1863
1893
1893
1912
1932
1932
1954
1954
1932
1921
1901
1895
1872
1855
1935
1967
2021
2147
2096
2049
2051
2053
2057
1907
1864
1930
1860
1912
1896
1896
1849
1857
1876
1876
1876
1952
1934
1937
1926
1928
1906
1906
1981
1975
1891
1974
1972
1945
1989
2005
1999
2005
1937
1971
1957
1957
2032
2021
2008
2008
2033
1976
1976
1957
1949
1940
1940
1940
1979
1995
1985
1985
1985
1990
1908
1908
1928
1985
1980
2028
2097
2130
2074
2071
2061
2061
2061
2020
1960
1960
2006
1995
1995
2029
2029
2029
2053
2100
2006
2012
2073
2067
2071
2085
2101
1942
1948
1948
1948
2077
2083
2062
2079
2023
2065
2014
2118
2160
2204
2160
2094
2094
2079
2101
2051
2070
2070
2079
2102
2138
2138
2138
2099
2042
2042
2040
2057
2001
2002
1839
1860
1860
1878
1900
1919
1950
1950
1944
1918
1932
1899
1860
1860
1860
1895
1895
1969
1950
1948
1966
1928
1935
2034
2018
2062
2047
2009
2009
1996
1996
2050
2016
2016
1946
1912
1912
1935
2015
1981
1988
2050
2030
2041
2041
2000
1979
2026
1966
1966
1973
1956
1960
1960
1969
1998
2035
2033
2025
2058
1974
1970
1969
1969
1993
2003
1974
1999
1999
2030
2026
2052
2036
2010
2018
2045
2029
2031
2005
1920
1909
1909
1937
1938
1967
1911
1963
1963
1963
1963
1963
2002
2002
2006
1984
2013
1955
1969
1950
2011
2000
1973
1951
1947
1947
1943
1965
1965
1956
2036
2053
2035
2006
1956
1977
1977
2029
2039
2046
2031
2023
2057
2057
2069
2113
2180
2112
2093
2069
2080
2059
2054
2073
2011
2095
2095
2152
2055
2061
2061
2095
2074
2086
2041
2050
2013
2038
2095
2070
2068
2083
2083
2083
2068
2094
2094
2094
2058
1993
2096
2092
2115
2141
2145
2129
2067
1988
2017
2052
2095
2095
2130
2119
2034
2026
1975
2053
1979
1984
1997
2116
2038
1993
1993
1993
2003
2080
2028
2028
2080
2034
2006
2018
1963
1985
2063
1975
1975
1975
2016
2016
1983
1978
1944
1970
1990
1995
1995
2025
1978
2022
1953
1952
1899
1905
1954
1993
2009
2054
1972
2054
2136
2136
2058
2044
1984
1984
1940
1909
1881
1963
1962
1961
1961
1960
1908
1908
1967
1961
1917
1924
1924
1924
1917
1917
1917
1994
1985
1984
1959
1981
1967
1967
1934
1919
1919
1970
1976
1963
2054
2043
2043
2065
2047
2047
2103
2123
2061
2001
2050
2060
2042
2058
2083
2129
2177
2169
2228
2122
2236
2236
2220
2220
2168
2142
2124
2142
2091
2068
2060
2048
2015
1987
1987
1921
1947
1936
1984
1985
2000
1956
1941
1915
1993
2023
2080
2045
2045
2040
2028
2096
2060
2068
2101
2065
2118
2118
2182
2193
2193
2216
2204
2154
2110
2099
2143
2114
2082
2127
2172
2151
2136
2094
2100
2028
2029
2104
2104
2029
2071
2014
2048
2065
2009
2019
2028
1995
1967
1992
2068
2026
2002
2024
1976
1982
2014
2012
1994
1979
2019
2054
2072
2032
2016
2010
1941
1941
1866
1854
1917
1912
1926
1944
1956
1938
1922
1905
1985
2034
1965
1983
1981
1990
1939
1939
1939
1925
1959
1918
1918
1869
1882
1853
1849
1873
1918
1878
1928
1928
1988
1972
1930
1930
1880
1882
1886
1918
1875
1858
1858
1906
1907
1991
1987
1977
2002
1926
1926
1908
1977
1956
1951
2001
1982
1968
1912
1915
1884
1884
1890
1969
1969
1969
1969
1969
1969
2057
2057
2016
2016
2016
2016
1987
2062
2062
2036
2015
1975
2025
1992
1992
1951
2010
2003
1942
1943
1926
1900
1962
1859
1902
1902
1902
1869
1902
1881
1894
1905
1927
1975
1992
1939
1971
1958
1928
1928
1974
2026
2041
2084
2078
2068
1977
1967
1954
1912
1875
1882
1878
1878
1908
1923
1988
1971
1868
1895
1947
1951
1934
1972
1972
1951
1951
1951
2004
1990
1979
1968
1958
2024
2121
2115
2115
2088
2134
2076
2078
2043
2060
2020
1919
1920
2044
2018
2018
1976
1963
1978
1973
1948
1999
2018
2018
1952
2011
1974
1996
1972
1995
2042
2149
2111
2127
2030
2039
1989
2024
2007
2090
2038
2036
2067
2004
1991
1983
1923
1946
1919
1919
1946
1951
1971
1941
1994
1944
1931
1931
1898
1888
1994
1979
1979
2004
2004
2007
1981
2005
2018
2008
2036
2044
2047
2043
2043
2017
1978
1978
1978
2038
2046
2046
2061
2055
2072
2008
1930
1932
1946
1946
1969
1935
1935
1935
1919
1919
1961
1935
1935
1949
1949
1949
1949
1970
1970
2042
2049
2087
2038
2038
1957
1957
1957
1964
1968
2011
2065
2050
2065
2065
2093
2093
2080
2028
2001
2001
2068
2040
2022
2022
2056
2056
1887
1887
1887
1887
1908
1905
1849
1945
1849
1864
1900
1913
1887
1887
1942
1947
1991
1956
1973
1952
1952
1976
1883
1872
1913
1974
1950
1928
1976
2042
2042
2050
2050
2141
2085
2030
2063
2030
2047
2108
2105
2116
2055
2055
2055
2072
2093
2072
2097
2008
2009
1938
1947
1979
1989
1961
2003
2024
2024
2053
2024
1924
1929
1974
1915
1915
2025
2057
2021
2021
2021
2057
2059
2059
2069
2062
2064
2100
2018
2041
2026
2013
1991
1983
1950
2022
2003
1987
2000
1935
1935
1915
1921
1918
1921
1918
1975
1953
1918
1918
1965
1911
1919
1919
1919
1958
2049
2046
2051
2051
2049
2075
2075
2045
2002
1964
1952
1952
1991
1991
1991
1926
1926
1926
1954
1954
2019
2019
2043
1915
1919
1919
1828
1810
1882
1882
1869
1842
1842
1869
1890
1896
1892
1892
1893
1944
1972
1972
2045
2010
2010
1998
1989
2008
2008
1996
2013
1936
1965
2015
2023
2020
2033
1957
1985
1985
1889
1889
1966
2038
2033
1987
1997
1938
2019
1989
1981
1953
1953
1953
1905
1905
1940
1948
1948
1940
1932
1929
1929
1952
1891
1891
1891
1882
1909
1899
1899
1961
1997
2021
2002
2075
2005
1978
1951
2017
1988
1988
1961
1967
1952
1902
1906
1907
1979
1996
1955
1958
1958
1958
1930
1995
1993
1993
1972
1993
1917
1947
1911
1950
1960
1965
1965
1992
1965
1952
1968
1943
1934
1909
1909
1919
1984
1979
1979
1969
1996
1985
2057
2079
2079
2048
2050
2013
1928
2077
2156
2156
2116
2157
2064
1969
1999
2022
1985
2043
2043
2043
2043
2056
2077
2085
2047
2032
1986
2032
2032
2020
2053
1985
1943
1939
2000
2018
1952
2008
2051
2047
2054
2064
2107
2146
2044
2020
2023
2038
1996
2011
2011
1962
1962
1966
1983
1967
1957
1977
1987
1975
1975
2050
2050
2023
2076
2052
2059
2059
2123
2123
2123
2100
2189
2182
2149
2130
2112
2122
2066
2051
1936
1936
1915
1949
1990
1990
1978
1971
1973
2003
1944
1948
2014
2044
2035
2063
2043
2033
2033
2031
1987
1939
1946
1973
1973
1952
1952
1964
1925
1936
1973
1973
2054
2054
1939
1983
1884
1976
1976
2052
1976
1983
1972
2031
1977
1972
1967
1945
1848
1881
2032
2032
1978
1907
1907
1822
1868
1849
1895
1895
1943
1908
1918
1937
1910
1893
1884
1890
1906
1932
1932
1972
1909
1957
1952
1930
2014
1946
1946
1991
1991
1991
1990
1990
2006
2072
2072
1992
1943
1961
1961
1961
1912
1912
1868
1922
1934
1934
1927
1957
1957
1925
1964
1985
2018
2018
2018
2018
2036
2018
1999
1999
2069
2037
2018
1982
1891
1906
1917
1950
1993
1962
1966
1968
1952
2045
1979
2028
2028
2041
2027
2027
2051
1975
1983
1978
1979
2018
2023
1989
1986
2062
2091
2100
2100
2090
2154
2101
2104
2034
2147
2178
2105
2029
2036
2025
2032
1974
1933
1899
1939
1942
1896
1998
2021
2038
2103
2143
2154
2129
2171
2107
2077
2085
2085
2087
2048
2048
2036
2094
2074
2053
2189
2159
2139
2101
2060
2060
2060
2060
2060
2147
2072
2106
2035
2039
2032
2070
2044
1930
1926
2045
2045
1988
2025
2051
2099
2099
1933
1954
1946
1946
1919
1904
1925
1949
1896
1889
1901
1926
1926
1947
1947
1947
1931
1931
1951
1939
1939
1937
1951
1950
1895
1921
1921
1930
1930
1904
1897
1912
1912
1848
1871
1875
1921
1974
1976
1969
1982
1974
1974
1974
1991
1828
1828
1860
1860
1920
1920
1912
1840
1919
1870
1951
1903
1849
1863
1819
1793
1792
1838
1838
1842
1842
1842
1867
1880
1899
1917
1909
1909
1883
1883
1869
1885
1928
1933
1973
2038
1998
1875
1875
1852
1878
1928
1965
1990
1990
1939
1958
1958
1924
1904
1904
2045
1972
1977
1977
1984
2008
2095
2048
2045
1979
1979
1980
1980
2049
2045
2007
2003
1995
1899
1931
1958
1959
1917
1892
1917
1932
1932
1928
1950
1904
1932
1932
1975
1975
2000
2061
2061
2061
2039
2078
2078
2005
1916
1869
1890
1890
1907
1977
2045
2044
1998
2025
2018
2021
2010
2026
1987
1999
2045
2061
2051
2145
2155
2136
2084
1988
2016
2013
2052
2031
2031
1989
1953
2023
2099
1975
2119
2119
2147
2147
2118
2049
2049
1994
2051
2039
2038
2029
1996
1980
1968
1984
1984
1970
1933
1933
1933
1929
1929
1929
1929
1929
1929
1929
1929
1929
1957
1957
2017
2018
2042
2047
2033
2001
2003
2012
1990
2010
2010
2010
2013
2014
1965
1881
1838
1838
1864
1880
1873
1907
1907
1976
1972
1919
1920
1906
1828
1870
1870
1906
1906
1856
1919
1926
1900
1934
1911
1911
1903
1895
1895
1896
1893
1910
1910
1954
2051
2020
2030
2030
2107
2107
2054
2043
2032
1997
2054
2054
2090
2090
2079
2034
2038
2017
1995
1995
1928
1884
1973
1963
1962
1962
1956
1973
2008
2007
2060
2056
2013
1985
2015
2018
2001
2030
2030
1988
1988
1961
1952
1967
1938
1930
1948
1939
1939
1919
1941
1941
1920
1978
1980
1980
1951
2040
2040
2040
2070
2063
2097
2037
2010
1976
1967
1987
1902
1902
1920
1920
1957
1957
2060
2017
2015
2003
1958
1892
1892
1897
1897
1902
1929
1929
1924
1899
1927
1927
1927
1890
1868
1848
1848
1820
1820
1912
1888
1883
1985
1957
2056
2057
2133
2093
2051
2081
2015
2079
2079
2079
2018
2015
2015
2015
2015
2010
2082
2082
1999
1936
1936
1936
1969
1989
1959
1952
2073
2097
2112
2118
2045
2039
2044
2017
2011
2011
1903
1903
1946
1980
1967
1967
1917
1911
1911
1911
1893
1893
1865
1915
1923
1934
1927
1968
1937
1937
1923
1937
1961
2021
2024
2024
2039
2039
2050
2046
1960
2015
2011
2016
1975
1975
1957
1916
1917
1914
1932
1925
1956
1972
1889
1995
2053
2021
1950
1959
2030
2009
1989
2019
2019
1982
1951
1951
1951
2011
1990
1966
1966
1966
1947
1939
1883
1892
1892
1901
1901
1922
1936
1901
1837
1811
1834
1834
1834
1801
1879
1911
1911
1899
1898
1916
1990
1937
1935
1981
2028
1996
1961
1961
1980
1903
1903
1984
1998
1998
1966
1951
2045
2049
2049
2017
1936
1855
1855
1901
1906
1906
1894
1981
1943
1943
1943
2036
2036
2121
2034
1988
2001
2010
1971
1971
2027
2012
2012
2060
2080
2084
1931
1880
1880
1871
1981
1981
2008
2063
2144
2088
2088
2016
2033
2051
2057
2033
1950
1950
1995
1989
1993
1954
2057
2057
2057
2057
2076
2066
2067
2069
2069
2010
2015
2002
2002
2003
1980
2002
1969
2011
1988
1966
2040
1988
2040
2040
2086
1982
1953
1953
1967
1976
1986
1974
2058
1919
1937
2007
2007
2007
2038
2068
2004
2004
1963
1964
1964
1964
1912
1915
1929
1953
1953
1953
1965
2002
2014
2014
1954
1964
1989
1955
1875
1875
1874
1907
1859
1895
1938
1938
1938
1990
1977
2005
2045
2060
2021
1988
1949
1949
1988
1960
1960
1960
1960
1938
1938
1938
1999
1958
1948
1923
1950
1950
1950
1950
1914
1914
1916
1916
1933
2012
2050
2050
1989
1975
1975
2070
2070
2090
2100
2100
2036
2016
1992
2037
2024
2021
2014
1995
1995
2012
2049
2101
2049
2089
2144
2092
1991
1998
2000
1987
1987
2038
2041
2023
2013
1945
1934
1934
1887
1952
2002
2002
2002
1952
1880
1880
1889
1939
1939
1947
1882
1882
1885
1866
1866
1971
1971
1931
1931
1938
1938
1988
1981
1997
1964
1860
1872
1855
1855
1875
1875
1882
1892
1990
1972
1921
1951
1978
2126
2095
2068
2068
2077
1988
2010
2010
2007
1971
2001
2001
2042
2115
2089
2089
2000
2000
2029
1898
1898
1898
1912
1947
2017
1973
1928
1948
1928
2036
2082
2049
1992
1985
1983
2001
1954
1986
1961
1941
1927
1927
1927
1939
1939
1964
1939
1959
1959
2031
1984
2013
1927
1954
1954
1940
1946
2017
2021
1990
1930
1930
1942
1900
1941
1951
1999
1993
1984
2029
2029
2023
1993
1975
1939
1939
1901
1943
1948
1961
1961
2001
2007
2002
1988
1988
2016
2005
2002
2002
1989
1958
1989
1912
1934
1955
1959
2004
1962
2015
2015
2099
1996
1996
1898
1919
1919
1928
1902
1902
1902
1976
1959
1990
1990
1934
1921
1918
1918
1918
1931
1925
2024
2032
2024
2107
2137
2093
2105
2081
2081
2044
2044
2044
2067
2076
2005
2005
2050
2079
2025
2085
2119
2128
2108
2086
2089
2073
1994
1918
1866
1866
1866
1866
1898
1898
1898
1898
1898
1944
1926
1945
1985
1956
1968
1987
1948
1854
1846
1884
1884
1884
1884
1906
1886
1916
1928
1928
1931
1874
1907
1907
1907
1907
1895
1936
1876
1876
1908
1908
1908
1890
1876
1926
1941
1902
1902
1895
1895
1943
1886
1890
1929
1929
1929
1847
1847
1847
1847
1791
1791
1791
1803
1803
1793
1858
1944
1910
1910
1910
1928
1940
1977
1949
1949
1949
1880
1900
1900
1929
1929
1929
1875
1965
1965
1965
2017
2017
2033
2025
2027
1993
2022
2040
2022
2010
1978
1967
1945
1933
2024
2057
1966
1940
1944
1963
1963
1954
1977
1969
1952
1932
1952
1980
1980
1980
1980
1980
2037
2024
2026
1955
2036
2068
2004
2038
2039
2049
2074
2074
2075
2071
2142
2142
2044
2035
2015
2015
2015
2015
2015
2011
1953
1953
1985
1985
1985
1980
2037
1992
2014
2034
2034
2029
1986
2011
2011
2011
1915
1915
1886
1943
2048
1993
2008
2000
2004
2051
2051
2045
2046
2044
2044
2005
2018
2018
2026
1969
1972
1972
1967
1967
1986
1968
1992
1948
1958
1958
1958
1950
1983
2035
1966
2017
1966
1921
1948
1986
1882
1899
1899
1899
1899
1929
1873
1890
1890
2005
2029
2029
1993
1983
2006
2006
2006
2006
2006
1991
2017
2006
2112
2145
2059
2042
2018
2006
2047
2003
1959
1959
2097
2097
2097
2103
2103
2084
2082
2070
2052
2052
2026
2026
1982
1982
1999
1999
1999
2028
1963
1945
1908
1894
1851
1851
1851
1851
1876
1920
1931
1931
1915
1979
1915
1865
1865
1865
1957
1997
1929
1929
1929
1929
1904
1904
1904
1964
1933
1962
1904
1904
1915
1887
1887
1887
1882
1882
1882
1875
1936
1936
1936
1874
1842
1842
1976
1941
1985
1999
1999
1999
1999
1999
1969
2012
2026
1927
1927
1927
2048
2040
2040
2015
2025
1979
1979
2024
1979
1985
1971
1971
1960
1960
1996
1996
2007
2039
2093
2087
2145
2177
2088
1976
1976
1976
1958
1958
2000
2000
1914
1894
1896
1899
1899
1925
1925
1925
1936
1905
1926
1947
1947
1947
1947
1862
1828
1828
1828
1828
1879
1879
1862
1862
1875
1855
1855
1836
1933
1931
1962
1934
1956
1956
1986
1993
2010
1945
1945
2017
2017
2004
2006
2006
2006
2032
2082
2026
2045
2032
1978
2011
2061
2062
1969
1969
1979
1969
2010
1909
1909
1909
1873
1888
1888
1888
1923
1891
1891
1878
1878
1883
1930
1918
1914
1920
1920
1920
1914
1860
1836
1853
1853
1842
1842
1837
1838
1838
1838
1911
1904
1904
1904
1898
1898
1847
1847
1881
1881
1881
1881
1881
1970
1940
1940
1887
1899
1899
1937
1907
1869
1886
1886
1919
1850
1850
1850
1850
1850
1805
1800
1863
1863
1911
1955
1956
1926
1890
2001
1951
2014
2064
2055
2038
2017
1988
2024
2024
1993
2008
2020
2030
2052
2021
1976
1976
1976
1951
1951
1951
1995
1995
1995
1995
1995
1995
1984
1969
1987
1989
1977
1971
1987
1987
1955
1942
1965
1958
2008
2008
2006
2063
2104
1970
1962
1938
1938
1938
1873
1873
1874
1846
1846
1846
1846
1846
1884
1895
1895
1885
1926
1926
1926
1926
1945
1945
1965
2006
1987
1907
1942
1889
1945
1967
1905
1893
1865
1865
1865
1909
1899
1938
1926
1951
1907
1907
1907
1907
1888
1888
1929
1929
1938
1878
1878
1878
1878
1878
1878
1878
1878
1894
1903
1903
1903
1903
1903
1903
1913
1874
1910
1876
1856
1856
1880
1957
1957
1957
1960
1893
1898
1916
1995
1947
1947
1947
1926
1909
1910
1910
1866
1866
1886
1880
1880
1854
1889
1889
1956
1956
1956
1956
1887
1931
1931
1935
1931
1984
1984
1984
1984
1949
1935
1935
1935
1974
1974
1974
1994
2028
2049
2077
2065
2006
2006
2006
1995
1995
1998
1998
2009
2009
2009
2010
1997
1997
1978
1978
1978
1978
1978
1965
1965
1965
1965
1965
1965
1965
1965
2019
2019
1927
1895
1895
1876
1876
1887
1926
1878
1913
1947
1941
2004
2004
1976
1958
1982
1993
2030
2051
2042
2042
2042
2042
2042
2044
2044
1952
1952
1972
1945
1945
1945
1959
1959
1990
1978
1963
1963
2003
2003
2035
2004
2004
2004
1978
1983
1938
1971
1934
1933
2032
2053
2058
2091
2026
2044
1954
1970
1905
1945
1945
2023
2008
2008
2008
1977
1999
2011
2011
1986
1969
1936
1920
1920
1908
1945
2031
2031
1945
1901
1917
1917
1916
1916
1916
1901
1926
1916
1935
1935
1935
1918
1900
1900
1900
1900
1900
1900
1900
1900
1905
1961
1975
1975
1950
1968
1972
1930
1943
1950
1976
1970
1941
1908
1930
1881
1881
1882
1906
1882
1882
1882
1882
1912
1912
1879
1879
1879
1879
2019
2019
2019
2019
1980
1858
1882
1862
1862
1862
1863
1850
1799
1799
1817
1841
1836
1803
1807
1839
1852
1852
1897
1956
1944
1944
1911
1911
1881
1980
1975
1993
2007
1993
1993
2007
1951
1951
1951
1939
1872
1842
1842
1870
1870
1866
1899
1866
1866
1944
1944
1944
1886
1899
1950
1906
1889
1889
1889
1892
1885
1914
1899
1899
1894
1894
1882
1906
1856
1849
1818
1807
1836
1836
1865
1838
1838
1838
1884
1882
1894
1884
1924
1924
1888
1894
1894
1894
1894
1884
1894
1862
1862
1862
1865
1894
1889
1865
1865
1863
1863
1878
1904
1902
1910
1854
1854
1854
1862
1862
1862
1862
1862
1805
1805
1818
1822
1818
1821
1821
1835
1833
1907
1907
1947
1931
1931
1953
1956
1956
1968
1968
1986
1965
1965
1969
1937
1953
1986
1984
1984
1995
1929
1929
1924
1924
1924
1898
1898
1882
1882
1892
1830
1830
1881
1881
1881
1879
1879
1879
1879
1889
1889
1915
1924
1924
1924
1924
1924
1924
1924
1924
1924
1924
1864
1864
1864
1864
1864
1864
1864
1893
1854
1870
1870
1886
1887
1887
1887
1887
1884
1886
1886
1907
1902
1902
1902
1884
1887
1887
1917
1917
1917
1917
1928
1968
1968
1968
1968
1968
1968
1968
1928
1896
1884
1884
1875
1858
1858
1858
1891
1937
2000
1990
1927
1927
1927
1927
1977
1977
1983
1965
1870
1902
1883
1883
1883
1879
1879
1880
1859
1859
1859
1859
1841
1841
1880
1963
1887
1887
1884
1878
1911
1911
1911
1911
1911
1895
1895
1874
1874
1874
1874
1874
1874
1874
1874
1874
1834
1834
1848
1848
1900
1974
1974
2025
2025
1979
1979
1979
1997
1997
1951
1893
1893
1893
1893
1893
1909
1889
1920
1920
1909
1890
1953
1953
1953
1979
1979
2062
1993
1995
1995
1965
1960
1960
1986
1997
1976
1976
1976
2013
1978
1978
1978
1978
1978
2006
2006
1996
2009
1930
1949
1949
1974
1974
1974
1952
2005
1971
1899
1903
1903
1903
1897
1897
1897
1959
1917
1917
1917
1910
1902
1818
1842
1842
1879
1879
1879
1879
1879
1879
1879
1903
1865
1865
1852
1852
1852
1916
1888
1888
1888
1888
1933
1933
1895
1916
1926
1926
1919
1919
1918
1921
1925
1925
2071
1954
1954
1961
1961
1952
1952
1938
1900
1936
1901
1901
1901
1901
1897
1884
1884
1884
1931
1931
1936
1933
1933
1888
1854
1811
1829
1829
1829
1829
1829
1877
1877
1877
1921
1921
1921
1921
1921
1916
1927
1926
1876
1892
1892
1892
1881
1881
1881
1869
1808
1808
1808
1808
1808
1778
1802
1802
1802
1803
1846
1846
1834
1806
1798
1798
1888
1888
1904
1899
1899
1928
1924
1926
1926
1863
1876
1850
1920
1920
1872
1905
1905
1870
1870
1837
1872
1872
1845
1811
1811
1811
1811
1811
1811
1860
1859
1814
1814
1814
1814
1763
1763
1763
1758
1805
1827
1827
1810
1868
1868
1868
1832
1832
1810
1815
1815
1815
1815
1805
1790
1790
1765
1765
1773
1773
1831
1778
1779
1779
1768
1768
1772
1772
1772
1772
1772
1799
1799
1766
1766
1766
1760
1760
1815
1815
1815
1815
1788
1788
1788
1788
1797
1792
1832
1839
1839
1839
1839
1900
1900
1900
1846
1846
1846
1919
1919
1904
1904
1904
1904
1904
1873
1873
1870
1870
1870
1868
1898
1898
1898
1909
1909
1892
1909
1905
1880
1880
1880
1915
1916
1933
1933
1941
1926
1944
1972
1972
1972
1898
1898
1901
1939
1939
1895
1867
1888
1888
1888
1888
1888
1888
1886
1886
1886
1894
1914
1914
1914
1902
1853
1899
1888
1894
1894
1935
1955
2015
2015
2008
2073
2032
1980
1935
1948
1933
1933
1933
1933
1941
1933
1933
1933
1953
1962
1962
1965
1903
1903
1903
1943
1943
1943
1943
1943
1923
1960
1946
1951
1951
1920
1897
1897
1897
1897
1929
1929
1920
1907
1938
1956
1956
1971
1976
1964
1966
1964
1964
1964
1964
1969
1945
1945
1945
1945
1900
1910
1952
1983
1983
1989
1989
1985
1971
1971
1927
1927
1927
1977
1969
1969
1963
2009
2009
1921
1950
1950
1896
1916
1916
1918
1856
1856
1856
1876
1863
1826
1783
1783
1772
1772
1772
1763
1763
1763
1726
1776
1771
1771
1771
1771
1771
1771
1787
1787
1787
1787
1787
1787
1787
1787
1795
1795
1795
1802
1802
1804
1794
1794
1835
1913
1913
1923
1877
1877
1903
1871
1787
1787
1787
1787
1788
1793
1793
1793
1793
1793
1787
1792
1792
1809
1809
1809
1820
1820
1820
1832
1847
1886
1854
1854
1849
1849
1849
1849
1849
1849
1849
1862
1862
1862
1862
1862
1868
1842
1820
1872
1872
1866
1866
1875
1885
1873
1858
1858
1849
1865
1794
1794
1842
1842
1848
1849
1849
1849
1849
1851
1851
1851
1851
1906
1882
1882
1906
1893
1880
1880
1884
1854
1921
1942
1921
1942
1942
1898
1898
1895
1897
1876
1876
1876
1875
1875
1848
1840
1840
1911
1911
1911
1911
1911
1909
1909
1881
1881
1881
1871
1871
1864
1867
1867
1867
1867
1867
1867
1874
1874
1874
1874
1874
1867
1862
1875
1875
1875
1911
1983
1982
1951
1941
1917
1917
1917
1917
1971
1969
1943
1943
1943
1943
1974
1974
1983
1983
1983
1984
1983
1973
1973
1973
1963
1963
1963
1963
1960
1921
1921
1921
1921
1921
1921
1921
1877
1877
1948
1950
1907
1907
1907
1907
1909
1909
1909
1948
1948
1940
1940
2029
2029
2029
1976
1976
1957
1957
1957
1957
1957
1958
1953
1907
1907
1968
1968
1980
1980
1927
1927
1927
1927
1927
1927
1916
1916
1903
1903
1903
1908
1917
1917
1917
1869
1873
1873
1873
1871
1871
1866
1866
1866
1866
1866
1866
1842
1832
1832
1832
1799
1799
1804
1804
1792
1792
1792
1792
1792
1780
1781
1781
1752
1768
1768
1768
1818
1843
1843
1843
1843
1848
1848
1848
1848
1848
1841
1815
1803
1784
1784
1784
1784
1803
1803
1782
1763
1763
1763
1763
1763
1702
1702
1702
1702
1729
1729
1729
1723
1723
1723
1723
1738
1738
1738
1738
1738
1738
1738
1788
1788
1834
1834
1836
1830
1830
1819
1819
1819
1819
1819
1791
1789
1789
1789
1789
1802
1802
1802
1826
1828
1825
1825
1864
1864
1900
1898
1861
1861
1861
1861
1861
1877
1865
1865
1865
1866
1866
1880
1866
1866
1839
1839
1839
1839
1839
1839
1839
1839
1839
1839
1866
1866
1866
1866
1881
1881
1847
1871
1871
1871
1858
1858
1858
1858
1894
1894
1906
1906
1906
1906
1906
1906
1906
1906
1906
1937
1958
1958
1958
1958
1988
1988
1988
2042
2042
2042
1992
1984
1915
1946
1946
1953
1953
1953
1953
1953
1953
1918
1922
1922
1918
1920
1920
1920
1920
1928
1928
1953
1953
1941
1924
1924
1970
1915
1945
1945
1945
1945
1945
1945
1931
1931
1931
1949
1949
1949
1949
1949
1971
1971
1950
1950
1947
1958
1958
1981
1981
1981
1981
1970
1958
1958
1949
1939
1939
1924
1976
1947
1947
1947
1947
1944
1974
2026
2021
2026
2012
2012
2012
2012
1969
1962
2002
1954
1970
1970
1970
1986
1986
1986
1957
1957
1971
1958
1971
1971
1971
1971
2048
2019
1889
1889
1889
1893
1893
1893
1893
1893
1893
1889
1889
1889
1888
1888
1888
1888
1888
1888
1919
1918
1913
1913
1913
1913
1854
1854
1854
1871
1871
1871
1871
1871
1806
1806
1863
1861
1854
1854
1854
1854
1854
1854
1854
1852
1861
1861
1861
1884
1890
1894
1918
1918
1967
1926
1950
1993
1946
1886
1886
1886
1836
1836
1855
1855
1855
1855
1884
1884
1884
1884
1884
1884
1884
1895
1888
1884
1884
1884
1902
1902
1889
1860
1837
1807
1807
1807
1859
1807
1807
1807
1780
1780
1780
1770
1770
1770
1770
1770
1770
1770
1770
1770
1770
1770
1770
1770
1782
1782
1803
1803
1803
1803
1803
1803
1803
1803
1803
1803
1803
1803
1820
1841
1858
1858
1834
1834
1834
1834
1834
1834
1834
1834
1834
1834
1834
1834
1834
1834
1803
1803
1799
1799
1828
1807
1807
1798
1772
1772
1772
1772
1772
1772
1772
1796
1796
1800
1800
1825
1836
1836
1836
1836
1807
1809
1809
1777
1777
1777
1777
1751
1751
1751
1806
1798
1790
1790
1790
1790
1790
1790
1824
1824
1868
1868
1828
1828
1828
1828
1828
1828
1828
1828
1828
1819
1819
1819
1819
1819
1819
1878
1874
1874
1892
1892
1902
1902
1902
1891
1855
1855
1855
1855
1850
1828
1828
1828
1828
1828
1828
1855
1855
1855
1855
1854
1819
1819
1819
1819
1819
1819
1819
1819
1811
1767
1767
1767
1767
1767
1778
1778
1778
1749
1749
1749
1749
1749
1749
1749
1749
1749
1749
1749
1766
1766
1766
1766
1755
1755
1755
1755
1755
1761
1761
1761
1752
1773
1773
1792
1792
1772
1772
1772
1772
1772
1772
1772
1772
1772
1790
1790
1790
1790
1760
1760
1761
1775
1775
1775
1818
1802
1802
1802
1800
1800
1800
1800
1778
1778
1778
1778
1788
1788
1816
1835
1836
1835
1835
1835
1835
1835
1825
1825
1821
1821
1831
1840
1827
1801
1801
1801
1821
1804
1804
1804
1804
1804
1804
1804
1804
1804
1804
1804
1804
1804
1804
1804
1804
1804
1846
1828
1828
1828
1828
1828
1828
1828
1819
1769
1769
1769
1769
1731
1755
1755
1755
1755
1778
1778
1760
1787
1787
1789
1775
1775
1777
1805
1778
1778
1778
1778
1778
1778
1803
1803
1803
1803
1831
1831
1831
1831
1856
1803
1803
1803
1803
1803
1803
1803
1803
1803
1803
1803
1803
1782
1782
1782
1782
1782
1782
1782
1786
1786
1786
1786
1786
1786
1786
1786
1776
1774
1774
1774
1774
1774
1813
1813
1813
1813
1807
1807
1810
1819
1820
1823
1823
1823
1823
1771
1771
1771
1771
1771
1771
1771
1771
1781
1781
1905
1905
1921
1921
1921
1921
1921
1921
1958
1950
1942
1942
1942
1923
1923
1917
1917
1917
1934
1879
1879
1879
1886
1886
1886
1814
1807
1807
1760
1760
1760
1760
1760
1760
1760
1760
1760
1760
1760
1760
1760
1760
1760
1760
1760
1760
1760
1760
1764
1764
1764
1764
1764
1764
1764
1764
1741
1741
1745
1745
1745
1745
1788
1768
1768
1768
1768
1768
1716
1716
1716
1716
1716
1716
1716
1716
1712
1712
1712
1712
1712
1712
1712
1712
1712
1712
1712
1712
1712
1712
1712
1712
1712
1712
1712
1712
1712
1738
1738
1721
1721
1721
1721
1727
1753
1765
1765
1765
1765
1765
1765
1765
1765
1754
1769
1769
1769
1769
1769
1769
1769
1769
1769
1769
1811
1811
1811
1795
1795
1795
1778
1769
1769
1769
1790
1790
1756
1793
1793
1793
1785
1785
1785
1785
1785
1790
1785
1785
1785
1785
1785
1785
1785
1785
1785
1785
1785
1785
1804
1804
1804
1804
1804
1804
1804
1804
1804
1804
1804
1804
1804
1804
1804
1804
1804
1804
1804
1817
1817
1817
1817
1817
1817
1817
1799
1808
1808
1808
1808
1808
1808
1808
1808
1808
1808
1808
1808
1808
1808
1819
1819
1819
1859
1859
1862
1862
1862
1862
1862
1862
1863
1863
1863
1863
1863
1863
1871
1871
1871
1871
1871
1871
1871
1871
1871
1871
1871
1871
1851
1855
1855
1848
1836
1836
1836
1836
1836
1836
1836
1836
1836
1836
1836
1836
1836
1836
1836
1836
1853
1849
1874
1874
1874
1874
1874
1874
1874
1889
1889
1889
1889
1898
1898
1898
1902
1848
1829
1829
1814
1814
1814
1814
1814
1804
1804
1801
1801
1801
1801
1801
1801
1801
1801
1801
1801
1810
1840
1836
1859
1873
1861
1861
1861
1861
1850
1855
1848
1848
1848
1848
1848
1848
1831
1831
1831
1831
1831
1831
1831
1831
1831
1820
1820
1820
1820
1820
1820
1820
1820
1820
1820
1820
1814
1814
1814
1814
1814
1814
1814
1807
1807
1807
1807
1807
1807
1807
1857
1835
1835
1835
1856
1826
1802
1802
1802
1802
1802
1802
1802
1802
1802
1844
1822
1822
1827
1827
1827
1827
1827
1827
1827
1827
1827
1772
1772
1772
1817
1817
1794
1789
1789
1784
1784
1784
1784
1784
1784
1784
1784
1784
1784
1784
1773
1773
1773
1773
1773
1773
1773
1773
1773
1773
1773
1773
1773
1773
1773
1773
1778
1778
1778
1778
1778
1778
1778
1778
1778
1778
1778
1778
1778
1778
1778
1778
1778
1778
1798
1798
1804
1804
1804
1804
1804
1799
1799
1790
1790
1772
1772
1806
1806
1806
1806
1806
1806
1806
1806
1813
1813
1822
1822
1822
1822
1837
1761
1761
1761
1761
1761
1757
1757
1757
1757
1757
1757
1757
1740
1740
1747
1748
1738
1738
1738
1738
1738
1748
1748
1748
1748
1748
1748
1748
1726
1726
1726
1726
1726
1726
1726
1726
1726
1726
1726
1757
1757
1757
1757
1757
1757
1757
1757
1757
1757
1757
1757
1757
1757
1757
1757
1757
1757
1726
1726
1726
1726
1726
1726
1726
1740
1739
1739
1739
1739
1739
1739
1739
1739
1739
1739
1739
1711
1711
1706
1706
1706
1706
1706
1706
1707
1707
1707
1707
1707
1707
1707
1707
1707
1707
1707
1707
1707
1707
1707
1707
1733
1736
1767
1767
1767
1767
1767
1769
1769
1769
1769
1769
1769
1769
1769
1769
1770
1770
1770
1770
1770
1770
1769
1756
1756
1756
1756
1756
1756
1756
1756
1756
1756
1754
1754
1754
1754
1754
1754
1754
1754
1744
1744
1744
1744
1744
1744
1744
1744
1744
1744
1744
1744
1744
1744
1744
1744
1752
1752
1752
1752
1752
1752
1752
1735
1735
1735
1735
1735
1735
1735
1735
1735
1735
1735
1735
1735
1735
1735
1735
1735
1735
1735
1735
1735
1735
1735
1735
1735
1735
1735
1738
1738
1738
1738
1738
1738
1738
1738
1738
1738
1738
1738
1738
1738
1750
1750
1750
1750
1750
1750
1750
1758
1758
1758
1758
1778
1778
1778
1778
1778
1778
1778
1778
1778
1778
1778
1784
1787
1787
1787
1802
1808
1808
1808
1808
1808
1808
1808
1808
1808
1808
1808
1808
1808
1808
1808
1808
1808
1823
1823
1823
1823
1823
1823
1823
1823
1823
1823
1823
1823
1823
1823
1823
1823
1823
1822
1807
1793
1793
1793
1793
1793
1793
1793
1793
1793
1793
1793
1793
1793
1818
1818
1818
1818
1818
1818
1818
1817
1817
1817
1806
1806
1806
1806
1806
1806
1806
1806
1806
1806
1806
1806
1806
1806
1806
1781
1781
1781
1781
1781
1781
1781
1781
1781
1781
1781
1781
1781
1748
1748
1748
1748
1748
1748
1766
1766
1766
1766
1766
1765
1765
1765
1765
1765
1765
1765
1765
1765
1765
1765
1765
1765
1765
1765
1765
1765
1765
1765
1765
1765
1765
1765
1780
1780
1780
1780
1780
1780
1780
1780
1780
1780
1780
1780
1780
1780
1776
1776
1766
1766
1766
1766
1766
1766
1766
1766
1766
1766
1766
1766
1766
1775
1775
1759
1759
1759
1759
1753
1762
1762
1762
1762
1745
1745
1745
1742
1742
1742
1742
1742
1742
1742
1740
1740
1740
1740
1740
1740
1740
1740
1740
1740
1740
1740
1740
1740
1740
1740
1740
1727
1727
1727
1727
1727
1727
1727
1727
1727
1728
1728
1728
1728
1728
1728
1728
1728
1728
1728
1728
1742
1742
1742
1742
1752
1752
1752
1752
1752
1752
1756
1756
1756
1756
1756
1756
1758
1762
1762
1762
1762
1762
1762
1762
1762
1762
1752
1760
1760
1760
1756
1756
1756
1756
1756
1756
1756
1776
1776
1776
1778
1779
1779
1779
1763
1763
1763
1763
1763
1763
1742
1742
1742
1742
1742
1742
1742
1742
1742
1742
1742
1742
1742
1742
1742
1742
1727
1727
1727
1727
1727
1727
1727
1727
1727
1727
1727
1727
1727
1727
1727
1727
1727
1727
1727
1727
1727
1727
1727
1727
1727
1727
1727
1730
1730
1730
1730
1718
1718
1718
1718
1718
1718
1718
1718
1718
1718
1734
1734
1734
1776
1776
1759
1759
1759
1759
1759
1759
1759
1759
1759
1759
1759
1759
1759
1759
1759
1759
1762
1764
1764
1764
1764
1764
1764
1764
1764
1764
1764
1764
1764
1764
1764
1764
1764
1764
1764
1764
1764
1762
1762
1762
1762
1756
1756
1756
1745
1745
1745
1745
1744
1744
1744
1744
1744
1744
1740
1740
1740
1740
1740
1740
1740
1740
1740
1740
1740
1742
1742
1742
1768
1768
1768
1768
1768
1771
1771
1771
1771
1771
1771
1771
1771
1771
1768
1768
1768
1766
1774
1774
1774
1767
1767
1767
1767
1767
1767
1767
1767
1767
1748
1748
1748
1744
1744
1744
1744
1744
1722
1722
1722
1722
1722
1722
1722
1722
1728
1728
1728
1728
1728
1728
1721
1721
1721
1718
1718
1718
1718
1718
1718
1718
1718
1718
1718
1718
1718
1718
1718
1718
1718
1718
1718
1718
1718
1718
1718
1718
1718
1718
1718
1718
1718
1718
1718
1718
1718
1718
1718
1718
1718
1718
1718
1718
1718
1718
1718
1711
1711
1711
1711
1697
1697
1691
1691
1691
1691
1691
1691
1691
1691
1691
1691
1691
1691
1691
1691
1686
1686
1686
1686
1686
1686
1686
1686
1686
1686
1686
1686
1686
1686
1686
1686
1686
1686
1686
1686
1686
1698
1698
1698
1681
1681
1662
1662
1662
1662
1662
1662
1662
1662
1662
1662
1662
1662
1662
1662
1662
1662
1662
1662
1662
1662
1662
1662
1662
1662
1662
1662
1662
1662
1662
1662
1662
1662
1662
1662
1662
1662
1662
1662
1658
1658
1658
1658
1658
1658
1658
1658
1658
1658
1658
1658
1658
1658
1658
1658
1658
1658
1658
1658
1658
1658
1658
1658
1658
1658
1658
1658
1658
1658
1658
1658
1659
1659
1659
1659
1659
1659
1659
1659
1659
1659
1659
1659
1659
1659
1659
1659
1659
1659
1659
1659
1659
1659
1659
1659
1659
1659
1659
1659
1659
1659
1659
1659
1659
1659
1659
1668
1668
1668
1668
1668
1668
1668
1668
1668
1668
1668
1668
1668
1668
1668
1668
1668
1668
1668
1668
1668
1668
1668
1668
1668
1668
1668
1668
1668
1668
1668
1668
1668
1668
1668
1668
1668
1668
1668
1668
1668
1668
1668
1668
1668
1668
1668
1668
1668
1668
1668
1668
1668
1668
1668
1668
1668
1668
1668
1668
1668
1670
1670
1670
1670
1670
1670
1670
1670
1670
1670
1670
1670
1670
1670
1670
1670
1670
1670
1670
1670
1670
1670
1670
1670
1670
1670
1670
1670
1670
1670
1670
1670
1670
1670
1670
1677
1677
1677
1677
1677
1677
1677
1677
1677
1677
1677
1677
1677
1682
1682
1682
1682
1682
1682
1682
1682
1682
1682
1682
1682
1682
1682
1682
1682
1682
1682
1682
1682
1682
1682
1682
1682
1682
1682
1684
1684
1684
1684
1684
1684
1684
1684
1684
1684
1684
1684
1684
1684
1684
1684
1684
1684
1684
1684
1684
1684
1684
1684
1684
1684
1684
1684
1684
1684
1684
1684
1689
1689
1689
1689
1689
1689
1689
1689
1689
1689
1689
1689
1689
1689
1689
1689
1689
1689
1689
1689
1689
1689
1689
1689
1689
1689
1689
1689
1689
1689
1689
1689
1689
1689
1689
1689
1689
1689
1689
1689
1689
1689
1689
1681
1681
1681
1681
1681
1681
1681
1681
1681
1681
1681
1681
1681
1681
1681
1681
1673
1673
1673
1673
1673
1673
1673
1673
1673
1673
1673
1673
1673
1673
1673
1673
1673
1673
1673
1674
1674
1674
1674
1674
1674
1674
1674
1674
1674
1674
1674
1674
1674
1674
1674
1674
1674
1674
1674
1674
1674
1674
1674
1674
1674
1674
1674
1674
1662
1662
1662
1662
1662
1662
1662
1667
1667
1667
1672
1672
1672
1672
1672
1672
1672
1672
1672
1672
1672
1672
1672
1672
1672
1672
1672
1672
1672
1672
1672
1672
1672
1672
1672
1672
1672
1672
1672
1672
1672
1672
1672
1672
1672
1672
1672
1672
1672
1672
1672
1672
1672
1672
1672
1672
1672
1672
1672
1672
1672
1672
1672
1672
1672
1672
1672
1672
1672
1672
1672
1672
1672
1672
1672
1672
1672
1672
1672
1672
1672
1672
1672
1672
1672
1672
1672
1672
1672
1672
1672
1672
1672
1672
1672
1672
1672
1662
1661
1661
1661
1661
1661
1661
1661
1661
1661
1662
1662
1662
1662
1662
1662
1662
1662
1662
1662
1662
1662
1662
1662
1662
1662
1662
1662
1662
1662
1662
1662
1662
1668
1668
1668
1668
1668
1668
1668
1668
1668
1668
1668
1668
1668
1668
1668
1668
1668
1668
1668
1668
1668
1668
1668
1668
1666
1666
1665
1665
1665
1665
1665
1651
1651
1651
1651
1648
1648
1650
1650
1650
1650
1650
1650
1650
1648
1648
1648
1648
1648
1648
1648
1648
1650
1650
1650
1650
1650
1650
1650
1650
1650
1650
1650
1650
1661
1661
1661
1661
1661
1661
1661
1661
1661
1661
1661
1646
1646
1646
1646
1646
1646
1646
1646
1646
1646
1646
1646
1646
1646
1646
1646
1646
1646
1646
1646
1646
1646
1646
1646
1646
1646
1646
1646
1646
1646
1646
1646
1646
1646
1646
1646
1646
1646
1646
1646
1646
1646
1646
1646
1646
1646
1646
1646
1646
1646
1646
1646
1646
1646
1646
1646
1646
1646
1646
1646
1646
1646
1646
1646
1646
1646
1648
1648
1648
1648
1648
1648
1648
1648
1648
1648
1648
1648
1648
1648
1648
1641
1641
1641
1641
1641
1641
1641
1641
1641
1641
1641
1641
1641
1641
1641
1631
1631
1631
1631
1631
1631
1631
1631
1631
1631
1631
1631
1631
1631
1631
1631
1631
1631
1631
1631
1631
1631
1631
1631
1631
1631
1631
1631
1631
1631
1631
1631
1631
1631
1631
1631
1631
1631
1631
1631
1631
1631
1631
1631
1631
1631
1631
1631
1631
1631
1631
1618
1618
1618
1618
1618
1618
1618
1618
1618
1618
1618
1618
1618
1618
1618
1618
1618
1618
1618
1618
1618
1618
1618
1618
1618
1618
1618
1618
1618
1618
1618
1618
1618
1618
1618
1618
1618
1618
1618
1618
1618
1618
1618
1618
1618
1618
1618
1618
1618
1618
1618
1618
1618
1618
1618
1618
1618
1618
1618
1618
1618
1618
1618
1618
1618
1618
1618
1618
1618
1618
1618
1618
1614
1614
1614
1614
1614
1614
1614
1614
1614
1614
1614
1614
1614
1614
1614
1614
1614
1614
1614
1614
1614
1614
1614
1614
1614
1614
1614
1614
1614
1614
1614
1614
1614
1614
1614
1614
1614
1614
1614
1614
1614
1614
1614
1614
1614
1614
1614
1614
1614
1614
1614
1614
1614
1614
1614
1614
1614
1614
1614
1614
1614
1614
1614
1614
1614
1614
1614
1614
1614
1614
1614
1614
1614
1614
1614
1614
1614
1614
1614
1614
1614
1614
1614
1610
1610
1610
1610
1610
1610
1610
1610
1610
1610
1610
1610
1610
1610
1610
1610
1610
1610
1610
1610
1610
1610
1610
1610
1610
1610
1610
1610
1610
1610
1610
1610
1610
1610
1610
1610
1610
1610
1610
1610
1610
1610
1610
1610
1610
1610
1610
1610
1610
1610
1610
1610
1610
1610
1610
1610
1610
1610
1610
1610
1610
1610
1610
1610
1610
1610
1610
1610
1610
1610
1610
1610
1610
1608
1608
1608
1608
1608
1608
1608
1608
1608
1608
1608
1608
1608
1608
1608
1608
1608
1608
1608
1608
1608
1608
1608
1608
1608
1608
1608
1608
1608
1608
1608
1608
1608
1608
1608
1608
1608
1608
1608
1608
1608
1608
1608
1608
1608
1608
1608
1608
1608
1608
1608
1608
1608
1608
1608
1608
1608
1608
1608
1608
1608
1608
1608
1608
1608
1608
1608
1608
1608
1608
1608
1608
1608
1608
1608
1608
1608
1608
1608
1608
1608
1608
1608
1608
1608
1608
1608
1608
1608
1608
1608
1608
1608
1608
1608
1608
1608
1608
1608
1608
1608
1608
1608
1608
1608
1608
1608
1608
1608
1610
1610
1610
1610
1610
1610
1610
1610
1610
1610
1610
1610
1610
1610
1608
1608
1608
1608
1608
1608
1608
1608
1608
1608
1608
1608
1608
1608
1608
1608
1608
1608
1608
1608
1608
1608
1608
1608
1610
1610
1610
1610
1610
1610
1610
1610
1610
1610
1610
1610
1610
1610
1610
1610
1608
1608
1608
1608
1608
1608
1608
1608
1608
1608
1608
1608
1608
1608
1608
1608
1608
1608
1608
1608
1608
1608
1608
1608
1608
1608
1608
1608
1608
1608
1608
1608
1608
1608
1608
1608
1608
1608
1608
1608
1608
1608
1608
1608
1608
1608
1608
1608
1608
1608
1608
1608
1608
1608
1608
1608
1608
1608
1608
1608
1608
1608
1608
1608
1608
1608
1608
1608
1608
1608
1608
1608
1608
1608
1608
1608
1608
1608
1608
1608
1608
1608
1608
1608
1608
1608
1608
1608
1608
1608
1608
1608
1608
1605
1605
1605
1605
1605
1605
1605
1605
1605
1605
1605
1605
1605
1605
1605
1605
1608
1605
1605
1605
1605
1605
1605
1605
1605
1605
1605
1605
1605
1605
1605
1605
1605
1605
1605
1605
1605
1605
1605
1605
1605
1605
1605
1605
1605
1605
1605
1605
1605
1605
1605
1605
1605
1605
1605
1605
1605
1605
1605
1605
1605
1605
1605
1605
1605
1605
1605
1605
1605
1605
1605
1605
1605
1605
1605
1605
1605
1605
1605
1605
1605
1605
1605
1605
1605
1605
1605
1605
1605
1605
1605
1605
1605
1605
1605
1605
1605
1605
1605
1605
1605
1605
1605
1605
1605
1605
1605
1605
1605
1605
1605
1605
1605
1605
1605
1605
1605
1605
1605
1605
1605
1605
1605
1605
1605
1605
1605
1605
1605
1605
1605
1605
1605
1605
1605
1605
1605
1605
1615
1615
1608
1608
1608
1608
1608
1608
1608
1608
1608
1608
1608
1608
1608
1608
1608
1608
1608
1608
1608
1608
1608
1608
1608
1608
1608
1608
1608
1608
1608
1608
1608
1608
1608
1608
1608
1608
1608
1608
1608
1608
1608
1608
1608
1608
1608
1608
1608
1608
1608
1608
1608
1608
1608
1608
1605
1605
1605
1605
1605
1605
1605
1605
1605
1605
1605
1605
1605
1608
1608
1608
1608
1608
1608
1608
1608
1608
1608
1608
1608
1608
1608
1608
1608
1608
1608
1608
1608
1608
1608
1608
1608
1608
1608
1608
1608
1608
1608
1608
1608
1608
1608
1608
1608
1608
1608
1608
1608
1608
1608
1608
1608
1608
1608
1608
1608
1608
1608
1608
1608
1608
1608
1608
1608
1608
1608
1608
1608
1608
1608
1608
1608
1608
1608
1608
1608
1608
1608
1608
1608
1608
1608
1608
1608
1608
1608
1608
1608
1608
1608
1608
1608
1608
1608
1608
1608
1608
1608
1608
1608
1608
1608
1608
1608
1608
1608
1608
1608
1608
1608
1608
1608
1608
1608
1608
1608
1608
1608
1608
1608
1608
1608
1608
1608
1608
1608
1608
1608
1608
1608
1608
1608
1608
1608
1608
1608
1608
1608
1608
1608
1608
1608
1608
1608
1608
1608
1608
1608
1608
1608
1608
1608
1608
1608
1608
1608
1608
1608
1608
1608
1608
1608
1608
1608
1608
1608
1608
1608
1608
1608
1608
1608
1608
1608
1608
1608
1608
1608
1608
1608
1608
1608
1608
1608
1608
1608
1608
1608
1608
1608
1608
1608
1608
1608
1608
1608
1608
1608
1608
1608
1608
1608
1608
1608
1608
1608
1608
1608
1608
1608
1608
1608
1608
1608
1608
1608
1608
1608
1608
1608
1608
1608
1608
1608
1608
1608
1611
1611
1611
1611
1611
1611
1611
1611
1611
1611
1611
1611
1611
1611
1611
1611
1611
1611
1611
1611
1611
1611
1611
1611
1608
1608
1608
1608
1608
1608
1608
1608
1608
1608
1608
1608
1608
1608
1608
1608
1608
1608
1608
1608
1608
1608
1608
1608
1608
1608
1608
1608
1608
1608
1608
1608
1608
1608
1608
1608
1610
1610
1610
1610
1610
1610
1610
1610
1610
1610
1610
1610
1610
1610
1610
1610
1610
1610
1610
1610
1610
1610
1610
1610
1610
1610
1610
1610
1610
1610
1610
1610
1608
1608
1608
1608
1608
1608
1608
1608
1608
1608
1608
1608
1608
1608
1608
1608
1608
1608
1608
1608
1608
1608
1608
1608
1608
1608
1608
1608
1608
1608
1608
1608
1608
1608
1608
1608
1608
1608
1608
1608
1608
1608
1608
1608
1608
1608
1608
1608
1608
1608
1608
1608
1608
1608
1608
1608
1608
1608
1608
1608
1608
1608
1608
1608
1608
1608
1608
1608
1608
1608
1608
1608
1608
1608
1608
1608
1608
1608
1608
1608
1608
1608
1608
1608
1608
1608
1608
1608
1608
1608
1608
1608
1608
1608
1608
1608
1608
1608
1608
1608
1608
1608
1608
1608
1608
1608
1608
1608
1608
1608
1608
1608
1608
1608
1608
1608
1608
1608
1608
1608
1608
1608
1608
1608
1608
1608
1608
1608
1608
1608
1608
1608
1608
1608
1608
1608
1608
1608
1608
1608
1608
1608
1608
1608
1608
1608
1608
1608
1608
1608
1608
1608
1608
1608
1608
1608
1608
1608
1608
1608
1608
1608
1608
1608
1608
1608
1608
1608
1608
1608
1608
1608
1608
1608
1608
1608
1608
1608
1608
1608
1608
1608
1608
1608
1608
1608
1608
1608
1608
1608
1608
1608
1608
1608
1608
1608
1608
1608
1608
1608
1608
1608
1608
1608
1608
1608
1608
1608
1608
1608
1608
1608
1608
1608
1608
1608
1608
1608
1608
1616
1616
1616
1616
1616
1616
1616
1616
1616
1616
1616
1616
1616
1616
1616
1616
1616
1616
1616
1616
1616
1616
1616
1616
1616
1616
1616
1616
1616
1616
1616
1616
1616
1616
1616
1616
1616
1616
1616
1616
1616
1616
1616
1616
1616
1616
1616
1616
1616
1616
1616
1616
1616
1616
1616
1616
1616
1616
1616
1616
1616
1616
1608
1608
1608
1608
1608
1608
1608
1608
1608
1608
1608
1608
1608
1608
1608
1608
1608
1608
1608
1608
1608
1608
1608
1608
1608
1608
1608
1608
1608
1608
1608
1608
1608
1608
1608
1608
1608
1608
1608
1608
1608
1608
1608
1608
1608
1608
1608
1608
1608
1608
1608
1608
1608
1608
1608
1608
1608
1608
1608
1608
1608
1608
1608
1608
1608
1608
1608
1608
1608
1608
1608
1608
1608
1608
1608
1608
1608
1608
1608
1608
1608
1608
1608
1608
1608
1608
1608
1608
1608
1613
1613
1613
1613
1613
1613
1613
1605
1605
1605
1605
1605
1605
1605
1605
1605
1605
1605
1605
1605
1605
1605
1605
1605
1605
1605
1605
1605
1605
1605
1605
1605
1605
1605
1605
1605
1605
1605
1605
1605
1605
1605
1605
1605
1605
1605
1605
1605
1605
1605
1605
1605
1605
1605
1605
1605
1605
1605
1605
1605
1605
1605
1605
1605
1605
1605
1605
1605
1605
1605
1605
1605
1605
1605
1605
1605
1605
1605
1605
1605
1605
1605
1605
1605
1605
1605
1605
1605
1605
1605
1605
1605
1605
1605
1605
1605
1605
1605
1605
1605
1605
1605
1605
1605
1605
1605
1605
1605
1605
1605
1605
1605
1605
1605
1605
1605
1605
1605
1605
1605
1605
1605
1605
1605
1605
1605
1605
1605
1605
1605
1605
1605
1605
1605
1605
1605
1605
1605
1605
1605
1605
1605
1607
1607
1607
1607
1607
1607
1607
1607
1607
1607
1608
1608
1608
1608
1608
1608
1608
1608
1608
1608
1608
1608
1608
1608
1608
1608
1608
1608
1608
1608
1608
1608
1608
1608
1608
1608
1608
1608
1608
1608
1608
1608
1608
1608
1608
1608
1608
1608
1608
1608
1608
1608
1608
1608
1608
1608
1608
1608
1608
1608
1608
1608
1605
1605
1605
1605
1605
1605
1605
1605
1605
1605
1605
1605
1605
1605
1605
1605
1605
1605
1605
1605
1605
1605
1605
1605
1605
1605
1605
1605
1605
1605
1605
1605
1605
1605
1605
1605
1605
1605
1605
1605
1605
1605
1605
1605
1605
1605
1605
1605
1605
1605
1605
1605
1605
1605
1605
1605
1605
1605
1605
1605
1605
1605
1605
1605
1605
1605
1605
1605
1605
1605
1605
1605
1605
1605
1605
1605
1605
1605
1605
1605
1605
1605
1605
1605
1605
1605
1605
1605
1605
1605
1605
1605
1605
1605
1605
1605
1605
1605
1605
1605
1605
1605
1605
1605
1605
1605
1605
1605
1605
1605
1605
1605
1605
1605
1605
1605
1605
1605
1605
1605
1605
1605
1605
1605
1605
1605
1605
1605
1605
1605
1605
1605
1605
1605
1605
1605
1605
1605
1605
1605
1605
1605
1605
1605
1605
1605
1605
1605
1605
1605
1605
1605
1605
1605
1605
1605
1605
1605
1605
1605
1605
1605
1605
1605
1605
1605
1605
1605
1605
1605
1605
1605
1605
1605
1605
1605
1605
1605
1605
1605
1605
1605
1605
1605
1605
1605
1605
1605
1605
1605
1605
1605
1605
1605
1605
1605
1605
1605
1605
1605
1605
1605
1605
1605
1605
1605
1605
1605
1605
1605
1605
1605
1605
1605
1605
1605
1605
1605
1605
1605
1605
1605
1605
1605
1605
1605
1605
1605
1605
1605
1605
1605
1605
1605
1605
1605
1605
1605
1605
1605
1605
1605
1605
1605
1605
1605
1605
1605
1605
1605
1605
1605
1605
1605
1605
1605
1605
1605
1605
1605
1605
1605
1605
1605
1605
1605
1605
1605
1605
1605
1605
1605
1605
1605
1605
1605
1605
1605
1605
1605
1605
1605
1605
1605
1605
1605
1605
1605
1605
1605
1605
1605
1605
1605
1605
1605
1605
1605
1605
1605
1605
1605
1605
1605
1605
1605
1605
1605
1605
1605
1605
1605
1605
1605
1605
1605
1605
1605
1605
1605
1605
1605
1605
1605
1605
1605
1605
1605
1605
1605
1605
1605
1605
1605
1605
1605
1605
1605
1605
1605
1605
1605
1605
1605
1605
1605
