2105
2061
2049
2041
2015
2012
2051
2081
2042
2088
2092
2025
2024
2008
2008
1978
1967
1967
1982
1999
1980
1962
1870
1917
1857
1919
1999
1999
2056
1902
1961
1988
2058
2131
2110
2051
1999
1960
1864
1864
1921
1888
1911
1954
1944
1926
1841
1831
1855
1855
1885
1875
1925
1845
1845
1852
1852
1961
1994
2007
1999
1996
2010
1988
1988
2034
2047
2047
1989
1978
1994
1983
1961
1956
1960
1947
1947
1979
1992
1957
1953
1869
1943
1946
1946
1934
2023
2008
2037
2027
2132
2132
2126
2162
2114
2132
2097
2076
2101
2074
2012
1992
2047
2036
1950
1950
1957
2016
2037
1990
2042
2065
2065
2063
2029
1967
1935
1948
1979
1991
1968
2025
2006
2064
2026
1884
1945
1903
1890
1924
1921
2008
2042
1949
2034
2046
1987
1967
1973
1980
1995
1965
2048
2048
1965
1982
2050
2031
1997
1979
1900
1888
1860
1874
1861
1906
1920
1934
2000
1996
2062
2062
2110
2168
2113
2110
2152
2120
2144
2182
2145
2059
2067
2048
2044
2044
2016
2016
2008
1995
1909
1943
1852
1886
1878
1900
1856
1908
1856
1865
1855
1830
1866
1850
1874
1890
1884
1904
1847
1837
1821
1860
1811
1811
1885
1869
1854
1812
1888
1888
1952
1898
1951
1874
1949
1978
2011
2012
2103
2019
1994
2013
1957
1944
1944
1994
2024
2005
2005
2061
2102
2091
2115
2094
2098
2155
2073
2126
2113
2041
2078
1997
2008
2118
2088
2013
2059
1980
1969
1977
1927
1927
1930
2002
1974
2022
1959
1957
2001
2008
2025
2023
2010
1977
1989
1989
2095
2149
2195
2175
2236
2149
2135
2161
2152
1999
1976
2030
2000
1989
1933
2096
2103
2175
2136
2167
2167
2050
2107
2066
2128
2084
2090
2091
2208
2121
2081
2081
2119
2105
2021
1951
1829
1844
1889
1879
1888
1937
1937
1937
1937
2082
2060
2097
2097
2087
2065
2050
2074
2044
2044
1998
2066
2066
2050
2052
2052
2052
1990
1923
1877
1875
1930
1905
1911
1922
1915
1924
1959
1959
1959
1987
1952
1976
1973
1983
1908
1929
1965
1977
1970
1989
2032
2044
2038
2051
2060
2031
1987
1976
1998
1944
1907
1907
1907
1914
1914
1961
1961
1968
1968
1989
1956
1956
1949
1949
1916
1896
1954
1943
1894
1891
1885
1953
1952
1952
1931
1972
2024
1993
2027
1923
1923
2056
2146
2102
2102
2104
2053
2068
2068
2068
2034
2034
1984
1970
2027
2036
2050
2041
2025
2058
2040
2047
2046
2124
2124
2184
2069
2030
1977
1977
2003
2001
1942
1942
1993
1921
1911
1931
1931
1909
2026
1884
1863
1863
1890
1905
1905
1927
1921
1950
1965
1965
2004
1929
1996
1996
1909
1997
2022
1942
1965
1921
1921
1931
1975
1939
1964
1980
1980
1980
2008
1993
1976
1994
1984
1997
2007
1945
1896
1937
1987
1869
1985
1944
1973
1871
1825
1811
1892
1862
1855
1905
1952
1977
1983
1952
1925
1925
1949
1952
1952
1952
2008
1952
1961
1961
1974
1987
1917
1959
1983
1927
1903
1958
1976
1967
1935
1953
1927
1953
2066
2042
1973
1973
1941
1903
2037
2052
2046
2025
1931
1922
1919
1919
1957
2013
2029
2031
2002
2001
1988
1993
1999
1992
1992
1944
1911
1947
1998
2050
2006
1935
1981
2065
2096
2096
2112
2145
2113
2105
2080
2097
2024
2022
1918
1890
1922
1975
1930
1928
1960
1934
1964
1942
1983
1983
1983
2040
2029
2012
1927
1978
1990
1964
1999
1999
2044
2053
2016
2043
2034
2034
2050
2042
2046
2092
2092
2013
2013
2069
2097
2090
2053
2050
2028
2073
2094
2120
2120
2104
2097
2031
2078
2036
2040
2041
2042
2009
2040
2040
2040
2053
2033
2033
2185
2159
2159
2139
2123
2055
2068
2042
2064
1944
1927
1908
1903
1939
1939
1910
1939
1947
1971
2020
2005
2023
2091
2120
2122
2067
2104
2120
2197
2218
2167
2120
2117
2061
2040
2055
2068
2068
2093
2112
2130
2083
2049
2049
2109
2116
2156
2156
2156
2156
2163
2273
2233
2300
2219
2153
2111
2067
2067
2156
2158
2132
2099
2137
2144
2132
2103
2103
2065
2073
2095
2081
2027
2039
2079
2077
1986
1983
1949
2035
2076
2021
1974
1984
2017
2030
2036
2097
2103
2103
2142
2084
2128
2109
2099
2113
2089
2089
2089
2089
2057
2032
2120
2066
2119
2032
2080
2116
2107
2086
2081
2079
2099
2089
2096
2144
2075
2075
2158
2038
2158
2158
2188
2121
2135
2098
2086
2150
2116
2129
2077
2065
2078
2049
1957
1907
1926
1931
1945
1931
1932
1874
1891
1927
1953
2014
2083
2125
2074
2074
1993
1991
2022
1990
2037
2019
2051
1996
2035
2074
2026
2028
2028
2008
1989
1876
1878
1936
1936
1938
1952
1944
2030
2030
2037
2101
2101
2101
2052
2105
2186
2114
2133
2088
2145
2207
2205
2110
2279
2094
2080
2007
2007
2049
1929
1849
1849
1890
1887
1862
1904
1886
1854
1853
1884
1859
1899
1862
1862
1882
1905
1915
1860
1890
1910
1882
1882
1937
1985
1940
1987
2004
1958
1929
1929
1951
1870
1851
1930
1987
1987
2020
2020
2011
2021
2057
2057
2045
2023
2029
1947
1980
1966
1983
1903
1907
1856
1803
1808
1819
1819
1903
1904
1963
2038
2002
2059
2007
2043
1944
1894
1891
1932
1917
1907
1937
1911
1981
2067
2043
2043
2057
2041
2129
2133
2104
2086
2086
2081
2081
2037
2078
2098
2150
2030
2027
1963
1988
1982
1917
1917
1923
1923
1966
1976
2046
1970
2085
2109
2073
2056
2058
2070
2070
2070
2058
2058
2088
2108
2114
2134
2021
2151
2152
2062
2069
2125
2119
2082
2047
2006
1994
2004
2013
2017
2009
2089
2056
1963
1967
2059
1985
1980
1910
1958
2038
1992
1998
1998
1974
2050
2077
2063
2072
2121
2036
2071
1968
1967
1885
1916
1916
1916
1894
2001
2004
2081
2017
2095
2161
2164
2056
2087
2056
2023
2009
2014
2026
1983
1935
1945
1903
1984
1906
1981
1919
1964
1959
1954
1949
1882
2026
1943
1914
1878
1939
1976
1962
1988
1943
1908
1908
1920
1847
1836
1881
1991
1988
1988
1988
2065
2055
2066
2168
2140
2060
1961
1928
1919
1941
1968
2000
2000
1949
1928
1928
1960
1944
1946
1920
1868
1888
1840
1882
1887
1893
1892
1924
2012
2013
2022
2034
2034
2200
2186
2193
2174
2174
2181
2178
2050
2047
2156
2181
2039
1997
2048
2048
2102
2009
2022
1992
1943
1940
1934
1964
1964
2005
1978
1978
1992
2107
2127
2127
2127
2103
2108
2108
2037
2013
2068
2038
2043
1960
2011
1992
2055
2060
2074
2074
2095
2108
2090
2074
2182
2110
2124
2090
2113
2086
2145
2151
2151
2140
2140
2111
2075
2073
2028
1984
1993
2044
2011
2012
2026
2074
2005
2030
2038
2025
2042
2026
2062
2062
2057
2059
2058
2065
2040
2076
2091
2061
2061
2061
2110
2074
2048
1939
2036
2096
2045
2009
1965
1978
1978
1983
2002
2002
2021
1970
1970
1968
2042
2046
2048
2061
2041
2071
2069
2065
2045
2102
2033
1991
2056
2045
1957
1982
1975
1977
1973
2062
2151
2008
2059
2088
2078
2030
1965
1995
2020
1994
1992
1968
1968
2041
2041
1968
1998
1936
1963
2000
2058
2058
2066
1980
1980
2059
2059
2031
2009
1978
2021
2021
2076
2023
2023
2023
2041
2017
1998
1998
2037
2001
2027
1950
1979
2005
2005
2067
2120
2079
2079
2098
2093
2063
2077
2085
2092
2055
2011
2014
2070
2076
2012
1991
2014
2080
2058
2084
2037
1981
1961
1978
2025
1953
1985
1985
1985
1947
1917
1934
1900
1974
2014
2014
2067
2159
2114
2154
2065
2054
2086
2116
2145
2110
2029
2126
2149
2130
2079
2097
2097
2028
2013
1962
2022
1989
1937
1966
1966
1993
1944
1956
1928
1992
1895
1895
1928
1911
1954
1954
1935
1888
1888
1942
1906
1925
1960
1943
1953
1932
1976
1993
1964
1952
1898
1932
1932
1916
1889
1959
1876
1922
1922
1906
1906
1919
1910
1896
1912
2012
1966
2027
2042
2023
1970
1938
1956
1985
2016
2016
2027
2039
1977
1957
1931
1852
1891
1863
1898
1900
1876
1894
1934
1934
1927
1927
1954
1977
1958
1960
1949
1950
1971
2014
2044
2003
2003
1984
1969
1969
1969
1984
1968
2050
2029
2014
2092
2092
2157
2157
2187
2178
2081
2113
2113
2075
2113
2086
2085
2085
2150
2210
2172
2155
2155
2077
2140
2143
2083
2097
2099
2078
2052
2052
2059
2015
2060
2000
2000
2000
1962
2023
2085
1965
2004
1996
2038
1976
1880
1860
1902
1932
1949
1891
1936
1963
1897
1897
1902
1940
2006
1985
1994
1985
1986
2012
2022
2004
1932
1917
1917
1917
1917
1931
1930
1949
1938
1938
1883
1956
2008
2008
1929
1991
2038
1987
1908
2036
1944
1880
1898
1909
2000
2000
1976
1999
2037
1985
1960
1962
1992
2042
2042
1992
1987
1983
2059
2031
2038
2024
2041
2047
1994
2006
1943
1950
2042
2042
1992
1994
1997
2038
2097
2116
2158
2188
2181
2145
2071
2022
2079
2036
2080
2076
2081
2082
2090
2129
2171
2197
2159
1991
2014
1975
1966
2067
2047
2070
2013
1977
1958
1937
1973
1981
2094
1976
2014
2014
1982
1984
1991
1994
2069
2091
2062
2014
2002
1990
1907
1956
1976
2004
2004
2019
2033
2080
2065
1989
1986
1927
1955
1955
1966
1875
1872
1892
1988
1981
2000
1950
2017
2155
2093
2166
2198
2042
1938
1884
1952
1925
1998
1989
1946
1946
1955
1955
1958
2008
2025
1969
1933
1933
1929
1940
1974
1943
1961
1961
2039
2049
2072
2050
2050
2050
2040
2070
2143
2132
2139
2113
2121
2144
2108
2096
2096
2096
2099
2099
2065
2112
2040
2015
2015
1962
1947
1939
1939
1981
1989
1995
2061
2004
2004
2004
1917
1956
1968
1958
1933
1924
1947
1934
1996
1964
1982
1890
1917
1996
1984
2020
2029
2000
1996
1866
1919
1996
1947
1947
1932
1932
1982
1962
1975
1993
2015
2028
2029
2072
2009
1942
1942
1881
1991
1991
2038
2027
2066
2066
2075
2053
2023
2007
2029
2045
2031
2022
1986
2072
2093
2109
2133
2156
2217
2216
2156
2132
2132
2189
2202
2168
2102
2078
2029
2043
2055
1941
1959
1959
1959
1876
1818
1818
1912
1912
1914
1949
1949
1926
1943
1966
1960
1974
2077
2006
2103
2103
2101
2104
2074
2066
2056
2080
2055
2062
2092
1992
1981
1985
1981
2027
1979
2036
2019
2019
2019
1964
1982
1948
1948
1937
2087
2068
2024
2024
1948
1944
1973
1966
1983
1911
1829
1828
1809
1877
1877
1877
1815
1851
1848
1845
1840
1884
1915
2001
2018
1975
2039
2039
2021
2013
1944
1967
1967
2034
2109
2076
2180
2112
2091
2057
2159
2165
2229
2196
2141
2110
2102
2081
2110
2100
2050
2074
2072
2043
2089
2089
2089
2059
2088
2071
2082
2045
2048
1988
2018
2090
2081
2139
2127
2074
2219
2144
2228
2187
2255
2164
2134
2090
2094
2016
2016
2097
2097
2122
2234
2134
2020
2043
2043
2020
2023
2033
2025
2023
2014
2018
2070
2076
2081
2078
2052
2061
2061
2055
1979
1924
1924
1924
1914
1907
1907
1938
1938
1911
1911
1915
1883
1865
1862
1915
1970
2037
1926
1982
1982
1996
1931
1961
2043
2043
1998
1973
1942
1904
1942
1942
1942
1923
2009
1994
2007
2048
2005
1981
2035
2132
2176
2105
2042
2059
2059
2121
2241
2241
2215
2121
2007
1986
1930
1890
1931
1982
1979
2029
2031
1958
1915
1915
1915
1958
2007
1971
2009
1965
1965
1958
1966
2012
2093
2015
1986
1957
1923
1921
1921
1988
2023
1984
2048
2120
2119
2119
2203
2174
2174
2118
2081
2091
2072
2105
2042
2047
1970
1988
1988
1992
1992
1992
2057
2057
2076
2083
2128
2109
2167
2138
2138
2138
2074
2040
2079
2079
2079
2069
2067
2052
1954
1971
1981
1944
1944
1932
1925
1891
1896
1906
1913
1913
1932
1939
1966
1966
2001
2003
1954
1954
1950
1950
1968
1974
1916
1906
1893
1854
1906
1900
1900
1942
1914
1919
2022
2022
2022
2006
1916
1887
1887
1880
1870
1880
2048
2018
2025
2055
2047
2047
2086
2078
2049
2078
2125
2125
2095
2124
2116
2023
2023
2049
2049
2079
2079
2079
2016
2049
2049
2099
2083
2013
2043
2075
2075
1981
1987
1980
1994
2026
2003
2026
2039
2108
2098
2096
2096
2096
2041
2014
2018
2018
2093
2060
2064
2064
2076
2073
2081
2114
2100
2100
2120
2033
2120
2120
2120
2089
2049
2049
2049
1979
1984
1992
2026
2007
1943
1952
1920
1885
1933
2016
2016
2016
2011
2020
1974
1989
2062
2049
1986
1976
2044
2072
2021
1963
2006
1999
1992
2008
1968
1968
1957
1939
1989
1980
1980
1944
1944
1945
1978
1996
1987
2016
2026
2083
2103
2088
2088
2088
2087
2087
2019
1976
1963
1982
1980
1980
2010
2062
2018
1976
1982
1991
1978
1978
1932
2007
2064
2146
2146
2154
2148
2152
2167
2167
2136
2144
2104
2084
2062
2157
2165
2177
2078
2029
2013
2002
2008
2014
2022
2021
2021
2055
2075
2014
2023
2023
1997
2000
2069
2057
2041
2139
2139
2131
2081
2034
2049
2077
2077
2095
2119
2155
2134
2070
2066
2102
2101
2073
2136
2002
1996
1996
1961
2019
2095
2188
2139
2139
2111
2085
2085
1989
2009
2013
2035
1931
1915
1977
1990
1983
2045
1964
1964
1973
1973
1985
1994
2026
2054
2115
2172
2149
2084
2066
2041
2041
1975
1975
1953
1929
1929
1886
1886
1886
1993
1980
2030
2016
2034
2052
2052
2144
2105
2118
2056
2058
2021
1994
2038
2022
1978
1978
2013
1889
1951
2002
2008
2033
2039
2039
2109
2105
2046
2069
2104
2041
2104
2085
2110
2106
2106
2062
2107
2091
2092
2157
2130
2079
2065
2005
2005
2011
2011
2032
2064
2076
2037
2079
2090
2090
2129
2044
2039
2053
2053
1966
1971
1988
1988
2015
1946
1978
1959
1981
1985
1985
1985
2011
2011
2039
2039
2045
2039
1998
2031
2031
2010
2027
2056
2080
2051
2051
2051
1969
1889
1893
1838
1838
1826
1826
1889
1882
1914
1901
1901
1874
1980
1942
1870
1864
1877
1874
1877
1862
1954
2001
2062
2001
1963
1968
1935
1924
1948
1929
1874
1855
1857
1942
1928
2023
2023
1852
1927
1927
1935
1935
1901
1940
1929
1932
1945
1945
1953
2045
2028
2028
2035
2035
2046
2019
2019
2044
1881
1881
1881
1878
1878
1891
1890
1945
1945
1834
1831
1839
1852
1877
1787
1845
1787
1834
1871
1856
1873
1863
1973
1960
2056
1937
1937
1933
1908
2010
2015
2087
2108
2108
2089
2062
2152
2114
2075
2100
2100
2100
2019
2006
2012
2012
2012
2092
2134
2118
2052
2052
2046
2046
2025
2047
2025
2122
2031
2125
2146
2140
2093
2133
2104
2079
2080
1998
1996
2015
2071
2066
2066
2066
2003
1996
2031
1951
1834
1876
1885
1885
1932
1974
2004
2004
2004
1909
1909
1963
1909
1937
1961
1968
1924
1958
1862
1862
1910
1847
1847
1889
1836
1892
1906
1913
1931
1954
1992
2005
1989
2054
2087
2130
2046
2058
2083
2135
2135
2188
2206
2222
2246
2166
2139
2217
2163
2104
2080
2062
2004
2028
1998
2038
2130
2128
2246
2248
2232
2253
2157
2159
2251
2167
2111
2146
2166
2199
2221
2207
2127
2141
2141
2203
2191
2029
2041
1953
1953
1943
1923
1923
2001
2001
2001
1983
2043
2020
2020
1965
2015
2039
2039
2086
2126
2117
2167
2037
2054
2053
2057
2077
2020
1956
1876
1876
1974
1974
1867
1867
1841
1846
1891
1845
1905
1926
1980
1933
2030
1973
1973
1973
1990
1929
1929
1932
1908
1890
1913
1919
1898
1898
1837
1837
1837
1837
1837
1853
1923
1923
1853
1853
1867
1853
1850
1853
1924
1952
1952
1989
1944
1944
1915
1995
1995
1995
2002
2010
2012
2012
1980
2020
2054
2057
2073
2106
2062
2102
2102
2086
2038
2065
2129
2092
2095
2058
2061
2061
2029
2000
2000
1980
1983
1983
1877
1883
1883
1948
1948
2024
1946
1946
1873
1839
1850
1856
1890
1894
1894
1925
1991
2036
1999
1999
2010
2030
2030
1980
1996
2005
1993
1999
1969
1836
1836
1836
1888
1981
1958
1956
1883
1879
1885
1871
1927
1927
1927
1927
1968
1929
1915
1915
1915
1915
1915
1924
1876
1853
1977
2075
2035
2056
2070
2062
2068
2145
2119
2157
2142
2170
2170
2148
1994
1905
1891
1893
1893
1941
1945
1960
1917
2025
2092
2096
2073
2103
2128
2103
2096
2109
2097
2077
2156
2156
2170
2138
2022
2052
1951
1954
1987
2029
2036
2077
2128
2120
2120
2064
2040
2076
2076
2041
2041
2025
2007
1979
2053
2053
2064
2150
2064
2079
2086
2057
2124
2097
2093
2086
1982
1995
1966
1966
1952
2009
2074
2006
2006
1938
1922
1923
1901
1901
1901
1929
2014
1942
1900
1902
1902
1962
1994
1994
2015
2015
2015
1964
1958
2022
2002
2002
1990
1969
1976
1976
1976
1973
1996
2008
2027
2063
2081
2063
2048
1986
1923
1916
1914
1965
2008
2009
2060
2082
2022
2048
2019
1943
1956
1956
1974
2020
2029
2045
2045
2044
2017
2023
2031
1996
1996
1947
1915
1919
1904
1904
1862
1832
1832
1832
1906
1906
1956
1956
1962
1997
1919
1919
1919
1929
1963
2024
2102
2027
2027
1991
1991
1965
1903
1903
1895
1968
1988
1999
1957
1969
1969
1968
1894
1908
1893
1838
1857
1854
1876
1971
2073
2031
2036
1983
2019
1987
2010
1993
1993
1961
2020
1998
2007
2019
2007
1950
1950
1946
2054
2054
2034
2002
1920
1934
1966
1966
1966
1966
1966
1982
1960
1976
2000
1992
1993
1993
2091
2053
2053
2078
2097
2087
2135
2114
2111
2133
2005
2005
1977
2012
2012
1999
1990
1907
1907
1903
1903
1903
1867
1824
1811
1811
1810
1906
1874
1854
1879
1861
1836
1839
1887
1900
1900
1950
1918
2003
1918
1918
1943
1880
1960
1905
1922
1951
2036
2044
2047
1955
1939
1883
1977
1977
1977
1977
1977
1988
2082
2032
2094
2095
2094
2056
2001
1990
1959
1935
1935
1935
1935
1935
1921
1921
1919
1900
1898
1848
1795
1795
1867
1934
1882
1882
1845
1810
1832
1788
1788
1743
1751
1760
1829
1805
1805
1802
1848
1891
1874
1896
1896
1898
1921
1921
1864
1902
1919
1894
1894
1894
1883
1859
1859
1868
1916
1916
1862
1839
1839
1891
1891
1880
1880
1973
1973
1982
1893
1893
1893
1950
1980
1942
1980
1969
1943
1965
1922
1920
1930
1976
1944
1983
1934
1934
1933
1976
1947
1955
1948
2004
1974
2008
1978
1900
1906
1906
1977
1977
1964
2031
1991
2023
2023
1990
1917
1858
1858
1942
1967
2005
1966
1966
1996
1996
2002
2002
2002
2011
1971
1971
1945
1977
2006
2006
1997
2000
2000
1981
1990
1975
2000
1989
1927
1937
2002
2016
2039
2039
2031
2031
2026
2026
2022
1948
1958
1958
1958
1914
1914
1907
1907
1907
1942
1930
1957
1942
1906
1939
1908
1906
1906
1906
1915
1915
1955
1895
1874
1911
2029
2020
2019
1995
1951
1986
2017
2017
2017
2043
2049
2049
2087
2034
2034
2086
2059
2042
2042
2018
2018
2007
1968
1934
2021
2018
2062
2098
2088
2116
2162
2077
2006
2031
2007
1960
2090
2100
2092
2106
2133
2133
2066
2019
2006
2038
2018
2020
2028
2028
2017
2018
2015
2015
2035
2062
2050
1994
1994
2027
2027
2049
2001
2036
2071
2069
2051
2078
2010
2002
2002
2021
2001
2018
2018
1987
1972
2005
1933
1935
1889
1889
1889
1889
1968
1978
1983
2004
1944
1959
1981
1979
1979
1979
1983
1968
1968
1986
1997
2016
2102
2023
1986
1956
1938
1947
1957
1965
1944
1938
1938
1917
1906
1965
1953
1953
1953
1953
1953
1970
2056
2019
2056
2003
1912
1912
1912
1911
1906
1903
1926
1946
1948
1970
1985
1985
1980
1882
1901
1917
1917
1918
1897
1894
1947
1960
1935
1935
1937
1938
1934
1934
1947
1992
2013
2078
2088
2088
2022
2011
2011
1977
1977
1977
1903
1903
1906
1906
1916
1916
1916
1967
1988
1922
1929
2010
1984
1997
1977
1965
2028
2016
2029
2029
2029
2029
2044
2044
2114
2114
2021
1982
1946
1947
1960
1988
1966
1994
1896
1912
1912
1911
1886
1886
1892
1886
1879
1879
1902
1921
1902
1841
1841
1860
1860
1942
1942
1888
1888
1893
1883
1932
2000
2095
2078
2068
2088
2050
2024
2053
2019
2019
1971
1992
2058
2058
2058
2034
2010
2016
2016
2016
2010
2040
2040
2027
1991
2023
1982
1984
2028
2022
2022
2001
2016
1974
2016
1987
1987
1913
1913
1947
1933
1933
1935
2050
1989
1954
1937
1880
1893
1893
1938
2001
1994
1994
1955
1978
1972
1988
1988
2001
2046
2054
2019
2017
2039
2039
2043
2043
2064
1977
1965
1980
1943
1919
1919
1919
1928
1949
1960
1937
1927
1927
1975
1955
1972
1984
1984
1984
1984
1851
1893
1841
1841
1841
1849
1849
1849
1917
1868
1882
1892
1892
1892
1943
1986
1978
1978
1978
1978
1978
1950
1904
1904
1929
1929
1986
1968
1939
1939
1908
1910
1871
1868
1858
1858
1962
1954
1969
1979
1937
1998
1998
1948
1955
1957
1938
1930
1904
1957
2004
1919
1921
1976
1962
1962
1981
1995
2012
1991
1985
1978
1978
1978
2031
2001
2001
2026
2026
2029
2039
2039
1989
2029
2052
2024
2053
2074
1973
1993
1959
2036
2057
2026
2098
2100
2095
2020
1982
1997
1997
1962
1962
1962
1962
1935
1935
1979
1957
1936
2001
1989
1989
1983
2014
2053
2022
2044
2046
2067
2021
2044
2103
2103
2106
2106
2186
2192
2130
2145
2148
2157
2160
2077
2075
2069
2028
2028
2030
1968
1966
1925
1955
1955
1973
2057
2040
2026
2078
2029
2055
1957
1947
1893
1893
1875
1863
1869
1885
1950
1991
2013
1973
2003
1971
1980
1980
2041
2041
2052
2019
2018
1926
1944
2018
2029
1993
1987
2000
1967
1967
1967
1996
2014
2014
1968
1901
1929
1929
1929
1927
1968
1987
1932
1907
1854
1947
1934
1952
1990
1990
2001
2001
2009
1950
1976
1977
1986
2006
1990
1963
1935
1921
1935
1935
1931
1982
1983
1935
1908
1923
1942
1949
1961
1961
1961
1961
1902
1921
1921
1917
1856
1856
1901
1910
1910
1856
1825
1825
1856
1872
1906
1924
1882
1885
1944
2039
2043
1981
1981
1893
1893
1893
1868
1916
1916
1844
1878
2010
2026
1895
1965
1965
2002
2020
2001
1994
1978
1978
1978
1982
1982
1957
1987
1987
1987
1991
1991
2001
2060
2013
2000
1975
1975
1953
1889
1887
1921
1983
1983
2000
2018
2007
2007
2015
2054
1995
1942
1977
1998
2008
2018
2044
1999
2059
2059
2017
1962
1962
1964
1961
1988
1968
1926
1945
2001
2044
2016
2057
2097
2097
2103
2061
2049
1892
1905
1882
1882
1894
1894
1925
1925
1932
1935
1905
1905
1905
1877
1888
1888
1888
1962
1973
2018
2027
2007
2001
2001
2047
2047
2077
1965
1964
1964
1907
1896
1896
1942
1954
1869
1820
1820
1820
1820
1780
1855
1835
1835
1835
1802
1877
1888
1888
1880
1880
1880
1880
1894
1819
1846
1870
1921
2006
2033
2014
1999
2001
2001
2001
2007
2007
2007
2013
1988
2048
2039
2065
2078
2103
2082
2082
2082
1963
1998
1967
1967
1928
1928
1906
1874
1915
1915
1915
1931
1935
1969
1969
1969
1928
1928
1902
1903
1903
1903
1895
1909
1910
1910
1946
1946
1946
1946
1900
1909
1914
1865
1875
1865
1820
1842
1833
1861
1826
1855
1889
1826
1842
1858
1821
1842
1842
1842
1811
1811
1908
1942
1926
1905
1874
1893
1893
1893
1874
1879
1879
1857
1857
1872
1822
1880
1888
1879
1918
1966
1966
1966
1923
1960
1942
1958
1933
1933
1954
1963
1959
1974
1917
1934
2025
2006
1978
1937
1937
1937
1925
1917
1917
1960
1944
1944
1860
1925
2064
2127
2082
2082
2047
2043
2043
2060
2045
2051
2089
2093
2053
2057
2057
2057
2103
1991
1991
1974
1981
2061
2064
2072
2057
2059
2056
2056
2146
2103
2103
2029
1966
2010
1927
1927
1959
2017
2118
2165
2122
2115
2029
1952
1952
2044
2067
2169
2124
2124
2038
2038
1972
1965
1933
1933
1933
1957
1947
1913
1913
1916
1916
1916
1873
1938
1902
1928
1928
1847
1908
1881
1881
1948
1948
1957
1962
1957
2001
1939
1927
1928
1928
1928
1941
1935
2016
2016
1991
1922
1935
1935
2014
2014
2023
2023
2034
2045
2048
2048
2048
2010
1993
1967
1970
1970
1971
1971
1978
1967
1953
1975
1963
1963
1948
2071
2093
2071
1997
1997
1997
1997
1934
1934
1934
1976
2104
2091
2061
2065
1996
1986
1986
2000
1994
1994
2027
2027
2039
2056
2080
2140
2114
2114
2112
2095
2010
2010
2014
2022
1980
1980
1993
1962
1951
1936
1949
1949
1953
1919
1919
1912
1912
1901
1860
1860
1879
1851
1851
1872
1945
1945
1947
1957
1968
1968
1942
1942
1912
1911
1911
1959
1994
1995
1995
1985
1950
1950
1950
1886
1886
1884
1927
1881
1881
1881
1881
1858
1858
1858
1909
1909
1909
1896
1952
1948
1951
1963
1990
1978
1978
2001
1932
1929
1998
2013
2013
2074
2074
2068
2068
2087
2036
2026
2042
2001
2001
2044
2029
2001
2001
2001
2023
2001
2000
2028
1949
1949
1997
1997
1948
1948
1948
1936
1936
1936
1953
1968
1968
1952
1952
1976
1976
1976
2018
2018
1993
1978
2001
2017
1942
1955
2008
2021
2025
1969
1969
1969
1944
1950
2005
2002
1947
1947
1937
1953
1953
1983
1993
1944
1932
1972
1916
1948
1967
1875
1793
1793
1779
1779
1779
1802
1805
1807
1867
1917
1917
1876
1883
1883
1945
1944
1944
1944
1894
1894
1901
1901
1901
1925
1925
1925
1880
1870
1870
1870
1870
1870
1876
1859
1859
1820
1858
1915
1915
1806
1737
1737
1768
1768
1867
1867
1869
1869
1869
1869
1875
1915
1900
1900
1895
1899
1998
1998
1899
1899
1891
1875
1787
1787
1787
1787
1818
1793
1840
1846
1905
1905
1877
1870
1938
1938
1938
1938
1938
1927
1927
1948
1948
1987
2006
1950
1976
2021
2021
1970
1962
1962
1969
1969
1959
1959
1959
1962
1966
1938
1938
1938
1938
1938
1948
1924
1910
1932
1896
1886
1900
1902
1913
1913
1926
1926
1943
1943
1943
1933
1933
1987
1961
1906
1906
1906
1906
1906
1892
1892
1895
1895
1923
1941
1941
1941
1934
1934
1930
1952
1893
1865
1878
1914
1918
1918
2010
2010
1957
1957
1925
1925
1925
1925
1925
1925
1925
1925
1965
1965
1952
1952
1952
1952
1952
2008
2012
2012
2012
2001
2001
1990
1990
2049
2078
2086
2011
2011
2014
1950
2015
1994
2006
2014
2014
1962
1976
2035
1978
1960
2021
2046
2046
2085
2085
2053
2072
2000
2000
2000
2000
1948
1939
1957
1954
2042
2042
2042
2042
2029
2029
1962
1962
1906
1895
1895
1873
1930
1914
1914
1914
1906
1865
1894
1894
1879
1879
1879
1879
1884
1884
1885
1895
1870
1870
1870
1870
1870
1818
1829
1829
1829
1829
1829
1818
1784
1784
1784
1780
1771
1828
1828
1828
1828
1879
1890
1890
1878
1891
1891
1942
1942
1942
1946
1937
1873
1873
1871
1871
1934
1934
1946
1881
1853
1813
1813
1841
1828
1811
1855
1855
1831
1831
1831
1831
1823
1823
1823
1823
1864
1864
1836
1898
1913
1913
1911
1994
2031
2019
2019
1977
1927
1927
1927
1923
1923
1923
1923
1999
1994
1994
1994
2051
2055
2092
2159
2106
2047
2047
2047
2028
1966
1921
1889
1889
1921
1916
1916
1916
1898
1880
1883
1883
1883
1883
1883
1883
1880
1943
1971
1976
1907
1940
1842
1910
1910
1922
1955
1843
1843
1843
1843
1843
1843
1818
1818
1850
1850
1840
1875
1875
1875
1875
1902
1930
1897
1926
1926
1936
1936
2008
1907
1879
1911
1911
1886
1914
1904
1862
1862
1862
1922
1932
1932
1927
1934
1942
1942
1963
1992
1992
1992
2002
1931
1931
1904
1904
1904
1904
1904
1869
1869
1869
1828
1833
1826
1853
1853
1853
1853
1887
1876
1876
1890
1889
1781
1781
1780
1780
1780
1780
1781
1779
1805
1776
1776
1793
1793
1776
1776
1787
1779
1779
1803
1771
1799
1799
1798
1798
1803
1865
1865
1865
1858
1837
1837
1837
1798
1841
1841
1841
1841
1841
1881
1891
1999
1876
1888
1890
1879
1879
1833
1816
1816
1787
1787
1787
1769
1845
1904
1831
1845
1870
1870
1899
1856
1874
1887
1887
1887
1902
1959
1971
2004
1993
1993
1979
1979
1979
1979
1979
1970
1925
1925
1925
1889
1888
1846
1844
1870
1908
1908
1908
1908
1892
1892
1938
1938
1906
1906
1906
1881
1877
1877
1870
1907
1870
1886
1873
1864
1829
1851
1899
1917
1905
1911
1895
1895
1895
1955
1955
1961
1971
1971
1971
1971
1971
1971
2058
2059
2034
2001
1987
1925
1925
1926
1926
1914
1907
1927
1922
1895
1895
1868
1891
1891
1887
1884
1926
1877
1836
1836
1858
1858
1859
1859
1859
1902
1895
1842
1842
1842
1842
1849
1907
1937
1879
1879
1879
1918
1918
1898
1898
1898
1923
1923
1923
1921
1917
1917
1908
1906
1906
1906
1886
1886
1855
1855
1855
1855
1855
1855
1845
1891
1926
1906
1871
1871
1871
1875
1875
1926
1909
1909
1913
1941
1941
1928
1928
1928
1938
1920
1933
1933
1944
1979
1979
1957
1957
1896
1843
1915
1917
1865
1865
1865
1880
1855
1855
1855
1866
1910
1937
1949
1951
1951
1854
1916
1916
1950
1950
1928
1936
1913
1925
1925
1925
1925
1941
1960
1962
1998
2012
2012
2000
2000
2000
1985
1973
1968
1968
1958
2053
2016
2016
2016
2028
1994
1994
1990
1900
1968
1972
1972
1955
1972
1972
1972
1981
1951
1925
1925
1925
1908
1908
1908
1885
1885
1885
1885
1885
1885
1885
1885
1885
1933
1953
1981
1981
1981
1995
1998
1990
1990
1982
1994
1998
1998
1987
2006
2019
1997
1967
1998
1923
1933
1845
1840
1840
1797
1835
1835
1865
1848
1844
1867
1837
1857
1857
1826
1826
1826
1826
1865
1865
1872
1872
1872
1872
1872
1872
1872
1872
1859
1859
1824
1767
1813
1813
1806
1844
1838
1838
1876
1876
1835
1835
1869
1823
1808
1808
1798
1798
1798
1798
1798
1798
1798
1798
1798
1798
1798
1798
1798
1806
1806
1804
1804
1804
1804
1836
1836
1894
1901
1901
1953
1953
1996
2023
2012
2012
1985
1985
2007
2013
2062
2018
1970
1978
1977
1977
1973
1973
1973
1989
1989
1989
1971
1964
1964
1964
1956
1956
1927
1948
1948
1948
1948
1987
1982
1982
1982
1982
1948
1948
1960
1935
1911
1911
1921
1921
1921
1923
1923
1923
1923
1919
1919
1927
1878
1863
1902
1902
1863
1910
1900
1900
1900
1900
1837
1855
1855
1855
1855
1855
1833
1861
1861
1867
1880
1880
1880
1880
1880
1880
1880
1841
1841
1808
1808
1808
1827
1827
1830
1837
1837
1837
1837
1837
1837
1837
1838
1838
1863
1863
1863
1859
1859
1859
1859
1920
1920
1920
1920
1920
1920
1923
1848
1848
1881
1890
1887
1893
1847
1847
1847
1853
1853
1853
1872
1793
1793
1793
1816
1816
1816
1816
1817
1817
1817
1817
1817
1817
1817
1808
1912
1914
1914
1914
1898
1928
1928
1984
1984
1953
1941
1941
1930
1930
1879
1879
1879
1867
1867
1867
1856
1856
1856
1872
1907
1907
1947
1964
1959
1933
1928
1892
1906
1898
1898
1898
1898
1898
1898
1936
2030
2030
2014
2065
2002
2002
2017
2029
2029
1983
1872
1885
1885
1922
1924
1906
1919
1954
1954
1950
1939
1958
1958
1958
1958
1954
1925
1925
1925
1916
1916
1920
1936
1946
2007
2011
2011
1929
1929
1932
2003
2013
1902
1902
1902
1902
1902
1895
1895
1878
1887
1887
1887
1887
1887
1887
1897
1897
1897
1897
1897
1897
1897
1897
1937
1937
1945
1926
1879
1791
1791
1772
1772
1827
1838
1838
1834
1844
1890
1915
1915
1915
1915
1982
1982
1957
1963
1895
1881
1881
1854
1875
1875
1875
1875
1877
1877
1887
1905
1905
1862
1868
1868
1898
1898
1898
1897
1929
1948
1930
1930
1930
1920
1896
1896
1911
1911
1953
1953
1953
1948
1957
1880
1862
1888
1888
1888
1916
1943
1943
1943
1961
1967
1967
2005
2008
2033
1935
1935
1935
1935
1935
1954
1955
1982
2019
1966
1966
1966
1945
1945
1945
1945
1945
1897
1920
1920
1889
1889
1935
1935
1935
1869
1869
1869
1891
1891
1891
1891
1891
1891
1891
1891
1891
1901
1952
1952
1929
1902
1855
1855
1855
1786
1786
1786
1786
1786
1786
1782
1783
1783
1783
1783
1829
1831
1831
1831
1831
1801
1799
1799
1799
1806
1806
1816
1838
1804
1804
1804
1804
1837
1841
1841
1847
1847
1846
1846
1846
1846
1846
1846
1860
1876
1870
1870
1870
1870
1870
1913
1913
1866
1860
1860
1883
1889
1913
1879
1886
1886
1886
1904
1901
1916
1916
1916
1937
1893
1893
1885
1893
1893
1893
1893
1888
1888
1880
1921
1882
1882
1882
1882
1841
1902
1902
1902
1902
1874
1874
1819
1846
1839
1839
1887
1871
1870
1870
1853
1804
1798
1798
1798
1798
1849
1849
1849
1849
1912
1931
1931
1943
1943
1943
1943
1917
1885
1885
1885
1887
1887
1840
1824
1824
1836
1836
1836
1836
1836
1835
1910
1935
1927
1927
1909
1924
1871
1853
1821
1821
1821
1821
1838
1829
1829
1820
1886
1886
1899
1886
1891
1869
1847
1856
1856
1850
1835
1787
1748
1748
1753
1753
1753
1743
1743
1743
1743
1735
1735
1737
1737
1743
1743
1743
1743
1834
1834
1822
1822
1822
1822
1822
1822
1781
1781
1859
1859
1837
1837
1858
1795
1795
1795
1760
1811
1819
1819
1774
1774
1774
1774
1774
1774
1776
1776
1840
1840
1836
1836
1845
1846
1846
1846
1846
1846
1845
1845
1845
1825
1825
1830
1830
1830
1830
1830
1830
1836
1857
1827
1823
1823
1823
1823
1823
1832
1844
1872
1873
1870
1870
1870
1869
1868
1867
1867
1867
1867
1867
1905
1905
1905
1905
1905
1897
1828
1828
1830
1830
1830
1830
1830
1830
1830
1830
1825
1825
1823
1823
1823
1823
1823
1823
1823
1823
1823
1823
1823
1823
1823
1823
1878
1927
1935
1935
1935
1927
1937
1937
1937
1919
1919
1959
1959
1959
1942
1942
1880
1880
1880
1893
1893
1873
1873
1873
1878
1880
1912
1912
1892
1847
1847
1853
1853
1853
1853
1937
1937
1903
1883
1883
1883
1883
1883
1883
1883
1883
1883
1878
1878
1878
1842
1885
1886
1886
1886
1884
1884
1924
1926
1926
1927
1927
1913
1913
1913
1902
1913
1913
1913
1909
1909
1909
1878
1878
1854
1814
1814
1814
1814
1814
1808
1808
1808
1808
1808
1808
1808
1808
1808
1808
1855
1816
1832
1883
1883
1859
1853
1803
1803
1803
1803
1784
1784
1784
1784
1784
1784
1784
1784
1784
1784
1784
1787
1787
1787
1787
1787
1815
1824
1866
1866
1857
1886
1886
1886
1908
1876
1876
1863
1863
1806
1806
1806
1806
1811
1811
1811
1811
1811
1811
1811
1811
1811
1841
1841
1841
1870
1862
1862
1874
1874
1874
1874
1874
1874
1862
1862
1862
1862
1865
1878
1878
1878
1878
1878
1839
1820
1820
1820
1820
1820
1820
1820
1820
1820
1826
1826
1905
1905
1905
1926
1882
1869
1833
1820
1804
1804
1804
1804
1804
1805
1805
1805
1805
1791
1791
1791
1791
1791
1791
1791
1791
1791
1791
1791
1791
1791
1791
1788
1788
1788
1778
1778
1778
1778
1778
1785
1757
1757
1758
1769
1769
1769
1769
1769
1769
1769
1769
1769
1767
1762
1762
1784
1784
1777
1777
1824
1824
1791
1791
1781
1803
1803
1803
1803
1803
1803
1775
1775
1775
1775
1839
1839
1839
1839
1781
1774
1782
1782
1774
1774
1774
1743
1727
1727
1764
1752
1752
1775
1782
1782
1785
1808
1808
1808
1808
1808
1805
1805
1805
1805
1805
1805
1747
1747
1747
1749
1749
1746
1746
1746
1746
1746
1767
1767
1779
1768
1768
1768
1771
1771
1771
1771
1772
1769
1769
1769
1769
1769
1769
1769
1769
1769
1769
1769
1769
1769
1769
1769
1769
1769
1769
1802
1779
1779
1779
1779
1779
1779
1779
1779
1747
1747
1747
1747
1747
1747
1747
1747
1747
1747
1747
1747
1747
1747
1747
1745
1745
1745
1745
1745
1745
1733
1733
1733
1738
1739
1739
1739
1739
1790
1790
1770
1770
1766
1766
1766
1766
1766
1757
1757
1757
1774
1774
1774
1860
1777
1777
1777
1777
1777
1777
1777
1777
1777
1777
1777
1777
1818
1827
1827
1858
1857
1823
1823
1823
1823
1823
1796
1796
1796
1786
1799
1799
1799
1799
1799
1844
1830
1834
1834
1834
1834
1834
1834
1816
1810
1835
1835
1835
1835
1835
1819
1819
1819
1819
1819
1819
1844
1888
1892
1892
1892
1892
1909
1909
1909
1909
1909
1910
1913
1913
1915
1915
1915
1898
1869
1869
1869
1871
1869
1869
1869
1863
1863
1863
1863
1863
1863
1861
1886
1886
1852
1852
1852
1852
1825
1825
1801
1801
1801
1801
1801
1801
1801
1801
1801
1801
1801
1801
1801
1801
1801
1801
1814
1814
1814
1772
1772
1772
1772
1772
1772
1772
1772
1772
1772
1772
1772
1773
1773
1773
1773
1781
1781
1781
1781
1781
1788
1863
1886
1886
1863
1841
1841
1841
1835
1814
1814
1814
1814
1814
1814
1814
1814
1814
1807
1810
1810
1810
1810
1810
1810
1810
1810
1837
1837
1839
1839
1839
1839
1839
1846
1846
1846
1846
1846
1855
1857
1857
1829
1829
1829
1842
1842
1807
1792
1792
1792
1792
1791
1791
1791
1791
1791
1827
1827
1831
1827
1827
1827
1827
1826
1826
1812
1875
1875
1875
1875
1869
1869
1869
1870
1864
1864
1858
1817
1817
1817
1855
1855
1855
1855
1843
1855
1838
1802
1802
1758
1767
1767
1767
1767
1767
1767
1777
1765
1765
1765
1765
1765
1770
1770
1770
1768
1768
1768
1768
1768
1768
1768
1768
1768
1768
1774
1774
1774
1774
1774
1774
1806
1806
1806
1806
1846
1846
1846
1846
1846
1846
1846
1846
1846
1846
1846
1829
1829
1829
1829
1829
1829
1819
1819
1819
1818
1786
1784
1784
1784
1755
1755
1755
1755
1755
1807
1808
1808
1808
1830
1809
1824
1824
1824
1824
1818
1778
1778
1778
1778
1778
1778
1778
1781
1781
1781
1781
1781
1781
1781
1781
1781
1781
1781
1781
1796
1796
1796
1789
1789
1789
1789
1789
1829
1821
1814
1814
1814
1814
1859
1830
1830
1843
1843
1861
1861
1861
1856
1856
1879
1879
1879
1879
1879
1879
1879
1879
1879
1879
1885
1895
1895
1897
1897
1897
1897
1905
1904
1904
1904
1895
1870
1856
1855
1859
1859
1859
1859
1859
1859
1859
1867
1801
1801
1801
1801
1801
1843
1843
1843
1843
1824
1824
1819
1819
1819
1819
1819
1819
1819
1819
1805
1818
1818
1818
1818
1818
1818
1818
1818
1818
1818
1818
1802
1802
1802
1802
1802
1802
1802
1797
1797
1797
1784
1784
1784
1784
1784
1784
1814
1814
1814
1814
1814
1814
1814
1814
1814
1814
1814
1814
1769
1769
1769
1769
1769
1769
1781
1781
1781
1781
1781
1781
1781
1781
1781
1783
1783
1783
1783
1783
1783
1783
1752
1752
1749
1756
1756
1756
1756
1756
1756
1756
1756
1756
1756
1756
1769
1769
1769
1771
1771
1771
1771
1771
1771
1771
1771
1771
1771
1771
1772
1772
1772
1772
1772
1772
1772
1772
1772
1772
1772
1772
1763
1763
1748
1748
1748
1748
1748
1730
1730
1730
1730
1730
1730
1730
1730
1730
1754
1754
1754
1780
1780
1778
1749
1749
1749
1749
1749
1749
1749
1749
1749
1749
1749
1749
1749
1749
1749
1749
1749
1749
1749
1749
1749
1749
1749
1749
1749
1749
1749
1749
1749
1749
1749
1749
1749
1749
1749
1781
1778
1734
1734
1733
1733
1733
1733
1733
1733
1733
1733
1733
1733
1733
1733
1733
1733
1733
1733
1733
1733
1733
1733
1733
1733
1733
1733
1733
1733
1733
1733
1733
1733
1733
1733
1733
1733
1733
1733
1733
1733
1733
1733
1733
1733
1733
1733
1733
1733
1712
1712
1712
1712
1712
1712
1712
1712
1712
1712
1712
1712
1712
1712
1727
1727
1754
1754
1754
1754
1754
1754
1754
1754
1754
1754
1754
1754
1754
1754
1754
1754
1754
1754
1754
1754
1754
1755
1755
1755
1768
1768
1768
1768
1768
1768
1768
1768
1768
1762
1762
1762
1762
1762
1762
1762
1762
1762
1762
1762
1762
1762
1762
1762
1762
1762
1762
1762
1762
1762
1762
1762
1762
1762
1762
1762
1757
1757
1757
1757
1757
1757
1757
1757
1757
1757
1757
1757
1757
1765
1765
1765
1765
1765
1765
1765
1765
1765
1765
1765
1765
1765
1765
1765
1765
1765
1765
1765
1765
1765
1765
1765
1775
1775
1775
1775
1795
1795
1795
1820
1820
1820
1820
1820
1820
1780
1780
1811
1811
1811
1777
1776
1776
1776
1776
1776
1776
1778
1778
1777
1777
1777
1777
1777
1777
1777
1777
1758
1758
1758
1762
1759
1759
1759
1759
1759
1759
1759
1759
1759
1759
1746
1746
1746
1746
1746
1746
1746
1746
1746
1746
1746
1746
1746
1746
1746
1746
1746
1740
1740
1723
1723
1723
1723
1723
1724
1724
1731
1731
1731
1731
1731
1731
1731
1731
1731
1731
1731
1731
1731
1731
1728
1723
1723
1723
1729
1729
1729
1729
1729
1729
1735
1735
1735
1735
1735
1735
1735
1735
1735
1735
1735
1735
1735
1735
1735
1735
1735
1735
1735
1735
1735
1729
1729
1729
1729
1729
1729
1729
1729
1729
1729
1729
1729
1729
1738
1738
1738
1738
1738
1738
1738
1738
1738
1746
1746
1746
1746
1746
1746
1746
1746
1746
1746
1746
1746
1746
1746
1746
1746
1746
1746
1740
1740
1740
1740
1740
1740
1740
1740
1740
1740
1740
1740
1740
1740
1740
1740
1740
1740
1721
1721
1721
1721
1721
1721
1721
1721
1721
1721
1721
1721
1721
1721
1734
1734
1734
1734
1728
1728
1720
1720
1718
1718
1718
1718
1718
1718
1711
1711
1711
1711
1711
1711
1711
1711
1711
1711
1711
1711
1720
1720
1720
1720
1720
1734
1734
1734
1734
1731
1731
1731
1731
1731
1720
1720
1720
1720
1720
1728
1728
1728
1728
1741
1741
1741
1741
1741
1741
1738
1738
1738
1738
1738
1738
1738
1738
1738
1738
1738
1738
1738
1738
1738
1738
1746
1746
1746
1746
1746
1746
1740
1740
1740
1740
1740
1740
1740
1740
1740
1741
1741
1741
1741
1741
1741
1741
1734
1734
1734
1734
1734
1734
1734
1734
1734
1734
1730
1706
1706
1706
1706
1706
1706
1706
1706
1706
1706
1706
1706
1706
1706
1706
1706
1727
1727
1727
1724
1724
1724
1724
1724
1724
1724
1724
1724
1729
1724
1724
1724
1724
1724
1724
1724
1724
1724
1724
1724
1729
1729
1729
1729
1729
1744
1744
1744
1744
1744
1744
1744
1744
1744
1744
1744
1744
1744
1744
1744
1744
1744
1744
1744
1744
1748
1735
1735
1735
1735
1735
1735
1735
1735
1735
1735
1735
1735
1735
1738
1738
1738
1744
1744
1744
1744
1744
1744
1744
1744
1744
1721
1721
1721
1721
1721
1721
1721
1721
1721
1721
1721
1721
1721
1721
1721
1721
1721
1721
1721
1721
1721
1721
1721
1721
1721
1721
1721
1721
1721
1721
1721
1721
1721
1721
1721
1721
1721
1736
1736
1736
1729
1729
1729
1729
1762
1762
1762
1761
1761
1770
1770
1770
1770
1770
1770
1772
1772
1772
1772
1772
1772
1772
1772
1774
1774
1774
1774
1774
1781
1781
1781
1785
1785
1785
1785
1774
1760
1760
1760
1760
1760
1760
1763
1763
1734
1734
1734
1734
1734
1734
1734
1734
1734
1734
1734
1734
1734
1734
1734
1734
1734
1734
1734
1734
1734
1734
1734
1734
1734
1734
1734
1734
1734
1734
1734
1734
1734
1734
1734
1734
1734
1734
1732
1732
1732
1732
1731
1731
1731
1731
1731
1731
1731
1731
1731
1731
1731
1731
1731
1731
1731
1731
1722
1722
1722
1722
1734
1734
1734
1734
1734
1734
1734
1734
1734
1734
1734
1734
1734
1734
1734
1734
1734
1734
1734
1734
1734
1734
1734
1734
1734
1734
1734
1734
1715
1714
1714
1714
1714
1714
1714
1714
1714
1714
1714
1714
1714
1714
1714
1714
1714
1714
1714
1714
1714
1714
1714
1714
1714
1714
1714
1714
1714
1714
1714
1714
1714
1714
1714
1714
1714
1714
1714
1714
1714
1714
1714
1714
1714
1714
1714
1714
1714
1714
1714
1714
1714
1714
1710
1710
1710
1710
1710
1710
1710
1710
1710
1710
1710
1710
1710
1710
1710
1710
1710
1710
1710
1740
1740
1740
1740
1744
1744
1744
1744
1744
1744
1744
1744
1744
1744
1744
1744
1744
1744
1744
1744
1744
1744
1744
1744
1744
1744
1744
1744
1734
1734
1734
1734
1734
1734
1734
1734
1734
1734
1714
1714
1714
1714
1714
1714
1714
1714
1714
1714
1714
1714
1714
1714
1714
1714
1714
1714
1714
1714
1714
1714
1714
1714
1714
1714
1714
1714
1714
1714
1714
1714
1714
1714
1714
1714
1714
1714
1714
1714
1718
1718
1718
1718
1718
1718
1717
1717
1693
1693
1693
1693
1693
1693
1693
1693
1693
1693
1693
1693
1693
1693
1693
1693
1693
1701
1701
1701
1701
1701
1701
1701
1701
1695
1695
1695
1695
1695
1695
1695
1695
1690
1690
1678
1678
1678
1678
1678
1678
1678
1678
1678
1678
1678
1678
1678
1678
1678
1679
1679
1679
1679
1679
1678
1678
1678
1678
1678
1678
1678
1678
1678
1671
1671
1671
1671
1671
1671
1671
1671
1671
1671
1671
1671
1671
1671
1671
1671
1671
1671
1671
1671
1671
1671
1671
1671
1671
1671
1671
1671
1671
1671
1671
1671
1671
1671
1671
1671
1671
1671
1671
1671
1671
1671
1671
1671
1671
1671
1671
1671
1671
1671
1671
1671
1671
1671
1671
1671
1671
1671
1671
1671
1671
1671
1671
1671
1671
1671
1671
1671
1671
1671
1671
1671
1671
1671
1671
1671
1671
1665
1665
1665
1665
1665
1665
1665
1665
1665
1665
1665
1665
1665
1665
1665
1665
1665
1665
1665
1665
1665
1665
1657
1657
1657
1657
1657
1657
1657
1657
1657
1657
1657
1657
1657
1647
1647
1647
1647
1647
1647
1647
1647
1647
1647
1647
1647
1647
1647
1647
1647
1647
1647
1647
1647
1647
1647
1647
1647
1647
1647
1647
1647
1647
1647
1647
1647
1647
1647
1647
1647
1647
1647
1647
1647
1647
1647
1647
1647
1647
1647
1647
1647
1647
1647
1647
1647
1647
1647
1647
1647
1647
1647
1647
1647
1647
1647
1647
1647
1647
1647
1647
1647
1647
1647
1631
1631
1631
1631
1631
1631
1631
1631
1631
1631
1631
1631
1631
1631
1631
1631
1631
1631
1631
1631
1631
1631
1631
1631
1631
1631
1631
1631
1631
1631
1631
1631
1631
1631
1631
1631
1631
1631
1631
1631
1631
1631
1631
1631
1631
1631
1631
1631
1631
1636
1636
1636
1636
1636
1636
1636
1636
1636
1636
1636
1636
1636
1636
1636
1636
1636
1636
1636
1636
1636
1636
1636
1636
1636
1636
1636
1636
1636
1636
1636
1636
1636
1636
1636
1636
1636
1636
1636
1636
1636
1636
1636
1636
1636
1636
1636
1636
1636
1636
1636
1636
1636
1636
1636
1636
1636
1636
1636
1636
1636
1636
1636
1636
1636
1636
1636
1636
1636
1636
1636
1636
1636
1636
1636
1636
1636
1636
1636
1636
1636
1636
1636
1636
1636
1636
1636
1636
1636
1636
1636
1636
1636
1636
1636
1636
1636
1636
1636
1636
1636
1636
1636
1636
1636
1636
1636
1636
1636
1636
1635
1635
1635
1635
1635
1635
1635
1635
1635
1635
1635
1635
1635
1635
1635
1635
1635
1635
1635
1635
1635
1635
1635
1635
1635
1635
1635
1635
1635
1635
1635
1635
1635
1635
1635
1635
1635
1635
1635
1635
1635
1635
1635
1635
1635
1635
1635
1635
1635
1635
1635
1635
1635
1635
1635
1635
1635
1635
1635
1635
1635
1635
1635
1635
1635
1635
1635
1635
1635
1635
1635
1635
1635
1635
1635
1635
1635
1635
1635
1635
1635
1635
1635
1635
1635
1635
1635
1635
1635
1635
1635
1635
1635
1635
1635
1635
1635
1635
1635
1635
1635
1635
1635
1635
1635
1635
1635
1635
1635
1635
1635
1635
1635
1635
1635
1635
1635
1635
1635
1635
1635
1635
1635
1635
1635
1635
1635
1635
1635
1635
1635
1635
1635
1635
1635
1635
1635
1635
1635
1635
1635
1635
1635
1635
1635
1635
1635
1635
1635
1635
1635
1635
1635
1635
1635
1635
1635
1635
1635
1635
1635
1635
1635
1635
1635
1635
1635
1635
1635
1635
1635
1635
1635
1635
1635
1635
1635
1635
1635
1635
1635
1635
1635
1635
1635
1635
1635
1635
1635
1635
1635
1635
1635
1635
1635
1635
1635
1635
1635
1635
1635
1635
1635
1635
1635
1635
1635
1635
1635
1635
1635
1635
1635
1635
1638
1638
1638
1638
1638
1638
1638
1638
1638
1638
1638
1638
1638
1638
1638
1638
1638
1638
1638
1638
1638
1638
1638
1638
1638
1638
1638
1638
1638
1638
1638
1638
1638
1638
1638
1638
1638
1638
1638
1638
1650
1650
1650
1650
1650
1650
1650
1650
1650
1650
1650
1650
1650
1650
1650
1650
1650
1650
1650
1650
1650
1650
1650
1650
1650
1650
1650
1650
1650
1650
1650
1650
1650
1650
1650
1650
1650
1650
1650
1650
1650
1650
1650
1650
1650
1650
1650
1650
1650
1650
1650
1650
1650
1650
1650
1650
1650
1650
1650
1650
1650
1650
1650
1650
1650
1650
1650
1650
1650
1650
1650
1650
1650
1650
1650
1650
1650
1650
1650
1650
1650
1650
1650
1650
1650
1650
1650
1650
1650
1650
1650
1650
1650
1650
1650
1655
1655
1655
1655
1655
1655
1655
1655
1655
1655
1655
1655
1655
1655
1655
1655
1655
1655
1650
1650
1650
1650
1650
1650
1650
1650
1650
1650
1650
1650
1650
1650
1650
1650
1650
1650
1650
1650
1650
1650
1650
1650
1650
1650
1650
1650
1650
1650
1650
1650
1650
1650
1650
1650
1650
1643
1643
1643
1643
1643
1643
1643
1643
1643
1643
1643
1643
1643
1643
1643
1643
1643
1643
1643
1643
1643
1643
1643
1643
1643
1643
1643
1643
1643
1643
1643
1643
1643
1643
1643
1643
1643
1643
1643
1643
1643
1643
1643
1643
1643
1643
1643
1643
1643
1643
1643
1643
1643
1643
1643
1643
1643
1643
1643
1643
1643
1643
1643
1643
1643
1643
1647
1647
1647
1647
1647
1647
1647
1647
1647
1647
1647
1647
1647
1647
1647
1647
1647
1647
1647
1647
1647
1647
1647
1647
1647
1647
1647
1647
1647
1647
1647
1647
1647
1647
1647
1647
1647
1647
1647
1647
1647
1647
1647
1647
1647
1647
1647
1647
1647
1647
1647
1647
1647
1647
1647
1647
1647
1647
1647
1647
1647
1647
1647
1647
1647
1647
1647
1647
1647
1647
1643
1643
1643
1643
1643
1643
1643
1643
1643
1643
1643
1643
1643
1643
1643
1643
1643
1643
1643
1643
1643
1643
1643
1643
1643
1643
1643
1643
1643
1643
1643
1643
1643
1643
1643
1643
1643
1643
1643
1643
1643
1643
1643
1643
1643
1643
1643
1643
1643
1643
1643
1643
1643
1643
1643
1643
1643
1643
1643
1643
1643
1643
1643
1643
1643
1643
1643
1643
1643
1643
1643
1643
1643
1643
1643
1643
1643
1643
1643
1640
1640
1640
1640
1640
1640
1640
1640
1640
1640
1640
1640
1640
1640
1640
1635
1635
1635
1635
1635
1635
1635
1635
1635
1635
1635
1635
1635
1635
1635
1635
1635
1635
1635
1635
1635
1635
1635
1635
1635
1635
1635
1635
1635
1635
1635
1635
1635
1635
1635
1635
1635
1635
1635
1635
1635
1635
1635
1635
1635
1635
1635
1635
1635
1635
1635
1635
1635
1635
1635
1635
1635
1635
1635
1635
1635
1635
1635
1635
1635
1635
1635
1635
1635
1635
1635
1635
1635
1635
1635
1635
1635
1635
1635
1635
1635
1635
1635
1635
1635
1635
1635
1635
1635
1635
1635
1635
1635
1635
1635
1635
1635
1635
1635
1635
1635
1635
1635
1635
1635
1635
1635
1635
1635
1635
1635
1635
1635
1635
1635
1635
1635
1635
1635
1635
1635
1635
1635
1635
1635
1635
1635
1635
1635
1635
1635
1635
1635
1635
1635
1635
1635
1635
1635
1635
1635
1635
1635
1635
1635
1635
1635
1635
1635
1635
1635
1635
1635
1635
1635
1635
1635
1635
1635
1635
1635
1635
1635
1635
1635
1635
1635
1635
1635
1635
1635
1635
1635
1635
1635
1635
1635
1635
1635
1635
1635
1635
1635
1635
1635
1635
1635
1635
1635
1635
1635
1635
1635
1635
1635
1635
1635
1635
1635
1635
1635
1635
1635
1635
1635
1635
1635
1635
1635
1635
1635
1635
1635
1635
1630
1630
1630
1630
1630
1630
1630
1630
1630
1630
1630
1630
1630
1630
1630
1630
1630
1630
1630
1630
1630
1630
1630
1630
1630
1630
1630
1630
1630
1630
1630
1630
1630
1630
1630
1630
1630
1630
1630
1630
1630
1630
1630
1630
1630
1630
1630
1630
1630
1630
1630
1630
1630
1630
1630
1630
1630
1630
1630
1630
1630
1630
1630
1630
1630
1630
1630
1630
1630
1630
1630
1630
1630
1630
1630
1630
1630
1630
1630
1630
1630
1630
1630
1630
1630
1630
1630
1630
1630
1630
1630
1630
1630
1630
1630
1630
1630
1630
1630
1630
1630
1630
1630
1630
1630
1630
1630
1630
1630
1630
1630
1630
1630
1630
1630
1630
1630
1630
1630
1630
1630
1630
1630
1630
1630
1630
1630
1630
1630
1630
1630
1630
1630
1630
1630
1630
1630
1630
1630
1630
1630
1630
1630
1630
1630
1630
1630
1630
1630
1630
1630
1630
1630
1630
1630
1630
1630
1630
1630
1630
1630
1630
1630
1630
1630
1630
1630
1630
1630
1630
1630
1630
1630
1630
1630
1630
1630
1630
1630
1630
1630
1630
1630
1630
1630
1630
1630
1630
1630
1630
1630
1630
1630
1630
1630
1630
1630
1630
1630
1630
1630
1630
1630
1630
1630
1630
1634
1634
1634
1634
1634
1634
1634
1634
1634
1634
1634
1635
1635
1635
1635
1635
1635
1635
1635
1635
1635
1635
1635
1635
1635
1635
1635
1635
1635
1635
1635
1635
1635
1635
1631
1631
1631
1631
1631
1631
1631
1631
1631
1631
1631
1631
1631
1631
1631
1631
1631
1631
1631
1631
1631
1631
1631
1631
1631
1631
1631
1631
1631
1631
1631
1631
1631
1641
1641
1641
1641
1641
1641
1641
1641
1641
1641
1641
1641
1641
1641
1641
1641
1641
1641
1641
1641
1641
1641
1641
1641
1641
1641
1641
1641
1641
1641
1641
1641
1641
1641
1641
1641
1641
1641
1641
1641
1641
1641
1641
1641
1641
1641
1641
1641
1641
1641
1641
1641
1641
1641
1641
1641
1641
1641
1641
1641
1641
1641
1641
1641
1641
1641
1641
1641
1641
1641
1641
1641
1641
1641
1641
1641
1641
1641
1641
1641
1641
1641
1641
1641
1641
1641
1641
1641
1641
1641
1641
1641
1641
1641
1641
1641
1641
1641
1641
1641
1641
1641
1641
1641
1641
1641
1641
1641
1641
1641
1641
1641
1640
1640
1640
1640
1640
1640
1640
1640
1640
1640
1640
1640
1640
1640
1640
1640
1640
1640
1640
1640
1640
1640
1640
1640
1640
1640
1640
1640
1640
1640
1640
1640
1640
1640
1640
1640
1640
1640
1640
1640
1640
1640
1640
1640
1640
1640
1640
1640
1640
1640
1640
1640
1640
1640
1640
1640
1640
1640
1638
1638
1638
1643
1643
1643
1643
1643
1643
1643
1643
1643
1643
1643
1643
1643
1643
1638
1638
1638
1638
1638
1638
1638
1638
1638
1638
1638
1638
1638
1638
1638
1638
1636
1636
1636
1636
1636
1636
1636
1636
1636
1636
1636
1636
1636
1636
1636
1636
1636
1636
1636
1636
1636
1636
1636
1636
1636
1636
1636
1636
1636
1636
1636
1636
1636
1636
1636
1636
1636
1636
1636
1636
1636
1636
1636
1636
1636
1636
1636
1638
1638
1638
1638
1638
1638
1638
1638
1638
1638
1638
1638
1638
1638
1638
1638
1638
1638
1638
1638
1638
1638
1638
1638
1638
1638
1638
1638
1638
1638
1638
1638
1638
1638
1638
1638
1630
1630
1630
1630
1630
1630
1630
1630
1630
1630
1630
1630
1630
1630
1630
1630
1630
1630
1630
1630
1630
1630
1630
1630
1630
1630
1630
1630
1630
1630
1630
1630
1630
1630
1630
1630
1630
1630
1630
1630
1630
1630
1630
1630
1630
1630
1630
1630
1630
1630
1630
1630
1630
1630
1630
1630
1630
1630
1630
1630
1630
1630
1630
1633
1633
1633
1633
1633
1633
1633
1633
1633
1633
1633
1633
1633
1633
1633
1633
1633
1633
1633
1633
1633
1633
1633
1633
1633
1633
1633
1633
1633
1633
1633
1633
1633
1630
1630
1630
1630
1630
1630
1630
1630
1630
1630
1630
1630
1630
1630
1630
1630
1630
1630
1630
1630
1630
1630
1630
1630
1630
1630
1630
1630
1630
1630
1630
1630
1630
1630
1630
1630
1630
1630
1630
1630
1630
1630
1630
1630
1630
1630
1630
1630
1630
1630
1630
1630
1630
1630
1630
1630
1630
1630
1630
1630
1630
1630
1630
1630
1630
1630
1630
1630
1630
1630
1630
1632
1632
1632
1632
1629
1629
1629
1629
1629
1629
1629
1629
1629
1629
1629
1629
1629
1629
1629
1629
1629
1629
1629
1629
1629
1629
1629
1629
1629
1629
1629
1629
1629
1629
1629
1629
1629
1629
1629
1629
1629
1629
1629
1629
1629
1629
1629
1629
1629
1629
1629
1629
1629
1629
1629
1629
1629
1629
1629
1629
1629
1629
1629
1629
1629
1629
1629
1629
1629
1629
1629
1629
1629
1629
1629
1629
1629
1629
1629
1629
1629
1629
1629
1629
1629
1629
1629
1629
1629
1629
1629
1629
1629
1629
1629
1629
1629
1629
1629
1629
1629
1629
1629
1629
1629
1629
1629
1629
1629
1629
1629
1629
1629
1629
1629
1629
1629
1629
1629
1629
1629
1629
1629
1629
1629
1629
1629
1629
1629
1622
1622
1622
1622
1622
1620
1620
1620
1620
1620
1620
1620
1620
1620
1620
1620
1620
1620
1620
1620
1620
1620
1620
1620
1620
1620
1620
1620
1620
1620
1620
1620
1620
1620
1620
1620
1620
1620
1620
1620
1620
1620
1620
1620
1620
1620
1620
1620
1620
1620
1620
1620
1620
1620
1620
1620
1620
1620
1620
1620
1620
1620
1620
1620
1620
1620
1620
1620
1620
1620
1620
1620
1620
1620
1620
1620
1620
1620
1620
1620
1620
1620
1620
1620
1620
1620
1620
1620
1620
1620
1620
1620
1620
1620
1620
1620
1620
1620
1620
1620
1620
1620
1620
1620
1620
1620
1620
1620
1620
1620
1620
1620
1620
1620
1620
1620
1620
1620
1620
1620
1620
1620
1620
1620
1620
1620
1620
1620
1620
1620
1620
1620
1620
1620
1620
1620
1620
1620
1620
1620
1620
1620
1620
1620
1620
1620
1620
1620
1620
1620
1620
1620
1620
1620
1620
1620
1620
1620
1621
1621
1621
1621
1622
1622
1622
1622
1622
1622
1622
1622
1622
1622
1622
1622
1622
1622
1622
1622
1622
1622
1622
1622
1622
1622
1622
1622
1622
1622
1622
1622
1622
1622
1622
1622
1622
1622
1622
1622
1622
1622
1622
1622
1631
1631
1631
1631
1631
1631
1631
1631
1631
1631
1631
1631
1631
1631
1631
1631
1631
1631
1631
1631
1631
1631
1631
1631
1631
1631
1631
1631
1631
1631
1631
1631
1631
1631
1631
1631
1631
1631
1631
1631
1631
1631
1620
1620
1620
1620
1620
1620
1620
1620
1620
1620
1620
1620
1620
1620
1620
1620
1620
1620
1620
1620
1620
1620
1620
1620
1620
1620
1620
1620
1620
1620
1620
1620
1620
1620
1620
1620
1620
1620
1620
1620
1620
1620
1620
1620
1620
1620
1620
1620
1620
1620
1620
1620
1620
1620
1620
1620
1620
1620
1620
1620
1620
1620
1620
1620
1620
1620
1620
1620
1620
1620
1620
1620
1620
1620
1620
1620
1620
1620
1631
1631
1631
1631
1631
1631
1631
1631
1631
1631
1631
1631
1631
1631
1631
1631
1631
1631
1631
1631
1631
1631
1631
1631
1631
1631
1631
1631
1631
1631
1631
1631
1631
1631
1631
1631
1631
1631
1631
1631
1631
1631
1631
1631
1631
1631
1631
1631
1631
1631
1631
1631
1631
1631
1631
1631
1631
1631
1631
1631
1631
1631
1631
1631
1631
1631
1631
1620
1620
1620
1620
1620
1620
1620
1620
1620
1620
1620
1620
1620
