1914
1910
1904
1897
1874
1874
1874
1881
1960
1959
2049
2068
2024
2028
1993
1973
1999
1991
1966
1957
1977
1928
2000
2018
1954
1983
2009
2077
2069
1986
2005
2017
2005
2048
2078
2115
1989
1990
1990
1949
1952
1941
2015
1900
1905
1896
1896
1902
2004
2056
2056
2050
2050
2023
2023
2025
1949
1984
1984
1984
2000
2007
2119
2023
2008
2008
2033
2063
2063
2069
2080
2041
2053
2060
2083
2085
2102
2018
1943
1968
1935
1972
2011
1984
2044
2008
2013
2014
2010
1929
1920
1990
1939
1918
1918
1893
1930
1964
1964
2000
1994
1958
2012
1972
1942
1959
1944
2012
1972
2092
2103
2008
1994
1981
1956
1973
2088
2031
2001
1950
2031
2099
2032
2120
2091
2051
2040
2102
2139
2103
2113
2166
2147
2069
2045
2045
2079
2095
2073
2071
2112
2126
2080
2060
2035
2073
2002
2012
2083
2088
2097
2097
2052
2052
2033
2099
2160
2091
2100
2029
2029
2072
2072
2021
2036
1978
2005
2005
2041
1991
2014
2014
2013
1986
1941
1933
1983
1993
1994
2003
2013
1990
2008
2092
2078
2014
2036
2030
2001
2000
1988
1962
1913
1913
1885
1885
1939
2017
1996
2001
2004
2004
2004
1926
2004
1979
2004
1889
1972
1974
1904
1904
1896
1962
1967
1967
2004
1950
1950
1950
1950
1950
1950
1950
1910
2027
2080
2112
2177
2131
2092
2103
2010
1875
1893
1891
1816
1876
1852
1794
1786
1813
1900
1995
1974
1927
1860
1896
2065
2056
2056
2034
2032
2032
2032
2071
2089
1977
1992
2007
2012
2079
2093
2151
2172
2106
2163
2157
2147
2147
2135
2215
2215
2130
2045
2045
2059
2035
2035
2044
2015
2037
2010
1958
1936
1936
1959
1881
1835
1935
1946
1942
1961
2071
2010
2000
2000
2040
2110
2117
2128
2155
2137
2158
2155
2114
2083
2061
2011
1994
2024
2052
2118
2082
2054
2054
2073
2073
2138
2141
2085
2121
2026
1959
1986
1963
1969
2010
1963
2022
2034
2034
2023
2092
2079
2065
2064
2044
2044
2038
2047
2067
2039
2025
2077
2026
1968
1984
1934
1988
1941
1957
2028
1946
2049
1972
1972
2026
2026
2092
2092
2151
2129
2125
2108
2082
2082
2142
2142
2161
2147
1994
1980
1980
2108
2104
2115
2115
2117
2133
2154
2144
2146
2160
2186
2108
2108
2151
2138
2113
2141
2145
2203
2203
2181
2212
2280
2244
2129
2075
2002
1988
2020
2136
2081
2064
2061
2028
2077
2075
2083
2073
2071
2009
1999
2024
2024
2104
2070
2045
2106
2154
2182
2135
2064
2073
2046
1931
2001
2001
1963
1984
1984
2047
2050
1994
2042
2072
1938
1871
1955
2000
1860
1904
1904
1900
1900
1900
1879
1994
1879
1828
1854
2000
2053
2098
2098
2091
2091
2105
2105
2105
2071
2071
2130
2034
2053
2075
1957
1972
1972
1950
1950
1950
1981
1982
1982
1907
1985
1987
1964
1926
1913
1979
1979
2051
1986
1986
2029
2035
2069
2067
2124
2155
2094
2118
2118
2118
2118
2094
2025
2088
2047
2042
2009
2085
2050
2104
2128
2081
2028
2034
1996
1986
1936
1951
1951
1921
1921
1942
1942
1942
1965
1937
1937
2031
2007
2090
2094
2034
2034
2039
2039
2039
2038
1955
1990
1989
1983
1980
2014
2092
2092
2052
2027
2086
2086
1988
2025
1977
2061
2061
2018
2001
2074
2063
2089
2082
2126
2126
2100
2114
2188
2138
2140
2139
2104
2044
2044
2037
1983
2145
2084
2104
1993
2011
2078
2044
1941
2015
2007
2007
2061
2131
1990
2104
2080
2130
2130
2139
2140
2116
2067
2079
2079
2072
2035
2035
2054
2035
2035
2035
2007
2066
2043
2025
1987
1983
1983
1947
1952
1947
1921
1951
1910
1934
1951
2016
2028
2069
2013
1982
2026
2114
2119
2187
2094
2096
2096
2144
2234
2231
2185
2089
2118
2118
2127
2117
2128
2104
2043
1946
1944
1897
1959
1952
1927
1880
1888
1888
1922
1864
1892
1906
1930
1866
1837
1912
1912
1912
1927
1956
1956
1956
1941
1887
1902
1942
1986
1990
1995
2002
2009
1979
1980
1987
2001
1935
1890
1890
1959
1959
2034
2043
2070
2057
2061
2037
2025
2053
2011
1953
1926
1989
1939
1989
1975
2006
1961
1974
1974
2023
1971
1954
1925
1936
2013
2023
2000
2064
1991
2106
1991
1991
2009
2009
1928
1928
1930
1930
1876
1945
1945
1969
1940
1938
1935
1935
1892
1892
1941
1908
1904
1893
1917
1883
1904
1868
1936
1914
1927
1939
1925
1925
2021
1973
2040
2052
2010
2029
2016
1965
1914
1956
1956
1956
1890
1891
1891
1935
1942
1964
1904
1882
1889
1937
1918
2041
2060
2105
2170
2131
2017
1990
2020
2020
2020
1981
2001
1989
2122
2122
2010
2043
2044
2001
2019
2019
1993
2047
2047
2092
2147
2147
2163
2140
2142
2139
2102
2072
1999
2126
2123
2182
2150
2163
2171
2164
2148
2133
2062
2062
2062
2006
2006
1948
1936
1894
1946
1925
1872
1916
1845
1870
1862
1862
1888
1878
1854
1839
1898
1803
1803
1821
1799
1812
1814
1854
1890
1895
1889
1998
1954
1944
1982
1922
1922
1994
1994
1963
2017
2002
2016
2030
2029
2029
2060
2048
2104
2104
1980
2009
2052
2064
2008
2012
2037
2037
2061
2051
2177
2161
2124
2016
2004
2049
2032
2007
1965
1965
1965
2015
2015
2011
2060
2096
2043
2043
2043
2001
1990
1980
2014
2015
2027
1982
1998
1972
1972
2006
2069
2041
2041
2050
2086
2086
2086
2050
2050
2063
2057
2045
1991
1957
1999
2057
1989
1989
1983
1993
1978
1968
1960
1960
1976
1932
2058
2058
2071
2127
2071
2071
2024
2024
2024
1869
1946
1964
1965
2014
1884
1824
1840
1845
1901
1882
1845
1823
1811
1846
1846
1846
1932
1932
1969
1974
1999
1963
1988
1896
1900
1905
1934
1903
1948
1948
1935
1964
1909
1909
1934
1913
1945
1941
1964
2000
2010
2052
2038
1962
1870
1891
1918
1907
1960
1936
1900
1905
1922
1958
1992
1944
1887
1896
1916
1916
1919
1925
1925
1906
1966
1949
1936
2040
2101
2131
2158
2216
2207
2248
2141
2141
2102
2005
1968
1968
1969
1994
2020
2043
2108
2113
2062
2062
2055
2048
2048
2080
2081
2111
2087
2128
2091
2029
2003
1881
1893
1951
1985
2021
2113
2156
2073
2073
2073
2085
1953
1868
1900
1901
1954
2043
2020
2032
1966
2043
2157
2121
2163
2163
2076
1986
1936
1961
1935
1918
1922
1926
1926
1949
1946
1946
1936
1974
1974
1974
2021
2049
2017
2061
2061
2075
2085
2043
2052
1977
1944
1944
1935
1960
1980
1974
1981
1920
1897
1895
1912
1936
1936
1992
1931
1964
1950
2124
2081
2091
2048
2026
2005
2004
2053
1991
2006
2003
2016
2007
2007
2033
1948
1948
1961
1961
1994
1997
2007
1997
1997
1981
1944
1952
1926
1959
1966
2018
2034
2008
2025
2006
2019
1968
2061
2159
2176
2202
2160
2155
2135
2135
2166
2174
2155
2094
2071
2005
2068
2032
2061
2061
1983
1942
1966
2010
2092
2056
2073
1966
2050
1972
2033
1992
1978
1986
1932
1932
1931
1994
1994
1948
1930
1764
1788
1764
1764
1764
1803
1883
1861
1861
1861
1836
1876
1884
1947
1947
1953
2006
1967
1863
1858
1858
1887
1884
1850
1890
1897
1895
1903
1945
2024
1940
1990
1970
1974
1988
2047
2047
2109
2007
1973
1958
2029
1917
1897
1897
1897
1957
1907
1911
1934
1982
2057
1929
1929
1933
1960
1998
2027
1957
1981
2012
2016
2067
2067
2069
1967
1967
1904
1940
1950
1949
1949
1885
1910
1929
1989
1968
1936
1943
1943
1943
1943
2034
2027
2015
1978
1978
2012
1977
1955
2054
2018
2037
2037
2071
2071
2071
2095
2129
2061
2061
2027
2110
2141
2123
2123
2138
2098
2098
2098
2097
2072
2111
2083
2127
2173
2062
2049
2040
2018
2018
2018
1982
1880
1981
1880
1881
1856
1886
1908
1908
2021
2054
2080
2130
2164
2124
2131
2147
1949
1949
2085
2065
2034
1997
1933
1972
2043
1899
2009
1983
1985
2029
1989
2036
2108
2025
2025
2015
2015
2015
1987
1987
2008
1941
1925
1939
1932
1932
1923
1969
1865
1961
1968
2009
2009
1984
2003
1976
1960
2000
1943
1922
1922
1968
1968
1901
1955
1963
1939
1916
1917
1817
1817
1834
1923
2037
1956
1956
1917
1950
1920
1928
1954
2131
2181
2181
2085
2064
2070
2093
2116
2139
2080
1978
1978
1978
1978
1978
2011
1993
1959
1924
1943
1944
2049
2049
1963
1951
1951
2024
1922
1909
1926
1979
1996
2091
1974
1933
1901
1924
1880
1880
1955
1955
2033
2013
2013
2013
2036
1998
2055
2097
2038
2014
2006
2040
1952
1960
1970
1923
1925
1977
1961
1953
2006
1984
1986
1942
1942
1968
1968
1920
1889
1960
1966
1970
1970
1970
2033
2106
2070
2013
2037
2037
2037
2037
2071
2071
2035
2046
2045
1996
2027
1897
2002
1953
2001
1998
2051
1987
1970
1959
1960
1970
2008
2008
1953
1953
1922
1907
1914
1920
1962
1935
1935
1935
1875
1856
1830
1822
1832
1872
1872
1854
1854
1978
1978
2034
2046
2037
1959
1981
1981
2012
2012
2048
2089
2044
2031
2031
2054
2098
2100
2100
2073
2065
2048
2048
2027
2062
2062
2045
2033
2022
2000
1996
2000
1957
1967
1967
1992
1966
1999
2043
2050
2065
2058
2122
2029
1963
1963
1963
2033
2055
2014
2014
2006
1997
2031
2087
2115
2108
2072
2066
2101
2103
2061
2053
2005
1995
2002
2031
2031
2029
2037
2037
2037
2037
2007
2051
2082
2084
2084
2140
2090
1956
1956
1967
1943
1924
1857
1873
1878
1906
1905
1917
1895
1890
1943
1980
2029
2038
2062
2034
1944
1944
1915
1947
1947
1976
2007
1994
2040
2016
1995
1972
2064
2031
2025
2022
2053
2026
2026
1980
2002
2088
2113
2114
2111
2134
2081
2081
2081
2110
2142
2074
2090
2052
2038
2038
2038
2046
2046
2098
2014
2001
1878
1889
1889
1865
1920
1920
1933
1982
2013
1932
1921
1922
1922
1908
1900
1863
1863
1863
1871
1874
1932
1998
1985
1969
1971
1985
2064
2034
1969
1923
1887
1978
1984
1953
1999
1993
2120
2077
2044
2056
2056
1921
1942
2004
1956
1956
1928
1936
1919
1919
1928
1913
1807
1844
1863
1841
1849
1849
1869
1820
1754
1799
1839
1839
1997
1997
1997
2006
2023
2032
2129
2077
2061
2106
2078
2082
2138
2095
2086
2154
2098
2099
2080
2070
2070
2051
2051
2051
2051
2013
1991
1961
1981
1984
1924
1996
2011
2011
2122
2092
2104
2150
2063
2043
2044
2081
2081
2052
2066
1957
1936
1837
1837
1871
1836
1880
1903
1883
1842
1862
1927
1959
1930
1886
1893
1878
1878
1889
1904
1965
2020
2057
2039
1987
1983
1966
2058
1959
2018
1968
1983
1855
1828
1847
1821
1869
1877
1862
1862
1904
1904
1915
1962
1927
2006
2057
2027
2013
1990
1933
1938
1954
2025
1963
1891
1894
1959
1980
2086
2050
2081
1898
1828
1795
1855
2031
1995
2017
2005
1983
2008
2039
2044
2104
2052
2041
2043
2056
2047
2049
1981
2004
1961
1976
1968
1968
1937
2011
2048
2120
2059
2059
2029
2029
2029
2048
2086
2095
1999
2016
1979
2035
2053
1992
2064
1966
1985
1993
1928
1912
1907
1907
1894
1952
1897
1897
1897
1890
1929
2005
2005
2049
1950
1995
2027
2001
1968
1968
1961
2002
1989
1952
1883
1897
1845
1840
1713
1704
1728
1738
1744
1744
1744
1744
1781
1801
1807
1795
1773
1773
1773
2006
1998
2006
2017
1969
2032
1996
1996
1996
1968
1939
1942
1928
1929
1970
1970
1970
2025
2106
2150
2102
2151
2182
2213
2239
2137
2271
2226
2215
2259
2217
2085
2065
1982
1972
1977
2005
2033
2040
1959
1978
1978
2032
1965
2008
1946
1928
1994
1990
2006
1994
2027
2046
2035
2045
2049
2102
2122
2066
2059
1984
1963
2020
2075
2141
2141
2141
2141
2034
2020
2020
2034
2049
2030
2045
2040
2061
2058
1944
1974
1974
1974
2092
2007
2043
2057
1958
1958
1958
1893
1880
1948
1883
1904
1904
1904
1910
1910
1910
1919
1910
1910
1910
1904
1913
1913
2034
2034
2028
2077
1966
2008
2066
2008
1972
2057
2082
2066
2023
1974
2001
2069
2103
2035
2048
2010
2005
2008
2031
2031
2052
2052
2008
2024
1987
1989
1960
1983
2008
2059
2059
2020
1998
1937
1937
1922
2010
2010
1981
2000
2012
1998
2059
2050
1971
1971
1997
1994
1970
1920
1920
1969
1969
1919
1868
1867
1867
1833
1839
1934
1967
1951
1969
1952
1892
1889
1883
1888
1847
1873
1885
1848
1839
1838
1840
1863
1928
1921
1951
1903
1916
1917
1917
1915
1964
1922
1917
1992
1961
1971
1958
1932
2014
2006
1992
1988
2009
2051
2062
2062
2076
2054
2052
2124
2124
2093
2049
2072
2069
2061
2064
2050
2084
2049
2111
2036
2036
2073
2045
2058
2085
2129
2133
2128
2131
2109
2091
2013
2013
2030
2057
2057
2075
2025
1978
1992
2010
2014
2042
2015
2015
2085
2126
2139
2079
2026
2145
2114
2092
2024
2040
2040
2011
2001
1994
1955
2020
1964
1949
2053
2011
1985
1969
1870
1886
1866
1866
1866
1895
1861
1870
1891
1893
1870
1872
1899
1935
2051
1966
2005
1970
1889
1829
1829
1829
1839
1822
1858
1864
1886
1886
1886
1927
1927
2068
2091
1923
1930
1908
1895
1944
1974
2054
2054
2054
2016
1977
1961
1972
1997
1975
1992
1938
1988
2017
2017
2012
2000
1975
1917
1917
1917
1946
1946
1935
1965
1933
1933
1919
1901
1933
1916
1910
1929
1901
1903
1915
1948
1945
1956
1919
1864
1862
1862
1894
1842
1941
2001
1965
1967
1967
1995
2055
2080
2074
2136
2116
2153
2009
2011
2011
2040
2019
2018
2021
2018
2010
2017
1928
1925
1930
1930
1951
1957
1956
1892
1896
1882
1874
1960
1969
1966
2056
2058
2063
1988
1990
1990
2070
2086
2071
2068
2067
2098
2131
2118
2070
2020
2014
1959
2056
2003
1990
1986
2041
1944
1872
1865
1918
1920
1977
1902
1903
1953
1929
1989
2072
2072
2066
2156
1947
1974
2075
2073
2070
2060
2091
2084
2071
2075
1982
1950
2006
2006
1877
1971
1999
1999
1952
1915
1913
1937
2044
2057
2043
2043
2000
2058
2058
2125
2124
2124
2120
2044
2023
2107
2193
2173
2074
2074
1999
1999
1999
1999
1954
1971
2015
1925
1904
1952
1910
1872
1940
1984
1882
1874
1940
1920
1920
1920
2023
2044
2037
2049
2037
2038
2031
1990
1955
2046
2012
1943
1989
1989
1956
2000
1907
1936
1936
1986
1978
2021
2058
2143
2135
2099
1920
1920
1957
1975
1975
1928
1907
1907
1901
1911
1911
1911
1933
1928
1883
1956
1956
1999
1960
1967
1967
1907
1933
1940
1940
1995
1946
1984
1973
1973
1986
1937
2011
1928
1928
1877
1966
1939
1939
1939
1951
1971
1908
1913
1913
1872
1872
1881
1906
1893
1950
1957
1976
2034
2034
1974
2000
2005
2042
2044
2071
1970
1982
2037
1991
1978
2002
1962
1954
1932
1990
1963
1963
1914
1938
1919
1918
1918
1943
1978
2014
1990
1993
2059
1974
2021
2021
2019
2067
2015
2001
2018
1963
1961
1959
1959
1945
1940
1959
1921
1903
1932
1962
1915
1933
1932
1939
1954
1954
2096
2055
2055
2008
2037
2037
2135
2071
2071
2064
2023
2010
2025
1924
1993
1993
1994
2026
1988
1988
2006
2116
2169
2065
2072
2103
2128
2128
2160
2160
2080
2117
2134
2041
2042
1931
1952
1937
1993
2052
2053
2010
2010
2051
2111
2091
2057
2057
2057
2100
2102
2126
2126
2134
2042
2040
2082
2017
2010
1996
1977
1937
1937
1945
1990
1981
1968
1968
1991
1991
2040
2021
2021
2080
2029
2029
2047
2022
1993
1922
1979
1981
1981
1937
1941
1930
1846
1817
1912
1897
1876
1876
1876
1890
1903
1903
1870
1870
1861
2029
2033
2094
2050
2050
2043
2039
2039
1968
1953
1917
1936
1938
1906
1912
1906
1922
1922
2025
1998
2015
1971
2007
2029
2022
1963
2031
2039
2100
2013
2013
2013
2013
2110
2107
2126
2109
2082
2082
2123
2135
2092
2092
2029
2083
2125
2125
2180
2153
2082
2087
2121
2089
2099
2008
2007
2007
2078
2051
2051
2038
2019
2019
2022
2015
2015
1910
1897
2034
2095
2061
2051
2083
2083
2117
2106
2093
2054
2091
1997
2008
1978
2035
2033
2159
2111
2127
2150
2170
2170
2114
2166
2135
2088
2088
2050
1971
2014
1966
1981
1991
2032
2059
2063
2063
2064
2104
2096
2171
2073
2027
2027
2027
1957
2026
2053
2053
2053
2019
2026
2018
2012
2020
2027
2088
2088
2073
2118
2124
2124
2124
2124
2073
2073
2066
2147
2157
2164
2173
2177
2177
2190
2202
2251
2149
2211
2203
2140
2140
2125
2123
2136
2130
1944
1949
1891
1836
1836
1911
1873
1859
1893
1888
1960
1990
1986
1954
1936
1874
1882
1918
1913
1913
1895
1899
1889
1917
1898
1896
1896
1870
1978
1978
1963
1984
1987
1834
1845
1859
1853
1884
1873
1825
1895
2015
1962
1994
1925
1928
1908
1901
1901
1863
1963
1988
2024
2044
2019
1995
1990
1971
1971
2012
2023
2056
2010
1959
1837
1846
1823
1823
1914
1972
1987
1867
1867
1867
1872
1860
1878
1846
1813
1805
1842
1846
1846
1904
1941
1968
1941
1895
1892
1892
1892
1899
1900
1937
1943
1993
1991
1993
1968
1968
1934
1897
1927
1966
1994
1935
1935
1913
1913
1935
1997
1991
1985
1957
1946
1946
1959
2065
1994
1994
1988
1988
1988
2007
1948
1884
1980
2014
2010
2079
2086
2091
2099
2112
2112
2120
2104
2128
1995
2001
2086
2039
2041
2035
2024
2024
2024
1982
2030
2010
2027
2029
2083
2131
2131
2167
2191
2149
2107
2110
2170
2070
2087
2123
2037
2037
2105
2093
2072
2079
2091
2077
2027
1929
1936
1946
1946
1904
1875
1896
1956
1966
1969
1985
2029
2074
2074
2090
2054
2004
2004
1956
1959
2027
2009
1958
1975
2021
1990
1990
2015
1990
1980
2009
2009
1999
1993
1976
1976
1964
1961
1961
2011
1952
1950
1950
2010
1985
1995
1995
1949
1954
1954
1981
1981
1981
1883
1883
1883
1896
1861
1874
1874
1950
1950
2019
2075
2055
2055
2012
1981
2002
1987
1987
1987
1987
1982
2004
2057
2035
2078
1952
1895
1895
1898
1914
1924
1947
1978
1947
1907
1878
1865
1854
1856
1877
1898
1898
1893
1893
1893
1916
1918
1920
1882
1859
1892
1892
1830
1851
1860
1888
1888
1911
1924
1869
1869
1932
1932
1906
1899
1899
1899
1899
1859
1891
1955
2066
2135
2116
2107
2035
1999
1995
2074
2068
2135
1969
1969
1970
2048
2033
2039
2054
2003
2012
1962
2013
1981
1981
1959
1959
1959
1947
1976
1989
1998
2011
1996
2040
2005
2048
2003
2001
2001
2037
2037
2037
2053
2077
2116
2111
2115
2115
2043
2030
2018
2011
2011
2011
2052
2052
2131
2052
2034
2034
2034
2102
2047
2076
2092
2087
2047
2073
2142
2147
2147
2164
2164
2185
2185
2098
2006
2027
2027
1960
1960
1942
1942
1934
1934
1970
1858
1927
1952
1952
1961
1926
1926
1926
1853
1911
1911
1911
1904
1927
1960
1960
1960
1886
1886
1886
1923
1988
2028
2028
2054
2039
2047
2054
2052
2033
2110
2110
2089
2089
1936
1965
1904
1896
1896
1869
1888
1913
1868
1861
1851
1897
1940
1959
1829
1829
1843
1950
1900
1831
1924
1911
1911
1914
1889
1932
1904
1908
1969
1969
1947
1949
1858
1858
1834
1852
1852
1852
1866
1866
1852
1876
1876
1881
1848
1844
1844
1850
1856
1856
1877
1867
1831
1831
1831
1821
1840
1840
1840
1813
1832
1911
1984
1984
2035
2036
2070
2022
1995
2024
2026
1993
2004
1980
1999
2004
2068
2090
2086
2078
2086
2029
1976
1978
1978
1897
1925
1925
1889
1889
1894
1873
2005
2009
2071
2084
2001
2023
1962
2000
1940
1949
1949
1963
2040
2040
2040
1931
1913
1913
1913
1913
1911
1922
1922
1922
1929
1932
1886
1928
1917
1917
1917
1923
1931
1941
1941
1959
1951
1962
1917
1935
1954
1978
1967
1985
2002
1994
1968
1935
1877
1856
1848
1862
1869
1852
1852
1904
1912
1949
1918
1925
1997
1954
1939
1938
1938
1938
1938
1938
1970
2011
2019
2026
2036
1957
1957
1957
2009
2077
2060
2094
2106
2058
1948
1948
1923
1963
1920
1962
1962
1900
1900
1839
1839
1852
1852
1829
1953
1900
1878
1880
1880
1858
1858
1892
1863
1909
1881
1881
1881
1877
1916
1936
1941
1988
1973
1975
2059
2056
2074
2092
2092
2092
1968
1990
1997
2017
2029
2029
2005
1982
1985
2072
2105
2029
2035
2088
2070
2075
2051
2031
2031
2010
1992
2018
1998
1993
1967
1995
1922
1922
1976
1914
2068
2068
1952
1952
1936
1932
1963
1942
1905
1905
1905
1910
1932
1964
1916
2014
2006
2009
2032
2047
2047
2075
2075
2089
2079
2001
2001
2009
2000
2000
2022
2022
1976
1976
1976
1976
1970
2006
2039
2039
1964
1964
1955
1917
1934
1845
1869
1869
1891
1925
1926
1926
1954
1954
1957
1964
1948
1946
2030
1997
1961
1948
2003
1981
1972
1972
2002
1996
2002
2016
2022
2001
2006
2006
1925
1889
1889
1922
1889
1858
1904
1873
1823
1823
1881
1861
1860
1941
1941
1867
1864
1848
1857
1832
1915
1979
2010
1980
1942
1967
1956
1971
1971
1950
1950
1950
1949
1958
1960
1970
2002
2002
2155
2138
2138
2119
2095
2062
2058
2056
2006
1992
1992
2027
2027
2052
2028
1989
1986
1986
1956
1956
1952
1869
1843
1846
1878
1878
1878
1844
1838
1852
1865
1858
1911
1925
1871
1883
1908
1908
1956
1958
1939
1939
1925
1914
1966
2006
1972
1988
2054
2068
2025
2002
1987
1987
2016
1971
1971
2062
2014
1986
1986
1986
1994
1994
1994
1890
1870
1883
1907
1927
1977
2006
2027
1974
1974
2053
2041
2041
2041
1988
1980
1952
1932
1930
1923
1863
1863
1868
1868
1910
1916
1949
1895
1902
1900
1804
1795
1780
1805
1905
1909
1869
1882
1882
1882
1887
1885
1937
1962
1962
2019
2029
2048
2045
2045
2045
2054
2068
2143
2115
2077
2077
2118
2118
2123
2123
2053
2044
2021
2013
2009
2037
2037
2037
2009
1926
1926
1951
1996
1972
1957
1957
1979
1979
2017
2017
1980
1956
1956
1956
1980
1980
1962
1925
1968
1968
2012
1983
1969
1954
1954
1950
1963
1963
2043
2042
2035
2034
2064
2084
2083
1996
1964
1964
2023
1916
1877
1876
1890
1890
1890
1897
1899
1911
1959
1986
1986
1927
1912
1883
1923
1896
1882
1932
1940
1940
1940
2006
2005
2005
2010
1965
1995
2027
2017
1972
1972
1995
2040
2035
2010
2049
2071
1993
1993
1993
1993
1977
1977
1974
2031
2031
1941
1979
1910
1906
1929
1928
1928
1945
1986
1980
1970
1968
1955
1986
1994
1989
1994
1984
1984
1980
1955
2014
1959
1952
1952
2017
2017
2007
2015
2025
1985
2062
1923
1923
1933
1906
1906
1913
1913
1927
1885
1885
1885
1885
1939
1958
1926
1888
1928
1940
1966
1966
1968
2040
2051
1994
1994
1994
1994
1973
1982
1928
1837
1837
1859
1846
1943
1944
2012
1995
1995
1995
1995
1966
1987
1987
1983
1983
1950
1950
1947
1951
1957
1961
1998
1999
1999
1950
1997
1958
2028
2028
1923
1923
1923
1904
1904
1893
1879
1853
1932
1895
1895
1895
1888
1888
1836
1847
1866
1888
1888
2020
2000
1986
1979
1987
1995
1970
1944
1944
1915
1915
1949
1949
1915
1907
1907
1902
1902
1902
1882
1882
1933
1867
1849
1857
1830
1842
1931
1931
1877
1877
1877
1877
1833
1842
1858
1858
1927
1927
1927
1927
1961
1951
2011
2011
1953
1953
1968
2038
2038
2038
2017
2049
2049
2087
2172
2194
2197
2138
2113
2107
2107
2069
2042
2042
1964
1976
1976
1976
1976
1906
1894
1981
2001
1987
1987
1903
1935
1934
1855
1920
1890
1814
1826
1833
1833
1876
1876
1876
1799
1772
1772
1760
1734
1734
1734
1784
1784
1784
1796
1796
1812
1833
1834
1834
1834
1874
1874
1874
1834
1831
1831
1831
1831
1831
1913
1927
1938
1950
1961
1968
2021
1932
1901
1916
1957
1939
1922
1922
1922
2024
1931
1933
1977
1971
2016
1953
1953
2052
2022
2021
2021
2021
2019
2018
2018
2018
2026
1988
1930
1930
1925
1890
1906
1912
1954
1900
1900
1849
1926
1949
1975
1975
1975
1992
2011
1992
2005
2061
1991
2054
2053
2046
2103
1995
1995
1998
2043
1972
1960
1906
1833
1835
1867
1861
1861
1861
1861
1861
1897
1928
1985
1962
1922
1922
1987
1952
1872
1872
1873
1873
1883
1859
1884
1864
1864
1863
1864
1864
1864
1864
1864
1881
1930
1930
1919
1872
1872
1908
1906
1872
1872
1872
1873
1820
1788
1788
1814
1814
1814
1798
1838
1864
1821
1821
1849
1924
1924
1944
1969
2001
1931
1925
1925
1851
1851
1865
1865
1849
1849
1884
1892
1892
1885
1923
1923
1900
1907
1907
1907
1906
1973
1973
1970
2023
1970
1970
1902
1953
1905
1958
1958
1958
1958
1986
2014
1969
2016
2037
2037
1948
1920
2003
2003
1984
1871
1881
1859
1872
1833
1833
1806
1808
1891
1891
1996
1947
1958
1940
1940
1942
1932
2000
2000
1964
1948
1957
1957
1957
1925
1928
1928
1991
1995
1988
1917
1917
1917
1936
1936
1977
1977
1981
1981
2067
2067
2130
2129
2033
2063
2063
1989
2007
2020
2040
1954
1957
1918
1860
1903
1889
1899
1861
1868
1888
1843
1843
1843
1871
1921
1921
1921
1926
1886
1886
1886
1886
1954
1954
1935
1937
1936
1920
1920
1920
1981
2060
1954
1954
1921
1951
1932
1919
1919
1919
1908
1905
1940
1940
1915
1915
1915
1915
1915
1915
1915
1914
1945
1939
1919
1966
1966
1953
2000
1948
1943
1831
1831
1831
1831
1888
1952
1973
1973
2041
2050
2050
2021
1991
1977
1928
1919
1932
1928
1861
1909
1927
1918
1884
1811
1836
1836
1836
1836
1836
1856
1856
1800
1806
1793
1793
1793
1816
1809
1809
1862
1862
1990
1990
1990
1990
1921
1921
1921
1906
1906
1906
1906
1918
1927
1925
1925
1925
1997
1997
1997
1859
1859
1859
1859
1859
1859
1859
1927
1927
1929
1919
1919
1849
1843
1866
1866
1869
1869
1869
1895
1895
1884
1890
1866
1862
1838
1838
1838
1838
1838
1838
1808
1795
1885
1885
1864
1864
1864
1862
1890
1890
1835
1835
1835
1834
1847
1852
1828
1866
1868
1865
1865
1859
1859
1900
1983
1967
1967
1967
1967
1951
1969
1969
1989
1989
1989
1962
1984
1972
1972
1972
1972
2044
2056
2061
2066
2084
2157
2009
1965
1935
1977
2003
2003
1969
1933
1972
1926
1906
1906
1912
1937
1937
1937
1937
2012
2012
2012
1985
2003
2052
2018
1971
1971
1971
1951
1937
1937
1937
1905
1963
1935
1982
2027
2055
2057
2074
2074
2090
2205
2208
2174
2096
2066
2028
1964
1949
1934
1951
1936
1917
1917
1917
1897
1897
1897
1897
1934
1934
1965
1965
1965
1976
1897
1897
1897
1847
1838
1851
1851
1934
1941
1981
1981
1975
1976
1976
1970
1970
1952
1952
1947
1931
1928
1928
1916
1916
1906
1906
1890
1890
1852
1851
1844
1844
1844
1844
1875
1885
1885
1880
1880
1880
1900
1908
1908
1908
1877
1897
1883
1883
1883
1930
1893
1982
1964
1943
2057
2003
1953
1952
1923
1917
1943
1964
1964
1970
1970
1914
1989
1912
1944
1938
2009
2009
2000
1956
1956
1975
1904
1918
1918
1919
1926
1974
1972
1958
1966
1966
1985
1933
1933
1933
1931
1931
1931
1951
1951
1954
1982
1985
1985
1985
1985
1961
1952
1921
1921
1922
1984
2084
2032
2013
2032
2015
2015
2050
2070
2002
2048
1963
1963
1921
1921
1855
1855
1864
1864
1864
1864
1911
1911
1911
1926
1926
1971
1971
1971
1931
1919
1908
1960
1988
1988
1935
1924
1924
1857
1857
1936
1936
1936
1936
1936
1936
1936
1850
1850
1834
1834
1921
1877
1848
1860
1860
1876
1876
1887
1887
1906
1906
1901
1901
1901
1901
1901
1892
1963
1953
1907
1909
1927
1865
1865
1865
1830
1849
1848
1848
1848
1848
1848
1911
1911
1930
1921
1876
1864
1864
1864
1864
1874
1864
1888
1888
1888
1888
1886
1918
1918
2052
2020
2012
2012
1993
1988
1988
2017
2022
1899
1899
1931
1945
1945
1958
1958
1942
1942
1885
1866
1866
1869
1892
1892
1885
1889
1892
1890
1890
1911
1911
1911
1911
1911
1915
1915
1915
1915
1930
1973
1998
2014
2034
2006
1988
2041
2014
2014
2008
2016
2016
1952
1980
2040
2049
2040
2040
2042
2042
1984
1995
1957
1979
1907
2026
1884
1906
1873
1905
1873
1916
1916
1916
1916
1916
1916
1874
1846
1855
1834
1834
1859
1835
1859
1859
1859
1812
1799
1799
1799
1799
1799
1799
1848
1848
1848
1848
1848
1873
1898
1908
1908
1908
1896
1875
1906
1913
1913
1913
1913
1899
1905
1886
1886
1978
1913
1913
1913
1910
1910
1885
1870
1870
1876
1876
1876
1887
1887
1887
1887
1870
1888
1888
1888
1891
1833
1836
1836
1846
1807
1851
1851
1851
1851
1844
1868
1868
1843
1843
1843
1843
1843
1843
1843
1863
1843
1899
1899
1935
1935
1941
1880
1861
1862
1862
1877
1875
1859
1859
1859
1888
1856
1883
1872
1872
1872
1872
1951
1932
1896
1896
1896
1871
1816
1816
1844
1872
1872
1872
1881
1973
1976
1927
1846
1846
1846
1855
1847
1828
1834
1834
1834
1840
1840
1840
1878
1871
1883
1889
1881
1845
1845
1858
1858
1858
1858
1860
1860
1876
1876
1876
1919
1919
1919
1887
1887
1862
1858
1858
1851
1894
1894
1894
1894
1892
1892
1892
1892
1892
1892
1890
1921
1921
1899
1917
1895
1895
1894
1894
1894
1894
1943
1954
1954
1935
1884
1848
1885
1898
1898
1898
1858
1858
1858
1840
1840
1840
1859
1859
1860
1860
1860
1860
1862
1862
1862
1862
1879
1879
1893
1893
1893
1890
1926
1890
1890
1953
1975
1982
1954
1942
1942
1906
1910
1857
1894
1894
1894
1949
1988
2004
1972
1938
1938
1938
1938
1938
1938
1949
1921
1901
1901
1901
1901
1901
1891
1903
1903
1942
1937
1937
1865
1867
1857
1879
1879
1879
1879
1910
1901
1901
1901
1896
1879
1868
1868
1868
1788
1788
1788
1788
1788
1788
1788
1788
1788
1788
1788
1819
1820
1823
1808
1821
1801
1801
1801
1808
1845
1844
1844
1820
1820
1820
1820
1820
1820
1820
1843
1853
1853
1853
1853
1853
1853
1843
1843
1843
1833
1833
1804
1804
1807
1816
1816
1803
1773
1751
1751
1751
1772
1775
1775
1775
1775
1812
1845
1845
1845
1847
1847
1847
1847
1917
1917
1957
1957
1900
1900
1900
1821
1821
1821
1821
1821
1809
1809
1809
1795
1795
1795
1795
1795
1806
1806
1806
1806
1806
1829
1813
1816
1847
1843
1868
1868
1899
1899
1873
1873
1873
1840
1875
1892
1839
1839
1865
1883
1883
1883
1883
1883
1880
1880
1880
1880
1839
1839
1862
1862
1862
1858
1816
1816
1816
1816
1816
1816
1821
1821
1821
1821
1816
1816
1816
1822
1822
1822
1822
1816
1821
1821
1807
1807
1807
1836
1823
1823
1823
1842
1867
1867
1867
1867
1878
1878
1888
1875
1875
1905
1895
1895
1895
1893
1892
1892
1892
1898
1895
1895
1929
1961
1864
1864
1864
1864
1863
1844
1851
1814
1814
1800
1800
1800
1820
1820
1820
1820
1820
1820
1820
1820
1820
1820
1791
1755
1755
1755
1746
1746
1746
1746
1746
1738
1738
1738
1789
1789
1789
1789
1789
1789
1789
1807
1807
1807
1807
1878
1873
1923
1923
1923
1923
1983
1983
1993
1930
1930
1938
1938
1930
1934
1904
1863
1863
1853
1853
1853
1866
1863
1878
1878
1878
1878
1878
1878
1881
1881
1925
1913
1913
1910
1873
1873
1865
1865
1865
1860
1860
1860
1828
1828
1828
1866
1859
1859
1859
1854
1854
1854
1832
1821
1821
1820
1820
1806
1820
1820
1820
1820
1820
1824
1851
1874
1819
1819
1819
1819
1819
1819
1819
1819
1816
1788
1788
1788
1788
1788
1788
1807
1807
1807
1807
1807
1812
1812
1823
1823
1823
1823
1836
1836
1785
1773
1773
1773
1751
1751
1751
1751
1751
1751
1770
1770
1770
1770
1770
1770
1800
1800
1770
1815
1815
1815
1832
1832
1804
1804
1804
1781
1762
1762
1739
1739
1739
1801
1830
1830
1823
1812
1812
1801
1801
1859
1862
1862
1862
1836
1836
1835
1835
1856
1856
1856
1856
1882
1899
1899
1899
1899
1899
1899
1909
1899
1898
1898
1898
1908
1886
1886
1886
1886
1886
1886
1886
1886
1886
1991
1991
1991
1981
1981
1981
1968
1956
1956
1956
1956
1956
1956
1972
1974
1974
2007
2006
2006
2006
1943
1943
1909
1909
1867
1872
1872
1871
1871
1871
1871
1871
1871
1871
1871
1929
1937
1937
1937
1901
1901
1890
1842
1842
1842
1826
1826
1826
1825
1825
1793
1793
1851
1851
1845
1839
1792
1777
1777
1777
1777
1786
1796
1796
1794
1794
1794
1794
1813
1813
1813
1813
1813
1790
1844
1844
1837
1815
1815
1844
1853
1849
1849
1849
1849
1849
1849
1849
1797
1797
1793
1793
1793
1793
1793
1793
1793
1768
1768
1768
1768
1768
1768
1768
1768
1820
1820
1828
1778
1778
1801
1790
1790
1790
1790
1841
1841
1841
1817
1817
1815
1815
1815
1805
1823
1791
1794
1783
1791
1817
1837
1837
1837
1837
1837
1896
1889
1933
1933
1933
1933
1933
1920
1920
1920
1920
1905
1945
1930
1930
1966
1966
1965
1965
1899
1929
1932
1932
1932
1923
1923
1917
1917
1923
1921
1921
1921
1924
1924
1894
1855
1857
1857
1874
1884
1884
1884
1884
1884
1884
1884
1873
1901
1893
1893
1837
1834
1834
1834
1834
1829
1829
1811
1893
1893
1903
1903
1904
1904
1872
1872
1872
1893
1893
1877
1876
1828
1812
1812
1826
1826
1828
1828
1828
1828
1805
1833
1833
1828
1828
1828
1828
1823
1823
1823
1823
1823
1823
1823
1823
1821
1826
1826
1804
1789
1789
1789
1803
1803
1803
1803
1803
1845
1870
1870
1870
1808
1808
1802
1802
1802
1802
1877
1865
1865
1844
1844
1846
1846
1853
1853
1853
1853
1853
1850
1850
1850
1847
1847
1847
1847
1847
1854
1854
1859
1859
1855
1880
1902
1846
1846
1846
1846
1854
1854
1885
1885
1856
1856
1856
1865
1895
1895
1929
1929
1909
1909
1933
1926
1926
1926
1926
1926
1880
1879
1879
1892
1896
1896
1896
1940
1940
1940
1940
1877
1877
1800
1800
1785
1785
1785
1785
1785
1785
1785
1772
1772
1772
1772
1772
1772
1772
1777
1777
1798
1766
1766
1766
1766
1766
1765
1765
1765
1765
1795
1795
1795
1795
1795
1795
1795
1795
1795
1767
1769
1769
1769
1764
1764
1764
1764
1764
1764
1764
1764
1764
1761
1761
1778
1778
1778
1778
1778
1778
1778
1778
1778
1778
1778
1789
1780
1825
1825
1842
1842
1820
1858
1825
1821
1821
1821
1821
1821
1821
1821
1821
1821
1794
1794
1795
1799
1816
1816
1798
1798
1798
1821
1805
1805
1805
1818
1818
1818
1818
1818
1818
1818
1814
1814
1814
1814
1814
1821
1821
1821
1821
1814
1799
1799
1799
1799
1813
1813
1834
1834
1812
1782
1810
1760
1782
1782
1782
1782
1782
1782
1782
1782
1798
1798
1806
1861
1863
1863
1863
1863
1863
1863
1863
1863
1851
1851
1851
1851
1834
1834
1834
1810
1810
1810
1780
1780
1777
1777
1777
1777
1777
1777
1755
1749
1749
1749
1749
1748
1748
1748
1793
1793
1793
1820
1820
1820
1763
1760
1760
1760
1760
1760
1760
1760
1760
1760
1786
1804
1804
1804
1833
1836
1803
1751
1814
1782
1774
1774
1774
1774
1774
1774
1793
1793
1793
1793
1793
1793
1793
1793
1793
1793
1793
1802
1802
1802
1802
1802
1802
1802
1802
1788
1786
1786
1789
1789
1789
1789
1789
1789
1782
1782
1782
1782
1782
1760
1760
1760
1760
1756
1756
1756
1756
1756
1756
1756
1756
1777
1777
1777
1806
1806
1822
1822
1822
1822
1822
1830
1844
1861
1861
1789
1789
1773
1770
1770
1770
1770
1770
1770
1767
1750
1750
1750
1748
1714
1714
1714
1714
1714
1714
1714
1715
1715
1715
1715
1715
1715
1715
1715
1715
1715
1715
1715
1760
1760
1760
1806
1806
1806
1806
1806
1806
1806
1806
1801
1801
1806
1806
1741
1741
1741
1736
1709
1709
1709
1709
1709
1709
1711
1711
1728
1728
1731
1731
1740
1740
1740
1740
1740
1740
1740
1740
1740
1740
1740
1741
1741
1741
1737
1744
1744
1744
1733
1733
1733
1733
1733
1733
1733
1725
1725
1725
1725
1718
1718
1708
1708
1725
1725
1725
1725
1725
1727
1760
1760
1760
1760
1748
1748
1748
1748
1748
1748
1748
1748
1752
1752
1752
1752
1752
1752
1752
1752
1752
1752
1729
1729
1729
1729
1729
1729
1729
1729
1763
1763
1763
1779
1763
1771
1771
1771
1771
1771
1779
1779
1779
1766
1785
1785
1785
1785
1779
1779
1779
1779
1779
1779
1779
1779
1785
1785
1785
1785
1753
1753
1753
1753
1753
1753
1753
1753
1753
1753
1753
1753
1753
1753
1751
1751
1751
1751
1751
1751
1751
1751
1781
1781
1778
1778
1778
1778
1778
1778
1786
1786
1786
1786
1786
1786
1786
1786
1774
1774
1774
1774
1772
1772
1772
1815
1827
1827
1851
1841
1841
1841
1841
1828
1842
1831
1831
1831
1831
1831
1854
1824
1772
1772
1772
1772
1772
1772
1772
1776
1776
1776
1776
1776
1772
1774
1805
1805
1805
1795
1814
1814
1814
1814
1814
1814
1814
1814
1814
1814
1814
1814
1817
1817
1817
1817
1817
1817
1817
1819
1822
1822
1801
1801
1801
1801
1801
1801
1801
1801
1801
1801
1801
1801
1783
1783
1783
1814
1814
1812
1812
1812
1812
1812
1812
1812
1797
1782
1803
1803
1803
1803
1803
1803
1765
1765
1765
1765
1765
1765
1765
1765
1765
1765
1765
1793
1781
1774
1774
1774
1774
1774
1774
1774
1779
1779
1779
1779
1773
1773
1785
1785
1786
1786
1786
1780
1780
1779
1779
1782
1782
1782
1782
1782
1782
1782
1782
1782
1782
1782
1782
1763
1763
1763
1763
1763
1778
1778
1778
1778
1778
1778
1778
1778
1778
1778
1807
1816
1816
1816
1817
1817
1817
1817
1817
1817
1817
1817
1817
1817
1817
1817
1831
1831
1831
1811
1811
1811
1811
1811
1811
1811
1811
1811
1811
1811
1811
1811
1802
1802
1802
1802
1802
1802
1802
1802
1802
1802
1802
1802
1802
1802
1835
1835
1841
1841
1841
1841
1841
1841
1841
1841
1841
1841
1841
1841
1841
1841
1841
1849
1838
1838
1838
1838
1838
1838
1838
1838
1838
1840
1840
1840
1853
1853
1853
1853
1853
1853
1853
1853
1853
1841
1836
1832
1832
1832
1832
1832
1832
1832
1812
1812
1811
1811
1811
1811
1795
1793
1793
1793
1792
1792
1792
1792
1792
1792
1798
1798
1811
1811
1811
1811
1829
1811
1811
1809
1791
1791
1791
1791
1749
1749
1725
1725
1725
1725
1725
1725
1725
1725
1725
1725
1725
1725
1745
1745
1757
1757
1757
1757
1757
1757
1757
1757
1757
1757
1757
1757
1761
1761
1761
1761
1761
1761
1746
1746
1746
1746
1746
1746
1746
1746
1746
1740
1740
1740
1740
1740
1740
1740
1740
1740
1740
1740
1740
1740
1740
1740
1740
1740
1740
1740
1740
1748
1748
1748
1748
1748
1758
1770
1770
1770
1770
1770
1770
1770
1770
1770
1749
1749
1749
1746
1746
1714
1714
1714
1714
1714
1714
1714
1714
1714
1714
1714
1731
1715
1715
1715
1715
1738
1738
1738
1738
1738
1738
1738
1738
1738
1738
1738
1721
1721
1721
1721
1721
1721
1721
1721
1721
1727
1727
1727
1727
1727
1730
1730
1721
1721
1721
1721
1721
1721
1721
1721
1721
1721
1721
1721
1721
1721
1721
1721
1721
1727
1727
1729
1729
1729
1729
1729
1729
1734
1734
1734
1734
1734
1734
1734
1734
1734
1734
1734
1734
1734
1734
1715
1714
1714
1714
1714
1714
1714
1714
1714
1714
1714
1739
1739
1739
1739
1739
1739
1739
1739
1739
1739
1739
1739
1731
1731
1731
1731
1731
1731
1731
1731
1722
1722
1722
1722
1722
1722
1722
1722
1722
1722
1722
1722
1722
1722
1722
1722
1722
1722
1722
1722
1722
1722
1722
1722
1722
1722
1722
1722
1722
1722
1722
1722
1722
1718
1718
1718
1718
1718
1718
1718
1718
1718
1718
1718
1718
1718
1725
1725
1725
1725
1739
1739
1739
1739
1739
1739
1739
1739
1739
1739
1739
1739
1774
1774
1774
1774
1769
1769
1769
1763
1763
1763
1763
1763
1763
1763
1763
1763
1763
1763
1763
1763
1762
1762
1762
1762
1762
1755
1755
1755
1755
1755
1749
1749
1749
1749
1749
1749
1745
1745
1745
1745
1745
1745
1745
1745
1736
1747
1747
1747
1747
1747
1752
1752
1752
1739
1739
1739
1739
1739
1745
1745
1745
1745
1745
1745
1745
1745
1745
1745
1745
1750
1750
1750
1739
1739
1739
1739
1739
1739
1739
1739
1739
1760
1760
1760
1760
1760
1747
1747
1747
1747
1747
1750
1750
1750
1750
1750
1750
1749
1749
1749
1757
1757
1757
1757
1757
1757
1757
1757
1757
1757
1757
1757
1757
1757
1757
1757
1757
1773
1773
1773
1773
1773
1773
1773
1773
1773
1773
1773
1773
1773
1773
1773
1763
1763
1763
1763
1763
1763
1763
1763
1763
1763
1763
1770
1775
1775
1775
1775
1778
1778
1778
1778
1778
1779
1763
1763
1764
1764
1763
1763
1743
1743
1743
1743
1743
1743
1743
1743
1743
1743
1743
1743
1743
1743
1743
1743
1743
1743
1743
1743
1750
1750
1750
1750
1712
1712
1712
1712
1712
1712
1712
1712
1711
1711
1711
1711
1711
1702
1702
1702
1702
1702
1702
1713
1713
1713
1712
1712
1712
1712
1712
1712
1712
1712
1712
1712
1712
1712
1712
1712
1712
1712
1712
1687
1687
1687
1687
1687
1687
1687
1692
1692
1692
1692
1692
1692
1692
1687
1687
1687
1687
1687
1687
1687
1691
1691
1691
1691
1691
1691
1691
1691
1691
1691
1691
1691
1691
1691
1691
1691
1691
1691
1691
1691
1705
1705
1705
1705
1705
1705
1705
1705
1705
1705
1705
1705
1705
1705
1705
1705
1691
1691
1691
1698
1698
1698
1704
1704
1704
1704
1704
1704
1704
1704
1704
1698
1698
1698
1698
1698
1698
1698
1698
1698
1698
1698
1698
1698
1698
1704
1704
1695
1695
1695
1695
1695
1689
1689
1689
1689
1689
1689
1689
1689
1689
1689
1689
1689
1689
1689
1689
1689
1689
1689
1689
1689
1689
1689
1689
1689
1689
1689
1689
1689
1689
1689
1689
1689
1689
1689
1689
1689
1689
1689
1689
1689
1689
1689
1689
1689
1689
1689
1689
1689
1689
1689
1689
1689
1689
1689
1689
1689
1689
1689
1689
1689
1689
1689
1689
1689
1689
1689
1689
1689
1689
1689
1689
1689
1689
1689
1689
1689
1689
1689
1689
1689
1689
1689
1689
1689
1693
1693
1693
1693
1696
1696
1696
1696
1696
1696
1696
1690
1690
1690
1690
1690
1700
1700
1700
1700
1700
1700
1700
1700
1700
1700
1700
1700
1700
1700
1700
1700
1700
1700
1700
1700
1700
1700
1700
1700
1700
1700
1700
1700
1700
1696
1680
1680
1680
1680
1680
1680
1680
1680
1680
1680
1680
1680
1680
1680
1680
1680
1680
1680
1680
1680
1680
1680
1680
1680
1680
1680
1680
1680
1680
1680
1680
1680
1680
1680
1680
1680
1680
1680
1680
1680
1680
1680
1680
1680
1680
1680
1680
1680
1680
1680
1680
1680
1680
1680
1680
1680
1680
1680
1680
1680
1680
1680
1680
1680
1680
1680
1680
1680
1680
1680
1680
1680
1680
1680
1680
1680
1680
1680
1680
1680
1680
1680
1680
1680
1680
1680
1680
1680
1680
1680
1680
1678
1678
1678
1678
1678
1678
1678
1678
1678
1678
1678
1678
1678
1678
1678
1678
1678
1678
1678
1678
1678
1678
1678
1678
1678
1678
1678
1678
1678
1678
1678
1678
1678
1678
1678
1678
1678
1673
1673
1673
1673
1673
1673
1673
1673
1673
1673
1673
1673
1673
1673
1673
1673
1673
1673
1673
1673
1673
1673
1673
1673
1673
1673
1673
1673
1673
1673
1673
1673
1673
1673
1673
1673
1673
1673
1673
1673
1673
1673
1673
1673
1675
1675
1675
1675
1675
1675
1675
1675
1675
1675
1675
1675
1675
1675
1675
1675
1675
1675
1675
1681
1681
1681
1679
1679
1679
1679
1679
1679
1679
1679
1679
1679
1679
1679
1679
1679
1679
1679
1679
1679
1679
1679
1679
1679
1679
1679
1679
1679
1679
1679
1679
1679
1679
1679
1679
1679
1679
1679
1679
1679
1679
1679
1679
1679
1679
1682
1682
1682
1682
1682
1682
1682
1682
1682
1682
1682
1682
1682
1682
1682
1682
1682
1682
1682
1679
1679
1679
1679
1679
1679
1688
1688
1688
1688
1688
1688
1688
1688
1688
1688
1688
1693
1693
1693
1693
1693
1693
1693
1693
1691
1691
1691
1691
1691
1691
1691
1691
1691
1691
1691
1691
1691
1688
1688
1688
1688
1688
1688
1688
1688
1688
1688
1696
1696
1696
1696
1696
1696
1696
1696
1696
1696
1696
1696
1696
1696
1696
1696
1696
1696
1686
1686
1686
1686
1686
1686
1686
1686
1686
1686
1686
1686
1686
1683
1683
1683
1683
1683
1683
1683
1683
1683
1683
1683
1683
1683
1683
1683
1683
1683
1683
1683
1683
1683
1683
1683
1677
1677
1677
1677
1677
1677
1677
1677
1677
1677
1677
1677
1677
1677
1677
1677
1677
1677
1677
1677
1677
1677
1677
1677
1677
1677
1677
1677
1677
1678
1678
1678
1678
1678
1678
1678
1678
1678
1678
1678
1682
1682
1682
1682
1682
1682
1682
1682
1682
1682
1682
1682
1682
1682
1682
1682
1682
1682
1682
1677
1677
1677
1677
1677
1677
1677
1677
1677
1677
1677
1677
1677
1677
1677
1677
1677
1677
1677
1690
1690
1690
1690
1697
1697
1697
1697
1697
1697
1697
1697
1697
1697
1697
1697
1697
1697
1697
1697
1697
1697
1697
1697
1697
1697
1697
1697
1697
1697
1697
1697
1697
1697
1697
1697
1697
1697
1697
1697
1697
1697
1697
1697
1697
1697
1694
1694
1675
1676
1676
1676
1675
1675
1675
1675
1675
1675
1675
1675
1675
1675
1675
1675
1675
1675
1673
1673
1673
1673
1673
1673
1673
1673
1673
1673
1673
1673
1673
1673
1673
1673
1673
1673
1673
1673
1673
1673
1673
1673
1673
1673
1675
1675
1675
1675
1675
1675
1675
1675
1675
1675
1675
1675
1675
1675
1675
1675
1675
1675
1675
1675
1675
1675
1675
1675
1675
1675
1675
1675
1675
1675
1675
1675
1675
1675
1675
1675
1675
1675
1675
1675
1675
1675
1675
1675
1675
1675
1675
1675
1675
1675
1675
1675
1675
1675
1671
1671
1671
1671
1671
1671
1671
1671
1671
1671
1671
1671
1671
1671
1671
1671
1671
1650
1650
1650
1650
1650
1650
1650
1644
1644
1644
1644
1644
1644
1644
1644
1644
1644
1644
1644
1644
1644
1644
1644
1644
1644
1644
1644
1644
1644
1644
1644
1644
1644
1644
1644
1644
1644
1644
1644
1644
1644
1644
1644
1644
1644
1644
1644
1644
1644
1644
1644
1644
1644
1644
1644
1644
1644
1644
1644
1644
1644
1644
1644
1644
1644
1644
1644
1644
1644
1644
1644
1644
1644
1644
1644
1644
1644
1644
1644
1644
1644
1644
1644
1644
1644
1644
1644
1644
1644
1644
1644
1644
1644
1644
1644
1644
1644
1644
1644
1644
1644
1644
1644
1644
1644
1644
1644
1644
1644
1644
1644
1644
1644
1644
1644
1644
1644
1643
1643
1643
1643
1643
1643
1643
1643
1643
1643
1643
1643
1643
1643
1643
1643
1643
1643
1643
1643
1643
1643
1643
1643
1643
1643
1643
1643
1643
1643
1643
1643
1643
1643
1643
1643
1643
1643
1643
1643
1643
1643
1643
1643
1643
1643
1643
1643
1643
1643
1643
1643
1643
1643
1643
1643
1643
1643
1643
1643
1643
1643
1643
1643
1643
1643
1643
1643
1643
1643
1643
1643
1643
1643
1643
1643
1643
1643
1643
1643
1643
1643
1644
1644
1644
1644
1644
1644
1644
1644
1644
1644
1644
1644
1619
1619
1619
1619
1619
1619
1619
1619
1619
1619
1619
1619
1619
1619
1619
1619
1619
1619
1619
1619
1619
1619
1619
1619
1619
1619
1619
1619
1619
1619
1619
1619
1619
1619
1619
1619
1619
1619
1619
1619
1619
1619
1619
1619
1619
1619
1619
1619
1619
1619
1619
1619
1619
1619
1619
1619
1619
1619
1619
1619
1619
1619
1619
1619
1619
1619
1619
1619
1619
1619
1619
1619
1619
1619
1619
1619
1619
1619
1619
1619
1619
1619
1619
1619
1619
1619
1619
1619
1619
1619
1619
1619
1619
1619
1619
1619
1619
1619
1619
1619
1619
1619
1619
1619
1619
1619
1619
1619
1619
1619
1619
1619
1619
1619
1619
1619
1619
1619
1619
1619
1619
1619
1619
1619
1619
1619
1619
1619
1619
1619
1619
1619
1619
1619
1619
1619
1619
1619
1619
1619
1619
1619
1619
1619
1619
1619
1619
1619
1619
1619
1619
1619
1619
1619
1619
1619
1619
1619
1630
1630
1630
1630
1630
1630
1630
1630
1630
1630
1630
1630
1630
1630
1630
1633
1633
1633
1633
1633
1633
1633
1633
1633
1633
1633
1633
1633
1633
1633
1633
1633
1633
1633
1633
1633
1633
1633
1633
1630
1630
1630
1630
1630
1630
1630
1630
1630
1630
1630
1630
1630
1630
1630
1630
1630
1630
1630
1630
1630
1630
1630
1630
1630
1630
1630
1630
1630
1630
1630
1630
1630
1630
1630
1630
1630
1630
1630
1630
1630
1630
1630
1630
1630
1630
1630
1630
1630
1630
1630
1630
1630
1630
1630
1630
1630
1630
1630
1630
1630
1630
1630
1630
1630
1630
1630
1630
1630
1630
1630
1630
1630
1630
1630
1630
1630
1630
1630
1630
1630
1630
1630
1630
1630
1630
1630
1630
1630
1630
1630
1630
1630
1630
1630
1630
1630
1630
1630
1630
1630
1630
1630
1630
1630
1630
1630
1630
1630
1630
1630
1630
1630
1630
1630
1630
1630
1630
1630
1630
1630
1630
1630
1630
1630
1630
1630
1630
1630
1630
1630
1630
1630
1630
1630
1630
1630
1630
1630
1630
1630
1630
1630
1630
1630
1630
1630
1630
1630
1630
1630
1630
1630
1630
1630
1630
1630
1630
1630
1630
1630
1630
1630
1630
1630
1630
1630
1630
1630
1630
1630
1630
1630
1630
1635
1635
1635
1635
1635
1635
1635
1635
1635
1635
1635
1635
1635
1635
1624
1624
1624
1624
1624
1624
1624
1624
1624
1624
1624
1624
1624
1624
1624
1624
1624
1624
1624
1624
1624
1624
1624
1624
1624
1624
1624
1624
1624
1624
1624
1624
1624
1624
1624
1624
1624
1624
1624
1624
1624
1624
1622
1622
1622
1622
1622
1622
1622
1622
1622
1622
1622
1622
1622
1622
1622
1622
1622
1622
1622
1622
1622
1622
1622
1622
1622
1622
1622
1622
1622
1622
1622
1622
1622
1622
1622
1622
1622
1622
1622
1622
1622
1622
1622
1622
1622
1622
1622
1622
1622
1622
1622
1622
1622
1622
1622
1622
1622
1622
1622
1622
1622
1622
1622
1622
1622
1622
1622
1622
1622
1622
1622
1622
1622
1622
1622
1622
1622
1622
1622
1622
1622
1622
1622
1622
1622
1622
1622
1622
1622
1622
1622
1622
1622
1622
1622
1622
1622
1622
1622
1622
1622
1622
1622
1622
1622
1622
1622
1622
1622
1622
1622
1622
1622
1622
1622
1622
1622
1622
1622
1622
1622
1622
1622
1622
1622
1622
1622
1622
1622
1622
1622
1622
1622
1622
1622
1622
1622
1622
1622
1622
1622
1622
1622
1622
1622
1622
1622
1622
1622
1622
1622
1622
1622
1622
1622
1622
1622
1622
1622
1622
1622
1622
1622
1622
1622
1622
1622
1622
1622
1622
1622
1622
1622
1622
1622
1622
1622
1622
1622
1622
1622
1622
1622
1622
1622
1622
1622
1622
1622
1622
1622
1622
1622
1622
1622
1622
1622
1622
1623
1623
1623
1623
1623
1623
1623
1623
1623
1623
1623
1623
1623
1623
1623
1623
1623
1623
1623
1623
1623
1623
1623
1623
1623
1623
1623
1621
1621
1621
1621
1621
1621
1621
1621
1621
1621
1621
1621
1621
1621
1621
1621
1621
1621
1621
1621
1621
1621
1621
1621
1621
1621
1621
1621
1621
1625
1625
1625
1625
1625
1625
1623
1623
1623
1623
1623
1623
1623
1623
1623
1623
1623
1623
1623
1623
1623
1623
1623
1623
1623
1623
1623
1623
1623
1623
1623
1623
1623
1623
1623
1623
1623
1623
1623
1623
1623
1623
1623
1623
1623
1623
1623
1623
1623
1623
1623
1623
1623
1623
1623
1623
1623
1621
1621
1621
1621
1621
1621
1621
1621
1621
1621
1621
1621
1621
1621
1621
1621
1621
1621
1621
1621
1621
1621
1621
1621
1621
1621
1621
1621
1621
1621
1621
1621
1621
1621
1621
1621
1621
1621
1621
1621
1621
1621
1621
1621
1621
1621
1621
1621
1621
1621
1621
1621
1621
1621
1621
1621
1621
1621
1621
1621
1621
1621
1621
1621
1621
1621
1621
1621
1621
1621
1621
1621
1621
1621
1621
1621
1621
1621
1621
1621
1621
1621
1621
1621
1621
1621
1621
1621
1621
1621
1621
1621
1621
1621
1621
1621
1621
1621
1621
1621
1621
1621
1621
1621
1621
1621
1621
1621
1621
1621
1621
1621
1621
1621
1621
1621
1621
1621
1621
1621
1621
1621
1621
1621
1621
1621
1621
1621
1621
1621
1621
1621
1621
1621
1621
1621
1621
1621
1621
1621
1621
1621
1621
1621
1621
1621
1621
1621
1621
1621
1621
1621
1621
1621
1621
1621
1621
1621
1630
1630
1630
1630
1630
1630
1630
1630
1630
1630
1630
1630
1630
1630
1630
1630
1630
1630
1630
1630
1630
1630
1630
1630
1630
1630
1630
1630
1630
1630
1630
1630
1630
1630
1630
1630
1630
1630
1630
1630
1630
1630
1630
1630
1630
1630
1630
1630
1630
1630
1630
1630
1630
1630
1630
1630
1630
1630
1630
1630
1630
1630
1630
1630
1630
1630
1630
1630
1630
1630
1630
1630
1630
1630
1630
1630
1630
1630
1630
1630
1630
1630
1630
1630
1630
1630
1630
1630
1630
1630
1630
1630
1630
1630
1630
1630
1630
1630
1630
1630
1630
1630
1621
1621
1621
1621
1621
1621
1621
1621
1621
1621
1621
1621
1621
1621
1621
1621
1621
1621
1621
1621
1621
1621
1621
1621
1621
1621
1621
1621
1621
1621
1621
1621
1621
1621
1621
1621
1621
1621
1621
1621
1621
1623
1623
1623
1623
1623
1623
1623
1623
1623
1623
1623
1623
1623
1623
1623
1623
1623
1623
1623
1623
1623
1623
1623
1623
1623
1623
1623
1623
1623
1623
1623
1618
1618
1618
1618
1618
1618
1618
1618
1618
1618
1618
1618
1618
1618
1618
1618
1618
1618
1618
1618
1618
1618
1618
1618
1618
1618
1618
1618
1618
1618
1618
1618
1618
1618
1618
1618
1618
1618
1618
1618
1618
1618
1618
1618
1618
1618
1618
1618
1618
1618
1618
1618
1618
1618
1618
1618
1618
1618
1618
1618
1618
1618
1618
1618
1618
1618
1618
1618
1618
1618
1618
1618
1618
1618
1618
1618
1618
1618
1618
1618
1618
1618
1618
1618
1618
1618
1618
1618
1618
1618
1618
1618
1618
1618
1618
1618
1618
1618
1618
1618
1618
1618
1606
1606
1606
1606
1606
1606
1606
1606
1606
1606
1606
1606
1606
1606
1606
1606
1606
1606
1606
1606
1606
1606
1606
1606
1606
1606
1606
1606
1606
1606
1606
1606
1606
1606
1606
1606
1606
1606
1606
1606
1606
1606
1606
1606
1606
1606
1606
1606
1606
1606
1606
1606
1606
1606
1606
1606
1606
1606
1606
1606
1606
1606
1606
1606
1606
1606
1606
1606
1606
1606
1606
1606
1606
1606
1606
1606
1606
1606
1606
1606
1606
1606
1606
1606
1606
1606
1606
1606
1606
1606
1606
1606
1606
1606
1606
1606
1606
1606
1606
1606
1606
1606
1606
1606
1606
1606
1606
1606
1606
1606
1606
1606
1606
1606
1606
1606
1606
1606
1606
1606
1606
1606
1606
1606
1606
1606
1606
1606
1606
1606
1606
1606
1606
1606
1606
1606
1606
1606
1606
1606
1606
1606
1606
1606
1606
1606
1606
1606
1606
1606
1606
1606
1606
1606
1606
1606
1606
1606
1606
1606
1606
1606
1606
1606
1606
1606
1606
1606
1606
1606
1606
1606
1606
1606
1606
1606
1606
1606
1606
1606
1606
1606
1606
1606
1606
1606
1606
1606
1606
1606
1606
1606
1606
1606
1606
1606
1606
1606
1606
1606
1606
1606
1606
1606
1606
1606
1606
1606
1606
1606
1606
1606
1606
1606
1606
1606
1606
1606
1606
1606
1606
1606
1606
1606
1606
1606
1606
1606
1606
1606
1606
1606
1606
1606
1606
1606
1606
1606
1606
1606
1606
1606
1606
1606
1606
1606
1606
1606
1606
1606
1606
1606
1606
1606
1606
1606
1606
1606
1606
1606
1606
1606
1606
1606
1606
1606
1606
1606
1606
1606
1606
1606
1606
1606
1606
1606
1606
1606
1606
1606
1606
1606
1606
1606
1606
1606
1606
1606
1606
1606
1606
1606
1606
1606
1606
1606
1606
1606
1606
1606
1606
1606
1606
1606
1606
1606
1606
1606
1606
1606
1606
1606
1606
1606
1606
1606
1606
1606
1606
1606
1606
1606
1606
1606
1606
1606
1606
1606
1606
1606
1606
1606
1606
1606
1606
1606
1606
1606
1606
1606
1606
1606
1606
1606
1606
1606
1606
1606
1606
1606
1606
1606
1606
1606
1606
1606
1606
1606
1606
1606
1606
1606
1606
1606
1606
1606
1606
1606
1606
1606
1606
1606
1606
1606
1606
1606
1606
1606
1606
1606
1606
1606
1606
1606
1606
1606
1609
1609
1609
1609
1609
1609
1609
1609
1609
1609
1609
1609
1609
1609
1609
1609
1609
1609
1609
1609
1609
1609
1609
1609
1609
1609
1609
1609
1609
1609
1609
1609
1609
1609
1609
1609
1609
1609
1609
1609
1609
1609
1609
1609
1609
1609
1609
1609
1609
1609
1609
1609
1609
1609
1609
1609
1609
1609
1609
1609
1609
1609
1609
1609
1609
1609
1609
1609
1609
1609
1609
1609
1609
1609
1609
1609
1609
1609
1609
1609
1609
1609
1609
1609
1609
1609
1609
1609
1609
1609
1609
1609
1609
1609
1609
1609
1609
1609
1609
1609
1609
1609
1609
1609
1609
1609
1609
1609
1609
1609
1609
1609
1609
1609
1609
1609
1609
1609
1609
1609
1609
1609
1609
1609
1609
1609
1609
1609
1609
1609
1609
1609
1609
1609
1609
1609
1609
1609
1609
1609
1609
1609
1609
1609
1609
1609
1609
1609
1609
1609
1609
1609
1609
1609
1609
1609
1609
1609
1609
1609
1609
1609
1609
1609
1609
1609
1609
1609
1609
1609
1609
1609
1609
1609
1609
1609
1609
1609
1609
1609
1609
1609
1609
1609
1609
1609
1609
1609
1609
1609
1609
1609
1609
1609
1609
1609
1609
1609
1609
1609
1609
1609
1609
1609
1609
1609
1609
1609
1609
1609
1609
1609
1609
1609
1609
1609
1609
1609
1609
1609
1609
1609
1609
1609
1609
1609
1609
1609
1609
1609
1609
1609
1609
1609
1609
1609
1609
1609
1609
1609
1609
1609
1609
1609
1609
1609
1609
1609
1609
1609
1609
1609
1609
1609
1609
1609
1609
1609
1609
1609
1609
1609
1609
1609
1609
1609
1609
1609
1609
1609
1609
1609
1609
1609
1609
1609
1609
1609
1609
1609
1609
1609
1609
1609
1609
1609
1609
1609
1609
1609
1609
1609
1609
1609
1609
1609
1609
1609
1609
1609
1609
1609
1609
1609
1609
1609
1609
1609
1609
1606
1606
1606
1606
1606
1606
1606
1606
1606
1606
1606
1606
1606
1606
1606
1606
1606
1606
1606
1606
1606
1606
1606
1606
1606
1606
1606
1606
1606
1606
1606
1606
1606
1606
1606
1606
1606
1606
1606
1606
1606
1606
1606
1606
1606
1606
1606
1606
1606
1606
1606
1606
1606
1606
1606
1606
1606
1606
1606
1606
1606
1606
1606
1606
1606
1606
1606
1606
1606
1606
1606
1606
1606
1606
1606
1606
1606
1606
1606
1606
1606
1606
1606
1606
1606
1606
1606
1606
1606
1606
1606
1606
1606
1606
1606
1606
1606
1606
1606
1606
1606
1606
1606
1606
1606
1606
1606
1606
1606
1606
1606
1606
1606
1606
1606
1606
1606
1606
1606
1606
1606
1606
1606
1606
1606
1606
1606
1606
1606
1606
1606
1606
1606
1606
1606
1606
1606
1606
1606
1606
1606
