2171
2144
2084
2018
2006
2006
2078
2105
2081
2106
2064
2009
2050
2174
2108
2028
2098
2098
2065
2063
2063
1997
1988
1952
1984
1987
2008
1972
1972
1972
1972
2073
2021
1950
1973
1996
2021
1940
1947
1969
1963
1920
1925
1908
1918
1903
1901
1927
1888
1915
1915
1915
1961
1921
1921
1913
1828
1843
1893
2004
2098
2090
2048
2158
2064
1975
2016
2015
1964
1982
1958
2039
1992
1980
2001
2001
2032
2004
2014
1939
1949
1960
2033
1990
1954
1921
1966
1895
1868
1868
1927
1921
1938
2016
2004
2018
1984
1983
1986
1974
1991
2073
2021
2037
2037
2043
2041
2041
2056
2003
2113
2167
2141
2175
2200
2132
2055
2034
2030
2039
2003
1984
1948
2008
1919
2025
2039
1969
1954
1958
1950
1953
2032
2028
1937
1938
1963
1865
1899
1898
2032
2108
2159
2159
2159
2137
2024
2096
2090
2063
2063
2027
2011
2057
2048
1973
1934
2030
1996
1908
1926
1965
1950
2003
1997
2025
2060
2015
2045
2010
1951
1986
1983
1977
2045
2076
2069
2063
2100
2100
2106
2103
2103
2207
2076
2074
2070
2148
2157
2157
2165
2032
2062
2118
2097
2097
2067
2002
1988
1982
2028
2075
2109
1989
2076
2017
1957
1957
1960
1914
1936
1947
1947
1956
1955
1865
1953
1930
1976
1968
2009
1979
1938
1987
1941
1942
1915
1917
1961
2009
1980
1919
1969
1999
1943
2004
2014
2074
1950
2002
2002
2015
2002
2044
2040
2042
2105
2094
2126
2076
2076
2143
2100
2143
2143
2143
2200
2170
2119
2033
2039
2000
2019
2021
1982
1982
2007
2051
1988
1924
1882
1904
1902
1957
2086
2015
1979
1979
1989
1895
1913
1907
1960
1947
1969
1941
1958
1955
1947
1942
1979
2063
1980
1983
2061
1970
1970
2051
1970
1990
1990
2031
2029
2016
1953
2009
2021
2076
2084
2084
2064
2018
2045
2177
2177
2070
2017
2006
2003
1959
1911
2026
2067
2075
2107
2125
2099
2091
2064
2068
2037
2055
2043
2028
1983
2000
2077
2077
2077
2116
1983
1994
2034
1988
1972
2016
2016
1935
1973
1904
1828
1942
1971
2001
1972
1971
2046
2024
1982
1974
2034
1974
2016
2010
2075
2097
2109
2024
2023
2023
2057
2102
2109
2042
2069
2056
2111
2115
2087
2102
1994
1954
1929
1981
2000
2001
2001
1909
1996
2010
2047
2047
2021
1932
1927
1929
1924
1922
1894
1938
2032
2030
2139
2117
2161
2053
2027
2015
1982
1942
1900
1942
1942
2010
1972
2001
1996
1990
2115
2031
2004
1990
1996
1958
1956
1956
1961
1986
2028
1969
1943
1915
1980
1940
1879
1911
1934
2013
1984
2021
2000
2039
2016
2016
1958
1898
1895
1876
1913
1939
1909
1924
2004
2012
2052
2134
2153
2085
2012
2024
2015
1987
1935
1966
1958
1930
1883
1890
1908
1908
2023
2033
2033
2050
2063
2068
2099
2099
2035
2043
1938
1923
1923
1924
1924
1861
1861
1892
1902
1924
1924
1914
1879
1927
1836
1860
1868
1871
1828
1892
1894
1972
2029
2041
2102
2107
2031
2075
2078
2106
2080
2014
2016
2033
2029
2023
1959
1981
1983
1983
1978
2002
2028
2005
1948
1983
1990
1953
2004
2004
2004
2004
1988
2002
2056
2056
1983
1972
2001
1984
1976
2071
1951
1962
1962
1917
1934
1871
1940
1871
1889
1899
1906
1927
2001
1991
1991
2055
2063
2040
1986
2004
1925
1947
1947
1941
1965
2026
2090
2038
1991
1997
1920
1917
1867
1961
1946
1941
1988
1989
1922
1925
1909
1954
1902
1887
1969
1980
1925
1913
1933
1945
2024
1984
2031
2019
2030
2021
2002
1970
2017
1991
1991
1991
1978
1958
2004
2021
2021
1980
1952
2010
2033
1977
1982
1974
1890
1880
1926
1825
1879
1882
1918
2033
2036
1983
1993
2009
1989
1976
1922
1892
1859
1923
1963
1928
1928
1866
1876
1872
1847
1881
1883
1885
1902
1917
1968
1925
1995
1904
1918
2013
2006
2037
1965
1990
2002
1997
2082
2070
2070
2066
2137
2205
2179
2185
2210
2150
2147
2168
2047
2013
2076
2079
2065
2085
2085
2114
2222
2228
2188
2108
2108
2113
2109
2130
2077
2099
2152
2162
2112
2112
2145
2119
2191
2215
2141
2119
2150
2121
2091
2022
1991
2014
2035
2052
2070
2073
2067
2114
2146
2046
2017
1969
1969
1997
1997
1997
1945
1981
2066
2057
2015
2058
2039
2056
2076
2076
2085
2085
2085
2057
2066
2066
2119
2048
2086
2112
2147
2103
2161
2108
2108
2108
2086
2064
2054
2114
2101
2083
2083
2063
2063
2022
2009
1978
1986
1919
1919
1954
1935
1935
1868
1860
1880
1907
1987
2022
1970
2025
1976
1970
2002
1945
1945
1945
1920
1937
1937
1953
1963
1953
1953
1926
1931
1954
2028
2006
1899
1864
1961
1967
2022
2011
1956
2030
2069
2081
2018
1970
1945
1992
2042
1927
1941
1969
2015
2015
1905
1923
1914
1934
1934
1920
1931
1909
1930
1898
1937
1937
1933
1922
1989
1982
1948
1978
1959
1950
1950
1968
2007
2007
1959
1937
1907
1915
2073
2066
1997
2036
2107
2029
2029
2073
2089
2089
2139
2056
1945
2056
2009
1880
1863
1880
1903
2026
2060
2060
2035
1982
2019
2079
2085
2105
2122
2065
2058
1977
1961
1995
1999
1999
2105
2105
2118
2119
2107
2055
2049
2049
2107
2093
2116
2074
2061
2063
2090
2098
2084
2036
2044
2047
1964
1950
1967
1955
1946
1975
1958
1929
1908
1881
2011
2013
1936
1905
1867
1912
1897
1836
1817
1810
1818
1813
1882
1882
1913
1913
1879
1895
1864
1848
1848
1879
1864
1864
1939
1957
1948
1928
1963
2007
1974
1982
2031
2031
2031
1983
1939
2007
1990
2009
2009
2022
1969
1908
1957
1959
1959
1968
1891
1889
1870
1808
1834
1883
1910
1910
1938
1936
1850
1891
1887
1920
1845
1870
1952
1951
1997
2005
2074
2176
2157
2078
2078
2120
2100
2134
2161
2061
2091
2047
2021
1983
2011
2011
2034
1972
1944
2003
1997
1900
1878
1977
2064
2132
2014
1976
1981
2076
2040
2071
2067
2087
2068
2072
1936
1908
1920
1945
1945
1947
1992
2058
2058
2100
2109
2100
2100
2041
2076
2118
1982
1984
2053
2053
2042
2033
2082
2059
2046
2019
2060
2104
2027
2001
1933
1800
1800
1872
1857
1889
1889
1972
1929
1958
1910
1955
1896
1915
1903
1864
1854
1920
1861
1900
1873
1920
1939
1952
1937
1952
1920
1921
1868
1880
1883
1957
1948
2008
2027
2048
2061
2048
2018
2065
2065
2005
2005
2011
2085
2042
2001
2029
1921
1898
1966
1941
1956
1956
1960
1996
2026
1990
2059
2052
2036
2017
1983
1983
1983
1931
2025
2037
2076
2076
2099
2098
2128
2079
2068
2039
2028
2061
1996
2000
2046
2080
2094
2169
2094
2145
2175
2138
2127
2125
2047
2072
2054
2073
2087
2097
2044
2046
2018
1997
2027
2044
2174
2091
2014
2003
2011
1919
2063
2053
2046
2046
1983
1977
1994
2010
2081
1989
1947
2037
2060
2094
2060
2005
1973
1988
2013
2029
2033
2017
2053
2091
2059
1982
2056
2071
2003
1996
1961
2055
2014
2009
2009
2076
2043
2072
2075
2112
2091
2097
2073
2066
2066
2053
2105
2084
2064
1981
1948
2044
2080
2049
1998
2026
1960
1960
1960
1925
1917
1930
1885
1996
1935
1927
1927
1946
1994
1923
1964
2027
2030
2010
2096
1972
1923
1902
1974
2004
2004
1986
1945
1897
1959
2008
2081
2063
1981
1966
1966
2091
2091
2153
2067
2005
1984
1984
2048
1997
2068
2066
2071
2061
2115
2124
2099
2091
1958
1958
2034
2016
2016
1953
1990
1972
1934
1985
1921
1931
1960
1960
2034
2034
2034
2034
2092
2089
2022
2028
2021
2074
2099
2126
2133
2117
2119
2119
2005
1933
2042
2024
1975
1907
1940
2032
1963
1959
1982
1994
1984
1917
1942
2006
2044
2088
2076
2066
2084
2077
2002
2033
2040
2071
1994
1965
1932
1998
1897
1886
1933
2013
1957
1956
1991
1991
1991
1949
1949
2012
1960
1960
1967
1987
1919
1967
1965
1965
1895
1941
1919
1863
1900
1887
1909
1954
2004
2013
2013
2041
2041
2063
2006
2076
2057
1994
2051
2087
2110
2192
2195
2186
2136
2083
2045
2045
2024
1977
1981
2039
2039
2178
2196
2083
2095
2078
2091
2036
2025
2025
1978
1978
2000
2004
1984
2024
1978
1967
1937
1969
1946
1968
2026
2026
2026
2060
2066
2060
2023
2028
2059
2031
2028
1988
2048
1988
1969
1947
1812
1836
1875
1997
2012
1989
2002
2002
2022
2046
1997
2033
2025
1997
1991
2010
2023
2017
2030
2043
2039
2013
1961
1970
1984
2067
2067
2100
2134
2058
2058
1982
1965
1995
1925
1832
1878
1878
1830
1765
1765
1765
1822
1970
1961
1961
1961
1967
1968
2040
2016
2032
2032
1989
2036
2005
2036
2036
2000
2036
2029
1934
1945
1974
1975
1971
1970
1975
1925
1927
1918
1932
2018
2034
2076
2096
2162
2128
2033
2033
2058
2022
2014
1990
1950
2056
2003
2008
1963
2005
1997
2008
2147
2147
2051
1919
1974
1965
1918
1925
1990
1968
1955
1995
2012
2012
2014
1998
1946
1813
1842
1865
1885
1895
1954
1954
1954
1980
1937
1981
1944
1925
1943
1974
1964
2008
1951
1946
1946
1993
1983
1978
1967
1941
1941
1924
1939
1939
1939
1909
1924
1965
2006
2005
1990
1959
1975
1969
1976
1976
1957
2010
2034
2021
2057
2105
2148
2140
2186
2149
2140
2124
2124
2042
2042
2067
2097
2052
2083
2129
2102
2171
2206
2194
2122
2087
2087
1994
1994
2066
2066
2161
2141
2138
2041
2005
2022
2052
2067
2063
2072
2102
2085
2099
2045
2109
2218
2155
2211
2057
1982
1937
1989
2040
1962
1943
1998
2029
1982
1982
1993
1963
2010
1979
1978
1953
1953
1939
1904
1904
1923
1919
1919
1950
1900
1895
1891
1883
1908
1954
1952
2040
2047
2047
2092
1984
1894
1934
1907
1916
2084
2140
2059
2123
2069
2086
2059
2058
2057
2057
2138
2138
2141
2185
2185
2166
2110
2009
2015
1985
1997
1950
2022
2013
1936
1921
1956
1947
1940
1940
2082
2071
2072
1991
1972
1994
1994
1953
1990
1990
1945
1941
1941
1980
2005
2005
2049
2013
2013
2013
1965
1965
2002
2002
1995
2002
1999
1964
1869
1879
1845
1869
2002
2002
2025
2065
2076
2078
2058
2040
2044
1997
2003
1999
2028
2000
2057
2101
2127
2114
2114
2126
2074
1993
2055
2110
2106
1998
2010
2039
2075
2109
2124
2124
2076
1999
2081
2081
2049
2049
2034
2022
2032
2035
2087
2064
2043
2076
2069
2070
2049
2023
2076
2068
2068
2058
2060
2060
2060
2060
2011
2015
2024
2006
2025
2011
2020
2050
2050
2062
2141
2146
1944
1943
1907
1949
1924
1924
1938
1947
1947
1991
2003
2015
2032
2032
2032
2042
2070
1984
1921
1921
1851
1884
1884
1892
1927
1939
1939
1939
1939
1997
1955
1970
1970
2000
1985
2003
2012
1966
2003
2023
1990
1990
1962
1877
1940
1899
1906
1874
1881
1973
1973
1973
1993
1970
1932
1941
1941
1963
2091
2062
1976
2062
2076
2041
2005
2063
2033
2002
1995
2002
2073
2045
2084
2083
2016
2100
2085
2053
2038
2046
2014
2057
2027
1993
1977
1942
1985
1928
1855
1855
1855
1901
1917
1930
2006
2006
1911
1917
1921
1904
1898
1903
1960
1960
1960
1961
1966
1970
2044
2044
1970
1970
1970
1985
2065
2078
2062
2094
2084
2056
2014
2040
2041
2059
1992
1983
1991
2006
2028
2012
2028
2073
2073
2127
1976
2007
1970
2015
2057
2010
2010
2029
2035
1939
1888
1888
1881
1948
1950
1955
1942
1866
1852
1852
1900
1901
1845
1839
1839
1839
1869
1952
1946
1861
1943
2052
2081
2115
2122
2190
2126
2141
2105
2006
2087
2098
2105
2110
2124
2069
2072
2089
2054
2079
2076
2114
2084
2108
1996
2069
2033
2098
2056
2056
2124
2144
2144
2145
2099
2184
2127
2070
1997
1955
1889
1885
1885
1885
1885
1924
1964
1946
1909
1932
1948
1960
1939
1930
1922
1992
1992
1991
2006
2004
1980
1998
2029
2054
2070
2149
2148
2102
2075
2002
1958
2009
2025
1971
1930
1930
1925
1938
1895
1891
1891
1924
1916
1916
1945
1980
1980
1980
1999
1999
1997
1979
2036
2016
2118
2133
2119
2089
2079
2079
2029
2003
1969
1951
1928
2049
2069
2056
2049
1992
1996
1923
1930
1921
2036
2002
1986
1953
1919
1919
1940
1952
1928
1944
2001
1929
1920
1951
1959
1929
2082
2094
2147
2171
2070
2070
2021
2021
1968
1922
1922
1839
1916
1881
1913
1913
2037
2032
1966
1959
2030
1980
1984
1989
2027
2027
2048
2047
1995
2045
2030
2030
2030
2030
2011
2011
2007
1995
2055
2005
2005
1972
1953
1939
2032
2047
2006
1983
2038
2017
1958
2025
2001
1970
1929
1928
1954
2060
2114
2090
2090
2092
2075
2080
2004
1982
2011
1938
1947
1979
1955
2000
2000
2049
1977
1998
2099
2116
2071
2115
2121
2104
2155
2197
2214
2189
2189
2189
2150
2126
2041
2008
2008
2008
2008
2081
2226
2226
2203
2267
2244
2221
2106
2106
2124
2056
2054
2017
1981
1944
1977
2054
2047
2013
2023
2023
2023
1998
2090
2073
2091
2094
2142
2181
2190
2194
2158
2167
2142
2159
2171
2103
2108
2038
2038
2061
2062
2062
2062
2086
2078
2078
2093
2121
2106
2106
2168
2172
2143
2125
2035
2069
2069
2044
1959
1976
1973
1973
1973
1973
1961
2056
1997
1991
1972
1932
1948
1948
2000
1992
1990
1981
2106
2038
2024
2017
2061
2004
2023
2084
2102
2055
2061
2057
2057
2078
2003
2054
2093
2130
2118
2015
2009
1961
1961
1952
1935
1995
1967
1967
1913
1957
1937
1976
1972
1949
1929
1939
2034
2010
2010
1954
1954
1891
2000
1946
1946
1959
1951
1932
1939
1939
1957
1961
1961
1947
2016
2004
2004
1991
1991
2074
2178
2178
2122
2232
2121
2037
2093
2097
2011
1988
1940
1906
1881
1920
2022
2014
2037
1978
1958
1978
2029
2070
2137
2134
2150
2066
2087
1977
1995
2020
2101
2110
2156
2052
1992
1913
1858
1877
1813
1817
1881
1881
1927
1974
2004
2035
2008
2046
2041
1965
1968
1965
1968
1933
1983
1975
2050
1995
1995
2033
2033
2033
2028
2069
2013
2013
2013
2011
1978
1974
1921
1954
1943
2009
1935
1925
2039
2050
2129
2140
2027
2078
2027
2036
2051
2152
2099
2048
1976
1997
1997
2007
2004
1993
2033
2034
2033
2034
2064
2070
2109
2109
2187
2154
2137
2102
2102
2046
2036
2138
2096
1999
1984
1959
1996
1933
1993
1991
1944
1983
2062
2062
2013
2019
2044
1984
1829
1739
1867
1851
1851
1881
1889
1926
1945
1981
1939
1957
1903
1903
1903
1925
1873
1879
1845
1866
1898
1898
1972
1898
1903
1863
1900
1900
1927
1976
1956
1918
1944
1914
1892
1896
2068
2001
1989
2000
1955
1955
2029
2087
2146
2193
2204
2064
2076
2060
2063
2048
2062
2005
1989
1939
1931
1969
1969
1993
1983
2095
1999
2017
2043
2023
1988
2000
2015
1989
1955
1955
1969
1978
1997
2035
2046
2046
2053
2039
2044
2009
2009
2005
2005
2065
2018
1931
1931
1917
1979
1979
1951
2015
1989
2040
2003
1976
2025
2036
2036
2035
2052
2060
2048
2047
1981
1984
2004
1966
2005
2029
1966
1942
1930
1975
1965
2006
2032
2068
2041
2041
2056
2041
2056
2047
2049
2039
2031
1974
1954
1962
1969
2023
2023
2023
2023
2023
2003
2064
2064
2067
2067
2068
2019
2047
2005
2005
2066
2093
2075
2099
2099
2029
1987
1991
1991
1991
2020
2028
2065
2083
1945
1945
1991
2013
2015
2007
1958
1939
1987
1982
1925
1925
1910
1910
1953
1901
1947
1990
1913
1873
1863
1863
1863
1863
1913
1901
1841
1841
1868
1927
1927
1935
1935
1871
1871
1918
1863
1874
1869
1864
1919
1892
2019
2013
2013
2050
2066
2058
2123
2186
2186
2186
2138
2058
2058
2089
2047
2039
2002
1972
1966
1966
1901
1901
1896
1899
1899
1865
1865
1897
1860
1898
1898
1831
1831
1831
1937
2018
2058
1974
1969
1924
2050
2009
1993
2042
2023
2051
1959
1963
1963
1934
1934
2068
2014
2046
2021
1992
1998
1998
2008
1950
1945
1968
2056
2000
1997
1983
2017
2017
2033
2002
2024
1969
1969
1945
1928
1942
1942
1993
1971
2045
2053
1980
2025
1993
1993
1977
1965
1965
1992
1974
1910
1938
1934
1934
1951
2015
1968
1968
1932
1932
1858
1858
1846
1864
1865
1865
1843
1928
1908
1908
1937
1922
1922
1930
1930
1951
1920
1920
1908
1838
1820
1878
1908
1876
1876
1836
1851
1752
1747
1770
1735
1735
1735
1788
1800
1796
1786
1783
1754
1767
1851
1853
1870
1898
1913
1840
1912
1988
1865
1854
1854
1848
1966
1966
1914
1979
1979
1955
1975
1949
2000
1976
1957
1832
1902
1902
1939
1922
1879
1879
1879
1890
1891
1890
1890
1917
1917
1917
1834
1830
1875
1875
1930
1948
1884
1927
1856
1934
1960
1997
1997
1997
1997
1997
1997
2033
2033
2039
1978
2009
2000
2040
2027
2027
2027
1961
2007
2007
2000
2078
2121
2088
2067
2080
2021
2021
2021
2023
1990
1972
1911
1908
1907
1896
1887
1915
1915
1940
1996
2030
2131
2069
2069
2069
2099
2071
2042
2055
2055
2057
2049
2133
2074
2074
2074
2126
2041
2041
1975
2022
2052
1950
1994
1994
1987
1979
1988
1975
1975
1988
2014
1986
2009
2007
1998
2021
2082
2128
2075
2066
2066
2157
2088
2088
2088
2059
2069
2060
2060
2046
1934
1947
1951
1951
1951
1964
1964
1995
1968
1981
2026
2039
2040
2058
2028
2015
2048
2075
2076
2073
2050
2018
2018
1993
1933
1933
1922
1890
1980
1923
1923
2001
2040
1994
1922
2003
2003
1973
1973
1937
1937
1937
1862
1872
1872
1872
1912
1958
1954
1968
1943
1905
1910
1910
1952
1949
1962
1987
1990
1990
1941
1959
1947
1885
1885
1897
1900
1908
1908
1916
1936
1943
1936
1911
1891
1891
1891
1918
1976
1976
2041
1989
1980
2014
1994
2030
2030
2009
2005
1941
1873
1886
1913
1919
2011
2011
1960
1972
1972
1982
1961
1949
1954
1964
1964
1989
1962
2033
2011
2032
2033
2024
2081
2008
2034
2067
2048
2074
2039
2039
1971
1971
1962
1933
1991
2034
2034
2034
2042
2033
2084
2084
2084
2068
2076
2069
2059
2022
2053
2042
2042
1958
1918
1947
1966
2004
1984
1984
1991
2030
2016
2053
1979
1991
1997
1997
1985
2014
1993
1918
1918
1918
1918
1931
1931
1903
1917
1904
1884
1889
1889
1889
1896
1919
1975
1941
1991
1954
1921
1846
1846
1845
1899
1930
2102
2009
2009
2009
2009
1923
1951
1986
2047
2047
2047
2036
2035
2071
2064
2085
2029
2046
1997
1997
2009
1913
1868
1912
1897
1893
1887
1886
1886
1886
1924
1984
1984
1977
2048
2062
2027
1977
2020
2021
2021
2050
2058
2086
2058
1953
1906
1906
1956
1864
1915
2036
1951
1937
1987
2001
2044
2030
2034
2040
2069
2069
2069
2069
2069
2071
2039
2025
1991
1985
1943
1943
2020
2001
2001
2041
2058
2036
2070
2033
2053
2099
2078
2087
2003
1951
1923
1923
1968
1883
1898
1911
1919
1937
1919
1944
1996
1996
1915
1917
1890
1890
1976
1933
1933
1955
2010
1871
1871
1820
1813
1813
1829
1870
1885
1978
1912
1844
1873
1873
1868
1909
1944
1942
1899
1956
2012
2012
2012
2012
2012
1929
1895
1927
1932
1936
1935
1934
1934
1941
1941
1944
1955
1959
1959
1933
1911
1933
1933
1933
1913
1913
1913
1862
1872
1872
1868
1873
1838
1839
1889
1863
1863
1889
1921
1921
1881
1946
2020
2017
1973
1973
1967
2000
2002
1970
1948
1939
1906
1919
1906
1951
1983
2096
2019
2053
1995
1926
1929
1932
1949
1949
1946
1944
1896
1896
1963
2093
2119
2089
2057
2100
2100
2098
2027
2016
2041
2111
2111
2100
2024
1999
2054
2054
1955
1994
1969
1969
2025
2025
2025
2048
2018
1931
1931
1931
1931
1958
1987
2013
1963
2014
1952
1950
1951
2030
2035
2026
1902
1866
1908
1908
1928
1908
1967
1994
1998
1900
1880
1904
1904
1870
1871
1870
1834
1870
1928
1961
1996
1980
2006
2009
1985
1924
1972
1983
1983
1983
1971
1971
2040
2081
2081
2123
2123
2123
2060
2060
2070
2029
2029
2029
1992
1992
1987
2021
1998
2068
2032
2031
1981
1948
1903
1892
1957
1950
1950
1896
1909
1873
1884
1935
1872
1872
1872
1884
1968
1960
1937
1991
1991
2044
1949
1926
1949
2002
2083
2083
2060
2054
2069
2035
2035
2035
1993
1994
2040
2056
2003
2003
2003
1998
2000
1979
1988
1954
1943
1943
1943
1943
1968
1968
2010
1887
1887
1887
1887
1928
1970
2042
2067
2067
2079
2112
2177
2139
2093
2055
1978
2025
2025
1957
1904
1945
1900
1951
1878
1919
1919
1927
1925
1984
1985
1985
1944
1944
2024
2037
2037
1999
1946
1908
1896
1943
1913
1913
1899
1924
1929
1925
1969
1969
1998
1998
2039
2042
2042
1944
1974
1955
1939
1939
2002
2033
2064
2064
1995
1970
2119
2119
2119
2119
2094
2027
2081
2034
2039
2023
2023
2023
2027
1999
2002
1978
1995
1995
1979
1979
1962
1973
1973
1976
1974
1974
1974
2039
2019
1991
1991
1918
1871
1881
1927
1914
2006
2032
2036
1908
1879
1917
1917
1917
1924
1924
1924
1924
1912
1912
1995
2051
2051
2064
2085
2063
2028
2017
2051
2030
2078
2077
2032
2057
1969
1958
1985
1996
2013
1986
1958
1960
1961
1943
1933
1939
1988
1907
1935
2007
2013
2013
1972
1994
1992
1994
2019
2019
1970
1986
1988
1990
1951
2078
2078
2066
2003
1989
1989
1928
2002
1925
1858
1859
1859
1859
1811
1811
1842
1842
1842
1855
1860
1924
1924
1960
2016
2020
2039
2050
1947
2069
2069
1994
2026
2033
1977
1910
1925
1966
1893
1893
1954
1939
1939
1939
1921
1925
1970
1860
1886
1859
1875
1897
1902
1902
1902
1902
1902
1902
1902
1902
1902
1902
1902
1946
1900
1990
1900
1900
1900
1981
1927
2002
2004
2004
2004
2038
1973
2013
2012
2052
2053
2096
2099
2014
2014
2011
2006
2043
2052
2052
2052
2023
2038
2034
1944
2046
1956
1942
1956
1956
1985
1995
1995
2058
2109
1995
1956
2007
1934
2006
1989
1993
1993
2004
2012
2012
2010
1982
1961
1961
1961
1848
1862
1862
1886
1816
1816
1816
1816
1837
1837
1837
1849
1795
1795
1795
1861
1853
1853
1881
1882
1908
1933
1943
1926
1926
1925
1925
1910
1961
1931
1931
1969
2023
2031
2002
2002
1999
2026
2002
2007
2030
2090
2088
2088
2103
2025
2025
2124
2099
2103
2135
2146
2094
2057
1951
1917
1946
1939
1939
1990
1984
1956
1956
1922
1939
1956
1951
1951
1951
1967
1982
1919
1919
1925
1969
1988
1988
2066
2060
2060
2082
1992
2059
2057
2120
2124
2128
2025
2025
2025
1987
1987
2113
2098
2098
2098
2098
2068
1975
1975
1935
2076
2091
2053
2011
1956
1933
1945
1945
1911
1919
1919
1885
1934
1902
1910
1877
1836
1832
1832
1828
1828
1828
1800
1866
1848
1848
1790
1790
1844
2015
2015
2015
2014
2055
2037
2104
2114
2058
2107
2087
2079
2019
2036
2035
2035
2035
2064
2011
2025
2003
2067
2067
1976
1976
1976
1966
1966
1960
1986
1952
1943
1943
1943
1943
1943
1940
1953
1956
1950
1950
1918
1925
1900
1900
1914
1964
1964
1957
1957
1957
1957
1928
2013
2024
2024
1968
1968
1945
1945
1924
1924
1924
1903
1851
1851
1871
1894
1837
1878
1878
1878
1874
1942
1991
1991
1986
1991
1889
1889
1881
1881
1837
1860
1890
1890
1890
1881
1869
1933
1933
1931
1993
1992
1976
2012
2043
2008
2000
1917
1878
1921
1911
1864
1834
1877
1898
1879
1848
1848
1789
1834
1852
1826
1802
1802
1820
1817
1817
1817
1817
1817
1817
1825
1860
1860
1860
1860
1860
1860
1819
1837
1837
1834
1799
1821
1871
1939
1939
1939
1933
1899
1899
1899
1879
1861
1861
1861
1890
1897
1897
2011
2003
1948
1855
1855
1887
1903
1903
1921
1921
1923
1934
1975
2010
2010
1968
1984
1984
1962
1962
1962
1947
1946
1920
1920
1924
1920
1937
1956
1950
1955
1934
1988
1998
1976
1982
1978
1980
1995
2078
2156
2089
2089
2056
2050
2050
1901
1929
1929
1856
1926
1926
1926
1846
1886
1914
1835
1876
1876
1876
1852
1852
1841
1841
1866
1866
1866
1890
1909
1977
2048
1999
1999
1970
1970
1975
1983
1977
1989
1927
1927
1927
1927
1921
1942
1903
1978
1978
1991
1991
1981
1981
1981
1995
1950
1988
2011
2013
1996
1996
1996
1975
1932
1941
1887
1887
1887
1887
1934
1899
1966
1957
1873
1952
1952
1942
1925
1877
1855
1907
1866
1901
1901
1911
1901
1885
1885
1920
1901
1878
1896
1891
1891
1950
1977
2039
2039
2040
1955
1957
1900
1908
1908
1877
1877
1902
1886
1886
1886
1883
1916
1885
1894
1838
1847
1855
1855
1855
1902
1866
1874
1902
1909
1929
1887
1965
1965
1965
1978
1978
1978
1978
1978
1899
1905
1891
1920
1920
1834
1834
1898
1880
1937
1865
1875
1848
1851
1918
1872
1884
1875
1857
1857
1815
1839
1839
1840
1840
1840
1914
1884
1875
1854
1854
1854
1854
1845
1845
1904
1904
1904
1890
1860
1880
1995
1982
1982
1982
1982
1940
1933
1917
1924
2002
1958
1884
1870
1912
1898
1898
1911
1935
1864
1889
1900
1897
1921
1913
1943
1945
1941
1941
1965
1934
1920
1982
1982
1982
1956
1956
1964
1964
1964
2098
2098
2039
2039
2051
2036
2064
2050
2081
2109
2051
2060
2027
2086
1980
1980
2021
2012
2025
2008
2008
1937
1978
1978
1969
1966
1966
1913
1891
1891
1891
1888
1910
1904
1881
1881
1885
1898
1844
1889
1827
1821
1838
1875
1875
1875
1876
1876
1876
1921
1959
1959
1980
1939
1939
1939
1939
1939
1939
1939
1939
1939
1920
1970
1970
1997
2009
2026
2057
2009
2029
2029
1998
1998
2003
1958
1998
1979
1910
1936
1966
1971
1937
1937
1937
1906
1906
1932
1932
1981
1981
1981
1981
1981
1981
1981
1991
1949
1949
1949
1949
1845
1846
1846
1842
1842
1849
1849
1855
1855
1882
1927
1825
1774
1774
1817
1817
1872
1872
1919
1927
2040
1948
1959
1959
2022
1951
1951
1951
1886
1919
1919
1924
1924
1907
1907
1907
1941
1941
1941
1969
2028
2028
1989
1965
1958
1958
1973
1999
1996
1992
1992
1966
1966
1966
1992
1862
1855
1855
1883
1883
1809
1809
1809
1809
1848
1848
1827
1874
1874
1874
1887
1865
1865
1907
1891
1891
1912
1886
1883
1927
1927
1934
1934
1865
1865
1865
1863
1832
1832
1888
1888
1915
1871
1871
1871
1870
1865
1887
1889
1889
1889
1920
1966
1938
1938
1931
1931
1931
1931
1931
1978
1950
1950
1943
1917
1908
1908
1908
1851
1851
1929
1888
1843
1843
1834
1834
1864
1864
1864
1912
1865
1865
1878
1892
1893
1834
1869
1869
1907
1877
1880
1880
1880
1880
1923
1923
1959
1952
1975
1941
1982
1982
2018
1994
1999
2001
2021
2021
1999
2005
2009
1951
1968
1972
1972
1972
1972
1920
1920
1920
1914
1914
1914
1922
1877
1887
1887
1887
1887
1846
1846
1846
1846
1820
1858
1858
1858
1858
1858
1868
1868
1868
1866
1866
1866
1866
1866
1866
1872
1871
1871
1871
1871
1899
1880
1880
1885
1885
1880
1880
1924
1924
1968
1968
1978
1972
1968
1936
1945
1947
1971
1971
1933
1922
1922
1950
1950
1950
1950
1950
1934
1934
1934
1934
1934
1905
1905
1895
1918
1958
1925
1925
1879
1879
1886
1858
1858
1858
1858
1858
1877
1878
1840
1840
1824
1880
1907
1907
1854
1854
1854
1854
1854
1854
1854
1854
1854
1854
1959
1946
1963
2020
2020
2020
2020
2023
2018
2031
2073
1999
1952
1854
1854
1836
1874
1874
1874
1836
1815
1815
1815
1815
1815
1815
1835
1791
1823
1823
1823
1829
1829
1829
1829
1830
1830
1843
1786
1776
1776
1776
1833
1833
1822
1822
1809
1809
1809
1809
1809
1809
1809
1809
1853
1865
1865
1960
1830
1830
1822
1822
1823
1823
1856
1817
1817
1817
1814
1814
1814
1814
1814
1814
1910
1910
1915
1908
1834
1842
1849
1849
1849
1849
1856
1856
1856
1856
1835
1835
1827
1827
1852
1852
1861
1873
1873
1868
1869
1844
1817
1799
1799
1854
1854
1838
1838
1831
1831
1847
1847
1833
1879
1758
1758
1879
1920
1824
1824
1824
1824
1824
1874
1829
1868
1935
1935
1867
1867
1867
1907
1907
1878
1878
1914
1894
1889
1889
1910
1910
1904
1918
1918
1938
2014
2014
1967
1939
1915
1917
1917
1920
1920
1908
1899
1895
1885
1885
1916
1914
1862
1862
1821
1837
1892
1940
1891
1897
1897
1897
1897
1897
1897
1812
1812
1774
1824
1824
1875
1875
1875
1881
1862
1854
1905
1947
1947
1935
1935
1947
1928
1928
1860
1860
1861
1861
1838
1843
1843
1803
1805
1805
1805
1805
1805
1805
1805
1805
1805
1856
1856
1856
1856
1925
2018
2018
2031
1996
2017
1994
1994
1994
1985
1987
1987
1987
1997
1963
1963
1947
1939
1939
1912
1950
1950
1950
1950
1953
1953
1953
1931
1937
1937
1937
1879
1879
1876
1876
1983
1983
1983
1949
1895
1905
1905
1905
1905
1905
1897
1897
1924
1924
1917
1942
1945
1979
1934
1951
1951
1877
1877
1880
1874
1874
1928
1953
1901
1901
1901
1905
1914
1914
1844
1844
1844
1844
1844
1844
1878
1896
1981
1981
2005
1962
1921
1990
1990
1990
2007
2007
2007
2007
1972
1978
1978
1976
1978
1978
1971
1947
1958
1958
1964
1896
1896
1896
1896
1898
1986
1986
1857
1857
1863
1848
1848
1843
1843
1843
1855
1835
1835
1841
1881
1881
1873
1873
1873
1861
1831
1831
1830
1839
1839
1839
1832
1832
1832
1821
1834
1834
1834
1834
1844
1844
1844
1816
1816
1816
1816
1865
1895
1881
1861
1899
1873
1880
1880
1901
1975
1975
1975
1975
1975
1975
1974
1913
1930
1930
1930
1930
1979
1979
1979
1979
1979
1949
1949
1927
1927
1927
1927
1927
1927
1928
1911
1923
1895
1912
1895
1895
1977
1977
1977
1977
1977
1945
1992
1945
1945
1945
1945
1945
1945
1973
1983
1983
1983
1967
1967
1967
1967
1967
1966
1966
1974
1974
1986
1970
1953
1954
1950
1942
1942
1942
1942
1914
1914
1914
1914
1909
1953
1906
1927
1936
1936
1936
1935
1964
1934
1923
1976
1976
1976
1948
1980
1987
1944
1969
2016
2016
2011
2010
1951
1951
1974
1961
1961
1961
1959
1959
1959
1959
1959
1959
1959
1959
1959
1968
2003
2003
1973
1973
1959
1959
1900
1900
1901
1901
1901
1901
1966
1947
1952
1853
1833
1833
1850
1850
1850
1835
1841
1863
1863
1863
1808
1808
1808
1832
1832
1819
1831
1843
1871
1928
1928
1888
1894
1894
1894
1888
1888
1888
1877
1869
1865
1839
1849
1849
1819
1819
1819
1871
1778
1814
1785
1785
1785
1780
1780
1780
1780
1756
1756
1756
1756
1771
1772
1753
1753
1874
1878
1878
1878
1878
1878
1851
1851
1825
1827
1827
1827
1795
1795
1795
1795
1793
1831
1831
1831
1770
1770
1770
1775
1815
1775
1781
1799
1808
1808
1808
1808
1808
1808
1808
1821
1826
1826
1846
1852
1880
1880
1880
1860
1860
1860
1847
1850
1850
1850
1847
1847
1839
1831
1831
1865
1865
1870
1868
1868
1868
1868
1868
1831
1831
1831
1831
1850
1850
1850
1850
1850
1935
1935
1935
1935
1958
1958
1977
1861
1861
1861
1861
1861
1861
1861
1861
1846
1864
1864
1864
1865
1888
1892
1876
1821
1821
1880
1880
1857
1857
1857
1866
1866
1866
1865
1826
1826
1826
1826
1838
1889
1872
1872
1872
1869
1878
1878
1878
1889
1889
1932
1899
1899
1868
1878
1878
1878
1878
1885
1885
1888
1871
1871
1847
1844
1844
1844
1838
1838
1867
1843
1843
1843
1866
1866
1936
1922
1893
1901
1932
1932
1957
1961
1961
2040
2013
1992
1992
1937
1914
1914
1892
1874
1891
1891
1891
1874
1871
1871
1871
1871
1861
1861
1861
1861
1846
1846
1846
1846
1847
1903
1903
1891
1903
1903
1903
1937
1889
1907
1889
1890
1890
1890
1890
1890
1900
1900
1900
1860
1860
1860
1860
1860
1854
1880
1860
1860
1838
1838
1862
1820
1817
1817
1805
1827
1818
1828
1828
1841
1841
1841
1841
1841
1841
1841
1819
1819
1819
1819
1819
1819
1819
1819
1819
1819
1825
1823
1823
1823
1823
1823
1787
1787
1787
1787
1787
1787
1787
1787
1786
1786
1786
1786
1786
1815
1881
1881
1851
1851
1851
1839
1839
1839
1806
1806
1835
1840
1840
1840
1883
1868
1924
1901
1901
1901
1937
1937
1937
2049
2005
2024
1966
1967
1967
1967
1967
1932
1959
1976
1976
2017
2006
2006
2006
2006
1908
1876
1848
1859
1859
1859
1837
1837
1842
1793
1793
1759
1759
1759
1759
1759
1759
1781
1781
1781
1781
1781
1781
1781
1781
1781
1781
1781
1781
1822
1856
1856
1856
1856
1846
1846
1846
1864
1862
1853
1822
1822
1810
1825
1828
1828
1828
1809
1809
1809
1809
1809
1809
1809
1809
1809
1809
1809
1812
1812
1812
1809
1809
1809
1800
1800
1800
1800
1793
1793
1793
1793
1821
1821
1821
1821
1793
1793
1790
1790
1790
1790
1790
1790
1790
1791
1791
1791
1791
1791
1791
1791
1791
1791
1822
1822
1822
1832
1835
1835
1840
1840
1840
1840
1849
1851
1851
1853
1853
1857
1863
1897
1867
1874
1884
1884
1884
1884
1884
1884
1884
1884
1890
1890
1924
1929
1929
1929
1943
1972
1928
1928
1928
1916
1916
1916
1916
1964
1891
1891
1891
1891
1891
1891
1914
1880
1809
1790
1800
1800
1800
1792
1792
1785
1869
1869
1869
1869
1869
1869
1869
1870
1841
1841
1831
1831
1831
1870
1842
1826
1826
1826
1826
1822
1801
1801
1801
1802
1810
1810
1810
1795
1795
1795
1795
1817
1862
1887
1860
1818
1818
1818
1819
1822
1822
1820
1811
1811
1811
1811
1811
1811
1823
1823
1835
1835
1832
1832
1832
1832
1832
1832
1832
1882
1899
1898
1898
1870
1850
1850
1850
1856
1856
1856
1856
1856
1856
1897
1870
1834
1879
1839
1839
1839
1839
1874
1874
1874
1874
1873
1872
1872
1872
1872
1872
1872
1872
1872
1890
1890
1870
1870
1870
1870
1884
1878
1878
1878
1878
1878
1906
1906
1921
1921
1925
1919
1956
1943
1943
1943
1899
1894
1893
1893
1893
1893
1893
1893
1893
1893
1893
1893
1893
1893
1889
1871
1871
1893
1927
1927
1970
1970
1941
1941
1941
1901
1901
1917
1898
1875
1875
1875
1875
1875
1888
1888
1888
1888
1888
1864
1864
1864
1842
1842
1850
1864
1893
1900
1900
1900
1872
1951
1951
1951
1930
1930
1963
1963
1963
1963
1897
1904
1904
1904
1862
1864
1864
1864
1864
1864
1864
1864
1862
1862
1884
1862
1862
1862
1862
1862
1862
1862
1849
1813
1813
1813
1813
1813
1813
1805
1803
1803
1803
1803
1803
1803
1803
1803
1803
1803
1803
1803
1796
1796
1815
1880
1881
1893
1893
1893
1893
1910
1910
1910
1910
1910
1903
1934
1934
1928
1928
1928
1883
1830
1827
1827
1827
1827
1866
1866
1866
1896
1809
1809
1809
1824
1824
1830
1814
1814
1814
1814
1768
1757
1727
1778
1778
1778
1761
1761
1761
1761
1808
1808
1829
1829
1829
1829
1829
1802
1802
1810
1810
1810
1809
1773
1773
1773
1768
1768
1768
1768
1768
1768
1768
1768
1768
1768
1768
1768
1768
1768
1768
1768
1768
1768
1806
1821
1821
1821
1821
1799
1799
1815
1794
1831
1831
1831
1831
1831
1831
1831
1800
1788
1788
1788
1788
1788
1788
1788
1788
1788
1788
1760
1789
1793
1793
1793
1793
1805
1804
1789
1789
1789
1789
1791
1791
1791
1791
1807
1807
1833
1833
1875
1844
1844
1844
1852
1856
1856
1867
1867
1830
1830
1830
1830
1831
1831
1831
1831
1824
1846
1846
1846
1846
1833
1840
1849
1828
1837
1837
1837
1823
1823
1823
1817
1833
1833
1841
1843
1889
1889
1889
1889
1889
1889
1851
1851
1851
1851
1852
1848
1848
1863
1863
1863
1863
1863
1863
1909
1909
1909
1909
1909
1909
1909
1836
1836
1836
1836
1836
1836
1838
1853
1946
1946
1946
1894
1894
1894
1901
1901
1906
1906
1855
1845
1818
1818
1818
1818
1796
1796
1796
1796
1792
1792
1792
1792
1792
1792
1792
1792
1792
1792
1792
1790
1790
1790
1790
1790
1791
1791
1791
1792
1792
1792
1813
1818
1818
1818
1818
1818
1818
1818
1815
1812
1812
1812
1812
1834
1834
1789
1795
1795
1789
1789
1789
1789
1775
1775
1775
1775
1739
1739
1739
1739
1739
1772
1772
1772
1766
1766
1766
1766
1758
1765
1765
1758
1758
1758
1758
1758
1758
1758
1758
1765
1765
1765
1765
1709
1709
1709
1709
1709
1709
1709
1709
1709
1709
1709
1697
1697
1697
1697
1692
1730
1730
1730
1730
1690
1690
1690
1690
1690
1690
1690
1690
1690
1690
1690
1690
1690
1690
1691
1691
1691
1691
1691
1691
1691
1691
1708
1708
1708
1716
1716
1716
1716
1716
1711
1711
1711
1711
1711
1711
1711
1711
1711
1711
1711
1711
1711
1711
1711
1711
1711
1781
1781
1781
1781
1781
1781
1739
1733
1733
1733
1792
1795
1750
1750
1750
1750
1768
1768
1781
1781
1781
1781
1781
1781
1781
1768
1768
1762
1762
1762
1762
1762
1756
1756
1756
1756
1756
1756
1756
1756
1762
1762
1762
1756
1756
1754
1749
1749
1749
1738
1738
1738
1738
1738
1738
1738
1738
1703
1703
1703
1703
1703
1703
1703
1703
1703
1703
1703
1695
1695
1695
1695
1695
1695
1688
1688
1688
1688
1688
1688
1688
1688
1688
1688
1681
1681
1681
1681
1681
1681
1681
1681
1681
1681
1681
1681
1681
1681
1681
1717
1711
1711
1711
1711
1711
1711
1711
1711
1711
1711
1711
1711
1711
1711
1735
1735
1735
1735
1735
1735
1735
1735
1735
1735
1737
1721
1721
1721
1721
1721
1721
1721
1721
1721
1719
1719
1720
1720
1720
1720
1720
1720
1709
1687
1687
1687
1687
1687
1692
1688
1688
1732
1732
1727
1727
1727
1727
1727
1727
1727
1709
1709
1709
1709
1709
1709
1709
1709
1709
1709
1709
1709
1714
1714
1714
1714
1677
1677
1677
1677
1677
1677
1677
1677
1677
1677
1677
1677
1677
1677
1677
1677
1677
1683
1683
1683
1698
1698
1698
1718
1718
1718
1718
1718
1717
1717
1717
1717
1717
1717
1717
1717
1717
1717
1717
1717
1717
1717
1717
1717
1717
1717
1734
1734
1734
1735
1735
1735
1735
1721
1721
1721
1721
1721
1721
1721
1721
1721
1721
1721
1721
1726
1726
1726
1726
1718
1718
1718
1718
1718
1726
1726
1726
1726
1726
1726
1726
1726
1702
1702
1706
1706
1706
1706
1706
1706
1706
1706
1706
1706
1706
1706
1706
1706
1706
1706
1706
1706
1706
1706
1706
1706
1706
1706
1706
1706
1706
1706
1706
1715
1715
1715
1715
1715
1715
1715
1715
1715
1715
1715
1726
1728
1728
1728
1745
1745
1745
1751
1745
1745
1745
1745
1745
1745
1745
1729
1735
1720
1720
1720
1714
1714
1714
1714
1706
1706
1706
1696
1696
1696
1696
1696
1696
1696
1696
1696
1696
1696
1696
1696
1696
1673
1673
1673
1673
1673
1673
1673
1673
1673
1673
1673
1673
1673
1673
1673
1673
1673
1673
1673
1673
1673
1673
1673
1673
1673
1673
1673
1673
1673
1673
1673
1673
1698
1698
1698
1685
1685
1690
1690
1690
1690
1690
1690
1690
1690
1690
1690
1690
1690
1690
1687
1687
1687
1687
1687
1687
1687
1687
1687
1687
1687
1687
1687
1687
1687
1687
1687
1687
1687
1687
1687
1687
1687
1678
1678
1678
1678
1678
1678
1678
1678
1678
1678
1678
1678
1678
1678
1678
1678
1678
1678
1678
1678
1678
1678
1687
1687
1687
1687
1687
1687
1687
1687
1687
1687
1687
1687
1687
1687
1687
1687
1687
1687
1687
1687
1687
1687
1687
1687
1687
1687
1691
1691
1691
1691
1691
1691
1691
1691
1691
1691
1691
1691
1691
1691
1691
1691
1691
1691
1691
1691
1683
1683
1683
1683
1683
1683
1683
1683
1683
1683
1683
1683
1683
1687
1694
1698
1698
1698
1698
1698
1698
1698
1706
1719
1719
1719
1719
1719
1719
1719
1719
1719
1719
1719
1719
1713
1713
1713
1713
1713
1713
1713
1713
1713
1713
1713
1711
1711
1711
1711
1711
1711
1711
1711
1711
1711
1713
1713
1713
1713
1713
1713
1713
1712
1712
1712
1734
1754
1754
1754
1748
1733
1728
1728
1728
1728
1735
1735
1735
1735
1735
1735
1735
1735
1735
1735
1735
1735
1735
1735
1735
1735
1741
1741
1741
1741
1741
1741
1728
1728
1728
1728
1728
1728
1728
1728
1728
1728
1728
1728
1728
1728
1728
1728
1728
1728
1728
1728
1748
1748
1748
1748
1748
1748
1748
1748
1748
1748
1748
1748
1748
1748
1748
1748
1748
1748
1748
1748
1748
1748
1748
1748
1748
1748
1748
1748
1748
1753
1749
1749
1749
1749
1749
1749
1749
1749
1749
1749
1749
1749
1749
1749
1739
1739
1739
1743
1743
1743
1743
1743
1743
1743
1743
1752
1752
1752
1752
1752
1752
1752
1731
1731
1731
1731
1731
1731
1731
1731
1731
1731
1731
1731
1731
1731
1731
1731
1731
1731
1731
1731
1731
1731
1731
1731
1731
1731
1731
1731
1731
1731
1731
1731
1731
1731
1731
1731
1731
1731
1731
1731
1731
1731
1731
1731
1731
1731
1731
1731
1731
1731
1731
1731
1731
1731
1737
1737
1737
1737
1737
1737
1737
1731
1731
1731
1731
1731
1731
1731
1731
1731
1731
1731
1731
1731
1731
1731
1727
1727
1727
1727
1727
1727
1727
1727
1727
1718
1718
1718
1718
1718
1718
1718
1718
1718
1718
1718
1717
1719
1719
1719
1719
1719
1719
1732
1748
1746
1746
1746
1746
1746
1746
1746
1746
1741
1741
1732
1732
1728
1728
1728
1728
1728
1728
1728
1728
1728
1728
1728
1728
1728
1728
1728
1728
1728
1728
1728
1728
1728
1728
1728
1728
1728
1728
1728
1728
1728
1728
1729
1729
1729
1729
1729
1712
1712
1712
1712
1712
1712
1712
1712
1712
1712
1712
1712
1712
1712
1715
1715
1715
1715
1715
1715
1715
1715
1715
1715
1725
1725
1725
1725
1725
1725
1725
1725
1725
1725
1725
1725
1725
1725
1725
1725
1725
1725
1725
1725
1725
1725
1725
1725
1725
1725
1725
1725
1717
1717
1717
1717
1702
1702
1702
1702
1702
1702
1702
1702
1702
1702
1702
1678
1678
1678
1678
1678
1678
1678
1678
1678
1678
1678
1678
1678
1678
1678
1678
1678
1678
1678
1678
1678
1678
1678
1678
1678
1678
1678
1678
1678
1678
1678
1678
1678
1678
1678
1678
1678
1678
1678
1678
1678
1678
1678
1678
1678
1678
1678
1678
1678
1678
1678
1678
1678
1678
1678
1678
1678
1678
1678
1678
1678
1678
1697
1697
1697
1697
1697
1697
1692
1692
1692
1692
1692
1692
1692
1692
1692
1692
1692
1692
1692
1692
1692
1692
1692
1692
1692
1683
1672
1672
1672
1672
1672
1672
1672
1672
1672
1672
1672
1672
1672
1672
1672
1672
1672
1672
1672
1672
1672
1672
1672
1672
1672
1672
1672
1672
1672
1672
1672
1672
1672
1675
1675
1675
1675
1675
1675
1675
1675
1675
1675
1675
1675
1675
1675
1675
1675
1675
1675
1675
1675
1675
1675
1675
1675
1675
1675
1675
1675
1675
1675
1675
1675
1675
1675
1675
1675
1675
1675
1675
1675
1675
1675
1675
1675
1680
1680
1680
1680
1680
1680
1680
1680
1680
1680
1680
1680
1680
1680
1680
1680
1680
1680
1680
1680
1680
1680
1680
1684
1684
1684
1684
1684
1684
1684
1684
1680
1680
1680
1680
1680
1680
1680
1680
1680
1680
1680
1680
1680
1680
1680
1680
1680
1680
1680
1680
1680
1680
1680
1680
1680
1680
1680
1680
1680
1681
1681
1681
1681
1681
1681
1681
1681
1681
1681
1681
1681
1681
1681
1681
1681
1681
1681
1681
1681
1681
1681
1681
1681
1696
1696
1696
1696
1696
1696
1696
1696
1696
1696
1702
1702
1702
1702
1702
1702
1702
1702
1702
1702
1702
1702
1702
1702
1702
1701
1701
1701
1699
1699
1699
1699
1699
1688
1688
1688
1688
1688
1688
1688
1688
1688
1688
1688
1695
1695
1695
1695
1695
1695
1695
1695
1695
1695
1695
1695
1720
1720
1695
1695
1695
1695
1695
1695
1695
1695
1700
1700
1700
1700
1703
1695
1695
1695
1695
1695
1695
1695
1695
1695
1695
1695
1695
1695
1695
1695
1695
1695
1695
1695
1695
1695
1695
1695
1695
1695
1695
1695
1695
1695
1695
1684
1684
1684
1684
1684
1684
1684
1688
1688
1688
1688
1688
1688
1688
1688
1688
1688
1688
1688
1688
1688
1688
1688
1688
1688
1688
1688
1688
1688
1688
1688
1688
1688
1688
1688
1688
1688
1688
1688
1688
1688
1688
1688
1688
1688
1684
1684
1684
1684
1684
1684
1684
1684
1684
1684
1684
1684
1684
1684
1684
1684
1684
1684
1684
1684
1684
1684
1684
1684
1684
1684
1684
1684
1684
1684
1684
1684
1684
1684
1684
1684
1684
1684
1684
1684
1684
1684
1690
1690
1690
1690
1690
1690
1690
1690
1690
1690
1690
1690
1690
1690
1690
1690
1690
1690
1690
1690
1690
1690
1690
1690
1690
1690
1690
1690
1690
1684
1684
1684
1684
1684
1683
1683
1683
1683
1683
1683
1683
1683
1683
1683
1683
1683
1683
1683
1683
1683
1683
1683
1683
1683
1683
1683
1683
1691
1691
1691
1691
1691
1691
1691
1691
1691
1691
1691
1691
1691
1691
1691
1691
1691
1691
1691
1691
1691
1691
1691
1691
1691
1691
1691
1691
1691
1691
1691
1691
1683
1683
1683
1683
1683
1683
1683
1683
1683
1683
1683
1683
1683
1683
1683
1683
1683
1683
1683
1683
1683
1683
1683
1683
1683
1683
1683
1683
1683
1683
1683
1683
1683
1683
1683
1683
1683
1683
1683
1683
1683
1683
1683
1683
1683
1683
1683
1683
1683
1683
1683
1683
1683
1680
1680
1680
1680
1680
1680
1680
1680
1680
1680
1680
1680
1680
1681
1681
1680
1680
1680
1680
1680
1680
1680
1680
1680
1680
1680
1670
1670
1670
1670
1670
1670
1670
1670
1670
1670
1670
1670
1670
1670
1670
1670
1670
1670
1670
1670
1670
1670
1670
1670
1670
1670
1670
1670
1670
1670
1670
1670
1670
1670
1670
1670
1670
1670
1670
1670
1670
1670
1670
1670
1670
1670
1670
1670
1670
1670
1670
1670
1670
1670
1673
1673
1673
1673
1673
1673
1673
1673
1673
1696
1696
1696
1696
1696
1696
1696
1696
1696
1696
1696
1696
1696
1696
1696
1696
1696
1696
1696
1696
1696
1696
1696
1696
1696
1696
1696
1696
1692
1692
1692
1692
1692
1692
1692
1692
1692
1692
1692
1692
1692
1692
1692
1692
1692
1692
1692
1692
1692
1692
1692
1692
1692
1692
1692
1692
1692
1692
1692
1692
1692
1692
1692
1692
1692
1695
1695
1695
1695
1695
1695
1695
1695
1695
1695
1695
1695
1691
1691
1691
1691
1691
1691
1694
1694
1694
1694
1694
1692
1674
1674
1674
1674
1674
1674
1674
1674
1674
1674
1674
1674
1674
1674
1674
1674
1674
1674
1674
1674
1674
1674
1674
1674
1674
1674
1674
1674
1674
1674
1674
1674
1674
1674
1674
1674
1674
1674
1674
1674
1674
1674
1674
1674
1674
1674
1674
1674
1674
1674
1674
1674
1674
1674
1674
1674
1674
1674
1674
1674
1674
1674
1674
1674
1674
1674
1674
1674
1674
1674
1674
1674
1674
1674
1674
1674
1674
1674
1674
1674
1674
1674
1674
1674
1674
1674
1676
1676
1676
1676
1676
1676
1676
1676
1676
1676
1676
1676
1678
1678
1678
1678
1678
1678
1678
1678
1682
1682
1682
1682
1682
1682
1682
1682
1682
1682
1682
1682
1682
1682
1682
1682
1682
1682
1682
1682
1682
1682
1682
1682
1682
1682
1673
1673
1673
1673
1673
1673
1673
1673
1673
1673
1673
1673
1673
1673
1673
1673
1673
1673
1673
1673
1673
1673
1673
1673
1673
1673
1673
1673
1673
1673
1673
1673
1673
1673
1673
1673
1673
1673
1673
1673
1673
1673
1673
1674
1673
1673
1673
1669
1669
1669
1669
1661
1661
1661
1661
1661
1661
1661
1661
1661
1661
1661
1661
1661
1661
1661
1661
1661
1661
1661
1661
1661
1661
1661
1661
1661
1661
1661
1661
1661
1661
1661
1661
1661
1661
1661
1661
1661
1661
1661
1661
1661
1661
1661
1661
1661
1663
1663
1663
1663
1663
1663
1663
1663
1663
1663
1663
1663
1663
1663
1663
1663
1663
1663
1663
1663
1663
1663
1662
1662
1662
1662
1662
1662
1662
1662
1664
1664
1664
1664
1664
1664
1664
1664
1664
1664
1664
1664
1664
1664
1664
1664
1664
1664
1664
1664
1664
1664
1664
1664
1664
1662
1662
1662
1662
1662
1655
1655
1655
1655
1655
1656
1656
1656
1656
1656
1656
1656
1655
1655
1655
1655
1656
1656
1656
1655
1655
1655
1655
1655
1655
1655
1655
1655
1655
1655
1655
1655
1655
1655
1655
1655
1655
1655
1655
1655
1655
1655
1655
1655
1655
1655
1655
1655
1655
1655
1655
1655
1655
1655
1655
1655
1655
1655
1655
1655
1655
1655
1655
1655
1655
1655
1655
1655
1655
1655
1655
1655
1655
1655
1655
1655
1655
1655
1655
1655
1655
1655
1655
1655
1655
1655
1655
1655
1655
1655
1655
1655
1655
1655
1655
1655
1655
1655
1655
1655
1655
1655
1655
1655
1655
1655
1655
1655
1655
1655
1655
1655
1655
1655
1655
1655
1655
1655
1655
1655
1655
1655
1655
1655
1655
1655
1655
1655
1655
1655
1655
1655
1655
1655
1655
1655
1655
1655
1655
1655
1655
1655
1655
1655
1655
1655
1655
1655
1655
1655
1655
1655
1655
1655
1655
1655
1655
1655
1655
1655
1655
1655
1655
1655
1655
1655
1655
1655
1655
1655
1655
1655
1655
1655
1655
1655
1655
1655
1655
1655
1655
1655
1655
1655
1655
1655
1655
1655
1655
1655
1655
1655
1655
1655
1655
1655
1655
1655
1655
1655
1655
1655
1655
1655
1655
1655
1655
1655
1655
1655
1655
1655
1655
1655
1655
1655
1655
1655
1655
1655
1655
1655
1655
1655
1655
1655
1655
1652
1652
1652
1652
1652
1652
1652
1652
1652
1652
1652
1652
1652
1652
1652
1652
1652
1652
1652
1652
1652
1652
1652
1652
1652
1652
1652
1652
1652
1652
1652
1652
1652
1652
1652
1652
1652
1652
1652
1652
1652
1652
1652
1652
1652
1652
1652
1652
1652
1652
1652
1652
1658
1658
1658
1658
1658
1658
1658
1658
1658
1658
1658
1658
1658
1658
1658
1658
1658
1658
1658
1658
1658
1658
1658
1658
1658
1658
1658
1644
1644
1644
1644
1644
1644
1644
1644
1644
1644
1644
1644
1644
1644
1642
1642
1645
1645
1645
1645
1645
1645
1642
1642
1642
1642
1642
1642
1642
1642
1642
1642
1642
1642
1642
1642
1642
1642
1642
1642
1642
1642
1642
1642
1642
1642
1642
1642
1642
1642
1642
1642
1642
1642
1642
1642
1642
1642
1642
1642
1642
1642
1642
1642
1642
1642
1642
1642
1642
1642
1642
1642
1642
1642
1642
1642
1642
1642
1642
1642
1642
1642
1642
1642
1642
1642
1642
1642
1642
1642
1642
1642
1642
1642
1642
1642
1642
1642
1642
1642
1642
1642
1642
1642
1642
1642
1642
1642
1642
1642
1642
1642
1642
1642
1642
1642
1642
1642
1641
1645
1645
1645
1645
1645
1645
1645
1645
1645
1645
1645
1645
1645
1645
1645
1645
1645
1645
1645
1645
1645
1645
1645
1645
1645
1645
1645
1643
1643
1643
1643
1643
1643
1643
1643
1643
1643
1643
1643
1643
1643
1647
1647
1647
1643
1639
1639
1639
1639
1639
1636
1639
1639
1639
1639
1639
1639
1639
1639
1639
1639
1639
1639
1639
1639
1639
1639
1639
1639
1639
1639
1639
1639
1639
1639
1639
1639
1639
1639
1639
1639
1639
1639
1639
1639
1639
1639
1639
1639
1639
1639
1639
1639
1639
1639
1639
1639
1639
1639
1639
1639
1639
1639
1639
1639
1639
1639
1639
1639
1639
1639
1639
1639
1639
1639
1639
1639
1639
1639
1639
1639
1639
1639
1639
1639
1639
1639
1639
1639
1642
1642
1642
1642
1642
1642
1642
1642
1642
1642
1642
1642
1642
1643
1643
1643
1643
1643
1643
1643
1643
1643
1643
1643
1643
1643
1643
1643
1643
1643
1643
1643
1643
1643
1643
1643
1643
1643
1643
1643
1643
1643
1643
1643
1643
1643
1643
1643
1643
1643
1643
1643
1643
1643
1643
1643
1643
1643
1643
1643
1643
1643
1643
1643
1643
1643
1640
1640
1640
1640
1640
1640
1640
1640
1640
1640
1640
1640
1640
1640
1640
1640
1640
1640
1640
1640
1640
1640
1640
1640
1640
1640
1640
1640
1640
1640
1640
1640
1640
1640
1640
1640
1638
1638
1638
1638
1638
1638
1638
1638
1638
1638
1638
1638
1638
1638
1638
1638
1638
1638
1638
1638
1638
1638
1638
1638
1638
1638
1638
1638
1638
1638
1638
1638
1637
1637
1637
1637
1637
1637
1637
1637
1637
1637
1637
1637
1637
1637
1637
1637
1637
1637
1637
1637
1637
1637
1637
1637
1637
1637
1637
1637
1637
1637
1637
1637
1637
1637
1637
1637
1637
1637
1637
1637
1637
1637
1637
1637
1637
1637
1637
1637
1637
1637
1637
1637
1637
1637
1637
1637
1637
1637
1637
1637
1637
1637
1637
1637
1637
1637
1637
1637
1637
1637
1637
1637
1637
1637
1637
1637
1637
1637
1637
1637
1637
1637
1637
1637
1637
1637
1637
1637
1637
1637
1637
1637
1637
1637
1637
1640
1640
1640
1640
1640
1640
1640
1640
1640
1640
1640
1640
1640
1640
1640
1640
1640
1640
1640
1640
1640
1640
1640
1640
1640
1640
1640
1640
1640
1640
1640
1640
1640
1640
1641
1641
1641
1641
1641
1641
1641
1641
1641
1641
1641
1641
1641
1641
1641
1641
1641
1641
1641
1641
1641
1641
1641
1641
1641
1641
1641
1641
1641
1641
1641
1641
1641
1641
1641
1641
1641
1641
1641
1641
1640
1640
1640
1640
1640
1640
1640
1640
1640
1640
1640
1640
1640
1640
1640
1640
1640
1640
1640
1640
1640
1640
1640
1640
1640
1640
1640
1640
1640
1640
1640
1640
1640
1640
1640
1640
1640
1640
1640
1640
1640
1640
1640
1640
1640
1640
1640
1640
1640
1639
1639
1639
1639
1639
1639
1639
1639
1639
1639
1639
1639
1639
1639
1639
1639
1639
1639
1639
1639
1639
1639
1639
1639
1639
1639
1639
1639
1639
1639
1639
1639
1639
1639
1639
1639
1639
1639
1639
1639
1639
1639
1639
1639
1639
1639
1639
1639
1639
1639
1639
1639
1639
1639
1639
1639
1639
1639
1639
1639
1639
1639
1639
1639
1639
1639
1639
1639
1639
1639
1639
1639
1632
1632
1632
1632
1632
1632
1632
1632
1632
1632
1632
1632
1632
1632
1632
1632
1632
1632
1632
1632
1632
1632
1633
1633
1633
1633
1633
1633
1633
1633
1633
1633
1633
1633
1633
1633
1633
1633
1633
1633
1633
1633
1633
1633
1633
1633
1633
1633
1633
1638
1638
1638
1638
1638
1638
1635
1635
1635
1635
1635
1635
1635
1635
1635
1635
1635
1635
1635
1635
1635
1635
1635
1635
1635
1635
1635
1635
1635
1635
1635
1635
1635
1635
1635
1635
1635
1635
1635
1635
1635
1635
1635
1635
1635
1635
1635
1635
1635
1635
1635
1635
1635
1635
1635
1635
1635
1635
1635
1635
1635
1635
1635
1635
1635
1635
1635
1635
1635
1635
1635
1635
1635
1635
1635
1635
1635
1635
1635
1635
1635
1635
1635
1635
1635
1635
1635
1635
1638
1638
1638
1638
1638
1638
1638
1638
1638
1638
1638
1638
1638
1638
1638
1638
1638
1638
1638
1638
1638
1638
1638
1638
1638
1638
1638
1638
1638
1638
1638
1638
1638
1638
1638
1638
1638
1638
1638
1638
1638
1638
1638
1638
1638
1638
1638
1638
1638
1638
1638
1638
1638
1638
1638
1638
1638
1638
1638
1638
1638
1638
1638
1638
1638
1638
1638
1638
1638
1638
1638
1638
1638
1638
1638
1638
1638
1638
1638
1638
1638
1638
1638
1638
1638
1638
1638
1638
1638
1638
1638
1638
1638
1638
1638
1638
1638
1638
1638
1638
1638
1638
1638
1638
1638
1638
1638
1638
1638
1638
1638
1638
1638
1638
1638
1638
1638
1638
1638
1638
1638
1638
1638
1638
1638
1638
1638
1638
1638
1638
1638
1638
1638
1638
1638
1638
1638
1638
1638
1638
1638
1638
1638
1638
1638
1638
1638
1638
1638
1638
1638
1638
1638
1638
1638
1638
1638
1638
1638
1638
1638
1635
1635
1635
1635
1635
1635
1635
1635
1635
1635
1635
1635
1635
1635
1635
1635
1635
1635
1635
1635
1635
1635
1635
1635
1635
1635
1635
1635
1635
1635
1635
1635
1635
1635
1635
1635
1635
1635
1635
1635
1635
1635
1635
1635
1635
1635
1635
1635
1635
1635
1635
1635
1635
1635
1635
1635
1635
1635
1635
1635
1635
1635
1635
1635
1635
1635
1635
1635
1635
1635
1635
1635
1635
1635
1635
1635
1635
1635
1635
1635
1635
1635
1635
1635
1635
1635
1635
1635
1635
1635
1635
1635
1635
1635
1635
1635
1635
1635
1635
1635
1635
1635
1635
1635
1635
1635
1635
1635
1635
1635
1635
1635
1635
1635
1635
1635
1635
1635
1635
1635
1635
1635
1633
1633
1633
1633
1633
1633
1633
1633
1633
1633
1633
1633
1633
1633
1633
1633
1633
1633
1633
1633
1633
1633
1633
1633
1633
1633
1633
1633
1633
1633
1633
1633
1633
1633
1633
1639
1639
1639
1639
1639
1639
1639
1639
1639
1639
1639
1639
1640
1640
1640
1640
1640
1640
1640
1640
1640
1640
1640
1640
1633
1633
1633
1633
1633
1633
1633
1633
1633
1633
1633
1633
1633
1633
1633
1633
1633
1633
1633
1633
1633
1633
1633
1633
1633
1633
1633
1633
1633
1633
1633
1633
1633
1609
1609
1609
1609
1609
1609
1609
1609
1609
1609
1609
1609
1609
1609
1609
1609
1609
1609
1609
1609
1609
1609
1609
1609
1609
1609
1609
1609
1609
1609
1609
1609
1609
1609
1609
1609
1609
1609
1609
1609
1609
1609
1609
1609
1609
1609
1609
1609
1609
1609
1609
1609
1609
1609
1609
1609
1609
1609
1609
1609
1609
1609
1609
1609
1609
1609
1609
1609
1609
1609
1609
1609
1609
1609
1609
1609
1609
1609
1609
1609
1609
1609
1609
1609
1609
1609
1609
1609
1609
1609
1609
1609
1609
1609
1609
1609
1609
1609
1609
1609
1609
1609
1609
1609
1609
1609
1609
1609
1609
1609
1609
1609
1609
1609
1609
1609
1609
1609
1609
1609
1609
1609
1609
1609
1609
1609
1609
1609
1609
1609
1609
1609
1609
1609
1609
1609
1609
1609
1609
1609
1609
1609
1609
1609
1609
1609
1609
1609
1609
1609
1609
1609
1609
1609
1609
1609
1609
1609
1609
1609
1609
1609
1609
1609
1609
1609
1609
1609
1609
1609
1609
1609
1609
1609
1609
1609
1609
1609
1609
1609
1609
1609
1609
1609
1609
1609
1609
1609
1609
1609
1609
1609
1609
1609
1609
1609
1609
1609
1609
1609
1609
1609
1609
1609
1609
1609
1609
1609
1609
1609
1609
1609
1609
1609
1609
1609
1609
1609
1609
1609
1609
1609
1609
1609
1609
1609
1609
1609
1609
1609
1609
1609
1609
1609
1609
1609
1609
1609
1609
1609
1609
1609
1609
1609
1609
1609
1609
1609
1609
1609
1609
1609
1609
1609
1609
1609
1609
1609
1609
1609
1609
1609
1609
1609
1609
1609
1616
1616
1616
1616
1616
1616
1616
1616
1616
1616
1616
1616
1616
1616
1616
1616
1616
1616
1616
1616
1616
1616
1616
1616
1616
1616
1616
1616
1616
1616
1616
1616
1616
1616
1616
1616
1616
1616
1616
1616
1616
1616
1616
1616
1616
1616
1616
1616
1616
1616
1616
1616
1616
1616
1616
1616
1616
1616
1616
1616
1616
1616
1616
1616
1616
1616
1616
1616
1616
1616
1616
1616
1616
1616
1616
1616
1616
1616
1616
1616
1616
1616
1616
1616
1616
1616
1616
1616
1616
1616
1616
1616
1616
1616
1616
1616
1616
1616
1616
1616
1616
1616
1616
1616
1616
1616
1616
1616
1616
1616
1616
1616
1616
1616
1616
1616
1616
1616
1616
1616
