6369
6369
6266
6297
6271
6271
6208
6303
6262
6262
6262
6276
6180
6252
6238
6270
6282
6300
6252
6322
6322
6280
6276
6252
6252
6218
6104
6104
6104
6101
6142
6142
6123
6123
6146
6161
6168
6161
6106
6117
6117
6117
6124
6117
6117
6102
6089
6089
6089
6089
6089
6014
6014
6014
6025
6053
6066
6066
6066
6024
6024
6024
6024
6010
6037
6101
6101
6101
6102
6083
6031
6125
6150
6124
6153
6210
6213
6248
6314
6353
6321
6321
6407
6407
6372
6362
6322
6322
6396
6384
6285
6316
6316
6346
6346
6245
6245
6317
6317
6349
6279
6279
6286
6391
6391
6419
6419
6419
6426
6426
6426
6331
6331
6326
6326
6263
6263
6310
6329
6329
6279
6348
6316
6340
6340
6398
6399
6390
6312
6312
6273
6279
6229
6260
6234
6234
6174
6131
6127
6127
6211
6243
6243
6303
6201
6146
6077
6130
6131
6131
6088
6140
6140
6087
6043
6070
6200
6208
6206
6206
6160
6295
6256
6256
6256
6267
6278
6288
6288
6195
6195
6282
6211
6212
6172
6173
6218
6185
6180
6180
6111
6132
6044
6078
6132
6132
6143
6090
6090
6070
6112
6133
6142
6142
6139
6139
6139
6139
6139
6092
6092
6093
6082
6040
6046
6089
6089
6089
6049
6065
6065
6065
6065
6065
6065
6077
6085
6039
6039
6073
6070
6049
6001
5991
6015
6015
6015
6035
6052
5998
6004
5978
5957
6055
6034
6011
6011
6053
5990
5997
5939
5917
5901
5912
5998
6063
6007
6002
5976
5976
5962
5960
6025
6025
6025
6025
6003
5977
5950
5904
5981
5981
5981
5953
6031
5985
5982
6050
6023
6010
5988
5988
5960
5960
6007
5952
5953
6012
6012
6012
6019
6009
6025
6057
6057
6047
6092
6092
6125
6103
6100
6118
6171
6171
6150
6081
6071
6097
6049
6091
6122
6089
6090
6095
6185
6185
6172
6128
6128
6236
6236
6236
6236
6236
6200
6232
6235
6235
6235
6212
6196
6196
6196
6250
6250
6250
6299
6299
6299
6299
6324
6364
6381
6381
6378
6378
6378
6378
6407
6407
6386
6386
6386
6386
6411
6422
6422
6431
6431
6431
6483
6404
6416
6347
6347
6390
6390
6465
6465
6420
6290
6235
6235
6304
6271
6255
6195
6264
6284
6284
6317
6386
6386
6404
6401
6360
6416
6416
6345
6421
6397
6397
6283
6213
6204
6161
6151
6124
6138
6128
6128
6128
6128
6245
6245
6245
6196
6159
6173
6184
6201
6203
6176
6164
6164
6164
6300
6298
6351
6326
6316
6364
6316
6316
6316
6316
6332
6364
6364
6270
6270
6311
6302
6288
6193
6169
6085
6085
6145
6145
6160
6160
6160
6163
6163
6161
6171
6171
6204
6167
6167
6162
6162
6162
6199
6193
6193
6193
6159
6160
6188
6290
6275
6310
6310
6310
6325
6405
6326
6328
6374
6405
6386
6428
6428
6368
6368
6368
6368
6221
6232
6246
6284
6230
6209
6260
6197
6175
6136
6069
6042
6042
6105
6018
6072
6013
6038
5996
5996
6039
6039
6062
6105
6105
6197
6197
6299
6359
6359
6364
6408
6323
6323
6323
6323
6323
6383
6344
6321
6321
6312
6258
6201
6169
6102
6141
6204
6186
6186
6200
6212
6348
6364
6286
6202
6190
6130
6203
6223
6209
6123
6123
6088
6088
6089
6188
6188
6161
6049
6049
6049
6071
6071
6063
6053
6053
6053
6053
6022
5965
5960
6034
6034
6034
6063
6063
6103
6103
6131
6131
6131
6169
6134
6041
6209
6196
6284
6284
6277
6270
6238
6191
6124
6253
6217
6198
6242
6178
6176
6292
6255
6382
6347
6312
6326
6237
6286
6312
6306
6316
6290
6205
6205
6205
6205
6202
6181
6145
6095
6084
6161
6161
6125
6124
6147
6170
6106
6091
6009
6047
6107
6190
6190
6223
6249
6249
6216
6181
6181
6170
6152
6114
6078
6093
6052
6112
6130
6177
6110
6106
6127
6178
6178
6115
6114
6074
6123
6054
6063
6020
6020
6020
6020
6020
6033
6033
6000
6016
5950
6046
5888
5896
5917
5946
5946
5921
5938
5973
5973
6072
6026
5992
5991
5991
5929
5939
6016
6024
5994
5971
5971
6006
5991
5978
6041
6034
5983
6002
6003
6025
5993
6133
6123
6081
6004
6024
6076
6165
6084
6129
6080
6179
6179
6202
6202
6170
6170
6227
6222
6177
6259
6262
6296
6233
6182
6159
6184
6266
6302
6295
6226
6236
6240
6257
6221
6142
6142
6119
6140
6140
6147
6147
6185
6122
6053
6032
6139
6175
6135
6059
6059
6092
5982
5976
5982
6040
5970
5986
5986
6015
6041
6032
5987
5996
5931
5958
5959
5958
5968
5949
5949
6068
6055
6055
5999
5988
6022
6016
6016
6019
5993
5993
6095
6130
6121
6038
6090
6033
6094
6025
6025
6072
6077
6052
6086
6033
6071
6207
6197
6197
6154
6154
6108
6118
6078
6138
6138
6062
6062
6062
6041
6041
6003
6003
6003
6043
6043
6008
5989
5971
6024
5970
5970
5978
5978
5978
5915
5871
5858
5833
5871
5881
5874
5874
5874
5933
5933
5933
5933
5946
5963
5986
5995
5995
6044
6047
6047
6000
6004
6041
6000
6000
6046
6136
6093
6015
6016
5966
5996
6008
5974
6071
6119
6119
6003
6019
6038
6133
6133
6063
5963
5963
5959
6004
6004
6031
6031
6031
6018
6009
6009
6009
6021
6021
6064
6034
6024
6033
5992
5981
5941
5923
5923
5935
5935
5908
5949
5879
5931
5931
5931
5930
5930
5930
5860
5860
5907
5976
5940
5940
5907
5992
6069
6007
6007
6060
6015
6038
6058
6058
6062
6062
6119
6078
6106
6106
6118
6083
6026
5994
6076
5992
5992
5986
5898
5922
5922
5950
5885
5885
5899
5885
5929
5928
5928
5928
5945
5945
5926
5978
5978
5939
5939
5928
5928
5928
5991
5991
5991
5991
5960
5960
6002
6015
6015
5953
5928
5929
5929
5993
6033
6033
6100
6025
5935
5902
5916
5916
5966
5966
5966
6006
6006
6035
6017
5965
5965
5955
5951
5917
5894
5894
5814
5856
5914
5992
5920
5878
5924
5971
5959
5891
5872
5872
5872
5872
5886
5904
5989
5975
5997
5993
5993
5993
6026
6040
6099
6099
6099
6099
6055
6055
6042
6052
6047
6072
6072
6077
6093
6093
6093
6130
6198
6198
6198
6229
6204
6223
6245
6230
6279
6279
6391
6315
6378
6459
6357
6388
6388
6388
6388
6400
6321
6337
6340
6340
6340
6304
6288
6311
6244
6244
6341
6421
6348
6225
6213
6214
6221
6206
6140
6116
6151
6216
6169
6179
6179
6179
6179
6206
6207
6106
6106
6162
6196
6239
6310
6256
6267
6327
6294
6240
6240
6240
6177
6119
6138
6161
6161
6145
6177
6147
6216
6216
6216
6154
6267
6332
6261
6212
6212
6204
6181
6181
6174
6220
6269
6276
6127
6132
6052
6057
6046
6100
6084
6084
6084
6089
6169
6186
6190
6261
6254
6255
6173
6168
6168
6055
6055
6055
6152
6084
6084
6096
6167
6186
6183
6265
6325
6359
6329
6294
6191
6191
6099
6195
6195
6195
6212
6214
6213
6161
6255
6245
6245
6270
6287
6245
6225
6148
6181
6181
6167
6131
6131
6131
6105
6132
6105
6105
6138
6214
6252
6176
6182
6217
6278
6278
6218
6221
6225
6207
6285
6302
6331
6371
6371
6317
6303
6303
6300
6262
6238
6238
6238
6238
6247
6238
6244
6244
6244
6291
6168
6168
6163
6228
6228
6241
6241
6264
6264
6264
6265
6156
6081
6115
6173
6173
6173
6173
6216
6211
6174
6074
6108
6091
6091
6134
6134
6199
6199
6171
6171
6171
6078
6134
6133
6133
6133
6126
6126
6114
6114
6093
6031
6031
6065
6065
6070
6139
6102
6102
6076
6096
6117
6191
6175
6271
6288
6339
6339
6339
6356
6375
6451
6359
6349
6269
6320
6329
6321
6227
6220
6173
6173
6098
6066
6136
6136
6136
6136
6136
6131
6131
6131
6131
6141
6170
6131
6131
6131
6131
6152
6152
6152
6155
6155
6253
6303
6303
6249
6178
6178
6201
6195
6195
6195
6195
6166
6166
6166
6166
6123
6134
6134
6113
6123
6123
6134
6158
6241
6241
6318
6302
6258
6258
6258
6258
6220
6220
6250
6250
6250
6220
6220
6220
6163
6163
6163
6163
6163
6148
6146
6085
6107
6108
6127
6103
6114
6139
6103
6126
6126
6126
6105
6105
6105
6105
6133
6128
6100
6110
6100
6071
6071
6071
6096
6096
6096
6096
6122
6188
6188
6164
6164
6164
6164
6164
6173
6173
6173
6188
6107
6081
6086
6107
6083
6058
6101
6101
6071
6091
6175
6175
6175
6175
6175
6178
6039
6104
6137
6143
6134
6145
6145
6145
6134
6108
6141
6200
6200
6211
6131
6108
6108
6075
6066
6066
6066
6021
6021
6021
5964
5964
5964
5964
5906
5920
5920
5952
5949
5902
5902
5892
5839
5839
5839
5839
5837
5820
5832
5820
5822
5822
5827
5790
5790
5790
5775
5876
5843
5843
5888
5888
5888
5888
5888
5959
6021
6167
6064
5938
5942
5930
5893
5940
5983
6031
6066
6091
6091
6114
6240
6240
6381
6349
6322
6293
6319
6276
6180
6173
6173
6190
6242
6113
6113
6011
6017
5997
6012
6012
6027
6006
6006
6006
5985
5992
5955
5955
5955
5923
5988
5988
6015
6015
6015
6026
6095
6080
6139
6083
5995
6028
6028
6056
6056
6041
6029
6029
6029
6094
6131
6126
6151
6184
6180
6094
6130
6078
6078
6071
6104
6077
6107
6083
6143
6143
6143
6178
6195
6238
6213
6244
6244
6215
6106
6133
6189
6189
6158
6198
6152
6152
6152
6177
6169
6169
6204
6177
6184
6221
6243
6204
6229
6261
6310
6244
6272
6226
6168
6160
6160
6160
6160
6173
6173
6196
6196
6202
6129
6129
6198
6198
6198
6198
6184
6138
6164
6144
6143
6105
6075
6075
6146
6146
6146
6146
6118
6135
6125
6137
6132
6155
6221
6282
6282
6265
6265
6283
6313
6270
6285
6285
6304
6304
6282
6255
6209
6159
6194
6158
6158
6169
6203
6203
6111
6127
6197
6197
6197
6163
6175
6184
6184
6184
6184
6106
6127
6127
6133
6180
6229
6229
6199
6199
6172
6217
6217
6217
6183
6183
6096
6130
6161
6089
6101
6101
6133
6154
6177
6245
6245
6245
6245
6255
6247
6311
6267
6233
6164
6107
6107
6037
6037
6037
5991
5971
6023
6081
5980
5977
5924
5913
5919
5959
5959
6004
6004
5959
5882
5899
5976
5976
5947
5857
5870
5819
5877
5918
5918
5903
5931
5931
5990
5990
5926
5977
5977
6015
6015
6055
6053
6060
6028
6031
6031
6031
6039
6039
6011
6011
6046
6046
5992
5994
5992
5956
5956
5956
5934
5934
5966
6060
6128
6128
6049
6049
6079
6079
6107
6107
6118
6111
6118
6118
6038
6021
5974
5974
5935
5895
5895
5874
5874
5874
5874
5823
5823
5859
5859
5859
5902
5902
5902
5911
5889
5889
5889
5889
5889
5889
5826
5888
5888
5837
5837
5907
5989
6016
6016
6072
6064
6040
6040
6024
6061
6150
6175
6142
6142
6169
6182
6158
6200
6200
6150
6132
6230
6230
6200
6260
6260
6260
6311
6311
6311
6201
6229
6274
6328
6301
6345
6345
6345
6334
6418
6418
6426
6436
6422
6422
6346
6361
6376
6364
6364
6364
6382
6407
6325
6351
6362
6339
6339
6360
6360
6250
6196
6209
6228
6213
6213
6213
6097
6097
6120
6162
6232
6241
6189
6217
6227
6227
6307
6307
6307
6307
6307
6283
6297
6183
6169
6173
6144
6144
6156
6149
6163
6140
6140
6140
6140
6140
6140
6158
6187
6129
6179
6179
6166
6166
6166
6166
6193
6134
6134
6134
6158
6163
6163
6143
6184
6188
6224
6176
6133
6169
6124
6141
6141
6141
6141
6141
6141
6100
6149
6164
6136
6117
6153
6122
6072
6072
6072
6072
6058
6058
6058
6124
6124
6124
6124
6124
6124
6124
6124
6162
6162
6162
6192
6152
6128
6128
6189
6125
6077
6077
6071
6093
6093
6093
6051
6073
6115
6115
6000
5999
5960
5967
5967
5929
5934
5949
5949
5949
5949
5962
5932
5895
5861
5861
5811
5837
5837
5887
5882
5882
5914
5914
5918
5935
5888
5903
5902
5921
6001
6011
6049
6053
5939
5992
5992
5992
5973
5906
5906
5856
5869
5821
5821
5821
5819
5819
5927
5903
5901
5905
5905
5905
5908
5908
5908
5936
5957
5996
5961
5937
5937
5899
5925
5894
5990
5990
5973
5838
5838
5849
5817
5780
5743
5837
5917
5940
5940
5940
5913
5850
5878
5878
5882
5911
5909
5976
5996
5996
5959
5988
5968
5962
5975
5938
6007
6027
6003
5974
5946
5946
5958
5919
5919
5864
5864
5941
5950
5941
5941
5941
5973
6032
6032
5981
5981
5981
5981
5981
5981
6000
6102
6039
6039
6083
6083
6126
6142
6142
6148
6190
6123
6130
6130
6163
6123
6123
6123
6074
6074
6108
6108
6108
6061
6077
6077
6077
6077
6077
6022
6000
6000
6061
6061
6055
6055
6070
6070
6029
6029
6029
6044
6063
6073
6046
6027
6027
5982
6052
6046
6035
6038
6063
6094
6094
6094
6094
6094
6094
6141
6188
6145
6145
6055
6062
6117
6128
6015
5996
6008
6110
6110
6047
6083
6163
6148
6111
6111
6111
6096
6107
6140
6148
6140
6114
6171
6229
6186
6186
6186
6279
6226
6226
6226
6226
6163
6163
6163
6163
6163
6176
6081
6088
6081
6070
6092
6070
6058
6115
6060
6052
6019
6014
6053
6009
6009
6067
6104
6104
6104
6176
6176
6097
6034
6034
6058
6066
6034
6042
6092
6092
6092
6087
6108
6100
6115
6114
6147
6147
6156
6277
6277
6289
6280
6239
6265
6376
6376
6376
6353
6337
6322
6279
6265
6265
6265
6265
6265
6184
6127
6167
6167
6195
6101
6205
6175
6197
6248
6286
6346
6387
6315
6322
6322
6318
6267
6300
6300
6285
6240
6240
6250
6250
6248
6173
6142
6200
6191
6221
6171
6171
6171
6171
6148
6148
6169
6239
6270
6257
6305
6305
6305
6277
6248
6228
6228
6228
6219
6302
6321
6321
6321
6337
6316
6367
6297
6297
6222
6231
6233
6233
6263
6263
6263
6263
6263
6263
6233
6119
6056
6056
6076
6036
6024
6110
6130
6130
6067
6063
6026
6040
6040
6040
6195
6195
6091
6061
6061
6061
6045
5994
6038
6075
6174
6174
6173
6111
6065
6065
6065
5978
5917
5897
5895
5895
5895
5881
5867
5867
5900
5900
5900
5983
6058
6088
6093
6125
6155
6155
6155
6155
6014
6014
5993
5993
5993
5993
5993
6040
6033
6077
6079
6070
6033
6048
6033
6033
6025
6025
6025
6061
6061
6152
6134
6137
6146
6202
6202
6198
6198
6111
6111
6111
6111
6098
6098
6125
6125
6125
6105
6105
6105
6105
6193
6193
6193
6236
6205
6194
6298
6298
6298
6298
6298
6298
6298
6298
6319
6319
6319
6319
6357
6346
6346
6346
6346
6346
6334
6398
6406
6448
6448
6416
6353
6353
6318
6290
6290
6313
6326
6327
6327
6300
6236
6236
6236
6162
6162
6217
6188
6075
6075
6075
6187
6155
6160
6152
6152
6138
6106
6106
6156
6156
6156
6144
6157
6157
6276
6291
6291
6288
6266
6339
6212
6212
6313
6355
6334
6334
6335
6343
6298
6221
6216
6216
6183
6209
6183
6106
6176
6176
6161
6161
6161
6168
6255
6101
6059
6074
6056
6056
6078
6078
6078
6026
5976
5976
5977
5989
5992
5927
5927
5975
6152
6165
6098
6115
6115
6115
6115
6115
6136
6198
6153
6120
6134
6154
6116
6054
6049
6049
6066
6004
6004
6008
6008
6004
6004
6004
6004
6004
5957
5969
5983
5983
5983
6009
6009
5969
5969
5976
5976
5976
5976
5976
5976
5976
5976
5976
5954
5990
5990
6027
6027
6027
6027
5960
5974
5974
5974
6029
5987
5987
6009
6009
6009
6063
6003
6013
6055
6055
6055
6055
6055
6055
6055
6027
6035
6035
6035
6012
6043
6043
6043
6081
6081
6162
6087
6132
6086
6086
6114
6153
6154
6154
6101
6101
6100
6100
6088
6007
6036
6008
6023
6017
6017
6039
6073
6073
6073
6073
6144
6203
6213
6238
6227
6231
6240
6181
6193
6151
6151
6107
6140
6140
6090
6056
6056
6085
6137
6137
6134
6134
6134
6134
6101
6089
6089
6037
6041
6047
6050
6058
6058
6038
5954
6017
6057
5980
5900
5901
5941
5977
5977
5977
5999
5998
5971
5971
5971
5971
5971
5955
5898
5960
5891
5819
5873
5920
5924
5888
5888
5903
5942
5938
5938
5938
5938
5982
5934
5934
5934
5895
5896
5891
5840
5930
5930
5930
5877
5904
5904
5904
5904
5904
5911
5885
5883
5842
5902
5913
6030
6030
6030
6004
6058
6058
6058
6050
6050
6050
6024
6024
6095
6095
6125
6125
6074
6074
6042
6042
6012
6002
6041
6041
6041
6041
6029
6050
6050
6019
6076
6068
6094
6130
6019
6054
6054
6091
6123
6104
6096
6160
6162
6186
6199
6199
6188
6188
6188
6185
6204
6287
6241
6209
6175
6106
6106
6055
6055
6055
6055
6032
6048
6048
6001
6001
6020
6024
5987
5987
6032
6032
6032
5953
5991
6002
5999
6002
5999
5999
5999
5999
5988
5983
5983
5983
5983
5965
6013
6012
6001
5963
5962
5962
6001
5990
5990
5990
6006
6006
6006
5949
5973
5928
5928
5951
6040
6045
6030
6030
6030
6004
6004
6007
6005
5974
5951
5978
5983
5983
5983
6011
6047
6081
6119
6088
6144
6144
6150
6032
6026
6052
6052
6052
6052
6052
6052
6052
6027
6027
6013
6015
6049
6049
6049
6049
6055
6055
6055
6061
6107
6187
6187
6187
6187
6085
6085
6005
6005
6005
5994
5994
5927
5927
5927
5918
6008
6008
6008
6033
5973
5969
5931
5956
5947
5929
5929
5929
5928
5928
5928
5928
5876
5876
5876
5876
5888
5881
5880
5880
5880
5874
5874
5874
5874
5874
5905
5906
5906
5906
5906
5882
5882
5882
5883
5883
5892
5892
5892
5892
5907
5907
5930
5960
5943
5957
5938
5913
5900
5932
5932
5932
5932
5929
5929
5931
5931
5931
5930
5930
5930
5930
5975
5875
5879
5879
5879
5879
5876
5876
5902
5905
5905
5927
5927
5927
5916
5916
5902
5925
5925
5917
5917
5902
5902
5939
5897
5897
5897
5884
5866
5866
5866
5938
5905
5930
5959
5959
6062
6117
6086
6095
6100
6081
6138
6138
6138
6199
6123
6123
6265
6193
6150
6151
6088
6088
6055
6055
6055
6055
6010
5971
5988
5971
5975
5975
6015
6015
6015
6025
6025
5990
5911
5956
5956
5892
5892
5976
5976
5976
5931
5915
5915
5853
5885
5840
5840
5797
5845
5936
5874
5882
5882
5882
5943
5943
6000
5963
5979
5965
5965
5964
6003
6084
6054
6085
6127
6222
6209
6233
6213
6259
6249
6270
6270
6305
6332
6291
6331
6331
6271
6308
6307
6296
6275
6275
6261
6293
6269
6291
6291
6268
6217
6244
6327
6327
6240
6266
6265
6265
6225
6225
6225
6225
6230
6229
6229
6229
6236
6159
6161
6161
6159
6094
6128
6203
6193
6193
6233
6247
6247
6258
6166
6164
6074
6077
6077
6038
6037
6082
6083
6028
6028
6028
6028
5927
5914
5914
5910
5910
5890
5890
5935
6028
6016
6036
6036
6038
6038
6083
6083
6070
6070
6084
6213
6218
6218
6218
6212
6269
6269
6222
6241
6202
6229
6229
6167
6133
6140
6140
6113
6072
6072
6055
6055
6055
6055
6055
5989
5995
5995
5995
6028
5996
6004
5944
5944
5953
5993
6024
6024
6024
6033
6033
6042
6152
6187
6129
6129
6095
6107
6107
6107
6107
6183
5998
5947
6039
6054
5981
5897
5853
5937
5958
5948
5926
6013
6027
6004
6077
6077
6077
6077
6044
6044
6044
6044
6027
5985
5997
5997
5997
5997
5997
6027
6027
6040
6040
6127
6130
6130
6125
6125
6124
6124
6086
6103
6069
6069
6040
6006
5945
5907
5907
5896
5891
5903
5903
5891
5891
5891
5891
5919
5919
5985
5949
5927
5927
5927
5886
5886
5919
5892
5892
5892
5892
5822
5822
5822
5822
5822
5868
5895
5889
5871
5871
5835
5848
5844
5844
5829
5842
5903
5903
5903
5895
5944
5944
5921
5921
5845
5845
5845
5858
5856
5856
5843
5841
5812
5808
5747
5780
5753
5753
5840
5871
5901
5962
5962
5982
5982
5983
5981
5981
6026
5929
5900
5935
5935
5983
6059
6059
6059
6059
6002
6043
6031
5973
5973
6022
5971
5937
5975
5975
5961
6022
6022
6064
6064
6042
6054
6204
6208
6208
6127
6045
6028
6013
6013
6013
6001
6021
5969
5969
6019
6040
6057
6087
6132
6132
6111
6120
6085
5969
6015
6015
5945
5916
5916
5917
5966
5966
5966
5966
5984
6003
6067
6051
6051
5951
6033
6033
6033
5963
6010
5954
5950
5958
5898
5898
5892
5917
5965
5965
5965
5965
5965
5965
5965
5972
6018
6086
6086
6086
6040
6040
6040
6040
6001
6001
6001
6001
6001
5986
5986
5951
5951
5951
5974
5950
5955
6000
6032
6032
6019
6019
6017
5990
6017
6017
5882
5893
5893
5885
5885
5885
5909
5909
5980
5992
6014
6014
6031
6031
6051
5989
5989
5989
5989
5989
6007
6002
6030
6065
6083
6081
6191
6170
6170
6170
6170
6205
6205
6207
6138
6160
6212
6212
6176
6155
6173
6177
6183
6188
6188
6188
6188
6188
6171
6214
6214
6217
6217
6217
6277
6273
6238
6238
6238
6238
6262
6252
6249
6167
6221
6186
6181
6164
6164
6164
6091
6170
6170
6170
6170
6260
6260
6218
6253
6278
6269
6282
6282
6241
6253
6253
6253
6263
6263
6263
6212
6168
6168
6168
6168
6168
6168
6168
6114
6130
6130
6059
6059
6059
6110
6122
6138
6138
6138
6095
6095
6166
6091
6061
6061
6024
6055
6053
5963
5998
5988
6010
6010
6001
6006
6009
6009
5980
5980
5980
5980
5968
5968
5968
5968
5968
5968
6016
6016
5978
5944
5833
5895
5919
5938
5924
5837
5837
5837
5837
5863
5856
5856
5856
5856
5856
5883
5883
5834
5834
5834
5828
5840
5840
5840
5872
5884
5871
5862
5885
5885
5885
5865
5865
5865
5865
5868
5850
5850
5850
5808
5827
5827
5827
5813
5813
5813
5813
5813
5848
5838
5838
5838
5838
5847
5888
5888
5888
5880
5880
5880
5880
5801
5814
5722
5787
5787
5776
5776
5805
5792
5792
5792
5781
5867
5867
5833
5833
5813
5773
5784
5784
5784
5819
5788
5788
5801
5801
5790
5827
5816
5816
5863
5863
5868
5903
5903
5903
5944
5890
5890
5890
5890
5888
5888
5923
5923
5878
5878
5878
5949
5949
5949
5949
5949
5949
5949
5859
5859
5859
5769
5769
5769
5800
5779
5759
5785
5785
5807
5807
5778
5765
5765
5765
5765
5786
5797
5797
5731
5731
5754
5804
5814
5826
5826
5784
5731
5766
5766
5766
5766
5766
5766
5766
5766
5766
5753
5753
5753
5768
5768
5789
5783
5783
5818
5753
5753
5753
5753
5753
5806
5806
5806
5806
5807
5807
5806
5806
5806
5806
5806
5816
5829
5898
5898
5898
5870
5870
5870
5853
5899
5899
5886
5886
5886
5913
5934
5934
5934
5906
5891
5886
5926
5922
5899
5899
5899
5939
5947
5947
6003
6003
5962
5962
5962
5962
5935
5935
5935
5852
5852
5840
5875
5875
5888
5877
5882
5882
5872
5872
5872
5872
5872
5872
5820
5820
5820
5828
5828
5828
5830
5782
5859
5806
5835
5835
5835
5835
5835
5835
5835
5835
5835
5835
5835
5835
5835
5835
5835
5822
5822
5792
5792
5797
5833
5859
5921
5859
5846
5846
5791
5791
5845
5827
5792
5792
5815
5815
5815
5790
5796
5881
5881
5905
5905
5926
5926
5926
5916
5849
5842
5781
5781
5795
5818
5818
5818
5818
5846
5846
5877
5877
5907
5907
5904
5931
5918
5847
5843
5843
5843
5861
5850
5829
5829
5829
5829
5829
5829
5829
5784
5807
5807
5807
5794
5751
5751
5720
5720
5738
5738
5738
5738
5738
5741
5786
5786
5762
5768
5768
5768
5768
5768
5768
5768
5768
5768
5768
5768
5768
5768
5765
5756
5756
5793
5830
5821
5821
5821
5821
5821
5821
5821
5821
5821
5821
5821
5828
5768
5768
5780
5747
5766
5766
5766
5779
5776
5776
5782
5774
5774
5774
5774
5774
5734
5734
5734
5763
5763
5763
5763
5767
5799
5821
5821
5821
5821
5821
5821
5821
5797
5797
5817
5821
5797
5797
5782
5782
5782
5782
5782
5782
5749
5764
5853
5853
5914
5910
5910
5910
5826
5826
5826
5813
5800
5749
5749
5787
5787
5787
5787
5787
5787
5800
5791
5791
5757
5757
5757
5757
5757
5757
5757
5757
5770
5770
5770
5780
5770
5777
5777
5777
5777
5795
5798
5798
5807
5807
5807
5838
5838
5838
5836
5836
5836
5854
5837
5848
5826
5826
5835
5822
5822
5822
5822
5822
5822
5853
5853
5844
5872
5872
5872
5855
5832
5848
5848
5833
5799
5799
5799
5820
5820
5869
5869
5869
5858
5860
5864
5864
5864
5864
5878
5878
5846
5815
5815
5840
5840
5823
5887
5894
5839
5811
5811
5756
5756
5756
5756
5793
5805
5805
5805
5805
5788
5788
5778
5778
5778
5795
5795
5795
5767
5878
5849
5849
5863
5853
5860
5833
5797
5797
5797
5797
5742
5740
5717
5735
5694
5683
5683
5736
5736
5736
5735
5735
5717
5717
5748
5846
5846
5882
5882
5882
5866
5870
5886
5886
5886
5886
5866
5801
5768
5768
5784
5781
5803
5803
5742
5742
5751
5751
5762
5764
5764
5807
5807
5807
5807
5779
5808
5880
5880
5895
5895
5851
5851
5879
5879
5917
5912
5912
5912
5887
5887
5896
5926
5926
5902
5902
5871
5871
5926
5926
5916
5916
5916
5916
5916
5914
5914
5995
6062
6062
6062
6019
6019
6019
6019
6019
6019
5994
5986
5986
5986
5986
6020
6005
6005
6006
6006
6006
6006
6006
6006
6090
6110
6110
6110
6110
6127
6138
6139
6241
6241
6241
6257
6294
6294
6294
6326
6245
6245
6245
6245
6245
6245
6245
6245
6303
6384
6384
6411
6385
6385
6417
6380
6380
6349
6349
6274
6274
6274
6272
6272
6282
6291
6135
6135
6135
6135
6135
6135
6194
6169
6169
6186
6201
6171
6171
6165
6080
6090
6085
6085
5979
6021
6021
6021
6021
6021
6021
6021
5987
5982
5961
5961
5968
6015
6012
6018
6033
6033
6033
5927
5962
5962
5962
5962
5962
5962
5953
5953
5977
5977
5977
5977
5977
5977
5977
5960
5960
5960
5960
5960
5960
5960
5960
6055
6055
5975
5975
5975
5973
5973
5881
5881
5881
5881
5881
5915
5882
5882
5875
5874
5874
5874
5838
5855
5855
5854
5858
5858
5858
5865
5911
5911
5911
5911
5951
5952
5947
5947
6029
6029
6002
6000
5971
5978
5981
5969
5916
5916
5915
5922
5948
5948
5948
5958
5955
5955
5955
5955
6029
6019
6094
6058
6058
6052
5951
6054
6016
6010
5990
5948
5948
5932
5932
5932
5923
5870
5878
5856
5899
5864
5864
5864
5921
5839
5874
5874
5858
5852
5860
5873
5882
5878
5867
5867
5867
5888
5932
5932
5932
5953
5953
5928
5928
5956
5939
5950
5917
5917
5917
5953
5953
5953
5953
5932
5932
5981
5936
5886
5886
5880
5880
5890
5889
5889
5834
5834
5834
5857
5857
5861
5861
5793
5811
5811
5811
5811
5801
5801
5801
5781
5782
5782
5782
5807
5781
5792
5792
5823
5823
5823
5823
5823
5823
5805
5805
5806
5806
5806
5796
5796
5796
5783
5783
5782
5782
5782
5807
5843
5843
5882
5882
5882
5882
5898
5898
5898
5940
5875
5875
5875
5914
5914
5913
5913
5913
5875
5844
5844
5844
5866
5875
5875
5927
5927
5833
5833
5833
5833
5833
5923
5923
5861
5861
5900
5900
5900
5922
5975
6057
6057
6057
6087
6085
6085
6085
6077
6054
6005
5974
5974
5978
5962
5968
5931
5935
5935
5900
5900
5900
5916
5916
5965
5965
5965
5905
5905
5896
5896
5917
5917
5917
5917
5917
5917
5917
5822
5817
5844
5848
5859
5865
5865
5865
5848
5839
5839
5839
5839
5839
5839
5839
5839
5839
5839
5839
5839
5839
5839
5842
5842
5842
5842
5842
5842
5842
5861
5861
5861
5839
5839
5839
5839
5839
5839
5839
5869
5908
5908
5908
5908
5999
5999
5930
5930
5930
5930
5930
5930
5930
5930
5941
5943
5952
5958
5958
5958
5958
5958
5944
5944
5943
5943
5943
5940
5914
5900
5900
5900
5882
5868
5868
5881
5863
5863
5863
5863
5863
5863
5924
5904
5904
5904
5894
5909
5877
5877
5877
5877
5877
5878
5878
5878
5878
5850
5897
5897
5897
5897
5897
5897
5924
5924
5924
5930
5942
5942
5954
5915
5928
5915
5921
5915
5864
5835
5848
5873
5873
5873
5873
5873
5918
5875
5875
5888
5888
5953
5953
5956
5956
5956
5956
5956
5967
5967
5967
5967
5933
5933
5933
5917
5928
5995
6001
6001
5944
5944
5945
5856
5881
5888
5884
5922
5935
5935
5859
5866
5866
5866
5866
5866
5866
5866
5866
5866
5866
5866
5866
5866
5866
5866
5866
5866
5866
5866
5866
5893
5893
5898
5898
5891
5901
5901
5884
5900
5859
5859
5859
5859
5859
5855
5855
5862
5862
5862
5890
5890
5890
5890
5872
5832
5832
5865
5892
5892
5892
5892
5862
5877
5852
5854
5859
5845
5845
5831
5831
5831
5831
5831
5831
5840
5850
5794
5794
5794
5769
5759
5759
5761
5791
5791
5791
5791
5803
5823
5812
5812
5812
5829
5829
5880
5880
5812
5812
5832
5832
5832
5823
5805
5828
5842
5842
5842
5842
5812
5802
5802
5802
5802
5802
5802
5802
5793
5793
5793
5793
5796
5796
5796
5796
5796
5796
5793
5793
5793
5867
5867
5867
5867
5840
5829
5829
5829
5829
5828
5828
5816
5816
5827
5778
5778
5778
5828
5828
5842
5842
5842
5895
5848
5870
5870
5870
5840
5815
5815
5827
5827
5827
5882
5864
5835
5947
5960
5939
5939
5922
5922
5811
5832
5832
5832
5836
5843
5843
5843
5838
5844
5792
5763
5763
5706
5706
5706
5706
5735
5751
5732
5732
5732
5820
5782
5782
5782
5782
5780
5817
5806
5825
5820
5829
5829
5888
5888
5895
5889
5889
5889
5889
5960
5907
5931
5890
5890
5859
5772
5776
5776
5794
5852
5857
5793
5793
5794
5798
5798
5798
5768
5768
5768
5768
5768
5792
5777
5777
5777
5777
5777
5777
5777
5777
5777
5782
5823
5823
5823
5823
5825
5825
5825
5824
5817
5817
5849
5825
5825
5819
5819
5744
5744
5734
5743
5743
5743
5743
5730
5702
5702
5692
5692
5693
5693
5693
5693
5693
5693
5693
5693
5693
5693
5729
5723
5748
5748
5723
5723
5723
5723
5721
5735
5735
5751
5751
5728
5728
5728
5796
5796
5796
5796
5796
5796
5796
5784
5784
5784
5784
5789
5789
5778
5794
5794
5794
5794
5794
5794
5813
5813
5813
5813
5813
5813
5813
5828
5828
5813
5813
5809
5809
5809
5809
5809
5809
5809
5806
5835
5835
5835
5795
5795
5795
5795
5795
5795
5795
5793
5767
5767
5761
5761
5765
5765
5789
5789
5753
5778
5778
5778
5798
5798
5798
5777
5777
5777
5748
5748
5773
5773
5773
5773
5743
5743
5743
5661
5661
5627
5627
5627
5621
5621
5621
5621
5621
5621
5621
5621
5678
5659
5661
5661
5661
5659
5659
5659
5668
5668
5668
5668
5668
5668
5668
5668
5668
5668
5668
5668
5668
5668
5668
5653
5653
5653
5653
5653
5653
5653
5653
5653
5653
5653
5653
5653
5653
5653
5653
5653
5653
5680
5680
5720
5720
5720
5720
5720
5708
5721
5721
5732
5732
5732
5732
5793
5793
5751
5708
5708
5708
5708
5708
5708
5708
5695
5695
5695
5695
5695
5695
5695
5695
5695
5695
5695
5695
5695
5695
5695
5695
5695
5695
5695
5695
5695
5762
5762
5795
5698
5762
5762
5709
5723
5723
5723
5709
5709
5709
5796
5796
5796
5796
5810
5767
5767
5767
5765
5765
5779
5779
5748
5748
5748
5744
5744
5789
5787
5787
5787
5787
5787
5795
5795
5795
5782
5782
5800
5800
5753
5753
5753
5753
5767
5767
5707
5707
5765
5765
5765
5765
5765
5738
5738
5738
5763
5770
5770
5770
5766
5747
5749
5749
5749
5737
5737
5731
5713
5715
5715
5715
5715
5715
5709
5709
5709
5709
5709
5709
5709
5717
5717
5717
5697
5697
5697
5697
5697
5697
5697
5665
5665
5682
5682
5682
5682
5682
5695
5697
5709
5709
5709
5709
5709
5709
5730
5732
5732
5745
5732
5752
5752
5752
5752
5752
5769
5769
5769
5769
5763
5797
5791
5846
5834
5809
5809
5825
5825
5825
5825
5825
5773
5773
5773
5773
5773
5773
5777
5777
5777
5777
5777
5777
5777
5777
5777
5777
5777
5777
5777
5777
5777
5777
5812
5834
5834
5834
5834
5860
5860
5860
5860
5860
5877
5877
5834
5834
5743
5743
5779
5779
5779
5779
5779
5779
5779
5787
5787
5787
5808
5864
5845
5845
5875
5875
5864
5864
5882
5864
5878
5850
5813
5813
5813
5813
5813
5813
5788
5788
5822
5822
5822
5822
5832
5827
5827
5827
5827
5827
5827
5827
5827
5850
5850
5850
5850
5850
5850
5850
5858
5908
5908
5809
5811
5811
5811
5805
5834
5834
5834
5811
5811
5811
5801
5801
5801
5778
5778
5759
5759
5758
5758
5758
5760
5731
5731
5723
5723
5725
5725
5756
5756
5756
5756
5756
5756
5756
5756
5738
5750
5729
5710
5708
5708
5708
5708
5756
5756
5756
5771
5771
5771
5723
5723
5723
5688
5688
5688
5688
5706
5706
5706
5706
5714
5714
5714
5712
5743
5750
5736
5736
5736
5761
5761
5790
5790
5783
5783
5783
5741
5741
5741
5741
5768
5811
5811
5811
5807
5807
5807
5807
5815
5815
5815
5815
5815
5815
5815
5815
5815
5815
5872
5822
5822
5822
5822
5779
5769
5741
5750
5761
5761
5773
5773
5780
5780
5780
5780
5780
5780
5760
5760
5760
5762
5755
5757
5746
5743
5743
5743
5743
5706
5706
5706
5706
5706
5706
5703
5703
5703
5703
5703
5703
5703
5703
5703
5713
5713
5713
5705
5705
5724
5716
5742
5742
5742
5742
5742
5742
5742
5742
5745
5745
5745
5754
5703
5703
5703
5703
5703
5703
5737
5716
5716
5703
5703
5703
5710
5710
5710
5751
5751
5737
5761
5770
5742
5742
5742
5796
5796
5796
5796
5796
5791
5791
5796
5836
5822
5822
5817
5700
5700
5700
5700
5691
5691
5691
5691
5691
5680
5680
5680
5701
5701
5701
5701
5701
5701
5622
5622
5622
5621
5621
5621
5621
5621
5621
5621
5621
5621
5621
5632
5621
5621
5621
5640
5640
5640
5640
5621
5621
5621
5621
5621
5621
5621
5621
5621
5621
5621
5621
5621
5621
5621
5621
5621
5621
5621
5621
5621
5621
5621
5644
5644
5621
5621
5621
5621
5621
5621
5621
5621
5621
5622
5621
5621
5621
5622
5622
5622
5621
5621
5621
5621
5621
5621
5621
5621
5621
5621
5621
5621
5604
5604
5604
5604
5604
5604
5604
5604
5604
5604
5604
5616
5604
5635
5659
5675
5675
5659
5619
5619
5619
5646
5646
5626
5626
5610
5610
5607
5607
5604
5604
5615
5615
5624
5627
5627
5664
5664
5646
5646
5624
5624
5640
5640
5628
5628
5669
5626
5626
5616
5606
5606
5606
5606
5604
5604
5604
5604
5604
5604
5604
5604
5604
5604
5604
5604
5605
5605
5605
5605
5605
5605
5605
5605
5605
5605
5657
5657
5657
5657
5661
5661
5661
5661
5626
5626
5626
5615
5645
5645
5645
5645
5676
5704
5687
5687
5687
5687
5687
5687
5687
5687
5687
5687
5687
5697
5697
5697
5697
5719
5719
5719
5764
5764
5764
5744
5744
5744
5744
5744
5735
5733
5733
5733
5693
5693
5693
5693
5743
5739
5727
5727
5727
5727
5727
5727
5727
5727
5682
5682
5682
5706
5706
5680
5680
5691
5680
5717
5738
5738
5738
5738
5738
5693
5693
5693
5680
5680
5690
5703
5703
5690
5690
5690
5690
5680
5680
5680
5680
5680
5680
5680
5680
5680
5680
5690
5690
5685
5685
5674
5674
5674
5674
5674
5648
5648
5648
5648
5670
5670
5670
5670
5670
5670
5670
5670
5670
5650
5650
5650
5650
5650
5650
5650
5650
5650
5643
5643
5643
5643
5630
5630
5641
5630
5643
5643
5631
5631
5682
5687
5669
5655
5655
5664
5665
5665
5665
5665
5652
5652
5652
5652
5660
5660
5660
5660
5660
5660
5660
5660
5660
5660
5665
5665
5665
5665
5677
5728
5728
5732
5732
5732
5693
5693
5693
5707
5707
5707
5707
5674
5674
5668
5668
5671
5671
5647
5647
5647
5647
5647
5647
5647
5647
5647
5653
5653
5653
5647
5647
5647
5647
5647
5647
5653
5653
5653
5653
5647
5647
5647
5647
5647
5647
5647
5647
5647
5647
5647
5647
5647
5647
5647
5647
5647
5647
5647
5647
5654
5654
5654
5654
5647
5647
5647
5647
5647
5650
5650
5650
5664
5664
5664
5664
5664
5666
5666
5666
5666
5666
5693
5693
5667
5667
5667
5667
5667
5695
5695
5695
5690
5690
5690
5690
5690
5690
5690
5725
5725
5725
5725
5680
5734
5744
5744
5744
5744
5744
5744
5739
5743
5728
5728
5728
5728
5728
5728
5770
5762
5765
5765
5749
5756
5756
5756
5756
5740
5740
5717
5717
5717
5717
5717
5717
5717
5717
5734
5734
5734
5734
5734
5734
5734
5734
5734
5725
5721
5721
5721
5721
5721
5721
5721
5721
5721
5721
5721
5721
5721
5721
5721
5721
5721
5721
5721
5721
5721
5721
5721
5721
5721
5721
5721
5721
5721
5721
5721
5721
5721
5721
5721
5735
5733
5733
5733
5703
5703
5703
5703
5703
5703
5700
5700
5700
5700
5700
5700
5700
5700
5700
5700
5700
5700
5700
5700
5704
5704
5704
5704
5704
5700
5700
5700
5700
5700
5700
5700
5700
5726
5726
5726
5726
5726
5726
5726
5705
5700
5700
5701
5701
5701
5701
5701
5700
5700
5700
5700
5700
5700
5700
5700
5700
5714
5714
5714
5737
5737
5737
5737
5732
5721
5721
5721
5721
5721
5721
5721
5722
5722
5722
5722
5716
5716
5716
5716
5716
5716
5716
5710
5710
5737
5737
5737
5737
5786
5789
5789
5762
5762
5762
5762
5762
5750
5750
5750
5750
5750
5750
5750
5749
5749
5749
5749
5741
5741
5680
5680
5680
5688
5688
5665
5665
5665
5665
5657
5657
5657
5669
5669
5669
5669
5669
5669
5669
5666
5727
5736
5736
5736
5736
5736
5739
5739
5733
5706
5690
5690
5690
5690
5690
5690
5690
5690
5690
5724
5724
5737
5724
5724
5724
5724
5724
5724
5724
5724
5724
5709
5709
5709
5695
5695
5695
5695
5695
5695
5695
5695
5686
5686
5687
5687
5687
5687
5687
5687
5687
5687
5687
5687
5687
5687
5687
5679
5685
5685
5685
5718
5718
5706
5715
5679
5679
5679
5679
5683
5679
5679
5679
5679
5679
5679
5679
5679
5679
5679
5679
5679
5679
5679
5679
5679
5679
5679
5648
5648
5648
5608
5608
5608
5608
5608
5608
5608
5608
5608
5608
5608
5608
5608
5608
5615
5615
5608
5608
5608
5608
5608
5608
5608
5608
5608
5608
5608
5608
5608
5608
5608
5608
5608
5608
5608
5608
5608
5608
5608
5608
5608
5608
5609
5609
5609
5609
5609
5609
5608
5608
5608
5608
5608
5608
5608
5608
5608
5608
5608
5618
5608
5608
5608
5608
5608
5608
5608
5608
5608
5608
5608
5608
5608
5608
5608
5608
5608
5608
5621
5621
5621
5621
5621
5621
5621
5608
5608
5608
5608
5608
5608
5608
5608
5608
5606
5606
5606
5606
5601
5601
5601
5601
5601
5601
5601
5601
5601
5613
5613
5613
5613
5613
5613
5613
5613
5613
5613
5613
5613
5613
5613
5603
5603
5603
5603
5601
5601
5601
5602
5602
5601
5601
5601
5601
5601
5601
5601
5601
5601
5601
5619
5619
5601
5601
5601
5601
5601
5601
5601
5601
5612
5601
5601
5601
5601
5601
5601
5601
5601
5601
5601
5601
5601
5601
5601
5601
5601
5601
5601
5601
5601
5601
5580
5580
5544
5544
5546
5546
5546
5545
5553
5553
5553
5553
5553
5553
5553
5544
5544
5547
5552
5552
5544
5544
5544
5544
5544
5544
5544
5544
5546
5546
5572
5564
5561
5566
5566
5544
5544
5544
5570
5570
5571
5571
5571
5571
5571
5571
5571
5573
5573
5573
5571
5571
5571
5571
5569
5569
5571
5571
5558
5558
5558
5558
5558
5558
5558
5558
5558
5558
5581
5581
5581
5581
5573
5573
5573
5573
5573
5573
5573
5573
5573
5583
5606
5606
5596
5596
5596
5596
5574
5574
5574
5566
5566
5566
5566
5566
5566
5566
5594
5576
5576
5577
5577
5577
5570
5572
5572
5571
5571
5571
5571
5571
5571
5571
5571
5604
5604
5604
5604
5604
5604
5604
5604
5604
5604
5604
5604
5582
5557
5557
5550
5550
5550
5550
5550
5550
5550
5550
5550
5550
5550
5550
5550
5550
5550
5550
5550
5550
5549
5549
5549
5549
5549
5559
5559
5549
5549
5549
5549
5549
5549
5549
5544
5528
5528
5528
5528
5528
5528
5528
5528
5528
5528
5528
5528
5528
5528
5528
5528
5585
5556
5528
5528
5531
5531
5531
5531
5531
5528
5528
5528
5528
5528
5528
5528
5528
5528
5528
5537
5527
5527
5527
5527
5527
5527
5527
5527
5527
5527
5527
5527
5527
5527
5527
5527
5527
5527
5527
5527
5527
5527
5527
5527
5527
5527
5533
5533
5533
5533
5544
5544
5533
5527
5527
5527
5527
5536
5536
5536
5536
5543
5543
5543
5543
5536
5536
5536
5536
5536
5536
5536
5536
5536
5536
5536
5536
5536
5536
5536
5536
5536
5536
5536
5536
5540
5540
5536
5536
5536
5536
5536
5536
5536
5536
5536
5536
5549
5549
5549
5549
5549
5549
5536
5536
5536
5536
5536
5536
5536
5536
5536
5536
5536
5536
5539
5536
5536
5536
5536
5536
5536
5536
5536
5559
5559
5559
5559
5547
5547
5551
5551
5551
5551
5551
5551
5551
5551
5551
5546
5546
5546
5546
5546
5546
5546
5546
5546
5546
5546
5546
5546
5546
5546
5546
5546
5546
5546
5546
5546
5546
5546
5546
5546
5559
5546
5546
5553
5553
5553
5546
5546
5546
5546
5546
5546
5546
5546
5546
5546
5546
5546
5546
5550
5546
5546
5546
5546
5546
5546
5546
5556
5556
5546
5546
5546
5546
5546
5546
5546
5546
5546
5546
5551
5551
5546
5546
5527
5527
5527
5527
5527
5527
5527
5527
5527
5527
5527
5527
5527
5527
5527
5527
5527
5527
5527
5527
5527
5527
5527
5527
5527
5533
5527
5527
5527
5527
5527
5527
5527
5527
5527
5527
5527
5527
5527
5527
5527
5527
5527
5527
5527
5527
5527
5527
5527
5527
5527
5527
5533
5527
5527
5527
5527
5527
5527
5527
5527
5527
5527
5527
5527
5527
5527
5527
5527
5527
5527
5527
5527
5527
5527
5527
5527
5527
5527
5527
5527
5527
5527
5527
5527
5527
5527
5527
5527
5527
5527
5527
5527
5531
5531
5531
5531
5531
5531
5536
5540
5540
5545
5545
5545
5545
5545
5539
5539
5539
5539
5539
5539
5539
5539
5539
5539
5539
5539
5539
5539
5539
5539
5539
5539
5539
5539
5539
5539
5527
5527
5527
5527
5527
5527
5527
5527
5527
5527
5527
5527
5529
5529
5527
5527
5527
5527
5527
5527
5527
5527
5527
5527
5547
5547
5536
5536
5536
5536
5530
5530
5527
5527
5540
5541
5540
5540
5531
5527
5537
5537
5537
5537
5537
5537
5537
5537
5537
5537
5537
5537
5527
5527
5527
5527
5527
5527
5527
5527
5527
5527
5527
5527
5527
5527
5527
5527
5527
5527
5540
5540
5537
5561
5561
5547
5548
5548
5544
5544
5544
5528
5528
5528
5528
5528
5528
5528
5528
5528
5528
5528
5528
5528
5528
5528
5528
5528
5528
5528
5528
5528
5528
5528
5528
5528
5528
5528
5528
5528
5528
5527
5527
5527
5527
5527
5527
5527
5527
5527
5527
5527
5527
5527
5527
5527
5527
5527
5527
5527
5527
5527
5527
5527
5527
5527
5531
5531
5531
5531
5531
5557
5557
5557
5557
5557
5557
5557
5557
5557
5557
5557
5557
5557
5557
5557
5557
5557
5557
5552
5552
5552
5552
5552
5552
5552
5552
5552
5527
5527
5527
5527
5527
5527
5527
5527
5527
5527
5527
5527
5527
5527
5527
5527
5527
5527
5527
5527
5527
5527
5527
5527
5527
5527
5527
5527
5527
5532
5532
5532
5535
5535
5535
5535
5535
5535
5546
5546
5546
5541
5541
5541
5541
5541
5532
5532
5532
5532
5532
5532
5532
5532
5532
5532
5532
5532
5532
5532
5532
5532
5532
5532
5532
5532
5532
5532
5532
5532
5532
5532
5532
5532
5532
5532
5532
5532
5532
5532
5532
5532
5530
5530
5530
5530
5530
5530
5530
5547
5530
5530
5530
5530
5530
5530
5530
5534
5534
5534
5534
5534
5543
5543
5543
5543
5543
5543
5543
5543
5543
5543
5548
5548
5543
5543
5543
5543
5543
5543
5543
5543
5543
5543
5543
5543
5543
5543
5543
5543
5543
5543
5543
5543
5543
5543
5543
5543
5543
5543
5543
5543
5543
5543
5543
5543
5543
5543
5543
5543
5543
5543
5543
5543
5543
5543
5543
5545
5545
5543
5543
5543
5543
5543
5543
5543
5543
5543
5543
5543
5543
5543
5543
5547
5547
5547
5547
5547
5547
5547
5543
5543
5543
5543
5543
5543
5543
5543
5543
5543
5543
5543
5543
5543
5543
5547
5547
5547
5543
5543
5543
5543
5543
5543
5543
5543
5543
5543
5543
5543
5543
5543
5543
5543
5543
5543
5527
5527
5527
5527
5527
5527
5527
5527
5527
5527
5527
5527
5527
5527
5527
5527
5527
5527
5527
5527
5527
5527
5527
5527
5527
5527
5527
5527
5527
5527
5527
5527
5527
5527
5527
5527
5527
5527
5527
5527
5527
5527
5527
5527
5527
5527
5527
5527
5527
5527
5527
5527
5527
5527
5527
5527
5527
5527
5527
5527
5527
5527
5527
5527
5527
5527
5527
5527
5527
5527
5527
5527
5536
5536
5536
5536
5529
5529
5529
5529
5529
5529
5529
5529
5529
5527
5527
5527
5527
5527
5527
5527
5527
5527
5527
5527
5527
5527
5527
5527
5527
5527
5527
5527
5527
5527
5527
5527
5527
5527
5527
5527
5527
5527
5527
5527
5527
5527
5527
5527
5527
5527
5527
5527
5527
5527
5527
5527
5528
5528
5528
5527
5527
5527
5527
5527
5527
5527
5528
5528
5528
5528
5528
5528
5527
5527
5527
5527
5527
5527
5527
5527
5527
5527
5527
5527
5527
5527
5527
5527
5527
5527
5527
5527
5527
5527
5527
5527
5527
5527
5527
5527
5527
5527
5527
5527
5527
5527
5527
5527
5527
5527
5527
5527
5527
5530
5530
5530
5530
5530
5530
5530
5532
5527
5528
5528
5528
5528
5528
5528
5528
5528
5528
5528
5527
5529
5529
5529
5529
5529
5529
5529
5529
5529
5529
5529
5529
5529
5529
5527
5527
5527
5527
5527
5527
5527
5527
5527
5527
5527
5527
5527
5527
5527
5527
5527
5527
5527
5527
5527
5527
5527
5531
5531
5531
5531
5531
5531
5531
5531
5531
5531
5531
5531
5531
5527
5527
5527
5527
5527
5527
5527
5527
5527
5527
5527
5527
5527
5527
5527
5527
5527
5527
5527
5527
5527
5527
5527
5527
5527
5527
5527
5527
5527
5527
5527
5527
5527
5527
5527
5527
5527
5527
5527
5527
5527
5527
5527
5527
5527
5527
5527
5527
5527
5527
5527
5527
5527
5527
5527
5527
5527
5527
5527
5527
5527
5527
5527
5527
5528
5528
5528
5528
5528
5528
5527
5527
5527
5527
5527
5527
5527
5527
5527
5527
5527
5527
5527
5527
5527
5527
5527
5530
5530
5530
5530
5529
5527
5527
5527
5527
5527
5527
5527
5527
5527
5527
5527
5527
5527
5527
5527
5527
5527
5527
5527
5527
5527
5527
5527
5527
5527
5527
5527
5527
5527
5527
5527
5527
5527
5527
5527
5527
5527
5527
5527
5527
5527
5527
5527
5527
5527
5527
5527
5527
5527
5527
5527
5527
5527
5527
5527
5527
5527
5527
5527
5527
5527
5527
5527
5527
5527
5527
5527
5527
5527
5527
5527
5527
5527
5527
5527
5527
5527
5527
5527
5527
5527
5527
5527
5527
5527
5528
5528
5528
5528
5528
5528
5528
5528
5528
5528
5528
5528
5528
5528
5528
5528
5527
5527
5527
5527
5527
5527
5527
5527
5527
5527
5527
5527
5527
5527
5527
5527
5527
5527
5527
5527
5527
5527
5527
5527
5527
5527
5531
5531
5531
5531
5531
5531
5531
5531
5531
5527
5527
5527
5527
5527
5527
5527
5527
5527
5527
5527
5527
5527
5527
5527
5527
5527
5527
5527
5527
5527
5527
5527
5527
5527
5527
5527
5527
5527
5527
5527
5527
5527
5527
5527
5527
5527
5527
5527
5527
5527
5527
5527
5527
5527
5527
5527
5527
5527
5527
5527
5527
5527
5527
5527
5527
5527
5527
5527
5527
5527
5527
5527
5527
5527
5527
5527
5527
5527
5527
5527
5527
5528
5528
5528
5528
5528
5528
5528
5528
5528
5528
5528
5528
5528
5528
5528
5527
5527
5527
5527
5527
5527
5527
5527
5527
5527
5527
5527
5527
5527
5527
5527
5527
5527
5527
5527
5527
5527
5527
5527
5527
5527
5527
5527
5527
5527
5527
5527
5527
5527
5527
5527
5527
5527
5527
5527
5527
5527
5527
5527
5527
5527
5527
5527
5527
5527
5527
5527
5527
5527
5527
5527
5527
5527
5527
5527
5527
5527
5527
5527
5527
5527
5527
5527
5527
5527
5527
5527
5527
5527
5527
5527
5527
5527
5527
5527
5527
5527
5527
5527
5527
5527
5527
5527
5527
5527
5527
5527
5527
5527
5527
5527
5527
5527
5527
5527
5527
5527
5527
5527
5527
5527
5527
5527
5527
5527
5527
5527
5527
5527
5527
5527
5527
5527
5527
5527
5527
5527
5527
5527
5527
5527
5527
5527
5527
5527
5527
5527
5527
5527
5527
5527
5527
5527
5527
5527
5527
5527
5527
5527
5527
5527
5527
5527
5527
5527
5527
5527
5527
5527
5527
5527
5527
5527
5527
5527
5529
5529
5529
5529
5529
5529
5529
5529
5529
5527
5527
5527
5527
5527
5527
5527
5527
5527
5527
5527
5527
5527
5527
5527
5527
5527
5527
5527
5527
5527
5527
5527
5527
5527
5527
5527
5527
5527
5527
5527
5527
5527
5527
5527
5527
5527
5527
5527
5527
5527
5527
5527
5527
5527
5527
5527
5527
5527
5527
5527
5527
5527
5527
5527
5527
5527
5527
5527
5527
5527
5527
5527
5527
5527
5527
5527
5527
5527
5527
5527
5527
5527
5527
5527
5527
5527
5527
5527
5527
5527
5527
5527
5527
5527
5527
5527
5527
5527
5527
5528
5528
5528
5528
5528
5528
5528
5528
5528
5527
5527
5527
5527
5527
5527
5527
5527
5527
5527
5527
5527
5527
5527
5527
5527
5527
5527
5527
5527
5527
5527
5527
5527
5527
5527
5527
5527
5527
5527
5527
5527
5527
5527
5527
5527
5527
5527
5528
5528
5527
5527
5527
5527
5527
5527
5527
5527
5527
5528
5528
5530
5527
5527
5527
5527
5527
5530
5530
5527
5527
5527
5527
5527
5527
5527
5527
5527
5527
5527
5527
5527
5527
5527
5527
5527
5527
5527
5527
5527
5527
5527
5527
5527
5527
5527
5527
5527
5527
5527
5527
5527
5527
5527
5527
5527
5527
5527
5527
5527
5527
5527
5527
5527
5527
5527
5527
5527
5527
5527
5527
5527
5527
5527
5527
5527
5527
5527
5530
5530
5530
5530
5530
5527
5527
5527
5527
5527
5527
5527
5527
5527
5527
5527
5527
5527
5527
5527
5527
5527
5527
5528
5528
5531
5531
5531
5531
5531
5531
5527
5527
5527
5527
5527
5527
5527
5527
5527
5527
5531
5531
5531
5531
5531
5531
5527
5527
5527
5527
5527
5527
5527
5527
5527
5527
5527
5527
5527
5527
5527
5527
5527
5527
5527
5527
5527
5527
5527
5527
5527
5527
5527
5527
5527
5527
5527
5530
5527
5527
5527
5527
5527
5527
5527
5527
5527
5527
5527
5527
5527
5527
5527
5527
5527
5527
5527
5528
5528
5528
5528
5528
5528
5528
5527
5527
5527
5527
5527
5527
5527
5527
5527
5527
5527
5527
5527
5527
5527
5527
5527
5527
5527
5527
5527
5527
5527
5527
5527
5527
5527
5527
5527
5527
5527
5527
5527
5527
5527
5527
5527
5527
5527
5527
5527
5527
5527
5527
5527
5527
5527
5527
5527
5527
5527
5527
5527
5527
5527
5527
5527
5527
5527
5527
5527
5527
5527
5527
5527
5527
5527
5527
5527
5527
5527
5527
5527
5527
5527
5527
5527
5527
5527
5527
5527
5527
5527
5527
5527
5527
5527
5527
5527
5527
5527
5527
5527
5527
5527
5527
5527
5527
5527
5527
5527
5527
5527
5527
5527
5527
5527
5527
5527
5527
5527
5527
5527
5527
5527
5527
5527
5527
5527
5527
5527
5527
5527
5527
5527
5527
5527
5527
5527
5527
5527
5527
5527
5527
5527
5527
5527
5527
5527
5527
5527
5527
5527
5527
5527
5527
5527
5527
5527
5527
5527
5527
5527
5527
5527
5527
5527
5527
5527
5527
5527
5527
5527
5527
5527
5531
5531
5531
5527
5527
5527
5527
5527
5527
5527
5527
5527
5527
5527
5527
5527
5527
5527
5527
5527
5527
5527
5527
5527
5527
5527
5527
5527
5527
5527
5527
5527
5527
5527
5527
5527
5527
5527
5527
5527
5527
5527
5527
5527
5527
5527
5527
5527
5527
5527
5527
5527
5527
5527
5527
5527
5527
5527
5527
5527
5527
5527
5527
5527
5527
5527
5527
5527
5527
5527
5527
5527
5527
5527
5527
5527
5527
5527
5527
5527
5527
5530
5530
5527
5527
5527
5527
5527
5527
5527
5527
5529
5529
5529
5529
5529
5529
5529
5529
5529
5529
5529
5529
5529
5529
5529
5529
5529
5529
5529
5529
5529
5529
5529
5529
5529
5529
5529
5529
5529
5529
5529
5529
5529
5529
5529
5529
5529
5529
5529
5532
5532
5532
5532
5532
5532
5529
5529
5529
5529
5529
5529
5529
5529
5529
5529
5529
5529
5529
5529
5529
5529
5529
5529
5529
5529
5529
5529
5529
5529
5529
5529
5529
5529
5529
5529
5529
5529
5529
5529
5529
5529
5529
5529
5529
5529
5529
5529
5529
5529
5529
5529
5529
5529
5529
5529
5529
5529
5529
5529
5529
5529
5529
5529
5529
5529
5529
5529
5529
5529
5529
5529
5529
5529
5529
5529
5529
5529
5529
5529
5529
5529
5529
5529
5529
5529
5529
5529
5529
5529
5529
5529
5529
5529
5529
5529
5529
5527
5527
5527
5527
5527
5533
5533
5533
5533
5533
5533
5527
5527
5527
5527
5527
5527
5527
5527
5527
5527
5527
5527
5527
5527
5527
5527
5527
5527
5527
5527
5527
5527
5527
5527
5527
5527
5527
5527
5527
5528
5528
5527
5527
5527
5527
5527
5527
5527
5527
5527
5527
5528
5528
5528
5527
5527
5527
5527
5527
5527
5527
5527
5527
5527
5527
5527
5527
5527
5527
5527
5527
5527
5527
5527
5527
5527
5527
5527
5527
5527
5527
5527
5527
5527
5527
5527
5527
5527
5527
5527
5527
5527
5527
5527
5527
5527
5527
5527
5527
5527
5527
5527
5527
5527
5527
5527
5527
5527
5528
5528
5528
5528
5528
5528
5528
5527
5527
5527
5527
5527
5527
5527
5527
5527
5527
5527
5527
5527
5527
5527
5527
5527
5527
5527
5527
5527
5527
5527
5527
5527
5527
5527
5527
5527
5527
5527
5527
5527
5527
5527
5527
5527
5527
5527
5527
5527
5527
5527
5527
5527
5527
5527
5527
5527
5527
5527
5527
5527
5527
5527
5527
5527
5527
5527
5527
5527
5527
5527
5527
5527
5527
5527
5527
5527
5527
5527
5527
5527
5527
5527
5527
5527
5527
5527
5527
5527
5527
5527
5527
5527
5527
5527
5527
5527
5527
5527
5527
5527
5527
5527
5527
5527
5527
5527
5527
5527
5527
5527
5527
5527
5527
5527
5527
5527
5527
5527
5527
5527
5527
5527
5527
5527
5527
5527
5527
5527
5527
5527
5527
5527
5527
5527
5527
5527
5527
5527
5527
5527
5527
5527
5527
5527
5527
5527
5527
5527
5527
5527
5527
5527
5527
5527
5527
5527
5527
5527
5527
5527
5527
5527
5527
5531
5531
5531
5532
5532
5532
5532
5532
5532
5532
5532
5532
5532
5527
5527
5527
5527
5527
5527
5527
5527
5527
5527
5527
5527
5527
5527
5527
5527
5527
5527
5527
5527
5527
5527
5527
5527
5527
5527
5527
5527
5527
5527
5527
5527
5527
5527
5527
5527
5527
5527
5527
5527
5527
5527
5527
5527
5527
5527
5527
5527
5527
5527
5527
5527
5527
5527
5527
5527
5527
5527
5527
5527
5527
5527
5527
5527
5527
5527
5527
5527
5527
5527
5527
5527
5527
5527
5530
5530
5530
5530
5527
5534
5534
5534
5534
5534
5534
5534
5534
5534
5527
5527
5527
5527
5527
5527
5527
5527
5527
5527
5527
5527
5527
5527
5527
5527
5527
5527
5536
5536
5536
5536
5536
5536
5536
5536
5536
5536
5536
5536
5536
5536
5536
5536
5536
5536
5536
5536
5536
5536
5536
5536
5536
5536
5536
5536
5536
5536
5536
5536
5536
5536
5536
5536
5536
5536
5536
5536
5536
5536
5536
5536
5536
5536
5536
5536
5536
5536
5536
5536
5536
5536
5536
5536
5536
5536
5536
5536
5536
5536
5536
5536
5536
5536
5536
5536
5536
5536
5536
5536
5536
5536
5536
5536
5536
5536
5536
5536
5536
5536
5536
5536
5536
5536
5536
5536
5536
5536
5536
5536
5536
5536
5536
5536
5536
5536
5536
5536
5536
5536
5536
5536
5536
5536
5536
5536
5536
5536
5536
5536
5536
5536
5536
5536
5536
5536
5536
5536
5536
5537
5537
5537
5537
5537
5537
5537
5537
5537
5537
5537
5537
5537
5537
5536
5536
5536
5536
5536
5536
5536
5536
5536
5536
5536
5536
5536
5536
5536
5536
5536
5536
5536
5536
5536
5536
5536
5536
5536
5536
5536
5536
5536
5536
5536
5536
5536
5536
5536
5536
5536
5536
5536
5536
5536
5536
5536
5536
5536
5536
5536
5536
5536
5536
5536
5536
5536
5536
5536
5536
5536
5536
5536
5536
5536
5536
5536
5536
5536
5536
5536
5536
5536
5539
5539
5539
5539
5539
5539
5539
5539
5536
5536
5536
5527
5527
5527
5527
5527
5527
5527
5527
5529
5529
5529
5529
5529
5529
5529
5527
5527
5527
5527
5527
5527
5532
5532
5532
5532
5532
5532
5532
5532
5532
5532
5532
5532
5532
5532
5532
5532
5530
5530
5530
5530
5530
5530
5530
5530
5530
5530
5530
5527
5527
5527
5527
5527
5527
5527
5527
5527
5527
5527
5527
5527
5527
5527
5527
5527
5527
5527
5527
5527
5527
5527
5527
5527
5527
5527
5527
5527
5527
5527
5527
5527
5527
5527
5527
5527
5527
5527
5527
5527
5527
5527
5527
5527
5527
5533
5533
5533
5527
5527
5527
5527
5527
5527
5527
5527
5527
5527
5527
5527
5527
5527
5527
5527
5527
5527
5527
5527
5527
5527
5527
5527
5527
5527
5527
5527
5527
5527
5527
5527
5527
5527
5527
5527
5527
5527
5527
5527
5527
5527
5527
5527
5527
5527
5527
5527
5527
5527
5527
5527
5527
5527
5527
5527
5527
5527
5527
5527
5527
5527
5527
5527
5527
5527
5527
5527
5527
5527
5527
5527
5527
5527
5527
5527
5527
5527
5527
5527
5527
5527
5527
5527
5527
5527
5527
5527
5527
5527
5527
5527
5527
5527
5527
5527
5527
5527
5527
5527
5527
5527
5527
5527
5527
5527
5527
5527
5527
5527
5527
5527
5527
5527
5527
5527
5527
5527
5527
5527
5527
5527
5527
5527
5527
5527
5527
5527
5527
5527
5527
5527
5527
5527
5527
5527
5527
5527
5527
5534
5534
5534
5534
5534
5534
5534
5534
5534
5534
5534
5529
5529
5529
5529
5529
5529
5529
5529
5529
5529
5529
5529
5529
5529
5529
5529
5529
5529
5536
5536
5536
5538
5538
5538
5538
5538
5538
5538
5538
5527
5527
5527
5527
5527
5527
5527
5527
5527
5527
5527
5527
5527
5527
5527
5527
5527
5527
5527
5527
5527
5527
5527
5527
5527
5527
5527
5527
5527
5527
5529
5529
5527
5527
5527
5527
5529
5529
5529
5529
5527
5527
5527
5527
5527
5527
5527
5527
5527
5527
5527
5527
5527
5527
5527
5527
5527
5527
5527
5527
5527
5527
5527
5527
5527
5527
5527
5527
5527
5527
5527
5527
5527
5527
5528
5528
5528
5528
5528
5528
5528
5528
5528
5528
5528
5528
5528
5528
5528
5528
5528
5528
5528
5528
5528
5528
5528
5528
5528
5528
5528
5527
5527
5527
5527
5527
5527
5527
5527
5527
5527
5527
5527
5527
5527
5527
5527
5527
5527
5527
5527
5529
5529
5527
5527
5527
5527
5527
5527
5527
5527
5527
5527
5527
5527
5527
5527
5527
5527
5527
5527
5527
5527
5527
5527
5527
5527
5527
5527
5527
5527
5527
5527
5527
5527
5527
5527
5527
5527
5527
5527
5527
5527
5527
5527
5527
5527
5527
5527
5527
5527
5527
5527
5527
5527
5530
5530
5530
5530
5530
5530
5530
5530
5530
5530
5530
5530
5530
5530
5530
5530
5530
5530
5530
5527
5527
5527
5527
5527
5527
5527
5527
5527
5527
5527
5527
5527
5527
5527
5527
5527
5527
5527
5527
5527
5527
5527
5527
5527
5527
5527
5527
5527
5527
5527
5527
5527
5527
5527
5527
5527
5527
5527
5527
5527
5527
5527
5527
5527
5527
5527
5527
5527
5527
5527
5527
5527
5527
5527
5527
5527
5527
5527
5527
5527
5527
5527
5527
5527
5527
5527
5527
5527
5527
5527
5527
5527
5527
5527
5527
5527
