6850
6883
6883
6883
6833
6859
6848
6898
6849
6863
6930
6868
6885
6885
6885
6817
6754
6799
6737
6711
6711
6689
6689
6701
6736
6807
6790
6773
6773
6814
6900
6900
6904
6894
6925
6925
6900
6910
6917
7031
7003
7003
6987
7020
7020
7005
7005
7007
7036
7028
6926
6965
7002
6934
6981
6981
6949
7027
6991
6982
6982
6982
6983
6983
6982
6935
6930
6988
6984
6958
6909
6882
6871
6874
6850
6850
6871
6812
6842
6880
6939
6939
6939
6939
6939
6965
6863
6778
6719
6753
6806
6821
6813
6821
6856
6856
6897
6915
6933
6933
6838
6802
6839
6846
6842
6875
6875
6853
6816
6789
6756
6771
6788
6779
6754
6715
6733
6734
6703
6789
6789
6746
6765
6802
6802
6804
6731
6731
6747
6758
6769
6842
6941
6941
6961
6941
6915
6853
6849
6775
6775
6785
6772
6787
6760
6760
6767
6767
6783
6776
6803
6773
6752
6693
6674
6674
6674
6715
6635
6688
6688
6692
6707
6722
6722
6746
6711
6731
6731
6727
6727
6767
6772
6763
6742
6759
6754
6719
6724
6730
6776
6776
6816
6780
6764
6772
6772
6791
6762
6762
6767
6770
6770
6817
6825
6906
6914
6926
6901
6896
6866
6877
6877
6869
6867
6789
6791
6791
6791
6790
6867
6867
6851
6778
6708
6689
6689
6647
6647
6647
6644
6644
6595
6595
6597
6630
6630
6648
6580
6580
6590
6602
6602
6541
6520
6576
6566
6615
6630
6637
6761
6841
6883
6883
6831
6751
6781
6799
6717
6717
6750
6744
6806
6869
6879
6879
6917
6883
6872
6783
6764
6795
6821
6857
6757
6733
6733
6802
6894
6894
6906
6904
6904
6925
6903
6972
6874
6791
6710
6620
6654
6635
6695
6695
6695
6663
6749
6820
6820
6858
6858
6794
6794
6802
6797
6797
6731
6753
6784
6782
6647
6679
6696
6770
6784
6767
6788
6801
6680
6673
6611
6570
6570
6641
6641
6716
6633
6641
6653
6671
6716
6716
6757
6802
6749
6759
6759
6762
6725
6785
6785
6804
6873
6833
6853
6950
6898
6898
6811
6840
6816
6838
6871
6871
6893
6868
6878
6895
6906
6967
6886
6861
6861
6834
6834
6834
6836
6913
6875
6875
6886
6872
6839
6839
6823
6816
6896
6798
6856
6819
6847
6915
6908
6856
6875
6872
6867
6849
6832
6932
6932
6991
6991
6981
6961
6929
6933
7027
7035
7016
7053
7053
7066
7077
7124
7091
7101
7070
7032
7032
6920
6944
6919
6967
6974
7054
7054
7105
7099
7040
7082
7002
6957
6957
6885
6937
6953
6953
6984
6987
6936
6917
6917
6952
6916
6899
6913
6913
6940
6940
6921
6869
6980
6980
6942
6962
6962
6973
6962
6955
6947
6961
6884
6884
6911
6867
6830
6830
6802
6810
6810
6914
6917
6904
6904
6871
6948
7032
7032
7013
7013
7018
7066
7079
7027
7029
6991
6995
6943
6943
6939
6931
6982
6952
6990
6943
7054
7094
7094
7066
7143
7048
6943
6966
6966
6880
6880
6922
6942
6930
6831
6831
6801
6756
6736
6725
6772
6772
6819
6793
6875
6904
6939
6963
6950
6957
6950
6859
6835
6812
6812
6755
6768
6795
6795
6808
6800
6721
6713
6783
6779
6676
6678
6676
6648
6638
6653
6773
6779
6801
6707
6666
6695
6690
6715
6665
6665
6665
6739
6685
6706
6762
6750
6814
6795
6708
6795
6824
6851
6824
6804
6804
6819
6811
6794
6757
6757
6685
6672
6731
6714
6664
6664
6565
6574
6549
6579
6572
6526
6642
6615
6638
6672
6621
6620
6671
6711
6711
6727
6613
6655
6606
6633
6633
6633
6691
6679
6677
6644
6681
6713
6726
6698
6698
6698
6683
6657
6650
6653
6653
6634
6604
6669
6663
6659
6623
6623
6583
6600
6616
6650
6650
6698
6698
6684
6612
6642
6721
6739
6776
6694
6602
6519
6608
6625
6626
6690
6690
6670
6698
6698
6698
6698
6706
6709
6641
6641
6628
6605
6671
6652
6727
6682
6682
6694
6666
6666
6619
6642
6633
6635
6661
6607
6607
6612
6658
6669
6687
6657
6700
6703
6653
6675
6798
6895
6888
6903
6821
6799
6858
6885
6956
6956
6943
6927
6896
6903
6831
6841
6804
6745
6825
6831
6853
6821
6858
6881
6925
6922
6898
6963
6991
6914
6822
6868
6821
6749
6813
6884
6919
6964
6847
6791
6796
6799
6809
6821
6824
6806
6795
6759
6804
6806
6783
6807
6724
6729
6690
6690
6719
6719
6749
6743
6774
6774
6786
6786
6832
6935
6935
6997
7041
7091
7054
7015
7021
7003
6965
6966
6966
6982
6958
7013
7007
7080
7062
7062
7062
7110
7028
7028
7032
6964
7007
7006
7023
7031
7004
7034
7034
7030
7047
7043
7063
7039
7039
6998
6998
7092
7100
6975
6997
7001
7092
7069
7069
7073
7053
7053
7035
7151
7058
7136
7169
7146
7156
7182
7138
7138
7138
7142
7046
7015
6979
6915
6892
6981
6956
7002
7002
7044
7044
7061
7062
6969
6946
6897
6868
6856
6838
6794
6818
6819
6815
6849
6885
6896
6966
6973
6980
6974
6988
6988
6938
6938
6938
6991
7052
7088
7101
6990
7003
6983
6914
6898
6921
6948
7021
7085
7110
7110
7130
7156
7093
7088
7005
6941
6903
6981
6989
6989
7011
6960
6896
6894
6867
6908
6858
6858
6888
6888
6978
6978
6978
6967
6890
6884
6865
6865
6865
6865
6865
6865
6839
6754
6749
6780
6722
6662
6691
6662
6652
6652
6720
6679
6679
6760
6760
6827
6787
6787
6773
6827
6827
6855
6855
6973
7075
7063
7056
7051
7051
6926
6926
6908
6924
6925
6922
6975
6956
6997
6999
7042
7042
7014
6963
6965
6909
6826
6773
6875
6907
6957
7001
7015
6932
6871
6871
6771
6771
6771
6734
6850
6847
6840
6753
6763
6703
6696
6661
6679
6666
6684
6687
6687
6803
6803
6779
6780
6779
6825
6825
6825
6868
6764
6764
6745
6745
6738
6816
6829
6766
6766
6766
6779
6790
6771
6805
6759
6759
6749
6716
6794
6794
6874
6874
6832
6832
6846
6846
6846
6836
6806
6806
6806
6737
6669
6669
6659
6659
6722
6769
6822
6822
6822
6809
6778
6766
6754
6754
6724
6796
6872
6895
6895
6860
6860
6902
6854
6849
6818
6818
6803
6856
6776
6719
6682
6744
6751
6694
6694
6710
6710
6740
6740
6740
6770
6775
6780
6724
6771
6769
6776
6842
6860
6860
6794
6780
6809
6841
6841
6841
6841
6915
6891
6935
6872
6829
6871
6886
6850
6910
6940
6940
6913
6885
7000
7000
7005
7005
6947
6993
6993
6990
6990
7075
7160
7153
7153
7096
7040
7004
7032
7022
7098
7098
7093
7218
7179
7122
7122
7137
7109
7085
7078
6985
7046
7072
7141
7215
7309
7309
7254
7191
7183
7187
7288
7245
7257
7178
7289
7289
7289
7283
7283
7290
7230
7230
7346
7364
7364
7270
7172
7203
7181
7170
7170
7170
7144
7199
7272
7186
7084
7129
7077
7087
6996
6976
6936
6991
6971
6971
6971
6979
6979
6997
6957
6947
6947
6893
6882
6879
6879
6944
6985
6973
6973
6970
6970
6924
6924
6924
6966
7002
7026
7116
7191
7219
7297
7245
7245
7200
7200
7236
7291
7291
7299
7256
7289
7229
7270
7270
7208
7330
7304
7333
7315
7369
7369
7342
7259
7283
7227
7259
7259
7185
7081
7094
7107
7039
7050
7096
7051
7019
6887
6869
6869
6872
6850
6850
6829
6827
6900
6903
6868
6817
6782
6897
6881
6903
6903
6857
6818
6706
6719
6719
6767
6767
6767
6767
6798
6798
6784
6746
6746
6746
6779
6795
6737
6778
6790
6790
6772
6865
6865
6799
6799
6799
6799
6762
6737
6788
6788
6809
6762
6754
6735
6709
6709
6674
6725
6680
6696
6801
6804
6851
6804
6831
6831
6939
6894
6957
6974
6940
6918
6924
6850
6872
6851
6851
6830
6815
6789
6759
6759
6735
6735
6759
6743
6754
6755
6741
6762
6703
6703
6653
6653
6710
6760
6760
6772
6772
6773
6741
6789
6789
6789
6789
6762
6799
6708
6761
6824
6830
6779
6779
6782
6768
6723
6738
6772
6772
6774
6770
6836
6836
6892
6854
6804
6736
6736
6723
6670
6731
6645
6666
6666
6630
6629
6629
6696
6696
6721
6714
6693
6703
6710
6710
6710
6720
6720
6754
6781
6866
6866
6866
6866
6934
6907
6907
6907
6902
6886
6886
6837
6837
6887
6798
6764
6825
6729
6729
6680
6726
6748
6826
6794
6773
6784
6773
6820
6820
6953
6880
6880
6801
6801
6801
6801
6829
6829
6931
6911
6789
6876
6861
6856
6856
6856
6832
6808
6839
6765
6830
6765
6727
6694
6694
6669
6669
6669
6741
6696
6738
6738
6738
6732
6693
6698
6729
6731
6731
6746
6672
6673
6673
6655
6629
6611
6611
6642
6624
6655
6673
6751
6751
6749
6740
6740
6834
6914
6945
6906
6899
6926
6956
6862
6953
6947
6860
6753
6748
6757
6746
6644
6634
6687
6649
6724
6724
6721
6685
6685
6588
6599
6534
6534
6561
6627
6606
6553
6579
6553
6513
6552
6576
6576
6603
6603
6609
6658
6615
6622
6622
6678
6772
6697
6702
6652
6627
6620
6620
6620
6653
6737
6828
6828
6783
6783
6704
6699
6731
6731
6769
6823
6823
6876
6943
6997
6919
6957
6957
6957
6936
6993
7000
6999
6908
6919
6824
6672
6691
6822
6786
6849
6849
6875
6826
6826
6824
6809
6820
6820
6820
6820
6899
6859
6849
6882
6882
6810
6758
6761
6748
6736
6727
6727
6727
6735
6729
6728
6700
6700
6774
6774
6820
6826
6863
6884
6882
6922
6922
6902
6951
7008
6987
6954
6902
6841
6784
6828
6829
6779
6891
6945
6950
6934
6928
6929
6929
6867
6795
6830
6810
6789
6784
6705
6705
6694
6713
6739
6722
6712
6769
6769
6779
6797
6809
6883
6886
6883
6854
6833
6812
6817
6912
6912
6901
6848
6873
6873
6881
6880
6892
6892
6913
6926
7009
7039
7057
7057
7124
7055
7044
6979
6973
6973
6910
6910
6944
6956
6872
7000
7000
6971
6950
6950
6950
6911
6880
6880
6866
6866
6905
6905
6905
6797
6829
6829
6897
6897
6897
6897
6897
6934
6928
6910
6910
6907
6907
6907
6888
6896
6870
6870
6873
6897
6835
6873
6845
6858
6856
6856
6878
6911
6903
6903
6956
6956
6956
6938
6889
6892
6871
6899
6840
6806
6826
6826
6826
6865
6837
6941
6942
6860
6964
6971
6971
6947
6837
6837
6809
6834
6780
6859
6836
6814
6808
6772
6772
6803
6756
6726
6818
6818
6748
6662
6755
6755
6766
6849
6796
6796
6796
6796
6887
6991
6991
6993
6918
7042
7070
6961
6897
6897
6849
6875
6822
6822
6792
6792
6769
6754
6666
6666
6641
6664
6645
6645
6668
6668
6677
6600
6668
6623
6597
6570
6539
6539
6563
6584
6562
6562
6562
6537
6597
6583
6595
6597
6645
6654
6679
6668
6747
6747
6741
6699
6699
6844
6844
6816
6932
6879
6855
6851
6851
6851
6851
6917
6920
6932
6932
6932
6908
6887
6887
6862
6857
6881
6881
6872
6818
6886
6874
6874
6874
6874
6894
6894
6892
6892
6889
6863
6820
6766
6766
6794
6794
6794
6887
6931
6914
6872
6880
6774
6760
6819
6794
6775
6775
6735
6641
6641
6641
6663
6709
6709
6687
6677
6693
6819
6773
6771
6729
6806
6806
6806
6801
6801
6801
6801
6800
6843
6752
6784
6805
6808
6808
6855
6855
6855
6922
6929
6873
6868
6853
6869
6897
6893
6918
6920
6817
6733
6708
6712
6687
6685
6724
6724
6709
6703
6716
6816
6773
6775
6808
6792
6847
6922
6931
6889
6900
6855
6874
6858
6843
6846
6846
6846
6808
6860
6853
6866
6824
6865
6861
6881
6881
6822
6794
6767
6756
6693
6627
6646
6646
6677
6677
6677
6677
6681
6702
6671
6668
6668
6696
6682
6768
6760
6830
6830
6755
6805
6835
6835
6810
6810
6806
6877
6818
6754
6712
6750
6713
6733
6757
6757
6757
6774
6787
6798
6798
6796
6776
6694
6634
6698
6707
6736
6666
6693
6772
6772
6819
6819
6819
6840
6852
6907
6837
6837
6857
6857
6909
6909
6909
6906
6813
6813
6778
6809
6792
6767
6767
6789
6789
6752
6697
6627
6637
6595
6624
6631
6631
6631
6731
6780
6784
6907
6907
6894
6849
6843
6832
6832
6916
6916
6976
6976
7042
7061
6998
6928
6928
6936
6936
6928
6906
6952
6954
6954
6896
6856
6874
6874
6854
6873
6876
6851
6863
6826
6794
6713
6713
6594
6594
6631
6644
6754
6761
6802
6858
6889
6948
6942
6956
6956
6956
7050
7047
6997
6997
6973
6973
6932
6926
6920
6890
6748
6748
6722
6776
6743
6795
6795
6772
6811
6770
6770
6768
6756
6725
6725
6855
6843
6843
6843
6843
6807
6808
6808
6871
6970
7012
7030
7030
6979
6938
6887
6902
6902
6834
6891
6891
6917
6917
6866
6799
6799
6799
6825
6783
6783
6745
6725
6741
6755
6678
6789
6789
6848
6863
6870
6882
6882
6882
6901
6866
6860
6860
6838
6838
6843
6843
6910
6932
6983
6942
6942
6883
6886
6917
6917
6938
6938
6938
7012
7039
7055
7084
7037
7078
7146
7164
7083
7049
7016
7031
7006
6919
6972
6980
6980
6952
6949
6934
6938
6924
6924
6875
6891
6926
6926
6929
6944
6831
6847
6847
6861
6880
6880
6834
6924
6924
6892
6947
6933
6857
6849
6849
6865
6865
6962
6962
6975
6977
6977
6975
6963
6963
6940
6952
6952
6952
6997
7040
7087
7069
7071
7071
6998
6998
7062
7008
7006
7030
6959
6990
7016
7016
7016
6982
7068
7109
7090
7109
7100
7088
7002
7048
7049
7042
7044
7065
7079
7079
6952
6952
6827
6781
6781
6647
6675
6672
6664
6780
6829
6817
6867
6792
6821
6821
6800
6800
6819
6783
6808
6810
6744
6632
6632
6613
6613
6655
6655
6665
6667
6618
6618
6582
6559
6615
6615
6649
6648
6709
6692
6705
6714
6714
6714
6699
6714
6714
6714
6714
6781
6781
6744
6698
6761
6780
6719
6719
6726
6740
6755
6762
6797
6797
6797
6803
6814
6770
6770
6770
6742
6846
6748
6790
6790
6734
6768
6768
6754
6819
6804
6804
6851
6914
6954
6953
6859
6842
6776
6835
6922
6922
6922
6922
6919
6920
6889
6895
6997
7009
7009
6990
7003
6934
6907
6895
6888
6905
6908
6886
6804
6789
6739
6825
6791
6856
6807
6807
6854
6851
6878
6833
6911
6935
6993
6928
6869
7013
7062
6908
6945
6908
6908
6908
6899
6862
6797
6850
6850
6912
6918
6811
6805
6786
6786
6751
6751
6746
6766
6771
6817
6774
6833
6863
6863
6863
6863
6871
6921
6966
6960
7027
6948
7050
7058
7058
7051
7050
7018
6982
7053
7007
6917
6874
6871
6828
6826
6834
6791
6784
6736
6676
6738
6733
6783
6783
6783
6791
6787
6735
6761
6698
6698
6625
6651
6717
6649
6649
6668
6668
6683
6683
6703
6766
6760
6791
6791
6808
6714
6768
6755
6740
6679
6672
6631
6609
6617
6601
6613
6626
6669
6797
6777
6803
6803
6910
6876
6850
6858
6779
6814
6918
6886
6938
6938
6938
6938
6968
6968
6919
6842
6891
6866
6877
6796
6796
6796
6870
6836
6825
6827
6814
6797
6797
6785
6785
6749
6737
6695
6632
6587
6587
6612
6642
6648
6648
6663
6663
6677
6709
6639
6690
6685
6679
6638
6630
6676
6705
6765
6768
6729
6748
6757
6702
6702
6702
6647
6647
6639
6639
6723
6723
6734
6734
6696
6769
6794
6794
6794
6721
6747
6726
6748
6781
6781
6781
6767
6788
6738
6738
6766
6766
6742
6766
6704
6700
6703
6663
6706
6706
6656
6622
6608
6608
6672
6672
6677
6707
6699
6699
6757
6757
6760
6726
6702
6707
6707
6765
6823
6796
6818
6846
6797
6857
6857
6843
6892
6864
6857
6901
6901
6901
6901
6897
6919
6970
6997
6972
6985
6985
6947
6903
6852
6801
6861
6861
6878
6878
6878
6823
6866
6827
6827
6832
6817
6852
6852
6852
6770
6770
6810
6780
6786
6786
6786
6786
6752
6750
6763
6764
6822
6898
7016
6913
7004
7004
7008
7003
7003
7003
7003
7024
6899
6896
6850
6850
6885
6898
6864
6852
6901
6905
6971
7041
7026
7026
7068
7095
7089
7074
7074
7089
7060
7060
7121
7121
7121
7107
7107
7029
7028
7028
7028
7028
6980
6980
7024
7040
7040
7040
7040
7040
7049
7063
7063
7031
7068
7068
7079
7043
7043
7031
7031
7014
7014
6972
6977
6977
6969
6991
6927
6927
6907
6884
6918
6921
6921
6921
6943
6943
6943
6943
6901
6984
6922
6940
6940
6831
6831
6813
6813
6819
6823
6823
6823
6755
6755
6715
6707
6707
6707
6750
6743
6806
6806
6853
6774
6869
6877
6877
6956
6973
6913
6892
6935
6935
6935
6894
6986
6902
6778
6751
6751
6751
6711
6723
6723
6713
6688
6743
6719
6719
6779
6727
6755
6713
6723
6726
6715
6700
6737
6751
6751
6751
6804
6824
6883
6826
6871
6747
6747
6720
6724
6724
6732
6674
6687
6560
6560
6644
6576
6589
6483
6483
6457
6431
6431
6487
6484
6480
6509
6600
6628
6628
6628
6653
6688
6678
6624
6674
6687
6687
6674
6727
6725
6725
6725
6693
6693
6698
6698
6699
6699
6726
6726
6746
6733
6760
6760
6769
6755
6745
6758
6787
6787
6771
6722
6874
6900
6900
6900
6900
6921
6921
6964
7006
6989
6989
6989
6989
6986
7026
7016
6930
6866
6890
6890
6890
6891
6914
6880
6875
6808
6808
6800
6745
6745
6745
6781
6824
6824
6803
6803
6802
6739
6739
6754
6752
6727
6737
6700
6715
6717
6722
6671
6671
6621
6662
6662
6687
6714
6714
6761
6713
6713
6713
6675
6652
6693
6726
6764
6792
6761
6749
6711
6711
6696
6696
6679
6732
6832
6838
6832
6786
6763
6763
6775
6758
6786
6745
6747
6804
6767
6865
6843
6843
6831
6840
6923
6982
6998
7010
7032
6974
6962
7006
7006
6877
6843
6816
6816
6862
6862
6876
6873
6895
6937
6972
6896
6879
6891
6893
6893
6857
6842
6865
6865
6821
6875
6882
6884
6858
6858
6809
6809
6735
6804
6804
6769
6769
6748
6765
6748
6762
6813
6766
6865
6814
6788
6692
6673
6673
6673
6668
6603
6669
6669
6681
6610
6629
6629
6642
6627
6627
6562
6628
6628
6582
6538
6567
6567
6588
6620
6620
6621
6641
6559
6635
6636
6701
6701
6701
6701
6719
6669
6733
6797
6839
6767
6735
6691
6697
6697
6673
6736
6822
6828
6847
6767
6767
6767
6708
6697
6655
6696
6695
6754
6754
6740
6784
6780
6801
6801
6789
6726
6715
6713
6676
6676
6676
6686
6660
6586
6660
6666
6672
6607
6635
6694
6719
6712
6727
6721
6609
6609
6637
6557
6520
6520
6529
6530
6561
6561
6606
6606
6623
6541
6526
6463
6463
6463
6458
6443
6496
6530
6615
6562
6563
6563
6596
6596
6536
6536
6501
6520
6482
6482
6482
6438
6490
6494
6477
6487
6490
6490
6474
6456
6479
6515
6515
6515
6542
6517
6489
6543
6534
6534
6577
6537
6549
6552
6552
6527
6471
6472
6412
6564
6531
6531
6531
6531
6531
6539
6548
6548
6700
6703
6662
6649
6649
6700
6700
6604
6604
6604
6682
6682
6682
6689
6673
6718
6676
6750
6737
6735
6735
6735
6775
6776
6730
6730
6730
6730
6649
6649
6565
6625
6625
6625
6625
6625
6603
6587
6578
6578
6578
6542
6574
6574
6559
6573
6612
6621
6615
6615
6592
6589
6615
6659
6570
6658
6597
6644
6602
6614
6580
6671
6722
6720
6753
6726
6710
6710
6720
6723
6738
6738
6754
6754
6754
6805
6805
6839
6723
6728
6757
6757
6722
6680
6730
6723
6696
6788
6797
6733
6733
6712
6762
6762
6762
6762
6821
6876
6876
6876
6828
6828
6828
6828
6812
6794
6845
6845
6845
6844
6741
6741
6778
6814
6814
6895
6779
6752
6769
6707
6700
6689
6689
6751
6837
6826
6826
6886
6850
6853
6785
6772
6772
6793
6845
6845
6822
6833
6757
6757
6690
6699
6738
6738
6719
6668
6685
6663
6679
6675
6716
6716
6739
6677
6677
6677
6612
6641
6641
6596
6586
6590
6590
6590
6639
6639
6608
6576
6554
6602
6603
6603
6547
6547
6547
6587
6587
6578
6551
6551
6551
6568
6568
6587
6597
6597
6619
6619
6748
6720
6673
6743
6765
6739
6721
6721
6721
6729
6693
6716
6716
6731
6731
6811
6740
6741
6672
6692
6642
6656
6684
6699
6704
6658
6655
6698
6686
6687
6674
6674
6674
6674
6647
6647
6647
6703
6691
6691
6691
6762
6762
6762
6762
6738
6738
6738
6644
6644
6644
6635
6569
6567
6683
6642
6574
6594
6614
6658
6683
6655
6681
6689
6701
6786
6714
6689
6695
6695
6654
6692
6649
6649
6642
6642
6660
6637
6637
6637
6637
6637
6637
6629
6629
6626
6690
6703
6748
6747
6805
6805
6805
6808
6778
6778
6719
6716
6716
6716
6716
6644
6644
6541
6544
6544
6544
6544
6544
6544
6544
6544
6513
6462
6471
6471
6442
6442
6458
6444
6477
6529
6521
6579
6579
6590
6592
6605
6570
6587
6587
6587
6587
6595
6595
6571
6600
6565
6512
6545
6552
6502
6476
6485
6487
6487
6465
6457
6452
6452
6452
6527
6547
6547
6547
6529
6521
6521
6521
6554
6548
6548
6654
6650
6650
6691
6691
6691
6701
6705
6595
6584
6556
6619
6647
6737
6737
6692
6659
6659
6689
6663
6613
6613
6694
6714
6714
6695
6741
6797
6807
6807
6806
6806
6840
6865
6826
6826
6730
6736
6736
6688
6708
6708
6677
6664
6626
6626
6627
6684
6691
6716
6716
6665
6664
6664
6664
6664
6627
6655
6655
6678
6713
6702
6684
6739
6688
6658
6681
6750
6750
6707
6668
6668
6672
6737
6680
6685
6698
6703
6747
6789
6760
6760
6746
6746
6716
6687
6647
6637
6651
6665
6679
6685
6683
6689
6647
6635
6618
6585
6598
6598
6554
6509
6509
6512
6578
6585
6585
6585
6533
6522
6517
6482
6482
6479
6479
6479
6573
6573
6575
6584
6598
6614
6614
6661
6689
6686
6727
6727
6742
6774
6774
6831
6803
6705
6705
6725
6760
6763
6731
6716
6635
6601
6596
6558
6558
6537
6537
6527
6527
6565
6580
6581
6557
6640
6709
6676
6676
6676
6676
6676
6648
6648
6630
6630
6667
6686
6686
6661
6700
6700
6704
6704
6693
6693
6693
6693
6693
6643
6633
6606
6606
6613
6592
6616
6665
6615
6605
6604
6592
6592
6592
6592
6601
6668
6652
6652
6738
6694
6684
6662
6674
6674
6691
6691
6691
6759
6709
6709
6705
6703
6703
6659
6659
6602
6606
6606
6606
6633
6637
6619
6668
6694
6608
6555
6562
6564
6556
6556
6579
6535
6557
6581
6690
6657
6690
6685
6685
6673
6717
6718
6718
6739
6739
6744
6744
6744
6702
6653
6653
6653
6653
6653
6697
6697
6697
6697
6729
6775
6724
6756
6778
6778
6778
6761
6781
6772
6772
6811
6796
6750
6756
6756
6776
6803
6806
6806
6761
6761
6761
6731
6705
6675
6691
6652
6660
6660
6669
6624
6624
6621
6604
6626
6626
6626
6608
6573
6573
6601
6637
6670
6660
6651
6651
6561
6561
6578
6531
6531
6559
6544
6544
6544
6588
6602
6625
6625
6625
6623
6708
6758
6758
6758
6742
6736
6732
6722
6722
6722
6722
6727
6778
6778
6796
6781
6781
6792
6778
6773
6750
6750
6743
6736
6764
6764
6784
6809
6809
6809
6774
6715
6776
6776
6867
6867
6831
6831
6831
6831
6810
6792
6754
6765
6765
6765
6815
6696
6713
6712
6714
6714
6720
6710
6709
6754
6754
6789
6763
6763
6763
6884
6901
6901
6911
6836
6901
6895
6869
6869
6869
6869
6867
6883
6863
6863
6868
6868
6749
6761
6731
6710
6710
6710
6733
6733
6854
6850
6818
6816
6796
6800
6810
6825
6817
6817
6773
6749
6722
6722
6746
6746
6757
6758
6705
6714
6714
6631
6631
6661
6628
6583
6583
6653
6641
6641
6640
6610
6658
6683
6692
6692
6692
6692
6692
6692
6692
6692
6612
6612
6612
6612
6612
6620
6620
6630
6630
6630
6675
6640
6614
6623
6623
6666
6666
6666
6666
6703
6727
6761
6712
6699
6617
6554
6552
6528
6528
6528
6661
6611
6611
6673
6673
6622
6550
6576
6574
6574
6516
6547
6560
6634
6634
6634
6634
6634
6667
6703
6703
6744
6744
6744
6744
6744
6716
6755
6809
6782
6734
6734
6675
6699
6685
6685
6664
6664
6664
6662
6646
6684
6684
6685
6669
6669
6652
6670
6651
6651
6658
6658
6690
6691
6739
6649
6655
6672
6672
6654
6623
6623
6702
6681
6745
6745
6745
6751
6818
6818
6787
6747
6784
6723
6723
6751
6751
6751
6751
6722
6722
6702
6689
6736
6736
6690
6689
6693
6693
6643
6640
6753
6770
6779
6771
6771
6771
6718
6669
6584
6584
6579
6579
6579
6568
6568
6559
6581
6581
6581
6581
6609
6592
6589
6614
6614
6617
6592
6623
6623
6639
6666
6675
6685
6722
6722
6722
6713
6680
6680
6670
6702
6723
6762
6762
6788
6788
6788
6788
6713
6680
6637
6639
6637
6526
6539
6551
6551
6602
6637
6681
6681
6681
6681
6681
6691
6691
6689
6689
6689
6678
6678
6678
6678
6678
6609
6586
6610
6662
6662
6662
6662
6662
6639
6675
6675
6684
6679
6636
6654
6689
6689
6663
6629
6629
6589
6662
6579
6551
6551
6551
6579
6579
6579
6548
6548
6557
6557
6548
6548
6548
6538
6541
6541
6539
6573
6573
6573
6593
6654
6685
6713
6746
6718
6718
6718
6713
6713
6711
6711
6711
6734
6730
6699
6699
6699
6698
6651
6651
6651
6651
6651
6651
6651
6651
6651
6665
6665
6697
6707
6707
6747
6767
6855
6855
6855
6876
6817
6864
6864
6827
6805
6805
6810
6833
6839
6820
6835
6826
6826
6799
6799
6787
6841
6786
6789
6784
6784
6784
6784
6784
6784
6801
6786
6828
6772
6772
6837
6810
6810
6794
6797
6797
6827
6827
6857
6857
6857
6892
6892
6922
6922
6892
6892
6870
6849
6849
6849
6849
6847
6769
6769
6675
6738
6738
6800
6822
6822
6822
6738
6738
6794
6750
6767
6744
6744
6744
6744
6744
6744
6744
6744
6765
6773
6773
6773
6773
6773
6769
6800
6772
6782
6675
6675
6702
6704
6678
6700
6723
6723
6723
6702
6664
6664
6623
6589
6589
6593
6619
6629
6653
6657
6620
6608
6608
6608
6600
6606
6606
6594
6604
6579
6590
6632
6572
6540
6557
6557
6527
6525
6525
6525
6550
6624
6649
6649
6649
6693
6651
6651
6651
6651
6651
6651
6712
6712
6712
6704
6699
6662
6622
6622
6630
6630
6630
6630
6552
6552
6555
6584
6584
6587
6587
6566
6547
6547
6579
6579
6594
6594
6635
6680
6680
6663
6609
6655
6636
6554
6530
6530
6511
6511
6492
6491
6491
6491
6491
6491
6514
6514
6514
6514
6514
6514
6514
6514
6514
6562
6562
6599
6567
6607
6607
6621
6621
6621
6622
6622
6622
6622
6629
6626
6621
6640
6628
6630
6561
6575
6624
6624
6660
6660
6621
6672
6701
6708
6747
6755
6755
6755
6783
6815
6815
6782
6782
6776
6753
6766
6761
6664
6664
6625
6626
6585
6585
6621
6665
6667
6693
6693
6693
6693
6655
6698
6680
6673
6678
6658
6750
6741
6763
6723
6723
6742
6724
6752
6752
6752
6752
6752
6743
6786
6798
6798
6783
6783
6755
6755
6781
6747
6710
6680
6680
6710
6710
6710
6757
6857
6860
6860
6843
6843
6843
6839
6875
6875
6875
6799
6835
6835
6830
6830
6808
6808
6827
6781
6745
6726
6735
6735
6689
6716
6716
6716
6728
6727
6769
6769
6769
6784
6784
6799
6777
6781
6781
6772
6758
6691
6684
6684
6712
6672
6672
6720
6731
6737
6785
6785
6785
6821
6821
6804
6788
6745
6691
6691
6700
6691
6719
6765
6700
6700
6692
6672
6599
6603
6596
6630
6645
6639
6639
6656
6656
6637
6617
6617
6617
6607
6607
6607
6604
6617
6617
6617
6617
6642
6693
6693
6668
6668
6625
6650
6650
6644
6671
6666
6632
6622
6599
6572
6572
6573
6613
6614
6638
6573
6504
6523
6514
6514
6533
6498
6498
6498
6498
6540
6574
6574
6498
6549
6549
6570
6532
6480
6519
6542
6544
6529
6572
6595
6594
6594
6594
6594
6594
6593
6589
6608
6608
6608
6623
6602
6583
6583
6583
6584
6628
6642
6626
6545
6545
6558
6558
6574
6574
6535
6535
6535
6536
6536
6538
6580
6564
6564
6564
6567
6621
6644
6644
6644
6554
6570
6640
6659
6668
6600
6600
6600
6600
6610
6635
6635
6695
6683
6664
6673
6615
6583
6583
6583
6574
6574
6574
6574
6574
6574
6569
6513
6513
6523
6540
6514
6514
6514
6513
6513
6537
6537
6572
6530
6530
6539
6519
6520
6520
6520
6520
6513
6513
6513
6550
6513
6513
6513
6531
6531
6517
6517
6517
6586
6549
6570
6530
6530
6530
6530
6530
6530
6530
6562
6554
6554
6554
6600
6600
6615
6566
6484
6515
6515
6515
6515
6482
6483
6455
6417
6417
6417
6417
6417
6402
6396
6396
6405
6365
6336
6337
6337
6337
6337
6337
6362
6362
6336
6336
6336
6349
6395
6412
6464
6464
6498
6511
6493
6475
6475
6466
6466
6497
6497
6497
6497
6497
6497
6497
6497
6448
6448
6448
6448
6435
6416
6459
6459
6460
6463
6463
6485
6514
6514
6515
6540
6540
6540
6540
6565
6562
6531
6531
6523
6523
6537
6537
6622
6607
6607
6607
6607
6592
6599
6599
6609
6589
6617
6638
6663
6732
6712
6663
6663
6663
6710
6710
6710
6710
6636
6668
6632
6632
6598
6598
6598
6598
6598
6602
6541
6541
6610
6605
6605
6605
6605
6605
6609
6653
6653
6688
6629
6629
6629
6589
6589
6568
6568
6568
6570
6570
6541
6536
6522
6522
6570
6570
6570
6570
6570
6570
6613
6613
6643
6640
6654
6654
6604
6610
6610
6604
6598
6598
6598
6601
6590
6590
6579
6579
6579
6579
6579
6588
6588
6588
6622
6588
6579
6579
6579
6579
6610
6630
6601
6601
6601
6601
6593
6593
6587
6587
6575
6575
6605
6605
6605
6605
6605
6605
6597
6588
6565
6554
6626
6626
6626
6570
6575
6589
6587
6587
6594
6546
6547
6547
6559
6559
6581
6581
6575
6590
6585
6513
6536
6537
6533
6532
6536
6536
6578
6578
6578
6578
6574
6574
6561
6561
6561
6543
6617
6617
6579
6579
6498
6498
6549
6591
6591
6521
6521
6576
6543
6473
6500
6445
6445
6445
6432
6432
6433
6433
6495
6515
6473
6473
6442
6442
6398
6398
6398
6398
6398
6398
6370
6418
6411
6411
6411
6411
6411
6411
6411
6411
6436
6436
6455
6458
6458
6458
6458
6445
6457
6457
6524
6521
6523
6537
6537
6537
6517
6517
6517
6548
6511
6506
6506
6506
6484
6484
6484
6585
6585
6578
6559
6570
6580
6580
6580
6558
6439
6398
6398
6364
6364
6364
6364
6375
6396
6396
6396
6396
6426
6468
6468
6402
6400
6400
6431
6431
6431
6484
6484
6484
6484
6484
6484
6484
6416
6433
6398
6379
6379
6379
6414
6414
6414
6382
6382
6382
6382
6387
6408
6403
6413
6354
6372
6372
6358
6358
6358
6373
6373
6373
6373
6373
6373
6372
6372
6372
6372
6394
6402
6402
6402
6402
6426
6438
6444
6444
6444
6443
6443
6440
6440
6440
6440
6440
6440
6439
6439
6437
6437
6498
6498
6475
6509
6482
6482
6482
6482
6496
6496
6528
6560
6560
6560
6491
6491
6461
6461
6522
6524
6544
6544
6458
6458
6452
6452
6424
6424
6455
6455
6450
6450
6450
6431
6436
6471
6471
6471
6476
6476
6449
6449
6425
6520
6520
6483
6482
6449
6449
6424
6424
6438
6443
6427
6427
6414
6435
6435
6461
6489
6465
6465
6483
6483
6483
6436
6436
6436
6436
6446
6425
6442
6442
6442
6434
6434
6423
6423
6423
6400
6400
6400
6474
6474
6444
6458
6438
6439
6439
6439
6426
6426
6426
6426
6426
6426
6426
6426
6426
6426
6440
6454
6477
6483
6483
6483
6491
6491
6469
6465
6479
6479
6459
6477
6477
6477
6400
6385
6412
6412
6412
6412
6441
6441
6441
6441
6399
6399
6399
6387
6406
6439
6439
6403
6403
6373
6373
6398
6425
6425
6425
6405
6402
6402
6440
6396
6394
6394
6393
6393
6393
6382
6382
6382
6382
6351
6383
6383
6383
6370
6387
6385
6436
6401
6401
6401
6396
6396
6442
6442
6442
6490
6490
6548
6548
6548
6548
6531
6531
6531
6531
6531
6531
6531
6531
6531
6531
6531
6496
6496
6496
6496
6448
6434
6448
6448
6448
6417
6417
6401
6401
6401
6410
6401
6401
6424
6424
6424
6424
6424
6424
6424
6424
6424
6424
6424
6424
6433
6433
6433
6433
6433
6433
6433
6433
6436
6430
6448
6450
6466
6442
6442
6446
6440
6440
6440
6483
6476
6457
6457
6457
6457
6457
6457
6457
6457
6457
6441
6433
6433
6433
6385
6466
6466
6466
6466
6456
6445
6493
6493
6476
6403
6403
6405
6438
6445
6445
6445
6445
6444
6444
6444
6451
6438
6448
6448
6448
6430
6411
6414
6414
6414
6414
6414
6414
6414
6414
6414
6414
6393
6393
6386
6386
6386
6386
6386
6386
6386
6383
6383
6383
6383
6407
6418
6431
6431
6431
6435
6435
6435
6435
6435
6457
6477
6427
6427
6417
6417
6417
6417
6400
6400
6400
6382
6409
6394
6367
6370
6370
6388
6399
6408
6434
6434
6434
6434
6434
6474
6484
6484
6484
6449
6449
6445
6425
6425
6425
6425
6425
6425
6425
6425
6423
6423
6423
6423
6459
6444
6444
6429
6429
6429
6439
6422
6407
6407
6407
6407
6407
6407
6407
6407
6407
6429
6410
6390
6390
6390
6393
6384
6388
6405
6405
6405
6405
6405
6405
6412
6442
6442
6450
6450
6446
6446
6446
6446
6446
6480
6456
6488
6488
6497
6497
6502
6502
6519
6520
6520
6520
6520
6541
6556
6543
6543
6472
6472
6472
6472
6472
6491
6492
6492
6492
6525
6558
6558
6558
6535
6557
6557
6557
6541
6539
6535
6535
6536
6536
6529
6529
6573
6588
6537
6530
6567
6567
6567
6567
6583
6575
6575
6575
6575
6575
6587
6631
6645
6645
6645
6645
6645
6645
6623
6623
6587
6587
6588
6583
6583
6618
6572
6572
6502
6526
6526
6538
6538
6527
6527
6527
6527
6527
6527
6531
6531
6517
6517
6517
6517
6526
6569
6511
6481
6452
6452
6461
6461
6461
6461
6479
6479
6457
6457
6457
6457
6465
6444
6444
6444
6444
6444
6444
6444
6444
6518
6530
6530
6530
6577
6577
6573
6573
6573
6504
6504
6522
6522
6522
6522
6505
6505
6505
6505
6505
6505
6505
6560
6560
6546
6546
6551
6551
6551
6523
6523
6544
6544
6532
6517
6528
6528
6500
6500
6489
6525
6514
6514
6475
6493
6475
6475
6475
6455
6455
6455
6455
6455
6432
6432
6469
6463
6463
6486
6486
6459
6459
6459
6489
6498
6498
6498
6498
6498
6498
6498
6498
6479
6479
6479
6508
6452
6452
6452
6452
6452
6502
6502
6502
6502
6502
6502
6485
6485
6493
6485
6490
6474
6474
6474
6474
6474
6476
6476
6476
6476
6476
6454
6454
6454
6410
6410
6410
6410
6410
6410
6416
6422
6439
6406
6406
6406
6386
6386
6386
6386
6386
6386
6383
6383
6402
6402
6402
6402
6402
6418
6418
6413
6423
6415
6391
6406
6406
6412
6417
6417
6417
6394
6385
6409
6409
6409
6369
6369
6359
6379
6379
6379
6377
6377
6377
6368
6368
6372
6360
6360
6360
6360
6360
6360
6360
6350
6350
6350
6350
6360
6360
6307
6307
6300
6300
6295
6295
6295
6295
6295
6295
6295
6306
6306
6262
6262
6262
6265
6265
6306
6274
6274
6274
6274
6274
6274
6273
6273
6273
6273
6273
6273
6268
6273
6272
6272
6272
6272
6277
6277
6272
6280
6291
6291
6291
6291
6291
6291
6291
6283
6283
6283
6301
6301
6301
6301
6283
6282
6319
6319
6324
6324
6324
6324
6327
6313
6313
6313
6313
6295
6295
6295
6358
6358
6358
6358
6358
6358
6358
6358
6358
6358
6358
6367
6367
6360
6360
6390
6425
6419
6419
6419
6419
6419
6419
6411
6411
6411
6411
6411
6403
6413
6413
6400
6400
6400
6400
6400
6382
6365
6365
6352
6352
6348
6355
6355
6355
6355
6355
6366
6366
6366
6393
6398
6360
6360
6360
6360
6370
6370
6370
6385
6385
6385
6394
6364
6364
6367
6422
6422
6422
6422
6422
6422
6431
6431
6431
6431
6422
6443
6443
6427
6427
6427
6427
6434
6434
6434
6434
6425
6425
6421
6421
6421
6421
6400
6400
6400
6435
6435
6406
6406
6406
6406
6406
6406
6406
6406
6406
6406
6406
6406
6406
6406
6400
6400
6354
6354
6354
6354
6354
6361
6361
6355
6355
6356
6356
6356
6366
6354
6354
6354
6345
6345
6349
6349
6349
6349
6349
6349
6349
6349
6349
6349
6349
6349
6349
6349
6349
6354
6354
6354
6354
6354
6354
6354
6354
6354
6356
6356
6356
6356
6381
6381
6381
6381
6381
6378
6378
6378
6358
6358
6358
6358
6340
6340
6340
6340
6340
6340
6340
6340
6362
6362
6393
6326
6326
6326
6326
6326
6326
6326
6326
6326
6327
6327
6327
6327
6327
6327
6312
6312
6312
6310
6302
6302
6302
6302
6310
6310
6308
6308
6308
6274
6248
6248
6248
6253
6253
6253
6253
6253
6255
6255
6255
6255
6255
6255
6255
6255
6255
6255
6255
6255
6255
6255
6255
6255
6244
6244
6228
6228
6253
6240
6240
6240
6240
6240
6238
6238
6238
6238
6238
6238
6238
6238
6238
6257
6238
6238
6238
6238
6238
6238
6238
6239
6239
6273
6224
6224
6230
6246
6246
6246
6246
6247
6247
6247
6244
6244
6244
6244
6211
6211
6211
6211
6211
6242
6236
6253
6273
6273
6273
6278
6278
6278
6272
6272
6272
6272
6272
6272
6272
6272
6272
6272
6272
6272
6272
6272
6272
6272
6272
6272
6272
6282
6282
6282
6317
6317
6336
6334
6334
6334
6338
6338
6353
6353
6353
6353
6353
6353
6353
6307
6307
6307
6307
6307
6292
6292
6301
6301
6301
6324
6324
6317
6317
6317
6317
6317
6316
6316
6316
6316
6292
6292
6292
6292
6302
6301
6301
6310
6301
6301
6301
6301
6301
6301
6304
6280
6280
6287
6287
6287
6287
6287
6287
6294
6262
6262
6262
6262
6262
6262
6262
6262
6262
6262
6262
6268
6268
6268
6268
6268
6268
6268
6268
6268
6268
6268
6268
6268
6268
6268
6268
6265
6265
6252
6252
6252
6253
6253
6253
6253
6253
6277
6277
6277
6277
6277
6277
6277
6277
6277
6277
6285
6285
6285
6285
6285
6306
6306
6306
6306
6306
6386
6386
6386
6386
6386
6386
6386
6386
6351
6351
6351
6377
6377
6377
6377
6370
6374
6374
6374
6374
6374
6374
6421
6421
6401
6413
6413
6413
6413
6413
6413
6410
6410
6410
6410
6410
6410
6410
6410
6410
6410
6410
6410
6410
6416
6416
6437
6452
6452
6452
6402
6392
6392
6392
6392
6392
6392
6392
6392
6392
6392
6399
6399
6399
6399
6399
6399
6392
6384
6384
6384
6384
6394
6394
6394
6394
6394
6394
6394
6394
6392
6392
6396
6396
6377
6377
6377
6377
6377
6350
6350
6350
6350
6350
6350
6350
6358
6358
6358
6358
6358
6358
6379
6379
6387
6387
6321
6321
6321
6321
6321
6341
6341
6341
6341
6341
6341
6341
6341
6341
6341
6341
6341
6341
6341
6341
6341
6341
6341
6341
6341
6341
6341
6341
6341
6341
6341
6341
6341
6341
6341
6341
6341
6341
6341
6341
6341
6341
6362
6362
6362
6358
6368
6368
6368
6368
6368
6368
6368
6368
6368
6368
6368
6368
6367
6367
6367
6367
6367
6367
6367
6337
6332
6332
6331
6331
6331
6331
6331
6331
6345
6345
6345
6345
6325
6336
6336
6302
6302
6305
6305
6305
6305
6305
6305
6305
6305
6305
6305
6305
6305
6305
6305
6305
6305
6305
6305
6305
6305
6305
6305
6305
6305
6313
6313
6313
6312
6312
6312
6312
6312
6312
6312
6312
6312
6312
6312
6312
6312
6312
6312
6312
6312
6312
6312
6312
6321
6321
6321
6295
6295
6295
6295
6295
6304
6304
6297
6297
6297
6295
6295
6295
6295
6295
6295
6295
6295
6295
6295
6295
6295
6294
6272
6264
6264
6266
6266
6266
6266
6266
6266
6266
6266
6266
6270
6270
6257
6257
6236
6236
6236
6236
6236
6236
6236
6236
6236
6236
6236
6236
6236
6236
6260
6247
6236
6239
6239
6241
6241
6241
6249
6249
6249
6249
6249
6249
6249
6249
6249
6249
6249
6249
6249
6249
6249
6249
6249
6249
6249
6249
6249
6249
6249
6249
6249
6249
6249
6249
6249
6251
6251
6251
6251
6251
6251
6251
6251
6251
6251
6251
6251
6251
6251
6251
6251
6251
6251
6251
6251
6251
6251
6243
6243
6243
6243
6243
6243
6243
6243
6243
6243
6243
6243
6243
6243
6243
6243
6243
6243
6243
6243
6243
6243
6243
6243
6243
6243
6243
6243
6233
6233
6233
6222
6222
6222
6185
6185
6185
6185
6185
6185
6150
6150
6150
6150
6150
6150
6165
6165
6172
6172
6172
6172
6172
6172
6172
6172
6172
6172
6172
6172
6172
6172
6172
6172
6172
6172
6172
6172
6172
6172
6174
6174
6174
6164
6164
6164
6164
6164
6153
6153
6153
6153
6160
6160
6160
6160
6190
6190
6190
6190
6190
6190
6190
6175
6175
6175
6175
6175
6175
6171
6171
6171
6171
6171
6169
6169
6169
6169
6169
6169
6169
6169
6169
6169
6169
6169
6169
6169
6169
6169
6169
6169
6169
6169
6169
6169
6169
6169
6169
6169
6169
6169
6169
6169
6169
6169
6169
6169
6169
6169
6169
6169
6169
6169
6169
6169
6169
6169
6173
6175
6187
6187
6187
6187
6200
6200
6200
6200
6200
6200
6200
6205
6213
6213
6205
6198
6199
6199
6199
6199
6199
6199
6199
6168
6168
6168
6168
6168
6168
6181
6181
6181
6181
6193
6193
6193
6193
6193
6193
6210
6210
6194
6194
6194
6194
6194
6194
6194
6194
6194
6194
6194
6194
6194
6194
6194
6194
6194
6194
6194
6194
6194
6194
6194
6194
6194
6194
6207
6207
6207
6207
6207
6207
6207
6207
6207
6207
6232
6232
6232
6232
6232
6232
6232
6236
6255
6255
6255
6255
6255
6255
6255
6241
6240
6229
6229
6229
6229
6229
6229
6229
6229
6229
6229
6229
6229
6207
6207
6207
6207
6234
6234
6234
6233
6233
6233
6198
6198
6198
6198
6209
6189
6189
6189
6189
6189
6189
6189
6189
6189
6178
6178
6178
6184
6184
6179
6179
6179
6179
6179
6179
6179
6179
6179
6179
6179
6179
6179
6179
6179
6179
6179
6179
6179
6179
6179
6179
6179
6179
6179
6179
6179
6179
6179
6179
6179
6179
6179
6179
6179
6179
6179
6179
6174
6174
6174
6174
6174
6174
6174
6174
6174
6174
6174
6174
6174
6174
6174
6174
6174
6174
6174
6174
6174
6174
6178
6178
6178
6178
6178
6178
6178
6178
6178
6178
6178
6178
6184
6190
6190
6190
6190
6190
6178
6171
6171
6171
6171
6171
6171
6171
6171
6171
6171
6171
6171
6171
6171
6183
6183
6183
6183
6191
6191
6191
6191
6191
6191
6191
6191
6181
6181
6181
6181
6181
6181
6181
6181
6181
6181
6181
6203
6215
6222
6222
6222
6222
6222
6228
6228
6228
6228
6228
6222
6210
6210
6210
6210
6210
6210
6210
6210
6214
6214
6214
6214
6214
6214
6214
6214
6214
6214
6256
6256
6190
6190
6190
6190
6190
6190
6190
6190
6190
6190
6190
6190
6190
6190
6190
6190
6190
6190
6190
6190
6190
6190
6190
6190
6190
6190
6190
6190
6190
6190
6195
6195
6195
6195
6195
6195
6195
6195
6206
6206
6190
6190
6190
6190
6190
6190
6190
6190
6190
6190
6190
6190
6179
6179
6179
6176
6176
6176
6176
6176
6176
6176
6176
6176
6176
6176
6176
6176
6160
6160
6160
6160
6160
6160
6160
6160
6160
6160
6160
6160
6160
6160
6160
6160
6160
6160
6160
6160
6160
6160
6160
6160
6160
6160
6160
6160
6160
6160
6160
6160
6160
6160
6160
6160
6160
6160
6160
6160
6160
6160
6160
6160
6160
6160
6160
6160
6160
6160
6160
6160
6160
6160
6160
6160
6160
6160
6160
6160
6161
6187
6187
6187
6187
6187
6187
6187
6187
6144
6144
6144
6144
6142
6142
6151
6151
6151
6151
6151
6151
6151
6151
6151
6146
6146
6146
6146
6146
6146
6146
6160
6160
6160
6160
6160
6160
6160
6160
6160
6160
6160
6160
6158
6151
6151
6151
6151
6151
6151
6151
6151
6151
6151
6151
6151
6151
6151
6151
6151
6151
6151
6151
6151
6151
6151
6151
6151
6152
6152
6153
6153
6153
6153
6153
6153
6153
6153
6151
6151
6151
6151
6151
6151
6151
6151
6151
6151
6151
6151
6151
6151
6151
6151
6151
6151
6151
6151
6151
6151
6151
6151
6151
6151
6151
6151
6151
6151
6151
6151
6151
6151
6151
6151
6151
6151
6151
6151
6151
6151
6151
6151
6151
6151
6151
6151
6151
6151
6151
6152
6153
6153
6153
6153
6153
6168
6169
6169
6169
6169
6169
6169
6169
6169
6169
6168
6168
6168
6168
6168
6169
6169
6169
6169
6168
6168
6168
6168
6168
6156
6156
6156
6156
6156
6156
6156
6156
6156
6156
6156
6156
6156
6156
6156
6156
6156
6156
6156
6156
6156
6156
6156
6156
6156
6168
6168
6168
6153
6153
6153
6153
6153
6153
6153
6153
6153
6153
6153
6153
6153
6147
6147
6147
6147
6147
6147
6147
6147
6147
6147
6147
6147
6147
6147
6147
6147
6147
6147
6147
6147
6147
6147
6147
6147
6147
6147
6147
6147
6147
6147
6147
6147
6147
6147
6147
6147
6147
6147
6147
6147
6133
6133
6133
6133
6133
6133
6133
6133
6133
6133
6133
6132
6132
6132
6132
6132
6132
6132
6132
6132
6132
6132
6132
6132
6132
6132
6132
6132
6132
6132
6132
6132
6132
6132
6132
6132
6132
6132
6132
6132
6132
6132
6132
6132
6132
6132
6132
6132
6132
6132
6132
6132
6132
6132
6132
6132
6132
6132
6132
6132
6132
6132
6132
6132
6132
6132
6132
6132
6132
6132
6132
6132
6132
6132
6132
6132
6132
6132
6132
6133
6133
6133
6133
6133
6133
6133
6132
6132
6102
6099
6099
6099
6099
6099
6099
6099
6099
6099
6099
6087
6087
6087
6087
6087
6087
6087
6087
6087
6087
6087
6087
6087
6087
6087
6087
6087
6087
6087
6087
6087
6087
6087
6087
6087
6087
6087
6087
6087
6087
6087
6087
6087
6087
6087
6087
6087
6087
6087
6087
6087
6087
6087
6087
6087
6087
6087
6087
6087
6078
6078
6078
6074
6074
6072
6072
6072
6075
6075
6075
6075
6075
6075
6075
6075
6075
6075
6075
6075
6075
6075
6075
6075
6075
6075
6075
6075
6075
6075
6075
6075
6075
6075
6075
6075
6075
6075
6075
6075
6075
6075
6075
6075
6075
6075
6075
6075
6075
6075
6075
6075
6075
6075
6075
6075
6075
6075
6075
6075
6075
6075
6075
6075
6142
6142
6133
6133
6133
6133
6133
6133
6133
6133
6133
6133
6133
6133
6133
6133
6133
6108
6108
6108
6108
6108
6108
6108
6074
6074
6074
6074
6074
6074
6074
6074
6074
6074
6074
6074
6074
6074
6074
6074
6074
6074
6074
6074
6074
6074
6085
6085
6074
6074
6074
6074
6074
6074
6074
6074
6074
6074
6074
6074
6074
6074
6074
6074
6074
6058
6058
6058
6058
6058
6058
6058
6058
6058
6058
6043
6043
6043
6043
6043
6046
6046
6046
6046
6043
6049
6049
6049
6049
6049
6049
6049
6049
6049
6049
6049
6049
6049
6049
6049
6049
6049
6049
6049
6049
6049
6049
6049
6049
6049
6049
6049
6049
6049
6044
6044
6044
6044
6044
6044
6044
6024
6024
6024
6024
6024
6024
6024
6024
6024
6024
6024
6024
6024
6024
6024
6024
6024
6024
6024
6024
6024
6024
6024
6024
6024
6024
6024
6024
6024
6024
6024
6024
6024
6024
6024
6024
6024
6024
6024
6024
6024
6024
6024
6024
6024
6024
6024
6024
6024
6024
6024
6024
6024
6024
6024
6024
6024
6024
6024
6024
6024
6035
6035
6035
6035
6035
6034
6034
6034
6034
6034
6034
6034
6034
6034
6034
6034
6034
6034
6034
6034
6034
6034
6034
6034
6034
6034
6034
6034
6034
6027
6027
6027
6027
6027
6027
6027
6027
6027
6027
6027
6027
6027
6035
6035
6035
6035
6026
6026
6026
6026
6026
6026
6026
6026
6026
6026
6026
6026
6026
6026
6026
6040
6040
6040
6040
6040
6040
6040
6040
6040
6040
6040
6040
6040
6040
6040
6040
6040
6040
6040
6040
6040
6040
6040
6040
6040
6042
6042
6042
6042
6042
6042
6042
6042
6042
6042
6042
6042
6042
6034
6034
6034
6034
6034
6034
6034
6034
6034
6034
6034
6034
6034
6034
6034
6034
6034
6034
6034
6034
6034
6034
6034
6034
6034
6034
6034
6034
6034
6034
6034
6034
6034
6034
6034
6034
6034
6034
6034
6034
6034
6034
6034
6034
6034
6016
6016
6016
6016
6016
6016
6016
6016
6016
6016
6016
6016
6016
6016
6016
6016
6016
6016
6016
6016
6016
6016
6016
6016
6016
6016
6016
6016
6016
6016
6016
6016
6016
6016
6016
6016
6019
6019
6019
6019
6019
6019
6019
6019
6019
6019
6019
6019
6019
6019
6019
6019
6019
6022
6022
6022
6003
6003
6003
6003
6003
6003
6003
6003
6003
6003
6003
6003
6003
6003
6003
6003
6003
6003
6003
6003
6003
6003
6003
6003
6003
6003
6003
6003
6003
6003
6003
6003
6005
6005
6005
6005
6005
6005
6005
6005
6005
6005
6005
6005
6005
6005
6005
6005
6005
6005
6005
6005
6005
6005
6005
6005
6005
6005
6005
6005
6005
6005
6005
6005
6005
6005
6005
6005
6005
6005
6005
6005
6005
6007
6007
6007
6007
6007
6007
6007
6007
6007
6007
6007
6007
6007
6007
6007
6007
6007
6007
6007
6007
6008
6008
6008
6008
6008
6008
6008
6008
6008
6008
6008
6008
6008
6008
6008
6008
6007
6007
6007
6007
6007
6007
6007
6007
6007
6007
6007
6007
6007
6007
6007
6007
6007
6007
6007
6007
6007
6007
6007
6007
6007
6007
6007
6007
6007
6007
6007
6007
6007
6007
6007
6007
6007
6007
6007
6007
6007
6007
6007
6007
6007
6007
6007
6007
6007
6007
6007
6007
6007
6007
6007
6007
6007
6007
6007
6013
6013
6011
6011
6011
6011
6011
6011
6011
6011
6011
6011
6011
6011
6011
6011
6011
6011
6011
6011
6011
6011
6011
6011
6011
6011
6011
6011
6011
6011
6011
6011
6011
6011
6011
6011
6011
6011
6011
6011
6011
6011
6011
6011
6011
6011
6011
6011
6011
6011
6011
6011
6011
6011
6011
6011
6011
6011
6011
6011
6011
6011
6011
6011
6011
6015
6015
6015
6015
6015
6015
6015
6015
6011
6011
6011
6011
6011
6011
6011
6011
6011
6011
6011
6011
6011
6011
6011
6011
6011
6011
6011
6011
6011
6011
6011
6011
6011
6011
6011
6010
6010
6010
6008
6008
6008
6008
6008
6008
6008
6008
6008
6008
6008
6008
6008
6008
6008
6008
6008
6008
6008
6008
6007
6007
6007
6007
6007
6007
6007
6007
6007
6007
6010
6010
6010
6010
6010
6010
6010
6010
6005
6005
6005
6005
6005
6005
6005
6005
6005
6005
6005
6005
6005
6005
6005
5999
5999
5999
5999
5999
5999
5999
5994
5994
5994
5994
5994
5994
5994
5994
5994
5994
5994
5994
5994
5994
5994
5994
5994
5994
5994
5994
5994
5994
5994
5994
5994
5994
5994
5994
5994
5994
5994
5994
5994
5994
5994
5994
5994
5994
5994
5994
5994
5994
5994
5994
5994
5994
5994
5994
5994
5994
5994
5994
5994
5994
5994
5994
5994
5994
5994
5994
5994
5994
5994
5994
5994
5994
5994
5994
5994
5994
5994
5994
5995
5995
5995
5994
5994
5994
5994
5994
5994
5994
5994
5994
5994
5994
5994
5994
5994
5994
5994
5994
5994
5994
5994
5994
5994
5994
5994
5994
5994
5994
5994
5994
5994
5994
5994
5994
5994
5994
5994
5994
5994
5994
5994
5994
5994
5994
5994
5994
5994
5994
5994
5994
5994
5994
5994
5994
5994
5994
5994
5994
5994
5994
5994
5994
5994
5994
5994
5994
5994
5994
5994
5994
5994
5994
5994
5994
5994
5994
5994
5994
5994
5994
5994
5994
5994
5994
5994
5994
5994
5994
5994
5994
5994
5994
5994
5994
5994
5994
5994
5994
5994
5994
5994
5994
5994
5994
5994
5994
5994
5994
5994
5994
5994
5994
5994
5982
5982
5982
5982
5982
5982
5982
5982
5982
5982
5982
5982
5982
5982
5982
5982
5984
5984
5984
5984
5984
5984
5984
5984
5984
5984
5984
5987
5987
5987
5987
5987
5987
5987
5987
5987
5987
5987
5987
5987
5980
5980
5980
5980
5980
5980
5980
5980
5980
5980
5980
5980
5980
5980
5980
5980
5980
5980
5980
5980
5980
5980
5980
5980
5980
5980
5980
5980
5980
5980
5980
5980
5980
5980
5980
5980
5980
5980
5980
5980
5980
5980
5980
5980
5980
5980
5980
5980
5980
5980
5980
5980
5980
5980
5980
5980
5980
5980
5980
5980
5980
5980
5980
5980
5980
5980
5980
5980
5980
5980
5980
5980
5980
5980
5980
5980
5980
5980
5980
5980
5980
5980
5980
5980
5980
5980
5980
5980
5980
5980
5980
5980
5980
5980
5980
5980
5980
5980
5980
5980
5980
5980
5980
5980
5980
5980
5980
5980
5980
5980
5980
5980
5980
5980
5980
5980
5980
5980
5980
5980
5980
5980
5980
5980
5980
5980
5980
5980
5980
5980
5980
5980
5980
5980
5980
5980
5980
5980
5980
5980
5980
5980
5980
5980
5980
5980
5980
5980
5980
5980
5980
5980
5980
5980
5980
5980
5980
5980
5980
5980
5980
5980
5980
5980
5980
5980
5980
5980
5980
5980
5980
5980
5980
5980
5980
5980
5980
5980
5980
5980
5980
5980
5980
5980
5980
5980
5980
5980
5979
5979
5979
5979
5979
5979
5979
5979
5979
5979
5979
5979
5979
5979
5979
5979
5979
5979
5979
5979
5979
5979
5979
5979
5979
5979
5979
5979
5979
5979
5979
5979
5979
5979
5979
5979
5979
5979
5979
5979
5979
5979
5979
5979
5979
5979
5979
5979
5979
5979
5979
5979
5979
5979
5979
5979
5979
5979
5979
5979
5979
5979
5979
5979
5979
5979
5979
5979
5979
5979
5979
5979
5979
5979
5979
5979
5979
5979
5979
5979
5979
5979
5979
5979
5979
5979
5979
5979
5979
5979
5979
5979
5979
5979
5979
5979
5979
5979
5979
5979
5979
5979
5979
5979
5979
5979
5979
5979
5979
5979
5979
5986
5986
5986
5986
5986
5986
5986
5986
5986
5986
5986
5986
5986
5986
5986
5986
5986
5986
5986
5986
5986
5986
5986
5986
5986
5986
5986
5986
5986
5986
5986
5986
5986
5986
5986
5986
5986
5986
5986
5986
5986
5986
5986
5986
5986
5986
5986
5986
5986
5986
5986
5986
5986
5986
5986
5986
5986
5986
5986
5986
5986
5986
5986
5986
5986
5986
5986
5986
5986
5986
5986
5986
5986
5986
5986
5986
5986
5986
5986
5986
5986
5986
5986
5986
5986
5986
5986
5986
5986
5986
5986
5986
5986
5986
5986
5986
5986
5986
5986
5986
5986
5986
5986
5986
5986
5986
5986
5986
5986
5986
5986
5986
5986
5986
5986
5986
5986
5986
5986
5986
5984
5984
5984
5984
5984
5987
5987
5987
5987
5987
5987
5987
5987
5987
5987
5987
5987
5987
5987
5987
5987
5987
5987
5987
5987
5987
5987
5987
5987
5987
5987
5987
5987
5987
5987
5987
5987
5987
5987
5987
5987
5987
5987
5987
5987
5987
5987
5984
5984
5984
5984
5984
5984
5984
5984
5984
5984
5984
5984
5984
5984
5984
5984
5984
5984
5984
5984
5984
5984
5984
5984
5984
5984
5984
5984
5984
5984
5984
5984
5984
5984
5984
5984
5984
5981
5981
5981
5981
5981
5981
5981
5981
5981
5981
5981
5981
5981
5981
5981
5981
5981
5981
5981
5981
5981
5981
5981
5981
5981
5981
5981
5981
5981
5981
5981
5981
5981
5981
5981
5979
5979
5979
5979
5979
5977
5977
5977
5977
5977
5977
5977
5977
5977
5977
5977
5977
5977
5977
5977
5978
5978
5978
5978
5978
5978
5978
5978
5978
5978
5978
5978
5978
5978
5978
5978
5978
5978
5978
5978
5978
5978
5978
5977
5977
5977
5977
5977
5977
5977
5977
5977
5977
5977
5977
5977
5977
5977
5977
5977
5977
5977
5977
5977
5977
5977
5977
5977
5977
5977
5977
5977
5977
5977
5977
5977
5977
5977
5977
5977
5977
5977
5977
5977
5977
5977
5977
5977
5977
5977
5977
5977
5977
5977
5977
5977
5977
5977
5977
5977
5977
5977
5977
5977
5979
5979
5979
5979
5979
5979
5979
5979
5979
5979
5979
5979
5979
5979
5979
5979
5979
5979
5979
5979
5979
5979
5979
5979
5979
5979
5979
5979
5979
5979
5979
5979
5979
5979
5979
5979
5979
5979
5979
5979
5979
5979
5979
5979
5979
5979
5979
5979
5979
5979
5979
5979
5979
5979
5979
5979
5979
5979
5979
5979
5979
5979
5979
5979
5979
5979
5979
5979
5979
5979
5979
5979
5979
5979
5979
5979
5979
5979
5979
5979
5979
5979
5979
5979
5979
5979
5979
5979
5979
5985
5985
5985
5988
5988
5988
5988
5988
5988
5988
5988
5988
5988
5988
5988
5988
5988
5988
5988
5988
5988
5988
5988
5988
5988
5988
5988
5974
5974
5974
5974
5974
5974
5974
5974
5974
5974
5974
5974
5974
5974
5974
5974
5974
5974
5974
5974
5974
5974
5974
5974
5974
5974
5974
5974
5974
5974
5974
5974
5974
5974
5974
5974
5974
5974
5974
5974
5974
5974
5974
5974
5974
5974
5974
5974
5974
5974
5974
5974
5974
5974
5974
5974
5974
5974
5974
5974
5974
5974
5974
5974
5974
5974
5974
5974
5974
5974
5974
5974
5974
5974
5974
5974
5974
5974
5974
5974
5974
5974
5974
5974
5974
5974
5974
5974
5974
5974
5974
5974
5974
5974
5974
5974
5974
5974
5974
5973
5973
5973
5973
5973
5973
5973
5973
5973
5971
5971
5971
5971
5971
5971
5971
5971
5971
5971
5971
5971
5971
5971
5971
5971
5971
5971
5971
5971
5971
5971
5971
5971
5971
5971
5971
5971
5971
5971
5971
5971
5971
5971
5971
5971
5971
5971
5971
5971
5971
5971
5971
5971
5971
5971
5971
5971
5971
5971
5971
5971
5971
5971
5971
5971
5971
5971
5971
5971
5971
5971
5971
5971
5971
5971
5971
5971
5971
5971
5971
5971
5971
5971
5971
5971
5971
5971
5971
5971
5971
5971
5971
5971
5971
5971
5971
5971
5971
5971
5971
5971
5971
5971
5971
5971
5971
5971
5971
5971
5971
5971
5971
5971
5982
5982
5982
5982
5982
5982
5982
5982
5982
5982
5982
5982
5982
5982
5982
5982
5982
5982
5982
5982
5982
5982
5982
5982
5982
5982
5982
5982
5982
5982
5982
5982
5982
5982
5982
5982
5982
5982
5982
5982
5987
5987
5987
5987
5987
5987
5987
5987
5987
5987
5987
5987
5987
5987
5987
5987
5987
5987
5987
5987
5987
5987
5987
5987
5987
5987
5987
5987
5987
5987
5987
5987
5987
5987
5987
5987
5987
5987
5987
5987
5987
5987
5987
5987
5987
5987
5987
5987
5987
5987
5987
5987
5987
5987
5987
5987
5987
5987
5987
5987
5987
5987
5987
5987
5987
5987
5987
5987
5987
5987
5987
5987
5987
5987
5987
5987
5987
5987
5987
5987
5991
5991
5991
5991
5991
5991
5991
5991
5991
5991
5991
5991
5991
5991
5991
5991
5994
5994
5994
5994
5994
5994
5994
5994
5994
5994
5994
5994
5994
5994
5994
5994
5994
5995
5995
5995
5995
5995
5995
5995
5995
5995
5995
5995
5995
5995
5995
5995
5995
5995
5995
5995
5995
5995
5995
5995
5995
5995
5995
5995
5995
5995
5995
6002
6002
6002
6002
6002
6002
6002
5987
5987
5987
5987
5987
5987
5987
5987
5987
5987
5987
5987
5987
5987
5987
5987
5987
5987
5987
5987
5987
5987
5987
5987
5987
5987
5987
5987
5987
5987
5987
5987
5987
5987
5987
5987
5987
5987
5987
5987
5987
5987
5987
5987
5987
5987
5987
5987
5987
5987
5987
5987
5987
5987
5987
5987
5987
5987
5987
5987
5987
5987
5987
5987
5987
5987
5987
5987
5987
5987
5987
5987
5987
5987
5987
5987
5987
5987
5987
5987
5987
5987
5987
5987
5987
5987
5987
5987
5987
5987
5987
5987
5987
5987
5984
5984
5984
5984
5984
5984
5984
5984
5984
5984
5984
5984
5989
5989
5989
5989
5989
5989
5989
5989
5989
5989
5989
5989
5989
5989
5989
5989
5989
5989
5989
5991
5991
5991
5991
5991
5991
5991
5991
5991
5991
5991
5991
5991
5991
5991
5991
5991
5991
5991
5991
5991
5986
5986
5986
5986
5986
5986
5971
5971
5971
5971
5971
5971
5971
5971
5971
5971
5971
5971
5971
5971
5971
5971
5973
5973
5973
5973
5973
5973
5973
5973
5973
5973
5973
5973
5973
5973
5973
5973
5971
5971
5971
5971
5971
5971
5971
5971
5971
5971
5971
5971
5971
5971
5971
5971
5971
5971
5971
5971
5971
5971
5971
5971
5971
5971
5971
5971
5971
5971
5971
5971
5971
5971
5971
5971
5971
5971
5971
5971
5971
5971
5971
5971
5971
5971
5971
5971
5971
5971
5971
5971
5971
5971
5971
5971
5971
5971
