6212
6199
6071
6136
6136
6136
6136
6136
6136
6136
6084
6088
6088
6088
6067
6120
6162
6178
6178
6178
6178
6093
6093
6064
6029
5992
5998
5998
5993
5993
6063
6079
6131
6074
6059
6108
6161
6147
6199
6199
6207
6207
6268
6183
6183
6172
6163
6140
6154
6144
6192
6140
6113
6113
6092
6092
6099
6163
6222
6261
6261
6261
6373
6236
6236
6236
6263
6263
6263
6232
6232
6232
6232
6247
6264
6180
6180
6180
6180
6120
6164
6164
6134
6187
6187
6187
6187
6187
6187
6187
6187
6263
6263
6227
6233
6227
6185
6185
6166
6169
6181
6101
6109
6109
6190
6176
6176
6169
6234
6245
6260
6260
6260
6235
6249
6252
6284
6379
6386
6398
6373
6366
6362
6362
6365
6357
6357
6355
6355
6380
6396
6480
6523
6483
6490
6480
6415
6415
6397
6397
6397
6450
6501
6479
6477
6521
6588
6588
6588
6551
6510
6510
6510
6510
6454
6454
6440
6429
6411
6411
6344
6310
6310
6247
6247
6324
6324
6324
6324
6340
6412
6422
6422
6462
6462
6447
6447
6414
6414
6407
6407
6407
6425
6425
6409
6409
6309
6269
6262
6183
6066
6066
6140
6179
6217
6149
6200
6224
6181
6174
6174
6158
6156
6161
6161
6161
6148
6252
6232
6232
6201
6230
6230
6217
6203
6140
6113
6098
6024
6024
6085
6085
6079
6004
5963
5963
5963
5963
5963
5963
5994
6065
6101
6138
6055
6055
5991
5991
5953
5925
5885
5853
5849
5768
5810
5911
5923
6023
5980
5980
5980
5931
5931
5975
5934
5902
5902
6003
5951
5962
5933
5961
5911
5911
5869
5876
5935
5898
5902
5902
5878
5878
5953
5953
5953
5953
5926
5923
5971
6010
5997
5996
5976
6019
6019
6007
6007
5909
5919
5906
5947
5982
5938
6037
6081
6116
6146
6146
6146
6146
6114
6116
6046
6061
6102
6102
6103
6189
6251
6269
6212
6213
6197
6144
6083
6077
6077
6119
6144
6154
6154
6100
6100
6100
6104
6087
6077
6077
6114
6114
6206
6181
6181
6126
6078
6084
6084
6112
6112
6112
6112
6094
6160
6103
6103
6148
6148
6191
6180
6194
6194
6209
6207
6178
6143
6140
6183
6165
6240
6274
6380
6380
6405
6369
6317
6317
6301
6341
6321
6341
6341
6321
6312
6312
6263
6286
6383
6383
6383
6413
6413
6339
6339
6339
6347
6435
6435
6435
6435
6376
6376
6376
6348
6385
6385
6366
6366
6306
6372
6372
6372
6372
6337
6337
6337
6363
6363
6320
6291
6280
6179
6151
6131
6150
6150
6253
6246
6264
6264
6294
6292
6191
6145
6145
6138
6138
6138
6136
6080
6080
6080
6104
6104
6130
6130
6153
6140
6114
6088
6056
6056
6063
6063
6063
6003
6003
5975
5997
5989
6010
6007
6007
6007
6014
6049
6049
6047
6000
5916
5920
5997
6078
6078
6041
6035
5976
5967
5918
5918
5981
5981
5941
5861
5912
5859
5908
5908
5873
5973
5982
6012
6048
6048
6048
6053
6127
6143
6237
6219
6154
6155
6155
6155
6155
6203
6203
6135
6063
6040
6086
6114
6094
6124
6124
6133
6133
6100
6114
6103
6132
6114
6099
6067
6067
5981
5992
6067
6050
6050
5958
5958
5958
5910
5910
5910
5910
5911
5911
5885
5885
5961
5889
5892
5892
5889
5902
5935
5935
5935
5953
5953
5982
5982
6010
5967
5913
5988
5988
5979
5976
5976
5934
5956
5961
5953
5929
5929
5862
5911
6006
5998
5998
5998
5890
5890
5833
5833
5837
5922
5929
5929
5831
5786
5873
5873
5939
6002
6002
6050
6050
6124
6109
6083
6083
6096
6096
6003
6020
6003
6009
6034
6030
6030
6030
6073
6134
6138
6120
6139
6178
6117
6053
6100
6109
6035
6033
6033
6026
6050
6050
6151
6188
6166
6038
6050
6050
6050
6057
6063
6063
6060
6060
6011
6071
6126
6180
6184
6249
6249
6193
6193
6161
6161
6161
6161
6129
6103
6103
6027
6063
6063
6099
6099
6099
6099
6084
6084
6139
6084
6104
6104
6104
6097
6098
6083
6108
6043
6046
6047
6047
6082
6082
6082
6130
6104
6092
6101
6101
6130
6130
6105
6105
6171
6240
6240
6240
6235
6262
6249
6211
6184
6184
6183
6183
6169
6141
6141
6095
6024
6024
6024
6006
6065
6166
6167
6178
6178
6178
6081
6115
6115
6085
6059
6059
6101
6170
6170
6161
6135
6206
6159
6110
6101
6139
6149
6191
6191
6290
6226
6247
6354
6295
6314
6314
6314
6371
6396
6423
6482
6466
6466
6461
6461
6460
6479
6463
6553
6504
6456
6467
6419
6419
6389
6389
6389
6452
6452
6419
6463
6442
6511
6511
6510
6550
6632
6488
6488
6476
6402
6367
6347
6347
6433
6374
6347
6399
6399
6488
6518
6465
6457
6416
6376
6328
6328
6346
6353
6367
6359
6366
6381
6381
6388
6390
6392
6382
6412
6442
6442
6442
6420
6420
6420
6382
6408
6386
6379
6361
6361
6361
6280
6334
6334
6371
6387
6412
6348
6348
6322
6322
6345
6330
6330
6270
6270
6247
6259
6276
6275
6298
6298
6298
6313
6313
6313
6228
6188
6188
6188
6188
6191
6153
6152
6155
6155
6138
6138
6138
6138
6138
6131
6148
6208
6208
6130
6123
6126
6197
6197
6176
6202
6176
6188
6188
6273
6273
6287
6297
6294
6256
6315
6312
6260
6260
6286
6312
6394
6442
6401
6401
6321
6321
6262
6321
6399
6357
6299
6299
6241
6212
6255
6234
6234
6234
6259
6259
6168
6191
6191
6105
6061
6064
6169
6139
6139
6188
6065
6005
6021
6047
5973
5964
5934
5934
5934
5877
5916
5907
5907
5908
5908
5909
5909
5909
5931
5986
6051
6071
6071
6071
6033
6032
5988
5910
5910
5910
5910
5910
5882
5882
5957
5942
5914
6026
5919
5950
5863
5863
5854
5854
5854
5841
5841
5830
5856
5832
5830
5830
5830
5830
5830
5830
5830
5830
5724
5724
5738
5846
5843
5826
5789
5836
5836
5836
5836
5891
5891
5933
5933
5951
5867
5934
5873
5870
5850
5844
5829
5854
5854
5841
5842
5841
5902
5828
5816
5816
5828
5828
5828
5828
5828
5744
5744
5739
5739
5777
5726
5855
5863
5864
5833
5830
5852
5916
6006
6039
6052
6039
6049
5930
5952
5962
5932
5888
5888
5985
5985
5985
6059
6059
5993
6004
6073
6073
6082
6077
6077
6060
6075
6093
6119
6106
6042
6108
6108
6025
5992
5985
6028
6028
6028
6028
6021
6021
5960
5945
5945
5960
5972
5963
5990
5923
5996
5955
5927
5927
6003
6003
5958
6081
6072
6029
6029
6098
6029
6029
6029
6029
6029
6029
6050
6029
6100
6100
6140
6215
6220
6128
6089
6089
6171
6171
6173
6194
6194
6051
6051
6051
6066
6062
6150
6137
6137
6115
6123
6074
6197
6084
6084
6072
6038
6147
6147
6121
6187
6172
6172
6116
6070
6071
6106
6109
6094
6094
6094
6099
6144
6144
6144
6063
6063
6063
6063
6063
6053
6053
6107
6086
6213
6150
6120
6120
6160
6256
6273
6234
6234
6271
6207
6251
6251
6224
6184
6202
6219
6200
6188
6188
6220
6250
6260
6356
6372
6276
6244
6234
6198
6219
6219
6287
6300
6346
6302
6290
6290
6337
6320
6262
6243
6243
6243
6243
6261
6285
6285
6303
6344
6344
6402
6402
6324
6302
6214
6227
6242
6131
5987
6010
6050
5981
5981
5979
5989
6003
6002
6019
6019
6030
6005
6089
6089
6105
6000
6023
6023
6061
6038
6059
6059
6059
6102
6102
6076
6224
6181
6181
6206
6209
6210
6252
6252
6235
6174
6174
6174
6136
6079
6065
6065
6187
6187
6175
6284
6218
6208
6208
6210
6210
6279
6328
6328
6328
6317
6317
6269
6321
6289
6289
6337
6438
6292
6233
6275
6221
6213
6205
6223
6223
6272
6228
6209
6226
6226
6197
6212
6157
6156
6119
6063
6071
6147
6147
6189
6063
6062
6081
6065
6131
6137
6137
6223
6223
6223
6260
6281
6283
6162
6175
6148
6113
6113
6113
6128
6128
6128
6111
6169
6168
6175
6175
6187
6222
6232
6291
6291
6291
6309
6248
6297
6297
6202
6202
6077
6077
6179
6087
6097
6097
6005
6005
5980
6066
6066
6056
6043
5956
5956
5898
5916
5916
5916
5924
5924
5924
5949
5949
5949
6031
6006
6006
6050
6008
6055
6142
6100
6100
6175
6107
6173
6120
6120
6084
6229
6229
6182
6199
6199
6249
6188
6188
6163
6163
6163
6163
6121
6121
6094
6036
6031
6031
6031
6031
6104
6102
6102
6097
6137
6117
6174
6122
6123
6123
6280
6281
6337
6361
6414
6397
6517
6517
6504
6504
6480
6493
6403
6330
6311
6311
6278
6213
6213
6252
6299
6299
6380
6380
6364
6360
6332
6393
6406
6406
6452
6452
6525
6599
6615
6615
6470
6447
6415
6412
6412
6406
6492
6484
6439
6415
6455
6447
6466
6480
6507
6488
6488
6488
6488
6478
6429
6385
6385
6344
6353
6401
6516
6505
6505
6412
6412
6412
6412
6286
6286
6283
6283
6283
6283
6283
6308
6308
6280
6278
6278
6237
6237
6280
6241
6241
6235
6273
6273
6295
6333
6333
6333
6367
6330
6330
6330
6343
6342
6310
6306
6306
6225
6218
6155
6186
6180
6180
6180
6180
6148
6148
6148
6148
6214
6190
6134
6156
6154
6142
6142
6231
6178
6104
6104
6075
5984
5984
5984
5990
5940
5923
5923
5952
5983
5952
5952
6005
5971
5971
5946
5946
5881
5913
5913
5913
5913
5912
5880
5857
5867
5903
5867
5867
5867
5886
5870
5833
5825
5863
5863
5847
5847
5832
5832
5832
5832
5881
5965
5942
5942
5920
5920
5920
5920
5920
5920
5969
5969
5969
6017
6012
6058
6111
6111
6111
6169
6169
6182
6182
6084
6050
6050
6014
5992
5992
5992
5992
5992
5959
6015
5972
5962
6030
6039
5994
5994
5994
5994
6039
6044
6003
5990
5958
6044
6044
6132
6132
6132
6047
6148
6159
6159
6159
6185
6164
6120
6109
6079
6079
6079
6079
6079
6165
6165
6165
6165
6165
6165
6129
6129
6129
6129
6129
6129
6100
6100
6100
6065
6065
6143
6193
6193
6186
6146
6151
6151
6151
6170
6124
6124
6049
6049
6049
6169
6186
6185
6185
6262
6177
6225
6236
6215
6215
6215
6175
6175
6101
6101
6059
6164
6134
6232
6232
6232
6232
6146
6196
6080
6079
6081
6081
6115
6115
6115
6115
6070
6070
6070
6070
6076
6135
6135
6193
6126
6156
6156
6156
6117
6181
6181
6181
6181
6181
6181
6157
6268
6268
6264
6166
6220
6282
6217
6217
6233
6233
6134
6134
6134
6134
6161
6076
6054
6069
6069
6069
6069
6094
6073
6025
6011
5992
5992
6044
5976
5939
5939
5907
6004
6010
5943
5943
5978
5971
5971
6049
6049
6049
6049
6049
6048
6097
6087
6057
6057
6024
5995
6039
6075
6075
6075
6075
6102
6157
6131
6131
6131
6177
6180
6180
6201
6136
6136
6136
6045
6045
6078
6078
6078
6143
6049
6039
6101
6145
6097
6097
6097
6097
6041
6077
6077
6070
6070
6083
6109
6036
6013
6013
6013
6013
6013
6047
6047
6047
6160
6132
6043
6102
6102
6102
6102
6102
6107
6107
6109
6168
6168
6168
6187
6187
6187
6187
6187
6187
6187
6187
6187
6187
6187
6235
6245
6241
6241
6241
6241
6237
6237
6237
6237
6153
6153
6153
6088
6088
6082
6082
6164
6164
6164
6164
6145
6065
6065
6076
5984
5984
5984
5997
5997
5997
5986
6012
6012
6017
5972
6023
5925
5912
6009
6012
6012
5993
5976
5976
5976
5976
5935
5935
5935
5935
5935
5998
6007
6007
5968
5987
6014
5988
5988
5998
5988
5972
5972
5917
5975
5888
5888
5906
5906
5913
5913
5979
6016
5984
5947
5947
5947
5927
5927
5860
5876
5876
5876
5847
5847
5847
5891
5942
5998
5974
5974
6011
6044
5996
5996
5996
5996
5960
5960
5960
5913
6018
6023
6023
5990
5983
5929
5929
5932
5916
5916
5916
5916
5916
5942
5941
6026
6026
6010
6010
5976
5976
5976
5976
5976
6048
6038
6054
6069
6072
6038
6038
6038
5979
5979
6011
6011
5914
5952
5952
5952
5936
5916
5916
5965
5993
5993
5993
5993
5993
5993
5993
5993
5993
6064
6064
6116
6135
6135
6135
6135
6135
6201
6187
6173
6135
6123
6123
6123
6205
6218
6218
6190
6190
6185
6185
6248
6269
6269
6269
6256
6256
6256
6256
6256
6210
6235
6235
6235
6235
6235
6235
6235
6235
6205
6199
6199
6199
6199
6227
6227
6227
6283
6311
6297
6260
6260
6260
6262
6296
6229
6229
6198
6198
6198
6108
6055
6009
6017
6017
6119
6119
6077
6076
6076
6093
6133
6133
6133
6070
6064
6070
6059
6115
6113
6102
6129
6153
6159
6205
6205
6144
6160
6160
6160
6160
6091
6014
5954
5966
5954
5954
5954
5954
5933
5992
5992
5992
5955
5909
5927
5997
6042
6042
5978
6021
5980
5980
5952
5937
5983
6028
6028
5927
5946
5918
5946
5946
5946
5977
5954
5954
5954
5948
5926
5926
5927
5927
5927
5927
5948
5905
5905
5908
5908
5928
5952
5908
5908
5960
5960
5900
5922
5861
5875
5872
5751
5751
5700
5725
5748
5748
5803
5803
5813
5841
5780
5777
5777
5777
5777
5777
5763
5772
5803
5854
5900
5888
5888
5888
5913
5909
5909
5866
5851
5806
5844
5834
5915
5869
5869
5869
5854
5848
5900
5900
5871
5871
5920
5939
5939
5923
5892
5879
5904
5904
5897
5897
5904
5904
5956
5956
5976
5976
5976
5976
5991
5981
5981
5981
5987
5991
6064
6112
6089
6119
6119
6168
6178
6178
6140
6140
6146
6146
6146
6149
6083
6107
6107
6153
6098
6098
6098
6062
6062
6050
6050
6062
6092
6078
6085
6085
6085
6104
6157
6124
6124
6163
6190
6190
6083
6117
6024
6028
6012
6012
5977
6019
6020
6020
5998
5998
5977
5977
5975
5927
5927
5977
5977
5977
5977
5977
5992
5992
5992
5930
5845
5826
5826
5826
5826
5853
5832
5846
5935
5935
5935
5935
5901
5901
5901
6029
6033
6033
6016
6021
6004
6004
6073
6016
6115
6172
6130
6136
6171
6149
6149
6109
6109
6065
6065
6065
6075
6075
6075
6076
6076
6092
6039
6074
6074
6074
6074
6074
6186
6119
6119
6106
6001
6018
5950
5922
5922
5914
5981
5993
5993
5988
5988
5999
5909
5939
5939
5830
5824
5811
5811
5811
5838
5902
5902
5902
5877
5877
5877
5897
5863
5879
5879
5843
5763
5763
5764
5764
5764
5764
5789
5800
5800
5832
5832
5804
5804
5804
5816
5816
5816
5828
5833
5833
5847
5859
5859
5871
5871
5871
5871
5871
5871
5871
5871
5875
5871
5877
5878
5878
5859
5859
5835
5835
5835
5835
5835
5835
5813
5813
5813
5813
5851
5851
5851
5851
5851
5851
5848
5803
5735
5723
5723
5812
5816
5864
5840
5868
5775
5853
5844
5844
5835
5835
5835
5835
5840
5841
5841
5871
5887
6025
5981
5981
5981
6009
6009
5988
5971
5960
5988
5988
5988
6017
5931
5959
5959
5930
5952
5952
5952
5964
5966
6012
6012
5962
5962
5942
5872
5889
5933
5906
5906
5906
5906
5872
5872
5872
5872
5908
5896
5889
5889
5821
5833
5833
5833
5833
5826
5826
5856
5930
5930
5930
5930
5902
5902
5895
5895
5895
5895
5895
5895
5883
5889
5889
5958
5958
5958
5931
5938
5938
5938
5950
5957
5927
5910
5902
5902
6039
5990
5990
5990
5990
5935
5935
5935
5935
5932
5932
5932
5932
5932
5932
5932
5919
5909
5902
5902
5902
5902
5902
5848
5874
5909
5906
5906
5886
5962
6028
5991
5991
6000
5991
5991
5848
5876
5919
5834
5872
5953
5929
5905
5928
5976
5976
6051
5946
5960
5960
5889
5889
5889
5889
5901
5901
5901
5882
5903
5982
5984
5984
5958
5981
5981
5981
5884
5884
5884
5859
5766
5747
5689
5734
5727
5721
5721
5759
5781
5781
5800
5774
5797
5803
5814
5814
5759
5759
5759
5759
5820
5820
5820
5820
5885
5892
5898
5905
5906
5968
5978
5978
5944
5944
5934
5934
5934
5934
5893
5929
5929
5923
5912
5912
5912
5928
5881
5881
5873
5841
5845
5841
5841
5841
5855
5841
5845
5886
5886
5870
5870
5804
5804
5844
5805
5802
5810
5753
5753
5753
5786
5770
5842
5765
5765
5820
5764
5772
5772
5751
5751
5751
5822
5818
5803
5770
5810
5810
5810
5810
5818
5818
5844
5844
5844
5844
5831
5831
5892
5848
5848
5912
6000
6000
6069
6047
6175
6198
6198
6077
6036
6036
6060
6060
6060
5980
5916
5916
5939
5919
5893
5893
5903
5887
5887
5887
5887
5887
5953
5910
5910
5910
5906
5911
5911
5911
6018
6011
6016
5967
5924
5991
5932
5932
5947
5932
5932
5932
5906
5923
5980
5980
5980
5984
5918
5879
5942
5942
5942
5891
5891
5868
5869
5855
5871
5887
5875
5875
5875
5933
5910
5910
5913
5933
5933
5914
5877
5907
5907
5877
5877
5855
5855
5855
5943
5942
5958
5958
6029
5942
5942
5965
5965
5965
5965
5930
5930
5930
6019
5963
5963
5963
5988
5988
6014
5988
5988
5988
5988
5988
5988
5988
5988
5988
6012
5988
5917
5917
5917
5917
5917
6015
5914
5914
5914
5914
5929
5929
5929
5921
5921
5921
5827
5875
5875
5875
5902
5952
5907
5912
5936
5965
5970
5983
5983
6063
6053
5985
5971
5858
5858
5858
5859
5859
5859
5859
5899
5899
5925
5894
5894
5894
5894
5961
5961
5943
5921
5879
5840
5840
5781
5771
5764
5764
5764
5808
5782
5782
5782
5782
5796
5796
5766
5773
5757
5757
5790
5856
5856
5775
5775
5775
5840
5840
5840
5840
5840
5840
5840
5840
5840
5840
5840
5902
5904
5878
5878
5918
5922
5922
5882
5878
5878
5914
5928
6057
6057
6057
6092
6173
6173
6156
6156
6000
6021
5995
5964
5909
5909
5925
5908
5908
5908
5908
5814
5789
5782
5781
5781
5781
5781
5781
5781
5781
5781
5789
5877
5958
5966
5945
5902
5877
5991
5981
5981
5955
5955
5988
5951
5966
5973
6017
6010
5975
5975
5975
5975
5988
5988
5992
6008
6041
6041
6080
6124
6150
6127
6103
6082
6082
6084
6146
6126
6126
6126
6162
6162
6162
6162
6162
6211
6225
6156
6111
6140
6087
6042
5962
5962
5968
5966
5991
6088
6106
6106
6058
6011
5965
5983
5983
5983
5983
6021
6021
6110
6110
6099
6099
6098
6098
6086
6122
6075
6075
6108
6104
6104
6104
6104
6132
6132
6136
6128
6103
6103
6109
6109
6109
6109
6109
6109
6139
6139
6139
6143
6143
6151
6112
6112
6011
5994
5994
5974
5974
5974
5992
5996
5998
5990
5989
5989
5947
5942
5929
5929
5953
5955
6068
6046
6046
6048
6048
6018
6018
6014
5972
5972
6037
6037
6072
6095
6105
6119
6119
6151
6151
6133
6167
6297
6297
6223
6223
6223
6169
6169
6134
6134
6168
6168
6168
6081
6070
6134
6134
6079
6079
6037
5965
5935
5927
5921
5954
5978
5949
5950
5913
5915
5865
5887
5873
5873
5878
5878
5878
5873
5832
5832
5832
5832
5830
5830
5870
5844
5934
5934
5934
5920
5867
5867
5867
5877
5877
5877
5877
5877
5918
5880
5933
5933
5895
5912
5912
5923
5923
5937
5937
5912
5912
5996
5996
5960
5960
5960
5945
5926
5926
5978
6028
6024
6024
5974
6006
6007
6007
5995
5995
5995
6017
6076
6073
6073
6073
6050
6050
6050
6050
6034
6000
6000
6000
6000
6019
6060
5999
5973
5973
5864
5863
5863
5889
6004
5972
6049
6039
6039
6039
6046
6025
6202
6191
6191
6202
6280
6304
6296
6306
6262
6262
6196
6155
6155
6119
6130
6130
6130
6075
6063
6066
5985
6041
6111
6111
6111
6073
6073
6110
6024
6024
6024
6024
6024
5960
5881
5881
5881
5911
5911
5921
5876
5844
5889
5881
5881
5857
5810
5810
5810
5792
5800
5803
5803
5803
5803
5803
5806
5932
5932
5917
5917
5927
5927
5927
6009
6009
5997
5997
6050
6050
6084
6084
6026
6026
6059
6059
6039
6039
6039
6071
6071
6071
6071
6071
6083
6083
6083
6176
6167
6154
6107
6130
6130
6187
6187
6241
6330
6330
6330
6330
6330
6330
6345
6344
6344
6344
6344
6372
6372
6364
6282
6243
6243
6201
6174
6181
6171
6174
6174
6174
6174
6150
6150
6150
6150
6150
6144
6229
6229
6306
6320
6320
6320
6246
6212
6134
6124
6124
6064
6029
6027
6105
6096
6067
6067
6067
6160
6139
6211
6211
6211
6110
6110
6105
6118
6143
6114
6196
6162
6162
6162
6162
6162
6162
6162
6162
6207
6221
6248
6243
6243
6243
6243
6243
6243
6267
6267
6267
6236
6267
6229
6229
6176
6176
6042
6042
6042
6042
6018
5999
5999
5999
6063
6063
6026
6039
6007
5981
5981
5981
5981
5981
5981
5981
5981
5981
6022
6022
5981
5981
5981
5981
6006
6006
6112
6112
6112
6112
6112
6112
6112
6112
6130
6130
6133
6099
6061
6061
6061
6061
5996
5996
6058
6058
6058
5989
5989
5989
5983
5991
6118
6067
6067
6027
6068
6068
6068
6108
6097
6101
6101
6063
6071
6073
6070
6073
6073
6042
6033
6033
6033
6049
6028
6049
6048
6072
6071
6032
6049
6107
6085
6085
6113
6113
6151
6151
6151
6128
6128
6128
6128
6128
6067
6056
6050
6061
6073
6097
6097
6104
6063
6063
6058
6058
6058
6058
6058
6068
6167
6167
6102
6102
6102
6102
6102
6066
5980
6046
6042
6042
6020
5962
5962
5972
6002
6002
6025
6021
6021
6002
5990
5990
6026
6026
5912
5957
5955
5997
5977
5992
5992
5992
5895
5902
5913
5913
5942
5959
5959
5932
5932
5932
5966
5966
5966
5966
5966
5966
5966
5966
5966
5966
5966
5983
5983
5983
5983
5983
5990
5990
5990
5917
5917
5910
5930
5930
5930
5930
5930
5955
5955
5989
5989
5912
5941
5941
5941
5937
5937
5997
6045
6045
6024
6024
6024
6061
6061
6061
5968
5968
5968
5968
5974
5974
5974
5937
5969
5891
5857
5835
5835
5938
5992
5992
5992
5992
5992
5992
6008
6008
5995
6008
6008
5981
5940
5940
5940
5869
5869
5869
5893
5857
5857
5882
5940
5868
5874
5973
5973
5907
5866
5866
5880
5880
5880
5880
5889
5889
5889
5960
5855
5880
5880
5880
5880
5880
5869
5869
5869
5869
5869
5869
5869
5869
5869
5909
5857
5857
5871
5871
5883
5883
5883
5883
5852
5853
5853
5853
5897
5897
5885
5854
5854
5854
5854
5854
5835
5835
5908
5837
5837
5893
5893
5899
5931
5950
5956
5956
5956
5939
5885
5828
5872
5872
5814
5814
5813
5872
5872
5872
5872
5911
5911
5911
5911
5911
5929
5951
5928
5928
5863
5871
5871
5871
5871
5871
5871
5883
5871
5919
5948
5948
5981
6028
5963
5937
5954
5983
5952
5952
5917
5917
5914
5914
5895
5882
5882
5876
5876
5876
5907
5819
5819
5819
5858
5858
5846
5870
5876
5893
5856
5856
5922
5922
5856
5856
5947
5947
5968
5968
5968
5968
5888
5888
5874
5874
5874
5889
5824
5824
5824
5849
5884
5884
5884
5897
5891
5891
5891
5851
5851
5851
5851
5921
5902
5837
5823
5823
5823
5823
5823
5823
5823
5823
5833
5833
5833
5879
5882
5882
5882
5882
5882
5940
5910
5865
5887
5887
5889
5889
5889
5889
5889
5848
5848
5883
5858
5868
5982
5948
5948
5944
5921
5921
5921
5935
5972
5972
6020
6086
6086
6119
6074
6064
6064
6064
6046
6046
6126
6154
6156
6156
6119
6172
6143
6143
6143
6129
6067
6067
6067
6074
6127
6127
6127
6130
6130
6118
6181
6115
6145
6168
6208
6208
6208
6205
6255
6211
6209
6195
6167
6167
6164
6134
6134
6183
6179
6179
6134
6114
6114
6100
6100
6100
6143
6143
6143
6139
6139
6157
6148
6150
6150
6150
6154
6196
6166
6166
6143
6143
6142
6123
6058
6051
5991
5991
6021
6034
6051
6051
6051
6051
6051
6051
6051
6002
6002
6002
6041
6041
6013
5975
5975
5962
5988
5996
5996
5969
5969
5931
5944
5989
5989
5989
5989
5989
5989
5933
5933
5891
5891
5917
6028
6034
6063
6068
6101
6101
6108
6044
6044
6050
6050
6050
5998
5971
5997
5997
5956
5956
5929
5884
5857
5876
5876
5905
5905
5905
6000
5931
5952
5902
5902
5944
5933
5933
5946
5946
5932
5909
5881
5920
5923
5869
5905
5905
5829
5829
5829
5828
5837
5837
5853
5945
5945
5948
5958
5958
6045
6062
5965
5875
5907
5888
5898
5871
5871
5871
5871
5871
5871
5926
5900
5900
5939
5939
5939
5939
5939
5939
5939
6010
6010
5968
5968
5968
5968
5968
5968
5968
5979
5979
5991
5991
6049
6094
6094
6143
6168
6183
6183
6154
6154
6147
6110
6110
6104
6086
6086
6086
6100
6100
6100
6014
6033
6047
6039
6028
6028
6032
6028
5988
5988
5988
5871
5871
5871
5871
5871
5871
5905
5905
5905
5905
5905
5905
5889
5889
5865
5848
5769
5782
5782
5782
5796
5850
5850
5882
5901
5901
5858
5858
5835
5829
5867
5867
5844
5844
5854
5857
5857
5859
5859
5859
5836
5836
5805
5805
5805
5805
5805
5805
5800
5785
5785
5785
5854
5863
5818
5818
5831
5850
5779
5779
5738
5738
5738
5738
5693
5693
5693
5693
5698
5708
5708
5614
5620
5630
5630
5630
5630
5647
5647
5647
5681
5701
5654
5657
5662
5655
5672
5651
5599
5588
5655
5655
5592
5617
5676
5654
5632
5663
5628
5648
5624
5624
5624
5624
5633
5633
5633
5647
5706
5700
5700
5717
5717
5692
5703
5754
5754
5750
5750
5698
5670
5670
5683
5660
5660
5620
5620
5620
5618
5671
5671
5714
5780
5780
5756
5756
5756
5756
5756
5788
5748
5748
5738
5760
5760
5760
5736
5736
5736
5736
5754
5755
5755
5754
5754
5805
5805
5805
5811
5811
5811
5811
5811
5811
5811
5811
5811
5810
5822
5813
5865
5865
5842
5940
5965
5958
5958
5947
6036
6051
6084
6084
6084
6080
6080
6080
6080
6082
6082
6082
6082
6138
6138
6138
6138
6138
6138
6138
6138
6138
6138
6133
6170
6170
6147
6147
6130
6130
6130
6130
6130
6144
6144
6144
6144
6144
6051
6074
6060
6060
6056
6056
6042
6042
5997
5997
6001
6001
6001
6001
6001
6001
6024
6031
6031
6031
6031
6031
6042
6083
6083
6083
6039
6003
6042
6063
6063
6086
6086
6097
6097
6030
6050
6050
6126
6146
6206
6206
6249
6249
6257
6184
6184
6150
6150
6150
6225
6225
6147
6167
6167
6110
6110
6110
6100
6149
6187
6157
6157
6145
6059
6022
6022
5968
5968
5982
5982
5928
5966
5931
5958
5951
5889
5884
5884
5877
5912
5891
5873
5785
5793
5793
5793
5854
5819
5819
5853
5853
5853
5853
5866
5866
5866
5866
5866
5866
5870
5870
5866
5866
5866
5866
5866
5866
5866
5866
5866
5866
5927
5927
5942
5909
5909
5946
5946
5923
5923
5923
5923
5822
5813
5813
5826
5783
5773
5773
5773
5773
5769
5744
5744
5744
5744
5759
5759
5736
5767
5767
5767
5767
5768
5767
5793
5817
5817
5817
5794
5821
5821
5835
5835
5835
5833
5833
5833
5780
5707
5713
5713
5723
5723
5723
5780
5754
5762
5762
5728
5767
5767
5767
5761
5772
5709
5754
5807
5857
5857
5857
5938
5996
6017
6017
6017
6017
6017
6017
6034
5960
5921
5921
5958
5958
5958
5958
5959
5959
5959
5954
5954
5954
5971
5971
5971
5971
5989
5945
5974
5974
5968
5968
5968
5939
5902
5902
5856
5902
5902
5856
5856
5856
5906
5891
5918
5924
5930
5951
5958
5952
6078
6078
6103
6115
6100
6119
6032
6032
6032
6045
6004
5957
5944
5944
5944
5944
5905
5905
5905
5967
5983
5983
5997
5997
6000
6000
5955
5955
5972
5983
5991
6001
6001
6002
5984
5967
6019
6028
6028
5960
5960
6006
6035
6039
6039
5984
5984
5983
5962
5962
5962
5962
5962
5962
5962
5885
5885
5885
5882
5863
5832
5828
5794
5794
5794
5794
5794
5870
5839
5842
5845
5888
5881
5898
5820
5820
5865
5865
5794
5794
5789
5789
5800
5815
5857
5857
5857
5857
5789
5789
5789
5799
5789
5788
5791
5846
5846
5754
5754
5845
5845
5852
5859
5831
5831
5831
5831
5831
5831
5846
5846
5858
5858
5858
5858
5877
5876
5924
5894
5894
5818
5818
5764
5730
5730
5730
5730
5730
5808
5768
5760
5760
5753
5753
5745
5745
5745
5745
5791
5791
5791
5791
5807
5807
5807
5807
5857
5834
5834
5744
5744
5771
5771
5771
5788
5787
5787
5787
5787
5787
5787
5877
5877
5877
5938
5938
5938
5938
5938
5900
5900
5969
5969
5969
5969
5996
5996
5996
5946
5946
5946
5946
5980
5980
5980
5980
5980
5949
5949
5949
5949
5949
5888
5907
5907
5918
5918
5918
5966
5966
5966
5999
5999
6069
6044
6044
6080
6111
6052
6052
6057
5988
5988
5988
6015
5942
5976
5976
5952
5971
5975
5965
5943
5935
5920
5913
5913
5851
5851
5851
5855
5923
5923
5923
5923
5923
6010
6010
5951
5942
5942
5885
5885
5869
5869
5869
5903
5899
5899
5911
5911
5899
5885
5888
5892
5892
5834
5843
5838
5838
5856
5856
5856
5854
5854
5854
5854
5854
5809
5809
5861
5812
5812
5812
5812
5812
5827
5827
5827
5835
5835
5835
5850
5850
5850
5850
5850
5850
5850
5844
5844
5820
5820
5844
5844
5844
5844
5858
5858
5858
5858
5858
5876
5876
5876
5876
5876
5863
5835
5835
5806
5806
5806
5806
5806
5806
5806
5806
5806
5806
5798
5798
5798
5798
5798
5806
5792
5834
5787
5787
5787
5787
5787
5787
5787
5769
5740
5743
5802
5776
5776
5799
5799
5743
5743
5743
5743
5768
5768
5768
5821
5821
5821
5821
5783
5788
5788
5788
5788
5788
5788
5810
5810
5823
5823
5823
5823
5805
5805
5805
5805
5793
5793
5793
5793
5965
5965
5965
5965
5965
5961
5961
5961
5961
5961
5961
5896
5896
5896
5896
5896
5896
5896
5896
5896
5896
5896
5896
5902
5902
5902
5902
5902
5902
5884
5881
5884
5884
5876
5876
5876
5916
5916
5861
5840
5840
5841
5841
5841
5870
5870
5897
5973
5973
5973
5968
5968
5928
5920
5895
5895
5915
5941
5939
5976
5976
5957
5957
5925
5925
5925
5922
5891
5891
5891
5939
5939
5939
5939
5939
5939
5989
5963
5997
5997
5932
5932
5901
5889
5889
5889
5889
5889
5910
5910
5910
5913
5880
5880
5912
5912
5945
5931
5971
5991
6000
5973
5973
6019
6032
6007
6031
6005
6005
6005
5973
5973
5973
5973
5952
5952
5894
5894
5894
5879
5879
5879
5879
5848
5860
5860
5851
5851
5851
5804
5804
5846
5846
5881
5914
5914
5914
5883
5883
5883
5883
5879
5879
5859
5859
5859
5859
5874
5874
5874
5853
5853
5876
5853
5853
5853
5853
5853
5889
5889
5928
5928
5928
5928
5928
5868
5868
5868
5905
5905
5837
5837
5764
5764
5757
5757
5757
5751
5751
5751
5751
5751
5751
5752
5751
5751
5751
5730
5730
5730
5730
5733
5751
5751
5751
5751
5792
5792
5784
5813
5813
5812
5812
5812
5812
5812
5812
5776
5776
5776
5801
5801
5801
5787
5772
5772
5762
5772
5772
5772
5772
5772
5772
5713
5698
5724
5718
5718
5718
5695
5715
5715
5715
5758
5758
5763
5763
5763
5763
5800
5800
5800
5800
5800
5800
5869
5869
5869
5839
5839
5858
5839
5839
5839
5839
5839
5839
5916
5916
5928
5928
5928
5928
5928
5928
5903
5857
5831
5831
5868
5868
5868
5868
5868
5868
5868
5844
5844
5844
5836
5836
5817
5817
5817
5787
5787
5820
5806
5806
5806
5806
5806
5806
5806
5710
5710
5710
5700
5709
5709
5709
5726
5726
5726
5726
5726
5726
5736
5717
5717
5717
5700
5700
5700
5700
5700
5701
5700
5700
5700
5700
5700
5700
5700
5716
5716
5716
5716
5716
5712
5712
5712
5712
5712
5727
5700
5659
5659
5659
5659
5659
5659
5713
5713
5713
5676
5676
5676
5649
5649
5640
5640
5640
5640
5640
5640
5640
5639
5639
5639
5639
5639
5639
5639
5639
5639
5641
5641
5677
5685
5677
5677
5651
5651
5639
5639
5639
5639
5639
5639
5639
5639
5639
5639
5639
5639
5639
5639
5640
5640
5640
5640
5640
5672
5673
5673
5673
5673
5673
5673
5673
5662
5662
5662
5662
5705
5705
5705
5705
5700
5700
5700
5700
5700
5700
5727
5711
5711
5711
5711
5769
5769
5846
5826
5745
5745
5708
5729
5729
5729
5729
5729
5729
5728
5740
5747
5747
5747
5747
5747
5747
5747
5747
5747
5794
5794
5794
5794
5743
5810
5810
5810
5810
5810
5810
5810
5810
5810
5810
5810
5810
5810
5810
5775
5757
5787
5787
5767
5767
5767
5783
5775
5775
5765
5743
5752
5752
5752
5754
5754
5805
5805
5805
5840
5803
5803
5803
5803
5803
5803
5803
5803
5799
5809
5799
5799
5823
5800
5800
5800
5800
5800
5789
5778
5809
5809
5805
5805
5805
5805
5805
5805
5804
5804
5804
5804
5828
5828
5783
5783
5783
5751
5751
5759
5759
5759
5759
5740
5763
5743
5743
5743
5745
5740
5740
5740
5740
5740
5740
5740
5740
5741
5741
5741
5746
5750
5750
5750
5750
5740
5740
5748
5740
5740
5740
5740
5748
5740
5740
5740
5726
5726
5726
5726
5726
5681
5681
5681
5681
5681
5681
5681
5681
5681
5681
5665
5665
5707
5707
5720
5720
5720
5720
5720
5720
5709
5757
5757
5714
5714
5714
5707
5707
5707
5707
5707
5707
5707
5707
5707
5707
5707
5745
5745
5747
5747
5717
5717
5713
5713
5718
5718
5730
5775
5775
5775
5775
5775
5775
5775
5815
5815
5755
5755
5755
5755
5772
5733
5699
5699
5731
5731
5731
5731
5732
5732
5747
5721
5721
5711
5711
5711
5713
5713
5713
5765
5778
5778
5778
5750
5739
5739
5821
5821
5772
5772
5772
5765
5779
5731
5731
5731
5731
5731
5731
5740
5740
5740
5754
5818
5818
5818
5818
5818
5818
5818
5818
5822
5822
5822
5822
5834
5796
5741
5752
5754
5759
5759
5801
5801
5806
5801
5801
5816
5801
5801
5801
5799
5798
5732
5732
5732
5732
5732
5732
5732
5732
5744
5744
5744
5744
5744
5744
5746
5746
5732
5732
5732
5732
5732
5751
5751
5751
5751
5751
5751
5751
5751
5732
5732
5732
5732
5732
5732
5732
5732
5739
5739
5739
5726
5763
5763
5744
5715
5715
5715
5744
5745
5722
5755
5755
5707
5691
5691
5727
5691
5691
5691
5691
5691
5691
5691
5724
5724
5724
5724
5724
5724
5724
5759
5759
5759
5759
5759
5759
5759
5759
5765
5765
5765
5760
5814
5813
5803
5859
5859
5859
5853
5853
5785
5785
5790
5742
5742
5735
5735
5714
5714
5714
5714
5786
5731
5731
5731
5731
5731
5731
5731
5731
5731
5731
5731
5731
5731
5718
5718
5718
5718
5718
5712
5712
5712
5700
5700
5717
5717
5717
5717
5717
5717
5717
5717
5717
5717
5717
5717
5704
5704
5704
5704
5704
5704
5722
5722
5722
5722
5722
5720
5720
5720
5732
5732
5732
5732
5720
5720
5720
5727
5727
5727
5739
5739
5740
5740
5740
5740
5723
5723
5696
5696
5696
5696
5688
5688
5692
5692
5692
5688
5688
5734
5687
5687
5687
5687
5687
5687
5687
5687
5687
5687
5687
5687
5687
5687
5687
5687
5687
5688
5718
5718
5718
5718
5718
5718
5718
5718
5744
5744
5744
5744
5744
5744
5744
5744
5744
5744
5746
5746
5746
5744
5744
5744
5744
5744
5744
5742
5742
5719
5719
5719
5719
5740
5719
5719
5719
5705
5705
5705
5727
5727
5727
5727
5727
5707
5707
5707
5730
5730
5720
5720
5720
5720
5720
5669
5669
5658
5658
5658
5658
5656
5656
5656
5656
5656
5656
5656
5656
5676
5676
5686
5686
5686
5686
5686
5686
5686
5701
5701
5701
5673
5645
5645
5645
5645
5645
5645
5645
5667
5661
5661
5661
5661
5661
5661
5661
5665
5665
5665
5624
5619
5619
5619
5619
5624
5624
5624
5624
5643
5643
5643
5643
5620
5620
5613
5613
5613
5613
5630
5630
5630
5630
5607
5607
5600
5600
5600
5600
5600
5600
5591
5591
5591
5591
5591
5591
5591
5591
5600
5600
5600
5600
5631
5631
5591
5591
5591
5591
5591
5591
5600
5600
5600
5600
5600
5600
5600
5593
5593
5593
5591
5591
5591
5591
5591
5591
5591
5591
5593
5593
5593
5593
5593
5593
5593
5593
5593
5593
5591
5603
5604
5604
5604
5604
5604
5604
5604
5604
5604
5604
5604
5604
5599
5599
5599
5599
5599
5599
5599
5599
5623
5623
5622
5636
5636
5633
5633
5633
5633
5633
5633
5633
5624
5624
5624
5624
5606
5623
5614
5614
5614
5614
5614
5614
5669
5693
5728
5728
5683
5683
5683
5683
5683
5683
5678
5674
5674
5658
5658
5658
5658
5658
5672
5672
5683
5683
5683
5683
5683
5683
5683
5677
5677
5677
5677
5677
5677
5702
5692
5683
5651
5651
5651
5651
5651
5651
5651
5674
5674
5687
5688
5688
5688
5688
5695
5695
5670
5670
5670
5670
5670
5670
5670
5670
5670
5670
5670
5670
5670
5670
5670
5670
5670
5670
5670
5670
5670
5670
5670
5670
5673
5673
5673
5673
5609
5609
5600
5600
5600
5600
5600
5600
5600
5600
5600
5600
5600
5598
5630
5630
5589
5589
5589
5589
5589
5589
5589
5589
5589
5589
5589
5589
5589
5589
5589
5589
5589
5621
5621
5621
5621
5621
5621
5589
5589
5589
5589
5589
5589
5589
5589
5589
5589
5589
5589
5589
5589
5589
5589
5603
5594
5589
5589
5589
5589
5589
5589
5589
5589
5589
5589
5589
5589
5589
5589
5589
5589
5589
5589
5589
5589
5589
5589
5589
5589
5589
5589
5589
5589
5589
5589
5589
5589
5589
5589
5590
5597
5597
5599
5599
5599
5599
5599
5599
5599
5599
5626
5626
5626
5626
5626
5626
5626
5614
5614
5614
5614
5633
5633
5633
5633
5633
5633
5633
5633
5629
5629
5629
5629
5629
5629
5629
5636
5644
5644
5637
5637
5637
5637
5637
5637
5637
5637
5602
5602
5602
5602
5610
5610
5628
5628
5633
5633
5646
5646
5646
5646
5646
5646
5646
5646
5641
5641
5641
5641
5641
5641
5641
5641
5641
5641
5654
5605
5603
5603
5603
5603
5603
5602
5602
5602
5602
5602
5602
5602
5602
5602
5615
5615
5624
5624
5624
5624
5624
5624
5624
5624
5608
5615
5615
5615
5615
5615
5615
5615
5615
5615
5615
5615
5615
5615
5615
5646
5653
5606
5606
5606
5606
5606
5606
5606
5606
5606
5606
5606
5606
5606
5606
5606
5606
5606
5606
5606
5606
5606
5606
5606
5606
5606
5606
5606
5606
5606
5606
5606
5606
5606
5606
5606
5606
5606
5627
5627
5627
5627
5627
5627
5602
5602
5602
5602
5602
5597
5614
5614
5614
5614
5614
5614
5602
5602
5602
5602
5602
5602
5583
5583
5583
5591
5588
5588
5588
5592
5592
5592
5592
5592
5592
5592
5592
5592
5592
5592
5592
5592
5592
5592
5592
5592
5592
5592
5592
5598
5598
5594
5594
5594
5594
5594
5594
5594
5594
5594
5594
5594
5594
5594
5594
5594
5596
5596
5596
5596
5596
5596
5596
5594
5594
5608
5608
5608
5608
5608
5608
5608
5616
5592
5592
5592
5592
5592
5592
5592
5592
5592
5592
5592
5592
5592
5592
5599
5599
5638
5638
5638
5638
5638
5638
5638
5638
5638
5665
5665
5673
5658
5658
5658
5658
5658
5658
5637
5637
5637
5632
5627
5627
5627
5627
5627
5627
5627
5627
5627
5627
5627
5627
5627
5627
5627
5627
5627
5627
5627
5627
5627
5627
5627
5627
5627
5627
5627
5627
5627
5629
5629
5629
5629
5629
5634
5634
5634
5634
5634
5634
5634
5634
5634
5634
5634
5634
5634
5634
5634
5634
5639
5634
5634
5634
5634
5634
5634
5634
5634
5634
5634
5634
5634
5634
5634
5634
5634
5634
5634
5634
5634
5634
5634
5634
5634
5634
5634
5634
5634
5616
5616
5616
5616
5616
5616
5616
5616
5616
5616
5616
5616
5616
5616
5616
5616
5616
5616
5616
5616
5625
5625
5625
5634
5634
5634
5634
5629
5629
5629
5629
5629
5629
5613
5613
5613
5622
5613
5613
5613
5613
5613
5613
5613
5613
5613
5613
5613
5613
5613
5613
5613
5613
5613
5613
5613
5613
5613
5602
5602
5602
5602
5602
5602
5602
5602
5602
5602
5602
5602
5602
5602
5602
5602
5602
5602
5602
5604
5604
5660
5660
5660
5650
5650
5650
5659
5666
5666
5666
5666
5666
5676
5676
5676
5676
5676
5676
5676
5676
5676
5676
5676
5676
5676
5676
5676
5681
5601
5601
5607
5607
5607
5607
5607
5607
5607
5607
5607
5607
5607
5607
5601
5601
5601
5593
5593
5593
5593
5593
5593
5594
5594
5593
5593
5608
5608
5608
5608
5608
5608
5608
5593
5593
5593
5593
5593
5593
5593
5593
5593
5593
5593
5593
5593
5593
5593
5593
5593
5593
5593
5593
5593
5593
5593
5593
5593
5593
5593
5593
5593
5593
5593
5593
5615
5615
5615
5615
5615
5615
5615
5606
5606
5607
5607
5607
5614
5593
5593
5606
5606
5606
5606
5606
5606
5606
5606
5606
5606
5606
5606
5606
5606
5606
5606
5606
5606
5606
5606
5606
5606
5606
5606
5606
5606
5606
5606
5608
5608
5606
5606
5606
5606
5606
5606
5606
5606
5606
5606
5606
5606
5606
5606
5606
5606
5606
5606
5606
5606
5606
5606
5606
5606
5606
5606
5606
5606
5626
5626
5626
5626
5615
5615
5615
5615
5615
5615
5615
5615
5620
5620
5620
5615
5615
5615
5615
5615
5615
5615
5615
5615
5615
5616
5616
5616
5616
5616
5616
5616
5616
5616
5616
5616
5616
5616
5616
5616
5616
5616
5616
5616
5616
5616
5616
5616
5616
5616
5616
5616
5616
5616
5616
5620
5621
5628
5628
5628
5628
5628
5628
5628
5628
5628
5627
5627
5627
5627
5628
5608
5608
5608
5599
5599
5599
5599
5599
5599
5583
5589
5589
5589
5589
5591
5591
5583
5583
5583
5592
5592
5601
5601
5601
5601
5601
5601
5601
5601
5601
5601
5601
5601
5609
5609
5609
5609
5602
5602
5583
5583
5583
5583
5583
5590
5583
5583
5583
5588
5588
5588
5588
5588
5588
5588
5588
5588
5588
5588
5588
5588
5583
5583
5583
5583
5583
5583
5583
5583
5583
5583
5583
5583
5583
5583
5583
5583
5583
5583
5583
5583
5583
5583
5583
5583
5583
5583
5583
5583
5583
5583
5583
5660
5660
5644
5644
5644
5644
5644
5636
5636
5583
5583
5583
5583
5583
5593
5593
5593
5593
5593
5593
5593
5593
5593
5593
5593
5593
5593
5593
5593
5593
5593
5593
5593
5593
5593
5593
5593
5593
5593
5593
5593
5593
5593
5599
5599
5599
5599
5599
5599
5599
5599
5599
5599
5599
5599
5599
5599
5599
5599
5599
5599
5599
5606
5606
5606
5606
5606
5606
5606
5606
5606
5606
5610
5610
5610
5610
5610
5610
5610
5610
5610
5606
5606
5606
5606
5610
5610
5610
5610
5610
5610
5606
5606
5606
5606
5606
5606
5606
5606
5606
5606
5606
5606
5606
5606
5606
5606
5606
5606
5561
5561
5561
5561
5561
5561
5561
5561
5561
5561
5561
5561
5561
5561
5561
5561
5561
5582
5582
5571
5571
5571
5571
5571
5564
5564
5564
5564
5564
5561
5559
5559
5559
5559
5543
5543
5543
5543
5543
5543
5542
5542
5542
5542
5543
5543
5542
5542
5542
5542
5542
5542
5542
5542
5542
5542
5542
5542
5542
5542
5542
5542
5542
5542
5542
5542
5553
5553
5553
5553
5553
5553
5589
5589
5589
5586
5586
5586
5586
5586
5608
5608
5608
5608
5608
5608
5608
5608
5608
5608
5608
5608
5608
5608
5608
5593
5593
5593
5593
5593
5593
5593
5593
5593
5593
5593
5594
5594
5594
5594
5594
5594
5594
5594
5594
5594
5594
5594
5594
5594
5585
5585
5585
5582
5582
5582
5582
5582
5582
5582
5582
5582
5582
5582
5582
5582
5582
5583
5583
5582
5582
5582
5582
5582
5582
5582
5582
5582
5582
5567
5567
5567
5567
5567
5567
5567
5567
5567
5557
5557
5557
5557
5557
5557
5557
5557
5557
5557
5557
5557
5557
5557
5557
5557
5557
5557
5557
5557
5557
5557
5549
5549
5549
5549
5545
5545
5545
5545
5545
5545
5545
5545
5545
5545
5545
5545
5545
5580
5580
5580
5580
5580
5580
5580
5571
5570
5570
5570
5570
5570
5570
5570
5570
5570
5570
5563
5563
5563
5563
5563
5563
5556
5556
5556
5556
5556
5556
5556
5556
5556
5556
5539
5539
5539
5539
5539
5527
5527
5527
5527
5527
5527
5527
5527
5529
5529
5529
5527
5527
5527
5527
5527
5527
5527
5527
5527
5527
5527
5527
5527
5527
5527
5527
5527
5527
5527
5527
5527
5527
5527
5529
5532
5532
5532
5532
5532
5532
5532
5532
5532
5532
5532
5532
5532
5532
5532
5532
5532
5532
5532
5532
5530
5530
5530
5530
5530
5530
5530
5530
5530
5530
5530
5530
5530
5530
5530
5532
5532
5532
5532
5527
5527
5527
5527
5527
5527
5527
5527
5527
5527
5527
5527
5527
5527
5527
5527
5527
5527
5540
5540
5540
5540
5540
5540
5529
5534
5534
5534
5535
5535
5534
5527
5527
5527
5527
5527
5527
5527
5527
5527
5528
5527
5527
5527
5527
5527
5527
5527
5527
5527
5527
5527
5527
5527
5527
5527
5533
5533
5533
5533
5533
5527
5527
5527
5527
5566
5566
5552
5552
5548
5548
5548
5548
5548
5548
5548
5548
5547
5548
5548
5548
5548
5548
5548
5548
5548
5527
5527
5527
5527
5527
5527
5527
5527
5527
5527
5527
5527
5527
5527
5527
5527
5527
5527
5527
5527
5527
5527
5527
5527
5527
5527
5530
5527
5527
5527
5527
5527
5527
5527
5527
5527
5527
5527
5527
5527
5527
5527
5527
5527
5527
5527
5527
5527
5527
5527
5527
5527
5527
5527
5527
5527
5527
5527
5527
5527
5527
5527
5527
5527
5527
5527
5527
5527
5527
5527
5527
5527
5527
5527
5527
5527
5527
5527
5527
5527
5527
5527
5527
5527
5527
5527
5527
5527
5527
5527
5527
5527
5527
5527
5527
5527
5527
5527
5527
5527
5527
5527
5527
5527
5527
5527
5527
5527
5527
5527
5527
5527
5527
5527
5527
5527
5527
5527
5527
5527
5527
5527
5527
5527
5527
5527
5527
5527
5527
5527
5527
5527
5527
5527
5527
5527
5533
5533
5533
5533
5533
5533
5533
5533
5533
5533
5533
5533
5533
5533
5533
5533
5533
5533
5533
5533
5533
5533
5533
5533
5533
5533
5533
5533
5533
5533
5527
5527
5527
5527
5527
5527
5527
5527
5527
5527
5527
5527
5527
5527
5527
5527
5527
5527
5527
5527
5527
5527
5527
5527
5527
5527
5527
5527
5527
5527
5527
5527
5527
5527
5527
5527
5527
5527
5527
5527
5527
5527
5527
5527
5527
5527
5527
5527
5527
5527
5527
5527
5527
5527
5527
5527
5528
5528
5528
5528
5528
5528
5528
5528
5528
5528
5528
5528
5528
5528
5528
5528
5528
5528
5528
5528
5529
5529
5529
5529
5529
5529
5529
5529
5529
5528
5528
5528
5528
5528
5528
5528
5528
5528
5528
5528
5528
5528
5528
5528
5528
5528
5528
5529
5529
5529
5528
5528
5528
5528
5528
5528
5528
5528
5528
5528
5527
5527
5527
5527
5527
5527
5527
5527
5527
5527
5527
5527
5527
5527
5527
5527
5527
5527
5527
5529
5529
5529
5529
5529
5529
5529
5529
5529
5529
5530
5530
5530
5530
5530
5530
5530
5530
5530
5530
5530
5530
5530
5530
5530
5530
5530
5530
5530
5530
5530
5530
5530
5530
5532
5532
5532
5532
5532
5532
5532
5532
5532
5532
5532
5532
5532
5532
5532
5532
5532
5532
5532
5532
5532
5532
5532
5532
5532
5532
5533
5533
5532
5532
5532
5527
5527
5527
5527
5527
5527
5527
5527
5527
5527
5527
5527
5527
5527
5527
5527
5527
5527
5527
5527
5527
5527
5527
5527
5527
5527
5528
5528
5528
5528
5528
5528
5527
5527
5527
5527
5527
5527
5527
5527
5527
5527
5527
5527
5527
5527
5527
5527
5527
5527
5527
5527
5527
5527
5527
5527
5527
5527
5527
5527
5527
5527
5527
5527
5527
5527
5527
5527
5527
5527
5527
5527
5527
5527
5527
5527
5527
5527
5527
5527
5527
5527
5527
5527
5527
5527
5527
5527
5527
5527
5527
5527
5527
5527
5527
5527
5527
5527
5527
5527
5527
5527
5527
5527
5527
5527
5527
5527
5527
5527
5527
5527
5527
5527
5527
5527
5527
5527
5527
5527
5527
5527
5527
5527
5527
5527
5527
5527
5527
5527
5527
5527
5527
5527
5527
5527
5527
5527
5527
5527
5527
5527
5527
5527
5527
5527
5527
5527
5527
5527
5527
5527
5527
5527
5527
5527
5527
5527
5527
5527
5527
5527
5527
5527
5527
5527
5527
5527
5527
5527
5527
5527
5527
5527
5527
5527
5527
5527
5527
5527
5527
5527
5532
5532
5532
5532
5536
5536
5536
5536
5536
5536
5536
5536
5536
5536
5536
5536
5536
5536
5536
5536
5536
5536
5536
5527
5527
5527
5527
5527
5527
5527
5527
5527
5527
5527
5527
5534
5534
5534
5534
5534
5534
5534
5534
5527
5527
5527
5527
5527
5527
5527
5527
5527
5527
5527
5527
5527
5527
5527
5527
5527
5527
5527
5527
5527
5527
5527
5527
5527
5527
5527
5528
5528
5528
5528
5527
5527
5527
5527
5527
5527
5527
5527
5527
5527
5527
5527
5527
5527
5527
5527
5527
5527
5527
5527
5527
5527
5527
5527
5527
5527
5527
5527
5527
5527
5527
5527
5527
5527
5527
5527
5527
5527
5527
5527
5527
5527
5527
5527
5527
5527
5527
5527
5527
5527
5527
5527
5527
5527
5527
5527
5527
5527
5527
5527
5527
5527
5527
5527
5527
5527
5527
5527
5527
5527
5527
5527
5527
5527
5528
5528
5528
5527
5527
5527
5527
5527
5527
5527
5527
5527
5527
5527
5527
5527
5527
5527
5527
5527
5527
5527
5527
5527
5527
5527
5527
5527
5527
5527
5527
5527
5527
5527
5527
5527
5527
5527
5527
5527
5527
5527
5527
5527
5527
5527
5527
5527
5527
5527
5527
5527
5527
5527
5527
5531
5531
5531
5531
5531
5531
5531
5531
5531
5531
5531
5531
5531
5531
5531
5531
5531
5531
5531
5531
5531
5531
5531
5531
5531
5531
5531
5531
5531
5531
5531
5531
5530
5530
5530
5530
5530
5530
5530
5530
5530
5527
5527
5527
5527
5527
5527
5527
5527
5527
5527
5527
5527
5527
5527
5527
5527
5527
5527
5527
5527
5527
5527
5527
5527
5527
5527
5527
5527
5527
5529
5529
5529
5529
5529
5529
5529
5529
5529
5529
5529
5529
5529
5527
5527
5527
5527
5527
5527
5527
5527
5527
5527
5527
5527
5527
5527
5527
5527
5527
5527
5527
5527
5527
5527
5527
5527
5527
5527
5527
5527
5527
5527
5527
5527
5527
5527
5527
5527
5527
5527
5527
5527
5527
5527
5527
5527
5527
5527
5527
5528
5528
5528
5528
5528
5528
5528
5528
5527
5527
5527
5527
5527
5527
5527
5527
5527
5527
5527
5527
5527
5527
5527
5527
5527
5527
5527
5527
5527
5527
5527
5527
5527
5527
5527
5527
5527
5527
5527
5527
5527
5527
5527
5527
5527
5527
5527
5527
5527
5527
5527
5527
5527
5527
5527
5527
5527
5527
5527
5527
5527
5527
5527
5527
5527
5527
5527
5527
5527
5527
5527
5527
5533
5533
5533
5533
5533
5530
5530
5527
5527
5529
5529
5529
5529
5529
5529
5529
5529
5532
5532
5532
5531
5531
5531
5531
5531
5531
5531
5531
5531
5531
5531
5531
5531
5531
5531
5531
5530
5530
5530
5530
5530
5530
5527
5527
5527
5527
5527
5527
5527
5527
5527
5527
5527
5527
5527
5527
5527
5527
5527
5527
5527
5527
5527
5527
5527
5527
5527
5527
5527
5527
5527
5527
5527
5527
5527
5527
5527
5527
5527
5527
5527
5527
5527
5527
5527
5527
5527
5527
5527
5527
5527
5527
5527
5527
5527
5527
5527
5527
5527
5527
5527
5527
5527
5527
5527
5527
5527
5527
5527
5527
5527
5527
5527
5527
5527
5527
5527
5527
5527
5527
5527
5527
5527
5527
5527
5527
5527
5527
5527
5527
5527
5527
5527
5527
5528
5528
5528
5528
5528
5527
5527
5527
5527
5527
5527
5527
5527
5527
5527
5527
5527
5527
5527
5527
5527
5527
5527
5527
5527
5527
5527
5527
5527
5527
5527
5527
5527
5527
5527
5527
5527
5527
5527
5527
5527
5527
5527
5527
5527
5527
5527
5527
5527
5527
5527
5527
5527
5527
5527
5527
5527
5527
5527
5527
5527
5527
5527
5527
5527
5527
5527
5527
5527
5527
5527
5527
5527
5527
5527
5527
5527
5527
5527
5527
5527
5527
5527
5527
5527
5527
5527
5527
5527
5527
5527
5527
5527
5527
5527
5527
5527
5527
5527
5527
5527
5527
5527
5527
5527
5527
5527
5527
5527
5527
5527
5527
5527
5527
5527
5527
5527
5527
5527
5527
5527
5527
5527
5527
5527
5527
5527
5527
5527
5527
5527
5527
5527
5527
5527
5527
5527
5527
5527
5527
5527
5527
5527
5527
5527
5527
5527
5527
5527
5527
5527
5527
5527
5527
5527
5527
5527
5527
5527
5527
5527
5527
5527
5527
5527
5535
5535
5535
5535
5527
5527
5527
5527
5527
5527
5527
5527
5527
5527
5527
5527
5527
5527
5527
5527
5527
5527
5527
5527
5527
5527
5527
5527
5527
5527
5527
5527
5527
5527
5527
5527
5527
5527
5527
5527
5527
5527
5527
5527
5527
5527
5527
5527
5527
5527
5527
5527
5527
5527
5527
5527
5528
5527
5527
5527
5527
5527
5527
5527
5527
5527
5527
5527
5527
5527
5527
5527
5527
5527
5527
5527
5527
5527
5527
5527
5527
5527
5527
5527
5527
5527
5527
5527
5527
5527
5527
5527
5527
5527
5527
5527
5527
5527
5527
5527
5527
5527
5527
5527
5527
5527
5527
5527
5527
5527
5527
5527
5527
5527
5527
5527
5527
5527
5527
5527
5527
5527
5527
5527
5527
5527
5535
5535
5535
5535
5535
5535
5535
5535
5535
5535
5535
5535
5535
5535
5527
5527
5527
5527
5527
5527
5527
5527
5527
5527
5527
5527
5527
5527
5527
5527
5527
5527
5527
5527
5527
5527
5527
5527
5527
5527
5527
5527
5527
5527
5527
5527
5527
5527
5527
5527
5527
5527
5527
5527
5527
5527
5527
5527
5527
5527
5527
5527
5527
5527
5527
5527
5527
5527
5527
5527
5527
5527
5527
5527
5527
5527
5527
5527
5527
5527
5527
5527
5527
5527
5527
5527
5527
5527
5527
5527
5527
5527
5527
5527
5527
5527
5527
5527
5527
5527
5527
5527
5527
5527
5527
5527
5527
5527
5527
5527
5527
5527
5527
5527
5527
5527
5527
5527
5527
5527
5527
5527
5527
5527
5527
5527
5527
5527
5527
5527
5527
5527
5527
5527
5527
5527
5527
5527
5527
5527
5527
5527
5527
5527
5527
5527
5527
5527
5527
5527
5527
5527
5527
5527
5527
5527
5527
5527
5527
5527
5527
5527
5527
5527
5527
5527
5527
5527
5527
5527
5527
5527
5527
5527
5527
5527
5527
5528
5528
5528
5528
5528
5528
5528
5528
5531
5531
5531
5527
5527
5527
5527
5527
5527
5527
5527
5527
5527
5527
5527
5527
5527
5527
5527
5527
5527
5527
5527
5527
5527
5527
5527
5527
5527
5527
5527
5527
5527
5527
5527
5527
5527
5527
5527
5527
5527
5527
5527
5527
5527
5527
5527
5527
5527
5527
5527
5527
5527
5527
5527
5527
5527
5527
5527
5527
5527
5527
5527
5527
5527
5527
5527
5527
5527
5527
5527
5527
5527
5527
5527
5527
5527
5527
5527
5537
5537
5527
5527
5527
5527
5527
5527
5527
5527
5527
5527
5527
5527
5527
5527
5527
5531
5531
5531
5527
5527
5527
5527
5527
5527
5527
5527
5527
5527
5527
5527
5527
5527
5527
5527
5527
5527
5527
5527
5527
5527
5527
5527
5527
5527
5527
5527
5527
5527
5527
5527
5527
5527
5527
5527
5527
5527
5527
5527
5527
5527
5527
5527
5527
5527
5527
5527
5527
5528
5528
5530
5530
5530
5528
5528
5528
5528
5528
5528
5528
5527
5527
5527
5527
5527
5527
5527
5527
5527
5527
5527
5527
5527
5527
5527
5527
5527
5527
5527
5535
5535
5535
5533
5533
5531
5531
5531
5531
5531
5531
5531
5531
5531
5531
5531
5531
5531
5527
5527
5527
5527
5527
5527
5527
5527
5527
5527
5527
5527
5527
5527
5527
5527
5527
5527
5527
5527
5527
5527
5527
5527
5527
5527
5527
5527
5527
5527
5527
5527
5527
5527
5527
5527
5527
5527
5527
5527
5527
5527
5527
5527
5527
5527
5527
5527
5527
5527
5527
5527
5527
5527
5527
5527
5527
5527
5527
5527
5527
5527
5527
5527
5527
5527
5527
5527
5527
5527
5527
5527
5527
5527
5527
5527
5527
5527
5527
5527
5527
5527
5527
5527
5527
5527
5527
5527
5527
5527
5527
5527
5527
5527
5527
5527
5527
5527
5527
5527
5527
5527
5527
5527
5527
5527
5527
5527
5527
5527
5527
5527
5527
5527
5527
5527
5527
5527
5527
5527
5527
5527
5527
5527
5527
5527
5527
5527
5527
5527
5527
5527
5527
5527
5527
5527
5527
5527
5527
5527
5527
5527
5527
5527
5527
5527
5527
5527
5527
5527
5527
5527
5527
5527
5527
5527
5527
5527
5527
5527
5535
5535
5532
5532
5532
5532
5532
5532
5532
5532
5527
5527
5527
5527
5527
5527
5527
5527
5527
5527
5527
5527
5527
5527
5527
5527
5527
5527
5527
5527
5527
5527
5527
5527
5527
5527
5528
5528
5527
5527
5527
5527
5527
5527
5527
5527
5527
5527
5527
5527
5527
5527
5527
5527
5527
5527
5527
5527
5527
5527
5527
5530
5530
5530
5530
5533
5533
5533
5533
5533
5533
5533
5533
5533
5535
5535
5535
5535
5535
5535
5535
5535
5535
5535
5535
5535
5535
5535
5533
5533
5533
5533
5533
5533
5533
5533
5533
5533
5533
5533
5527
5527
5527
5527
5527
5527
5527
5527
5527
5527
5527
5527
5527
5527
5527
5527
5527
5527
5527
5527
5527
5527
5527
5527
5527
5527
5527
5527
5527
5527
5527
5527
5527
5527
5527
5527
5527
5527
5527
5527
5527
5527
5527
5527
5527
5527
5527
5527
5527
5527
5527
5527
5527
5527
5527
5527
5527
5527
5527
5527
5527
5527
5527
5527
5527
5527
5527
5527
5527
5527
5527
5527
5527
5527
5527
5527
5527
5527
5527
5527
5527
5527
5527
5527
5527
5527
5527
5527
5527
5527
5527
5527
5527
5527
5527
5527
5527
5527
5527
5527
5527
5527
5527
5527
5527
5527
5527
5527
5527
5527
5527
5527
5527
5527
5527
5527
5527
5527
5527
5527
5527
5527
5527
5527
5527
5527
5527
5528
5528
5528
5528
5527
5527
5527
5527
5527
5527
5527
5527
5527
5527
5527
5527
5527
5527
5527
5527
5527
5527
5527
5527
5527
5527
5527
5527
5527
5527
5527
5527
5527
5527
5527
5527
5527
5527
5527
5527
5527
5527
5527
5527
5530
5530
5530
5527
5527
5527
5527
5527
5527
5527
5527
5527
5527
5527
5527
5527
5527
5527
5527
5527
5527
5527
5527
5527
5527
5527
5527
5527
5527
5527
5527
5527
5527
5527
5527
5527
5527
5527
5527
5527
5527
5527
5527
5527
5527
5527
5527
5527
5527
5527
5527
5527
5527
5527
5527
5527
5527
5527
5527
5527
5527
5527
5527
5527
5527
5527
5527
5527
5527
5527
5527
5527
5527
5527
5527
5527
5527
5527
5527
5527
5527
5527
5527
5527
5527
5527
5527
5527
5527
5527
5527
5527
5527
5527
5527
5527
5527
5527
5527
5527
5527
5527
5527
5527
5527
5520
5520
5517
5517
5517
5517
5517
5517
5517
5517
5517
5517
5517
5517
5517
5517
5517
5517
5517
5517
5517
5521
5521
5521
5521
5521
5521
5517
5517
5517
5517
5517
5517
5517
5517
5517
5517
5517
5517
5517
5517
5517
5517
5517
5517
5517
5517
5517
5517
5517
5517
5517
5517
5517
5517
5517
5517
5517
5517
5517
5517
5517
5517
5517
5517
5517
5517
5517
5517
5517
5517
5517
5517
5517
5517
5517
5517
5517
5517
5517
5517
5517
5517
5517
5517
5517
5517
5517
5517
5517
5517
5517
5517
5517
5517
5517
5517
5517
5517
5517
5517
5517
5517
5517
5517
5517
5517
5517
5517
5517
5517
5517
5517
5517
5517
5517
5517
5517
5517
5517
5517
5517
5517
5517
5517
5517
5517
5517
5517
5517
5517
5517
5517
5517
5517
5517
5519
5519
5519
5519
5519
5519
5519
5519
5519
5519
5519
5519
5519
5519
5517
5517
5517
5517
5517
5517
5517
5517
5517
5517
5517
5517
5517
5517
5517
5517
5517
5517
5517
5517
5517
5517
5517
5517
5517
5517
5517
5517
5517
5517
5517
5517
5517
5517
5517
5517
5517
5517
5517
5517
5517
5517
5517
5517
5517
5517
5517
5517
5517
5517
5517
5517
5517
5517
5517
5517
5517
5517
5517
5517
5517
5517
5517
5517
5517
5517
5517
5517
5517
5517
5517
5517
5517
5517
5517
5517
5517
5517
5517
5517
5517
5517
5517
5517
5517
5517
5517
5517
5517
5517
5517
5519
5519
5519
5519
5519
5519
5519
5519
5519
5519
5519
5519
5517
5517
5517
5517
5517
5517
5517
5517
5517
5517
5517
5517
5517
5517
5517
5517
5517
5517
5517
5517
5517
5517
5517
