7812
7855
7758
7748
7787
7800
7826
7751
7772
7755
7804
7825
7797
7797
7812
7844
7754
7811
7876
7854
7795
7799
7792
7820
7897
7960
7961
7963
7929
7929
7957
7964
8034
7970
7939
7861
7798
7852
7895
7796
7848
7768
7824
7849
7835
7833
7764
7756
7750
7708
7595
7542
7542
7517
7519
7512
7531
7536
7507
7544
7544
7624
7670
7581
7603
7652
7692
7747
7750
7782
7633
7664
7628
7543
7597
7659
7644
7651
7646
7625
7635
7685
7685
7632
7656
7668
7639
7699
7707
7668
7708
7690
7728
7722
7774
7774
7779
7788
7768
7817
7819
7799
7775
7749
7776
7776
7795
7832
7852
7874
7898
7909
7829
7901
7802
7845
7867
7768
7821
7846
7811
7839
7898
7832
7855
7874
7898
7922
7883
7876
7875
7872
7872
7854
7854
7869
7879
7864
7810
7737
7676
7640
7612
7654
7694
7692
7642
7616
7616
7635
7735
7671
7712
7723
7627
7649
7676
7687
7706
7657
7534
7596
7655
7686
7635
7624
7666
7666
7648
7683
7679
7665
7665
7625
7587
7631
7734
7643
7647
7726
7769
7704
7762
7667
7682
7671
7682
7682
7664
7616
7628
7628
7570
7560
7560
7539
7541
7587
7574
7560
7589
7566
7610
7673
7656
7616
7608
7564
7564
7616
7617
7631
7669
7731
7730
7756
7762
7761
7722
7685
7637
7711
7668
7690
7691
7649
7690
7786
7803
7855
7855
7816
7816
7791
7843
7886
7933
7933
7933
7840
7825
7756
7758
7703
7735
7754
7755
7784
7690
7615
7580
7646
7676
7684
7690
7722
7709
7716
7808
7753
7704
7821
7780
7784
7812
7784
7839
7825
7780
7780
7698
7669
7739
7741
7720
7720
7686
7686
7797
7767
7874
7856
7764
7699
7706
7699
7699
7743
7820
7820
7820
7846
7788
7797
7823
7808
7837
7952
7865
7883
7935
7971
7991
8016
8004
7982
8076
8129
8121
8064
8101
8189
8099
8056
7972
8083
8063
8054
8052
8052
7972
7917
7890
7890
7884
7821
7821
7839
7879
7943
8017
8012
8019
7954
7974
7941
7980
7930
7930
7941
7860
7834
7848
7840
7879
7904
7873
7806
7820
7767
7677
7738
7728
7707
7722
7725
7662
7656
7656
7642
7722
7729
7789
7756
7742
7742
7731
7731
7720
7691
7700
7685
7711
7711
7718
7718
7777
7746
7710
7691
7725
7710
7756
7709
7794
7772
7746
7768
7769
7756
7759
7792
7797
7733
7756
7786
7795
7824
7836
7890
7981
7903
7985
7943
7989
7957
7957
8051
8014
8014
8001
8001
8151
8097
7982
7963
7936
7849
7838
7829
7849
7944
7943
7927
7810
7801
7818
7756
7721
7742
7758
7798
7710
7735
7712
7722
7722
7728
7691
7662
7641
7671
7694
7713
7706
7722
7779
7812
7812
7831
7808
7808
7786
7734
7725
7681
7663
7631
7629
7595
7564
7538
7617
7612
7612
7612
7588
7645
7712
7758
7758
7726
7698
7694
7636
7626
7665
7600
7578
7630
7630
7630
7630
7639
7604
7617
7566
7574
7539
7624
7676
7689
7689
7658
7701
7749
7766
7797
7750
7750
7788
7788
7730
7730
7752
7752
7714
7714
7753
7808
7837
7774
7792
7782
7815
7794
7815
7824
7817
7810
7807
7807
7706
7736
7684
7711
7691
7638
7638
7649
7631
7639
7635
7593
7586
7629
7629
7611
7624
7624
7680
7733
7733
7643
7713
7713
7664
7713
7728
7753
7794
7855
7812
7766
7824
7824
7770
7724
7710
7703
7564
7564
7688
7709
7700
7655
7708
7734
7791
7769
7767
7787
7771
7786
7760
7731
7668
7726
7832
7844
7782
7757
7812
7812
7768
7725
7729
7704
7723
7717
7783
7834
7868
7922
7922
7884
7854
7882
7894
7935
7842
7890
7890
7901
7901
7950
7928
7880
7912
7861
7791
7759
7807
7782
7782
7851
7848
7829
7756
7725
7721
7732
7702
7721
7821
7780
7795
7737
7686
7760
7773
7797
7731
7704
7623
7623
7640
7624
7678
7683
7661
7613
7597
7597
7662
7656
7672
7672
7683
7736
7759
7747
7777
7661
7661
7648
7665
7640
7557
7601
7601
7595
7657
7657
7625
7611
7551
7515
7515
7494
7551
7551
7511
7500
7430
7435
7487
7434
7456
7462
7518
7515
7515
7586
7568
7504
7504
7553
7553
7553
7541
7541
7565
7610
7666
7667
7674
7655
7657
7681
7753
7776
7772
7772
7808
7823
7837
7814
7810
7866
7859
7851
7851
7841
7841
7853
7853
7734
7707
7748
7699
7705
7708
7655
7666
7583
7597
7670
7692
7692
7699
7624
7596
7590
7601
7568
7579
7599
7608
7640
7568
7639
7638
7638
7642
7697
7658
7632
7569
7566
7612
7676
7663
7663
7677
7741
7727
7764
7802
7822
7863
7863
7927
7869
7840
7861
7879
7847
7776
7790
7811
7858
7858
7844
7793
7790
7788
7806
7822
7822
7831
7856
7887
7881
7891
7851
7842
7868
7948
7931
7931
7905
7897
7913
7856
7906
7844
7894
7862
7876
7817
7848
7848
7836
7782
7756
7790
7705
7697
7697
7716
7803
7837
7837
7814
7831
7727
7732
7744
7732
7775
7737
7748
7786
7786
7783
7831
7902
7868
7780
7780
7750
7786
7786
7738
7761
7759
7759
7727
7733
7733
7682
7641
7666
7660
7754
7787
7688
7810
7881
7850
7850
7795
7812
7802
7818
7778
7696
7713
7750
7660
7683
7620
7563
7605
7605
7628
7611
7617
7598
7606
7633
7544
7544
7519
7540
7556
7571
7522
7509
7462
7462
7456
7434
7463
7528
7528
7620
7662
7734
7813
7817
7781
7773
7850
7839
7839
7834
7834
7828
7860
7932
7932
7925
7986
7941
7938
7903
7876
7900
7819
7820
7782
7757
7697
7749
7692
7692
7656
7750
7785
7767
7729
7707
7742
7700
7701
7698
7675
7675
7741
7686
7686
7686
7606
7585
7648
7723
7650
7650
7650
7650
7627
7554
7613
7644
7632
7702
7691
7632
7652
7667
7644
7582
7480
7484
7520
7559
7569
7635
7616
7686
7684
7705
7654
7731
7753
7698
7735
7816
7816
7757
7713
7674
7706
7710
7710
7807
7792
7836
7829
7829
7793
7744
7656
7712
7833
7825
7908
7908
7912
7928
7850
7753
7804
7735
7694
7684
7684
7648
7648
7611
7648
7610
7632
7632
7676
7676
7724
7723
7760
7827
7839
7853
7788
7723
7808
7808
7832
7789
7816
7859
7807
7870
7889
7845
7852
7843
7867
7865
7799
7828
7828
7834
7853
7891
7879
7915
7943
7934
7910
7920
8063
8046
8113
8046
8046
8061
8012
8035
8001
7982
7884
7899
7867
7901
7819
7819
7851
7775
7799
7762
7831
7796
7788
7756
7868
7837
7868
7823
7823
7890
7857
7842
7875
7845
7807
7803
7838
7838
7815
7799
7828
7804
7831
7858
7858
7835
7819
7867
7826
7769
7775
7819
7775
7750
7793
7853
7902
7925
7918
7918
7804
7790
7739
7768
7847
7904
8012
8001
8069
8053
8098
8170
8087
8106
8042
7971
7936
7924
7924
7890
7917
7940
7877
7886
7891
7913
7980
7897
7882
7882
7858
7829
7767
7767
7767
7804
7729
7771
7736
7728
7757
7780
7752
7771
7820
7796
7769
7810
7834
7741
7695
7718
7760
7741
7741
7713
7681
7700
7654
7599
7628
7697
7749
7760
7715
7703
7678
7686
7687
7727
7805
7781
7795
7833
7874
7875
7876
7794
7782
7866
7835
7771
7742
7845
7845
7845
7872
7874
7895
7890
7875
7830
7790
7780
7697
7667
7600
7694
7774
7793
7795
7792
7792
7784
7700
7750
7783
7771
7776
7851
7883
7794
7762
7646
7691
7722
7724
7780
7756
7756
7778
7852
7852
7852
7852
7868
7842
7813
7813
7814
7814
7863
7863
7869
7844
7776
7807
7793
7832
7846
7904
7869
7891
7867
7871
7858
7814
7777
7805
7762
7693
7614
7607
7673
7633
7527
7497
7467
7502
7528
7589
7618
7618
7560
7560
7563
7549
7560
7573
7573
7573
7610
7704
7702
7657
7737
7737
7734
7696
7724
7777
7779
7791
7764
7675
7675
7649
7731
7791
7807
7849
7774
7837
7914
7898
7850
7953
7898
7896
7821
7821
7833
7791
7791
7805
7901
7833
7833
7855
7855
7806
7806
7737
7737
7775
7738
7746
7763
7784
7784
7869
7820
7796
7728
7740
7740
7723
7746
7778
7838
7793
7844
7860
7889
7942
7903
7884
7884
7865
7823
7806
7806
7851
7814
7806
7783
7759
7695
7672
7672
7730
7674
7669
7648
7698
7698
7760
7760
7791
7804
7795
7752
7792
7755
7797
7711
7765
7769
7797
7811
7725
7766
7823
7854
7877
7859
7853
7873
7854
7839
7808
7809
7755
7758
7707
7643
7661
7661
7616
7659
7663
7728
7787
7808
7768
7754
7687
7646
7648
7732
7652
7652
7652
7652
7652
7604
7594
7622
7581
7713
7648
7595
7595
7607
7607
7689
7698
7773
7780
7780
7780
7832
7820
7820
7828
7820
7770
7770
7786
7831
7867
7873
7892
7864
7862
7941
7960
7904
7921
7921
7842
7771
7861
7861
7818
7753
7853
7885
7880
7880
7846
7789
7710
7771
7771
7771
7699
7700
7700
7694
7631
7624
7624
7669
7669
7523
7523
7386
7405
7459
7537
7569
7534
7501
7499
7494
7501
7505
7450
7445
7412
7446
7566
7503
7560
7539
7462
7530
7530
7530
7501
7539
7562
7604
7631
7637
7637
7642
7627
7606
7621
7623
7676
7664
7664
7688
7678
7778
7762
7728
7719
7736
7736
7696
7670
7670
7691
7704
7730
7718
7676
7692
7692
7652
7652
7644
7640
7588
7649
7682
7604
7616
7656
7656
7661
7640
7704
7704
7589
7644
7729
7657
7698
7675
7683
7738
7723
7711
7711
7771
7766
7710
7665
7665
7738
7674
7709
7718
7704
7693
7693
7685
7685
7660
7676
7676
7714
7700
7652
7686
7613
7575
7594
7528
7536
7536
7631
7511
7491
7491
7496
7561
7522
7589
7572
7577
7611
7619
7581
7623
7543
7522
7500
7505
7488
7561
7495
7434
7443
7455
7444
7515
7518
7528
7499
7578
7677
7695
7659
7572
7572
7567
7549
7549
7600
7560
7556
7613
7644
7611
7652
7698
7740
7655
7672
7717
7711
7692
7672
7754
7791
7791
7791
7791
7740
7768
7768
7748
7775
7718
7676
7685
7663
7650
7716
7738
7716
7655
7671
7709
7729
7659
7594
7562
7616
7572
7582
7577
7590
7594
7617
7639
7639
7571
7516
7511
7511
7496
7540
7540
7540
7559
7534
7601
7594
7536
7670
7665
7617
7609
7671
7671
7620
7620
7642
7688
7678
7674
7655
7704
7707
7755
7744
7744
7704
7646
7646
7624
7604
7604
7658
7608
7599
7618
7618
7623
7657
7731
7727
7696
7774
7849
7817
7839
7862
7783
7773
7741
7754
7780
7848
7796
7765
7729
7705
7688
7736
7752
7736
7721
7721
7721
7747
7822
7838
7769
7735
7695
7750
7721
7691
7748
7710
7797
7796
7765
7761
7724
7724
7748
7680
7696
7748
7789
7773
7915
7888
7856
7860
7817
7875
7860
7878
7862
7888
7877
7922
7901
7911
7969
7998
8053
8004
8003
8000
7985
8010
7948
7940
7859
7866
7866
7880
7816
7816
7863
7872
7864
7864
7969
8033
8023
8032
8046
8039
8039
8125
8209
8125
8080
8093
8080
8080
8056
8073
8022
7989
7946
8007
7996
8009
7950
7968
7973
8009
7954
7952
7959
7987
7979
7918
7918
7918
7896
7856
7792
7770
7714
7714
7714
7683
7732
7750
7742
7701
7678
7724
7671
7671
7690
7630
7650
7727
7815
7808
7797
7898
7956
7938
7921
7939
7909
7909
7933
7915
7911
7795
7835
7813
7909
7872
7888
7966
7978
7978
7950
7950
7909
7909
7921
7911
7874
7874
7849
7777
7786
7804
7811
7741
7788
7873
7961
7945
7924
7921
7965
7965
7943
7949
7915
7915
7909
7841
7862
7825
7799
7782
7782
7772
7777
7796
7755
7844
7844
7851
7908
7908
7952
8007
8056
8008
7962
8024
8079
8108
8150
8062
8087
8097
8083
8046
8069
8063
8047
8064
8090
8110
8192
8085
8110
8183
8131
8054
8029
8029
7991
7909
8026
8036
8096
8089
8112
8108
8085
8015
8086
8073
8071
8040
8040
8040
8070
8143
8081
8092
8092
8068
8068
8058
7991
8023
8043
7995
7958
7958
7958
7958
7987
8001
7999
8008
7953
7953
7902
7837
7912
7922
7949
7868
7868
7868
7889
7892
7892
7942
7942
7945
7939
7932
7919
7959
7892
7832
7903
7978
7971
7967
7913
7998
8011
8011
8033
8058
8014
8014
8107
8021
8021
8021
7965
7941
7857
7829
7856
7786
7778
7778
7816
7837
7886
7892
7859
7931
7887
7908
7916
7950
7899
7888
7775
7819
7819
7807
7819
7827
7827
7846
7800
7787
7805
7799
7749
7749
7774
7686
7668
7696
7696
7618
7618
7618
7544
7556
7595
7588
7522
7522
7547
7543
7575
7528
7571
7571
7559
7547
7573
7649
7649
7688
7755
7755
7735
7687
7687
7710
7731
7731
7751
7851
7797
7807
7803
7755
7745
7798
7798
7814
7795
7768
7782
7782
7777
7813
7752
7790
7833
7875
7815
7848
7810
7781
7752
7727
7741
7770
7749
7853
7925
7881
7943
7874
7930
7918
7983
7983
8016
8033
7999
7999
7910
7985
7974
7954
7954
7954
7903
7874
7867
7884
7875
7839
7839
7713
7713
7778
7692
7730
7685
7675
7651
7599
7599
7685
7667
7620
7767
7782
7794
7794
7768
7846
7831
7872
7864
7833
7869
7863
7829
7804
7787
7787
7744
7702
7713
7776
7796
7728
7678
7709
7722
7720
7741
7785
7880
7927
7901
7857
7868
7851
7842
7826
7826
7785
7815
7771
7742
7782
7823
7868
7868
7797
7797
7915
7951
7884
7949
7942
7942
7948
8052
8089
8040
7993
7965
7949
7979
7927
7935
7919
7933
8032
8013
7989
7977
8009
8009
7954
7935
7933
7868
7866
7899
7910
7926
7889
7889
7962
7882
8003
7984
7965
7965
7957
7941
7980
7902
7867
7907
7932
7942
7876
7893
7858
7819
7823
7859
7834
7834
7839
7725
7732
7687
7647
7647
7691
7725
7725
7725
7682
7700
7681
7689
7689
7638
7638
7662
7662
7669
7680
7680
7669
7723
7656
7665
7665
7648
7648
7648
7648
7658
7571
7522
7532
7609
7669
7655
7658
7725
7708
7646
7691
7697
7750
7734
7811
7794
7635
7686
7701
7634
7619
7560
7623
7636
7661
7647
7647
7647
7642
7611
7651
7654
7605
7603
7680
7650
7699
7712
7699
7704
7638
7708
7739
7703
7696
7702
7670
7709
7751
7748
7686
7728
7689
7721
7725
7744
7714
7692
7698
7733
7733
7733
7770
7834
7849
7837
7822
7831
7806
7794
7818
7818
7811
7809
7801
7803
7853
7840
7765
7813
7812
7801
7836
7806
7789
7840
7801
7801
7801
7793
7822
7843
7805
7892
7892
7874
7874
7923
7876
7911
7886
7887
7855
7808
7744
7744
7744
7714
7691
7653
7666
7702
7764
7730
7760
7678
7791
7778
7778
7709
7621
7617
7595
7642
7738
7767
7767
7771
7751
7685
7694
7692
7692
7713
7720
7720
7720
7720
7668
7668
7668
7635
7635
7604
7720
7705
7687
7845
7835
7861
7809
7824
7801
7792
7792
7792
7781
7781
7752
7752
7809
7832
7801
7801
7758
7806
7792
7798
7824
7806
7942
7955
7900
7960
7992
8011
7941
7902
7850
7826
7771
7715
7714
7792
7809
7806
7806
7813
7749
7798
7780
7780
7760
7760
7850
7895
7858
7854
7842
7786
7715
7711
7777
7794
7794
7810
7810
7801
7824
7814
7733
7727
7743
7773
7752
7831
7831
7839
7842
7909
7902
7865
7871
7848
7865
7877
7880
7856
7767
7767
7767
7767
7712
7759
7800
7739
7739
7796
7805
7837
7859
7819
7969
7930
7922
7937
7911
7922
7998
7998
7944
7854
7857
7824
7824
7846
7846
7867
7850
7859
7933
7937
7931
7931
7953
7933
7983
7978
7903
7886
7910
7910
7935
7846
7813
7809
7835
7806
7813
7813
7869
7869
7857
7905
7836
7852
7852
7852
7942
7942
7974
7877
7877
7819
7819
7802
7744
7729
7744
7744
7778
7841
7841
7886
7950
7935
7926
7960
7944
7913
7939
7886
7807
7807
7786
7786
7774
7734
7709
7715
7682
7689
7689
7676
7692
7692
7750
7814
7817
7755
7796
7780
7780
7835
7828
7892
7892
7914
7890
7912
7863
7863
7863
7877
7840
7876
7876
7876
7876
7908
7927
7948
7918
7929
7905
7879
7879
7780
7813
7820
7820
7828
7877
7831
7829
7841
7836
7836
7836
7816
7762
7695
7695
7695
7640
7620
7660
7619
7619
7630
7652
7698
7698
7729
7750
7669
7656
7572
7613
7613
7600
7603
7569
7596
7518
7632
7599
7622
7622
7564
7582
7573
7573
7582
7620
7620
7596
7531
7531
7523
7521
7521
7556
7609
7530
7530
7555
7543
7559
7652
7640
7640
7640
7648
7678
7661
7668
7663
7663
7667
7676
7650
7650
7650
7651
7674
7636
7674
7710
7724
7761
7715
7694
7694
7633
7641
7615
7697
7687
7715
7715
7704
7704
7672
7689
7730
7741
7733
7759
7755
7757
7806
7765
7765
7695
7715
7634
7636
7655
7659
7689
7681
7681
7594
7653
7633
7656
7671
7671
7622
7627
7664
7630
7605
7605
7553
7553
7522
7398
7437
7465
7492
7552
7516
7507
7537
7493
7446
7520
7519
7586
7587
7630
7666
7666
7695
7721
7721
7721
7720
7607
7636
7636
7643
7554
7657
7656
7633
7633
7610
7596
7597
7587
7548
7511
7535
7535
7535
7549
7499
7555
7605
7605
7616
7616
7616
7626
7603
7603
7579
7657
7657
7657
7700
7694
7733
7735
7690
7623
7587
7622
7644
7614
7614
7680
7647
7637
7566
7566
7637
7673
7661
7661
7661
7715
7746
7760
7758
7661
7661
7674
7704
7753
7732
7666
7637
7669
7684
7742
7742
7692
7667
7700
7700
7735
7805
7785
7770
7695
7696
7696
7691
7691
7765
7755
7746
7748
7761
7814
7784
7816
7816
7744
7775
7784
7734
7751
7751
7792
7812
7776
7684
7684
7672
7623
7651
7699
7735
7653
7614
7661
7639
7665
7614
7587
7587
7623
7612
7554
7554
7541
7541
7616
7572
7528
7528
7528
7512
7487
7495
7506
7506
7443
7467
7498
7475
7490
7421
7368
7335
7407
7407
7407
7371
7403
7423
7390
7387
7387
7371
7378
7378
7373
7351
7351
7377
7413
7352
7396
7396
7368
7368
7389
7483
7457
7444
7444
7436
7433
7433
7496
7449
7449
7421
7375
7360
7422
7421
7421
7415
7422
7439
7465
7465
7516
7534
7538
7524
7579
7554
7537
7529
7530
7533
7489
7514
7514
7529
7529
7461
7429
7487
7395
7498
7474
7486
7499
7535
7535
7547
7518
7441
7477
7493
7487
7505
7505
7511
7544
7581
7607
7630
7630
7626
7651
7643
7682
7637
7718
7730
7764
7764
7679
7679
7679
7679
7674
7684
7682
7744
7718
7705
7780
7737
7765
7848
7868
7832
7833
7817
7821
7835
7847
7752
7817
7769
7769
7805
7805
7805
7800
7781
7760
7760
7781
7781
7852
7867
7867
7900
7836
7771
7742
7768
7717
7737
7804
7735
7751
7771
7775
7779
7780
7780
7785
7786
7818
7818
7793
7734
7765
7862
7832
7848
7800
7731
7745
7745
7739
7739
7735
7705
7784
7836
7824
7767
7831
7831
7831
7831
7768
7740
7740
7723
7736
7723
7732
7781
7784
7784
7695
7679
7678
7678
7712
7761
7761
7840
7884
7844
7793
7745
7745
7745
7735
7783
7800
7747
7741
7767
7736
7808
7815
7815
7838
7874
7853
7906
7883
7808
7797
7815
7794
7807
7807
7793
7737
7756
7801
7848
7874
7720
7668
7668
7677
7668
7679
7636
7659
7611
7604
7604
7672
7537
7559
7622
7622
7582
7537
7502
7502
7502
7502
7488
7461
7543
7543
7571
7592
7518
7518
7526
7601
7601
7601
7584
7605
7620
7667
7668
7668
7706
7731
7731
7731
7776
7658
7662
7586
7579
7579
7640
7635
7653
7663
7651
7709
7752
7719
7719
7719
7713
7717
7692
7678
7678
7702
7654
7654
7703
7728
7790
7791
7780
7771
7802
7802
7795
7782
7770
7770
7771
7736
7806
7806
7780
7806
7740
7752
7768
7920
7920
7834
7748
7768
7636
7636
7602
7601
7601
7601
7601
7513
7514
7594
7610
7661
7654
7663
7719
7719
7678
7682
7682
7651
7615
7604
7555
7490
7490
7497
7531
7585
7585
7593
7608
7523
7490
7587
7581
7547
7547
7547
7547
7578
7578
7623
7623
7633
7633
7553
7568
7524
7465
7465
7508
7496
7509
7438
7438
7425
7425
7344
7370
7370
7417
7417
7417
7462
7462
7466
7448
7448
7405
7405
7379
7366
7401
7412
7396
7416
7416
7416
7398
7405
7377
7409
7412
7401
7438
7471
7473
7484
7550
7550
7505
7473
7466
7514
7476
7476
7476
7449
7449
7489
7489
7491
7532
7546
7569
7578
7516
7500
7567
7581
7581
7557
7557
7591
7591
7594
7584
7571
7571
7579
7625
7631
7602
7602
7602
7627
7627
7639
7639
7586
7569
7569
7569
7613
7649
7668
7670
7670
7669
7669
7581
7550
7539
7511
7511
7511
7509
7509
7509
7509
7504
7488
7464
7464
7505
7455
7474
7474
7519
7549
7549
7518
7514
7551
7551
7575
7552
7509
7524
7524
7554
7554
7563
7495
7505
7497
7529
7578
7587
7567
7567
7576
7567
7560
7549
7595
7690
7647
7703
7673
7660
7599
7609
7609
7589
7559
7559
7623
7649
7649
7671
7671
7628
7609
7586
7586
7604
7604
7632
7660
7640
7640
7640
7613
7613
7610
7610
7614
7616
7616
7616
7649
7605
7619
7605
7626
7638
7638
7677
7683
7574
7601
7601
7633
7633
7593
7584
7680
7680
7660
7660
7687
7687
7687
7703
7750
7715
7699
7729
7642
7627
7636
7632
7659
7669
7603
7615
7696
7650
7650
7620
7624
7598
7585
7585
7585
7603
7603
7596
7601
7540
7589
7523
7592
7577
7577
7524
7581
7635
7598
7581
7581
7590
7564
7583
7548
7549
7580
7580
7602
7670
7598
7598
7635
7635
7635
7636
7632
7670
7687
7676
7675
7724
7690
7688
7688
7688
7725
7725
7627
7627
7630
7671
7676
7729
7826
7824
7723
7757
7722
7691
7691
7781
7779
7765
7676
7713
7709
7630
7630
7614
7664
7666
7677
7677
7720
7677
7724
7685
7623
7623
7554
7554
7535
7515
7444
7444
7444
7507
7511
7483
7474
7472
7461
7552
7570
7513
7536
7575
7594
7602
7538
7528
7527
7527
7601
7602
7603
7642
7599
7694
7716
7698
7698
7664
7664
7684
7684
7684
7694
7694
7694
7736
7673
7715
7681
7681
7681
7648
7648
7718
7759
7658
7658
7631
7631
7631
7631
7623
7642
7646
7697
7611
7594
7595
7556
7582
7600
7570
7570
7570
7554
7612
7558
7608
7642
7649
7635
7615
7615
7643
7625
7615
7542
7531
7562
7600
7600
7594
7594
7595
7595
7587
7571
7567
7558
7575
7555
7513
7563
7511
7511
7567
7560
7555
7584
7587
7561
7546
7546
7596
7623
7623
7636
7646
7646
7631
7650
7659
7695
7695
7718
7686
7684
7624
7655
7649
7649
7624
7641
7656
7633
7633
7633
7647
7647
7604
7589
7565
7565
7536
7575
7589
7589
7592
7644
7578
7570
7555
7544
7528
7518
7518
7518
7509
7612
7612
7618
7618
7599
7612
7580
7641
7653
7685
7685
7731
7744
7697
7697
7697
7697
7647
7662
7644
7704
7678
7690
7648
7718
7675
7711
7711
7776
7787
7745
7745
7745
7741
7767
7753
7753
7859
7750
7815
7792
7792
7792
7792
7793
7793
7793
7793
7793
7820
7800
7800
7800
7788
7788
7788
7762
7736
7736
7699
7720
7794
7878
7878
7878
7890
7890
7964
7961
7961
7951
7963
7993
7993
7956
7923
7901
7846
7809
7812
7812
7790
7764
7764
7764
7772
7766
7765
7706
7713
7713
7707
7661
7652
7706
7716
7675
7601
7601
7549
7549
7606
7613
7612
7595
7525
7525
7622
7624
7624
7624
7603
7583
7583
7607
7568
7568
7568
7568
7568
7602
7602
7566
7558
7558
7558
7557
7594
7640
7627
7582
7582
7582
7582
7585
7585
7585
7585
7590
7590
7590
7590
7571
7571
7582
7464
7464
7464
7464
7523
7527
7467
7465
7483
7494
7455
7477
7477
7472
7472
7430
7430
7430
7447
7489
7521
7534
7537
7537
7537
7543
7553
7590
7590
7612
7507
7507
7499
7499
7508
7525
7525
7525
7525
7545
7524
7524
7536
7656
7656
7638
7567
7591
7605
7605
7514
7514
7506
7546
7546
7533
7487
7472
7513
7513
7524
7621
7621
7688
7688
7639
7639
7639
7578
7578
7602
7625
7577
7669
7703
7745
7759
7778
7772
7817
7759
7696
7696
7688
7610
7617
7629
7629
7576
7609
7609
7609
7640
7648
7650
7647
7647
7647
7647
7647
7658
7658
7559
7620
7596
7596
7596
7602
7602
7625
7625
7638
7627
7627
7627
7618
7618
7618
7653
7625
7628
7645
7695
7649
7648
7655
7664
7660
7607
7612
7602
7615
7648
7543
7549
7517
7517
7465
7465
7465
7451
7431
7445
7445
7475
7492
7499
7499
7530
7567
7567
7596
7570
7579
7559
7559
7559
7569
7547
7547
7547
7534
7479
7504
7549
7507
7493
7435
7452
7466
7466
7518
7534
7598
7598
7598
7654
7577
7577
7554
7546
7546
7510
7501
7501
7501
7505
7476
7476
7517
7533
7551
7544
7544
7544
7606
7606
7623
7560
7557
7557
7503
7501
7501
7505
7505
7538
7568
7583
7583
7520
7520
7554
7586
7586
7558
7569
7589
7589
7581
7581
7619
7609
7598
7591
7608
7570
7666
7684
7684
7684
7623
7623
7749
7718
7690
7690
7645
7568
7583
7583
7623
7623
7600
7530
7583
7481
7481
7446
7473
7473
7459
7484
7515
7515
7515
7494
7475
7464
7484
7475
7485
7471
7477
7477
7477
7511
7538
7563
7556
7556
7639
7706
7723
7737
7715
7715
7701
7711
7779
7714
7714
7670
7611
7627
7771
7771
7664
7677
7677
7602
7648
7648
7607
7630
7630
7583
7583
7576
7611
7689
7598
7593
7595
7583
7608
7632
7632
7586
7599
7587
7587
7598
7605
7625
7593
7554
7554
7540
7546
7546
7545
7540
7515
7515
7550
7550
7550
7550
7524
7577
7577
7600
7600
7587
7587
7587
7575
7575
7575
7612
7581
7585
7612
7647
7611
7573
7638
7622
7592
7634
7634
7634
7626
7642
7642
7686
7668
7649
7649
7649
7574
7569
7569
7558
7573
7596
7556
7541
7547
7547
7481
7477
7477
7592
7592
7595
7612
7600
7600
7562
7557
7638
7566
7533
7508
7508
7537
7537
7530
7589
7594
7607
7684
7601
7559
7522
7458
7541
7554
7554
7542
7542
7505
7524
7500
7498
7498
7490
7501
7501
7526
7483
7444
7444
7444
7482
7547
7547
7564
7564
7431
7444
7401
7506
7507
7421
7431
7380
7475
7545
7504
7457
7522
7522
7596
7525
7535
7535
7535
7535
7547
7547
7545
7470
7470
7470
7432
7432
7404
7416
7427
7393
7419
7414
7414
7459
7511
7494
7524
7562
7677
7665
7645
7652
7652
7696
7716
7707
7678
7693
7629
7695
7650
7673
7681
7692
7684
7634
7602
7602
7602
7602
7640
7694
7694
7690
7694
7660
7671
7671
7663
7663
7663
7735
7735
7735
7735
7688
7695
7695
7736
7648
7666
7666
7666
7624
7607
7607
7602
7600
7576
7583
7526
7542
7563
7548
7553
7553
7553
7553
7553
7569
7571
7538
7538
7538
7544
7544
7570
7570
7570
7558
7594
7594
7603
7603
7641
7580
7517
7468
7468
7552
7552
7552
7539
7539
7539
7539
7554
7554
7551
7551
7564
7564
7620
7542
7553
7591
7638
7609
7608
7608
7653
7653
7653
7665
7667
7644
7563
7563
7566
7556
7568
7611
7602
7642
7642
7658
7658
7658
7658
7658
7658
7680
7680
7702
7702
7659
7659
7609
7609
7633
7633
7589
7654
7622
7622
7634
7636
7636
7672
7712
7684
7684
7727
7727
7735
7774
7774
7778
7829
7829
7834
7718
7718
7718
7718
7718
7710
7751
7751
7787
7742
7696
7667
7667
7753
7753
7752
7801
7811
7792
7792
7792
7794
7798
7789
7752
7733
7658
7674
7698
7698
7722
7709
7709
7709
7754
7754
7816
7816
7829
7836
7850
7850
7824
7803
7772
7712
7712
7713
7700
7700
7700
7700
7715
7706
7581
7585
7588
7596
7589
7579
7582
7532
7532
7554
7554
7552
7552
7538
7589
7589
7610
7653
7653
7640
7601
7601
7589
7589
7536
7536
7538
7564
7564
7564
7586
7586
7586
7661
7661
7682
7702
7729
7729
7691
7691
7677
7677
7700
7621
7627
7623
7623
7626
7643
7643
7566
7580
7578
7617
7617
7585
7626
7626
7581
7531
7542
7540
7540
7474
7477
7449
7393
7370
7370
7370
7370
7375
7375
7375
7348
7348
7361
7451
7459
7459
7459
7459
7459
7459
7424
7424
7481
7477
7497
7483
7512
7421
7424
7424
7435
7485
7478
7478
7478
7431
7477
7479
7467
7440
7488
7433
7401
7376
7385
7383
7383
7383
7387
7387
7387
7322
7341
7341
7341
7341
7341
7341
7341
7341
7347
7331
7326
7326
7326
7326
7369
7322
7322
7305
7301
7318
7318
7318
7371
7371
7377
7377
7367
7323
7319
7277
7277
7277
7277
7277
7277
7258
7248
7255
7217
7217
7217
7217
7217
7234
7270
7274
7274
7259
7259
7287
7287
7287
7287
7308
7304
7340
7363
7364
7364
7368
7348
7385
7350
7350
7350
7353
7353
7353
7383
7381
7353
7363
7361
7361
7405
7405
7348
7348
7348
7386
7380
7380
7377
7453
7453
7457
7457
7428
7396
7349
7349
7338
7351
7351
7380
7418
7429
7429
7476
7469
7469
7409
7409
7409
7452
7452
7479
7449
7472
7483
7483
7483
7483
7522
7534
7534
7534
7534
7516
7564
7564
7606
7606
7606
7606
7588
7529
7515
7469
7469
7469
7479
7531
7481
7476
7463
7463
7463
7514
7497
7443
7443
7443
7459
7462
7461
7438
7438
7443
7491
7491
7479
7478
7456
7456
7462
7467
7467
7467
7452
7452
7438
7438
7438
7440
7450
7450
7450
7450
7450
7450
7429
7462
7458
7472
7475
7473
7473
7460
7463
7486
7551
7551
7551
7568
7550
7631
7631
7514
7514
7514
7498
7517
7517
7467
7481
7464
7450
7489
7475
7475
7504
7443
7383
7371
7472
7472
7453
7345
7345
7345
7345
7345
7345
7345
7345
7377
7371
7392
7392
7392
7385
7417
7417
7420
7390
7390
7366
7366
7366
7401
7401
7401
7401
7401
7354
7330
7330
7264
7264
7264
7264
7264
7262
7277
7277
7277
7323
7327
7327
7327
7367
7359
7377
7372
7372
7362
7393
7374
7372
7372
7372
7327
7367
7332
7332
7332
7318
7318
7318
7337
7417
7368
7368
7276
7276
7276
7238
7238
7228
7228
7228
7237
7269
7289
7263
7269
7269
7269
7269
7284
7217
7217
7210
7210
7210
7237
7237
7237
7237
7200
7200
7197
7197
7235
7261
7261
7261
7261
7261
7226
7226
7231
7248
7210
7217
7203
7203
7203
7278
7265
7265
7265
7265
7254
7254
7254
7254
7246
7246
7246
7243
7243
7243
7243
7290
7254
7254
7249
7249
7218
7218
7248
7212
7212
7224
7237
7253
7238
7198
7198
7198
7208
7208
7208
7208
7235
7273
7273
7273
7281
7281
7246
7246
7283
7284
7284
7294
7261
7256
7256
7249
7249
7249
7249
7249
7249
7249
7249
7249
7242
7189
7189
7189
7189
7202
7202
7207
7207
7207
7178
7178
7178
7178
7178
7178
7219
7212
7201
7201
7224
7224
7224
7213
7213
7222
7222
7263
7263
7226
7218
7229
7229
7234
7228
7228
7228
7228
7228
7248
7248
7253
7253
7264
7245
7240
7170
7170
7167
7198
7198
7198
7198
7204
7182
7182
7182
7199
7219
7235
7274
7274
7274
7214
7150
7150
7202
7222
7222
7290
7280
7280
7280
7330
7332
7312
7291
7291
7284
7305
7305
7305
7304
7294
7313
7313
7318
7309
7245
7245
7262
7262
7262
7252
7252
7252
7252
7252
7252
7330
7394
7344
7315
7333
7333
7400
7355
7289
7341
7334
7314
7292
7292
7292
7292
7292
7241
7241
7241
7241
7241
7230
7230
7230
7230
7249
7249
7249
7256
7256
7256
7282
7331
7341
7313
7313
7306
7367
7367
7367
7401
7372
7364
7480
7532
7532
7569
7575
7575
7575
7575
7575
7520
7520
7448
7448
7419
7376
7369
7399
7399
7399
7406
7461
7436
7444
7451
7451
7451
7441
7441
7441
7451
7469
7479
7479
7479
7474
7548
7594
7579
7583
7587
7587
7587
7592
7624
7634
7634
7677
7683
7667
7679
7679
7647
7647
7565
7568
7545
7578
7524
7508
7508
7536
7536
7534
7536
7526
7526
7538
7532
7532
7532
7532
7532
7532
7506
7506
7506
7475
7475
7475
7475
7475
7475
7475
7466
7470
7470
7470
7501
7501
7501
7501
7501
7504
7504
7452
7452
7452
7452
7460
7460
7434
7403
7394
7397
7397
7372
7372
7372
7372
7372
7396
7396
7396
7396
7396
7391
7315
7315
7304
7304
7302
7302
7360
7338
7291
7291
7304
7304
7304
7304
7304
7289
7276
7276
7276
7282
7282
7282
7282
7282
7282
7312
7312
7289
7344
7360
7360
7378
7378
7387
7387
7387
7346
7311
7341
7341
7341
7341
7289
7244
7250
7250
7250
7250
7258
7213
7213
7213
7192
7211
7211
7211
7211
7211
7211
7160
7195
7195
7195
7206
7206
7176
7151
7182
7183
7183
7157
7157
7143
7153
7153
7153
7153
7153
7153
7153
7170
7170
7155
7155
7155
7155
7155
7155
7155
7155
7155
7103
7103
7103
7110
7062
7077
7077
7081
7077
7073
7073
7073
7073
7083
7101
7101
7096
7096
7096
7096
7089
7089
7044
7044
7022
7022
7085
7085
7071
7071
7092
7092
7074
7074
7074
7074
7070
7070
7070
7070
7070
7070
7041
7045
7061
7061
7061
7061
7061
7061
7060
7060
7038
7038
7082
7071
7061
7061
7061
7065
7065
7060
7060
7060
7060
7060
7060
7060
7093
7093
7093
7093
7058
7058
7052
7117
7117
7117
7117
7117
7117
7117
7117
7117
7117
7117
7124
7153
7151
7151
7151
7151
7189
7189
7252
7258
7258
7254
7254
7258
7264
7264
7271
7271
7262
7240
7240
7219
7219
7219
7219
7218
7218
7218
7218
7218
7218
7141
7141
7141
7158
7164
7164
7164
7160
7160
7146
7130
7163
7163
7163
7163
7201
7221
7221
7236
7271
7271
7271
7253
7253
7242
7215
7215
7184
7184
7184
7184
7162
7202
7208
7208
7208
7208
7208
7208
7224
7224
7147
7147
7147
7147
7147
7159
7130
7100
7108
7120
7120
7120
7117
7117
7117
7117
7143
7143
7143
7215
7215
7215
7215
7215
7257
7290
7253
7253
7253
7264
7277
7341
7322
7322
7322
7322
7332
7332
7322
7322
7322
7322
7322
7322
7322
7319
7319
7319
7353
7353
7353
7379
7379
7379
7379
7379
7387
7377
7341
7303
7309
7314
7314
7314
7314
7314
7319
7319
7323
7314
7314
7314
7314
7314
7314
7319
7317
7317
7304
7304
7304
7304
7302
7302
7302
7302
7278
7278
7278
7270
7270
7263
7263
7263
7263
7305
7305
7283
7283
7260
7260
7260
7260
7259
7259
7259
7225
7225
7230
7230
7230
7230
7230
7250
7269
7284
7284
7284
7284
7306
7306
7306
7306
7306
7357
7357
7357
7391
7381
7391
7434
7434
7429
7393
7393
7383
7383
7337
7357
7357
7357
7357
7331
7354
7354
7312
7312
7312
7312
7310
7310
7341
7326
7325
7325
7325
7325
7325
7329
7329
7346
7346
7335
7335
7335
7335
7335
7335
7335
7335
7335
7352
7352
7352
7342
7342
7342
7342
7360
7360
7360
7360
7360
7352
7392
7392
7392
7417
7407
7407
7397
7397
7397
7354
7354
7381
7381
7381
7381
7394
7394
7402
7402
7402
7402
7439
7440
7440
7440
7432
7433
7433
7433
7433
7433
7433
7433
7433
7433
7433
7450
7450
7450
7443
7443
7443
7443
7443
7443
7443
7470
7427
7427
7427
7427
7427
7386
7386
7386
7386
7386
7386
7386
7375
7383
7383
7383
7383
7403
7403
7367
7367
7363
7363
7363
7363
7349
7349
7349
7349
7349
7349
7353
7345
7325
7310
7310
7310
7310
7326
7353
7353
7347
7369
7369
7369
7369
7344
7344
7348
7359
7344
7344
7344
7344
7351
7330
7330
7330
7307
7316
7306
7306
7306
7258
7258
7258
7258
7258
7258
7258
7258
7254
7254
7254
7254
7254
7254
7254
7261
7261
7313
7313
7313
7313
7288
7288
7288
7288
7288
7288
7339
7341
7341
7341
7274
7274
7274
7274
7248
7248
7248
7248
7244
7244
7244
7244
7269
7236
7225
7214
7218
7218
7219
7230
7242
7242
7242
7242
7242
7242
7179
7179
7179
7179
7179
7179
7180
7204
7204
7204
7220
7196
7196
7196
7196
7196
7196
7196
7190
7190
7190
7190
7190
7253
7253
7253
7253
7253
7221
7221
7221
7221
7239
7239
7235
7258
7258
7258
7258
7258
7258
7258
7317
7289
7289
7289
7253
7216
7216
7216
7216
7216
7216
7253
7253
7315
7295
7266
7266
7258
7258
7242
7242
7278
7278
7278
7278
7301
7301
7301
7301
7301
7301
7277
7277
7277
7277
7277
7277
7277
7277
7277
7277
7277
7277
7307
7307
7276
7296
7296
7296
7296
7294
7294
7294
7296
7296
7296
7297
7297
7297
7297
7297
7264
7264
7296
7296
7296
7296
7296
7296
7276
7276
7276
7276
7305
7352
7419
7361
7361
7361
7346
7346
7330
7330
7284
7284
7267
7267
7267
7264
7264
7264
7264
7247
7196
7196
7196
7196
7196
7196
7196
7196
7196
7196
7196
7196
7196
7196
7196
7183
7183
7183
7193
7193
7185
7185
7185
7185
7239
7239
7283
7283
7331
7331
7365
7365
7365
7365
7365
7357
7357
7335
7301
7301
7301
7218
7218
7218
7218
7218
7218
7218
7218
7218
7209
7209
7209
7209
7209
7209
7209
7209
7209
7209
7209
7209
7222
7215
7197
7260
7260
7214
7214
7214
7214
7214
7182
7167
7167
7167
7167
7124
7103
7103
7103
7103
7103
7103
7125
7125
7125
7069
7069
7069
7069
7013
7013
7013
7013
7013
7013
7013
7013
7013
7013
7013
7051
7054
7054
7054
7053
7053
7053
7053
7053
7053
7053
7053
7053
7055
7051
7051
7051
7051
7051
7051
7051
7051
7051
7043
7060
7026
7026
7026
7042
7042
7043
7043
7043
7036
7041
7041
7041
7041
7048
7048
7048
7048
7048
7035
7035
7035
7032
7032
7042
7042
7042
7042
7035
7035
7058
7058
7058
7058
7058
7058
7074
7074
7074
7074
7074
7074
7074
7074
7074
7055
7048
7043
7043
7042
7042
7042
7042
7042
7042
7042
7042
7042
7042
7042
7042
7042
7042
7042
7042
7047
7027
7027
7027
7029
7029
7029
7029
7029
7096
7096
7096
7082
7082
7082
7082
7082
7082
7082
7082
7082
7082
7082
7082
7082
7074
7074
7074
7074
7074
7074
7074
7074
7074
7059
7038
7038
7038
7038
7023
7025
7045
7062
7062
7048
7048
7048
7048
7048
7074
7074
7083
7072
7086
7086
7086
7086
7086
7086
7094
7117
7117
7056
7056
7056
7056
7065
7085
7085
7086
7086
7075
7075
7075
7075
7075
7075
7075
7075
7026
7026
7026
7026
7026
7026
7026
7026
7026
7026
7026
7026
7026
7026
7026
7026
7026
7062
7062
7062
7062
7062
7062
7062
7062
7062
7062
7089
7089
7089
7089
7089
7067
7067
7067
7066
7066
7066
7066
7066
7081
7081
7081
7081
7093
7112
7112
7112
7112
7112
7112
7112
7112
7112
7112
7128
7106
7106
7098
7097
7097
7097
7119
7119
7119
7119
7119
7119
7119
7119
7119
7119
7119
7119
7119
7119
7119
7119
7119
7119
7119
7119
7119
7119
7119
7120
7099
7099
7099
7099
7099
7099
7099
7099
7099
7099
7099
7099
7099
7137
7122
7122
7122
7122
7122
7122
7122
7122
7126
7126
7126
7126
7139
7139
7146
7146
7146
7146
7146
7146
7146
7146
7146
7146
7119
7119
7134
7134
7142
7142
7142
7138
7135
7135
7135
7135
7135
7135
7135
7135
7120
7120
7120
7120
7120
7120
7129
7129
7143
7143
7143
7144
7134
7134
7134
7134
7134
7134
7160
7160
7164
7164
7164
7164
7164
7164
7164
7164
7157
7154
7154
7154
7154
7154
7154
7154
7146
7146
7128
7128
7128
7128
7128
7123
7123
7123
7107
7107
7137
7137
7176
7176
7176
7176
7173
7173
7173
7173
7173
7173
7173
7173
7164
7164
7164
7164
7164
7157
7157
7092
7092
7092
7092
7126
7126
7126
7126
7126
7135
7135
7156
7158
7158
7158
7158
7124
7124
7136
7136
7136
7111
7111
7063
7063
7063
7063
7075
7052
7052
7052
7017
7008
7008
7008
7008
7008
7008
7009
7009
7009
7009
7009
7009
7009
7009
7009
7009
7009
7009
7009
7086
7086
7086
7086
7086
7086
7055
7055
7055
7053
7053
7053
7053
7020
7020
7020
7020
7020
7020
7020
7020
7020
7020
7020
7031
7031
7031
7031
7031
7031
7031
7031
7031
7031
7029
7029
7039
7019
7019
7014
7014
6999
6993
6993
6993
6993
6997
6997
6997
6997
6997
6997
6997
6997
6997
6997
6997
6997
6997
6997
6997
6997
6997
6997
6997
6997
6997
6997
6997
6997
6997
6997
6997
6997
6997
6997
6997
6997
6997
6997
6997
6997
6997
6997
6997
6997
6997
6997
7007
7007
7007
7007
7007
7011
7011
7011
7011
7011
7011
7011
7011
7011
7011
7011
7011
7011
7011
7011
7011
7011
7011
7011
7006
7006
7006
7006
7006
7006
7006
7027
7027
7027
7027
7027
7027
7020
7020
7020
7020
7020
7020
7020
7020
7020
7020
7020
7020
7020
7020
7020
7020
7020
7047
7053
7053
7067
7067
7146
7146
7152
7139
7139
7139
7139
7139
7146
7146
7137
7137
7137
7137
7137
7137
7137
7137
7137
7137
7137
7115
7126
7126
7126
7126
7126
7126
7126
7074
7062
7062
7062
7062
7062
7062
7034
7030
7030
7030
7030
7037
7037
7032
7032
7032
7032
7032
7032
7032
7032
7032
7032
7032
7032
7030
7030
7030
7030
7030
7030
7030
7030
7028
7028
7065
7065
7074
7074
7074
7074
7074
7074
7074
7074
7075
7075
7075
7075
7075
7075
7075
7075
7075
7075
7075
7075
7075
7075
7075
7075
7075
7075
7075
7078
7078
7078
7088
7088
7088
7088
7088
7088
7088
7088
7088
7088
7088
7083
7083
7083
7077
7077
7077
7077
7077
7077
7077
7077
7077
7041
7041
7041
7041
7041
7041
7041
7041
7039
7020
7020
7018
7018
6998
6998
6998
6998
6998
6998
6998
6998
6998
6998
6998
6998
6998
6998
6998
6998
7009
7009
7009
7009
7009
7009
7009
7009
7009
7009
7009
7009
7009
7009
7009
7009
6991
7000
7000
7000
7000
7000
7000
7000
7000
7000
7000
7000
6995
6995
6995
6995
6995
7001
7001
7001
7001
7001
7001
7001
7001
7001
7001
6991
6991
6991
6991
6991
7029
7029
7029
7029
7029
7026
7026
7026
7026
7026
7026
7026
7026
7036
7029
7029
7029
7029
7029
7029
7029
7029
7029
7029
7029
7022
7022
7029
7029
7029
7029
7029
7029
7029
7001
7001
7001
7001
7001
7012
7012
7012
7012
7012
7012
7012
7012
7012
7012
7012
7012
6985
6985
6985
6985
6985
6985
6985
6985
6985
6985
6985
6985
6985
6985
6985
6985
6985
6985
7013
7013
7013
7013
7013
7013
7013
7013
7013
7013
7013
7013
7013
7013
7013
7013
7013
7013
7013
7013
7013
7013
7013
7013
7019
7005
7005
7002
7002
6999
6999
6999
6999
6999
6999
6999
6999
6999
6999
6999
6999
6999
6999
6990
6990
6990
6990
6990
6990
6990
6990
6990
6990
6990
6990
6990
6990
6990
6972
6948
6958
6958
6979
6979
6979
6979
6979
6979
6979
6979
6979
6979
6972
6972
6972
6972
6972
6972
6972
6972
6972
6971
6971
6971
6923
6923
6923
6923
6942
6942
6942
6942
6942
6942
6942
6942
6942
6942
6942
6941
6941
6941
6941
6941
6941
6941
6941
6941
6941
6941
6941
6941
6941
6941
6941
6941
6941
6941
6941
6941
6941
6941
6941
6941
6941
6941
6941
6941
6941
6941
6941
6941
6941
6941
6941
6941
6941
6941
6941
6941
6941
6941
6941
6941
6941
6941
6941
6941
6932
6928
6928
6928
6928
6928
6928
6926
6926
6926
6926
6926
6931
6931
6931
6931
6931
6931
6931
6931
6931
6931
6902
6904
6904
6902
6909
6909
6909
6909
6909
6909
6909
6909
6909
6909
6909
6909
6909
6909
6909
6909
6909
6909
6909
6909
6909
6909
6909
6909
6909
6909
6909
6909
6913
6913
6913
6913
6913
6913
6925
6925
6925
6925
6925
6925
6927
6927
6927
6927
6927
6906
6906
6906
6906
6906
6906
6906
6906
6925
6925
6925
6925
6925
6925
6925
6925
6925
6925
6925
6925
6925
6925
6925
6925
6925
6925
6925
6925
6925
6925
6925
6925
6925
6925
6925
6925
6925
6925
6925
6925
6921
6921
6921
6921
6921
6921
6921
6918
6918
6918
6918
6918
6918
6918
6918
6918
6918
6918
6918
6918
6918
6918
6918
6918
6918
6918
6918
6918
6918
6918
6918
6918
6918
6918
6918
6918
6918
6918
6918
6918
6918
6918
6918
6918
6918
6918
6918
6918
6918
6918
6918
6918
6918
6918
6918
6918
6918
6918
6918
6918
6918
6918
6918
6918
6918
6918
6918
6908
6908
6908
6908
6908
6908
6908
6908
6908
6908
6908
6891
6891
6891
6891
6891
6891
6891
6891
6891
6891
6891
6891
6891
6891
6891
6891
6891
6891
6879
6879
6879
6890
6890
6890
6890
6890
6890
6881
6881
6881
6881
6881
6881
6881
6881
6881
6881
6881
6881
6881
6881
6881
6881
6881
6881
6881
6881
6881
6881
6881
6881
6881
6881
6881
6881
6881
6881
6881
6881
6881
6881
6881
6881
6881
6881
6881
6881
6881
6881
6881
6881
6881
6881
6881
6881
6881
6881
6881
6881
6881
6881
6881
6881
6881
6881
6878
6878
6878
6878
6878
6878
6878
6878
6895
6895
6897
6897
6897
6897
6897
6897
6897
6897
6897
6897
6897
6897
6897
6897
6897
6897
6897
6897
6897
6897
6897
6897
6897
6893
6893
6893
6893
6893
6893
6893
6893
6893
6893
6893
6893
6893
6893
6893
6893
6893
6893
6893
6893
6893
6889
6889
6889
6889
6889
6889
6889
6889
6889
6889
6889
6889
6889
6889
6889
6895
6881
6881
6881
6881
6881
6881
6881
6881
6881
6881
6881
6881
6881
6881
6881
6881
6881
6881
6881
6881
6881
6881
6881
6881
6881
6881
6881
6881
6881
6881
6881
6881
6881
6881
6881
6881
6881
6881
6881
6881
6881
6881
6881
6881
6881
6881
6881
6881
6881
6881
6881
6881
6881
6881
6881
6881
6881
6881
6881
6881
6881
6881
6881
6881
6881
6881
6881
6881
6881
6881
6881
6881
6881
6881
6881
6881
6881
6881
6881
6881
6881
6881
6881
6881
6881
6881
6881
6881
6881
6881
6881
6881
6881
6881
6881
6881
6881
6881
6881
6879
6879
6879
6879
6879
6879
6879
6879
6879
6879
6879
6879
6879
6879
6879
6879
6879
6879
6879
6879
6879
6879
6879
6879
6879
6879
6879
6879
6879
6879
6879
6879
6879
6879
6879
6879
6879
6879
6879
6879
6879
6879
6879
6879
6879
6879
6879
6879
6879
6879
6879
6879
6879
6879
6879
6879
6879
6879
6879
6879
6879
6879
6879
6879
6879
6879
6879
6879
6879
6879
6879
6879
6879
6879
6879
6879
6879
6879
6879
6879
6879
6879
6879
6879
6879
6879
6879
6879
6879
6879
6879
6879
6879
6879
6867
6867
6867
6867
6867
6867
6867
6867
6867
6867
6867
6867
6867
6867
6867
6867
6867
6867
6867
6867
6867
6867
6867
6867
6867
6867
6867
6867
6867
6867
6867
6867
6867
6867
6867
6867
6867
6867
6867
6867
6867
6867
6867
6867
6867
6867
6867
6867
6867
6867
6867
6867
6867
6867
6867
6867
6867
6862
6862
6862
6862
6862
6862
6862
6862
6862
6862
6862
6862
6862
6862
6859
6859
6859
6859
6859
6859
6859
6859
6859
6859
6859
6859
6859
6859
6859
6859
6859
6859
6859
6859
6859
6859
6859
6859
6859
6859
6859
6859
6859
6859
6859
6859
6859
6859
6859
6859
6859
6859
6859
6859
6859
6859
6859
6859
6859
6859
6859
6859
6859
6859
6859
6859
6859
6859
6859
6859
6859
6859
6859
6859
6859
6859
6859
6859
6859
6859
6859
6859
6859
6859
6859
6859
6859
6859
6859
6859
6859
6859
6859
6859
6859
6859
6859
6859
6859
6859
6859
6859
6859
6859
6859
6859
6859
6859
6859
6859
6859
6859
6859
6859
6859
6859
6859
6859
6859
6859
6859
6859
6859
6859
6859
6859
6859
6859
6859
6859
6859
6859
6859
6859
6859
6859
6859
6859
6859
6859
6859
6859
6859
6859
6859
6859
6859
6859
6859
6859
6859
6859
6859
6859
6862
6862
6862
6862
6862
6862
6862
6862
6862
6862
6862
6862
6862
6862
6862
6862
6862
6862
6862
6862
6862
6862
6862
6862
6862
6862
6862
6862
6862
6862
6862
6862
6862
6862
6862
6862
6862
6862
6862
6862
6862
6862
6862
6862
6862
6862
6862
6862
6862
6862
6862
6862
6862
6862
6862
6862
6862
6862
6862
6862
6862
6832
6832
6832
6832
6832
6832
6832
6832
6832
6832
6832
6832
6832
6832
6832
6832
6832
6832
6832
6832
6832
6832
6832
6832
6832
6832
6832
6832
6832
6832
6832
6832
6832
6832
6832
6832
6832
6832
6832
6832
6832
6832
6832
6832
6832
6832
6832
6832
6832
6832
6832
6832
6832
6832
6832
6832
6832
6832
6832
6832
6832
6832
6832
6832
6832
6832
6832
6832
6832
6832
6832
6832
6832
6832
6832
6832
6832
6832
6832
6832
6832
6832
6832
6832
6832
6832
6829
6829
6829
6829
6829
6829
6829
6829
6829
6829
6829
6829
6829
6829
6829
6829
6829
6829
6820
6820
6820
6820
6820
6820
6820
6820
6820
6820
6820
6820
6820
6820
6820
6820
6820
6820
6820
6820
6820
6820
6820
6820
6820
6820
6820
6820
6820
6820
6820
6820
6820
6820
6820
6820
6820
6820
6820
6820
6820
6820
6820
6820
6820
6820
6820
6820
6820
6820
6820
6820
6820
6820
6817
6817
6817
6817
6817
6817
6817
6817
6817
6817
6817
6817
6817
6817
6817
6817
6817
6817
6817
6817
6817
6817
6817
6817
6817
6817
6817
6817
6817
6817
6817
6817
6817
6811
6811
6811
6811
6811
6811
6802
6802
6791
6791
6791
6791
6791
6791
6791
6791
6791
6791
6791
6791
6791
6791
6791
6791
6791
6791
6791
6791
6791
6791
6791
6791
6791
6791
6791
6791
6791
6791
6791
6791
6791
6791
6791
6791
6791
6791
6791
6791
6791
6791
6791
6791
6791
6791
6791
6791
6791
6791
6791
6791
6791
6791
6791
6791
6791
6791
6791
6791
6791
6784
6784
6784
6784
6784
6784
6784
6784
6784
6784
6784
6784
6784
6784
6784
6784
6784
6784
6784
6784
6784
6784
6784
6783
6783
6783
6783
6783
6783
6783
6783
6783
6783
6783
6783
6783
6783
6783
6783
6783
6783
6783
6783
6783
6783
6783
6783
6783
6783
6783
6783
6783
6783
6783
6783
6783
6783
6783
6783
6783
6783
6783
6783
6783
6783
6783
6783
6783
6783
6783
6783
6783
6783
6783
6783
6783
6783
6783
6783
6783
6783
6783
6783
6783
6783
6783
6783
6783
6783
6783
6783
6783
6783
6783
6783
6783
6783
6783
6783
6783
6783
6783
6783
6783
6783
6783
6783
6783
6783
6783
6783
6783
6783
6783
6783
6783
6783
6783
6783
6783
6783
6783
6783
6783
6783
6783
6783
6783
6783
6783
6783
6783
6783
6783
6783
6783
6783
6783
6783
6783
6783
6783
6783
6783
6783
6783
6783
6783
6783
6783
6783
6783
6783
6783
6783
6783
6783
6783
6783
6783
6783
6783
6783
6783
6783
6783
6783
6783
6783
6783
6783
6783
6781
6781
6781
6781
6781
6781
6781
6781
6781
6781
6781
6781
6781
6781
6781
6781
6781
6781
6781
6781
6781
6781
6781
6781
6781
6781
6781
6781
6781
6781
6781
6781
6781
6781
6781
6781
6781
6781
6781
6781
6781
6781
6781
6781
6781
6781
6781
6781
6781
6781
6781
6781
6781
6781
6781
6781
6781
6781
6781
6781
6781
6781
6781
6781
6781
6781
6781
6781
6781
6781
6781
6781
6781
6781
6781
6781
6781
6781
6781
6781
6781
6781
6781
6781
6781
6781
6781
6781
6781
6781
6781
6781
6781
6781
6781
6781
6781
6781
6781
6781
6781
6781
6781
6781
6781
6781
6781
6781
6781
6781
6781
6781
6781
6781
6781
6781
6781
6781
6781
6781
6781
6781
6781
6781
6781
6781
6781
6781
6781
6781
6781
6781
6781
6781
6781
6781
6775
6775
6775
6775
6775
6775
6775
6775
6775
6775
6775
6775
6775
6775
6775
6775
6775
6775
6775
6775
6775
6775
6775
6775
6775
6775
6775
6775
6775
6775
6775
6775
6775
6775
6775
6775
6775
6775
6775
6775
6775
6775
6775
6775
6775
6775
6775
6775
6775
6775
6775
6775
6775
6775
6775
6775
6775
6775
6775
6775
6775
6775
6775
6775
6775
6775
6775
6775
6775
6775
6775
6775
6775
6775
6775
6775
6775
6775
6775
6775
6775
6775
6775
6775
6775
6775
6775
6775
6775
6775
6775
6775
6775
6775
6775
6775
6775
6775
6775
6775
6775
6775
6775
6775
6775
6775
6775
6775
6775
6775
6775
6775
6775
6775
6775
6775
6775
6775
6775
6775
6775
6775
6775
6775
6775
6775
6775
6775
6775
6775
6775
6775
6775
6775
6775
6775
6775
6775
6775
6775
6775
6775
6775
6775
6775
6775
6775
6775
6775
6775
6777
6777
6777
6777
6777
6777
6777
6777
6777
6777
6777
6777
6777
6777
6777
6777
6777
6777
6777
6777
6777
6777
6777
6777
6777
6777
6777
6777
6777
6777
6777
6777
6777
6777
6777
6777
6777
6777
6777
6777
6777
6777
6777
6777
6777
6777
6777
6777
6777
6777
6777
6777
6777
6777
6777
6777
6777
6777
6777
6777
6777
6777
6777
6777
6777
6774
6774
6774
6774
6774
6774
6774
6774
6774
6774
6774
6774
6774
6774
6774
6774
6774
6774
6774
6774
6774
6774
6774
6774
6774
6774
6774
6774
6774
6774
6774
6774
6774
6774
6774
6774
6774
6774
6774
6770
6770
6770
6770
6770
6770
6770
6770
6770
6770
6770
6770
6770
6770
6769
6769
6769
6769
6769
6769
6770
6770
6770
6770
6770
6770
6770
6770
6770
6770
6770
6770
6770
6770
6770
6770
6770
6770
6769
6782
6782
6782
6782
6782
6782
6782
6782
6782
6782
6782
6782
6782
6782
6782
6782
6782
6782
6782
6782
6782
6782
6782
6782
6782
6782
6782
6782
6782
6782
6782
6782
6782
6782
6782
6782
6782
6782
6782
6782
6782
6782
6782
6782
6783
6783
6783
6783
6783
6783
6783
6783
6783
6783
6783
6783
6783
6783
6783
6783
6783
6783
6783
6783
6783
6783
6783
6783
6783
6783
6783
6783
6783
6783
6783
6783
6783
6783
6783
6783
6783
6783
6783
6783
6783
6783
6783
6783
6783
6783
6783
6783
6783
6783
6783
6783
6783
6783
6775
6775
6775
6775
6775
6775
6775
6775
6775
6775
6775
6775
6775
6775
6775
6775
6775
6775
6775
6775
6775
6775
6775
6775
6775
6775
6775
6775
6775
6775
6775
6775
6775
6775
6775
6775
6775
6775
6775
6775
6775
6775
6775
6775
6775
6775
6775
6775
6775
6775
6775
6775
6771
6771
6771
6771
6771
6771
6771
6771
6771
6771
6771
6771
6771
6771
6771
6771
6771
6771
6775
6775
6775
6775
6775
6775
6775
6775
6775
6775
6775
6775
6775
6775
6775
6775
6775
6775
6775
6775
6775
6775
6775
6775
6775
6775
6775
6775
6775
6775
6775
6775
6775
6775
6775
6775
6775
6775
6775
6775
6771
6771
6771
6771
6771
6771
6771
6771
6771
6771
6771
6771
6771
6771
6771
6771
6771
6771
6771
6771
6771
6771
6771
6771
6771
6771
6771
6771
6771
6771
6771
6771
6771
6771
6771
6771
6771
6771
6771
6771
6771
6771
6771
6771
6771
6771
6771
6771
6771
6771
6771
6771
6771
6771
6771
6771
6771
6771
6771
6771
6771
6771
6771
6771
6771
6771
6771
6771
6771
6771
6771
6775
6775
6775
6775
6775
6775
6775
6775
6775
6775
6775
6775
6775
6775
6775
6775
6775
6775
6775
6775
6775
6775
6775
6775
6775
6775
6775
6775
6775
6775
6775
6775
6775
6775
6775
6775
6775
6775
6775
6775
6775
6775
6775
6775
6775
6775
6775
6775
6775
6775
6775
6775
6775
6775
6775
6775
6775
6775
6775
6775
6775
6775
6775
6775
6775
6775
6775
6775
6775
6775
6775
6775
6775
6775
6766
6766
6766
6766
6766
6766
6766
6766
6766
6766
6766
6766
6766
6766
6766
6766
6766
6766
6766
6766
6766
6766
6766
6766
6766
6766
6766
6766
6766
6766
6766
6766
6766
6766
6766
6766
6766
6766
6766
6766
6766
6766
6766
6766
6766
6766
6766
6770
6770
6770
6770
6770
6770
6770
6770
6770
6770
6770
6770
6770
6770
6770
6770
6770
6770
6770
6770
6770
6770
6770
6770
6770
6770
6770
6770
6770
6770
6770
6770
6770
6771
6771
6771
6771
6771
6771
6771
6771
6771
6771
6771
6771
6771
6771
6771
6771
6771
6771
6771
6771
6771
6771
6771
6771
6771
6771
6771
6771
6771
6771
6771
6771
6771
6771
6771
6771
6771
6771
6771
6771
6771
6771
6771
6771
6771
6771
6771
6771
6771
6771
6771
6771
6771
6771
6771
6771
6771
6771
6771
6771
6771
6771
6771
6771
6771
6771
6771
6771
6771
6771
6771
6771
6771
6771
6771
6771
6771
6771
6771
6771
6772
6772
6772
6772
6772
6769
6750
6750
6750
6750
6750
6750
6750
6750
6750
6750
6750
6750
6750
6750
6750
6750
6750
6750
6750
6750
6750
6750
6750
6750
6750
6750
6750
6750
6750
6750
6750
6750
6750
6750
6750
6750
6750
6750
6750
6750
6750
6750
6750
6750
6750
6750
6750
6750
6750
6745
6745
6745
6745
6745
6745
6745
6745
6745
6745
6745
6745
6745
6745
6745
6745
6745
6745
6745
6745
6745
6745
6745
6745
6745
6745
6745
6745
6745
6745
6745
6745
6745
6745
6745
6745
6745
6745
6745
6745
6745
6745
6745
6745
6745
6745
6745
6745
6745
6745
6745
6745
6745
6745
6745
6745
6745
6745
6745
6745
6745
6745
6745
6745
6745
6745
6745
6745
6745
6745
6745
6745
6745
6745
6745
6745
6745
6745
6745
6745
6745
6745
6745
6745
6745
6745
6745
6745
6745
6745
6745
6745
6745
6745
6745
6745
6745
6745
6745
6745
6745
6745
6745
6745
6745
6745
6745
6745
6745
6745
6745
6745
6745
6745
6745
6745
6745
6745
6745
6745
6745
6745
6745
6745
6745
6745
6745
6745
6745
6745
6745
6745
6745
6745
6745
6745
6745
6745
6745
6745
6745
6745
6745
6745
6745
6745
6745
6745
6745
6745
6745
6745
6745
6745
6745
6745
6745
6745
6745
6745
6745
6745
6745
6745
6745
6745
6745
6745
6745
6745
6745
6745
6745
6745
6745
6745
6745
6745
6745
6745
6745
6745
6745
6745
6745
6745
6745
6745
6745
6745
6745
6745
6745
6745
6745
6745
6745
6745
6745
6745
6745
6745
6745
6745
6745
6745
6745
6745
6745
6745
6745
6745
6741
6741
6741
6741
6741
6741
6741
6741
6744
6744
6744
6744
6744
6744
6744
6744
6744
6744
6744
6744
6744
6744
6744
6744
6744
6744
6744
6744
6744
6744
6744
6744
6745
6745
6745
6745
6745
6745
6745
6745
6745
6745
6745
6745
6745
6745
6745
6745
6745
6745
6748
6748
6748
6748
6748
6748
6748
6748
6748
6748
6748
6748
6748
6748
6748
6748
6748
6748
6748
6748
6748
6748
6748
6748
6748
6748
6748
6748
6748
6747
6747
6747
6747
6747
6747
6747
6743
6743
6743
6743
6743
6743
6743
6743
6743
6743
6743
6743
6742
6742
6742
6742
6742
6742
6749
6749
6749
6749
6749
6749
6749
6749
6749
6749
6749
6749
6749
6749
6749
6749
6749
6749
6749
6749
6749
6749
6749
6749
6748
6748
6748
6748
6748
6748
6748
6748
6748
6748
6748
6748
6748
6748
6748
6748
6748
6748
6748
6748
6748
6748
6731
6731
6731
6731
6731
6731
6731
6731
6731
6731
6731
6731
6731
6731
6731
6731
6731
6731
6731
6731
6731
6731
6731
6731
6731
6731
6731
6731
6731
6731
6731
6731
6731
6731
6731
6731
6731
6731
6731
6731
6731
6731
6731
6731
6731
6731
6731
6731
6731
6731
6731
6731
6731
6731
6731
6731
6731
6731
6731
6731
6731
6731
6731
6731
6731
6731
6731
6731
6731
6731
6731
6731
6731
6731
6731
6731
6733
6733
6733
6733
6733
6733
6733
6733
6733
6733
6733
6733
6733
6733
6733
6733
6733
6733
6733
6733
6730
6730
6730
6730
6730
6730
6730
6730
6730
6730
6730
6730
6730
6730
6730
6730
6730
6730
6726
6726
6726
6726
6726
6726
6726
6726
6726
6726
6726
6726
6726
6726
6726
6726
6726
6726
6726
6726
6726
6726
6726
6726
6726
6726
6726
6725
6725
6725
6725
6725
6725
6725
6725
6725
6725
6725
6725
6720
6720
6720
6720
6720
6720
6723
6723
6723
6723
6723
6723
6723
6723
6723
6723
6723
6723
6723
6723
6723
6723
6723
6723
6723
6723
6723
6723
6723
6723
6723
6723
6723
6723
6723
6723
6723
6723
6723
6723
6723
6723
6723
6723
6723
6723
6723
6723
6723
6723
6723
6723
6723
6723
6723
6723
6723
6723
6723
6723
6723
6723
6723
6723
6723
6723
6723
6723
6723
6723
6723
6723
6723
6723
6723
6723
6721
6721
6721
6721
6721
6721
6721
6721
6721
6721
6716
6716
6716
6716
6716
6716
6716
6716
6716
6716
6716
6716
6716
6716
6716
6716
6716
6716
6716
6716
6716
6716
6716
6716
6716
