2042
2067
1993
2026
1962
1989
1986
1963
1963
2012
1983
2004
2020
2051
2099
2085
2079
2129
2129
2108
2073
2001
2001
2044
2049
1988
1983
1909
1902
2052
2047
2040
1981
1956
2084
2129
2101
2133
2139
2192
2179
2130
2064
2079
2029
2041
2049
1999
1987
1884
1927
2025
1951
1972
1979
1935
1935
1877
1934
1921
1987
2070
2094
2117
2115
2090
2071
2092
2055
2055
2080
2057
2069
2107
2107
2104
1993
2016
2029
2037
1986
1908
1883
1936
2005
1993
1993
2043
2074
2040
2061
2069
2056
2006
2013
2030
2030
2032
1990
2010
2010
2007
2019
1956
2030
1956
1989
1989
2009
2009
1961
1972
1970
1962
2043
2053
2037
1984
1984
2006
2045
2013
2018
2018
2018
1997
1997
2013
1993
1924
1925
1963
1955
1974
1974
1959
2007
2049
2047
1947
2020
1963
1906
1871
1866
1857
1877
1937
1959
1966
1922
1921
2025
1997
1967
1967
1921
1954
1954
2048
2054
2008
2008
1982
2070
2068
2037
2029
2096
2014
2006
2013
2074
2106
2061
2034
2124
2112
2112
2165
2157
2163
2170
2124
2087
2065
1968
1928
1999
1967
1932
1998
2027
2018
1929
1935
2019
1996
2037
2005
2005
1987
2000
2066
2018
2068
2048
2004
1940
1910
1948
1948
1957
1948
1993
1993
1993
1981
1981
2008
2047
2055
2055
2102
2087
2193
2175
2163
2160
2134
2075
2075
2000
2005
2084
2074
1935
1909
1942
1921
1918
1918
1914
1950
2072
2079
2079
2079
2013
2013
2073
2020
2020
1992
1999
2045
2025
2033
2033
2037
2048
2012
2044
2074
2044
1984
1993
2053
2084
2040
2039
2038
2038
2029
2033
2097
2033
2033
2084
1998
1991
1964
1964
1982
1981
1956
1957
1908
1929
1904
1904
1951
1933
1939
1890
1901
2033
2085
2085
2069
2040
2024
2069
2046
2012
2107
2027
1997
1958
1958
1985
1999
2029
2029
2002
2002
1946
1950
1928
1922
1913
1917
1906
1925
1972
1995
2073
2026
2009
1982
2060
2012
2017
2016
2071
2106
2103
2092
2146
2117
2032
2028
1953
1975
1911
1943
1942
2048
2013
2013
1908
1910
1927
2007
2006
1976
1993
1956
1970
1960
2006
2039
2113
2067
2067
1993
2020
2058
2086
2045
2086
2091
2088
2034
2042
2022
2022
2013
2064
1962
1946
1946
1941
2003
2070
2019
1994
2056
1957
1961
1961
1945
1883
1883
1976
1961
1982
1908
1908
1900
1900
1908
1965
1940
1939
1932
1997
1975
1946
1920
1919
1937
1908
1934
1972
1949
1914
1964
2007
2017
2033
2036
2109
2116
2071
2104
2114
2098
2084
2063
2063
2029
2023
2016
2017
2014
2124
2070
2099
2095
2026
1989
2025
2033
2066
2020
2020
2010
2010
2172
2172
2165
2269
2170
2237
2151
2119
2062
2028
2024
2051
2042
2042
2044
2053
1993
2072
1945
1912
1905
1905
1905
1906
1870
1866
1988
1943
1964
1947
2060
2031
2044
1982
1973
1923
1949
1949
2009
2024
2024
1870
1923
1932
1887
1984
2059
2115
2010
2025
1978
1947
1856
1890
1921
1902
1940
2001
2020
2070
2046
2030
2030
2091
2085
2184
2219
2257
2257
2138
2152
2081
2034
2034
1963
1963
2015
2015
1992
1951
1957
2023
2060
2060
2133
2140
2062
1983
1991
2017
1998
2002
1958
1942
1960
1965
2003
1966
1994
2032
2075
2084
2139
2128
2040
1976
1979
1999
1993
2021
2051
2072
2046
2088
2046
2009
2009
2066
2039
2011
2020
2067
2046
2023
2077
2021
2017
2009
1978
2027
2027
2069
2075
2133
2105
2076
2064
2046
2024
2026
2047
2018
2008
2107
2100
2100
2085
2087
2115
2039
1921
1978
1978
1989
1957
1963
1961
1955
2004
2006
2006
2017
1991
1925
1931
1935
1956
1956
1956
1878
1963
1945
1891
1902
1902
1864
1972
2035
2020
1973
2025
2058
2042
2049
2095
2126
2079
2082
2022
2022
2032
2038
2017
2022
1975
1901
1941
1990
1960
1960
1991
1960
1868
1882
1945
1953
1953
1983
2038
1945
1945
1947
1880
1864
1847
1924
1924
1903
1903
1906
1906
1890
1900
1880
1883
1918
1936
1889
1854
1925
1790
1843
1851
1896
1826
1902
1902
1880
1880
1923
1968
1999
1943
1955
1919
1919
1954
1950
1962
1938
1903
1862
1905
1967
1949
1959
2033
1977
1896
1867
1971
1897
2040
2018
2018
2110
2094
2042
1941
1958
2014
2014
1979
1943
1943
1966
2013
1922
1936
1927
1927
1869
1869
1955
1941
1957
2003
2016
2016
2054
2017
1998
1985
1982
1962
1970
1967
2033
2027
1972
1970
2002
2122
2097
2125
2178
2126
2128
2102
2051
2049
2128
2057
1988
1951
1923
1993
1993
1982
1944
1947
1996
2002
1997
1951
1951
1971
2035
2075
2134
2220
2140
2067
2076
2099
2148
2218
2213
2178
2178
2145
2143
2169
2074
2057
1996
2087
2059
1972
1946
2019
2088
2088
2101
2153
1993
2018
1974
1976
2038
2003
1935
1916
1916
1916
1949
1949
1903
1945
1956
1940
1996
2008
1988
1953
1942
2041
2052
2003
1991
1982
1975
2047
2036
2036
2003
2007
2028
2028
2022
2043
2006
2039
2039
1949
1967
1997
2045
1936
1932
1963
1893
1924
1942
1942
1891
1927
1976
1941
1943
2000
1974
2016
2016
2019
2083
2083
2075
2192
2208
2208
2244
2265
2265
2236
2087
2083
1956
1999
1999
1944
1944
1978
1999
1939
1933
1938
1993
1973
2019
1908
1942
1942
1932
1942
2040
1989
1989
2070
2070
2040
2003
1996
2040
1909
1981
1968
1980
1980
1980
1991
1991
1949
1921
1934
1941
1956
1929
1979
1928
1926
1940
1940
1982
1986
1988
1974
2038
2045
1983
1937
1945
1945
1977
1988
2096
2050
2017
2102
2013
2030
2024
2088
2083
2070
2070
2032
2007
2020
2065
2073
2069
2136
2178
2134
2177
2125
2161
2135
2043
2043
2067
2063
2111
2217
2168
2201
2210
2205
2222
2234
2209
2269
2225
2213
2141
2143
2043
2087
2087
2087
2087
2094
2089
2002
2002
2123
2123
2192
2145
2071
2117
2120
2125
2091
2028
2007
2028
2002
1945
1945
1896
1940
1993
2050
2050
2056
2056
2107
2095
2101
2101
1983
1983
2008
2127
2122
2144
2189
2144
2075
2044
2071
2132
2168
2111
2140
2052
2052
2052
2052
2084
2183
2148
2065
2065
2121
2121
2061
2114
2069
2125
2121
2125
2097
2045
2015
1972
2033
2010
2034
2038
2038
2038
1983
1996
1982
1915
1915
1894
1885
1929
1905
1995
1990
1990
1996
1963
1960
1989
1921
1910
1892
1892
1937
1884
1825
1842
1875
1875
1838
1879
1879
1953
1953
2020
2006
1987
1960
1986
1978
1971
1971
1942
1955
1955
1910
1910
1910
1910
1897
1910
1976
2036
2049
2014
2131
2132
2132
2137
2081
2074
2173
2126
2114
2153
2070
2101
2059
2036
2020
2089
2063
2108
1974
1967
1967
1980
1875
1968
2004
1955
1925
2017
2021
1929
1927
1960
1968
2045
2073
2098
2072
2089
2163
2126
2128
2082
2149
2237
2135
2109
2109
2057
2047
2046
2094
2056
2059
2016
2019
2019
2031
1998
1940
1940
1907
1879
1874
1882
1885
1896
1920
1953
1970
1985
1949
2008
2038
2038
2048
1987
1913
1977
2008
2039
2097
2098
2182
2182
2265
2213
2180
2160
2140
2053
2057
2057
2038
2110
2125
2143
2091
2083
2077
2191
2173
2173
2191
2132
2090
2063
2069
2136
2044
2116
2091
2064
2010
1959
2002
1964
1938
1955
1950
1972
1945
1989
1944
1935
2063
2128
2000
2000
2010
2010
2010
2010
1996
1846
1872
1902
1972
1931
1905
2055
1993
1991
1979
2027
2027
1985
1985
1973
1956
1995
1999
2078
1973
1993
1973
1924
2026
2004
1892
1893
2053
2072
2058
2070
2242
2221
2196
2196
2216
2191
2152
2135
2120
2120
2057
2034
1979
1991
1952
1968
2004
2004
2045
2039
1940
1905
1916
1899
1837
1862
1858
1846
1964
1915
1972
1902
1952
1974
2017
1984
1984
1968
1995
2006
2017
2017
1967
1965
1965
2059
2059
1979
2023
1952
1908
1963
2060
2060
2053
2045
1991
2045
2098
1998
1994
1964
1980
2004
2062
2092
2017
2007
2019
2032
2059
2065
2065
2074
2131
2084
2040
1990
1990
1967
1943
1939
1932
1932
2000
1982
2028
2029
2029
2048
2008
2008
1990
2003
1973
2029
2029
2029
2111
2058
2041
2022
1918
1918
1918
1954
1954
1979
1979
1979
1975
1984
1984
1950
1983
1983
1959
1984
1932
1912
1912
1943
1954
1954
1930
1930
1917
1907
1924
1919
1987
2072
2063
2150
2109
2046
2026
2008
2013
1977
1938
1985
1864
1934
1931
1985
1993
1961
1996
1996
1996
2020
2003
2037
1902
1876
1865
1865
1971
2063
2062
2003
1981
2012
2008
1996
2071
2071
1999
2037
1950
1945
2014
1977
2004
2003
2024
2007
2004
2004
2035
2063
2049
2036
2060
1952
1987
1970
1822
1832
1823
1868
1843
1857
1832
1968
1968
1907
1940
1975
2044
1947
1921
1940
1977
2024
1982
1982
2013
1978
1978
1963
1991
1974
1929
1957
1982
2005
2076
2036
2036
2004
2009
2049
2049
2049
1931
1990
1980
1908
1948
1895
1853
1908
1916
1919
1964
1987
1969
1932
2010
2053
2045
1968
1951
1990
1975
1969
1936
1977
1972
1943
2053
2067
2071
2071
2071
2066
2066
1984
2052
1982
1964
1938
1910
1856
1865
1903
1815
1815
1826
1842
1842
1867
1889
1893
1912
2010
2010
1958
1958
1958
2031
1981
1946
1946
1920
1930
1930
2033
2015
2015
2015
1954
1948
1954
1987
1991
1987
1987
1896
1913
1943
1916
1901
1912
1932
1932
1989
2047
2047
1945
1944
1892
1995
2022
1976
2059
2044
2049
2006
2051
2051
2051
2033
2053
2053
2040
2123
2189
2189
2137
2105
2102
1986
1919
2045
2090
2026
2011
2023
1960
1969
1969
1969
1965
1965
1973
1926
1926
1956
2006
1931
1936
1945
1960
1972
1965
2006
2006
2006
2006
2028
2009
2013
1940
1959
1936
2014
1971
1893
1893
1942
1933
1933
1929
1929
1929
1927
1927
1913
1913
2033
2033
1998
2004
2005
2028
2024
2015
2056
2056
2067
2060
2087
2094
2059
2028
1974
1964
1963
1963
1977
1994
2015
1997
1997
1992
2003
1992
2014
2035
1996
1996
1955
1973
1973
1997
1979
1948
1973
1994
1980
1921
1881
1892
1895
1927
1944
2016
2019
2019
2019
2080
2080
2080
2067
2032
2060
1993
1953
2011
1939
1939
2004
2038
2074
2058
2031
2074
2148
2030
2028
1958
1999
2016
1956
1956
1938
1973
1984
2005
2022
2020
2052
2038
2021
1973
1988
2031
2021
1903
1903
1958
2011
1967
2036
2007
2011
1951
1942
1942
1933
1933
1933
1927
1987
1980
1906
1906
1906
1864
1904
1904
1871
1857
1864
1862
1836
1905
1830
1833
1862
1883
1832
1858
1918
1958
1875
1868
1924
1965
1988
1988
2038
2000
1977
1928
1931
1933
1982
1924
1898
1906
1917
1881
1881
1867
1879
1879
1965
2001
1977
1985
1968
1949
2015
1923
1941
1904
1938
1952
2019
2006
1962
1978
2002
1983
1983
1983
2029
1980
1981
1981
1981
1927
1972
1979
1961
1961
1928
1928
1968
1918
1942
1956
1956
1955
1951
1982
1989
1969
1862
1871
1833
1892
1936
1936
1966
1996
1997
2017
2007
2033
2042
2035
2041
2052
2041
1992
1968
1927
1955
1949
1925
1961
2107
2020
2020
2020
2100
2044
1917
1983
1990
2050
2086
2038
1997
1954
1935
1975
1962
1962
1951
1938
1918
1975
1924
1972
1996
1992
2041
2053
1975
1904
1904
1907
1914
1991
1991
1991
2013
1983
2032
2040
2040
2100
2062
2042
2031
2021
2079
2079
2079
2012
1981
1955
1919
1964
1931
1998
1937
1856
1856
1890
1993
2021
2045
2034
2166
2133
2136
2221
2221
2221
2229
2108
2108
2092
2092
2092
2132
2228
2152
2140
2140
2145
2138
2165
2145
2137
2157
2088
2043
2043
1990
2053
2098
2098
2045
2035
1997
1985
1985
2018
2034
2116
2007
1949
1977
2004
1975
1975
2006
2006
1974
2019
2047
2035
2007
2007
2007
2007
2034
1948
2092
2021
2005
2005
1972
1951
1965
2015
2015
2005
2005
2005
1965
1979
1930
2041
2026
2016
1987
1953
1950
1958
1958
1942
1918
1928
1950
1959
1978
2068
2086
2086
2032
2043
2049
2017
2048
2055
1937
1926
1954
1947
1962
2004
1990
2031
2037
2052
2013
2042
1980
1983
1983
2018
2040
1948
1924
1896
1970
1970
1970
2011
1991
1931
1969
1969
1958
1941
2016
2090
2134
1993
1993
2004
2016
2077
2077
2077
2049
2064
1959
1959
1986
2023
1999
2064
2084
1996
1996
1996
1951
1961
1994
2049
2058
2072
2088
2109
2066
2004
1974
1946
1946
1946
1943
1945
2007
1984
1984
1984
2015
1953
2061
2061
2112
2060
2063
1997
1999
2006
2006
2062
2133
2096
2128
2087
2087
2060
2024
2054
2010
2004
2006
1985
1906
1919
1898
1909
1903
1899
1942
1942
1992
1986
1982
2027
2027
2067
1939
1964
1993
1947
1950
1887
1960
1958
1958
1976
1986
1962
1971
2038
1958
1966
1977
1906
1974
2021
1996
1995
1946
1936
1936
1898
1975
1964
1983
2011
2073
1997
1987
1903
1921
1882
1889
1963
1923
1923
1923
1931
1923
1988
1974
1974
1980
1889
1844
1888
1881
1881
1845
1894
1906
2034
2034
2019
1993
1993
2009
1984
2033
2033
2116
2026
1952
1972
1983
2036
1980
1961
1914
1944
1951
1940
1940
1933
1848
1729
1838
1838
1848
1930
2027
2085
2085
2027
1993
1897
1959
1857
1837
1843
1839
1839
1839
1850
1839
1867
1874
1898
1942
1942
1943
1940
1873
1842
1852
1878
1891
1983
1959
1870
1894
1894
1948
2015
2058
2064
2013
2013
1998
1973
1955
2005
2030
2030
1991
1993
1993
2022
1992
2054
2047
2119
2113
2004
1998
1920
2000
1967
1909
1956
1986
2000
1953
1965
1965
1958
1977
1951
1945
1945
1929
1911
1953
1936
1951
1945
1945
1945
1945
1947
1958
1901
1892
1901
1902
1905
1929
1942
1942
1973
1962
2150
2152
2168
2152
2140
2119
2087
2081
2076
2087
2060
2087
2078
2078
2080
2066
2055
2117
2117
2117
2109
2146
2179
2188
2095
2095
2115
2110
2088
2114
2124
2108
2110
2080
2140
2207
2150
2070
2014
2014
1999
2012
2020
2020
1959
1991
1975
1975
2003
2022
2048
2064
2031
2042
2048
2050
2015
2092
2023
2019
1946
1946
2014
1981
1960
1902
1902
1953
1917
1928
1941
1953
1909
1909
1951
1951
1874
1895
1948
1981
2007
2007
2029
2001
1996
2029
2029
1991
1991
1991
1991
1991
1995
1961
1944
1890
1938
1957
1869
1956
1938
1938
1908
1908
1975
1974
1998
1990
1951
1951
1951
1926
1877
1988
1975
1967
2005
2068
2023
2045
2054
2013
1951
1965
1965
1965
1997
1983
1981
1970
1956
2003
2003
1982
2047
2074
2001
1932
1932
1932
1917
1898
1940
1968
1998
1968
1961
1928
1932
1932
1948
1956
1988
2051
2048
2048
2008
1983
1983
2027
1976
1976
1938
1889
1889
1918
1916
1933
1940
1940
1915
1932
1926
1926
1926
1926
1926
1913
1951
1994
1943
1984
1984
1984
1964
1852
1859
1948
1918
1918
1988
2006
1975
2002
2002
2002
2003
1984
1984
2010
2061
2061
2051
2056
2048
1968
1941
1941
1917
1925
1962
1992
2057
2108
2084
2076
2015
2008
2016
2049
1976
1986
2008
2030
2034
2034
2032
2057
2053
2053
2051
2051
2086
2086
2044
2035
1989
1944
2047
2051
2049
1950
1938
1938
1914
1914
1913
1913
1913
2047
2037
2035
1942
1907
1959
1938
1935
1935
1955
1983
2015
1999
1980
1980
1999
1999
1999
2016
1962
2003
2066
1980
2000
2005
1997
1985
1985
1985
1928
1928
1928
1928
1928
1955
1929
1929
2011
2011
2011
2015
1993
2004
2026
2026
2036
2036
2162
2042
2042
2042
2042
2110
2189
2145
2123
2072
2072
1966
2104
2066
2080
2134
2134
2096
2096
1992
1956
1956
1976
1928
1962
1988
1962
1962
1916
1880
1874
1876
1861
1820
1941
1990
1954
1951
1960
2033
2030
2030
1955
1955
1919
2017
2006
2054
2096
2096
2096
2096
2118
2118
2034
2041
2000
2000
1978
1978
1972
1953
1955
2010
2014
1986
1922
1956
1951
1951
1916
1949
1915
2069
2069
2029
1973
1935
1981
1978
1994
2029
2023
1995
2029
2035
2035
1976
1981
1976
1977
1951
1951
1938
1941
1972
1988
1953
1934
1957
1922
1931
1939
1956
1894
1937
1894
1894
1868
1968
1939
1982
1995
1995
1961
2046
2046
2013
1994
2035
2054
2048
2048
2048
2075
2095
2098
2055
2090
2090
2026
2051
2112
2122
2167
2136
2186
2075
2036
2042
2018
2027
2016
2084
2071
2074
2041
2004
2001
2025
2029
2029
2015
2092
2092
2092
2025
2025
2083
1956
1972
1972
1972
1947
1956
1927
1927
1929
1955
1882
1872
1865
1872
1908
1949
1949
1868
1868
1886
1944
2031
1986
1909
1937
1963
1989
1989
1876
1871
1911
1864
1864
1959
2098
2098
2069
2125
2091
2161
2228
2228
2202
2183
2135
2135
2135
2135
2162
2162
2124
2097
2103
2103
2197
2176
2069
2085
2093
2093
2041
2041
2049
2015
2015
1981
2001
2025
2052
2170
2127
2137
2137
2129
2185
2161
2172
2266
2250
2141
2085
2069
2069
2014
1988
1976
1976
2014
2027
2019
2019
2004
2060
2141
2123
2083
2056
2015
1994
2007
2038
2025
1970
1976
1987
1987
2026
2005
2004
2039
1983
1983
1927
1984
1958
1919
1919
1919
1926
1911
1913
1967
2064
2064
2023
1932
1993
1956
1956
1974
1977
1976
1976
1970
1999
2013
2013
1976
1976
2001
1940
1950
1961
2021
2056
2042
2035
2018
2028
2028
2038
2019
2006
2027
2097
2084
2062
2025
2036
2034
2012
2012
1929
1951
1961
2017
2021
1985
1896
1947
1987
2009
2036
2001
1967
1967
1951
1956
1991
2031
2085
2035
2050
2006
1936
1979
1954
2026
2018
2025
1950
1989
1989
1989
1969
1954
1935
1991
2001
1940
1929
1901
1923
1901
1945
1948
2003
1973
1973
1973
1973
1984
2000
2020
2051
2047
1981
2031
1965
1959
1987
1997
1997
2007
2007
1974
1974
1874
1887
1886
1839
1839
1858
1831
1831
1835
1902
1897
1897
1886
1886
1886
1886
1942
1942
1942
1926
1882
1898
1898
1922
2000
2000
1993
2024
2003
1970
1953
1951
1951
2061
2084
2079
2084
2024
2041
1909
1927
1927
2060
2060
2052
2050
2003
2040
2059
2044
2052
2072
2080
2063
2050
2080
2091
2030
2094
2102
2103
2096
2052
2067
2067
2055
1970
1932
1928
1950
2017
2066
1953
1984
2000
2039
2020
2060
2062
2155
2155
2114
2013
2013
1985
1972
1961
1961
1961
2002
1987
1966
2030
2036
2110
2050
2004
2056
2040
1984
1983
1983
1983
2044
2044
2075
2044
2044
2079
2079
2079
2008
1981
2001
2001
2004
2014
2008
2008
2007
2006
2000
2034
2050
2050
2050
2020
2037
2037
2112
2132
2122
2105
2077
2047
2056
2056
2056
2056
2056
2003
2059
2024
2024
2073
2065
2030
2005
2032
1994
2012
2054
2099
2021
2040
2070
2007
2002
2002
1937
1937
1944
1936
1917
2012
1976
1980
2083
2107
2053
2017
2052
2035
2018
2020
2025
2075
2067
2081
2060
2034
2084
2084
2003
1985
1985
1823
1845
1877
1925
1951
1951
1951
1939
1954
1954
1954
1916
1876
1876
1876
1955
1902
1902
1892
1886
1886
1893
1893
1960
1970
1970
1970
1957
1956
1956
1902
1902
1957
1978
2087
2015
2015
2009
2009
2009
2009
1980
1973
1973
1968
1880
1880
1880
1817
1886
1873
2003
2003
1934
2005
2041
2013
2048
2067
2009
2009
2034
2004
2004
1946
1939
1958
1954
1928
1928
1969
1997
2041
2111
2041
2019
1963
1963
1923
2009
2077
2012
1944
1944
1883
2039
2052
2123
2072
2025
2025
2037
1993
2016
2016
1903
1903
1994
2034
2014
2078
2032
2025
2025
2001
2001
2089
2113
2113
2155
2157
2157
2161
2153
2153
2120
2028
2028
2028
2000
2055
2044
2044
2004
1921
1921
1921
1921
1921
1961
1969
1982
1982
2042
1994
1994
1969
1954
1944
1968
2084
1962
1981
1981
1981
1959
1900
1904
1910
1910
1914
1914
1914
1959
2003
1991
1988
1991
2045
1976
1963
2030
2030
2030
1908
1977
1938
1944
1944
1906
1906
1856
1917
1879
1954
1937
1957
1966
1990
1962
1990
1937
1941
2017
2017
2009
2009
1975
1939
2012
2016
1977
1996
2054
1996
1996
2005
2006
2025
2051
2007
2003
2003
1993
1978
1984
2002
1948
2003
1999
2027
2071
2043
2089
2063
2011
2010
2010
2027
1988
1961
1915
1915
1997
1983
2024
1987
1936
1936
1906
1906
1985
1963
1965
1946
1929
1929
1957
1909
1940
2025
2023
2036
2036
2035
2027
1985
1933
1978
1968
2011
2011
1984
1967
1983
1993
1993
1996
2013
2067
2067
2024
2024
2006
1948
1991
1991
1997
1978
1985
1985
1940
1940
1968
1928
1830
1792
1791
1806
1806
1724
1724
1724
1790
1790
1821
1844
1873
1868
1858
1858
1851
1920
1916
1916
1851
1854
1890
1890
1890
1890
1890
1877
1962
2037
2037
1990
1971
1971
1971
1966
1995
1960
1959
1950
1947
2000
2000
1959
1992
1913
1965
1959
1972
1972
1982
2021
1986
1986
2020
2002
1924
1952
2024
1989
2007
2007
2007
2040
2041
1979
1999
2021
1976
1977
2009
2019
1981
1981
1960
2056
2044
2044
2044
1996
1996
2068
2042
2039
2025
2048
2019
1999
1999
2012
1939
2013
2013
1940
1949
2001
2001
2045
1976
1928
1924
1924
1924
1870
1870
1870
1882
1882
1902
1901
1892
1849
1894
1894
1936
1953
2009
2009
2009
1946
1946
1938
1938
1969
2018
1996
1996
1967
1967
1959
1971
2015
2021
2021
2015
1979
1979
1954
1954
1956
1974
1946
2044
1936
1973
1973
1889
1973
1973
2002
1891
1847
1865
1895
1868
1922
1904
1965
1987
1987
1987
2023
1936
1959
1959
2017
2028
2056
2013
1987
1957
1944
1947
1939
1910
1863
1924
1916
1916
1916
1918
1918
1980
1980
1897
1978
2048
2070
2070
2084
2005
1993
1975
2041
2026
2009
2009
1923
1873
1873
1873
1873
1893
1893
1893
1896
1873
1896
1899
1899
1899
1877
1932
1912
1990
1990
1990
1940
1940
1902
1930
2002
2009
1999
1973
1973
1973
1994
1997
1998
2020
2020
2014
1966
1998
1948
1915
1915
1974
1967
1880
1880
1880
1933
1930
1930
2006
1946
1955
1933
1933
1987
1970
1951
1951
1950
1950
1958
2004
2004
2004
1984
2007
1999
1999
1999
1983
1983
2024
1981
1920
1926
1926
1926
1926
1926
1926
1924
1918
1908
1903
1903
1935
1880
1880
1869
1927
1927
2066
2135
2117
2141
2141
2078
2088
2102
2021
1999
2038
2014
2113
2113
2113
2113
2113
2105
2057
2018
2018
2018
2035
2023
2023
2022
2005
2030
2033
2102
2067
1998
2061
1979
1967
1967
1967
1970
1970
1970
1970
1970
1867
1883
1883
1868
1868
1906
1868
1990
1958
1958
1958
1918
1984
2032
2001
2041
1942
1942
1919
1913
1917
1931
1931
1912
1835
1835
1835
1950
1993
1928
1928
2011
1980
2009
2033
1845
1845
1845
1845
1900
1916
1916
1916
1956
2013
2013
2013
2013
1963
2002
2002
1952
1963
1902
1902
1958
1922
1929
1929
1881
1881
1881
1881
1871
1822
1822
1851
1846
1878
1878
1862
1859
1891
1880
1945
1949
1949
1984
1997
1946
1902
1920
1910
1992
2009
2017
2008
2008
1946
1925
1916
1940
1995
2021
2064
1940
1940
1917
1917
1873
1889
1884
1961
1910
1874
1874
1874
1943
2042
2008
1985
1913
1913
1876
1876
1951
1951
1965
1933
1856
1825
1825
1850
1842
1839
1816
1816
1837
1889
1891
1891
1932
1932
1932
1932
1932
1932
1932
1932
1950
1957
1954
1990
1952
1952
1954
1998
2104
2077
2016
1972
1972
1972
1994
1924
1948
1995
1958
1977
1948
1980
1990
2021
2003
1946
2066
2059
2026
2014
2030
2007
1972
1959
1980
1960
1960
1916
1916
1916
1916
1916
1887
1887
1887
1887
1890
1935
1870
1846
1890
1890
1908
1897
1878
1878
1878
1894
1892
1892
1892
1940
1909
1909
1925
1925
1925
1923
1923
1900
1900
1900
1897
1886
1924
1930
1941
2015
2015
2048
2051
2051
2039
2108
2108
2105
2106
2079
2108
2108
2037
2037
2039
2039
2037
2056
2069
2100
2046
2065
1994
1956
1956
1927
1918
1984
1984
1975
1954
1917
1896
1874
1874
1874
1874
1874
1878
1878
1917
1920
1920
1903
1927
1927
1939
1954
1954
1935
1939
1933
1933
1992
1992
2020
2022
2006
2010
2010
1907
1907
1978
1978
1978
1978
1975
2029
1954
1976
1968
1968
1946
1991
1991
1967
1964
1971
1933
1933
1963
1933
1936
1936
1869
1869
1839
1839
1839
1890
1890
1890
1890
1890
1912
1886
1901
1901
1815
1815
1837
1846
1833
1814
1814
1814
1836
1836
1904
1914
1923
1972
2000
1950
1883
1883
1864
1865
1861
1861
1871
1871
1871
1855
1843
1844
1844
1839
1839
1839
1839
1866
1866
1879
1899
1984
1996
1996
2146
2075
2091
2021
2011
2011
2051
2048
2088
2022
2022
2022
2022
2008
2008
2008
2008
2005
1905
1905
1905
1905
1941
1978
1978
1978
1956
1956
2010
1990
1944
1979
1968
1968
1952
1942
1960
2061
2069
2069
1981
1993
2014
2001
2001
1992
1977
1974
1953
1961
1966
1939
1943
1950
1962
1946
1917
1873
1864
1864
1864
1864
1847
1893
1893
1893
1893
1866
1866
1849
1845
1960
1926
1926
1889
1889
1862
1862
1862
1862
1862
1808
1854
1794
1855
1856
1832
1942
1942
1939
1864
1877
1877
1888
1836
1901
1901
1910
1891
1891
1891
1891
1885
1885
1888
1888
1930
1930
1930
1930
1908
1904
1959
1959
1959
1959
1959
1963
2018
2018
2018
1947
1947
1929
1929
1884
1893
1906
1906
1849
1913
1994
1994
1899
1899
1907
1907
1916
1937
1917
1912
1912
1912
1971
1971
1987
1971
1971
1947
1969
1970
1970
1945
1945
1945
1953
1958
1972
1927
1918
1983
1942
1942
1945
1912
1892
1892
1892
1876
1897
1932
1985
1973
1965
1965
1950
1943
1943
1967
1975
1975
1975
1974
1984
2057
2057
2006
2000
2007
2007
2007
1988
1948
1948
1928
1929
1929
1900
1900
1899
1899
1899
1899
1929
1929
1929
1893
1893
1844
1844
1830
1813
1813
1846
1875
1849
1870
1870
1864
1864
1888
1885
1885
1885
1968
2004
1925
1882
1882
1912
1912
1906
1878
1940
1940
1908
1908
1908
1924
1885
1885
1920
1869
1867
1867
1867
1884
1884
1988
1963
1956
1943
1943
1893
1921
1921
1945
1996
1980
1937
1966
1966
1966
1995
1995
1995
1848
1863
1869
1897
1897
1914
1926
1926
1966
1940
1941
1941
1941
1999
1959
1959
1959
1985
1985
1962
1861
1893
1908
1947
1907
1910
1907
1907
1887
1965
1956
1956
1956
1935
1959
1959
2000
1991
1991
1991
1932
1965
1980
1999
1956
1956
1941
1970
1970
1970
1970
1970
1944
1944
1944
1951
1941
1990
1990
1959
1959
1959
1976
1959
1918
1933
1877
1911
1911
1904
1913
1904
1943
1943
1922
1960
1960
1960
1994
1994
1962
1950
1960
1976
1979
1979
1979
1979
1979
1994
1994
2022
2009
1970
1989
1989
1963
1975
1983
1983
1983
1923
1946
1921
1940
1940
1919
1943
1951
1949
1886
1886
1951
1901
1901
1933
1934
1934
1934
1934
1954
1981
1977
1960
1960
1976
1971
1946
1987
1919
1919
1913
1897
1941
1941
1941
1891
1896
1900
1900
1813
1842
1842
1842
1842
1842
1842
1854
1911
1945
1945
1945
1945
1959
2010
1991
2003
2034
2034
2034
2041
2041
2010
2010
2010
1990
1990
2026
2026
1979
1979
1982
1999
1999
1999
1999
1999
1982
2001
2001
2001
2001
1984
1997
1982
1982
1894
1894
1837
1835
1825
1825
1825
1833
1872
1872
1877
1874
1874
1881
1881
1837
1837
1831
1831
1831
1810
1810
1810
1817
1817
1861
1862
1862
1862
1850
1850
1908
1908
1908
1946
1909
1901
1885
1865
1865
1870
1890
1923
1923
1923
1923
1934
1934
1934
1899
1910
1862
1862
1862
1862
1866
1866
1866
1872
1872
1874
1874
1866
1866
1866
1860
1857
1857
1925
1925
1843
1843
1831
1831
1831
1831
1906
1906
1888
1864
1864
1877
1887
1887
1887
1887
1887
1871
1871
1926
1942
1942
1942
1854
1854
1854
1854
1854
1857
1857
1834
1911
1911
1906
1923
1923
1923
1932
1933
1935
1892
1864
1851
1851
1851
1853
1856
1856
1852
1820
1820
1820
1820
1820
1820
1808
1808
1808
1794
1794
1794
1741
1741
1755
1755
1755
1755
1779
1779
1779
1779
1779
1798
1787
1840
1879
1836
1836
1836
1863
1865
1880
1911
1911
1911
1911
1911
1911
1939
1939
1907
1906
1820
1864
1819
1819
1819
1845
1846
1846
1831
1843
1831
1804
1804
1809
1809
1844
1844
1844
1852
1852
1852
1825
1825
1825
1838
1838
1926
1926
1838
1865
1810
1887
1887
1887
1890
1890
1884
1884
1884
1887
1902
1949
1949
1988
2012
2012
1973
1958
1996
1996
1996
1981
1981
1979
1937
1937
1923
1893
1910
2005
2005
1955
1986
1986
1984
1984
1961
1985
1985
1966
1966
1958
1970
1970
1975
1975
1976
1976
1976
1980
1978
1963
1979
1978
1990
1990
1990
1982
1973
1956
1956
1986
1927
1927
1927
1936
1901
1912
1812
1812
1812
1781
1781
1892
1892
1860
1860
1860
1876
1882
1882
1882
1882
1882
1884
1884
1897
1942
1897
1914
1914
1934
1907
1935
1931
1931
1931
1931
1931
1921
1944
1919
1945
1945
1943
1943
1943
1943
1943
1943
1905
1905
1892
1892
1862
1881
1870
1906
1910
1969
1998
2044
1913
1898
1898
1898
1851
1851
1874
1923
1883
1883
1882
1882
1882
1830
1830
1864
1864
1890
1876
1876
1876
1876
1861
1848
1848
1848
1848
1775
1846
1864
1880
1880
1928
1928
1866
1866
1881
1881
1880
1873
1869
1920
1919
1914
1912
1890
1900
1900
1893
1893
1893
1893
1893
1893
1893
1893
1893
1913
1903
1903
1901
1952
1890
1877
1875
1875
1851
1894
1891
1891
1903
1847
1847
1847
1832
1851
1851
1851
1851
1851
1869
1941
1969
1964
1904
1904
1942
1903
1854
1813
1813
1813
1839
1839
1839
1839
1873
1890
1879
1879
1879
1879
1828
1828
1924
1906
1906
1887
1873
1885
1863
1863
1847
1920
1907
1900
1930
1930
1907
1907
1903
1900
1961
1975
1987
2036
2036
2028
2028
2055
2055
2055
2055
1986
1895
1904
1904
1845
1816
1816
1816
1816
1829
1829
1829
1814
1814
1814
1831
1833
1808
1801
1804
1804
1828
1828
1828
1828
1828
1828
1828
1828
1828
1828
1846
1835
1874
1835
1844
1800
1800
1800
1800
1800
1833
1859
1885
1877
1877
1877
1838
1838
1838
1842
1856
1861
1861
1887
1887
1891
1891
1904
1904
1892
1917
1899
1934
1934
1933
1947
1959
1943
1945
1976
2034
2034
1960
1934
1919
1919
1919
1862
1862
1848
1873
1873
1882
1853
1853
1853
1853
1853
1895
1895
1895
1895
1895
1809
1809
1805
1811
1811
1866
1866
1801
1809
1838
1841
1896
1896
1896
1896
1896
1849
1870
1870
1895
1896
1870
1870
1870
1870
1870
1870
1870
1854
1896
1896
1904
1904
1944
1944
1917
1917
1918
1916
1916
1972
1913
1913
1960
1960
1960
1938
1910
1872
1893
1893
1895
1895
1830
1855
1879
1875
1875
1875
1875
1875
1875
1895
1890
1866
1866
1809
1809
1809
1809
1880
1880
1858
1858
1825
1825
1828
1864
1864
1943
1972
1906
1912
1912
1912
1910
1973
1969
1969
1969
2020
2020
1996
1996
2014
2014
2014
2014
2014
1998
1998
2037
2065
2008
1998
1998
2015
2015
1953
1953
1943
1963
1967
1967
1984
1994
2001
1983
1970
1970
1970
1946
1998
1968
1966
1966
1966
2032
2071
2014
2024
2024
2024
2007
1973
1971
1946
1916
1916
1916
1916
1964
1980
1981
1968
1949
1916
1916
1859
1859
1859
1811
1811
1811
1811
1811
1811
1811
1811
1811
1865
1865
1851
1851
1851
1851
1851
1851
1851
1851
1898
1898
1898
1896
1846
1846
1846
1846
1848
1848
1848
1848
1848
1862
1862
1816
1816
1820
1805
1805
1805
1868
1870
1870
1870
1870
1870
1870
1878
1878
1878
1878
1887
1887
1887
1887
1887
1887
1887
1895
1895
1895
1888
1905
1852
1906
1906
1906
1926
1926
1916
1916
1916
1916
1916
1820
1820
1820
1820
1865
1865
1865
1861
1861
1836
1836
1836
1836
1836
1836
1836
1847
1869
1869
1869
1854
1854
1854
1854
1838
1879
1876
1876
1879
1879
1933
1933
1888
1897
1855
1855
1882
1882
1853
1853
1853
1853
1834
1834
1834
1834
1834
1866
1866
1866
1869
1869
1874
1874
1874
1892
1953
1959
1978
1988
1988
1988
1934
1934
1934
1934
1989
1989
1989
1971
1971
1971
1971
2019
2060
2072
2072
2070
2070
2070
2070
2043
2043
2029
2064
2064
1989
1958
1974
1980
1980
1986
1986
1975
2018
2018
2029
2016
2016
2016
2027
2027
2027
1997
1997
1997
1997
2027
1975
1989
1970
1922
1922
1922
1922
1922
1922
1910
1910
1910
1910
1910
1910
1910
1920
1920
1920
1916
1911
1911
1900
1878
1909
1924
1876
1876
1876
1876
1876
1884
1884
1904
1904
1904
1904
1949
1908
1906
1896
1896
1896
1896
1896
1896
1904
1908
1888
1886
1886
1842
1841
1841
1841
1851
1851
1851
1882
1874
1874
1874
1859
1859
1859
1925
1887
1887
1887
1896
1874
1874
1874
1882
1838
1887
1896
1894
1869
1869
1861
1861
1919
1919
1972
1972
1979
1927
1927
1927
1927
1924
1924
1952
1952
1919
1919
1847
1847
1847
1847
1847
1847
1847
1847
1847
1881
1866
1866
1866
1866
1866
1836
1836
1836
1800
1769
1769
1793
1791
1791
1791
1815
1815
1815
1815
1820
1820
1820
1820
1820
1820
1820
1820
1820
1820
1810
1810
1810
1810
1832
1813
1813
1813
1813
1813
1786
1786
1786
1786
1832
1832
1832
1832
1832
1832
1832
1832
1832
1816
1816
1832
1793
1793
1793
1780
1780
1780
1786
1783
1791
1791
1791
1787
1787
1787
1787
1787
1787
1806
1836
1836
1821
1821
1821
1828
1819
1878
1878
1898
1869
1869
1869
1849
1849
1799
1799
1796
1796
1796
1796
1796
1796
1828
1828
1835
1835
1835
1835
1889
1817
1817
1817
1817
1793
1830
1830
1828
1841
1864
1900
1900
1900
1900
1900
1897
1875
1875
1875
1875
1865
1865
1871
1871
1871
1871
1871
1864
1864
1864
1864
1852
1852
1852
1870
1845
1845
1845
1875
1875
1875
1947
1970
1970
1970
1970
1936
1936
1975
1970
1954
1906
1906
1868
1855
1873
1873
1873
1873
1873
1873
1900
1889
1889
1909
1902
1834
1848
1848
1886
1944
1944
1940
1881
1833
1833
1843
1843
1843
1843
1843
1843
1843
1850
1898
1910
1915
1905
1905
1905
1874
1874
1854
1994
1978
1969
1910
1901
1870
1870
1870
1823
1858
1861
1861
1849
1836
1836
1836
1878
1857
1849
1826
1826
1826
1826
1827
1820
1820
1820
1820
1831
1844
1844
1844
1862
1857
1834
1823
1823
1823
1823
1823
1823
1823
1823
1823
1823
1823
1823
1823
1823
1823
1823
1796
1796
1796
1796
1796
1803
1803
1803
1803
1803
1804
1804
1804
1804
1804
1804
1804
1804
1804
1804
1804
1804
1869
1810
1810
1810
1810
1813
1813
1813
1813
1820
1820
1807
1824
1824
1824
1814
1814
1814
1814
1814
1817
1876
1876
1843
1863
1899
1917
1901
1807
1803
1803
1803
1803
1803
1807
1807
1816
1816
1816
1816
1816
1816
1816
1816
1816
1816
1854
1854
1854
1824
1824
1824
1824
1820
1829
1814
1814
1814
1814
1814
1814
1814
1799
1799
1838
1838
1826
1812
1799
1799
1799
1799
1774
1774
1787
1780
1780
1780
1780
1780
1780
1790
1792
1792
1792
1792
1792
1770
1770
1770
1770
1770
1770
1813
1814
1834
1849
1845
1845
1838
1838
1831
1831
1817
1798
1798
1798
1805
1805
1805
1805
1805
1805
1800
1800
1800
1800
1808
1808
1808
1808
1809
1810
1810
1791
1791
1791
1788
1788
1788
1788
1788
1797
1797
1797
1797
1797
1797
1797
1797
1797
1797
1797
1797
1801
1801
1801
1801
1797
1815
1815
1815
1815
1815
1795
1795
1795
1798
1798
1798
1782
1782
1770
1796
1796
1796
1796
1796
1796
1809
1809
1809
1809
1809
1780
1780
1780
1780
1750
1757
1747
1747
1747
1747
1747
1747
1786
1786
1786
1786
1786
1776
1776
1798
1819
1832
1812
1789
1772
1772
1742
1744
1786
1735
1735
1735
1735
1735
1735
1735
1735
1743
1743
1743
1743
1743
1743
1743
1743
1743
1752
1752
1752
1752
1752
1752
1752
1752
1752
1752
1752
1752
1752
1752
1752
1752
1752
1752
1733
1733
1718
1718
1718
1739
1739
1739
1739
1739
1739
1739
1739
1739
1739
1739
1736
1736
1736
1736
1736
1736
1729
1729
1729
1772
1778
1778
1778
1778
1778
1778
1778
1784
1781
1784
1790
1787
1787
1787
1787
1787
1787
1779
1779
1776
1776
1802
1802
1802
1797
1797
1780
1777
1777
1781
1847
1822
1822
1822
1822
1822
1822
1822
1822
1801
1792
1792
1792
1758
1758
1758
1758
1758
1758
1758
1802
1799
1799
1799
1797
1797
1797
1797
1797
1797
1797
1798
1806
1806
1802
1802
1802
1802
1802
1804
1804
1820
1820
1799
1775
1778
1778
1778
1778
1778
1778
1778
1778
1778
1778
1778
1774
1774
1774
1774
1774
1775
1775
1775
1783
1783
1783
1783
1760
1760
1760
1764
1764
1764
1764
1764
1764
1764
1764
1764
1764
1764
1764
1760
1760
1760
1760
1760
1758
1758
1758
1758
1758
1758
1758
1758
1758
1758
1758
1769
1769
1769
1769
1769
1769
1769
1769
1769
1769
1769
1769
1769
1769
1769
1769
1769
1769
1837
1837
1837
1814
1769
1769
1769
1769
1769
1769
1769
1769
1769
1769
1770
1791
1815
1815
1815
1815
1815
1789
1789
1789
1783
1799
1799
1799
1803
1803
1803
1803
1788
1788
1788
1788
1788
1779
1809
1809
1809
1788
1788
1788
1788
1788
1788
1788
1790
1790
1790
1825
1825
1825
1825
1825
1821
1823
1823
1822
1822
1822
1816
1816
1816
1813
1811
1811
1811
1793
1793
1793
1777
1777
1777
1777
1777
1768
1768
1768
1768
1768
1768
1778
1743
1743
1743
1743
1743
1743
1760
1760
1760
1760
1760
1760
1760
1760
1759
1759
1743
1743
1685
1685
1685
1680
1680
1680
1680
1685
1685
1685
1685
1685
1685
1685
1685
1685
1712
1712
1712
1712
1712
1712
1712
1712
1712
1712
1697
1697
1697
1697
1697
1697
1710
1710
1710
1710
1710
1710
1710
1710
1710
1709
1709
1709
1709
1709
1708
1708
1708
1708
1708
1708
1708
1708
1708
1708
1708
1708
1708
1708
1708
1708
1708
1708
1708
1708
1708
1708
1708
1708
1708
1708
1708
1708
1708
1708
1708
1708
1708
1708
1708
1708
1718
1718
1718
1718
1718
1718
1718
1713
1713
1710
1710
1710
1710
1710
1740
1707
1707
1707
1707
1707
1707
1707
1707
1707
1707
1706
1706
1706
1706
1706
1706
1706
1706
1706
1710
1737
1737
1740
1740
1739
1747
1747
1747
1747
1747
1747
1747
1748
1748
1753
1753
1753
1753
1753
1767
1767
1767
1767
1767
1767
1767
1767
1767
1767
1767
1767
1763
1763
1763
1763
1763
1763
1763
1763
1763
1763
1763
1763
1763
1767
1767
1742
1742
1725
1725
1712
1712
1712
1712
1712
1712
1730
1712
1712
1712
1712
1711
1711
1711
1711
1711
1711
1711
1711
1711
1711
1711
1711
1656
1656
1656
1656
1667
1667
1667
1667
1667
1667
1667
1667
1667
1667
1667
1667
1667
1667
1667
1667
1667
1667
1667
1658
1658
1658
1658
1705
1705
1705
1705
1705
1705
1705
1705
1705
1705
1705
1705
1705
1705
1705
1705
1705
1705
1705
1705
1705
1705
1705
1705
1705
1705
1705
1705
1705
1705
1705
1705
1705
1705
1705
1705
1705
1705
1705
1705
1705
1705
1705
1705
1705
1705
1705
1697
1697
1726
1719
1714
1721
1721
1721
1721
1721
1712
1712
1712
1712
1712
1712
1712
1709
1709
1709
1709
1709
1709
1709
1709
1709
1709
1713
1713
1713
1713
1713
1713
1713
1713
1716
1716
1716
1716
1743
1743
1743
1743
1743
1743
1743
1743
1743
1743
1743
1743
1734
1734
1734
1734
1734
1734
1734
1734
1734
1734
1734
1734
1734
1734
1734
1730
1730
1730
1730
1730
1730
1730
1730
1724
1724
1730
1723
1723
1723
1739
1739
1740
1740
1740
1740
1736
1736
1736
1736
1736
1736
1736
1736
1736
1736
1736
1718
1718
1718
1718
1718
1718
1718
1718
1718
1718
1718
1720
1720
1720
1720
1733
1733
1724
1710
1733
1733
1716
1716
1716
1716
1716
1716
1716
1716
1716
1716
1716
1716
1716
1716
1716
1716
1716
1716
1716
1716
1716
1716
1716
1716
1716
1716
1716
1716
1716
1716
1716
1716
1716
1716
1716
1693
1693
1693
1693
1693
1693
1688
1688
1688
1688
1688
1688
1688
1688
1688
1688
1688
1688
1688
1685
1668
1668
1668
1668
1668
1668
1668
1668
1668
1668
1668
1668
1683
1683
1683
1683
1683
1683
1683
1683
1683
1683
1683
1683
1683
1651
1651
1651
1651
1651
1651
1651
1651
1651
1651
1651
1651
1657
1657
1657
1655
1663
1663
1663
1663
1663
1663
1663
1663
1663
1663
1663
1663
1663
1663
1663
1663
1663
1663
1663
1663
1663
1663
1663
1663
1663
1667
1667
1667
1667
1667
1667
1667
1667
1668
1668
1668
1668
1668
1668
1668
1668
1668
1668
1654
1654
1654
1654
1654
1654
1654
1654
1654
1654
1654
1654
1654
1654
1656
1652
1658
1658
1658
1663
1663
1663
1663
1663
1663
1663
1663
1663
1663
1663
1663
1663
1663
1663
1663
1663
1663
1681
1665
1665
1665
1665
1665
1665
1665
1665
1665
1665
1665
1665
1665
1665
1665
1665
1665
1665
1665
1665
1665
1665
1665
1665
1691
1691
1691
1691
1691
1691
1690
1690
1690
1690
1690
1690
1690
1690
1690
1690
1690
1690
1690
1690
1690
1690
1690
1690
1690
1690
1690
1690
1690
1690
1690
1690
1690
1690
1690
1690
1690
1690
1690
1690
1690
1690
1690
1690
1690
1690
1690
1690
1690
1690
1685
1685
1685
1685
1685
1685
1685
1685
1685
1685
1685
1690
1725
1725
1725
1725
1725
1725
1725
1725
1725
1725
1725
1725
1725
1713
1713
1713
1713
1713
1713
1726
1726
1726
1726
1726
1726
1713
1713
1712
1712
1712
1712
1699
1699
1699
1699
1699
1699
1727
1727
1727
1722
1722
1722
1722
1722
1722
1722
1722
1722
1722
1722
1706
1708
1708
1708
1723
1691
1691
1681
1681
1681
1681
1681
1681
1681
1681
1681
1681
1681
1681
1681
1681
1681
1681
1681
1681
1681
1681
1681
1681
1681
1664
1664
1664
1664
1664
1671
1671
1671
1671
1671
1671
1671
1671
1671
1671
1671
1671
1671
1671
1671
1671
1671
1671
1671
1671
1671
1671
1671
1671
1671
1671
1671
1671
1671
1671
1632
1632
1632
1632
1632
1632
1632
1632
1632
1632
1632
1632
1632
1632
1632
1632
1632
1632
1632
1632
1632
1632
1632
1632
1632
1632
1632
1632
1632
1632
1632
1632
1632
1632
1632
1632
1632
1632
1632
1641
1641
1641
1641
1641
1641
1632
1633
1633
1633
1633
1633
1633
1633
1633
1633
1633
1633
1633
1633
1633
1633
1633
1633
1633
1633
1633
1633
1633
1633
1633
1633
1633
1633
1633
1633
1633
1633
1633
1633
1633
1633
1633
1633
1633
1633
1633
1633
1633
1633
1633
1633
1633
1633
1633
1633
1633
1633
1633
1633
1633
1633
1633
1633
1633
1633
1633
1633
1633
1633
1633
1633
1633
1633
1633
1633
1633
1633
1633
1645
1644
1644
1644
1644
1647
1647
1647
1647
1652
1652
1652
1652
1652
1652
1652
1652
1652
1652
1652
1652
1652
1652
1652
1646
1646
1673
1673
1673
1672
1672
1672
1672
1675
1675
1675
1675
1675
1675
1675
1675
1675
1675
1675
1675
1675
1675
1675
1675
1675
1675
1675
1675
1675
1675
1675
1675
1675
1675
1675
1675
1675
1675
1675
1675
1675
1675
1675
1675
1675
1675
1675
1675
1657
1657
1657
1657
1657
1657
1657
1657
1657
1646
1646
1646
1646
1646
1646
1646
1646
1646
1646
1649
1649
1649
1649
1649
1649
1649
1649
1649
1646
1646
1646
1646
1646
1646
1646
1646
1646
1646
1646
1646
1646
1646
1646
1646
1646
1646
1646
1646
1646
1646
1646
1646
1646
1646
1646
1646
1646
1646
1646
1646
1646
1646
1646
1646
1646
1646
1646
1646
1646
1646
1646
1646
1646
1646
1646
1646
1646
1646
1646
1646
1646
1646
1646
1646
1646
1646
1646
1646
1646
1646
1646
1646
1646
1646
1646
1646
1646
1646
1646
1646
1646
1646
1646
1646
1661
1661
1668
1668
1668
1668
1668
1668
1668
1668
1668
1668
1668
1668
1668
1668
1668
1668
1668
1672
1672
1672
1672
1672
1672
1672
1672
1672
1672
1672
1672
1672
1672
1672
1672
1672
1672
1672
1672
1672
1672
1672
1672
1672
1672
1672
1672
1672
1672
1672
1672
1672
1672
1672
1672
1672
1672
1670
1670
1670
1670
1670
1670
1670
1670
1670
1656
1656
1656
1656
1656
1656
1656
1656
1656
1656
1656
1656
1656
1643
1643
1643
1643
1643
1643
1643
1639
1639
1639
1639
1639
1639
1639
1639
1639
1639
1639
1639
1639
1639
1639
1639
1639
1639
1639
1639
1639
1639
1639
1639
1639
1639
1639
1639
1639
1639
1639
1639
1639
1639
1639
1639
1639
1639
1639
1639
1639
1639
1639
1639
1639
1639
1639
1639
1639
1639
1639
1639
1639
1639
1639
1639
1639
1639
1639
1639
1639
1639
1639
1639
1639
1639
1639
1639
1639
1639
1639
1639
1639
1639
1639
1639
1639
1639
1639
1639
1639
1639
1639
1639
1639
1639
1639
1639
1639
1639
1639
1639
1639
1639
1639
1639
1639
1639
1639
1639
1639
1639
1639
1639
1639
1639
1639
1639
1639
1639
1639
1639
1639
1639
1639
1639
1639
1639
1639
1639
1639
1639
1639
1639
1636
1636
1636
1636
1636
1636
1636
1636
1636
1636
1636
1636
1636
1636
1636
1636
1636
1636
1636
1636
1636
1636
1636
1636
1636
1636
1636
1636
1636
1636
1636
1636
1640
1640
1640
1640
1640
1640
1640
1640
1640
1640
1640
1640
1640
1640
1640
1640
1640
1640
1640
1640
1640
1640
1640
1640
1640
1640
1640
1640
1640
1621
1621
1621
1621
1621
1621
1621
1621
1621
1621
1621
1621
1621
1621
1621
1621
1621
1621
1621
1621
1621
1621
1621
1621
1621
1621
1621
1621
1621
1621
1621
1621
1621
1621
1621
1621
1621
1621
1621
1621
1621
1621
1621
1621
1621
1621
1621
1621
1621
1621
1621
1621
1621
1621
1621
1621
1621
1621
1621
1621
1621
1621
1621
1621
1621
1621
1621
1621
1621
1621
1622
1622
1622
1622
1622
1622
1622
1622
1622
1622
1622
1622
1622
1622
1622
1622
1622
1622
1622
1622
1622
1622
1622
1622
1622
1622
1622
1622
1622
1622
1622
1622
1622
1621
1621
1621
1621
1621
1621
1621
1621
1621
1621
1621
1621
1621
1621
1621
1621
1621
1621
1621
1621
1621
1621
1621
1621
1621
1621
1621
1621
1621
1621
1621
1621
1621
1621
1621
1621
1621
1621
1621
1621
1621
1621
1621
1621
1621
1621
1621
1621
1621
1621
1621
1621
1621
1621
1621
1621
1621
1621
1621
1621
1621
1621
1621
1621
1621
1621
1621
1621
1621
1621
1621
1621
1621
1621
1621
1621
1621
1621
1621
1621
1621
1621
1621
1621
1621
1621
1621
1621
1621
1621
1621
1621
1621
1621
1621
1621
1621
1621
1621
1621
1621
1621
1621
1621
1621
1621
1621
1621
1621
1621
1621
1621
1621
1621
1621
1621
1621
1621
1621
1621
1621
1621
1621
1621
1621
1621
1621
1621
1621
1621
1621
1621
1621
1621
1621
1621
1621
1621
1621
1621
1621
1623
1623
1623
1623
1623
1623
1623
1623
1623
1623
1623
1623
1623
1623
1623
1623
1623
1623
1623
1623
1623
1623
1623
1623
1623
1623
1623
1623
1623
1623
1623
1623
1623
1623
1623
1623
1623
1623
1623
1623
1623
1623
1623
1623
1623
1623
1623
1623
1623
1623
1623
1623
1623
1623
1623
1623
1623
1623
1623
1623
1621
1621
1621
1621
1621
1621
1621
1621
1621
1621
1621
1621
1621
1621
1621
1621
1621
1621
1621
1621
1621
1621
1621
1621
1621
1621
1621
1621
1621
1621
1621
1621
1621
1621
1621
1621
1621
1621
1621
1621
1621
1621
1621
1621
1621
1621
1621
1621
1621
1621
1621
1621
1621
1621
1621
1621
1621
1621
1621
1621
1621
1621
1621
1621
1621
1621
1621
1621
1621
1621
1621
1621
1621
1621
1621
1621
1621
1621
1621
1621
1621
1621
1621
1621
1621
1621
1621
1621
1621
1621
1621
1621
1621
1621
1621
1621
1621
1621
1621
1621
1621
1621
1621
1621
1621
1621
1621
1621
1621
1621
1621
1621
1621
1621
1621
1621
1621
1621
1621
1621
1621
1621
1621
1621
1621
1621
1621
1621
1621
1621
1621
1621
1621
1621
1621
1621
1621
1621
1621
1621
1621
1621
1621
1621
1621
1621
1621
1621
1621
1621
1621
1621
1621
1621
1621
1621
1621
1621
1621
1621
1621
1621
1621
1621
1621
1621
1621
1621
1621
1621
1621
1621
1621
1621
1621
1621
1621
1621
1621
1621
1621
1621
1621
1621
1624
1624
1624
1624
1621
1621
1621
1621
1621
1621
1621
1621
1621
1621
1621
1621
1621
1621
1621
1621
1621
1621
1621
1621
1621
1621
1621
1621
1621
1621
1621
1621
1621
1621
1621
1621
1621
1621
1621
1621
1621
1621
1621
1621
1621
1621
1621
1621
1621
1621
1621
1621
1621
1621
1621
1621
1621
1621
1621
1621
1621
1621
1621
1621
1621
1621
1621
1621
1621
1621
1621
1621
1621
1621
1621
1621
1621
1621
1621
1621
1621
1621
1621
1621
1621
1621
1621
1621
1621
1621
1621
1621
1621
1621
1621
1621
1621
1621
1621
1621
1621
1621
1621
1621
1621
1621
1621
1621
1621
1621
1621
1621
1621
1621
1621
1621
1621
1621
1621
1621
1621
1621
1621
1621
1621
1621
1621
1621
1621
1621
1621
1621
1621
1621
1621
1621
1621
1621
1621
1621
1621
1621
1621
1621
1621
1621
1621
1621
1621
1621
1621
1621
1621
1621
1621
1621
1621
1621
1621
1621
1621
1621
1621
1621
1621
1621
1621
1621
1621
1621
1621
1621
1621
1621
1621
1621
1621
1621
1621
1621
1621
1621
1621
1621
1621
1621
1621
1621
1621
1621
1621
1621
1621
1621
1621
1621
1621
1621
1621
1621
1621
1621
1621
1621
1621
1621
1621
1621
1621
1621
1621
1621
1621
1621
1621
1621
1621
1621
1621
1621
1621
1621
1621
1621
1621
1621
1621
1621
1621
1621
1621
1621
1621
1621
1621
1621
1621
1621
1621
1621
1621
1621
1621
1621
1621
1621
1621
1621
1621
1621
1621
1621
1621
1621
1621
1621
1621
1621
1621
1621
1621
1621
1621
1621
1621
1621
1621
1621
1621
1621
1621
1621
1621
1621
1621
1621
1621
1621
1621
1621
1621
1621
1621
1621
1621
1621
1621
1621
1621
1621
1621
1621
1621
1621
1621
1621
1621
1621
1621
1621
1621
1621
1621
1621
1621
1621
1621
1621
1621
1621
1621
1621
1621
1621
1621
1621
1621
1621
1621
1621
1621
1621
1621
1621
1621
1621
1621
1621
1621
1621
1621
1621
1621
1621
1621
1621
1621
1621
1621
1621
1621
1621
1621
1621
1621
1621
1621
1621
1621
1621
1621
1621
1621
1621
1621
1621
1621
1621
1621
1621
1621
1621
1621
1621
1621
1621
1621
1621
1621
1621
1621
1621
1621
1621
1621
1621
1621
1621
1621
1621
1621
1621
1621
1621
1621
1621
1621
1621
1621
1621
1621
1621
1621
1621
1621
1621
1621
1621
1621
1621
1621
1621
1621
1621
1621
1621
1621
1621
1627
1627
1627
1627
1627
1627
1627
1627
1627
1627
1627
1627
1627
1627
1627
1627
1627
1627
1627
1627
1627
1627
1627
1627
1627
1627
1627
1627
1627
1627
1627
1627
1627
1627
1627
1627
1627
1627
1627
1627
1627
1627
1627
1627
1627
1627
1627
1627
1627
1627
1627
1627
1627
1627
1627
1627
1627
1627
1627
1627
1627
1627
1627
1627
1627
1627
1627
1627
1627
1627
1627
1627
1627
1627
1627
1627
1627
1627
1627
1627
1627
1627
1627
1627
1627
1627
1627
1627
1621
1621
1621
1621
1621
1621
1621
1621
1621
1621
1621
1621
1621
1621
1621
1621
1621
1621
1621
1621
1621
1621
1621
1621
1621
1621
1621
1621
1621
1621
1621
1621
1621
1621
1621
1621
1621
1621
1621
1621
1621
1621
1621
1621
1621
1621
1621
1621
1621
1621
1621
1621
1621
1621
1621
1621
1621
1621
1621
1621
1621
1621
1621
1621
1621
1621
1621
1621
1621
1621
1621
1621
1621
1621
1621
1621
1621
1621
1621
1621
1621
1621
1621
1621
1621
1621
1621
1621
1621
1621
1621
1621
1621
1621
1621
1621
1621
1621
1621
1621
1621
1621
1621
1621
1621
1621
1621
1621
1621
1621
1621
1621
1621
1621
1621
1621
1621
1621
1621
1621
1621
1621
1621
1621
1621
1621
1621
1621
1621
1621
1621
1621
1621
1621
1621
1621
1621
1621
1621
1621
1621
1621
1621
1621
1621
1621
1621
1621
1621
1621
1621
1621
1621
1621
1621
1621
1621
1621
1621
1621
1621
1621
1621
1621
1621
1621
1621
1621
1621
1621
1621
1621
1621
1621
1621
1621
1621
1621
1621
1621
1621
1621
1621
1621
1621
1621
1621
1621
1621
1621
1621
1621
1621
1621
1621
1621
1621
1621
1621
1621
1621
1621
1621
1621
1621
1621
1621
1621
1621
1621
1621
1621
1621
1621
1621
1621
1621
1621
1621
1623
1623
1623
1623
1623
1623
1623
1623
1623
1623
1623
1623
1623
1623
1623
1623
1623
1623
1623
1623
1623
1623
1623
1623
1623
1623
1623
1623
1623
1623
1623
1623
1623
1623
1623
1623
1623
1623
1623
1623
1623
1623
1623
1623
1623
1623
1623
1623
1623
1623
1623
1623
1623
1623
1623
1623
1623
1623
1623
1623
1623
1623
1623
1623
1623
1623
1623
1623
1623
1623
1623
1623
1623
1623
1623
1623
1623
1623
1623
1623
1623
1623
1623
1623
1623
1623
1623
1623
1623
1623
1621
1621
1621
1621
1621
1621
1621
1621
1621
1621
1621
1621
1621
1621
1621
1621
1621
1621
1621
1621
1621
1621
1621
1621
1621
1621
1621
1621
1621
1621
1621
1621
1621
1621
1621
1621
1621
1626
1626
1626
1626
1626
1626
1626
1626
1626
1626
1626
1626
1626
1626
1626
1626
1626
1626
1626
1626
1626
1626
1626
1626
1626
1626
1626
1626
1626
1626
1626
1626
1626
1626
1626
1626
1626
1626
1626
1626
1626
1626
1626
1626
1626
1626
1626
1626
1626
1626
1626
1626
1626
1626
1626
1626
1626
1626
1626
1626
1626
1626
1626
1626
1626
1626
1626
1626
1626
1626
1626
1626
1626
1626
1626
1626
1626
1626
1626
1626
1626
1626
1626
1626
1626
1626
1626
1626
1626
1626
1626
1626
1626
1626
1626
1626
1626
1626
1626
1626
1626
1626
1626
1626
1626
1626
1626
1626
1626
1626
1626
1626
1626
1626
1626
1626
1626
1626
1626
1626
1626
1626
1626
1626
1626
1626
1626
1626
1626
1626
1626
1626
1626
1626
1626
1626
1626
1626
1626
1626
1626
1626
1626
1626
1626
1626
1626
1626
1626
1626
1626
1626
1626
1626
1626
1626
1626
1626
1626
1626
1626
1626
1626
1626
1626
1626
1626
1626
1626
1626
1626
1626
1626
1626
1627
1627
1627
1627
1627
1627
1627
1627
1627
1627
1627
1627
1627
1627
1627
1627
1627
1627
1627
1627
1627
1627
1627
1627
1627
1627
1627
1627
1627
1627
1627
1627
1626
1626
1626
1626
1626
1626
1626
1634
1634
1634
1634
1634
1634
1634
1634
1634
1634
1634
1634
1634
1634
1634
1634
1634
1634
1634
1634
1634
1634
1634
1634
1634
1634
1634
1634
1634
1634
1634
1634
1634
1634
1634
1634
1634
1634
1634
1634
1634
1634
1634
1634
1634
1634
1634
1634
1634
1634
1634
1634
1634
1634
1634
1634
1634
1634
1634
1634
1634
1634
1634
1634
1634
1634
1634
1634
1634
1634
1634
1634
1634
1634
1634
1635
1635
1635
1635
1635
1635
1635
1635
1635
1635
1635
1635
1635
1635
1635
1635
1635
1635
1634
1634
1634
1634
1634
1634
1634
1634
1634
1634
1634
1634
1634
1634
1634
1634
1634
1634
1634
1634
1634
1634
1634
1634
1634
1634
1634
1634
1634
1634
1634
1634
1634
1634
1634
1634
1634
1634
1634
1634
1634
1634
1634
1634
1634
1634
1634
1634
1634
1634
1634
1634
1634
1634
1634
1634
1634
1634
1634
1634
1634
1634
1634
1634
1634
1634
1634
1634
1631
1631
1631
1631
1628
1628
1628
1628
1628
1628
1628
1628
1628
1628
1628
1628
1628
1628
1628
1628
1628
1628
1628
1628
1628
1628
1628
1628
1628
1628
1628
1628
1628
1628
1628
1628
1628
1628
1628
1628
1628
1628
1628
1628
1628
1628
1628
1628
1628
1628
1628
1628
1628
1628
1628
1628
1628
1628
1628
1628
1628
1628
1628
1628
1628
1628
1628
1628
1628
1628
1628
1628
1628
1628
1628
1628
1628
1628
1628
1628
1628
1628
1628
1628
1628
1628
1628
1628
1628
1628
1628
1628
1628
1628
1628
1628
1628
1628
1628
1628
1628
1628
1628
1628
1628
1628
1628
1628
1628
1628
1628
1628
1628
1628
1628
1628
1628
1628
1628
1628
1628
1628
1628
1628
1628
1628
1628
1628
1628
1628
1628
1628
1628
1628
1628
1628
1628
1628
1628
1628
1628
1628
1628
1628
1628
1628
1628
1628
1628
1628
1628
1628
1628
1628
1628
1628
1628
1628
1628
1628
1628
1628
1628
1628
1628
1628
1628
1628
1628
1628
1628
1628
1628
1628
1628
1628
1628
1628
1628
1628
1628
1628
1628
1628
1628
1628
1628
1628
1628
1628
1628
1628
1628
1628
1635
1635
1635
1635
1635
1635
1635
1635
1635
1635
1635
1635
1635
1635
1635
1635
1635
1635
1635
1635
1635
1635
1635
1628
1628
1628
1628
1628
1628
1628
1628
1628
1628
1628
1628
1628
1628
1628
1628
1628
1628
1628
1628
1628
1628
1628
1628
1628
1628
1628
1628
1628
1628
1628
1628
1628
1628
1628
1628
1628
1628
1628
1628
1628
1628
1628
1628
1628
1628
1628
1628
1628
1628
1628
1628
1628
1628
1628
1628
1628
1628
1628
1628
1628
1628
1628
1628
1628
1628
1628
1628
1628
1628
1628
1628
1628
1628
1628
1628
1628
1628
1628
1628
1628
1628
1628
1628
1628
1628
1628
1628
1628
1628
1628
1628
1628
1628
1628
1628
1628
1628
1628
1628
1628
1628
1628
1628
1628
1628
1628
1628
1628
1628
1628
1628
1628
1628
1628
1628
1628
1628
1628
1628
1628
1628
1628
1628
1628
1628
1628
1628
1628
1628
1628
1628
1628
1628
1628
1628
1628
1628
1628
1628
1628
1628
1628
1628
1628
1628
1628
1628
1628
1628
1628
1628
1628
1628
1628
1628
1628
1628
1628
1628
1628
1628
1628
1628
1628
1628
1628
1628
1628
1628
1628
1628
1628
1628
1628
1628
1628
1628
1628
1628
1628
1628
1628
1628
1628
1628
1628
1628
1628
1628
1628
1628
1628
1628
1628
1628
1628
1628
1628
1628
1628
1628
1628
1628
1628
1628
1628
1628
1628
1628
1628
1628
1628
1628
1628
1628
1628
1628
1628
1628
1628
1628
1628
1628
1628
1628
1628
1628
1628
1628
1628
1628
1628
1628
1628
1628
1628
1628
1628
1628
1628
1628
1628
1628
1628
1628
1628
1628
1628
1628
1628
1628
1628
1628
1628
1628
1628
1628
1628
1628
1628
1628
1628
1628
1628
1628
1628
1628
1628
1628
1628
1628
1628
1628
1628
1628
1628
1628
1628
1628
1628
1628
1628
1628
1628
1628
1628
1628
1628
1628
1628
1628
1628
1628
1628
1628
1628
1628
1628
1628
1628
1628
1628
1628
1628
1628
1628
1628
1628
1628
1628
1628
1628
1628
1628
1628
1628
1628
1628
1628
1628
1628
1628
1628
1628
1628
1628
1628
1628
1628
1628
1628
1628
1628
1628
1628
1628
1628
1628
1628
1628
1628
1628
1628
1628
1628
1628
1628
1628
1628
1628
1628
1628
1628
1628
1628
1628
1628
1628
1628
1628
1628
1628
1628
1628
1628
1628
1628
1628
1628
1628
1628
1628
1628
1628
1628
1628
1628
1628
1628
1628
1628
1628
1628
1628
1628
1628
1628
1628
1628
1628
1628
1628
1628
1628
1628
1628
1628
1628
1628
1628
1628
