1946
1950
1920
1920
1892
1892
1911
1938
1977
1962
1952
1963
2091
2093
2059
2067
2035
2145
2196
2109
2136
2099
2115
2166
2139
2225
2191
2203
2145
2155
2155
2052
2056
2090
2108
2049
2049
2041
2133
2122
2103
2094
2037
2048
2107
2127
2132
2146
2279
2303
2250
2215
2133
2133
2119
2144
2110
2090
2016
2016
2031
2130
2130
2062
2072
2038
2089
2205
2176
2176
2134
2118
2022
1999
1954
2021
2085
2011
2034
2015
2031
2003
1963
2017
1930
1853
1892
1938
1986
2034
2024
2019
1926
1984
1984
1983
2012
2051
2070
1982
1980
2040
1964
2013
2031
2044
1988
1952
2012
2073
2056
2113
2134
2114
2131
2090
2080
1998
2020
2036
2023
1989
2017
2001
2093
2109
2109
2116
2105
2192
2033
1964
1943
1957
1934
1933
1924
1870
1850
1912
1912
1930
2065
2042
2046
2046
2030
2074
1992
1992
1992
1987
2030
2051
1968
1919
1915
1939
1960
1979
2004
1990
1990
1961
2000
1954
1939
1985
1990
1984
1962
1928
1935
1935
1925
2012
2088
2120
2187
2247
2247
2237
2285
2191
2242
2290
2314
2293
2279
2280
2236
2223
2223
2193
2193
2181
2161
2146
2097
2011
2003
2040
2052
2044
2083
2113
2105
2105
2178
2234
2298
2184
2214
2168
2107
2096
2128
2131
2121
2083
2091
1990
2033
2037
2025
1902
1936
2000
2068
2092
2061
2067
2147
2202
2181
2195
2185
2185
2164
2134
2150
2145
2076
2113
2054
2060
2060
2067
2159
2096
2060
2015
2033
2033
2033
1956
1972
2064
2064
2148
2104
2032
1978
2024
2117
2090
2090
2065
2120
2120
2120
2125
2100
2105
2076
2084
2095
2050
2000
2032
2021
1998
2007
2086
2007
2007
1997
2088
2162
2073
2002
2002
2016
1951
1951
1919
1986
2004
1952
1952
2043
2047
2008
2018
2028
2014
1934
1934
1913
1928
1983
1986
1965
1965
1965
1930
1960
1960
2063
2092
2066
2098
2098
2054
2034
2031
2039
2033
2028
2045
2037
2052
2059
2024
2080
2115
2107
2136
2121
2018
2072
2033
2039
2039
1982
2044
1976
1995
2064
2077
2069
2094
2095
2103
2044
2078
1993
1990
1990
1917
1990
1996
1916
1906
1908
1987
1977
1965
1965
2023
2004
2043
2030
2030
2117
2149
2131
2131
2050
2041
2027
2078
2048
2048
2041
1990
2028
2041
2009
2039
2016
1970
2008
1938
1933
1908
1966
2004
2009
2020
1996
1996
2012
1970
1940
1856
1956
1939
1878
1976
2004
2004
2077
2037
2106
2069
2054
2021
2131
2119
2063
2082
2171
2079
2079
2182
2185
2146
2171
2161
2099
2010
1987
2079
2001
2067
2112
2148
2111
2117
2109
2117
2100
2063
2063
2181
2121
2158
2177
2183
2231
2178
2210
2145
2082
2082
2090
2129
2121
2112
2119
2138
2191
2197
2150
2150
2075
2111
2210
2194
2173
2096
2100
2102
2122
2086
2128
2122
2113
2174
2233
2221
2131
2131
2143
2205
2161
2030
2071
2009
2009
2003
2030
2122
2077
2043
2047
2009
1962
1979
1979
1979
2009
1905
1905
2017
1943
1935
1999
1979
1979
1997
1983
1942
1944
1944
1944
1970
1960
1957
1949
1949
1987
1895
1998
1939
1939
1913
1948
1922
1945
1945
2006
2002
2002
1983
1956
2040
2040
2059
2130
2078
2008
1976
2026
1972
1926
2001
1981
1988
1947
1991
2010
2028
2001
2078
2112
2133
2133
2098
2012
1985
2042
2028
1982
1913
1936
1969
2000
2005
2038
1975
2081
2015
2081
2050
2122
2140
2082
2078
2053
2063
2076
2063
2086
2086
2100
2144
2097
2036
2036
1989
2035
2030
2040
2074
2057
2048
2048
2014
2018
2028
1969
2053
2058
1930
1972
1972
1976
1986
2018
2018
2031
2018
2022
2032
1986
2015
1954
1961
1985
1974
1936
1979
1994
1959
1984
1965
2013
2101
2011
1980
2013
1978
1992
2039
2079
2047
2035
2035
2022
2022
1948
1952
1912
1912
2019
2001
2000
1933
1960
1979
1994
1991
2045
2045
2042
2015
2013
2026
2026
2066
2026
2023
2024
2051
2075
2025
2074
2062
2066
2119
2075
1972
1972
2017
2017
2030
1992
2010
2054
2050
2066
2061
2066
2006
2006
2006
1924
2000
1936
1907
1945
1973
1922
1924
1993
2031
2011
1996
1991
2058
1966
1933
1985
1965
1937
1970
1922
1891
1976
1960
1879
1874
1937
1883
1870
1900
1993
1927
1977
1999
1999
1999
1933
1906
1943
1906
1905
1923
1945
1945
2009
1988
1995
1995
1965
1982
1962
1991
1983
1983
1978
2068
2047
2025
1936
1874
1874
1884
1884
1884
1861
1866
1896
1886
1795
1818
1852
1921
1919
1919
1897
1933
1942
1936
1930
1990
2032
2003
2003
1972
1972
2013
2104
2104
2008
2000
1976
2044
2079
2079
2052
1970
2040
2049
2014
2063
2023
2067
2031
2022
2075
2092
2105
2129
2104
2119
2119
2146
2138
2098
2098
2073
2062
2031
2090
2167
2066
2039
2039
2032
2004
1994
1994
1982
1930
1930
1938
2035
2065
2023
1988
1988
1979
1953
1973
1984
2043
1977
2044
2059
2047
2041
2098
2063
2050
2137
2151
2140
2131
2124
2045
2045
2020
1966
1971
1931
1931
1931
1931
1891
1921
1931
1908
1908
1892
1939
1921
1926
1972
1972
2046
1981
2085
2095
2097
2129
2083
2105
2107
2108
2100
2132
2100
2100
2032
2057
2070
2070
2086
2087
2016
2084
2095
2092
2142
2108
2131
2037
2103
2019
1978
2028
2017
1983
2066
2076
2132
2133
2088
2106
2001
1980
1931
1998
1958
1958
1980
1980
1941
1966
1937
1942
1998
2020
1976
1996
1942
1937
1930
1923
1986
1976
2028
2028
2033
2025
2078
2078
2053
2044
2030
1935
1935
1935
1938
1856
1929
1929
1880
1886
1962
1995
1993
2076
2033
2069
2078
2148
2065
1972
2088
2038
2002
2002
1994
2018
2032
2032
2029
1953
1953
1953
1954
1953
1938
1906
1919
1988
1940
1889
1894
1894
1979
2041
2002
1974
2059
2077
2043
2162
2118
2082
2011
2034
1997
1930
1921
1958
1999
2030
2008
2008
2029
2004
2075
2102
2190
2140
2132
2103
2103
2116
2116
2050
2050
2044
2060
2060
2075
2102
2067
2064
2026
1980
1949
1977
1969
2047
2152
2153
2221
2237
2158
2091
2031
1977
2087
2080
2075
2093
2138
2131
2019
2019
2019
1989
1985
2130
2153
2154
2134
2134
2062
2095
2038
2038
2038
2051
2124
2096
2132
1984
1988
1967
1967
2004
2005
1978
1952
1984
2010
1966
1963
2014
1933
1955
1946
1957
1957
1957
1919
1908
1926
1950
1907
1872
1934
1932
1916
1893
1904
1952
1941
1935
1988
1986
1947
1962
1901
1913
1913
1913
1945
1905
1886
1913
1913
1826
1826
1867
1860
1861
1825
1825
1804
1804
1904
1869
1869
1884
1852
1848
1806
1920
1920
2019
1841
1940
1841
1866
1806
1797
1908
1890
1811
1811
1939
1941
1975
1988
1955
1965
1981
2017
2069
2069
2026
2033
2034
2076
2015
2014
2014
2061
2114
2107
1944
1958
1995
1995
2047
2039
2188
2182
2024
1992
2047
2072
2066
2018
2023
2072
2087
1988
1995
1947
2058
2037
2077
2077
2100
2074
2041
2038
1959
1996
1937
1978
1980
2047
1975
2045
1979
1942
1942
1930
2040
1987
1987
2008
2003
2003
1984
1984
1982
1964
2051
2064
2064
2092
2044
1996
1957
1947
1971
2017
2006
2015
2036
1961
2015
1997
1979
1952
2085
2075
2049
2079
2131
2097
2097
2136
2222
2134
2163
2108
2213
2205
2103
2085
2081
2001
2011
1945
1923
1909
1961
2026
2022
1997
1960
1970
1922
1977
2039
2034
2018
2018
2050
2037
2005
2005
2015
2021
2002
1994
1972
2015
2017
1966
1966
1966
2014
1899
1949
1949
1936
1955
1955
1916
1916
1924
1924
1961
1961
1937
1892
1836
1836
1836
1852
1914
1898
1887
1895
1895
1927
1858
1862
1835
1835
1916
1916
1965
1910
1877
1801
1799
1823
1910
1947
2039
2116
2087
2032
2032
2061
2061
2115
2160
2125
2138
2078
2085
2142
2141
2096
2096
2096
2117
2065
2021
1971
1917
1946
1946
1955
1976
1920
1925
1922
1942
1947
1954
1972
1965
1973
1932
1932
2005
2005
1980
2002
1951
1956
1956
1952
1966
1899
1902
1910
1898
1924
1981
2063
1985
1922
1887
1887
1921
2005
1922
1922
1890
1876
1940
2035
2035
1982
1912
1934
1937
1913
1950
1955
1995
1972
2010
2045
2068
2034
2102
2102
2147
2045
2039
2054
2052
1996
2067
2051
2083
2076
2075
2061
2061
1962
2063
2059
2034
2030
2044
2048
2100
2099
2057
2148
2148
2109
2125
2072
2032
2054
2083
2106
2070
2009
2009
2132
2159
2159
2198
2188
2119
2154
2054
2038
2096
2088
2013
2050
2050
2007
2069
2043
2078
2000
2030
2030
2043
2144
2132
2111
2056
2013
2003
2003
2042
2034
1992
1992
1983
2111
2124
2049
2077
2118
2033
2165
2191
2190
2123
2112
2099
2099
2067
1988
1958
1988
1966
2007
2020
2038
2063
2064
2066
2066
2149
2080
2080
2121
2077
2037
2057
2002
2037
2046
2012
2028
2094
2061
2029
2050
1995
2092
2016
2037
1996
1996
2071
2081
2081
2004
1966
2027
2027
2009
1953
2015
2031
2083
2049
1999
1999
1994
1961
2050
2047
2071
2075
2069
2052
2015
2038
2038
2004
2002
2002
1979
1979
1951
1971
1912
1912
1895
2005
2025
2036
2098
2056
2010
2000
2000
2000
1933
1984
2068
2049
2107
2125
2141
2141
2080
2080
2080
2068
2068
2053
1924
1963
1856
1934
1934
1934
1927
1855
1860
1915
1889
1864
1840
1854
1894
1930
2045
2007
1995
2022
2013
1956
1991
1991
2045
2031
1926
1926
1937
1947
1908
1944
1930
1889
1916
1935
1935
1935
1935
2052
2063
2111
2059
1994
2003
2002
1990
1953
2012
2012
2012
2005
1984
1980
2007
2002
1955
1961
1984
1988
1986
2071
2181
2086
2114
2047
2129
2148
2140
2131
2112
2129
2097
2097
2095
2075
2111
2027
2027
2044
2044
1983
2045
2039
2039
2084
2089
2041
2094
2094
1981
1964
1973
1948
1976
1957
1986
2009
2033
2079
2033
2033
2033
2030
1994
2036
1988
1917
1986
1956
2018
2034
2015
2108
2108
2108
2135
2090
2006
2018
1943
1923
1923
1938
1994
1945
1938
1942
1942
1935
1935
1849
1924
1979
1993
2032
2060
2061
2070
2037
2024
2058
2069
2142
2142
2068
2067
2026
2026
2024
2065
2064
2077
2077
1987
2004
2030
1972
1947
1944
1963
1963
1963
1931
1932
2000
1996
2035
2099
1959
1996
1996
1996
1945
1992
1980
1980
2008
2020
1952
1948
1948
1905
1997
1997
1946
1943
1955
1962
1927
1998
2002
1994
1973
2014
1954
1954
1934
1922
1972
1942
1935
1939
1998
1993
2022
2094
2036
2088
2123
2111
2120
2021
2021
1933
1922
1928
2032
2022
2044
2104
2120
2013
2013
2006
2006
1959
1959
1937
1952
1991
2064
2030
2035
2033
2043
2024
2025
2003
1963
1989
2099
2061
2021
2040
2037
2057
2003
1948
1950
1944
1920
1946
1946
1918
1938
1996
2021
2021
1998
1998
2036
1967
1957
2089
1974
1971
1997
1991
2059
2059
2042
1964
2008
1942
1901
1900
1916
1916
1993
1993
1981
1997
1975
1972
2022
2047
1967
1947
1875
1958
2045
1988
1988
1988
1963
1911
1911
1957
1920
1948
1976
2003
2006
2002
2084
2038
2100
2115
2028
1998
1995
2006
2066
2044
2044
2044
2035
2011
1928
1987
2024
2025
2025
2018
2010
1924
1968
1968
1968
2033
2033
1985
1985
1985
1947
1985
1918
1910
1896
1972
1977
1927
1961
1911
1925
1925
1928
1874
1834
1941
1916
1929
1929
1963
1973
1973
1973
1973
1973
1973
1895
1930
1931
1980
2074
2048
2093
2071
1985
1946
1991
2007
1978
1973
2007
2016
2035
2071
2029
1999
1969
1953
1928
1944
1946
1946
1905
1972
1987
1987
1987
1987
1987
1980
1968
1991
1991
1981
2028
2074
2074
2031
2100
2006
1977
1954
1966
1947
1997
1923
1936
1894
1886
1886
1895
1898
1965
1910
1895
1932
1945
1960
1973
1980
1989
1989
2034
1964
1963
1963
1941
1918
1915
1915
1915
1952
1980
1973
1937
1937
1937
1940
1945
1946
1884
1887
1913
1888
1899
1960
2003
1971
2028
2039
2031
2023
1963
2026
2067
2067
2084
2100
2070
1949
1949
1978
1987
1928
1928
2009
1986
1986
1996
1991
1974
1988
2100
2083
2083
2037
2037
1996
1933
1919
1919
1992
1959
1959
1994
2008
1958
1938
2007
2010
2003
1963
2037
2050
2044
1988
2025
2018
2018
2023
2023
1989
2075
2055
2014
2080
2041
2007
2029
2050
2050
2042
1967
1962
1909
1854
1854
1997
1947
1947
2005
2005
2009
2015
2015
2030
1976
2006
1953
2038
2038
2045
2029
1981
1998
2061
2066
2046
2073
2216
2201
2159
2138
2138
2132
2162
2198
2147
2174
2191
2137
2092
2063
2063
2059
2079
2065
2095
2095
2099
2090
2072
2043
1976
2015
2015
2010
1990
2024
2021
2074
2176
2151
2054
2088
2001
2012
2051
2080
2033
2030
1987
2087
2061
2075
2075
2023
1968
1968
1966
1989
1989
1990
2015
2017
1999
2053
2081
2008
1944
2042
2016
1965
1963
2042
2047
1959
1960
1948
1880
1890
1895
1900
1930
1937
1975
1904
1930
1920
1934
1958
1948
1974
1951
2023
2031
1999
1999
1999
1964
1964
1964
1942
1983
1991
2019
2027
2027
2043
1950
1940
1936
1936
1956
1956
1956
1919
1923
1881
1875
1875
1875
1875
1855
1903
2004
2048
2048
2075
2104
2104
2102
2024
2069
2091
2132
2110
2128
2134
2165
2147
2154
2144
2166
2129
2036
1974
2004
2000
2045
2045
2030
2030
2058
2077
2075
1998
1936
1936
1974
1972
2014
2014
2030
1993
1936
1981
1981
1912
1941
1997
1997
2013
2039
2064
1925
1925
1935
1972
1931
2034
2014
1931
1931
1913
1963
2055
2040
2024
2036
2034
2117
2117
2126
2118
2098
2079
2070
2070
2074
2074
2069
2069
2059
2025
2025
2084
2132
2114
2081
2094
2094
2073
2085
2092
2138
2181
2053
2033
2047
2046
2041
2092
2154
2062
2066
2058
2064
2067
1997
2006
1982
1982
1942
1944
1951
1966
1966
1987
1970
2028
1986
2050
1986
1991
2022
2022
2017
1917
1892
1919
1974
1983
2065
1998
1983
1983
1983
1965
1935
1952
1986
1985
2036
1985
1961
1914
1914
1914
1979
1957
1931
1975
2011
2011
1965
2068
2031
2024
2049
2053
1990
1990
1971
2018
2000
1980
1958
1929
1955
1993
1958
2012
1962
1987
1973
1973
2031
1946
1992
1992
1955
1867
1857
1857
1857
1966
1922
1947
2033
2033
1948
2044
1969
1977
1977
2018
2015
2071
2017
2044
1999
2059
2034
2022
1897
1900
1900
1900
1902
1943
1837
1790
1873
1846
1804
1890
1912
1939
1939
1939
1895
1860
1878
1871
1922
1925
1905
1905
1905
1966
1950
1942
1920
1920
1940
1935
1958
1966
1995
1995
1988
1979
1979
1976
2065
1962
1957
1994
1993
1982
1963
1988
1977
1977
1950
1855
1896
1960
1922
1902
1903
1995
1995
1983
1970
1940
1945
1967
2043
2004
1983
1981
2013
1915
1888
1888
1928
1992
1970
1974
1975
1953
1955
2018
2028
2028
1971
1991
1991
2013
2006
1999
1971
1952
1950
1883
1997
2013
2061
2013
2013
2024
2024
1942
1981
2027
2027
2025
2095
2098
2069
2037
2094
2040
1960
1968
1975
2036
1984
1970
1914
1919
1919
1884
1884
1874
1874
1893
1877
1946
1946
1958
2012
1971
1969
2016
2015
1981
2061
2041
2043
2043
2043
2041
2033
2069
2033
2014
2019
2041
2052
2043
2043
1996
2005
1998
1981
1981
1960
1976
1960
1965
1965
1965
1935
1935
1952
1975
1998
1998
2058
2035
2081
1994
1994
2092
2065
2047
2047
2004
2055
2050
2078
2078
2065
2005
2005
2023
1999
1951
1978
1961
1953
1924
1923
1939
2003
2014
2010
2034
2030
2086
2111
2111
2139
2138
2150
2106
1991
1926
1914
1937
1957
1939
1868
1927
1948
1991
2010
2101
2178
2178
2174
2154
2107
2041
2077
2066
2039
2025
2021
2057
1990
1990
1998
1888
1873
1873
1873
1912
1895
1905
1962
1905
1894
1929
1904
1904
1904
1899
1899
1952
1883
1917
1929
1900
1900
1975
1997
1990
2073
2073
2022
2005
2021
2013
2084
2170
2176
2213
2261
2260
2227
2196
2167
2169
2021
1995
1995
2017
2017
2076
1951
1951
1973
2005
1911
1911
1911
1927
1981
1942
1841
1846
1846
1846
1856
1856
1893
1985
1968
1981
1978
1924
1924
1924
1916
1922
2009
2036
2047
2037
2059
2072
2072
2034
1998
2010
1979
1907
1879
1928
1932
2038
2095
2095
2080
2065
2061
2117
2055
2089
2016
2034
1986
2082
2027
2089
2134
2107
2035
2030
2030
2030
2017
2031
2033
2062
2059
2066
2066
2056
2016
2016
2033
2051
2046
2046
1997
2010
2064
2057
2043
2049
2049
2032
2090
2090
2080
2044
2044
2018
2042
2033
2035
2010
2015
2051
2028
2028
2028
2121
2161
2105
2039
2067
2067
2067
2022
2020
2020
2017
2013
1998
1970
1991
2022
1917
1955
1995
2040
2026
1977
1940
1915
1914
1885
1890
1881
1893
1893
1928
1928
1928
1951
1937
1937
1910
1960
1921
1940
1951
1950
1908
1850
1932
1932
1917
1862
1877
1871
1802
1828
1852
1867
1855
1879
1849
1849
1849
1849
1905
1905
1935
1979
1979
2047
2002
1993
2010
2003
2004
2003
1961
1949
1949
1949
1911
1911
1911
1911
1891
1891
1901
1891
1891
1895
1894
1954
1920
1955
1917
1917
2018
2022
2044
2087
2088
2088
1999
2009
2009
1941
1978
1978
1978
1952
1952
1921
1859
1838
1873
1906
1955
1982
1971
1949
1983
1978
1978
2056
2085
2096
2001
2023
2023
2000
1930
1944
1927
1927
1960
2012
1994
1999
1953
1950
1950
1950
1938
1938
1938
1904
1904
1968
1983
1946
1946
1944
1950
1896
1913
1906
1946
1946
1913
1908
1909
1904
1950
1977
1976
2033
1973
1973
1957
1999
1938
1901
1901
1923
1923
1953
1953
1938
1938
1923
1967
2047
2034
1986
1947
1958
1903
1949
1925
1925
2013
2013
2050
1951
1951
1951
1970
1978
2000
2000
1989
1989
1989
1989
1978
1978
2009
2058
2033
1990
1990
1990
1990
1991
2042
2050
1989
1989
1943
1976
1960
2018
2022
2017
2043
1955
1955
1976
1976
1924
1995
2071
1995
1982
1927
1989
1952
1984
2028
1972
1972
1977
1973
2026
2050
2068
2087
2046
2046
2115
2114
2170
2212
2210
2169
2162
2151
2086
2086
2017
2043
2048
2005
2005
1974
1913
1913
1886
1900
1853
1839
1839
1950
1950
2020
1983
1996
1956
1956
1824
1824
1819
1857
1846
1855
1879
1870
1956
1991
2056
2056
1919
1919
1924
1984
1924
1966
1966
2084
2186
2093
2082
2069
2063
2145
2108
2107
2134
2099
2099
2033
2009
1991
2001
1953
1914
1896
1896
1915
1909
1938
1911
1885
1871
1871
1945
1937
1937
1937
1937
1937
1937
1915
1930
1915
1915
1952
1916
1889
1907
1938
1921
1925
1925
1940
1953
1872
1890
1900
1900
1908
1971
1971
2068
2068
2123
2058
2058
1992
2009
2061
2061
2061
2061
1997
1993
1993
2004
2004
2098
2008
2058
2081
2035
2028
2030
2037
1969
1969
1884
1906
1881
1860
1898
1898
1898
1865
1863
1987
1969
1991
1971
1922
1922
1922
1890
1903
1887
1881
1867
1867
1916
1928
1906
1833
1833
1855
1887
1887
1990
2031
2031
2028
2011
1981
1806
1789
1789
1807
1807
1902
1933
1908
1878
1878
1972
1965
2030
2013
1949
1894
1894
1992
1992
2069
2061
2047
2040
2067
2067
2053
1933
1933
1873
1873
1903
1919
1899
1899
1899
1904
1988
2028
2028
2168
2088
2079
2014
1969
1969
1973
1946
1954
1933
1930
2039
2019
2014
1987
2016
2030
2030
1929
1916
1930
1930
1879
1890
1875
1875
1875
1914
1944
1909
1959
2027
2027
2079
2076
2024
2052
2072
2072
2072
2048
2058
2011
2058
2038
2051
2010
1982
1929
1962
1903
1903
1903
1929
1929
1935
1935
1915
1960
1953
1953
2010
2010
2010
2010
2010
1984
1935
1938
1938
1914
1872
1872
1884
1879
1879
1882
1882
1915
2039
2126
2034
1962
1927
1986
2000
1993
1947
1947
1947
1947
1971
1990
1997
1997
1997
1993
1968
1937
1937
1978
2047
2007
2007
2007
1978
1978
1978
2122
2122
2109
2204
2164
2180
2065
2086
2086
2080
2013
1941
1847
1926
1995
1920
1951
1932
1932
1932
1932
1960
1944
1944
1967
1967
1968
2020
2045
2009
2050
2050
2094
2132
2132
2132
1998
2004
1995
1995
1933
1928
1865
1865
1841
1854
1854
1854
1874
1874
1835
1836
1813
1813
1861
1861
1861
1844
1875
1875
1904
1917
1930
1967
1967
1967
2035
2031
1944
1944
2036
1963
1929
1900
1909
1931
2014
1994
1994
1994
1947
1947
1972
1972
1987
1987
2014
2092
1994
2130
2059
2029
1986
1986
1986
1986
1908
1870
1901
1901
1961
1946
1993
2086
2086
2102
1995
2026
1933
1904
1891
1846
1890
1890
1891
1949
1893
1908
1913
1938
1949
1934
1970
1975
2043
2017
1989
1924
1924
1924
1924
1902
1902
1915
1962
1958
1995
1971
1908
1979
1963
1963
1963
1988
1988
2012
1963
1963
1956
1968
1952
1952
2022
2025
2035
2036
2011
2011
2118
2109
2109
2027
2065
2039
2013
2013
2034
1973
1975
1930
1930
1870
1870
1870
1909
1936
1959
1954
1899
1912
1907
1915
2005
2004
2004
2032
2095
2116
2003
2003
2049
2033
2006
1982
1993
1993
2052
2122
2122
2122
2119
2082
2082
2109
2119
2177
2226
2188
2188
2153
2070
2098
2084
2088
2045
2072
2080
2008
2037
2045
2045
2029
2033
2033
2033
2035
2028
2031
2006
2006
2006
2015
2015
1977
2014
1986
1944
1989
1989
2044
2058
2043
2026
2030
2030
1968
1920
1953
1953
2072
2013
2005
1972
1972
1953
2020
2020
2020
2005
1995
2012
2016
2057
1988
1982
1982
1958
1953
1954
1986
1994
1994
1994
1997
1936
1940
1965
1954
1969
1969
1973
1973
1964
2023
1964
1964
1923
1892
1829
1843
1824
1762
1762
1772
1772
1772
1813
1892
1844
1844
1844
1844
1833
1833
1824
1887
1889
1820
1775
1804
1803
1852
1879
1907
1907
1903
1933
1944
1975
1938
1938
1938
1975
2069
1948
1990
1954
1936
1986
1970
1959
1943
1943
1924
1952
2010
2014
1998
1990
2114
2114
2082
2082
2055
2053
2053
2015
2041
2041
2041
1997
2028
2002
1910
1866
1903
1903
1927
1879
1915
1888
1888
1942
1912
1889
1903
1976
1964
1982
1982
1987
1999
1999
1999
1999
1976
1976
1983
1990
1994
2002
2002
2002
1999
2009
1980
1927
1927
1927
1934
1934
1934
1991
2036
2036
2036
1955
1953
1976
1957
1957
1957
1982
1982
2050
2071
2071
2071
1933
2005
2002
1932
1955
1933
1912
1912
1950
2044
2044
2099
2105
2169
2102
2102
2097
2164
2125
2096
2038
2035
2035
2035
2035
1938
1938
1921
1969
1969
1969
1969
1969
1947
1983
1983
2020
1818
1818
1859
1859
1915
1915
1826
1826
1834
1834
1827
1827
1827
1815
1821
1917
1998
1998
1972
1945
1945
1905
1905
1940
1940
1943
1968
2005
2006
1984
1984
2089
2081
2081
2106
2101
2101
2101
2081
2081
2109
2072
2070
2078
2068
2049
2049
2083
2050
2069
2051
2051
1994
2063
2026
2006
1980
1980
1991
1971
1971
1971
1960
2031
2057
2057
2026
2010
2010
2018
2016
2002
1946
1946
1924
1940
1918
1918
1918
1837
1891
1895
1886
1873
1869
1870
1934
1912
1922
1925
1863
1865
1865
1865
1882
1882
1915
1915
1915
2069
1963
1956
1956
1956
1956
1904
1904
2008
2008
1975
1977
1975
1989
1989
2022
2002
1950
2006
2006
2002
2053
2038
2038
1982
2012
2012
2012
2012
2012
2012
2012
2012
2012
2072
2055
2055
2109
2049
1957
1937
1937
1906
1950
1950
1906
1934
1930
1930
1930
1906
1925
1866
1844
1866
1866
1866
1866
1894
1919
1948
1948
1948
1948
1919
1904
1903
1882
1882
1882
1915
1866
1866
1866
1866
1866
1866
1831
1843
1843
1843
1843
1843
1843
1904
1805
1805
1826
1852
1854
1860
1847
1847
1815
1832
1832
1791
1791
1836
1836
1836
1846
1928
1928
1959
1854
1879
1879
1879
1859
1856
1846
1846
1805
1805
1805
1812
1812
1812
1839
1871
1836
1982
1991
1961
1949
1960
1960
1976
2004
1962
1953
1982
1982
1970
1974
1968
1910
1893
1893
1893
1917
1893
1893
1893
1893
1893
1893
1893
1877
1877
1877
1906
1958
1985
1985
1985
1956
1956
1963
1904
1886
1811
1811
1800
1835
1848
1848
1844
1844
1864
1917
1967
1956
1957
1969
1956
2008
2008
1973
1950
1982
1982
1984
2009
1958
1967
1965
1952
1952
1923
1923
1923
1906
1906
1890
1966
1968
1968
1990
1994
1994
1986
1986
1986
1997
1973
1961
1990
1990
1990
1990
1990
1941
1927
1942
2014
2025
2028
2047
2047
2047
2009
1945
2023
1994
1994
1994
2011
1996
1990
1973
1973
1972
2021
2021
1997
2001
2001
1980
1980
1997
1938
1938
1949
1933
1976
1976
1966
2013
2013
1981
1982
1982
1982
1966
1966
1967
1947
1993
1975
1984
1996
1996
1936
1936
1991
1961
1957
1990
1977
1977
1967
1897
1932
1944
1944
1962
1875
1936
1932
1933
1933
1863
1823
1777
1832
1813
1809
1790
1790
1832
1852
1913
1913
1913
1913
1881
1878
1848
1848
1848
1838
1838
1867
1867
1824
1803
1803
1803
1803
1803
1839
1825
1834
1938
1938
1938
1913
1900
1900
1898
1898
1925
1933
1921
1940
1940
1983
2037
1943
1886
1909
1967
1935
1989
1989
1993
1951
1951
2001
2014
2005
2005
2005
1995
1995
2072
2065
2065
2057
2057
2069
2069
2069
2041
2041
2069
2065
2038
1995
1955
1992
1977
2008
2008
2008
2043
2043
2043
2003
2068
2003
2008
2093
1999
2092
2078
2037
2005
1965
1965
1932
1932
1919
1917
1917
1910
1910
1902
1915
1915
1884
1884
1915
1908
1925
1999
1997
2019
2018
2031
2100
2100
2033
2024
2026
2026
2031
2076
2073
2019
2007
2006
1951
1906
2003
1949
1964
1914
1914
1914
1963
1948
1948
1884
1886
1884
1886
1901
1901
1911
1846
1927
1927
1927
1931
1931
2007
2091
2131
2131
2131
2131
2077
2077
2055
2058
2019
1968
1940
2025
1988
1988
1993
2018
2042
2048
2026
2041
1999
2036
2040
2014
2069
2027
1965
1965
1971
1991
2012
2004
2041
2046
2097
2097
2060
2060
2072
2081
2125
2125
2073
2029
1976
2004
1994
1995
1978
2033
2022
2022
2022
2085
2085
2035
2142
2142
2147
2263
2220
2132
2132
2104
2103
2096
2096
2096
2096
2101
2142
2113
2051
2036
2036
2022
2060
2060
2076
2002
2002
1990
1990
1997
1906
1902
1932
1928
1986
1961
1960
1979
1969
1966
2015
1973
1930
1920
1901
1901
1901
1901
1901
1880
1880
1880
1908
1885
1885
1872
1872
1872
1832
1849
1818
1827
1870
1943
1940
1943
1943
1941
1941
1925
1939
1959
1956
1956
1956
1810
1810
1842
1856
1856
1856
1856
1832
1832
1875
1875
1937
1888
1888
1866
1866
1839
1818
1815
1815
1839
1839
1852
1852
1852
1853
1902
1902
1917
1917
1947
1947
1924
1857
1952
1920
1938
1873
1873
1873
1834
1834
1834
1845
1823
1823
1823
1823
1806
1806
1806
1796
1810
1802
1805
1869
1899
1899
1931
1924
1929
1860
1860
1860
1860
1860
1860
1871
1871
1845
1810
1839
1858
1891
1850
1958
1958
1920
1893
1893
1877
1842
1842
1842
1888
1888
1903
1903
1891
1891
1891
1891
1891
1927
1965
1999
2013
2013
2001
2001
1994
2009
1921
1934
1934
1934
2103
2051
2051
2051
2051
2030
2025
2006
2013
1983
2020
2020
1992
1955
1983
1983
2006
2006
1944
1944
1944
1871
1871
1889
1889
1888
1888
1888
1888
1886
1871
1871
1871
1871
1871
1845
1856
1837
1837
1837
1837
1837
1837
1837
1837
1837
1837
1837
1818
1818
1818
1818
1804
1804
1839
1839
1864
1864
1821
1849
1819
1840
1840
1840
1826
1871
2024
1999
1955
1945
1957
1993
1993
1935
1910
1912
1918
1921
1868
1868
1868
1868
1889
1889
1900
1935
1935
1935
1907
1931
1931
1931
1984
1994
1994
1994
2042
1976
1976
1965
1990
1990
2007
2007
2007
2007
1995
2048
2050
2050
2040
2032
2023
1985
1985
1912
1912
1907
1892
1926
1919
1919
1933
1910
1910
1910
1910
1896
1881
1881
1857
1857
1867
1867
1867
1883
1883
1865
1865
1865
1877
1850
1849
1849
1809
1833
1849
1924
1924
1964
1908
1908
1908
1902
1902
1926
1910
1920
1910
1911
1911
1935
1985
1985
1980
1968
2031
2031
2023
1977
2054
1988
2024
2024
1993
1963
1963
1945
1979
1979
2006
1984
1984
1948
1972
1917
1917
1976
1979
1979
2034
1973
1981
1981
1974
1959
1959
1905
1905
1905
1897
1855
1900
1900
2005
1993
1993
1993
1993
2000
1998
1951
1951
1933
1915
1937
1937
1937
1937
1912
1912
1930
1912
1912
1925
1925
1925
1905
1927
1905
1908
1908
1903
1869
1896
1896
1896
1893
1964
1994
1998
1921
1896
1896
1898
1934
1928
1930
1935
1909
1880
1880
1927
1960
1964
1964
1916
1939
1975
1975
1975
1975
1906
1909
1909
1967
1955
1955
1955
1955
1948
1940
1979
1979
1979
1979
1979
1979
1979
1979
2012
1955
2028
1979
1979
1979
1970
1980
1992
2008
2050
1921
1921
2007
1972
1907
1907
1895
1891
1891
1890
1890
1903
1891
1880
1858
1858
1858
1858
1859
1824
1824
1855
1907
1907
1913
1913
1913
1913
1913
1913
1954
1907
1931
1951
1923
1902
1934
1934
1990
2030
1986
1990
1990
1978
1932
1854
1845
1839
1811
1811
1811
1811
1811
1838
1934
1920
1879
1879
1900
1940
1908
1915
1946
1881
1881
1881
1881
1870
1870
1853
1857
1884
1884
1909
1909
1896
1857
1857
1889
1923
1841
1846
1846
1846
1844
1844
1844
1844
1844
1844
1844
1835
1835
1835
1835
1822
1822
1822
1822
1808
1808
1808
1808
1808
1808
1808
1815
1815
1864
1864
1837
1848
1848
1862
1890
1807
1815
1860
1860
1860
1860
1860
1854
1854
1854
1858
1858
1865
1917
1893
1893
1950
1965
1926
1828
1828
1851
1851
1851
1884
1921
1921
1947
1935
1938
1938
1938
1938
1938
1938
1938
1938
1778
1795
1841
1843
1885
1918
1918
1893
1885
1885
1887
1810
1814
1792
1783
1799
1801
1821
1838
1838
1838
1789
1796
1796
1796
1796
1796
1796
1803
1796
1818
1794
1799
1838
1846
1881
1954
1895
1858
1925
1925
1925
1944
1945
1945
1945
1934
1845
1845
1845
1845
1841
1805
1883
1883
1887
1887
1887
1837
1831
1845
1840
1840
1832
1832
1796
1796
1857
1879
1880
1881
1881
1922
1924
1910
1895
1895
1895
1891
1859
1859
1908
1908
1921
1961
1878
1878
1878
1869
1869
1869
1863
1863
1846
1846
1840
1857
1857
1826
1866
1872
1872
1886
1886
1886
1886
1886
1895
1856
1857
1857
1857
1857
1936
1942
1922
1942
1942
1946
1946
1946
1946
1946
1943
1894
1893
1893
1894
1894
1894
1904
1882
1882
1872
1872
1882
1882
1872
1927
1927
1867
1906
1936
1835
1835
1835
1815
1815
1815
1815
1815
1815
1815
1825
1825
1825
1825
1883
1883
1883
1885
1847
1847
1792
1792
1792
1792
1792
1792
1792
1792
1792
1792
1792
1792
1792
1792
1792
1789
1789
1833
1833
1833
1833
1833
1833
1879
1889
1889
1944
1936
1967
1925
1883
1856
1856
1856
1856
1846
1861
1907
1885
1885
1863
1935
1918
1918
1918
1918
1926
1980
1980
1926
1926
1900
1859
1859
1850
1876
1861
1861
1886
1886
1886
1886
1886
1866
1866
1866
1861
1861
1844
1844
1844
1859
1873
1888
1888
1888
1888
1888
1827
1827
1827
1820
1820
1878
1878
1878
1881
1881
1869
1860
1870
1840
1840
1840
1840
1819
1819
1823
1844
1844
1844
1888
1842
1826
1844
1844
1844
1828
1828
1828
1837
1828
1828
1838
1838
1838
1838
1841
1861
1861
1865
1865
1925
1925
1907
1907
1907
1907
1907
1910
1910
1910
1910
1929
1910
1927
1927
1927
1927
1935
1925
1925
1925
1908
1895
1895
1895
1906
1908
1913
1913
1913
1913
1872
1884
1879
1879
1879
1938
1938
1943
1943
1946
1946
1983
1983
1980
1980
2055
2055
1940
1940
1940
1940
1940
1940
1940
1977
2004
2097
2094
2084
2084
2027
2029
2029
1978
1978
1978
1978
1981
1986
1986
1986
2001
1949
1953
1953
1907
1897
1899
1897
1897
1863
1880
1874
1874
1874
1874
1874
1859
1828
1817
1817
1829
1829
1829
1829
1829
1829
1828
1832
1832
1832
1832
1832
1832
1832
1832
1832
1837
1826
1826
1826
1800
1800
1777
1777
1777
1777
1777
1761
1761
1766
1766
1759
1759
1759
1759
1759
1759
1759
1759
1759
1759
1803
1819
1797
1797
1884
1926
1981
1981
1981
1928
1950
1903
1931
1931
1899
1891
1891
1915
1915
1897
1849
1849
1849
1849
1859
1859
1855
1857
1830
1830
1830
1821
1786
1786
1800
1800
1800
1800
1800
1783
1785
1785
1785
1785
1849
1855
1866
1866
1866
1866
1828
1810
1810
1810
1834
1834
1834
1834
1834
1834
1849
1849
1832
1832
1832
1832
1793
1770
1770
1770
1770
1770
1770
1770
1821
1821
1807
1807
1807
1811
1811
1811
1871
1852
1852
1852
1828
1828
1828
1828
1855
1837
1837
1837
1837
1837
1837
1837
1837
1837
1837
1837
1837
1852
1871
1871
1871
1871
1871
1871
1855
1855
1855
1806
1806
1806
1806
1776
1776
1776
1776
1776
1776
1770
1770
1770
1770
1769
1769
1769
1769
1780
1785
1785
1785
1785
1785
1785
1780
1783
1772
1772
1772
1803
1803
1814
1814
1814
1756
1756
1756
1756
1756
1766
1779
1723
1724
1724
1780
1780
1780
1780
1834
1834
1834
1834
1834
1834
1834
1834
1834
1834
1847
1824
1824
1840
1840
1840
1840
1840
1872
1872
1872
1872
1851
1851
1807
1807
1810
1810
1810
1810
1810
1819
1834
1834
1834
1824
1824
1841
1841
1841
1841
1841
1841
1885
1885
1866
1866
1866
1866
1867
1867
1867
1882
1882
1871
1886
1890
1890
1842
1869
1869
1872
1872
1827
1814
1814
1814
1814
1812
1812
1812
1812
1893
1874
1874
1897
1913
1950
1950
1920
1920
1920
1940
1911
1911
1911
1901
1901
1901
1901
1901
1899
1899
1899
1910
1910
1916
1916
1916
1916
1935
1891
1891
1922
1922
1904
1904
1904
1904
1875
1891
1891
1894
1894
1923
1923
1923
1924
1924
1902
1902
1902
1902
1902
1902
1902
1902
1910
1902
1893
1927
1927
1927
1924
1924
1924
1924
1927
1927
1967
1901
1898
1898
1898
1898
1898
1898
1898
1898
1898
1898
1898
1898
1898
1883
1883
1883
1883
1883
1883
1883
1883
1883
1883
1883
1881
1866
1856
1856
1849
1849
1849
1849
1854
1854
1829
1829
1810
1814
1814
1831
1857
1936
1936
1936
1944
1934
1934
1934
1919
1919
1919
1919
1929
1945
2023
2023
1905
1905
1911
1869
1752
1752
1748
1748
1748
1748
1748
1748
1815
1815
1822
1822
1822
1822
1818
1800
1800
1800
1793
1779
1779
1779
1792
1792
1792
1792
1790
1790
1790
1790
1790
1790
1791
1791
1791
1791
1791
1791
1791
1781
1781
1781
1781
1781
1781
1814
1814
1820
1820
1820
1832
1832
1840
1840
1841
1841
1841
1841
1841
1841
1841
1897
1897
1897
1897
1897
1865
1937
1937
1923
1927
1961
1961
1961
1883
1917
1885
1885
1886
1869
1869
1869
1869
1869
1869
1868
1868
1831
1841
1841
1841
1831
1831
1838
1838
1838
1838
1838
1838
1838
1838
1838
1838
1838
1838
1838
1838
1838
1838
1852
1838
1831
1831
1828
1807
1807
1807
1807
1813
1807
1812
1812
1812
1823
1823
1804
1804
1804
1804
1801
1793
1774
1774
1774
1774
1774
1803
1814
1814
1828
1818
1815
1815
1815
1815
1815
1815
1815
1815
1815
1815
1815
1815
1815
1815
1815
1815
1815
1806
1806
1806
1806
1806
1806
1806
1830
1830
1830
1830
1830
1830
1830
1830
1835
1835
1835
1835
1835
1835
1835
1835
1830
1830
1830
1830
1834
1834
1830
1830
1814
1814
1814
1814
1814
1814
1814
1807
1807
1807
1807
1807
1807
1807
1807
1833
1833
1833
1833
1833
1833
1833
1849
1873
1854
1854
1854
1876
1876
1876
1876
1876
1876
1914
1914
1914
1894
1894
1886
1886
1886
1886
1886
1858
1858
1858
1858
1875
1875
1875
1875
1875
1875
1902
1902
1847
1847
1847
1860
1860
1860
1855
1866
1874
1861
1861
1832
1849
1849
1842
1842
1842
1842
1842
1842
1842
1842
1842
1842
1842
1842
1842
1842
1842
1842
1842
1842
1842
1842
1830
1841
1841
1845
1887
1900
1900
1894
1894
1894
1833
1833
1856
1858
1844
1812
1811
1811
1811
1811
1811
1811
1776
1776
1776
1776
1776
1776
1776
1776
1776
1776
1761
1761
1740
1740
1740
1740
1740
1740
1740
1740
1740
1748
1764
1764
1764
1764
1764
1764
1764
1764
1745
1749
1749
1743
1743
1743
1743
1743
1743
1743
1762
1762
1762
1762
1762
1762
1762
1783
1783
1783
1783
1746
1746
1746
1746
1746
1746
1746
1746
1746
1748
1748
1748
1748
1748
1748
1748
1748
1748
1748
1748
1748
1748
1748
1748
1748
1748
1748
1748
1748
1748
1773
1773
1782
1782
1782
1782
1782
1782
1782
1811
1811
1811
1811
1811
1811
1857
1857
1857
1852
1852
1852
1852
1845
1845
1824
1824
1824
1824
1824
1824
1824
1824
1847
1847
1847
1858
1866
1866
1866
1828
1828
1830
1830
1830
1830
1830
1830
1830
1830
1830
1830
1826
1826
1826
1826
1826
1826
1810
1810
1810
1810
1810
1810
1810
1810
1810
1810
1816
1816
1816
1816
1816
1816
1816
1816
1816
1816
1816
1816
1816
1816
1816
1816
1816
1816
1816
1816
1816
1817
1817
1817
1817
1817
1817
1817
1817
1798
1798
1798
1798
1798
1798
1798
1798
1798
1798
1798
1840
1840
1830
1823
1823
1823
1823
1823
1823
1823
1823
1823
1847
1847
1847
1802
1802
1802
1802
1802
1802
1802
1802
1802
1802
1802
1802
1802
1802
1802
1802
1802
1802
1802
1793
1789
1789
1789
1789
1789
1793
1793
1793
1778
1778
1782
1782
1782
1782
1782
1782
1782
1782
1782
1779
1779
1779
1779
1779
1779
1779
1779
1773
1773
1773
1773
1773
1773
1773
1802
1802
1802
1802
1812
1812
1812
1812
1812
1812
1824
1824
1810
1797
1797
1797
1807
1807
1807
1807
1807
1807
1807
1807
1807
1807
1798
1798
1794
1794
1794
1794
1794
1794
1756
1756
1756
1756
1756
1756
1744
1744
1744
1759
1748
1748
1748
1748
1748
1748
1748
1744
1744
1744
1744
1743
1743
1743
1743
1743
1743
1743
1743
1743
1743
1743
1743
1743
1743
1743
1743
1743
1743
1743
1743
1743
1743
1743
1743
1743
1743
1743
1743
1743
1743
1743
1743
1743
1743
1743
1753
1753
1753
1753
1753
1753
1753
1753
1753
1753
1753
1753
1753
1767
1743
1743
1743
1775
1775
1775
1794
1782
1790
1790
1790
1790
1770
1770
1792
1792
1792
1792
1801
1823
1773
1775
1775
1775
1775
1775
1775
1775
1775
1775
1775
1779
1783
1783
1783
1779
1779
1779
1779
1779
1779
1804
1804
1804
1807
1807
1807
1807
1762
1762
1759
1759
1759
1759
1759
1759
1759
1759
1759
1759
1759
1798
1800
1798
1798
1798
1798
1798
1798
1798
1798
1798
1798
1804
1804
1804
1804
1804
1804
1804
1804
1804
1810
1805
1805
1805
1805
1805
1805
1805
1805
1805
1805
1805
1805
1805
1805
1805
1805
1805
1805
1805
1805
1820
1827
1827
1827
1827
1827
1827
1827
1827
1851
1859
1847
1842
1842
1833
1833
1833
1833
1831
1831
1831
1831
1831
1831
1831
1831
1831
1831
1831
1831
1831
1831
1799
1828
1828
1828
1822
1822
1822
1822
1822
1822
1822
1822
1822
1822
1802
1802
1802
1802
1802
1802
1802
1802
1802
1802
1802
1799
1799
1783
1783
1783
1783
1783
1783
1783
1802
1802
1783
1783
1783
1783
1783
1747
1747
1747
1747
1747
1747
1747
1747
1743
1743
1743
1743
1743
1743
1743
1743
1743
1743
1738
1738
1811
1792
1792
1792
1792
1792
1792
1792
1794
1794
1794
1794
1794
1794
1794
1794
1794
1794
1794
1794
1792
1792
1792
1770
1770
1770
1770
1777
1777
1777
1777
1777
1777
1777
1777
1770
1770
1770
1770
1770
1770
1770
1770
1770
1770
1770
1770
1770
1770
1770
1770
1770
1772
1772
1772
1772
1772
1772
1764
1764
1764
1764
1764
1772
1772
1772
1772
1772
1772
1772
1772
1772
1772
1764
1764
1764
1764
1764
1764
1764
1764
1764
1764
1764
1764
1764
1764
1764
1764
1764
1733
1733
1709
1709
1709
1709
1709
1709
1709
1709
1709
1709
1709
1709
1729
1729
1729
1729
1729
1770
1770
1770
1770
1770
1723
1723
1689
1689
1689
1689
1689
1689
1689
1689
1689
1689
1689
1689
1689
1689
1689
1689
1689
1689
1689
1689
1689
1689
1689
1689
1689
1689
1689
1689
1689
1689
1689
1699
1699
1699
1699
1699
1699
1699
1699
1699
1699
1699
1699
1699
1699
1699
1699
1699
1699
1699
1699
1699
1699
1699
1699
1699
1699
1699
1699
1699
1699
1699
1699
1699
1699
1699
1699
1699
1699
1699
1699
1699
1699
1699
1699
1699
1699
1699
1699
1699
1699
1699
1699
1699
1699
1699
1699
1699
1699
1699
1699
1699
1699
1699
1701
1701
1701
1701
1701
1701
1701
1701
1701
1701
1701
1701
1701
1701
1701
1701
1701
1708
1683
1683
1683
1683
1683
1683
1683
1677
1683
1683
1683
1683
1683
1701
1701
1690
1690
1690
1690
1690
1690
1690
1690
1690
1690
1690
1690
1690
1690
1690
1690
1690
1690
1720
1720
1720
1720
1720
1720
1720
1720
1720
1720
1720
1720
1720
1720
1720
1720
1720
1721
1721
1721
1721
1721
1721
1721
1721
1721
1721
1721
1721
1721
1721
1721
1721
1721
1721
1721
1721
1721
1721
1721
1721
1721
1721
1721
1721
1721
1721
1721
1721
1721
1721
1721
1742
1742
1742
1742
1742
1742
1742
1742
1742
1742
1742
1742
1746
1746
1746
1746
1747
1747
1747
1747
1748
1748
1748
1758
1758
1758
1745
1745
1745
1745
1745
1745
1745
1745
1745
1745
1745
1745
1733
1733
1720
1720
1720
1720
1720
1720
1720
1720
1720
1720
1720
1720
1761
1760
1764
1764
1764
1764
1764
1764
1764
1764
1764
1764
1764
1753
1753
1753
1753
1753
1753
1753
1753
1753
1753
1753
1753
1753
1753
1753
1753
1753
1753
1753
1753
1753
1753
1748
1748
1748
1748
1748
1748
1748
1748
1748
1748
1748
1748
1748
1748
1748
1748
1748
1748
1748
1748
1748
1748
1748
1748
1748
1748
1748
1748
1748
1748
1748
1748
1748
1748
1748
1748
1748
1748
1760
1760
1760
1760
1760
1760
1754
1754
1754
1754
1754
1754
1748
1748
1748
1748
1748
1748
1748
1748
1748
1748
1748
1748
1748
1742
1742
1742
1742
1742
1742
1742
1742
1742
1742
1742
1742
1742
1742
1742
1742
1742
1742
1742
1742
1742
1742
1742
1743
1743
1743
1743
1743
1743
1762
1718
1718
1718
1718
1718
1718
1718
1718
1718
1711
1711
1711
1711
1711
1711
1711
1711
1711
1711
1711
1716
1716
1716
1716
1716
1716
1716
1716
1715
1715
1715
1703
1703
1703
1703
1703
1711
1657
1657
1657
1657
1657
1657
1657
1657
1657
1657
1657
1657
1657
1657
1657
1657
1657
1657
1657
1657
1657
1657
1657
1657
1657
1657
1657
1657
1657
1657
1657
1657
1668
1668
1668
1668
1668
1668
1668
1668
1668
1668
1668
1668
1668
1668
1668
1668
1668
1668
1668
1668
1668
1668
1668
1670
1670
1670
1670
1670
1670
1670
1670
1670
1670
1670
1670
1670
1695
1695
1695
1695
1695
1695
1695
1695
1695
1695
1695
1695
1695
1695
1695
1692
1692
1692
1692
1692
1692
1692
1692
1692
1692
1692
1692
1692
1692
1692
1692
1692
1692
1692
1692
1692
1692
1692
1692
1692
1686
1686
1686
1686
1686
1657
1657
1657
1657
1657
1657
1659
1659
1656
1656
1656
1656
1656
1656
1656
1656
1656
1656
1656
1656
1656
1656
1656
1656
1656
1656
1656
1656
1656
1656
1656
1656
1656
1656
1656
1656
1656
1656
1656
1656
1656
1656
1656
1656
1656
1656
1656
1656
1656
1656
1656
1656
1656
1656
1656
1656
1656
1656
1656
1656
1656
1656
1656
1656
1656
1656
1656
1656
1633
1633
1633
1633
1633
1633
1633
1633
1633
1633
1633
1633
1633
1633
1633
1633
1633
1633
1633
1633
1633
1633
1633
1633
1633
1633
1633
1633
1633
1633
1633
1633
1633
1633
1633
1633
1633
1633
1638
1638
1638
1638
1638
1638
1638
1642
1642
1642
1642
1642
1642
1642
1642
1642
1642
1642
1642
1642
1642
1642
1642
1642
1642
1642
1642
1642
1642
1642
1642
1642
1642
1642
1642
1642
1642
1642
1642
1642
1642
1642
1642
1642
1642
1642
1642
1642
1642
1642
1642
1642
1627
1627
1627
1627
1627
1627
1627
1627
1627
1627
1627
1627
1627
1627
1627
1627
1627
1627
1627
1627
1627
1627
1627
1627
1629
1629
1629
1629
1629
1629
1629
1629
1629
1629
1629
1629
1629
1629
1629
1629
1629
1629
1629
1629
1629
1629
1629
1629
1629
1629
1629
1629
1629
1629
1629
1629
1629
1629
1629
1629
1629
1629
1629
1629
1629
1629
1629
1629
1629
1629
1629
1629
1629
1629
1629
1629
1629
1629
1629
1629
1629
1629
1629
1629
1629
1629
1629
1629
1629
1629
1629
1629
1629
1629
1629
1627
1627
1627
1627
1627
1627
1627
1627
1627
1627
1627
1627
1627
1627
1627
1627
1627
1627
1627
1627
1627
1627
1627
1627
1627
1627
1627
1627
1627
1627
1627
1627
1627
1627
1627
1627
1627
1627
1627
1627
1627
1627
1627
1627
1627
1627
1627
1627
1627
1627
1627
1627
1627
1627
1627
1627
1627
1627
1627
1627
1627
1627
1627
1627
1627
1627
1627
1627
1627
1627
1627
1627
1627
1627
1627
1627
1627
1627
1627
1627
1627
1627
1627
1627
1627
1627
1627
1627
1627
1627
1627
1627
1627
1627
1627
1627
1627
1627
1627
1627
1627
1627
1627
1627
1627
1627
1627
1627
1627
1627
1627
1627
1627
1627
1627
1627
1627
1627
1627
1627
1627
1627
1627
1627
1627
1627
1627
1627
1627
1627
1627
1627
1627
1627
1627
1627
1627
1627
1627
1627
1627
1627
1627
1627
1627
1627
1627
1627
1627
1627
1627
1627
1627
1627
1627
1627
1627
1627
1627
1627
1627
1627
1627
1627
1627
1627
1627
1627
1627
1627
1627
1627
1627
1627
1627
1627
1627
1627
1627
1627
1628
1628
1628
1628
1628
1628
1628
1628
1628
1628
1628
1628
1628
1628
1628
1628
1628
1628
1628
1628
1628
1628
1628
1628
1628
1628
1628
1628
1628
1628
1628
1628
1628
1628
1628
1628
1628
1628
1628
1628
1628
1628
1628
1628
1628
1628
1628
1628
1628
1628
1628
1628
1628
1628
1628
1628
1628
1628
1628
1628
1628
1628
1628
1628
1628
1628
1628
1628
1628
1628
1628
1628
1628
1628
1628
1628
1628
1628
1628
1628
1628
1628
1628
1628
1628
1628
1628
1628
1628
1628
1628
1628
1628
1628
1628
1628
1628
1628
1628
1628
1628
1628
1628
1628
1628
1628
1628
1628
1628
1628
1628
1628
1628
1628
1628
1628
1628
1628
1628
1628
1628
1628
1633
1633
1633
1633
1633
1633
1633
1633
1633
1633
1633
1633
1633
1633
1633
1633
1634
1634
1634
1634
1634
1634
1634
1634
1634
1634
1634
1634
1634
1634
1634
1634
1634
1634
1634
1634
1634
1634
1634
1634
1634
1634
1634
1634
1634
1634
1634
1634
1634
1634
1634
1634
1634
1634
1634
1634
1634
1634
1634
1634
1634
1634
1634
1634
1634
1634
1634
1634
1634
1634
1634
1634
1634
1634
1634
1634
1629
1629
1629
1629
1629
1629
1629
1629
1629
1629
1629
1629
1629
1629
1629
1629
1629
1629
1629
1629
1629
1629
1629
1636
1636
1636
1636
1636
1636
1636
1636
1636
1636
1636
1636
1636
1636
1636
1636
1636
1636
1632
1632
1632
1632
1632
1632
1632
1632
1632
1632
1632
1632
1632
1632
1632
1632
1632
1632
1632
1632
1632
1632
1632
1632
1632
1632
1632
1632
1632
1632
1632
1632
1632
1632
1632
1632
1632
1632
1632
1632
1632
1632
1632
1632
1632
1632
1632
1632
1632
1632
1632
1632
1632
1632
1632
1632
1632
1632
1632
1632
1632
1632
1629
1629
1629
1629
1629
1629
1629
1629
1629
1629
1629
1629
1629
1629
1629
1629
1629
1629
1629
1629
1629
1629
1629
1629
1629
1629
1629
1629
1629
1627
1627
1627
1627
1627
1627
1627
1627
1627
1627
1627
1627
1627
1627
1627
1627
1627
1627
1627
1627
1627
1627
1627
1627
1627
1627
1627
1627
1627
1627
1627
1627
1627
1627
1627
1627
1627
1627
1627
1627
1627
1627
1627
1627
1627
1627
1627
1627
1627
1627
1627
1627
1627
1627
1627
1630
1630
1630
1630
1630
1630
1630
1630
1630
1630
1630
1630
1630
1630
1630
1630
1630
1630
1630
1630
1630
1630
1630
1630
1630
1630
1630
1630
1630
1630
1630
1630
1630
1630
1630
1630
1630
1630
1630
1634
1634
1634
1634
1634
1640
1640
1640
1640
1640
1640
1640
1640
1640
1641
1641
1641
1641
1641
1641
1641
1641
1641
1641
1641
1641
1641
1641
1641
1641
1641
1641
1641
1641
1641
1641
1641
1641
1641
1641
1641
1641
1641
1641
1641
1641
1641
1641
1641
1641
1641
1641
1641
1641
1641
1641
1641
1641
1641
1641
1641
1641
1641
1641
1641
1641
1641
1641
1641
1641
1641
1641
1641
1641
1641
1641
1641
1641
1641
1641
1641
1641
1641
1641
1648
1648
1648
1648
1648
1648
1648
1648
1648
1648
1648
1648
1648
1648
1648
1648
1648
1648
1648
1647
1647
1647
1647
1647
1647
1647
1647
1647
1647
1647
1647
1647
1647
1647
1646
1646
1646
1646
1646
1651
1651
1651
1651
1651
1651
1651
1651
1651
1651
1653
1653
1653
1647
1647
1648
1648
1648
1648
1648
1648
1648
1648
1648
1648
1648
1648
1648
1648
1648
1648
1648
1648
1648
1648
1648
1648
1648
1648
1648
1648
1648
1648
1648
1648
1648
1648
1648
1648
1648
1648
1648
1648
1648
1648
1648
1648
1648
1648
1648
1648
1648
1648
1648
1648
1648
1648
1648
1648
1648
1648
1648
1648
1648
1648
1648
1648
1648
1648
1648
1648
1648
1648
1648
1648
1648
1648
1648
1648
1648
1648
1648
1648
1648
1648
1648
1648
1648
1648
1648
1648
1648
1648
1648
1648
1648
1648
1648
1648
1648
1648
1648
1648
1648
1648
1648
1648
1648
1648
1648
1648
1648
1648
1648
1648
1648
1648
1648
1648
1648
1648
1648
1648
1648
1648
1648
1648
1648
1648
1648
1648
1648
1648
1648
1648
1648
1648
1648
1648
1648
1648
1648
1648
1648
1648
1648
1648
1648
1648
1648
1648
1648
1648
1648
1648
1648
1648
1648
1648
1648
1648
1648
1648
1648
1648
1648
1648
1648
1648
1648
1648
1648
1648
1648
1648
1648
1648
1648
1648
1648
1648
1648
1648
1648
1648
1648
1648
1648
1648
1648
1648
1648
1648
1648
1648
1648
1648
1648
1648
1648
1648
1648
1648
1648
1648
1648
1648
1648
1648
1648
1648
1648
1648
1648
1643
1643
1643
1643
1643
1643
1643
1643
1643
1643
1643
1643
1643
1643
1643
1643
1643
1643
1643
1643
1643
1643
1643
1643
1643
1643
1643
1643
1643
1643
1643
1643
1643
1643
1643
1643
1643
1643
1643
1643
1643
1643
1643
1643
1643
1643
1643
1643
1643
1643
1643
1643
1643
1643
1643
1643
1643
1643
1643
1643
1643
1643
1643
1643
1643
1643
1643
1639
1639
1639
1639
1639
1639
1639
1639
1639
1639
1639
1639
1639
1639
1639
1639
1639
1639
1639
1639
1639
1639
1639
1639
1639
1639
1639
1639
1639
1639
1639
1639
1639
1639
1639
1639
1639
1639
1639
1639
1639
1639
1639
1639
1639
1639
1639
1639
1639
1639
1639
1639
1639
1639
1639
1639
1639
1639
1638
1638
1638
1638
1638
1638
1638
1638
1638
1638
1638
1638
1638
1638
1638
1638
1638
1638
1638
1638
1638
1638
1638
1638
1638
1638
1638
1638
1638
1638
1638
1638
1638
1638
1638
1638
1638
1638
1638
1638
1637
1637
1637
1637
1637
1637
1637
1637
1637
1637
1637
1637
1637
1638
1638
1638
1637
1637
1637
1637
1637
1627
1627
1627
1627
1627
1627
1627
1627
1627
1627
1627
1627
1627
1627
1627
1627
1627
1627
1627
1627
1627
1627
1627
1627
1627
1627
1627
1627
1627
1627
1627
1627
1627
1627
1627
1627
1627
1627
1627
1627
1627
1627
1627
1627
1627
1627
1627
1627
1627
1627
1627
1627
1627
1627
1627
1627
1627
1627
1627
1627
1628
1628
1628
1628
1628
1628
1628
1628
1628
1627
1627
1627
1627
1627
1627
1627
1627
1627
1627
1627
1627
1627
1627
1627
1627
1627
1627
1627
1627
1627
1627
1627
1627
1627
1627
1627
1627
1627
1627
1627
1627
1627
1627
1627
1627
1627
1627
1627
1627
1627
1627
1627
1627
1627
1627
1627
1627
1627
1627
1627
1627
1627
1627
1627
1627
1627
1627
1627
1627
1627
1627
1627
1627
1627
1627
1627
1627
1627
1627
1627
1627
1627
1627
1627
1627
1627
1627
1627
1627
1627
1627
1627
1627
1627
1627
1627
1627
1627
1627
1627
1628
1628
1627
1627
1627
1627
1627
1627
1627
1627
1627
1627
1627
1627
1627
1627
1627
1627
1627
1627
1627
1627
1627
1627
1627
1627
1627
1627
1627
1627
1627
1627
1627
1627
1627
1627
1627
1627
1627
1627
1627
1627
1627
1627
1627
1627
1627
1627
1627
1627
1627
1627
1627
1627
1627
1627
1627
1627
1627
1627
1627
1628
1628
1628
1628
1628
1628
1628
1628
1628
1628
1628
1628
1628
1628
1628
1628
1628
1628
1628
1628
1628
1628
1628
1628
1628
1628
1628
1628
1628
1628
1628
1627
1627
1627
1627
1627
1627
1627
1627
1627
1627
1627
1627
1627
1627
1627
1627
1627
1627
1627
1627
1627
1627
1627
1627
1627
1627
1627
1627
1627
1627
1627
1627
1627
1627
1627
1627
1627
1627
1627
1627
1627
1627
1627
1627
1627
1627
1627
1627
1627
1627
1627
1627
1627
1627
1627
1627
1627
1627
1627
1627
1627
1627
1627
1627
1627
1627
1627
1627
1627
1627
1627
1627
1627
1627
1627
1627
1627
1627
1627
1627
1627
1627
1627
1627
1627
1627
1627
1627
1627
1627
1627
1627
1627
1627
1627
1627
1627
1627
1627
1627
1627
1627
1627
1627
1627
1627
1627
1627
1627
1627
1627
1627
1627
1627
1629
1629
1629
1629
1629
1629
1629
1629
1629
1629
1629
1629
1629
1629
1629
1629
1629
1629
1629
1629
1629
1629
1629
1629
1629
1629
1629
1629
1629
1629
1629
1629
1629
1629
1629
1629
1629
1629
1629
1629
1629
1629
1629
1629
1629
1629
1629
1629
1629
1629
1629
1629
1629
1629
1629
1629
1629
1629
1629
1629
1629
1629
1629
1629
1629
1629
1629
1629
1629
1629
1629
1629
1629
1629
1629
1629
1629
1629
1629
1629
1629
1629
1629
1629
1629
1629
1629
1629
1629
1631
1631
1631
1631
1631
1631
1631
1631
1631
1631
1631
1631
1631
1631
1631
1631
1631
1631
1631
1631
1631
1631
1631
1631
1631
1631
1631
1631
1631
1631
1631
1631
1631
1631
1631
1631
1631
1631
1631
1631
1631
1631
1630
1630
1630
1630
1630
1630
1630
1630
1630
1630
1630
1630
1630
1630
1630
1630
1630
1630
1630
1630
1630
1630
1630
1630
1630
1630
1630
1630
1630
1627
1627
1627
1627
1627
1627
1627
1627
1627
1627
1627
1627
1627
1627
1627
1627
1627
1627
1627
1627
1627
1627
1627
1627
1627
1627
1627
1627
1627
1627
1627
1627
1627
1627
1627
1627
1627
1627
1627
1627
1627
1627
1627
1627
1627
1627
1627
1627
1627
1627
1627
1627
1627
1627
1627
1627
1627
1627
1627
1627
1627
1627
1627
1627
1627
1627
1627
1627
1627
1628
1628
1628
1628
1628
1628
1628
1627
1627
1627
1630
1630
1630
1630
1627
1627
1627
1627
1627
1627
1627
1627
1627
1627
1627
1627
1627
1627
1627
1627
1627
1627
1627
1627
1627
1627
1627
1627
1627
1627
1627
1627
1627
1627
1627
1627
1627
1627
1627
1627
1627
1627
1627
1627
1627
1627
1627
1627
1627
1627
1627
1627
1627
1627
1635
1635
1635
1635
1635
1635
1635
1635
1635
1635
1635
1635
1635
1635
1635
1635
1635
1635
1635
1635
1635
1635
1635
1635
1635
1635
1635
1635
1635
1635
1635
1627
1627
1627
1627
1627
1627
1627
1627
1627
1627
1627
1627
1627
1627
1627
1627
1627
1627
1627
1627
1627
1627
1627
1627
1627
1627
1627
1627
1627
1627
1627
1627
1627
1627
1627
1627
1627
1627
1627
1627
1627
1627
1627
1627
1627
1627
1627
1627
1627
1627
1627
1627
1627
1627
1627
1627
1627
1627
1627
1627
1627
1627
1627
1627
1627
1627
1627
1627
1627
1627
1627
1627
1627
1627
1627
1627
1627
1627
1627
1627
1627
1627
1627
1627
1627
1627
1627
1627
1627
1627
1627
1627
1627
1627
1627
1627
1627
1627
1627
1627
1627
1627
1627
1627
1627
1627
1627
1627
1627
1635
1635
1635
1635
1635
1635
1635
1635
1635
1635
1635
1635
1635
1635
1635
1635
1635
1635
1635
1635
1635
1635
1635
1635
1635
1635
1635
1635
1635
1635
1635
1635
1635
1635
1635
1635
1635
1635
1635
1635
1635
1635
1635
1635
1635
1635
1635
1635
1635
1635
1635
1635
1635
1635
1635
1635
1635
1635
1635
1635
1635
1635
1635
1635
1635
1635
1635
1635
1635
1635
1635
1635
1635
1635
1635
1635
1635
1635
1635
1635
1635
1635
1635
1635
1635
1635
1635
1635
1635
1635
1635
1635
1635
1635
1635
1635
1635
1635
1635
1635
1635
1635
1635
1635
1635
1635
1635
1635
1635
1635
1635
1635
1635
1635
1635
1635
1635
1635
1635
1635
1635
1635
1635
1635
1635
1635
1635
1635
1635
1635
1635
1635
1635
1635
1635
1635
1635
1635
1635
1635
1635
1635
1635
1635
1635
1635
1635
1635
1635
1635
1635
1635
1635
1635
1635
1635
1635
1635
1635
1635
1635
1635
1635
1635
1635
1635
1635
1635
1635
1635
1635
1635
1635
1635
1635
1635
1635
1635
1635
1635
1635
1635
1635
1635
1635
1635
1635
1635
1635
1635
1635
1635
1635
1635
1635
1635
1635
1635
1635
1635
1635
1635
1635
1635
1635
1635
1635
1635
1635
1635
1635
1635
1635
1635
1635
1635
1635
1635
1635
1635
1635
1635
1635
1635
1635
1635
1635
1635
1635
1635
1635
1635
1635
1635
1635
1635
1635
1635
1635
1635
1635
1635
1635
1635
1630
1630
1630
1630
1630
1630
1630
1630
1630
1630
1630
1630
1630
1630
1630
1630
1630
1630
1630
1630
1630
1630
1632
1632
1632
1632
1632
1632
1632
1632
1632
1632
1632
1632
1632
1632
1632
1632
1632
1632
1632
1632
1632
1632
1632
1632
1632
1632
1632
1632
1632
1632
1632
1632
1632
1632
1632
1632
1632
1632
1632
1632
1632
1632
1632
1632
1632
1632
1632
1632
1632
1632
1632
1632
1632
1632
1632
1632
1632
1632
1632
1632
1628
1628
1628
1628
1628
1628
1628
1628
1628
1628
1628
1628
1628
1628
1628
1628
1628
1628
1628
1628
1625
1625
1625
1625
1625
1625
1625
1625
1625
1625
1625
1625
1625
1625
1625
1625
1625
1625
1625
1625
1625
1625
1625
1625
1625
1625
1625
1625
1625
1625
1625
1625
1625
1625
1625
1625
1625
1625
1625
1625
1625
1625
1625
1625
1625
1625
1625
1625
1625
1625
1625
1625
1625
1625
1625
1625
1622
1622
1622
1622
1622
1622
1622
1622
1622
1622
1622
1622
1622
1622
1622
1622
1622
1622
1622
1622
1622
1622
1622
1622
1622
1622
1622
1622
1630
1630
1630
1630
1630
1630
1630
1630
1630
1632
1632
1632
1632
1632
1632
1632
1632
1632
1632
1632
1632
1632
1632
1625
1625
1625
1625
1625
1625
1625
1625
1625
1625
1625
1625
1625
1625
1625
1625
1625
1625
1625
1625
1624
1624
1624
1624
1624
1624
1624
1624
1624
1624
1624
1624
1624
1624
1624
1624
1624
1624
1624
1624
1624
1623
1623
1623
1623
1623
1623
1623
1623
1623
1623
1623
1623
1623
1623
1623
1623
1623
1623
1623
1623
