1999
1895
1864
1856
1899
1906
1975
2060
2028
2014
2014
2062
1993
2022
2043
2027
2010
2043
2000
2059
1952
1941
1941
1941
1920
1892
1892
2014
2014
2070
2052
2046
2046
2071
2031
2048
2115
2110
2155
2133
2055
2090
2159
2144
2113
2070
2056
2039
2045
1973
1973
1973
1919
2015
1976
2037
2006
2053
1989
2025
2007
2064
2029
2091
2076
2112
2131
2141
2113
2058
2025
2106
1989
2065
2106
2098
2044
2097
2059
2051
1997
2037
2095
2039
2085
2076
2064
2006
2063
2070
2026
2050
2023
2030
2040
2103
2036
2032
2044
2050
2058
2055
2057
2057
2045
2054
2054
1998
1993
2039
2077
2142
2097
2097
2097
2103
2069
2055
1972
2023
2019
1981
1971
1977
1945
1952
1952
1983
2081
2064
2064
1965
1999
2068
2103
2103
2046
2038
2017
1914
1998
2037
2006
2064
2108
2040
2012
2012
2070
2070
2051
2038
2002
1961
1984
1998
2003
1985
1873
1891
1875
1897
1897
1875
1864
1829
1933
1959
2000
2001
2057
1998
1917
1894
1933
1943
1967
1967
2032
2056
2056
2137
2056
2027
2035
2067
2077
2088
2041
2041
2019
1982
1982
1970
1970
1965
1971
1957
1875
1878
1887
1887
1890
1855
1854
1940
1950
2003
2000
1928
1849
1861
1898
1901
1908
1924
2018
2011
2011
2008
1965
1965
1965
1923
1948
1925
1930
1958
1931
1907
1993
2041
1971
1990
1990
2028
2025
2025
2001
2001
1999
1999
2033
1965
2006
2031
2031
2010
2028
1993
2036
2028
1994
2017
2049
2035
2036
2037
1971
1979
2105
2069
2042
2094
2086
2050
2057
2057
2057
2051
2051
2073
2073
2073
2044
2035
2000
2014
1946
1951
1951
1925
1886
1911
1911
1916
1916
1916
1903
1888
1919
2002
1986
1907
1985
1958
1986
1976
2025
1979
1982
2044
2013
1978
2082
1999
1999
1959
1959
2028
2028
2007
1977
1907
1897
1876
1906
1896
1918
1922
1922
1916
1930
1953
1953
1994
1994
1950
1931
1995
1958
1987
2023
2049
2077
2031
1969
1976
2053
1977
1993
2012
1963
1968
1968
1968
1967
1913
2041
2103
2098
2114
2033
1957
1937
1937
1987
2048
2045
2015
2015
2053
2105
2086
2142
2086
2070
2079
2023
2015
1950
2037
2021
1990
2022
2022
2043
1949
1956
1947
1911
1879
1945
1945
1945
1976
1949
1978
2008
2008
2047
2047
1951
1926
1926
1933
1959
1959
2061
2030
2038
2010
2039
2068
1991
2005
1991
2005
2012
1994
2019
2020
2020
2020
1999
1999
1969
1943
1934
1934
1927
1908
1908
1949
1942
1949
1949
1969
1882
1817
1927
1935
1954
1954
1976
1970
1956
1870
1891
1891
1891
1794
1847
1893
1891
1883
1992
2019
1973
1959
2009
2065
2137
2069
2033
1902
1986
2039
2039
2089
2047
2019
1996
1996
2017
2015
2120
2121
1985
1986
1975
1960
1997
2032
2006
2005
1977
1968
2018
2094
2030
2094
2094
2110
2110
2094
2094
2090
2093
2034
2001
1942
2036
2056
2068
1991
2046
2037
1973
2079
1996
1990
2048
2030
2049
1963
2022
1967
1958
1972
2002
2002
2002
1911
1898
1886
1864
1893
1960
2041
2009
2053
2059
2055
2043
2015
2018
1966
1934
1925
1913
1903
1893
1876
1876
2028
2028
2028
2096
2096
2096
2096
2041
2017
1957
1957
1957
1993
1960
1968
2082
2040
2033
2016
1980
2018
2019
1944
2027
2060
2036
2010
2015
2071
2085
2023
2026
2041
2025
2014
2014
2058
1962
1962
2029
1969
1986
2051
2055
2050
1988
2086
2086
2048
1929
1929
2009
2031
1996
2054
2054
2090
2031
2019
2028
1990
1990
2007
1978
2089
2059
2066
2055
2004
2050
1962
2002
2074
1980
2035
1923
1888
2013
1971
1951
2034
1990
2123
2008
1999
2048
1942
2017
1957
1905
1905
1892
1929
1947
1916
1940
1954
1954
1970
1972
1976
2069
2071
2109
2054
2054
1995
2059
2043
2043
2035
2001
1997
1997
2002
2087
2126
2078
2081
2107
2019
2029
2063
2063
2122
2035
2030
2041
2016
2024
2010
2024
1962
1864
1864
1899
1850
1819
1899
1860
1860
1860
1846
1872
1847
1875
1875
1913
1914
1929
1960
2041
2041
2041
1965
1993
1993
2076
2088
2048
2020
2081
2081
1992
1951
1947
1947
1985
2072
2041
2002
2041
2067
2086
2086
1984
2086
2140
2128
2128
2137
2145
2153
2169
2159
2096
2096
2041
2080
2080
2078
2038
2085
2050
2219
2200
2193
2071
2035
1995
2020
2022
2028
2036
2030
2019
2065
2072
2096
2050
2035
2001
2006
1979
1965
2002
2033
2063
2154
2181
2034
2021
1977
1960
2014
2014
1992
2009
2018
1990
1983
1999
1999
1963
1963
1908
1888
1954
1967
1880
1883
1899
1919
1919
1865
1821
1822
1913
1896
1949
1949
2000
2030
2013
2013
1995
1995
2080
2052
2034
1951
2022
1933
2016
1985
1980
1984
1972
1964
2008
2040
2023
1980
2025
1999
1999
2012
2024
2055
2008
2023
2023
1966
1911
1878
1860
1860
1853
1853
1954
1892
1939
1959
2007
1982
2066
2057
2059
2042
2064
1991
1989
2047
2103
2066
2066
2000
2082
2110
2110
2110
2099
2109
2028
2102
2104
2118
2040
2040
1907
1907
1974
2034
1999
1996
2026
2005
1930
1922
1899
1947
1905
1891
1891
1904
1904
1835
1851
1865
1963
1999
2015
2016
2016
2016
2016
2012
2012
1988
1988
2009
2044
2005
2151
2151
2068
2051
1972
1923
1915
1921
1921
1934
1950
1946
1946
1983
1927
2046
1940
1940
1946
1981
1920
1980
1984
1971
1971
2002
2015
2076
2163
2162
2158
2185
2172
2197
2197
2190
2190
2093
2087
2133
2133
2039
2025
2053
2060
1998
1994
1986
2015
2015
2015
2015
2025
2080
2073
2078
2077
2077
2123
2124
2105
2037
2032
2008
1981
2010
1986
2002
1993
2041
2040
2024
2024
2014
1940
1940
1898
1898
1892
1847
1835
1959
2108
2054
2054
2026
1964
1964
1973
1973
1886
1907
1924
1991
2052
2065
2000
1985
2000
2059
2054
2035
1957
1942
1921
1941
1966
2019
2082
2039
1999
2013
2025
1991
2059
2059
2034
2034
1979
1997
1997
2046
2046
2046
2051
2016
2106
2080
2118
2098
2068
2109
2019
2019
2078
1998
1998
1989
2000
2026
2121
2108
2133
2080
2027
2012
2012
2082
2121
2121
2113
2113
2112
2106
2106
2009
1935
1996
1935
1972
1935
1968
1962
1997
2061
2061
2184
2177
2171
2194
2194
2194
2149
2155
2192
2221
2221
2176
2142
2142
2127
2107
2084
2116
2027
2052
2113
2113
2011
1981
2037
1979
2021
2035
2024
2024
2027
2046
2026
2101
2071
2071
2053
2049
2025
2058
2045
2072
2120
2095
2088
2224
2129
2249
2227
2249
2152
2181
2190
2185
2235
2163
2163
2105
2046
2046
2050
2025
2020
1964
1964
1939
1988
1935
1943
1949
1963
1969
1956
1917
1939
1998
1997
2023
2021
2020
2010
2025
2032
1966
1946
1914
1879
1879
1897
1901
1994
2007
1991
1989
1994
1984
1900
1913
1925
1925
1897
1897
1991
1957
1953
2011
2034
1995
2002
2033
2044
2003
2096
2021
2012
2015
2081
2031
1965
1965
1996
1966
2097
2134
2001
2004
1956
1992
1956
1956
1927
1927
1956
2012
1992
2018
2046
2172
2138
2151
2146
2133
2091
2059
1987
1974
1974
1935
1979
2067
2135
2165
2122
2112
2114
2121
2121
2131
2056
2045
1967
1914
1985
1982
1937
1986
1875
1949
1933
2019
1959
1933
1937
1932
1958
1958
1992
2019
2025
1976
2030
2070
2060
2077
1987
1923
1911
1962
2038
1997
1987
1973
2000
1939
2050
2045
2075
2051
2084
2055
2017
2019
1903
1892
1892
1916
1916
1896
1935
1936
1937
1959
1844
1831
1847
1873
1882
1882
1882
1943
1977
2032
1959
1959
1962
1977
1960
1984
2033
1999
2000
2000
1978
1951
1940
2014
2000
1991
2024
2047
2047
2072
2053
2037
2029
1979
2061
2077
2056
2022
2003
1954
1985
2015
2037
2082
2066
2067
1991
1991
1991
1922
1968
1935
1938
1890
1902
1874
1836
1836
1841
1790
1811
1798
1831
1825
1851
1933
1961
1952
1901
2008
2052
2138
2132
2120
2126
2131
2004
1968
1989
1916
1923
1919
1892
1922
1820
1821
1815
1844
1872
1835
1873
1869
1996
1897
1937
1902
1899
1942
1935
2032
1989
2025
2037
2103
2117
2065
2076
2091
1982
1979
1952
2013
1980
1980
2059
2050
2050
2014
1876
1836
1904
2016
2016
1900
1899
1986
2050
2094
2051
2048
2061
1968
1986
1984
1976
1950
1950
1942
1917
1901
1916
1893
1893
2022
1954
1965
1940
2008
2023
2023
2047
2002
2012
2075
2029
1991
1914
1911
1998
1998
2083
2084
1972
2047
2048
2011
1957
2041
2037
2001
1994
2012
2027
1966
1921
1909
1909
1909
1836
1842
1842
1831
1950
1974
1942
1932
1858
1868
1906
1912
1971
1999
1986
1986
1952
1952
1926
1941
1951
1993
2027
2018
1942
1907
1906
1924
1929
1949
2003
2017
2017
2004
2004
2009
1993
1932
1941
1957
2030
2073
1962
2004
1969
1949
1971
1971
1995
1979
1924
1975
1955
1905
1946
1946
1904
1851
1851
1851
1898
1898
1894
1948
1979
1983
2054
2086
2086
1996
1968
1949
1941
1931
1953
1983
2004
2013
2015
2057
2134
2077
2112
2148
2222
2117
2093
2093
2045
1968
1966
1973
2083
2029
2121
2131
2131
2085
2127
2117
2039
2117
2117
2055
2045
2059
1992
1963
1997
2002
2002
1986
1954
1920
2077
2152
2114
2056
2134
2128
2109
2091
2090
2052
1987
1927
1914
1978
1976
1946
2035
2035
1977
1944
1975
1966
1949
1963
1939
1939
1939
1989
2001
1989
2055
2061
2074
2132
2144
2124
2112
2100
2100
2116
2116
2072
2072
2099
1954
1987
1961
1950
1950
1929
2022
2027
2027
2081
2017
2079
2048
2072
2072
2133
2126
2092
2042
2042
2144
2146
2097
2030
2067
2073
2093
2039
2102
2011
2051
2030
2030
2052
2036
2049
2047
2047
2015
2040
1947
1947
1971
1961
1936
1936
1936
1939
1990
1990
1990
2016
2038
2060
1983
1976
1985
1974
1950
2029
2074
2054
2043
2102
2102
2106
2062
2017
2008
2008
2051
2005
2026
2026
2037
1986
2018
1995
1956
2062
1994
2000
2048
2117
2002
2028
2035
2035
2027
2008
1958
1958
1947
1872
1876
1892
1876
1876
1833
1880
1933
1948
1978
1991
1991
1991
1991
1991
1949
2057
1994
1996
2053
2105
2107
2012
2003
2032
2056
2093
2077
2049
2024
2007
2024
1949
1949
1928
1904
1977
1977
1977
1893
1913
1868
1909
1954
1975
1984
2036
2037
2066
2108
2103
2048
2078
2027
2102
1953
1990
2003
2038
2012
2023
2023
2043
2037
1981
2008
1992
2033
1992
2000
2037
2036
2036
2009
2009
2009
2061
2000
1896
2000
1998
1997
1990
1975
2032
1998
2122
2082
2091
2035
2032
2032
2032
1973
2010
2023
2023
2007
2019
2067
2053
2053
2073
1993
2007
2011
2026
2054
1999
1932
1968
1968
2016
2016
1964
2037
2062
1927
1953
1953
1971
1938
1950
2004
1998
1993
1942
2030
1987
1968
1985
1967
1996
1964
2122
2084
2084
2015
2037
2051
2097
2039
1967
1932
1993
2058
2038
1989
2053
2085
2127
2118
2118
2116
2107
2107
2102
2073
2048
2090
2047
2031
2017
2072
2068
2011
2028
1971
2061
2081
2025
2071
2175
2103
2103
2064
2043
1995
1973
1992
1959
1957
1957
1957
1969
1952
1952
1952
1958
1958
1958
1967
1977
1995
1939
1995
1995
2051
2048
2055
2055
2055
2110
2110
2070
2098
2099
2018
1919
1909
1905
1922
1967
1969
1982
2040
2144
2111
2078
2026
1981
1974
1983
1951
1939
1955
1959
1971
1971
2019
2000
2049
2107
2084
2043
2096
2061
2089
2089
2104
2149
2066
2043
1935
1987
1987
2056
2108
2108
2087
2098
2083
2023
2001
2007
2026
2067
2179
2216
2198
2194
2240
2223
2170
2106
2106
2108
2138
2027
2027
2064
2032
2086
2075
2020
1929
1942
1942
1942
1942
1922
1928
1958
2072
2072
2072
2085
2085
2073
2110
2047
2027
1919
1939
1957
2031
2075
2028
1931
1882
1947
1950
1927
1984
1933
1933
2020
2111
2027
1915
1904
1904
1937
2006
2006
1908
1904
1918
1928
1933
1970
1966
1966
2024
2043
1956
1889
1896
1938
2025
2025
1959
1965
1941
1941
1894
1894
1932
1932
1943
1943
1951
1935
1956
2059
1976
1982
1987
1967
1989
1966
1947
1970
1903
1867
1937
1956
1945
1991
2001
1977
1978
2062
2062
2043
2133
1967
1955
1963
1976
1961
1967
1944
1964
2000
2116
2124
2129
2013
2008
1996
2032
2110
2074
2102
2135
2103
2097
2065
2065
2065
2054
2034
2054
2018
2021
2007
1984
2005
2019
2016
2019
1974
1974
1962
1996
1996
1996
2004
1975
1971
2005
2063
2063
2033
2033
2024
2012
2012
2012
2009
2068
2073
2007
1992
2016
2016
2070
2061
2040
2080
2051
2009
2051
2087
2074
2113
2160
2160
2145
2114
2114
2145
2127
2114
2128
2065
2023
2021
2020
2020
2020
2066
2011
2017
2008
2020
2012
2007
2144
2069
2012
2012
1920
1960
1995
2040
2018
1964
2004
1896
2033
2051
2050
2078
2026
2026
2026
1942
1958
2028
1942
1947
1947
2039
2081
2012
2002
1951
1932
1953
1945
1968
1978
2011
2024
2024
1939
1840
1827
1954
1981
1999
1989
1975
1975
1975
1999
2038
2043
1973
1970
1970
1999
1939
1929
1918
1926
1905
1894
1976
1976
2017
2017
2016
1904
1907
1930
1908
1968
2041
1926
1931
1987
1987
2046
2115
2115
2118
2041
2039
2039
2030
2071
2167
2195
2111
2078
2016
2065
2017
2037
1935
1893
1898
1898
1951
1961
1988
1976
1999
1999
2041
2071
2081
2043
1995
2003
1994
2012
2012
2011
2034
2034
2033
1944
1932
1942
1924
1902
1902
1937
1954
1965
1917
1919
1961
1961
1981
2025
1970
1967
1941
1926
2002
2059
2059
2022
1977
2009
1915
1899
1887
1908
1961
2016
2016
2005
1961
1976
1986
2074
2088
2086
1997
1997
2025
2006
1994
1994
2098
2099
2178
2113
2148
2093
2093
2087
1974
1974
1974
1974
2032
1909
1923
1923
1855
1890
1931
1891
1851
1852
1915
1890
1824
1859
1925
1930
1964
1964
1964
2003
1933
1906
1991
1991
2019
1976
2005
2070
2082
2016
2016
1987
1982
2055
2060
2026
2040
2022
1988
2030
1938
1797
1797
1735
1766
1766
1811
1838
1882
1860
1836
1912
1872
1921
1853
1985
1985
2006
1943
2026
2046
2014
2073
2155
2085
2108
2084
2144
2133
2089
2094
2056
2051
2066
2004
2004
1977
2015
2041
2069
2069
2046
2039
2039
2039
2049
2016
2055
2005
2019
2019
2019
2154
2114
2114
2139
2100
2040
2080
2087
2085
2048
2014
2027
2014
1991
1960
1930
2030
2089
2124
2089
2073
2068
2074
2083
2083
2021
1987
1907
1884
1880
1863
1863
1921
1921
1921
1957
1898
1898
1898
1914
1920
1967
1979
1966
1966
1966
1973
1973
1910
1871
1847
1847
1882
1888
1888
1997
1942
1945
1964
1935
1935
1913
1999
1965
1906
1877
1877
1844
1859
1825
1879
1876
1876
1876
1958
1958
1958
1977
1976
1899
1897
1975
1997
1908
1966
1966
1942
1919
1917
1905
2007
1989
1989
1989
1997
2016
1961
2029
2029
2064
2058
2034
2092
2092
2118
2045
2067
1971
1959
1956
1956
1956
1921
1917
1908
1902
1995
1999
1999
1926
2011
2039
2030
2067
2081
2020
2006
2043
2043
2043
2055
2058
2019
2019
2088
2015
1977
1977
1988
2000
2058
2080
2086
2080
2010
2058
1989
1962
1949
1902
1902
1913
1940
1947
1947
1947
1952
1947
1960
2044
2048
2165
2152
2142
2163
2112
2099
2102
2102
2179
2069
2033
2033
2015
2015
2050
2125
2095
2064
2058
2095
2077
2056
2010
2039
2068
2031
2031
2002
2049
2113
2113
1962
1861
1861
1861
1841
1853
1806
1814
1785
1753
1732
1732
1759
1759
1835
1854
1835
1862
1862
1862
1853
1838
1838
1838
1869
1827
1881
1881
1903
1871
1871
1894
1877
1837
1837
1902
1924
1924
1940
2004
2008
1969
1931
1931
2029
2033
2051
2051
2086
2082
2050
2058
2082
2083
2083
2083
2080
2080
2045
1963
1914
1949
1949
1974
1934
1934
1934
1959
1959
1978
1979
1963
1893
1904
1904
1894
1894
1899
1899
1899
1899
1899
1932
1916
1916
1915
1915
1885
1913
1922
1848
1878
1871
1864
1843
1864
1864
1890
1890
1900
1951
1969
2058
2058
2058
1966
1933
1923
1925
1932
1944
1982
2011
1949
1919
1909
1909
1948
1922
1907
1907
1852
1938
1871
1871
1815
1920
1910
2033
2021
2023
2037
2037
2031
2027
2027
2048
2048
2021
2009
1974
1974
2023
2023
1992
1983
1929
1913
1913
1850
1850
1844
1909
1916
1909
1916
1936
1904
1897
2037
2053
2082
2064
2030
2048
2023
2023
2004
1981
1981
1981
1985
1985
1967
2045
2030
2038
1980
1983
2023
2023
2023
2039
2089
2057
2041
2014
1962
1962
2028
2048
1985
1951
1925
1922
1929
1959
1959
2010
1995
2032
2042
1992
2071
2048
2068
1980
1961
1939
1939
1939
1982
2043
2037
1981
2025
2019
2045
2035
1978
2000
1984
2020
2020
2020
2000
2000
2000
2040
2040
2037
2037
2033
1988
1988
1988
1988
1961
1956
2006
2049
2049
2043
2096
2068
2047
2048
2035
2030
2119
2136
2002
1932
1932
1947
1910
1967
1967
1986
2011
2011
1899
1876
1876
1876
1876
1906
1919
1914
1914
1914
1914
1903
1892
1892
1916
1916
2008
1960
1921
1946
1935
1961
1974
1998
1947
1973
1936
1952
1962
1955
1955
1955
1955
2051
2093
2066
2072
2114
2081
2059
2003
2014
2011
1929
1929
2040
2050
2141
2133
2088
2050
2050
2025
1920
1920
1920
1984
1975
1995
2012
2058
2073
2073
2095
2095
2054
2019
1985
2054
2061
1979
1998
2057
2076
2097
2091
2091
2115
2095
2100
2038
2014
2038
2027
2012
2028
2092
1968
2033
2000
2035
2055
2039
2020
2028
2013
2013
1977
2063
2109
2180
2036
1973
2020
2013
2005
2003
2005
2034
2041
2032
1958
2003
2039
2024
2013
2013
1972
1972
2023
2040
2023
2029
2083
2063
2064
2034
2034
2034
2032
2105
2105
2038
1964
1974
2039
2101
2049
1955
1915
1915
1915
1950
1964
1944
1958
1966
2045
1999
2041
2041
2004
1984
1984
1958
1980
1942
1961
2034
2022
2003
1986
2046
2033
2043
1988
2087
2087
2007
2081
2148
2127
2040
1986
1986
1962
1962
1986
2002
2008
2027
2024
1957
1939
1993
1941
1837
1837
1901
1915
1914
1854
1903
1903
1904
1904
1933
1933
1947
1964
1988
2032
1987
1918
1931
1943
1943
1955
1999
2027
2009
2045
2019
2056
1899
1843
1816
1816
1814
1816
1736
1736
1736
1736
1736
1736
1781
1736
1762
1737
1737
1756
1756
1773
1768
1805
1764
1797
1806
1837
1877
1877
1877
1865
1814
1863
1863
1992
1959
1917
1963
1988
2030
2030
1993
2095
2053
2025
2025
2040
2045
2174
2076
2076
2076
2103
2127
2087
2105
2105
2081
2081
2102
2080
1959
1996
1996
1967
1967
1940
2023
2014
2009
2099
2055
2055
2119
2113
2063
2063
2063
2089
2123
2123
2123
2123
2123
2168
2139
2139
2089
2101
2099
2101
2102
2110
2063
2049
1987
1973
1931
1891
1891
1955
1943
1942
1931
1934
1934
1934
1940
1912
1898
1929
1868
1900
1963
1918
1935
1975
2047
1969
1935
1935
1958
1958
1909
1981
2030
2030
2030
2020
1940
1959
1976
1991
1991
1963
1981
1922
1897
1895
1906
1925
1947
2002
2002
1924
1887
1869
1869
1869
1879
1897
1955
1961
1982
1972
1963
1894
1898
1823
1848
1848
1848
1848
1956
1956
1980
1994
1948
1947
1952
1952
2006
1911
1849
1809
1809
1848
1848
1954
1954
1984
1984
1984
1931
1931
1833
1846
1894
1872
1946
1946
2047
2026
2026
2026
2025
2025
1962
2034
2034
2058
2037
1963
1963
1941
1898
1907
1856
1879
1885
1835
1835
1835
1835
1874
1987
2052
2052
2040
2011
2011
1997
2014
2031
2100
2080
2026
1988
2019
2090
2083
2079
1927
1967
1967
1956
1947
1947
1957
1957
2001
1964
1958
1957
2004
1982
1935
2063
2023
2063
2049
1920
1920
1920
1881
1918
1918
1960
1923
1951
1974
1950
2020
2020
2020
2062
2063
2003
1974
1982
1978
1923
1923
1893
1937
1927
1927
1927
1927
1916
1943
1947
2076
2044
2044
2065
2000
1983
2033
2033
2065
2065
2065
2000
2000
2040
2051
2044
2087
2123
2124
2186
2190
2190
2130
2130
2016
2037
2037
2091
2001
1976
1938
1938
1938
1938
1963
1963
1963
1963
2003
2014
2102
2074
2099
2052
2112
2112
2112
2021
2040
2024
2067
2067
1965
1926
1926
1926
1952
1933
1933
2013
2031
1967
1973
1973
1945
1994
1902
1917
1913
1873
1879
1868
1858
1861
1904
1904
1966
1981
1904
1934
1964
1953
1943
1893
1908
1938
1908
1921
1953
1972
2012
1962
2018
2096
2122
2122
2154
2085
2057
2057
2060
2060
2059
2070
2020
1988
1944
1957
1945
1945
1940
1922
1922
1904
1904
1921
1921
1916
1957
1966
1980
2037
2033
2048
2018
1989
2022
2019
2022
2056
2056
2056
2129
2035
1931
1895
1986
2009
2033
2039
2039
2001
2030
2030
2030
2030
1982
1944
2080
2080
2133
2090
2034
2034
2084
2106
1968
1970
1983
1990
1952
1918
1918
1913
1913
1969
1890
1866
1890
1892
1928
1928
2001
2076
2076
2091
2091
2091
2129
2163
2107
2105
2073
2081
2087
2119
2100
2102
2007
2009
1943
1881
1851
1898
1898
2067
2012
1982
1982
1986
1986
2033
2122
2153
2180
2158
2129
2179
2191
2186
2225
2124
2124
2124
2136
2116
2118
2118
2079
2067
2067
2067
2082
2065
2036
2056
2056
1967
1951
1922
1901
1976
2010
2010
2015
2009
2015
2015
1893
1893
1873
1873
1922
1922
1946
1940
1940
1910
1910
1906
1928
1928
1928
1928
1976
1991
1991
1984
1975
1954
2040
1940
1943
1943
1945
1945
1975
1972
1935
1935
1935
1935
1898
1922
1935
1935
1979
1979
1938
1912
1912
1899
1899
1899
1899
1899
1903
1903
1850
1882
1872
1829
1802
1802
1838
1907
1930
1930
1899
1962
1962
1920
1926
1871
1847
1847
1847
1847
1876
1876
1876
1876
1862
1912
1912
1912
1917
1904
1921
1921
1943
1907
1924
1977
1977
2013
1963
1926
1968
1934
1934
1934
1917
1910
1910
1995
1995
1995
1995
1995
1972
1972
1996
1953
1956
1956
1956
2002
1956
1932
1932
1959
1934
1920
1892
1944
1944
1944
1944
1888
1890
1890
1925
2072
2072
2072
2034
2021
2041
2008
2051
2033
2032
2032
1986
1957
1927
1986
2004
2035
2071
2108
2062
2010
1978
1978
1996
1946
1915
1938
1961
1961
2007
2007
1990
1990
1965
1965
2008
1875
1942
1942
1946
1946
1946
1967
1967
1961
1962
1962
1986
2044
1943
1961
1918
1879
1916
1926
1926
1942
1914
1940
1909
1909
1973
2014
2019
2019
2013
2013
1983
1953
1967
1936
1957
1957
1901
1901
1882
1970
1928
1946
2036
2036
1948
1940
1940
2003
2061
2083
2025
2025
1949
1949
1949
1908
1919
1958
1919
1919
1919
1928
1921
1922
1924
1855
1855
1855
1855
1876
1902
1941
1941
1966
1998
1967
1968
1957
1989
1994
1994
1999
1964
1961
2016
2016
2016
2016
1963
2067
2067
2015
1990
1989
1989
1989
1989
1989
2035
2054
2054
2060
2060
2033
2027
2017
1968
1908
1923
1965
1975
1975
1931
1931
1923
1923
1999
1978
2003
2003
2044
2042
2042
1968
1867
1867
1867
1867
1880
1880
1845
1845
1845
1838
1826
1791
1815
1811
1800
1800
1800
1800
1828
1889
1883
1883
1938
1886
1922
1892
1873
1976
1989
1883
1871
1852
1824
1824
1818
1818
1818
1844
1926
1937
1994
1912
1905
1863
1861
1861
1815
1815
1812
1806
1806
1806
1843
1843
1843
1843
1828
1828
1791
1797
1797
1797
1797
1797
1805
1882
1882
1961
1930
1930
2002
2002
2002
1984
2004
2004
2036
2023
2124
2124
2105
2046
2046
1992
1992
2029
2024
2064
2035
2123
2088
2085
2093
2135
2173
2068
1982
1943
1943
1948
1940
1940
1933
1933
1953
1929
1912
1912
1912
1912
1834
1790
1807
1914
1854
1861
1911
1944
1944
1999
1962
1909
1855
1881
1885
1885
1881
1881
1881
1881
1881
1833
1833
1833
1833
1865
1865
1822
1811
1843
1843
1843
1843
1843
1843
1843
1896
1923
1972
1966
1966
1966
1933
1976
1976
1981
1981
2005
2005
2001
2001
2001
1985
1975
1947
1996
1983
1983
2028
1912
1910
1930
1930
1944
1921
1921
1942
1942
1965
1984
1936
1936
1947
1947
1947
1947
1801
1801
1801
1801
1801
1801
1856
1856
1812
1812
1812
1801
1801
1836
1795
1795
1809
1886
1851
1851
1844
1853
1855
1853
1884
1884
1884
1851
1860
1902
1901
1909
1909
1917
1939
1897
1925
1925
1920
1920
1923
1870
1903
1916
1911
1904
1904
1916
1916
1916
1902
1902
1871
1871
1871
1871
1896
1949
1881
1881
1875
1875
1875
1828
1840
1843
1883
1887
1887
1887
1887
1954
1982
2047
2047
2027
1954
1947
1978
1943
1908
1919
1919
1945
1934
1929
1928
1900
1869
1896
1941
1880
1880
1880
1849
1849
1834
1848
1886
1840
1933
1933
1933
1933
1933
1968
1955
1955
1955
1916
1849
1849
1849
1849
1849
1902
1921
1995
2041
2024
2008
1952
1952
1992
1993
1985
1985
1985
2022
2022
2022
1986
2048
2048
2062
2094
2094
2012
2058
2044
2044
2044
2023
2009
1963
1923
1944
1944
1926
1903
1903
1942
1894
1941
2032
2018
1969
1959
1908
1908
1927
1966
1955
1950
1950
1950
1916
1935
1935
1949
1949
1961
1962
1958
1982
2033
1991
2010
2059
1925
1925
1936
1936
1929
1922
1947
1932
1910
1910
1910
1910
1934
1934
1997
2001
1943
1972
1928
1928
1952
1950
1938
1938
1997
2008
2017
2036
1956
1956
1956
1917
1917
1912
1912
1897
2001
1995
1985
1986
1986
1986
1996
2020
2020
2020
2001
2001
2001
2014
1996
1996
1942
1985
1953
1974
1974
2007
2007
1948
1986
1948
2008
2008
1962
1962
1972
1972
1972
1972
1966
1933
1925
1903
1939
1931
1925
1925
1926
1914
1913
1948
1853
1853
1853
1846
1927
1927
1843
1843
1847
1842
1842
1842
1891
1939
1911
1925
1925
1913
1913
1909
1909
1909
1909
1922
1922
1928
1915
1898
1950
1941
1963
1982
1982
1982
1982
2037
2037
2037
1986
1972
1972
2029
1993
1993
1993
1966
2029
1953
1956
1956
1962
2010
1963
1952
1952
1952
2006
2006
2041
2041
2006
2006
2005
2005
2005
1951
1923
1920
1920
1920
1920
1934
1934
1960
1954
1933
1923
1923
1923
1923
1967
1967
1950
1888
1885
1881
1948
1948
1948
1948
1948
1925
1925
1925
1925
1919
1919
1963
1963
1938
1971
2100
2100
2076
2002
1945
1945
1960
1937
1940
1940
1994
1994
1981
1981
1934
1934
1915
1950
1933
1934
1934
1889
1889
1889
1889
1885
1885
1905
1926
1946
1916
1916
1885
1869
1869
1869
1869
1899
1901
1901
1859
1912
1926
1928
1908
1908
1908
1885
1892
1910
1904
1870
1870
1858
1870
1868
1868
1910
1898
1898
1900
1856
1856
1856
1856
1913
1913
1913
1950
1941
1941
1927
1927
1827
1833
1833
1797
1797
1797
1797
1797
1797
1779
1779
1757
1752
1734
1734
1734
1752
1742
1742
1756
1755
1755
1781
1893
1893
1893
1922
1922
1962
1941
1947
1947
1990
1919
1919
1919
1887
1887
1887
1882
1854
1894
1894
2028
1965
1923
1923
1923
1883
1905
1905
1905
1905
1949
1949
1928
1928
1928
1958
1958
1938
1924
1924
1924
1912
1937
1972
2033
2027
2027
2027
2027
1995
1973
1973
1988
1988
1988
1988
1968
1968
1968
1968
1922
1870
1886
1868
1841
1845
1867
1864
1864
1864
1822
1822
1822
1825
1789
1789
1789
1789
1802
1802
1802
1814
1814
1814
1814
1832
1936
1954
1961
1961
1961
2005
1968
1981
1975
2021
2034
2009
1957
1957
1994
1994
2035
2031
2031
2027
2027
2027
2031
1987
1997
1997
1986
1980
2066
2080
2041
2050
1941
1941
1942
1961
1962
1962
1895
1874
1841
1841
1793
1855
1848
1848
1866
1866
1866
1811
1811
1811
1811
1811
1876
1889
1889
1889
1889
1889
1889
1809
1800
1820
1818
1818
1818
1925
1925
1925
1925
1945
1936
1936
1904
1904
1904
1904
1929
1929
1917
1917
1924
1924
1924
1924
1924
1924
1924
1913
1928
1928
1874
1874
1870
1870
1837
1884
1884
1828
1829
1829
1855
1855
1834
1849
1851
1806
1829
1829
1829
1883
1883
1883
1907
1886
1902
1903
1903
1907
1902
1907
1907
1873
1840
1840
1840
1884
1884
1884
1884
1884
1951
1951
1964
1928
1928
1928
1928
1939
1980
1901
1880
1880
1890
1905
1918
1893
1907
1908
2005
2000
1994
1996
1971
1968
1968
1968
1968
1968
1972
1982
1982
1982
1988
1988
1988
2010
2012
2015
1977
1977
1977
1977
2008
1998
1998
1998
2002
2002
1998
1998
1998
1996
2036
2036
1997
1997
1959
1959
2006
2002
1999
2100
2088
2045
2032
2020
2020
2032
1991
1996
1919
1960
1941
1941
1976
1976
2096
2088
2036
2036
2015
2015
2032
2032
1935
1949
1949
1951
1951
1959
1959
2002
1993
1993
1985
1985
1874
1874
1891
1925
1933
1911
1920
1959
1959
1905
1905
1933
1933
1971
1971
1971
1971
1946
1978
1978
1978
1978
1932
1931
1931
1931
1931
1940
1966
1913
1903
1894
1894
1922
1915
1871
1926
1926
1940
1906
1906
1906
1906
1906
1906
1889
1901
1901
1913
1895
1927
1927
1898
1897
1915
1884
1884
1897
1897
1918
1918
1887
1887
1899
1899
1899
1871
1893
1893
1861
1861
1861
1880
1880
1880
1850
1912
1967
1967
1970
1970
1951
1951
1951
1951
1929
1973
1973
1961
1961
1961
1973
1967
1967
2001
1977
1931
1982
1982
2066
2000
2000
1889
1902
1915
1915
1915
1934
1934
1934
1939
1939
1939
1939
1939
1902
1902
1902
1902
1902
1902
1869
1926
1926
1926
1926
1926
1928
1928
1928
1928
1928
1928
1928
1964
1950
1950
1934
1934
1934
1916
1974
1974
1974
1893
1904
1969
1925
1925
1919
1919
1898
1919
1931
1931
1931
1943
1943
1946
1946
1898
1898
1898
1898
1925
1925
1925
1881
1881
1989
1989
1933
1932
1925
1942
1980
1993
1993
1976
1976
1976
1976
1948
1914
2023
1979
1979
1979
1928
1863
1882
1883
1883
1894
1875
1805
1808
1811
1811
1808
1808
1808
1815
1842
1842
1842
1842
1854
1829
1829
1816
1816
1816
1816
1816
1816
1787
1787
1832
1832
1830
1830
1838
1816
1841
1841
1842
1805
1805
1805
1805
1805
1805
1768
1768
1768
1790
1756
1756
1756
1756
1756
1756
1756
1735
1735
1735
1735
1735
1738
1738
1738
1738
1738
1738
1738
1738
1738
1773
1763
1753
1781
1813
1813
1813
1819
1811
1811
1811
1811
1782
1782
1797
1797
1797
1807
1814
1814
1814
1814
1814
1844
1850
1850
1850
1850
1858
1868
1868
1868
1887
1887
1878
1856
1856
1825
1825
1805
1805
1833
1833
1833
1833
1807
1807
1790
1790
1790
1798
1824
1813
1813
1809
1809
1818
1818
1818
1818
1830
1891
1891
1836
1836
1836
1825
1789
1789
1789
1763
1789
1789
1789
1849
1849
1849
1855
1855
1855
1855
1899
1887
1926
1926
1926
1969
1969
2033
1984
1984
1984
1996
1930
1934
1968
1968
1898
1898
1898
1898
1898
1911
1911
1890
1897
1897
1897
1908
1912
1964
1964
1964
1964
1964
1970
1970
1989
1937
1937
1948
1966
1947
1933
1887
1887
1868
1862
1862
1861
1861
1861
1861
1864
1897
1887
1898
1898
1943
1943
1943
1943
1943
1954
2014
1926
1926
1926
1914
1914
1914
1911
1921
1914
1914
1914
1931
1931
1931
1943
1943
1943
1922
1922
1922
1922
1922
1922
1917
1887
1887
1887
1901
1897
1897
1897
1897
1897
1897
1848
1848
1848
1868
1888
1888
1895
1876
1876
1888
1888
1905
1905
1905
1905
1905
1922
1922
1922
1922
1922
1861
1848
1862
1862
1900
1981
2077
2094
1956
1932
1932
1816
1816
1823
1823
1823
1823
1823
1908
1908
1908
1908
1935
1939
1939
1939
1939
1966
1966
1953
1841
1841
1841
1875
1897
1882
1861
1861
1861
1861
1861
1840
1840
1840
1840
1840
1840
1829
1829
1823
1823
1823
1839
1823
1865
1865
1841
1841
1863
1863
1863
1863
1891
1891
1891
1891
1883
1882
1882
1888
1889
2023
2026
2026
2026
2026
2067
2029
2029
2053
1975
1975
1990
1990
2000
2085
2065
2082
2030
2030
1998
1998
1998
1998
1944
1952
1952
1952
1952
1966
1966
1966
1930
1930
1909
1979
1962
1962
2004
2004
2026
1997
1997
1849
1849
1856
1881
1881
1893
1893
1893
1893
1848
1848
1848
1848
1848
1848
1848
1870
1870
1877
1883
1885
1911
1907
1907
1907
1907
1907
1907
1907
1911
1874
1874
1824
1824
1824
1832
1832
1832
1822
1828
1838
1838
1842
1907
1880
1852
1852
1817
1817
1817
1817
1817
1827
1827
1808
1808
1808
1808
1808
1808
1808
1808
1806
1806
1806
1806
1806
1806
1806
1806
1806
1811
1811
1811
1811
1779
1779
1779
1779
1779
1779
1773
1773
1773
1796
1803
1803
1792
1792
1784
1784
1784
1784
1783
1829
1839
1839
1839
1839
1839
1839
1883
1885
1855
1855
1855
1827
1803
1799
1799
1799
1799
1799
1799
1777
1777
1777
1774
1774
1774
1774
1774
1774
1761
1767
1782
1782
1795
1836
1836
1836
1836
1836
1803
1803
1803
1769
1769
1769
1769
1769
1812
1816
1816
1816
1816
1816
1866
1866
1867
1867
1867
1896
1896
1894
1916
1911
1898
1898
1873
1873
1904
1876
1899
1899
1853
1853
1853
1853
1863
1863
1863
1941
1920
1900
1900
1807
1807
1807
1777
1778
1778
1849
1919
1919
1963
1964
1964
1932
1932
1932
1936
2004
2004
1951
1951
1951
1915
1926
1926
1926
1926
1850
1850
1878
1878
1878
1878
1878
1878
1878
1878
1866
1866
1866
1925
1961
1961
1903
1827
1827
1827
1806
1806
1808
1808
1808
1807
1795
1795
1795
1837
1837
1823
1823
1823
1823
1823
1786
1786
1786
1786
1825
1820
1820
1803
1803
1782
1769
1769
1769
1757
1757
1757
1776
1775
1775
1775
1775
1775
1775
1818
1817
1802
1802
1761
1768
1768
1768
1768
1826
1840
1818
1829
1829
1781
1781
1782
1811
1800
1738
1804
1804
1804
1804
1804
1804
1804
1830
1830
1830
1830
1873
1873
1873
1873
1873
1873
1846
1899
1899
1899
1899
1899
1899
1899
1899
1899
1899
1899
1899
1899
1853
1853
1860
1895
1895
1887
1887
1855
1853
1853
1853
1853
1853
1853
1853
1853
1853
1853
1853
1874
1874
1874
1874
1854
1854
1854
1853
1792
1792
1792
1792
1819
1819
1819
1787
1787
1786
1786
1797
1797
1801
1801
1801
1808
1800
1800
1800
1790
1790
1790
1790
1790
1790
1790
1790
1790
1790
1790
1790
1790
1790
1790
1790
1811
1816
1829
1797
1797
1802
1802
1802
1802
1802
1802
1836
1836
1836
1836
1842
1839
1839
1839
1839
1831
1831
1831
1831
1835
1840
1840
1840
1923
1923
1923
1923
1938
1904
1904
1904
1847
1847
1847
1847
1847
1847
1912
1912
1912
1912
1912
1936
1959
1940
1940
1966
1963
1957
1957
1957
1924
1940
1940
1940
1940
1940
1939
1864
1864
1864
1841
1841
1841
1841
1841
1841
1820
1820
1820
1791
1791
1791
1791
1791
1791
1849
1831
1831
1831
1831
1834
1831
1831
1831
1818
1816
1816
1816
1816
1816
1800
1838
1838
1804
1804
1804
1804
1798
1791
1791
1791
1791
1791
1791
1772
1772
1786
1786
1786
1758
1758
1801
1801
1856
1856
1856
1828
1828
1828
1828
1828
1828
1828
1856
1906
1873
1873
1845
1845
1862
1862
1807
1842
1842
1842
1821
1821
1821
1821
1821
1821
1839
1866
1859
1859
1859
1859
1859
1859
1859
1856
1856
1819
1818
1818
1818
1818
1818
1749
1756
1756
1767
1759
1759
1790
1798
1765
1765
1765
1765
1737
1737
1745
1745
1745
1745
1745
1745
1728
1728
1728
1728
1728
1728
1728
1732
1732
1763
1724
1724
1724
1724
1724
1723
1723
1721
1721
1721
1721
1711
1711
1711
1711
1707
1707
1707
1707
1707
1707
1707
1707
1707
1707
1707
1707
1707
1707
1695
1742
1742
1763
1764
1764
1763
1763
1763
1763
1778
1778
1778
1778
1778
1778
1778
1758
1758
1758
1758
1758
1758
1751
1729
1729
1729
1729
1729
1729
1720
1720
1729
1729
1729
1729
1729
1729
1729
1704
1704
1704
1723
1723
1723
1803
1803
1803
1803
1803
1803
1793
1802
1783
1745
1745
1745
1745
1745
1745
1745
1745
1749
1842
1842
1856
1856
1842
1842
1842
1842
1842
1842
1840
1840
1840
1890
1868
1868
1868
1876
1890
1785
1785
1785
1785
1785
1785
1797
1797
1797
1797
1797
1801
1801
1801
1801
1801
1801
1801
1801
1801
1801
1801
1801
1803
1803
1803
1782
1782
1782
1764
1764
1818
1818
1818
1805
1774
1774
1774
1774
1774
1774
1774
1751
1751
1751
1757
1757
1757
1757
1757
1757
1727
1727
1727
1727
1727
1727
1727
1727
1727
1727
1727
1727
1727
1727
1727
1727
1727
1727
1727
1727
1727
1727
1727
1726
1726
1726
1726
1726
1726
1726
1726
1726
1719
1719
1719
1719
1719
1719
1719
1719
1719
1719
1735
1735
1735
1735
1735
1735
1735
1735
1736
1732
1732
1747
1747
1742
1742
1748
1748
1748
1748
1748
1775
1782
1779
1779
1779
1779
1779
1779
1779
1779
1779
1779
1795
1795
1795
1795
1795
1800
1806
1806
1806
1806
1806
1806
1806
1806
1814
1810
1810
1810
1810
1810
1810
1810
1810
1810
1810
1799
1799
1763
1750
1734
1734
1734
1734
1734
1728
1728
1725
1721
1721
1721
1721
1721
1721
1721
1721
1721
1721
1721
1721
1721
1721
1721
1721
1721
1736
1736
1736
1736
1729
1729
1729
1729
1729
1729
1734
1734
1734
1756
1756
1756
1756
1756
1756
1756
1756
1750
1750
1750
1750
1750
1753
1753
1753
1753
1753
1753
1753
1753
1753
1765
1765
1767
1767
1767
1767
1767
1767
1767
1767
1779
1776
1776
1776
1776
1776
1764
1764
1764
1764
1764
1764
1764
1764
1764
1764
1760
1760
1760
1760
1760
1760
1760
1760
1760
1760
1760
1760
1760
1760
1760
1760
1760
1760
1785
1785
1785
1785
1785
1794
1794
1771
1771
1771
1771
1771
1771
1771
1709
1709
1709
1709
1709
1709
1709
1709
1737
1737
1739
1739
1739
1753
1753
1753
1754
1754
1754
1754
1754
1754
1754
1754
1754
1753
1753
1753
1753
1753
1753
1753
1753
1753
1753
1753
1753
1753
1753
1753
1753
1753
1753
1753
1753
1753
1753
1753
1753
1753
1753
1753
1753
1753
1753
1753
1753
1753
1753
1753
1753
1753
1753
1753
1735
1735
1735
1729
1729
1729
1729
1729
1729
1729
1729
1729
1729
1729
1729
1734
1734
1734
1734
1734
1734
1734
1734
1734
1734
1734
1733
1733
1733
1729
1729
1729
1729
1729
1729
1729
1729
1729
1741
1741
1741
1741
1741
1741
1741
1741
1743
1743
1743
1743
1743
1743
1755
1776
1776
1776
1784
1784
1763
1763
1763
1771
1803
1803
1803
1803
1803
1805
1805
1805
1805
1805
1805
1805
1805
1805
1801
1801
1801
1801
1801
1801
1801
1801
1801
1801
1801
1801
1801
1801
1796
1762
1762
1762
1762
1762
1762
1762
1802
1802
1747
1747
1761
1764
1764
1764
1764
1764
1764
1772
1771
1771
1771
1771
1771
1771
1777
1777
1777
1774
1774
1774
1774
1774
1764
1764
1764
1764
1764
1764
1764
1764
1764
1764
1764
1764
1764
1764
1764
1764
1764
1764
1764
1764
1764
1764
1764
1764
1764
1764
1764
1764
1782
1782
1782
1773
1773
1773
1773
1773
1773
1773
1773
1773
1773
1773
1773
1773
1773
1773
1773
1773
1776
1776
1776
1776
1747
1747
1747
1747
1747
1747
1705
1705
1705
1705
1705
1705
1705
1705
1705
1684
1684
1684
1684
1684
1684
1684
1684
1684
1684
1684
1684
1684
1684
1684
1684
1684
1684
1684
1684
1684
1684
1684
1684
1684
1674
1674
1697
1705
1705
1705
1705
1705
1705
1705
1705
1718
1718
1718
1718
1718
1718
1712
1712
1712
1712
1712
1712
1712
1712
1712
1712
1737
1737
1737
1719
1719
1715
1715
1715
1715
1715
1706
1706
1706
1705
1705
1705
1705
1705
1705
1705
1705
1705
1709
1709
1709
1709
1709
1709
1709
1709
1709
1709
1709
1709
1709
1709
1709
1709
1709
1714
1714
1714
1714
1714
1714
1714
1714
1714
1714
1714
1715
1715
1715
1715
1715
1715
1715
1715
1715
1715
1715
1715
1715
1715
1720
1720
1720
1720
1720
1720
1720
1720
1720
1720
1720
1720
1720
1720
1720
1709
1709
1709
1709
1709
1709
1709
1709
1709
1709
1709
1709
1721
1721
1721
1721
1721
1729
1721
1721
1725
1725
1725
1725
1725
1725
1725
1725
1725
1720
1720
1720
1720
1740
1751
1765
1765
1758
1758
1758
1758
1758
1758
1743
1743
1743
1743
1743
1743
1743
1743
1743
1743
1743
1743
1743
1743
1743
1743
1743
1743
1743
1750
1750
1750
1750
1750
1750
1750
1750
1750
1750
1750
1750
1750
1750
1750
1750
1730
1730
1730
1730
1730
1730
1730
1730
1730
1730
1730
1730
1730
1730
1703
1703
1703
1703
1703
1703
1703
1703
1703
1703
1705
1705
1705
1705
1705
1705
1705
1705
1705
1705
1705
1705
1705
1705
1705
1705
1705
1705
1705
1705
1705
1705
1703
1703
1703
1703
1703
1703
1703
1703
1703
1703
1703
1703
1703
1703
1703
1703
1703
1703
1703
1703
1703
1703
1703
1703
1703
1703
1703
1703
1703
1706
1706
1706
1706
1706
1706
1706
1728
1728
1728
1728
1728
1728
1728
1728
1728
1728
1728
1725
1725
1725
1725
1725
1725
1725
1725
1725
1725
1725
1725
1723
1723
1723
1723
1723
1723
1723
1722
1722
1722
1722
1722
1722
1722
1722
1722
1722
1710
1710
1710
1710
1710
1710
1710
1710
1710
1710
1710
1710
1710
1710
1710
1710
1710
1710
1710
1710
1710
1710
1710
1710
1710
1710
1710
1714
1714
1714
1714
1714
1714
1714
1714
1714
1714
1714
1714
1714
1714
1714
1714
1714
1716
1716
1716
1716
1716
1724
1724
1724
1724
1724
1724
1724
1724
1708
1708
1708
1708
1708
1708
1708
1708
1708
1708
1708
1708
1708
1708
1708
1708
1708
1708
1708
1708
1708
1708
1708
1708
1708
1708
1708
1708
1708
1708
1708
1708
1708
1708
1708
1692
1692
1692
1692
1692
1692
1692
1692
1692
1692
1692
1692
1692
1692
1692
1692
1692
1692
1692
1692
1692
1692
1692
1692
1692
1692
1692
1692
1692
1692
1692
1692
1692
1692
1692
1692
1692
1692
1692
1692
1692
1692
1692
1692
1692
1692
1692
1692
1692
1692
1692
1692
1692
1692
1692
1692
1692
1692
1692
1692
1692
1692
1692
1692
1692
1692
1692
1692
1692
1692
1692
1692
1692
1692
1692
1692
1692
1692
1692
1692
1692
1692
1692
1692
1692
1692
1692
1692
1692
1692
1694
1694
1694
1694
1694
1694
1694
1694
1694
1694
1694
1694
1694
1694
1694
1694
1710
1710
1710
1694
1694
1694
1694
1694
1694
1694
1694
1694
1694
1694
1694
1694
1705
1705
1694
1698
1698
1692
1692
1692
1692
1692
1692
1692
1692
1695
1695
1695
1695
1695
1695
1695
1695
1695
1695
1695
1695
1695
1695
1695
1695
1695
1688
1688
1688
1688
1688
1688
1688
1688
1688
1688
1688
1688
1688
1707
1707
1707
1707
1707
1707
1707
1702
1702
1702
1702
1702
1683
1683
1683
1683
1683
1683
1683
1683
1683
1683
1683
1683
1683
1683
1683
1683
1683
1683
1683
1683
1683
1683
1683
1683
1683
1683
1683
1683
1683
1683
1683
1683
1683
1683
1683
1683
1683
1683
1683
1683
1683
1683
1683
1683
1683
1683
1683
1683
1683
1683
1683
1683
1683
1683
1683
1683
1683
1683
1683
1683
1683
1683
1683
1683
1683
1683
1683
1683
1683
1683
1683
1683
1683
1683
1683
1683
1683
1683
1683
1683
1683
1683
1683
1683
1683
1683
1683
1683
1683
1683
1683
1683
1683
1683
1683
1683
1683
1683
1683
1683
1683
1683
1683
1683
1683
1683
1683
1683
1683
1700
1700
1700
1700
1700
1700
1683
1683
1691
1691
1691
1691
1691
1691
1691
1691
1691
1683
1683
1683
1683
1683
1683
1683
1683
1683
1686
1686
1686
1686
1686
1686
1686
1686
1686
1686
1686
1686
1686
1686
1686
1686
1686
1686
1686
1686
1686
1686
1686
1686
1686
1686
1686
1686
1686
1686
1686
1686
1686
1686
1686
1686
1686
1686
1686
1686
1686
1686
1686
1686
1686
1686
1686
1686
1686
1686
1686
1686
1686
1686
1686
1686
1686
1686
1686
1686
1686
1686
1686
1686
1686
1686
1686
1686
1686
1686
1686
1686
1686
1686
1686
1686
1686
1686
1686
1686
1686
1686
1686
1686
1686
1686
1686
1686
1686
1686
1686
1686
1686
1686
1686
1686
1686
1686
1686
1686
1686
1686
1686
1686
1686
1686
1686
1686
1686
1686
1686
1686
1686
1686
1686
1686
1686
1686
1686
1686
1686
1686
1686
1686
1686
1686
1686
1686
1686
1686
1686
1686
1686
1686
1686
1686
1686
1686
1686
1686
1686
1686
1686
1686
1686
1686
1686
1686
1686
1686
1686
1686
1686
1686
1686
1686
1686
1686
1686
1686
1686
1686
1686
1686
1686
1686
1686
1686
1686
1686
1686
1686
1686
1686
1686
1686
1686
1686
1686
1686
1686
1686
1686
1686
1686
1686
1686
1686
1686
1686
1686
1686
1686
1686
1686
1686
1686
1686
1686
1686
1686
1686
1686
1686
1686
1686
1686
1686
1686
1686
1686
1686
1686
1686
1686
1686
1686
1686
1686
1686
1686
1686
1686
1686
1686
1686
1686
1686
1686
1686
1686
1686
1686
1686
1686
1686
1686
1686
1686
1686
1686
1686
1686
1686
1686
1686
1686
1686
1686
1686
1686
1686
1686
1686
1686
1689
1689
1683
1683
1683
1683
1683
1683
1683
1683
1683
1683
1683
1683
1683
1683
1683
1683
1683
1683
1683
1683
1683
1683
1683
1683
1683
1683
1683
1683
1683
1683
1683
1683
1683
1683
1683
1683
1683
1683
1683
1683
1683
1683
1683
1683
1683
1683
1683
1683
1683
1683
1683
1683
1683
1683
1683
1683
1683
1683
1683
1683
1683
1683
1683
1683
1683
1691
1691
1691
1691
1696
1696
1696
1696
1696
1696
1692
1692
1692
1692
1692
1692
1692
1692
1692
1696
1696
1696
1696
1696
1696
1696
1696
1696
1696
1696
1683
1683
1683
1683
1683
1687
1687
1687
1687
1687
1687
1687
1687
1687
1687
1687
1687
1687
1687
1687
1687
1687
1687
1687
1687
1687
1687
1687
1687
1685
1685
1685
1687
1687
1687
1687
1687
1687
1687
1687
1687
1687
1687
1687
1687
1687
1687
1687
1687
1687
1687
1687
1687
1687
1687
1687
1687
1687
1687
1687
1687
1687
1687
1687
1687
1687
1687
1687
1687
1687
1687
1687
1687
1687
1687
1687
1687
1687
1687
1687
1687
1687
1687
1687
1687
1687
1687
1683
1683
1683
1683
1683
1683
1683
1683
1683
1683
1683
1683
1683
1683
1683
1683
1683
1683
1683
1684
1684
1684
1684
1684
1684
1684
1684
1684
1684
1687
1687
1687
1687
1687
1687
1687
1687
1687
1687
1687
1687
1687
1687
1687
1687
1687
1687
1687
1687
1687
1687
1687
1687
1687
1687
1687
1687
1687
1687
1687
1687
1687
1687
1687
1687
1687
1687
1687
1687
1687
1687
1687
1687
1687
1687
1687
1687
1687
1687
1687
1687
1687
1687
1687
1687
1687
1687
1674
1674
1674
1674
1674
1674
1674
1674
1674
1674
1676
1676
1676
1676
1676
1676
1676
1676
1676
1676
1676
1674
1674
1674
1674
1674
1674
1674
1674
1674
1674
1674
1666
1666
1666
1666
1666
1666
1666
1666
1666
1666
1666
1666
1672
1672
1672
1672
1672
1672
1672
1672
1672
1672
1672
1672
1672
1672
1665
1665
1665
1665
1665
1665
1665
1665
1665
1665
1665
1665
1665
1665
1665
1665
1665
1665
1665
1665
1665
1665
1665
1665
1665
1665
1665
1665
1665
1665
1665
1665
1665
1665
1665
1665
1665
1665
1665
1676
1676
1676
1676
1676
1676
1676
1676
1676
1676
1676
1676
1676
1676
1676
1676
1676
1676
1676
1676
1676
1676
1676
1676
1676
1676
1676
1676
1676
1676
1676
1676
1676
1676
1676
1665
1665
1665
1665
1665
1665
1665
1665
1665
1665
1665
1665
1665
1665
1665
1665
1665
1665
1665
1665
1665
1665
1665
1665
1665
1665
1665
1665
1665
1665
1665
1665
1665
1670
1670
1670
1670
1670
1670
1670
1670
1670
1670
1670
1670
1670
1670
1670
1670
1670
1670
1670
1670
1670
1670
1670
1670
1670
1670
1670
1670
1670
1670
1670
1670
1670
1670
1670
1670
1670
1670
1670
1670
1670
1670
1670
1670
1670
1670
1670
1670
1670
1670
1670
1670
1670
1670
1670
1670
1670
1670
1670
1670
1670
1675
1675
1675
1675
1675
1675
1675
1675
1675
1675
1675
1675
1675
1675
1675
1675
1675
1675
1675
1675
1675
1675
1675
1675
1675
1675
1675
1675
1675
1675
1675
1675
1675
1675
1675
1675
1675
1675
1675
1675
1675
1675
1675
1675
1675
1675
1675
1675
1675
1675
1675
1675
1675
1675
1675
1675
1675
1675
1675
1675
1668
1668
1668
1668
1668
1668
1668
1668
1668
1668
1668
1668
1668
1668
1668
1668
1668
1668
1668
1668
1668
1668
1668
1668
1668
1668
1668
1668
1668
1668
1668
1668
1668
1668
1668
1668
1668
1668
1668
1668
1668
1668
1668
1668
1668
1668
1668
1668
1668
1668
1668
1668
1668
1668
1668
1668
1668
1668
1668
1668
1668
1668
1668
1668
1668
1668
1668
1668
1668
1668
1668
1668
1668
1668
1668
1668
1668
1668
1668
1668
1668
1668
1668
1668
1668
1668
1668
1668
1668
1668
1668
1668
1668
1668
1668
1668
1668
1668
1668
1668
1668
1668
1668
1668
1668
1668
1668
1668
1668
1668
1668
1668
1668
1668
1668
1668
1668
1668
1668
1668
1659
1659
1659
1659
1659
1659
1659
1659
1659
1659
1659
1659
1659
1659
1659
1659
1659
1659
1659
1659
1659
1659
1659
1659
1659
1659
1659
1659
1659
1659
1659
1659
1659
1659
1659
1653
1653
1653
1653
1653
1653
1653
1653
1653
1653
1653
1653
1653
1653
1653
1671
1671
1671
1671
1671
1671
1671
1671
1671
1671
1652
1652
1652
1652
1652
1652
1652
1652
1652
1652
1652
1652
1652
1652
1652
1652
1652
1652
1652
1652
1652
1652
1652
1652
1652
1652
1652
1652
1652
1652
1652
1652
1652
1652
1652
1652
1652
1652
1652
1652
1652
1652
1652
1652
1652
1652
1652
1652
1652
1652
1652
1652
1652
1652
1652
1652
1652
1652
1652
1652
1652
1652
1652
1652
1652
1652
1652
1652
1652
1652
1652
1652
1652
1652
1652
1652
1652
1652
1652
1652
1652
1652
1652
1652
1652
1652
1652
1652
1652
1652
1652
1652
1652
1652
1652
1652
1652
1652
1652
1652
1652
1652
1652
1652
1652
1652
1652
1652
1652
1652
1652
1652
1652
1652
1652
1652
1652
1652
1652
1652
1652
1652
1652
1652
1652
1652
1652
1652
1652
1652
1652
1652
1652
1652
1652
1652
1652
1652
1652
1652
1652
1652
1652
1652
1652
1652
1652
1652
1652
1652
1652
1652
1652
1652
1652
1652
1652
1652
1652
1652
1652
1652
1652
1652
1652
1652
1652
1652
1652
1652
1652
1652
1652
1652
1652
1652
1652
1652
1652
1652
1652
1652
1652
1652
1652
1652
1652
1652
1652
1652
1652
1652
1652
1652
1652
1652
1652
1652
1652
1652
1652
1652
1652
1652
1652
1652
1652
1652
1652
1652
1652
1652
1652
1652
1652
1652
1652
1652
1652
1652
1652
1652
1652
1652
1652
1652
1652
1652
1652
1652
1652
1652
1652
1652
1652
1652
1652
1652
1652
1652
1652
1652
1652
1652
1652
1652
1652
1652
1652
1652
1652
1652
1652
1652
1652
1652
1652
1652
1652
1652
1652
1652
1652
1652
1652
1652
1652
1652
1652
1652
1652
1652
1652
1652
1652
1652
1652
1652
1652
1652
1652
1652
1652
1652
1652
1652
1652
1652
1652
1652
1652
1652
1652
1652
1652
1652
1652
1652
1652
1652
1652
1652
1652
1652
1652
1652
1652
1652
1652
1652
1652
1652
1652
1652
1652
1652
1652
1652
1652
1652
1652
1652
1652
1652
1652
1652
1652
1652
1652
1652
1652
1652
1652
1652
1652
1652
1652
1652
1652
1652
1652
1652
1652
1652
1652
1652
1652
1652
1652
1652
1652
1652
1652
1652
1652
1652
1652
1652
1652
1652
1652
1652
1652
1652
1652
1652
1652
1652
1652
1652
1652
1652
1652
1652
1652
1652
1652
1652
1652
1652
1652
1652
1652
1652
1652
1652
1652
1652
1652
1645
1645
1645
1645
1645
1645
1645
1645
1645
1645
1645
1645
1645
1645
1645
1645
1645
1645
1645
1645
1645
1645
1645
1645
1645
1645
1645
1645
1645
1645
1645
1645
1645
1645
1645
1645
1645
1645
1645
1645
1645
1645
1645
1645
1645
1645
1645
1645
1645
1645
1645
1645
1645
1645
1645
1645
1645
1645
1645
1645
1645
1645
1645
1645
1645
1645
1645
1645
1645
1645
1645
1645
1652
1652
1645
1645
1645
1645
1645
1645
1645
1645
1645
1645
1645
1645
1645
1645
1645
1645
1645
1643
1643
1643
1643
1643
1643
1643
1643
1643
1643
1643
1643
1643
1645
1645
1645
1645
1645
1645
1645
1645
1645
1645
1645
1645
1645
1645
1645
1645
1645
1645
1645
1645
1645
1645
1645
1645
1645
1645
1645
1645
1645
1645
1645
1645
1645
1645
1645
1645
1645
1645
1645
1645
1645
1645
1645
1645
1645
1645
1645
1645
1645
1645
1645
1645
1645
1645
1645
1645
1645
1645
1645
1645
1645
1645
1645
1642
1642
1642
1642
1642
1642
1642
1642
1642
1642
1642
1642
1642
1642
1642
1642
1642
1642
1642
1642
1642
1642
1642
1642
1642
1642
1642
1642
1642
1642
1642
1642
1642
1642
1642
1642
1642
1642
1642
1642
1642
1642
1642
1642
1642
1642
1642
1642
1642
1642
1642
1642
1642
1642
1642
1642
1642
1642
1642
1642
1642
1642
1642
1642
1642
1642
1642
1642
1642
1642
1642
1642
1642
1642
1642
1642
1642
1642
1642
1642
1642
1642
1642
1642
1642
1642
1642
1642
1642
1642
1642
1642
1642
1642
1642
1642
1642
1642
1642
1642
1642
1642
1642
1642
1642
1642
1642
1642
1642
1642
1642
1642
1642
1642
1642
1642
1642
1642
1642
1642
1642
1642
1642
1642
1642
1642
1642
1642
1642
1642
1642
1642
1642
1642
1642
1642
1642
1642
1642
1642
1642
1642
1642
1642
1660
1660
1660
1660
1660
1660
1660
1660
1660
1660
1660
1660
1660
1660
1660
1660
1660
1660
1660
1649
1649
1649
1649
1649
1649
1649
1649
1649
1649
1649
1649
1649
1649
1649
1649
1649
1649
1649
1649
1649
1649
1649
1649
1649
1649
1649
1649
1649
1649
1649
1649
1649
1649
1649
1649
1649
1649
1649
1649
1649
1649
1649
1649
1649
1649
1649
1649
1649
1649
1649
1649
1649
1649
1649
1649
1649
1649
1649
1649
1649
1649
1649
1649
1649
1649
1649
1649
1649
1649
1649
1649
1649
1649
1649
1649
1649
1649
1649
1649
1649
1649
1649
1649
1649
1649
1649
1648
1648
1648
1648
1648
1648
1648
1648
1648
1648
1648
1648
1648
1648
1648
1648
1648
1648
1648
1648
1648
1648
1648
1648
1648
1648
1648
1648
1648
1648
1648
1648
1648
1648
1648
1648
1648
1648
1648
1648
1648
1648
1648
1648
1648
1648
1648
1648
1648
1648
1648
1648
1648
1648
1648
1648
1648
1648
1648
1648
1648
1648
1648
1648
1648
1648
1648
1648
1648
1648
1648
1648
1648
1648
1648
1648
1650
1650
1650
1650
1650
1650
1650
1650
1650
1650
1650
1650
1650
1650
1650
1650
1650
1650
1650
1650
1643
1643
1643
1643
1643
1643
1643
1643
1643
1643
1643
1643
1643
1643
1643
1643
1643
1643
1643
1643
1643
1643
1643
1643
1643
1643
1643
1643
1643
1643
1643
1643
1643
1643
1643
1643
1643
1643
1643
1643
1643
1643
1643
1643
1643
1643
1643
1643
1643
1643
1643
1643
1643
1643
1643
1643
1643
1643
1643
1643
1643
1643
1643
1643
1643
1639
1639
1639
1639
1639
1639
1639
1639
1639
1639
1639
1639
1639
1639
1639
1639
1639
1639
1639
1639
1639
1639
1639
1639
1639
1639
1639
1639
1639
1639
1639
1639
1639
1639
1639
1639
1639
1639
1639
1639
1639
1639
1639
1639
1639
1639
1640
1640
1640
1640
1640
1640
1640
1640
1640
1640
1640
1640
1640
1640
1640
1640
1640
1640
1640
1640
1640
1640
1640
1640
1640
1640
1640
1640
1640
1640
1640
1640
1640
1640
1640
1640
1640
1640
1640
1640
1640
1640
1640
1640
1640
1640
1640
1640
1640
1640
1640
1640
1640
1640
1640
1640
1640
1640
1640
1640
1640
1640
1640
1640
1640
1640
1640
1640
1640
1640
1640
1640
1640
1640
1640
1640
1640
1640
1640
1640
1640
1640
1640
1640
1640
1640
1640
1640
1640
1640
1640
1640
1640
1640
1640
1640
1640
1639
1639
1639
1639
1639
1639
1639
1639
1631
1631
1631
1631
1631
1631
1631
1631
1631
1631
1631
1631
1631
1631
1631
1631
1631
1631
1631
1631
1631
1631
1631
1631
1631
1631
1631
1631
1631
1631
1631
1631
1631
1631
1631
1631
1631
1631
1631
1631
1623
1623
1623
1623
1623
1623
1623
1623
1623
1623
1623
1623
1623
1623
1623
1623
1623
1623
1623
1623
1623
1623
1623
1623
1623
1623
1623
1623
1623
1623
1623
1623
1623
1623
1623
1623
1623
1623
1623
1623
1623
1623
1623
1623
1623
1623
1623
1623
1623
1623
1623
1623
1623
1623
1623
1623
1623
1623
1623
1623
1623
1623
1623
1623
1623
1623
1623
1623
1623
1623
1620
1620
1620
1620
1620
1620
1620
1620
1620
1620
1620
1620
1620
1620
1620
1620
1620
1620
1620
1620
1620
1620
1620
1620
1620
1620
1620
1620
1620
1620
1620
1620
1620
1620
1620
1620
1620
1620
1620
1620
1620
1620
1620
1620
1620
1620
1620
1620
1620
1620
1620
1620
1620
1620
1620
1620
1620
1620
1620
1620
1620
1620
1620
1620
1620
1620
1620
1620
1620
1620
1620
1620
1620
1620
1620
1620
1620
1620
1620
1620
1620
1620
1620
1620
1620
1620
1620
1620
1620
1620
1620
1620
1620
1620
1620
1620
1620
1620
1620
1620
1620
1620
1620
1620
1620
1620
1620
1620
1620
1620
1620
1620
1620
1620
1620
1620
1620
1620
1620
1620
1620
1620
1620
1620
1620
1620
1620
1620
1620
1620
1620
1620
1620
1620
1620
1620
1620
1620
1620
1620
1620
1620
1620
1620
1620
1620
1620
1620
1620
1620
1620
1620
1620
1620
1620
1620
1620
1620
1620
1620
1620
1620
1620
1620
1620
1620
1620
1620
1620
1620
1620
1620
1620
1620
1620
1620
1620
1620
1620
1620
1620
1620
1620
1620
1620
1620
1620
1620
1620
1620
1620
1620
1620
1620
1620
1620
1620
1620
1620
1620
1620
1620
1620
1620
1620
1620
1620
1620
1620
1620
1620
1620
1620
1620
1620
1620
1620
1620
1620
1620
1620
1620
1620
1620
1620
1620
1620
1620
1620
1620
1620
1620
1620
1620
1620
1620
1620
1620
1620
1620
1620
1620
1620
1620
1620
1620
1620
1620
1620
1620
1620
1620
1620
1620
1620
1620
1620
1620
1620
1620
1620
1620
1620
1620
1620
1620
1620
1620
1620
1620
1620
1620
1620
1620
1620
1620
1620
1620
1620
1620
1620
1620
1620
1620
1620
1620
1620
1620
1620
1620
1620
1620
1620
1620
1620
1620
1620
1620
1620
1620
1620
1620
1620
1620
1620
1620
1620
1620
1620
1620
1620
1620
1620
1620
1620
1620
1620
1620
1620
1620
1620
1620
1621
1621
1621
1621
1621
1621
1621
1621
1621
1621
1621
1621
1621
1621
1621
1621
1621
1621
1621
1621
1621
1621
1621
1621
1621
1621
1621
1621
1621
1621
1621
1621
1621
1621
1621
1621
1621
1621
1621
1621
1621
1621
1621
1621
1621
1621
1621
1621
1621
1621
1621
1621
1621
1621
1621
1621
1621
1621
1621
1621
1621
1621
1621
1621
1620
1620
1620
1620
1620
1620
1620
1620
1620
1620
1620
1620
1620
1620
1620
1620
1620
1620
1620
1620
1620
1620
1620
1620
1620
1620
1620
1620
1620
1620
1620
1620
1620
