1992
1997
2053
2016
2081
2000
1997
2019
2049
2049
1964
1977
2045
2033
2022
2093
2133
2133
2082
2082
2149
2054
2012
2045
2053
2063
2022
2131
2143
2143
2092
2048
2016
2048
2021
2084
2108
2007
2022
2015
1966
1974
1952
1966
1992
1985
1985
2016
2001
2009
1921
1944
1944
1908
1921
1894
1954
1917
1921
1921
1876
1878
1954
1954
1914
1890
1902
1880
1901
1862
1870
1945
1981
1993
1991
2062
2112
2112
2010
2010
2013
2069
2019
2132
2069
2182
2220
2216
2228
2317
2268
2172
2070
2166
2176
2172
2278
2219
2231
2231
2206
2163
2156
2159
2082
2221
2167
2131
2092
1975
1894
1912
1929
1881
1940
1881
1905
1959
1965
1979
1990
1886
1849
1854
1874
1900
1888
1893
1984
2042
1916
1853
1899
2027
2057
2057
2047
2029
2060
2073
2073
2061
2006
2005
2004
2004
1963
1965
1994
1987
1987
1904
1850
1916
1939
1944
2011
2005
1999
1968
1967
2017
2028
1953
2017
1964
1955
1980
1984
2030
2002
1957
1970
1963
1951
1992
1922
2069
1991
2071
2011
2040
2123
2147
2159
2134
2159
2093
2093
2047
2013
2041
2003
2002
1949
1911
1871
1952
1909
1911
1961
1971
1971
1913
1919
2036
2036
1976
1970
1927
1924
1948
1894
1894
1827
1999
1899
1874
1874
1923
1880
1918
2003
1998
1964
1918
1918
1921
1967
1980
1996
2037
2106
2093
2078
1929
2078
2044
2075
2032
2042
1978
1986
1986
2026
2021
1993
2000
2000
1980
1987
1998
2006
2040
2074
2074
2099
2100
2017
2007
2015
2017
2112
2103
2045
2010
2066
2072
2010
2009
1993
2008
1980
2006
1980
1980
1980
2026
2054
2036
2034
2034
2021
1984
1983
2010
2015
2034
2071
2019
2076
2114
2089
2085
2155
2208
2163
2218
2140
2077
2065
2037
2034
2060
2058
2094
2051
2148
2138
2096
2159
2208
2237
2110
2110
2098
2010
1982
1950
1979
1993
1993
1994
1969
1999
1957
1963
2006
2006
1919
1919
1892
1932
1932
1932
1937
1932
1970
1970
2024
2028
1942
1923
1931
1958
1955
1957
2000
2018
2018
1959
2052
2038
2038
1983
2090
2079
2076
2088
2059
1954
2039
2030
1950
1854
1859
2000
2000
2000
1923
1923
1901
1962
1912
1912
1964
1950
1946
1946
1953
1933
1934
1963
1930
1961
1994
1972
2000
1988
2018
2054
2031
2066
2066
2028
1967
1985
2047
2068
2057
1958
1989
2018
2018
1958
1905
1905
1898
1905
1896
1896
1890
1854
1913
1967
2045
1981
1981
2010
2010
2012
2124
2131
2131
2157
2117
2052
2052
2016
2020
2113
2080
2118
2108
2098
2056
2057
2048
2080
2062
1967
1986
1978
2136
2089
2004
2005
2005
1973
1943
1971
1971
1958
1958
1982
1989
1946
1904
1871
1990
1978
2000
1993
1950
1923
1893
1945
1939
1911
1911
1960
1978
1979
1961
1952
1971
1967
1951
1913
1954
1864
1856
1879
1933
1901
1882
1877
1861
1950
1885
1862
1870
1911
1911
2040
2020
2014
2132
2068
2068
2054
2024
2025
2065
2020
1980
1958
1972
2023
1981
1972
2010
2010
2010
1930
1930
1973
2002
2068
2110
1974
1980
1980
1958
1970
1992
2010
2012
1987
2018
2027
1922
1989
1979
1947
2007
1962
1960
1997
2007
2034
2059
1955
1955
1957
2013
1944
1929
1924
1968
1929
1830
1852
1849
1845
1874
1895
1915
1926
1985
1988
1965
1989
2060
2060
1958
1938
1934
2046
2046
2046
2048
2079
2072
2039
2100
2095
2160
2128
2188
2131
2001
1959
1867
1822
1842
1895
1895
1893
1845
1845
1918
1929
1994
2051
2124
2081
2056
2053
2018
1987
1938
1942
1922
1915
1920
1982
1892
2001
1979
1865
1919
1925
1990
2066
2057
2058
2058
2095
2062
2076
2085
2123
2091
2083
2093
2109
2068
2055
2016
2078
2049
2045
2035
1994
1994
1926
1911
1919
1934
1934
1936
1940
1952
1952
1935
1949
1955
1984
1996
2017
2082
2037
2006
1997
2053
2139
2082
2017
2041
2065
2013
1982
1912
1913
1888
1888
1886
1902
1882
1922
1948
1996
2096
2111
2013
2040
2000
2063
2046
2010
2044
1985
1985
1985
1971
1989
1991
1964
1936
1929
1927
2045
1980
1919
1872
1872
1980
1980
2014
2068
2068
2068
2061
2041
2043
2044
2044
2044
2038
2038
2047
2018
2013
1998
2039
2017
2060
2060
2044
2044
2060
2013
2020
2018
2018
2002
1999
2030
2041
2041
2041
2048
2048
2048
2017
1995
1995
2026
2018
2033
1987
1987
1988
1915
1962
1962
1983
1983
1981
1981
1981
1981
2011
1987
1932
1953
1960
2032
2048
2019
2085
2085
2046
2029
2034
2025
2043
2038
1986
1967
1919
1921
1882
1879
1900
1909
1895
1878
1896
1984
2001
1995
2003
1980
2036
2107
2067
2067
2135
2100
2118
2156
2156
2164
2178
2065
2065
2044
2050
2088
2088
1927
1927
1932
1915
1896
1911
1963
1963
1990
1981
1982
2037
2047
1997
1997
2065
2065
2063
2063
1989
1960
1934
2048
2088
2108
2075
2067
1998
2015
1974
1871
1933
1937
1918
1948
1978
1952
1923
1935
1970
2059
2046
1984
1929
1966
1985
1945
1944
1963
1977
1928
2087
2042
2100
2104
1993
1986
1950
1990
1976
1945
1940
1918
1971
1971
1960
1966
1999
2021
2022
2020
2038
2024
2010
1990
1990
2006
2004
2031
2014
1992
2041
1989
2026
2026
2001
2037
2086
2060
2062
2102
2114
2068
2026
2131
2044
1941
1983
1963
1972
1995
1969
2062
2062
2062
1963
1999
1973
1993
1956
1967
1960
2028
2021
2021
2052
2030
2030
1979
1953
2011
1953
1945
1901
1857
1814
1895
1903
1863
1795
1937
1917
1917
2033
2026
2012
1981
1926
2018
2087
2160
2168
2175
2175
2178
2146
2131
2139
2138
2084
2055
2077
2045
2084
2132
2108
2123
2112
2139
2137
2091
2046
2043
1977
2063
2119
2139
2105
2090
2092
2061
2061
2145
2130
2084
2077
2102
2049
2049
2043
2023
2018
2003
2004
2035
2044
2088
2061
2047
2035
2035
2036
2039
2087
2059
2052
2037
2037
2024
2040
1987
2039
2039
2040
2022
1939
1946
1891
1984
2002
2052
2090
2017
2036
2036
2014
2034
2034
2034
2079
2089
2042
2113
2033
2087
2087
2073
2025
1999
2018
2020
2104
2070
2098
2108
2028
1953
1967
2050
2050
2056
2056
2056
2075
1993
1999
1886
1880
1848
1892
1883
1910
1956
1969
2044
2031
1965
1965
1938
1940
1985
2028
1986
1997
2085
2127
2028
1936
2018
2018
1961
1980
1986
1986
1992
1962
1962
1972
2013
2026
1996
1986
2022
2022
1990
1986
1986
1986
1994
2046
2141
2148
2148
2148
2148
2096
1955
1953
2035
2036
2055
2071
2071
2143
2108
2108
2115
2057
1995
1995
1995
2053
1916
1919
1982
1889
1919
1919
1919
1876
1926
1938
1894
1952
2022
2022
1983
1982
1982
2117
2107
2100
2054
2054
1972
1957
1976
2004
2004
1970
1942
1965
1982
2019
2048
2059
2046
2046
2046
1960
1958
1951
1920
2019
2058
2030
1980
1952
1912
1912
1960
1958
1961
1984
1984
2004
2004
1993
1977
1977
2025
2061
2041
2085
2084
1999
1968
1924
1889
1975
1958
1958
1928
1983
1998
1998
2052
2052
2064
2112
2126
2104
2087
2052
2056
2114
2053
2037
2087
2150
2155
2219
2217
2217
2242
2239
2117
2117
2117
2117
2236
2234
2193
2206
2218
2045
1972
2002
2041
1995
2009
1931
1915
2053
2043
2043
2069
2079
2074
2090
2098
2133
2123
2133
2158
2094
2108
2123
2123
2174
2109
2107
2118
2098
2125
2113
2093
2089
2083
2034
2021
1992
1957
1950
2016
1970
1970
1970
1953
1953
1986
1993
1940
2007
1977
1977
1977
1943
1952
1952
1952
1956
1980
1982
1960
1964
1982
2010
1966
1903
2012
1986
1949
1896
1896
1896
1952
1980
1922
1963
1963
1957
2020
2032
1953
1862
1862
1937
1958
2001
1993
1993
1973
1996
1914
1874
1867
1937
1921
1907
1981
1981
1827
1965
1965
1975
1975
1941
1941
1941
1926
1966
1938
1929
1927
1927
1934
1939
1934
2006
2011
1942
1887
1979
2060
2068
2094
2130
2108
2131
2119
2147
2118
2173
2049
2013
1947
1998
1998
2022
1945
1897
1952
1973
2026
2029
2051
1988
1921
1921
1905
1888
1957
2039
2018
2018
1915
1895
1909
1909
1906
2032
1986
1951
1927
1927
1929
2042
2042
2068
2045
2076
2146
2168
2174
2174
2147
2116
2116
2113
2113
2094
2094
2113
2114
2109
2096
2093
2148
2082
2116
2112
2148
2063
2085
2049
2029
2027
2051
2047
2048
2068
1946
2034
2139
2144
2146
2146
2060
2106
2119
2217
2201
2182
2117
2123
2140
2058
2131
2131
2131
2108
2095
2099
2094
2092
2094
2100
2203
2205
2062
2055
2029
1931
1979
1976
1950
1996
2051
2110
2109
2192
2300
2284
2295
2227
2188
2112
2123
2030
2034
2057
1993
2008
2015
2021
1990
1967
1970
1970
2074
2028
2065
2049
2046
1998
1938
1903
1959
1959
1959
1953
1983
1983
1902
1970
2004
1996
1996
1942
1942
2014
2014
1916
2014
2014
1964
1964
2024
1998
2038
2019
2019
2078
2095
2065
2079
1921
1925
1896
1880
1882
1897
1941
1946
1946
1974
1940
1940
1962
1933
1996
1996
1963
1975
1921
1881
1853
1887
1935
1935
1966
1944
1944
1891
1996
1994
2053
2069
2069
1962
1985
1949
1928
1902
1902
1902
1943
1871
1871
1860
1860
1838
1897
1918
1916
1916
1890
1841
1846
1859
1895
1911
1911
1910
1910
1910
1857
1966
1864
1884
1891
1921
1939
1939
1940
1940
1984
2023
1955
1925
1923
1966
2014
2092
2056
2054
2096
2088
2127
2069
2095
2070
2070
2070
2070
2073
2073
2032
2084
2084
2184
2196
2222
2185
2078
2067
2120
2120
2087
2037
2069
2019
2026
1971
1978
1975
1961
1970
2047
2206
2210
2210
2051
2075
2090
2056
2018
2006
2015
2027
2078
2009
1984
2051
2087
2210
2104
2064
1974
2013
1997
2036
2062
2032
2002
2002
2001
2021
1976
1988
1988
2063
2071
2061
2059
2041
2060
2055
2053
2036
2081
2063
2063
2112
2112
2050
2087
2137
2137
2173
2171
2208
2179
2220
2181
2203
2113
2158
2152
2152
2074
2062
2080
2062
2062
2105
2142
2138
2074
2074
2040
2069
2031
2011
2034
2157
2095
2080
2091
2089
2075
2093
2043
1996
2065
2086
2050
2078
2050
2050
2050
2058
2071
2116
2116
2116
2047
2112
2001
2001
2001
2001
2014
2017
2094
2075
2035
2017
2079
2129
2125
2047
2019
2075
2071
2067
2081
2147
2075
2089
2013
2013
2013
1997
2027
2016
2016
2009
2059
2059
2077
2052
2039
2039
1938
1974
1974
1981
2099
2148
2070
2037
1984
2050
1991
2003
2008
1982
1989
2050
2044
2002
2008
2012
2098
2041
2099
2107
2120
2099
2074
2086
2083
2095
2082
2113
2113
2068
2017
2076
2076
2041
1974
2011
1986
2010
2044
2040
2088
1979
1979
1979
1882
1982
2020
2001
2019
2013
1993
2085
2016
2059
1947
1962
1967
1967
1979
2027
2041
2081
2054
2054
1995
1936
1940
1948
1991
1991
1969
1969
1929
1903
1903
1903
1875
1946
1942
2031
1948
2007
1928
2000
1956
1901
1937
1945
1945
1976
1954
1954
1962
1962
1993
2019
2047
2069
2011
2015
2015
2011
2074
2014
2066
2025
1981
1978
1918
1940
1940
1949
1998
2023
2073
2154
2109
2091
2076
2094
2092
1987
1956
1956
1956
1956
2004
2004
2013
2060
2032
2043
2043
2025
2020
2052
2063
2079
1989
2003
1972
1983
1983
2014
1941
2017
1969
1969
2049
2039
2092
2121
2158
2059
2022
2022
1965
1983
1985
1971
1971
1971
1976
1976
1995
1976
2012
1985
1949
1949
1915
1915
1899
1899
1979
1986
2002
2003
2058
2035
1998
1973
1982
1973
1960
1938
1983
1983
1960
1960
1960
1970
1974
1970
2048
2065
2045
2061
2061
2011
2011
1991
1991
2007
1998
2091
2105
1974
1996
2025
2038
2014
1972
2037
1960
2001
2026
2026
1913
1913
1979
1924
1904
1947
1961
1922
2011
2070
2070
2113
2074
2041
1902
1918
2025
1954
1964
1816
1770
1787
1842
1830
1842
1883
1807
1854
1854
1854
1854
1854
1848
1906
1906
1913
1971
2001
1962
1928
1928
1918
1956
1938
1861
1899
1906
1877
1835
1835
1827
1878
1878
1878
1940
1889
1996
1964
1977
1977
1944
2028
2028
2039
1979
1979
2004
2018
2018
2048
2051
2040
2083
2058
2045
2093
2126
2126
2145
2145
2137
2045
2044
2139
2063
2051
2060
1926
1926
1939
1939
2006
2003
2028
2112
2107
2083
2041
2072
2062
1962
1955
1931
1955
1999
2014
1988
1992
2017
2031
2030
2049
2119
2056
2033
1938
1929
1929
1929
1965
1971
1956
2004
2070
2070
1909
1917
1894
1886
1915
1900
1942
1960
1947
1976
2031
2010
1949
1963
1994
1931
1878
1916
1897
1897
1906
1906
1860
1825
1790
1872
1878
1954
1954
1996
1993
2007
1986
2093
2125
2098
2097
2059
2032
1946
1926
1938
1921
1875
1891
1891
1913
1913
1887
1931
1931
1914
1870
1912
1886
1886
1907
1926
1913
1913
1913
1923
1923
1928
1933
1952
1952
1939
2033
2039
2039
2039
2028
1991
1997
2039
2033
2033
2033
2042
2042
2099
2102
2055
2087
2087
2087
2087
2058
2058
2052
2067
1993
1993
2004
2004
2051
2051
2005
2028
1945
2019
2061
2018
1997
2045
2021
2041
2063
2070
2074
2052
2134
2134
2103
2103
2167
2148
2175
2122
2141
2122
2083
2008
2099
2056
2056
2041
2095
1995
1941
1943
1873
1942
1915
1872
1830
1916
1913
1881
1937
1945
2004
1950
1930
2002
2002
2089
2103
2092
2168
2125
2159
2164
2091
2091
2086
2142
2131
2131
2084
2031
1907
1883
1942
1953
1907
1966
2012
1985
1980
1982
2021
2021
1989
1980
2023
2038
2068
2085
2085
2085
2020
1991
1972
2003
2003
2009
2015
2078
2042
2052
2048
2039
1987
2010
1977
2001
1997
1997
1974
1974
2032
2007
2038
1998
1965
2010
1965
2015
2092
2092
2092
2027
2046
2065
2055
2034
2019
2025
2025
2068
2095
2071
2054
2054
2097
2198
2202
2173
2101
2075
2111
2113
2113
2134
2141
2138
2138
2117
2080
2058
2031
2063
1974
2064
2053
2098
2070
2019
2089
2140
2140
2128
2128
2150
2174
2174
2229
2149
2114
2094
2113
2071
2047
2070
2100
2070
2072
2019
1998
1970
1978
1978
2022
1988
1921
1856
1889
1908
1949
1968
1956
1903
1915
1991
1930
1953
1953
1953
1953
2086
2127
2107
2114
2082
2082
2059
2015
2010
1998
2003
1944
1944
1944
1944
1902
1886
1881
1845
1885
1853
1850
1850
1790
1833
1833
1823
1832
1832
1832
1860
1836
1865
1896
1896
1886
1892
1851
1851
1830
1822
1822
1822
1837
1837
1842
1828
1833
1869
1869
1977
1909
1978
1909
1930
1898
1881
1863
1853
1870
1929
1911
1992
2000
2027
2114
2114
2132
2132
2132
2132
2160
2171
2163
2126
2203
2143
2120
2120
2153
2100
2087
2095
2046
1988
1988
2037
2068
2021
2019
2037
2090
2030
1978
2036
2033
2081
2081
2115
2088
2013
2071
2085
2085
2107
2032
2008
2017
1975
2011
2035
2015
2037
2036
1920
1912
1988
1989
1991
1946
1946
1927
2013
1983
2016
2053
2025
2033
2102
2043
2031
2011
1996
1904
1904
1904
1994
2038
2104
2102
2175
2109
2111
2038
2032
2032
2009
1841
1857
1857
1857
1898
1952
1911
1896
1892
1883
1920
1934
1993
1993
1993
2040
2040
2042
1994
2016
2016
2011
2030
2046
1989
1924
1925
1862
1862
1862
1862
1916
1968
1961
1936
1925
1922
1990
2081
2060
1988
1988
2010
2008
2008
2024
1993
1997
1927
1924
1903
1902
1902
1864
1906
1906
1906
1963
1901
1864
1931
1931
2053
2019
2091
2112
2112
2096
2096
2005
2081
2140
2117
1993
1987
1987
1987
1984
1984
1972
1976
2001
1974
2023
2054
2136
2107
2105
2105
2123
2085
2107
2124
2184
2178
2183
2173
2125
2123
2209
2260
2223
2251
2147
2013
2001
2063
2122
2117
2114
2114
2132
2109
2066
2066
2076
2042
2044
2075
2031
2073
2073
2066
2123
2166
2170
2014
2009
2018
2008
2035
2027
2046
2059
2066
1983
1987
1987
1971
1938
2097
2136
2100
2013
2013
1977
1967
1967
1882
1920
1920
1934
1933
1981
1981
1934
1962
1965
1968
1947
1900
2073
2225
2210
2243
2219
2075
2053
2054
2053
2053
2040
2074
2055
2024
2036
2048
2044
2044
2073
2073
2039
1938
2001
1969
1969
1999
1953
1877
1941
2021
2065
2093
2101
2101
2115
2041
2039
2000
2069
2019
1991
1963
1992
1967
1960
2009
1972
1921
1921
1921
1951
1926
1873
1873
1926
1956
1998
1992
1975
1851
1864
1875
1958
1884
1911
1925
1921
1965
1935
1973
1963
1979
1975
1965
1965
1917
1917
1965
1987
1894
1875
1914
1859
1859
1907
1917
1917
1917
1954
1886
1879
1879
1859
1907
1942
1974
1974
1899
1866
1866
1941
1941
1975
1997
2041
1978
2001
1990
1949
1953
1993
1836
1838
1883
1883
1883
1897
1897
1901
1873
1865
1869
1868
1894
1897
1921
1917
1905
2028
2021
1977
1908
1908
1908
1969
1959
1899
1899
1899
1977
1923
1955
2067
2011
2011
2034
1972
1998
1971
1988
1922
1910
1937
2027
2045
2014
2014
2025
2025
2084
2135
2135
2091
2091
2001
2006
2040
1978
2008
1990
1985
1956
1956
1936
1946
1946
2031
2031
2041
2064
2115
2135
2119
2049
2120
2120
2153
2091
2135
2108
2108
2119
2119
2086
1975
2034
2076
2070
2101
2029
1962
2002
2080
2064
2064
2112
2028
2054
1942
1921
1959
1922
1966
1980
2033
2051
2009
1917
1864
1864
1866
1886
1876
1857
1899
1818
1868
1868
1951
1961
1949
1913
1922
1918
1951
2022
2025
2032
2012
1979
1979
2021
2021
1995
2012
2012
2012
1983
1979
1969
2064
2040
1972
1996
1989
2012
1950
1959
1933
1933
1933
1933
1962
1962
1896
1896
1982
1982
1995
2001
1919
1932
1932
1932
1903
1903
1917
2028
2056
2012
2017
2017
1995
1993
1968
1949
1981
1981
2080
2154
2032
1950
1904
1866
1832
1876
1876
1876
1912
1860
1860
1879
1904
1886
1925
1859
1816
1794
1850
1915
1923
1951
1905
1868
1868
1926
1971
1971
1971
1984
2076
2046
2028
2044
2046
2046
2054
2001
2001
2001
2068
2057
2063
2079
1988
1988
1988
1978
2016
2016
2073
2071
2048
2048
2048
1978
1978
1998
2056
2037
2026
2008
2056
1998
2093
2099
2078
2049
2042
1965
1968
1968
1983
1983
1942
1933
1969
1969
1974
1974
1981
1973
2028
1988
1988
1955
2039
2039
2033
2033
2003
1990
2026
2041
2163
2096
2117
2025
2023
2023
2028
2106
2106
2169
2155
2178
2102
2132
2204
2217
2217
2253
2238
2153
2170
2133
2078
2066
2108
2127
2082
2123
2108
2108
2062
2030
2030
2020
2090
2090
2092
2000
2006
2014
1986
2152
2157
2161
2077
2077
2078
2021
2071
2069
2060
2090
2000
2041
2052
2049
2023
2010
2042
2045
2022
2019
1993
2044
2003
2008
2001
1975
1944
1954
1989
1970
1988
2037
2029
2010
2009
2097
2097
2097
1997
2014
2038
1971
1998
2070
1975
1914
1971
1917
1917
2004
2005
1994
2021
2041
2027
2027
2027
1959
1965
1935
1946
1946
1946
1946
1976
1988
1988
1948
1997
1982
2021
2021
2042
2055
2065
2125
2142
2120
2115
2104
2104
2104
2104
2072
1958
1958
1913
1903
1903
1903
1900
1901
1898
1898
1915
1915
1915
1915
1977
1898
1898
1899
1898
1898
1914
1892
1917
1917
1873
1922
1853
1886
1860
1898
1858
1896
1875
1910
1974
1934
1937
1945
1991
1991
1941
1976
2043
2027
2021
1971
1990
2076
2082
2110
2100
2048
2048
2083
2083
2136
2136
2119
2081
2081
2081
2064
2056
2081
2037
2024
2006
1992
1994
2001
2071
2071
2075
2003
1935
1960
1998
1998
2034
2024
1952
1993
1975
2045
2027
2061
2014
2061
2037
2091
2099
2054
2054
2070
2053
2053
2051
2067
2067
2038
2024
2032
1907
1905
1905
1877
1917
2068
2079
2001
1943
2025
2035
2010
2054
2054
2054
2002
1952
1952
2015
2015
2028
2129
1963
1899
1963
1967
1933
1933
1992
1957
1955
1938
1937
1956
1956
1915
1914
1898
1923
2015
2002
2002
1969
1976
1974
1962
2002
2019
1984
2056
2056
2056
2100
2074
2048
1938
1996
2024
2062
2082
2064
2105
2061
2062
2055
2032
1974
1935
1928
1928
1899
1899
1972
1967
1988
1981
1927
1958
1910
1910
1848
1868
1961
2002
2023
2035
2044
2044
2044
2012
2012
2004
1937
1917
1904
1888
1888
1875
1883
1874
1903
1903
1940
1884
1931
1893
1946
1946
1861
1899
1988
2030
2030
2021
2090
2019
2046
2025
2046
2046
2120
2097
2097
2097
2097
2058
2016
2016
2016
2074
2083
2083
2036
2046
2041
2037
2044
2070
1997
1999
1999
1983
1945
1920
1901
1901
1937
1888
1853
1853
1860
1860
1956
1937
1935
2015
1988
2065
2100
2052
2046
2046
2024
2024
2024
1978
1978
1954
1930
1942
1942
1918
1944
1926
1926
1926
1926
1938
1934
1934
1918
1952
1952
1948
2000
1952
1943
1941
1952
1952
1961
1936
1936
1916
1867
1867
1925
1848
1833
1902
1926
1902
1924
1903
1903
1882
1882
1882
1935
1921
1993
1993
2004
2004
2017
2003
2026
2026
2022
1996
2000
2038
2038
2038
2038
2078
2050
2050
2089
2080
2132
2131
2131
2133
2133
2120
2101
2101
2081
2106
2106
2042
2077
2026
2026
2026
1974
2017
2033
1967
1976
1909
1962
1907
1894
1894
1894
1975
1976
1976
1976
1976
1976
1981
1981
1981
1967
1916
1977
1936
1946
1946
1954
1906
1976
1898
1898
1898
1898
1870
1846
1824
1824
1824
1826
1921
1867
1865
1865
1860
1812
1812
1869
1860
1833
1911
1898
2006
2006
2000
1953
1981
1981
1956
2042
2042
2061
2037
2037
2023
2078
2025
2024
2024
2010
1997
1986
1986
1994
2012
2001
2001
1968
1974
1993
1993
1993
2052
2066
2084
2015
2019
1995
1995
1995
2012
2002
2002
1963
1963
1963
1963
1955
1950
1896
1915
1922
1933
1930
1930
1930
1919
1917
1917
1917
1946
2001
1963
1962
1962
1888
1943
1943
1903
1862
1889
1864
1816
1854
1882
1882
1861
1861
1944
1933
1883
1942
1950
1950
1919
1919
1971
1908
1908
1914
1958
1942
1995
1995
1991
1988
1962
2050
2047
2025
2025
1990
2032
2032
2029
2018
2018
2007
2021
2020
1975
1928
1903
1926
1926
1920
1985
1985
1985
1996
1942
2005
2002
2002
1993
2008
2008
1990
1927
1950
2012
1966
1933
1933
1900
1915
1901
1886
1886
1877
1870
1870
1870
1906
1899
1960
1973
1973
1973
1973
1986
1939
1939
1941
1970
1997
1997
2009
2009
1988
2008
1947
1991
1977
1971
1925
1913
1878
1885
1847
1887
1887
1901
1863
1863
1863
1863
1847
1911
1911
1911
1911
1915
1921
1915
1915
1915
1972
1972
1915
1941
1941
1933
1955
1964
1931
1922
1922
1967
1904
1872
1924
1912
1982
1982
1982
1958
1935
1932
1990
1990
2006
2006
1990
1990
1990
1990
2002
2002
2002
1990
1975
1975
1975
1975
2080
2053
2050
1956
1956
1935
1968
1988
1951
1939
1932
1932
1939
1939
1906
1906
1921
2004
2054
1963
1945
1876
1885
1947
1940
1940
1942
1940
1918
1918
1943
1871
1891
1891
1871
1871
1960
1960
2004
2063
2050
2119
1984
1915
1928
1928
1898
1898
1888
1887
1888
1888
1928
1928
1888
1955
1955
1942
1942
1942
1955
1977
2000
2074
2008
1981
2003
2010
2017
1998
2059
2058
2058
2018
1956
1956
1891
1891
1891
1891
1891
1891
1891
1898
1900
1944
1987
2020
2020
2024
2017
2072
2072
2078
2052
1989
2002
2002
1979
1979
2029
2057
2120
2114
2099
2094
2117
2112
2112
2112
2117
2082
2086
2086
2053
1985
1998
2020
2020
2023
2023
2066
2044
2094
2072
2084
2076
2073
2062
2071
2052
2072
2000
2009
1940
1948
1993
1998
1974
1974
1983
1978
1978
1981
1985
2004
2009
1995
1995
1995
1995
1953
1953
1901
1860
1871
1894
1894
1997
2007
1932
1977
1943
1943
1897
1897
1897
1897
1910
1963
1963
1979
1940
1940
1925
1920
1977
1977
1957
1972
1972
1972
1986
1990
2018
1992
1900
1900
1927
1949
1935
1925
1925
1957
1957
1957
1957
1980
2017
2098
2042
1981
1934
1934
1934
1934
1934
1934
1934
1991
2009
2009
2009
2009
1994
1994
1994
1959
1887
1847
1835
1964
1964
1953
2040
1980
1980
1922
1922
1857
1858
1844
1908
1857
1842
1842
1876
1970
2038
1992
2023
2059
2045
2031
2013
1996
1996
1994
1980
1980
1977
1977
1977
1968
1968
1968
1969
1969
1993
1993
1989
1989
1980
1910
1910
1910
1968
1975
1997
2054
2025
2034
1977
1977
1977
1969
1839
1815
1834
1845
1766
1845
1839
1839
1826
1826
1826
1826
1855
1831
1847
1866
1866
1910
1910
1849
1891
1879
1879
1879
1935
1843
1843
1819
1804
1867
1855
1855
1855
1855
1855
1893
1893
1920
1920
1914
1830
1830
1830
1830
1823
1818
1913
1913
1971
1971
1855
1868
1913
1933
1933
1933
1933
1933
1892
1903
1874
1864
1864
1864
1873
1852
1831
1926
1901
1883
1883
1889
1866
1866
1904
1966
1892
1892
1960
1956
1993
2089
2045
2045
2052
2067
2067
1991
1999
2013
1991
1991
1991
2002
2037
2031
2073
2073
2054
2049
2012
2025
2025
2032
2084
2049
2014
2009
2026
2078
2048
2059
2080
2047
2077
2077
2065
2032
2001
2026
2026
1874
1813
1843
1843
1843
1863
1863
1854
1854
1854
1877
1927
1927
1927
1928
1928
1928
1928
1944
1943
1943
1943
1944
1920
1953
1941
1897
1897
1963
1947
1948
1946
1903
1895
1895
1895
1970
1981
1981
1981
1941
1912
1887
1931
1931
1947
1930
1930
1930
1930
1931
1932
1934
1935
1910
1944
1944
1944
1966
1993
1993
1935
1929
1929
1935
1935
1865
1814
1814
1814
1814
1887
1887
1887
1887
1887
1887
1887
1952
1952
1945
2024
2084
2100
2087
2016
2042
2026
2039
1990
1952
1939
1957
1957
1957
1956
1956
1972
1945
1957
1905
1905
1985
1927
1890
1875
1875
1890
1875
1881
1900
1884
1908
1874
1874
1874
1874
1905
1874
1825
1825
1832
1832
1832
1820
1882
1882
1882
1886
1886
1859
1852
1852
1894
1894
1931
1935
1936
1919
1919
1919
1935
1935
1935
1947
1947
1947
1946
1990
1974
2024
1992
1983
2003
2003
1948
1937
1936
1905
1886
1940
1940
1940
1940
1876
1874
1874
1887
1911
1911
1855
1918
1971
1954
1960
1960
1915
1887
1887
1919
1919
1919
1919
1940
1838
1838
1838
1849
1849
1857
1801
1801
1811
1803
1803
1803
1864
1864
1888
1940
1931
1931
1943
1907
1866
1866
1846
1783
1783
1783
1772
1772
1772
1763
1763
1807
1819
1886
1870
1870
1870
1857
1845
1830
1890
1890
1890
1853
1826
1848
1994
1948
1944
1944
1944
1964
1992
1995
1995
1968
1939
1941
1941
1911
1911
1912
1913
1913
1913
1919
1919
1919
1919
1919
1949
1949
1949
1947
1978
1978
1978
1978
1972
1972
1972
1972
1972
2045
2045
2045
2040
1966
1954
1901
1919
1919
1919
1919
1943
1920
1920
1920
1920
1920
1889
1889
1889
1923
1923
1923
1895
1895
1895
1910
1910
1910
1902
1875
1838
1859
1859
1956
1894
1960
1960
1929
1926
1926
1926
1962
1917
1885
1885
1855
1857
1857
1857
1867
1900
1915
1915
1892
1892
1896
1935
1906
1906
1906
1906
1927
1971
1940
1917
1973
1973
1959
1968
1969
1969
1969
1949
1974
1974
1917
1917
1887
1978
1978
1967
1967
2005
1978
1978
1978
1984
1984
1991
2032
1884
1884
1856
1844
1846
1846
1850
1846
1851
1841
1841
1880
1861
1861
1861
1879
1839
1862
1862
1862
1903
1914
1853
1853
1853
1853
1853
1851
1851
1898
1904
1904
1904
1904
1915
1921
1921
1921
1921
1921
1921
1940
1973
1973
1993
1990
1894
1894
1881
1858
1888
1841
1888
1894
1894
1890
1918
1921
1893
1893
1893
1893
1918
1913
1913
1983
2020
2020
1958
2020
1970
1960
1994
1994
1974
1939
1926
1859
1906
1887
1887
1887
1884
1884
1925
1925
1925
1930
1930
1876
1876
1859
1846
1846
1802
1802
1802
1828
1833
1833
1850
1879
1897
1965
1931
1931
1897
1897
1872
1872
1827
1827
1827
1827
1827
1819
1825
1825
1823
1823
1823
1823
1797
1797
1798
1798
1798
1798
1798
1798
1800
1800
1800
1800
1830
1798
1798
1841
1820
1820
1820
1791
1791
1791
1747
1747
1747
1772
1852
1845
1845
1830
1830
1830
1802
1802
1776
1799
1872
1872
1834
1860
1860
1860
1872
1874
1874
1874
1874
1874
1872
1874
1943
1967
2016
2040
2040
1959
1949
1949
1909
1855
1864
1945
1886
1886
1886
1907
1912
1928
1873
1873
1873
1873
1793
1814
1814
1814
1814
1814
1814
1814
1814
1814
1814
1814
1840
1840
1840
1867
1867
1867
1867
1867
1867
1822
1784
1834
1862
1862
1862
1862
1862
1862
1842
1842
1842
1842
1842
1849
1849
1849
1859
1859
1859
1859
1859
1832
1832
1846
1846
1846
1846
1846
1846
1854
1854
1854
1893
1915
1937
1937
1937
1916
1916
1916
1916
1916
1945
1945
1957
1957
1957
1991
1972
1972
1901
1901
1866
1866
1866
1866
1866
1909
1900
1900
1941
1932
1932
1932
1932
1928
1913
1940
1940
1940
1925
1925
1925
1925
1925
1930
1930
1934
1934
1934
1915
1915
1897
1897
1897
1922
1968
1971
1971
1971
1971
1984
1979
1974
1991
1991
1960
1960
1960
1992
1999
1990
1990
1990
1991
2009
1998
2002
2002
2021
1954
2010
2024
2008
2012
1975
1992
2014
1958
1958
1992
2013
2003
1968
1968
1949
1949
1949
1949
1949
1973
1987
2049
2007
1980
1975
1975
1975
1975
1925
1925
1925
1925
1925
1948
1948
1948
1945
1945
1945
1916
1888
1888
1917
1873
1868
1868
1886
1890
1884
1884
1904
1931
1905
1905
1920
1920
1880
1880
1880
1903
1892
1892
1930
1905
1905
1853
1853
1853
1853
1861
1861
1861
1861
1853
1853
1837
1837
1837
1837
1857
1857
1853
1853
1843
1843
1843
1933
1933
1933
1933
1933
1927
1928
1916
1931
1966
1966
1959
1933
1900
1891
1885
1885
1885
1885
1885
1943
1933
1969
1969
1969
1969
1969
1969
1969
1964
1945
1943
1943
1943
1943
1943
1943
1943
1943
1943
1929
1934
1934
1879
1860
1860
1892
1892
1892
1915
1915
1915
1915
1915
1916
1916
1891
1891
1891
1955
1953
1925
1909
1909
1918
1860
1860
1860
1859
1859
1874
1910
1881
1881
1881
1897
1913
1927
1913
1912
1912
1912
1875
1875
1831
1831
1831
1831
1850
1850
1892
1892
1892
1892
1892
1892
1905
1905
1905
1905
1861
1849
1849
1849
1849
1849
1840
1832
1928
1928
1928
1928
1928
1946
1937
1938
1938
1938
1914
1914
1914
1914
1915
1915
1883
1883
1897
1855
1901
1931
1931
1931
1920
1920
1920
1920
1929
1908
1908
1908
1908
1896
1873
1873
1903
1832
1840
1846
1846
1846
1846
1846
1846
1846
1846
1846
1906
1886
1879
1879
1883
1876
1876
1890
1878
1878
1878
1870
1834
1869
1870
1870
1869
1869
1869
1848
1830
1830
1830
1830
1830
1830
1830
1830
1830
1830
1830
1830
1830
1790
1790
1778
1778
1778
1783
1801
1801
1801
1833
1881
1881
1927
1927
1927
1927
1918
1924
1953
1888
1888
1895
1895
1895
1895
1887
1940
1940
1940
1940
1906
1906
1906
1907
1927
1927
1933
1960
1960
1997
2000
1967
1955
1955
1999
1992
1955
1956
1883
1883
1939
1945
1957
1960
1960
1949
1971
1957
1956
1944
1924
1924
1924
1940
1940
1920
1920
1885
1891
1891
1891
1891
1891
1891
1891
1891
1859
1859
1859
1859
1859
1859
1861
1861
1861
1861
1843
1843
1853
1849
1849
1881
1881
1834
1834
1834
1834
1819
1819
1819
1819
1869
1869
1869
1884
1887
1900
1906
1906
1923
1924
1924
1924
1924
1924
1924
1826
1826
1915
1915
1915
1857
1867
1868
1840
1840
1816
1816
1869
1869
1857
1840
1840
1840
1840
1852
1852
1803
1803
1803
1803
1824
1824
1794
1794
1794
1794
1794
1794
1794
1799
1816
1816
1806
1806
1829
1829
1829
1829
1823
1839
1839
1839
1839
1839
1839
1823
1844
1844
1865
1849
1863
1852
1874
1866
1853
1866
1879
1882
1821
1821
1832
1839
1839
1839
1839
1839
1839
1839
1876
1876
1876
1876
1876
1876
1900
1871
1871
1871
1871
1871
1893
1893
1893
1900
1900
1900
1916
1916
1891
1891
1898
1855
1855
1855
1853
1838
1838
1847
1854
1854
1854
1854
1854
1887
1887
1900
1906
1877
1866
1895
1895
1895
1877
1877
1877
1877
1877
1877
1839
1839
1826
1826
1852
1818
1818
1844
1844
1844
1852
1843
1843
1843
1847
1847
1847
1884
1867
1867
1867
1867
1863
1863
1863
1863
1865
1865
1865
1865
1876
1876
1938
1938
1962
1962
1963
1963
1949
1949
1964
1889
1889
1889
1889
1889
1889
1850
1848
1779
1779
1779
1779
1774
1774
1774
1774
1774
1774
1774
1803
1803
1803
1803
1803
1703
1703
1703
1703
1703
1750
1760
1760
1768
1750
1750
1750
1750
1854
1854
1863
1863
1854
1897
1897
1897
1895
1879
1882
1882
1911
1824
1824
1824
1824
1824
1824
1882
1882
1882
1882
1876
1876
1820
1863
1863
1863
1862
1818
1818
1818
1803
1803
1803
1798
1798
1798
1798
1917
1917
1917
1929
1929
1945
1935
1913
1874
1875
1818
1818
1825
1825
1854
1854
1854
1858
1858
1849
1847
1847
1840
1840
1840
1840
1840
1840
1839
1839
1824
1824
1823
1823
1823
1823
1827
1827
1827
1830
1830
1830
1827
1823
1852
1855
1874
1874
1856
1845
1829
1815
1815
1815
1786
1796
1796
1796
1796
1796
1796
1796
1796
1796
1796
1796
1796
1796
1796
1796
1796
1796
1796
1796
1811
1811
1811
1811
1811
1811
1811
1811
1811
1811
1834
1905
1905
1888
1888
1888
1888
1888
1888
1888
1888
1888
1888
1888
1899
1911
1912
1850
1850
1852
1852
1855
1855
1855
1850
1910
1910
1897
1897
1892
1892
1862
1864
1864
1823
1866
1886
1845
1845
1845
1819
1819
1819
1819
1819
1819
1819
1819
1819
1803
1872
1872
1872
1831
1831
1831
1799
1799
1799
1799
1799
1799
1799
1799
1799
1799
1799
1799
1799
1799
1799
1799
1847
1846
1894
1894
1894
1846
1846
1826
1826
1826
1826
1826
1826
1826
1826
1826
1829
1868
1870
1870
1870
1901
1901
1893
1833
1833
1833
1833
1833
1833
1833
1833
1848
1848
1848
1886
1886
1886
1886
1886
1886
1861
1850
1850
1827
1827
1827
1827
1827
1835
1835
1835
1835
1864
1852
1861
1874
1874
1880
1880
1880
1880
1893
1855
1855
1855
1888
1925
1925
1925
1925
1868
1868
1893
1893
1921
1921
1933
1928
1928
1928
1928
1928
1928
1928
1897
1897
1919
1919
1919
1924
1932
1932
1932
1912
1932
1890
1890
1890
1890
1890
1917
1890
1890
1889
1889
1889
1889
1889
1889
1889
1920
1920
1920
1923
1923
1854
1854
1854
1854
1863
1863
1863
1894
1882
1879
1913
1913
1910
1910
1910
1922
1922
1890
1890
1890
1890
1890
1889
1889
1861
1861
1861
1861
1850
1850
1850
1850
1850
1850
1850
1850
1850
1850
1830
1823
1821
1821
1820
1812
1812
1812
1812
1812
1812
1812
1812
1829
1829
1829
1829
1829
1829
1829
1823
1810
1815
1815
1815
1815
1815
1815
1815
1815
1815
1815
1815
1815
1815
1815
1815
1815
1815
1815
1815
1815
1815
1790
1790
1790
1807
1807
1794
1794
1794
1789
1789
1798
1798
1798
1798
1846
1846
1846
1846
1846
1798
1798
1798
1798
1798
1798
1798
1798
1798
1798
1798
1835
1846
1846
1816
1816
1816
1805
1805
1805
1805
1805
1805
1805
1805
1805
1805
1805
1805
1805
1805
1805
1799
1799
1829
1829
1833
1803
1803
1803
1803
1803
1803
1817
1817
1817
1817
1817
1817
1817
1839
1826
1852
1852
1852
1852
1852
1852
1869
1892
1892
1892
1892
1877
1877
1877
1877
1877
1877
1862
1862
1855
1855
1803
1803
1803
1803
1816
1816
1877
1877
1877
1900
1864
1864
1843
1877
1877
1868
1835
1844
1840
1840
1830
1830
1781
1781
1781
1781
1774
1774
1798
1798
1798
1787
1846
1838
1838
1859
1859
1864
1864
1864
1864
1867
1867
1867
1867
1867
1867
1873
1873
1873
1862
1862
1862
1862
1862
1844
1844
1844
1844
1926
1926
1926
1888
1853
1870
1870
1858
1858
1858
1869
1833
1833
1833
1833
1833
1822
1822
1832
1794
1794
1794
1794
1757
1754
1727
1727
1727
1727
1727
1727
1727
1727
1733
1733
1733
1733
1733
1733
1733
1727
1786
1786
1786
1786
1786
1786
1786
1786
1784
1784
1807
1784
1794
1794
1794
1794
1794
1794
1805
1814
1814
1812
1812
1824
1844
1844
1844
1844
1778
1778
1778
1778
1810
1815
1819
1819
1819
1819
1819
1819
1819
1819
1819
1819
1819
1819
1819
1779
1779
1779
1779
1779
1779
1779
1779
1779
1779
1779
1792
1744
1744
1747
1747
1747
1747
1747
1747
1789
1789
1789
1789
1789
1789
1793
1793
1793
1793
1793
1793
1793
1793
1806
1793
1747
1747
1793
1793
1793
1793
1793
1820
1813
1838
1845
1849
1838
1849
1849
1814
1808
1808
1815
1815
1815
1815
1829
1837
1837
1850
1850
1815
1815
1815
1815
1815
1815
1815
1815
1819
1819
1796
1796
1796
1796
1806
1806
1806
1806
1806
1806
1795
1786
1776
1776
1776
1776
1776
1776
1776
1775
1756
1756
1756
1851
1851
1851
1851
1854
1854
1847
1847
1845
1845
1845
1844
1854
1854
1854
1854
1854
1854
1854
1854
1825
1825
1825
1825
1823
1823
1823
1856
1839
1897
1897
1897
1890
1890
1890
1890
1875
1889
1889
1889
1889
1889
1873
1873
1873
1873
1884
1884
1884
1884
1874
1876
1876
1860
1869
1840
1839
1845
1845
1845
1845
1845
1845
1845
1845
1845
1845
1824
1824
1824
1824
1824
1824
1824
1825
1825
1825
1825
1825
1825
1825
1825
1825
1825
1825
1825
1825
1825
1825
1825
1825
1825
1825
1825
1825
1825
1825
1829
1829
1829
1829
1829
1829
1829
1829
1829
1829
1840
1840
1840
1840
1840
1830
1830
1830
1778
1778
1778
1777
1777
1777
1777
1777
1777
1777
1777
1777
1777
1777
1777
1777
1777
1770
1770
1770
1770
1770
1770
1770
1770
1770
1770
1770
1770
1770
1770
1770
1770
1770
1770
1785
1785
1788
1740
1740
1740
1740
1740
1740
1740
1740
1740
1740
1740
1740
1740
1740
1740
1740
1740
1740
1740
1740
1740
1740
1740
1740
1740
1740
1740
1745
1745
1745
1745
1758
1758
1752
1752
1752
1752
1752
1752
1752
1752
1752
1736
1736
1736
1736
1736
1736
1736
1736
1736
1720
1720
1720
1720
1720
1720
1720
1720
1720
1725
1725
1725
1725
1725
1725
1725
1712
1712
1712
1712
1712
1712
1712
1712
1712
1712
1712
1712
1712
1712
1712
1712
1712
1712
1712
1712
1712
1712
1712
1712
1712
1712
1712
1712
1712
1751
1751
1751
1751
1751
1752
1752
1752
1752
1752
1752
1767
1767
1767
1767
1767
1789
1789
1789
1789
1789
1789
1789
1773
1773
1758
1737
1737
1737
1737
1737
1737
1737
1737
1737
1737
1737
1743
1751
1751
1751
1751
1751
1751
1751
1751
1751
1751
1751
1751
1776
1776
1776
1776
1776
1776
1776
1776
1776
1776
1776
1776
1776
1776
1799
1799
1799
1799
1799
1819
1819
1819
1819
1819
1819
1819
1805
1805
1805
1805
1808
1808
1808
1808
1808
1817
1817
1817
1817
1817
1829
1829
1829
1829
1809
1809
1809
1809
1809
1809
1809
1809
1809
1809
1818
1818
1818
1816
1812
1812
1800
1762
1762
1762
1762
1762
1762
1762
1762
1762
1746
1746
1746
1746
1746
1746
1746
1746
1746
1746
1746
1760
1762
1762
1762
1762
1762
1762
1762
1762
1762
1762
1762
1762
1762
1762
1762
1762
1762
1762
1762
1762
1762
1762
1779
1779
1779
1779
1779
1779
1779
1779
1762
1762
1762
1769
1769
1769
1769
1769
1755
1767
1767
1767
1767
1767
1755
1755
1755
1755
1755
1777
1755
1755
1755
1755
1755
1755
1755
1755
1755
1755
1755
1755
1755
1755
1755
1755
1755
1755
1763
1763
1756
1758
1758
1761
1761
1761
1761
1761
1761
1761
1761
1761
1765
1765
1765
1765
1739
1739
1739
1739
1739
1743
1743
1743
1743
1743
1743
1743
1743
1743
1743
1743
1743
1743
1743
1743
1743
1743
1743
1743
1743
1743
1743
1743
1743
1743
1743
1743
1743
1743
1743
1761
1761
1761
1761
1761
1761
1761
1755
1755
1755
1755
1759
1759
1769
1762
1762
1762
1745
1745
1742
1742
1742
1764
1764
1764
1764
1753
1753
1753
1758
1758
1758
1727
1727
1727
1727
1727
1727
1727
1727
1727
1727
1730
1730
1730
1725
1725
1725
1725
1725
1725
1725
1725
1725
1725
1725
1725
1725
1725
1725
1725
1725
1725
1725
1725
1725
1725
1725
1734
1734
1734
1734
1734
1734
1734
1734
1734
1734
1734
1734
1734
1734
1749
1749
1749
1749
1749
1749
1749
1749
1749
1749
1752
1752
1752
1752
1752
1752
1752
1752
1752
1757
1757
1757
1757
1757
1757
1757
1757
1757
1757
1766
1766
1766
1766
1766
1758
1758
1759
1759
1759
1759
1759
1759
1759
1759
1759
1759
1759
1759
1754
1754
1754
1754
1754
1754
1754
1754
1754
1754
1754
1754
1754
1754
1754
1754
1754
1754
1754
1780
1780
1780
1763
1750
1750
1750
1750
1750
1724
1724
1724
1724
1724
1724
1748
1748
1748
1748
1748
1748
1748
1748
1748
1748
1748
1748
1748
1748
1748
1748
1748
1748
1748
1737
1737
1737
1737
1737
1737
1737
1737
1739
1739
1739
1739
1739
1739
1739
1739
1739
1739
1739
1713
1713
1713
1713
1713
1681
1681
1681
1681
1681
1681
1681
1681
1681
1681
1681
1681
1681
1681
1681
1681
1681
1681
1681
1681
1681
1681
1681
1681
1681
1681
1681
1681
1681
1681
1681
1681
1681
1681
1681
1681
1681
1681
1681
1681
1681
1681
1681
1681
1681
1681
1681
1681
1681
1681
1681
1681
1681
1681
1681
1681
1681
1681
1681
1681
1681
1681
1681
1681
1681
1681
1681
1681
1681
1681
1681
1681
1681
1681
1681
1681
1681
1681
1681
1681
1681
1681
1681
1681
1681
1681
1681
1681
1681
1681
1681
1681
1681
1681
1681
1681
1681
1681
1681
1681
1681
1681
1681
1681
1681
1681
1681
1681
1681
1681
1681
1681
1681
1681
1681
1681
1681
1681
1681
1681
1681
1681
1681
1681
1681
1681
1681
1681
1681
1681
1681
1681
1681
1681
1681
1681
1681
1681
1681
1681
1681
1681
1681
1681
1681
1681
1681
1681
1681
1681
1676
1676
1676
1676
1676
1676
1676
1676
1676
1676
1676
1676
1676
1676
1676
1676
1676
1676
1676
1676
1676
1676
1676
1676
1676
1676
1676
1676
1676
1676
1676
1676
1676
1676
1676
1676
1676
1676
1676
1676
1676
1676
1676
1676
1676
1676
1676
1676
1676
1676
1676
1676
1676
1676
1676
1676
1676
1676
1676
1676
1676
1676
1676
1676
1676
1676
1676
1676
1676
1676
1676
1676
1676
1676
1630
1630
1630
1630
1630
1630
1630
1630
1630
1630
1630
1630
1630
1630
1630
1630
1630
1630
1630
1630
1630
1630
1630
1630
1630
1630
1630
1630
1630
1630
1630
1630
1630
1630
1630
1630
1630
1630
1630
1630
1630
1630
1630
1630
1630
1630
1630
1630
1630
1630
1630
1630
1630
1644
1644
1644
1644
1644
1644
1644
1644
1644
1644
1644
1644
1644
1644
1644
1644
1644
1644
1644
1644
1644
1644
1644
1644
1644
1644
1644
1644
1644
1644
1644
1644
1644
1644
1644
1644
1644
1644
1644
1644
1644
1644
1644
1644
1644
1644
1644
1644
1644
1644
1644
1644
1633
1633
1633
1633
1635
1635
1635
1635
1635
1635
1635
1635
1635
1635
1635
1635
1635
1635
1635
1635
1635
1635
1635
1635
1635
1635
1635
1635
1635
1635
1635
1635
1635
1635
1635
1635
1635
1635
1635
1619
1619
1619
1619
1619
1619
1619
1619
1619
1619
1619
1619
1619
1619
1619
1619
1619
1619
1619
1619
1619
1619
1619
1619
1619
1619
1619
1619
1619
1619
1619
1619
1619
1619
1619
1619
1619
1619
1619
1619
1619
1619
1619
1619
1619
1619
1619
1619
1619
1619
1619
1619
1619
1619
1619
1619
1619
1619
1619
1619
1619
1619
1619
1619
1619
1619
1619
1619
1619
1619
1619
1619
1619
1619
1619
1619
1619
1619
1619
1619
1619
1619
1619
1619
1619
1619
1619
1619
1619
1619
1619
1619
1619
1619
1619
1619
1619
1619
1619
1619
1619
1619
1619
1619
1619
1619
1619
1619
1619
1619
1619
1619
1619
1619
1619
1619
1619
1619
1619
1619
1619
1619
1619
1619
1619
1619
1619
1619
1619
1619
1619
1619
1619
1619
1619
1619
1619
1619
1619
1619
1619
1619
1619
1619
1619
1619
1619
1619
1619
1619
1619
1619
1619
1619
1619
1619
1619
1619
1619
1619
1619
1619
1619
1619
1619
1619
1619
1619
1619
1619
1619
1619
1619
1619
1619
1619
1619
1619
1619
1619
1619
1619
1619
1619
1619
1619
1619
1619
1619
1619
1619
1619
1619
1619
1619
1619
1619
1619
1619
1619
1619
1619
1619
1619
1619
1619
1619
1619
1619
1619
1619
1619
1619
1619
1619
1619
1619
1619
1619
1619
1619
1619
1619
1619
1619
1619
1619
1619
1619
1619
1619
1619
1619
1619
1619
1619
1619
1619
1619
1619
1619
1619
1619
1619
1619
1619
1619
1633
1633
1633
1633
1633
1633
1633
1633
1633
1633
1633
1633
1633
1633
1633
1633
1633
1633
1633
1633
1633
1633
1619
1619
1619
1619
1619
1619
1619
1619
1619
1619
1619
1619
1619
1619
1619
1619
1619
1619
1619
1619
1619
1619
1619
1619
1619
1619
1619
1619
1619
1619
1619
1619
1619
1619
1619
1619
1619
1619
1619
1619
1619
1619
1619
1619
1619
1619
1619
1619
1619
1619
1619
1619
1619
1619
1619
1619
1619
1619
1619
1619
1619
1619
1619
1619
1619
1619
1619
1619
1619
1619
1619
1619
1619
1619
1619
1619
1619
1619
1619
1619
1619
1619
1619
1619
1619
1619
1619
1619
1619
1619
1619
1619
1619
1619
1619
1619
1619
1619
1619
1619
1619
1619
1619
1619
1619
1619
1619
1619
1619
1619
1619
1619
1619
1619
1619
1619
1619
1619
1619
1619
1619
1619
1619
1619
1619
1619
1619
1619
1619
1619
1619
1619
1619
1619
1606
1606
1606
1606
1606
1606
1606
1606
1606
1606
1606
1606
1606
1606
1606
1606
1606
1606
1606
1606
1606
1606
1606
1606
1606
1606
1606
1606
1606
1606
1606
1606
1606
1606
1606
1606
1606
1606
1606
1606
1606
1606
1606
1606
1606
1606
1606
1606
1606
1606
1606
1606
1606
1606
1606
1606
1606
1606
1606
1606
1606
1606
1606
1606
1606
1606
1606
1606
1606
1606
1606
1606
1606
1606
1606
1606
1606
1606
1606
1606
1606
1606
1606
1606
1606
1606
1606
1606
1606
1606
1606
1606
1606
1606
1606
1606
1606
1606
1606
1606
1606
1606
1606
1606
1606
1606
1606
1606
1606
1606
1606
1606
1606
1606
1606
1606
1606
1606
1606
1606
1606
1606
1606
1606
1606
1606
1606
1606
1606
1606
1606
1606
1606
1606
1606
1606
1606
1606
1606
1606
1606
1606
1606
1606
1606
1606
1606
1606
1606
1606
1606
1606
1606
1606
1606
1606
1606
1606
1606
1606
1606
1606
1606
1606
1606
1606
1606
1606
1606
1606
1606
1606
1606
1606
1606
1606
1606
1606
1606
1606
1606
1606
1606
1606
1606
1606
1606
1606
1606
1606
1606
1606
1606
1606
1606
1606
1606
1606
1606
1606
1606
1606
1606
1606
1606
1606
1606
1606
1606
1606
1606
1606
1606
1606
1606
1606
1606
1606
1606
1606
1606
1606
1606
1606
1606
1606
1606
1606
1606
1606
1606
1606
1606
1606
1606
1606
1606
1606
1606
1606
1606
1606
1606
1606
1606
1606
1606
1606
1606
1606
1606
1606
1606
1606
1606
1606
1606
1606
1606
1606
1606
1606
1606
1606
1606
1606
1606
1606
1606
1606
1606
1606
1606
1606
1606
1606
1606
1606
1606
1606
1606
1606
1606
1606
1606
1606
1606
1606
1606
1606
1606
1606
1606
1606
1606
1606
1606
1606
1606
1606
1606
1606
1606
1606
1606
1606
1606
1606
1606
1606
1606
1606
1606
1606
1606
1606
1606
1606
1606
1606
1606
1606
1606
1606
1606
1606
1606
1606
1606
1606
1606
1606
1606
1606
1606
1606
1606
1606
1606
1606
1606
1606
1606
1606
1606
1606
1606
1606
1606
1606
1606
1606
1606
1606
1606
1606
1606
1606
1606
1606
1606
1606
1606
1606
1606
1606
1606
1606
1606
1606
1606
1606
1606
1606
1606
1606
1606
1606
1606
1606
1606
1606
1606
1606
1606
1606
1606
1606
1606
1606
1606
1606
1606
1606
1606
1606
1606
1606
1606
1606
1606
1606
1606
1606
1606
1606
1606
1606
1606
1606
1606
1606
1606
1606
1606
1606
1606
1606
1606
1606
1606
1606
1606
1606
1606
1606
1606
1606
1606
1606
1606
1606
1606
1606
1606
1606
1606
1606
1606
1606
1606
1606
1606
1606
1606
1606
1606
1606
1606
1606
1606
1606
1606
1606
1606
1606
1606
1606
1606
1606
1606
1606
1606
1606
1606
1606
1606
1606
1606
1606
1606
1606
1606
1606
1606
1606
1606
1606
1606
1606
1606
1606
1606
1606
1606
1606
1606
1606
1606
1606
1606
1606
1606
1606
1606
1606
1606
1606
1606
1606
1606
1606
1606
1606
1606
1606
1606
1606
1606
1606
1606
1606
1606
1606
1606
1606
1606
1606
1606
1606
1606
1606
1606
1606
1606
1606
1606
1606
1606
1606
1606
1606
1606
1606
1606
1606
1606
1606
1606
1606
1606
1606
1606
1606
1606
1606
1606
1606
1606
1606
1606
1606
1606
1606
1606
1606
1606
1606
1606
1606
1606
1606
1606
1606
1606
1606
1606
1606
1606
1606
1606
1606
1606
1606
1606
1606
1606
1606
1606
1606
1606
1606
1606
1606
1606
1606
1606
1606
1606
1606
1606
1606
1606
1606
1606
1606
1606
1606
1606
1606
1606
1606
1606
1606
1606
1606
1606
1606
1606
1606
1606
1606
1606
1606
1606
1606
1606
1606
1606
1606
1606
1606
1606
1606
1606
1606
1606
1606
1606
1606
1606
1606
1606
1606
1606
1606
1606
1606
1606
1606
1606
1606
1606
1606
1606
1606
1606
1606
1606
1606
1606
1606
1606
1606
1606
1606
1606
1606
1606
1606
1606
1606
1606
1606
1606
1606
1606
1606
1606
1606
1606
1606
1606
1606
1606
1606
1606
1606
1606
1606
1606
1606
1606
1606
1606
1606
1606
1606
1606
1606
1606
1606
1606
1606
1606
1606
1606
1606
1606
1606
1606
1606
1606
1606
1606
1606
1606
1606
1606
1606
1606
1606
1606
1606
1606
1606
1606
1606
1606
1606
1606
1606
1606
1606
1606
1606
1606
1606
1606
1606
1606
1606
1606
1606
1606
1606
1606
1606
1606
1606
1606
1606
1606
1606
1606
1606
1606
1606
1606
1606
1606
1606
1606
1606
1606
1606
1606
1606
1606
1606
1606
1606
1606
1606
1606
1606
1606
1606
1606
1606
1606
1606
1606
1606
1606
1606
1606
1606
1606
1606
1606
1606
1606
1606
1606
1606
1606
1606
1606
1606
1606
1606
1606
1606
1606
1606
1606
1606
1606
1606
1606
1606
1606
1606
1606
1606
1606
1606
1606
1606
1606
1606
1606
1606
1606
1606
1606
1606
1606
1606
1606
1606
1606
1606
1606
1606
1606
1606
1606
1606
1606
1606
1606
1606
1606
1606
1606
1606
1606
1606
1606
1606
1606
1606
1606
1606
1606
1606
1606
1606
1606
1606
1606
1606
1606
1606
1606
1606
1606
1606
1606
1606
1606
1606
1606
1606
1606
1606
1606
1606
1606
1606
1606
1606
1606
1606
1606
1606
1606
1606
1606
1606
1606
1606
1606
1606
1606
1606
1606
1606
1606
1606
1606
1606
1606
1606
1606
1606
1606
1606
1606
1606
1606
1606
1606
1606
1606
1606
1606
1606
1606
1606
1606
1606
1606
1606
1606
1606
1606
1606
1606
1606
1606
1606
1606
1606
1606
1606
1606
1606
1606
1606
1606
1606
1606
1606
1606
1606
1606
1606
1606
1606
1606
1606
1606
1606
1606
1606
1606
1606
1606
1606
1606
1606
1606
1606
1606
1606
1606
1606
1606
1606
1606
1606
1606
1606
1606
1606
1606
1606
1606
1606
1606
1606
1606
1606
1606
1606
1606
1606
1606
1606
1606
1606
1606
1606
1606
1606
1606
1606
1606
1606
1606
1606
1606
1606
1606
1606
1606
1606
1606
1606
1606
1606
1606
1606
1606
1606
1606
1606
1606
1606
1606
1606
1606
1606
1606
1606
1606
1606
1606
1606
1606
1606
1606
1606
1606
1606
1606
1606
1606
1606
1606
1606
1606
1606
1606
1606
1606
1606
1606
1606
1606
1606
1606
1606
1606
1606
1606
1606
1606
1606
1606
1606
1606
1606
1606
1606
1606
1606
1606
1606
1606
1606
1606
1606
1606
1606
1606
1606
1606
1606
1606
1606
1606
1606
1606
1606
1606
1606
1606
1606
1606
1606
1606
1606
1606
1606
1606
1606
1606
1606
1606
1606
1606
1606
1606
1606
1606
1606
1606
1606
1606
1606
1606
1606
1606
1606
1606
1606
1606
1606
1606
1606
1606
1606
1606
1606
1606
1606
1606
1606
1606
1606
1606
1606
1606
1606
1606
1606
1606
1606
1606
1606
1606
1606
1606
1606
1606
1606
1606
1606
1606
1606
1606
1606
1606
1606
1606
1606
1606
1606
1606
1606
1606
1606
1606
1606
1606
1606
1606
1606
1606
1606
1606
1606
1606
1606
1606
1606
1606
1606
1606
1606
1606
1606
1606
1606
1606
1606
1606
1606
1606
1606
1606
1606
1606
1606
1606
1606
1606
1606
1606
1606
1606
1606
1606
1606
1606
1606
1606
1606
1606
1606
1606
1606
1606
1606
1606
1606
1606
1606
1606
1606
1606
1606
1606
1606
1606
1606
1606
1606
1606
1606
1606
1606
1606
1606
1606
1606
1606
1606
1606
1606
1606
1606
1606
1606
1606
1606
1606
1606
1606
1606
1606
1606
1606
1606
1606
1606
1606
1606
1606
1606
1606
1606
1606
1606
1606
1606
1606
1606
1606
1606
1606
1606
1606
1606
1606
1606
1606
1606
1606
1606
1606
1606
1606
1606
1606
1606
1606
1606
1606
1606
1606
1606
1606
1606
1606
1606
1606
1606
1606
1606
1606
1606
1606
1606
1606
1606
1606
1606
1606
1606
1606
1606
1606
1606
1606
1606
1606
1606
1606
1606
1606
1606
1606
1606
1606
1606
1606
1606
1606
1606
1606
1606
1606
1606
1606
1606
1606
1606
1606
1606
1606
1606
1606
1606
1606
1606
1606
1606
1606
1606
1606
1606
1606
1606
1606
1606
1606
1606
1606
1606
1606
1606
1606
1606
1606
1606
1606
1606
1606
1606
1606
1606
1606
1606
1606
1606
1606
1606
1606
1606
1606
1606
1606
1606
1606
1606
1606
1606
1606
1606
1606
1606
1606
1606
1606
1606
1606
1606
1606
1606
1606
1606
1606
1606
1606
1606
1606
1606
1606
1606
1606
1606
1606
1606
1606
1606
1606
1606
1606
1606
1606
1606
1606
1606
1606
1606
1606
1606
1606
1606
1606
1606
1606
1606
1606
1606
1606
1606
1606
1606
1606
1606
1606
1606
1606
1606
1606
1606
1606
1606
1606
1606
1606
1606
1606
1606
1606
1606
1606
1606
1606
1606
1606
1606
1606
1606
1606
1606
1606
1606
1606
1606
1606
1606
1606
1606
1606
1606
1606
1606
1606
1606
1606
1606
1606
1606
1606
1606
1606
1606
1606
1606
1606
1606
1606
1606
1606
1606
1606
1606
1606
1606
1606
1606
1606
1606
1606
1606
1606
1606
1606
1606
1606
1606
1606
1606
1606
1606
1606
1606
1606
1606
1606
1606
1606
1606
1606
1606
1606
1606
1606
1606
1606
1606
1606
1606
1606
1606
1606
1606
1606
1606
1606
1606
1606
1606
1606
1606
1606
1606
1606
1606
1606
1606
1606
1606
1606
1606
1606
1606
1606
1606
1606
1606
1606
1606
1606
1606
1606
1606
1606
1606
1606
1606
1606
1606
1606
1606
1606
1606
1606
1606
1606
1606
1606
1606
1606
1606
1606
1606
1606
1606
1606
1606
1606
1606
1606
1606
1606
1606
1606
1606
1606
1606
1606
1606
1606
1606
1606
1606
1606
1606
1606
1606
1606
1606
1606
1606
1606
1606
1606
1606
1606
1606
1606
1606
1606
1606
1606
1606
1606
1606
1606
1606
1606
1606
1606
1606
1606
1606
1606
1606
1606
1606
1606
1606
1606
1606
1606
1606
1606
1606
1606
1606
1606
1606
1606
1606
1606
1606
1606
1606
1606
1606
1606
1606
1606
1606
1606
1606
1606
1606
1606
1606
1606
1606
1606
1606
1606
1606
1606
1606
1606
1606
1606
1606
1606
1606
1606
1606
1606
1606
1606
1606
1606
1606
1606
1606
1606
1606
1606
1606
1606
1606
1606
1606
1606
1606
1606
1606
1606
1606
1606
1606
1606
1606
1606
1606
1606
1606
1606
1606
1606
1606
1606
1606
1606
1606
1606
1606
1606
1606
1606
1606
1606
1606
1606
1606
1606
1606
1606
1606
1606
1606
1606
1606
1606
1606
1606
1606
1606
1606
1606
1606
1606
1606
1606
1606
1606
1606
1606
1606
1606
1606
1606
1606
1606
1606
1606
1606
1606
1606
1606
1606
1606
1606
1606
1606
1606
1606
1606
1606
1606
1606
1606
1606
1606
1606
1606
1606
1606
1606
1606
1606
1606
1606
1606
1606
1606
1606
1606
1606
1606
1606
1606
1606
1606
1606
1606
1606
1606
1606
1606
1606
1606
1606
1606
1606
1606
1606
1606
1606
1606
1606
1606
1606
1606
1606
1606
1606
1606
1606
1606
1606
1606
1606
1606
1606
1606
1606
1606
1606
1606
1606
1606
1606
1606
1606
1606
1606
1606
1606
1606
1606
1606
1606
1606
1606
1606
1606
1606
1606
1606
1606
1606
1606
1606
1606
1606
1606
1606
1606
1606
1606
1606
1606
1606
1606
1606
1606
1606
1606
1606
1606
1606
1606
1606
1606
1606
1606
1606
1606
1606
1606
1606
1606
1606
1606
1606
1606
1606
1606
1606
1606
1606
1606
1606
1606
1606
1606
1606
1606
1606
1606
1606
1606
1606
1606
1606
1606
1606
1606
1606
1606
1606
1606
1606
1606
1606
1606
1606
1606
1606
1606
1606
1606
1606
1606
1606
1606
1606
1606
1606
1606
1606
1606
1606
1606
1606
1606
1606
1606
1606
1606
1606
1606
1606
1606
1606
1606
1606
1606
1606
1606
1606
1606
1606
1606
1606
1606
1606
1606
1606
1606
1606
1606
1606
1606
1606
1606
1606
1606
1606
1606
1606
1606
1606
1606
1606
1606
1606
1606
1606
1606
1606
1606
1606
1606
1606
1606
1606
1606
1606
1606
1606
1606
1606
1606
1606
1606
1606
1606
1606
1606
1606
1606
1606
1606
1606
1606
1606
1606
1606
1606
1606
1606
1606
1606
1606
1606
1606
1606
1606
1606
1606
1606
1606
1606
1606
1606
1606
1606
1606
1606
1606
1606
1606
1606
1606
1606
1606
1606
1606
1606
1606
1606
1606
1606
1606
1606
1606
1606
1606
1606
1606
1606
1606
1606
1606
1606
1606
1606
1606
1606
1606
1606
1606
1606
1606
1606
1606
1606
1606
1606
1606
1606
1606
1606
1606
1606
1606
1606
1606
1606
1606
1606
1606
1606
1606
1606
1606
1606
1606
1606
1606
1606
1606
1606
1606
1606
1606
1606
1606
1606
1606
1606
1606
1606
1606
1606
1606
1606
1606
1606
1606
1606
1606
1606
1606
1606
1606
1606
1606
1606
1606
1606
1606
1606
1606
1606
1606
1606
1606
1606
1606
1606
1606
1606
1606
1606
1606
1606
1606
1606
1606
1606
1606
1606
1606
1606
1606
1606
1606
1606
1606
1606
1606
1606
1606
1606
1606
1606
1606
1606
1606
1606
1606
1606
1606
1606
1606
1606
1606
1606
1606
1606
1606
1606
1606
1606
1606
1606
1606
1606
1606
1606
1606
1606
1606
1606
1606
1606
1606
1606
1606
1606
1606
1606
1606
1606
1606
1606
1606
1606
1606
1606
1606
1606
1606
1606
1606
1606
1606
1606
1606
1606
1606
1606
1606
1606
1606
1606
1606
1606
1606
1606
1606
1606
1606
1606
1606
1606
1606
1606
1606
1606
1606
1606
1606
1606
1606
1606
1606
1606
1606
1606
1606
1606
1606
1606
1606
1606
1606
1606
1606
1606
1606
1606
1606
1606
1606
1606
1606
1606
1606
1606
1606
1606
1606
1606
1606
1606
1606
1606
1606
1606
1606
1606
1606
1606
