2702
2722
2729
2715
2686
2687
2772
2788
2799
2796
2741
2714
2758
2777
2727
2720
2720
2733
2758
2700
2695
2681
2699
2640
2609
2605
2642
2588
2591
2556
2632
2671
2706
2706
2687
2642
2611
2611
2669
2772
2772
2716
2716
2704
2728
2728
2726
2786
2827
2840
2876
2885
2810
2847
2707
2809
2853
2853
2827
2798
2761
2763
2729
2715
2692
2654
2649
2698
2706
2732
2697
2651
2661
2643
2628
2603
2653
2681
2645
2692
2611
2708
2727
2755
2755
2633
2568
2633
2655
2622
2752
2692
2761
2749
2791
2729
2765
2756
2765
2756
2866
2975
2881
2886
2861
2842
2827
2909
2867
2867
2771
2730
2601
2706
2667
2857
2886
2881
2759
2789
2835
2759
2795
2809
2798
2798
2817
2757
2762
2814
2810
2801
2801
2822
2784
2760
2761
2717
2684
2694
2747
2748
2732
2792
2813
2846
2827
2787
2819
2794
2779
2717
2808
2801
2747
2711
2718
2697
2699
2734
2734
2751
2760
2748
2765
2765
2753
2797
2690
2721
2762
2869
2803
2849
2841
2847
2861
2901
2950
2925
2944
2978
3002
2944
2892
2896
2888
2875
2842
2779
2839
2834
2812
2804
2757
2757
2757
2734
2720
2770
2833
2758
2800
2804
2804
2769
2805
2821
2832
2878
2955
2902
2790
2670
2651
2643
2653
2662
2636
2669
2669
2673
2766
2766
2750
2760
2760
2737
2753
2687
2827
2947
2947
2942
2669
2710
2713
2713
2697
2697
2659
2659
2659
2671
2659
2737
2714
2709
2767
2728
2729
2721
2800
2816
2849
2786
2732
2757
2757
2761
2808
2840
2755
2768
2740
2636
2717
2734
2792
2836
2801
2753
2789
2729
2766
2842
2804
2823
2871
2850
2800
2825
2796
2783
2708
2708
2739
2745
2653
2671
2671
2678
2831
2893
2893
2947
2960
2893
2833
2816
2771
2756
2853
2789
2909
2909
2828
2788
2751
2769
2726
2673
2672
2802
2740
2644
2588
2666
2697
2676
2714
2660
2665
2622
2622
2657
2697
2656
2650
2648
2653
2675
2696
2660
2627
2733
2725
2759
2787
2822
2746
2670
2670
2612
2581
2799
2859
2868
2789
2771
2789
2762
2735
2696
2764
2843
2815
2821
2805
2794
2903
2902
2903
2884
2837
2837
2630
2596
2595
2609
2745
2755
2787
2787
2790
2827
2853
2853
2840
2789
2715
2739
2752
2752
2786
2809
2826
2826
2856
2850
2850
2861
2865
2797
2741
2743
2797
2814
2840
2835
2805
2784
2776
2838
2740
2740
2738
2789
2764
2764
2764
2788
2734
2763
2813
2813
2728
2759
2734
2699
2714
2767
2847
2779
2772
2785
2729
2756
2695
2609
2642
2669
2689
2677
2687
2687
2687
2894
2834
2895
2794
2732
2730
2649
2612
2658
2734
2777
2797
2784
2610
2610
2723
2757
2885
2815
2773
2711
2720
2680
2638
2558
2556
2588
2614
2581
2580
2549
2572
2643
2636
2661
2655
2718
2797
2668
2690
2814
2797
2855
2846
2814
2822
2799
2832
2783
2797
2784
2814
2683
2656
2693
2636
2643
2617
2676
2676
2641
2641
2647
2681
2672
2635
2633
2632
2648
2609
2598
2598
2583
2665
2618
2611
2666
2676
2664
2737
2695
2772
2754
2773
2761
2807
2810
2792
2777
2808
2826
2725
2753
2861
2813
2757
2773
2822
2837
2822
2738
2690
2643
2690
2690
2774
2691
2627
2613
2638
2655
2672
2601
2544
2594
2594
2577
2639
2670
2715
2893
2895
2977
2992
2932
2957
2952
2885
2837
2786
2840
2862
2816
2826
2726
2761
2761
2770
2844
2865
2865
2801
2780
2816
2880
2849
2855
2901
2919
2904
2884
2841
2845
2788
2752
2718
2708
2708
2720
2735
2735
2772
2790
2839
2871
2823
2823
2789
2847
2894
2887
2891
2921
2983
2986
2939
2939
2815
2821
2873
2858
2842
2759
2706
2694
2686
2667
2695
2755
2789
2756
2783
2766
2755
2780
2703
2780
2795
2792
2775
2782
2724
2697
2704
2802
2811
2842
2898
2806
2823
2795
2762
2737
2763
2752
2845
2694
2718
2673
2673
2691
2657
2657
2657
2692
2657
2728
2730
2786
2760
2660
2586
2617
2621
2628
2570
2761
2719
2740
2760
2765
2762
2762
2826
2793
2793
2793
2785
2785
2785
2749
2749
2749
2767
2785
2864
2772
2834
2834
2824
2850
2784
2809
2809
2775
2775
2786
2750
2709
2684
2609
2589
2692
2669
2689
2690
2693
2652
2653
2637
2745
2745
2660
2631
2663
2708
2730
2743
2767
2701
2718
2701
2631
2607
2728
2846
2852
2812
2812
2848
2826
2793
2948
2954
2903
2857
2804
2772
2747
2805
2838
2776
2864
2840
2709
2781
2751
2816
2751
2814
2852
2802
2737
2705
2778
2907
2889
2867
2641
2649
2639
2635
2662
2670
2673
2673
2660
2620
2679
2706
2677
2743
2705
2620
2648
2638
2633
2674
2711
2728
2721
2687
2658
2742
2698
2720
2699
2651
2612
2636
2628
2650
2680
2725
2704
2639
2636
2639
2639
2678
2623
2639
2692
2692
2692
2632
2637
2637
2629
2595
2656
2634
2634
2677
2662
2603
2603
2610
2652
2668
2714
2645
2588
2526
2679
2711
2708
2707
2773
2768
2852
2770
2798
2828
2802
2714
2678
2669
2693
2639
2652
2648
2676
2585
2655
2655
2732
2640
2761
2726
2688
2686
2690
2647
2658
2623
2723
2788
2715
2682
2682
2682
2704
2748
2607
2691
2691
2638
2608
2632
2643
2651
2570
2646
2658
2617
2644
2699
2647
2636
2669
2669
2586
2669
2648
2568
2641
2780
2641
2642
2683
2664
2702
2736
2645
2634
2617
2776
2772
2655
2602
2601
2625
2661
2709
2725
2729
2709
2728
2728
2676
2668
2655
2663
2713
2709
2712
2718
2778
2731
2758
2794
2744
2744
2763
2798
2769
2742
2796
2752
2657
2729
2743
2787
2772
2730
2741
2781
2805
2784
2749
2807
2820
2810
2805
2880
2845
2797
2768
2811
2864
2827
2846
2785
2783
2785
2794
2752
2813
2766
2823
2818
2777
2754
2712
2701
2723
2746
2722
2749
2708
2774
2744
2720
2824
2854
2807
2807
2768
2773
2766
2730
2752
2770
2850
2743
2683
2778
2820
2786
2769
2753
2682
2742
2730
2801
2801
2821
2801
2817
2817
2861
2863
2801
2830
2841
2871
2831
2789
2755
2769
2781
2791
2782
2849
2801
2877
2877
2846
2820
2836
2836
2842
2857
2848
2865
2820
2820
2787
2795
2870
2915
2890
2894
2841
2765
2793
2737
2830
2903
2934
2903
2903
2904
2816
2843
2677
2781
2803
2726
2702
2930
2908
2908
2908
2892
2767
2763
2790
2825
2769
2769
2943
2960
2941
2816
2780
2786
2766
2806
2845
2729
2743
2765
2836
2738
2884
2884
2855
2836
2777
2831
2814
2807
2792
2821
2888
2928
2892
2863
2848
2856
2825
2743
2762
2728
2738
2782
2804
2793
2801
2843
2923
3028
2978
2935
2835
2785
2784
2827
2759
2725
2686
2670
2630
2567
2617
2629
2643
2703
2817
2872
2867
2821
2824
2824
2837
2710
2696
2697
2755
2833
2842
2838
2791
2721
2728
2718
2745
2774
2708
2723
2761
2747
2620
2608
2608
2625
2664
2643
2664
2690
2688
2713
2767
2850
2821
2764
2675
2667
2679
2653
2662
2668
2610
2682
2812
2662
2762
2706
2796
2757
2731
2715
2652
2652
2605
2654
2705
2690
2793
2883
2871
2874
2852
2793
2777
2772
2882
2908
2875
2820
2820
2820
2831
2845
2778
2674
2698
2738
2727
2734
2769
2612
2631
2631
2613
2586
2579
2617
2613
2591
2626
2694
2652
2652
2651
2676
2670
2754
2712
2712
2712
2707
2783
2732
2780
2713
2633
2595
2630
2630
2649
2707
2697
2652
2669
2848
2811
2831
2832
2796
2796
2695
2760
2790
2766
2796
2796
2767
2751
2848
2824
2710
2806
2758
2806
2704
2721
2642
2704
2692
2659
2670
2578
2595
2755
2738
2807
2831
2812
2820
2825
2825
2806
2768
2796
2814
2828
2894
2894
2860
2773
2804
2809
2889
2874
2834
2825
2786
2723
2784
2784
2723
2723
2723
2723
2729
2688
2695
2755
2806
2762
2805
2839
2884
2912
2910
2879
2901
2901
2900
2927
2908
2937
2755
2945
2976
2908
2908
2888
2872
2854
2809
2798
2903
2924
2855
2746
2746
2787
2760
2785
2779
2661
2740
2766
2768
2643
2762
2737
2778
2788
2775
2775
2772
2772
2714
2673
2697
2737
2713
2655
2717
2759
2734
2734
2757
2660
2660
2660
2625
2612
2662
2646
2652
2582
2582
2540
2591
2591
2561
2592
2534
2534
2501
2510
2541
2552
2585
2615
2591
2639
2579
2579
2600
2639
2641
2670
2668
2701
2671
2666
2701
2665
2654
2668
2671
2671
2641
2657
2694
2628
2620
2619
2616
2629
2617
2585
2586
2522
2549
2614
2659
2654
2708
2649
2706
2712
2711
2716
2769
2716
2664
2669
2706
2745
2722
2716
2779
2788
2719
2706
2697
2879
2869
2787
2719
2733
2762
2711
2705
2742
2763
2744
2753
2714
2773
2808
2772
2815
2715
2722
2660
2706
2744
2761
2756
2767
2749
2672
2677
2677
2763
2777
2869
2838
2838
2793
2794
2758
2764
2784
2834
2670
2711
2707
2685
2719
2586
2599
2648
2694
2651
2651
2615
2601
2601
2602
2670
2660
2647
2701
2637
2646
2800
2840
2933
2933
2882
2858
2814
2769
2759
2759
2809
2780
2808
2727
2597
2593
2648
2619
2606
2606
2677
2658
2735
2769
2697
2753
2678
2624
2624
2647
2668
2697
2712
2733
2715
2708
2727
2621
2622
2632
2664
2621
2704
2710
2779
2798
2853
2827
2776
2786
2750
2761
2791
2781
2734
2799
2842
2806
2846
2866
2866
2847
2803
2767
2818
2818
2818
2752
2801
2788
2725
2725
2699
2947
2888
2891
2891
2861
2909
2961
2787
2750
2806
2772
2785
2790
2782
2812
2893
2880
2851
2811
2769
2880
2880
2861
2783
2795
2754
2754
2755
2740
2759
2742
2596
2635
2698
2658
2658
2675
2702
2683
2639
2641
2658
2658
2658
2658
2613
2638
2667
2646
2634
2725
2731
2719
2654
2654
2700
2745
2752
2712
2767
2797
2786
2782
2793
2745
2749
2694
2705
2729
2729
2808
2830
2758
2666
2655
2567
2613
2564
2573
2600
2472
2472
2472
2472
2527
2605
2605
2588
2605
2515
2571
2595
2640
2636
2646
2629
2693
2684
2662
2662
2694
2735
2640
2750
2748
2739
2759
2767
2750
2750
2720
2728
2660
2684
2654
2673
2584
2606
2641
2715
2744
2718
2718
2747
2701
2701
2657
2636
2791
2776
2763
2756
2735
2814
2859
2862
2862
2683
2650
2693
2650
2721
2721
2776
2686
2647
2704
2731
2731
2744
2723
2754
2731
2790
2807
2774
2774
2803
2809
2809
2763
2701
2719
2702
2691
2770
2784
2823
2733
2670
2674
2668
2738
2705
2712
2800
2791
2791
2679
2743
2713
2700
2665
2665
2802
2802
2848
2804
2777
2751
2732
2753
2734
2763
2805
2750
2670
2670
2709
2610
2654
2654
2662
2791
2813
2770
2771
2809
2764
2844
2791
2796
2796
2785
2778
2825
2756
2784
2763
2818
2834
2902
2954
2866
2815
2835
2854
2840
2854
2827
2897
2821
2826
2831
2828
2813
2888
2938
2934
2889
2827
2785
2795
2818
2794
2822
2766
2712
2743
2758
2748
2764
2709
2675
2668
2701
2736
2737
2707
2723
2694
2715
2718
2801
2803
2750
2692
2697
2810
2785
2742
2720
2727
2669
2658
2678
2768
2703
2740
2739
2770
2782
2804
2841
2817
2818
2757
2699
2706
2718
2663
2634
2660
2641
2673
2751
2679
2670
2693
2804
2729
2729
2670
2697
2672
2928
2863
2887
2950
2915
2892
2808
2625
2706
2780
2796
2900
2911
2911
2791
2881
2904
2942
2851
2868
2721
2619
2619
2613
2590
2562
2562
2560
2614
2688
2710
2686
2701
2661
2709
2719
2794
2831
2772
2804
2784
2820
2800
2820
2803
2768
2868
2874
2902
2902
2856
2873
2806
2777
2771
2756
2776
2722
2697
2715
2715
2714
2714
2682
2653
2678
2666
2748
2732
2652
2732
2732
2686
2686
2692
2688
2688
2724
2714
2743
2730
2751
2751
2758
2758
2771
2699
2661
2657
2702
2702
2668
2571
2575
2620
2631
2576
2606
2576
2651
2821
2842
2842
2842
2838
2828
2706
2717
2747
2758
2758
2804
2775
2647
2647
2633
2633
2637
2637
2637
2696
2710
2672
2780
2803
2793
2775
2780
2830
2840
2828
2794
2826
2708
2771
2725
2732
2691
2700
2716
2800
2819
2866
2838
2838
2698
2746
2814
2743
2755
2690
2690
2651
2733
2736
2757
2809
2808
2767
2826
2802
2897
2737
2772
2662
2662
2598
2579
2576
2515
2555
2544
2589
2558
2558
2564
2576
2702
2702
2693
2691
2688
2686
2686
2686
2684
2695
2702
2702
2839
2791
2820
2814
2782
2782
2782
2782
2750
2812
2774
2787
2806
2886
2882
2767
2768
2706
2706
2721
2735
2749
2736
2787
2787
2787
2688
2616
2655
2655
2655
2770
2706
2744
2702
2702
2732
2725
2654
2680
2752
2796
2779
2784
2760
2760
2647
2647
2692
2677
2720
2689
2689
2738
2822
2872
2876
2919
2916
2883
2872
2853
2811
2764
2873
2781
2873
2816
2830
2858
2789
2798
2713
2767
2743
2789
2707
2768
2754
2812
2801
2789
2756
2774
2845
2856
2820
2723
2733
2733
2808
2801
2783
2815
2700
2693
2693
2707
2710
2710
2720
2679
2679
2646
2635
2628
2658
2680
2670
2662
2662
2776
2818
2702
2678
2702
2792
2804
2825
2830
2873
2842
2866
2915
2888
2835
2783
2827
2826
2841
2827
2827
2792
2837
2831
2839
2794
2794
2769
2799
2765
2656
2670
2770
2789
2789
2763
2763
2800
2812
2763
2806
2716
2759
2669
2635
2644
2649
2613
2613
2627
2677
2632
2632
2632
2727
2727
2730
2749
2664
2641
2570
2663
2631
2611
2681
2674
2778
2701
2713
2748
2813
2893
2896
2913
2915
2898
2874
2886
2908
2908
2890
2876
2682
2672
2827
2846
2818
2846
2839
2824
2831
2809
2775
2630
2649
2647
2647
2667
2652
2692
2674
2654
2635
2616
2616
2540
2607
2607
2591
2617
2663
2671
2714
2671
2751
2725
2725
2772
2692
2766
2787
2742
2749
2749
2790
2756
2753
2779
2755
2760
2816
2816
2795
2766
2903
2903
2982
2963
2874
2874
2849
2884
2884
2769
2701
2729
2729
2754
2785
2720
2720
2745
2753
2880
2907
2978
2978
2774
2752
2793
2759
2785
2785
2811
2811
2774
2747
2820
2857
2875
2813
2822
2813
2832
2845
2845
2800
2865
2852
2852
2890
2961
2831
2852
2842
2728
2728
2731
2775
2926
2964
2960
2942
2882
2839
2845
2653
2653
2653
2653
2673
2657
2724
2759
2783
2768
2787
2848
2791
2841
2806
2812
2670
2612
2644
2644
2658
2677
2718
2690
2669
2647
2647
2703
2796
2796
2681
2691
2690
2630
2703
2713
2709
2813
2813
2799
2779
2779
2779
2724
2724
2752
2724
2724
2707
2725
2725
2763
2781
2781
2774
2680
2766
2813
2795
2677
2617
2617
2580
2588
2588
2612
2673
2692
2657
2625
2573
2602
2696
2696
2725
2725
2785
2797
2801
2815
2788
2796
2785
2793
2821
2842
2892
2903
2903
2838
2857
2840
2814
2829
2801
2812
2741
2693
2687
2687
2687
2687
2633
2679
2716
2716
2703
2717
2752
2688
2826
2834
2855
2840
2859
2836
2804
2757
2687
2687
2778
2835
2835
2809
2852
2744
2786
2813
2831
2819
2788
2795
2795
2776
2817
2760
2763
2929
2841
2859
2852
2806
2877
2908
2867
2851
2885
2799
2806
2822
2796
2840
2796
2827
2845
2827
2847
2847
2809
2808
2808
2808
2796
2808
2824
2826
2836
2721
2718
2761
2854
2784
2709
2807
2836
2817
2853
2870
2870
2843
2806
2852
2856
2859
2809
2670
2638
2677
2665
2665
2665
2708
2730
2745
2749
2813
2785
2816
2825
2816
2813
2781
2750
2676
2713
2735
2750
2720
2712
2685
2709
2686
2695
2655
2684
2702
2688
2688
2675
2689
2645
2638
2640
2670
2670
2639
2637
2664
2624
2693
2698
2808
2812
2787
2775
2783
2812
2741
2769
2762
2780
2735
2750
2761
2710
2725
2659
2678
2685
2691
2711
2642
2634
2623
2642
2597
2597
2596
2596
2590
2642
2670
2670
2710
2760
2760
2768
2747
2679
2683
2725
2716
2716
2723
2805
2743
2805
2805
2832
2864
2864
2864
2862
2822
2822
2822
2820
2767
2791
2809
2851
2850
2883
2825
2781
2781
2792
2797
2822
2822
2822
2875
2904
2872
2872
2822
2713
2684
2684
2783
2847
2873
2845
2802
2679
2648
2660
2703
2705
2652
2659
2694
2694
2706
2715
2715
2660
2681
2613
2613
2613
2577
2615
2577
2577
2616
2592
2626
2589
2601
2629
2661
2721
2674
2689
2640
2640
2630
2651
2651
2661
2633
2651
2656
2594
2621
2631
2714
2743
2694
2717
2688
2744
2770
2771
2762
2762
2811
2815
2775
2824
2844
2845
2846
2898
2865
2846
2915
2927
2927
2853
2811
2775
2775
2775
2816
2757
2771
2787
2754
2761
2729
2729
2769
2694
2694
2708
2711
2711
2645
2687
2648
2650
2657
2700
2744
2744
2668
2668
2640
2752
2816
2762
2764
2787
2822
2838
2793
2770
2745
2762
2806
2767
2763
2784
2790
2788
2755
2895
2923
2811
2774
2800
2746
2867
2815
2834
2887
2911
2911
2835
2804
2855
2821
2838
2819
2755
2815
2826
2835
2874
2868
2858
2869
2871
2887
2853
2932
2846
2893
2845
2863
2819
2820
2819
2801
2806
2852
2852
2834
2779
2825
2782
2829
2755
2649
2678
2723
2776
2772
2747
2701
2631
2613
2585
2630
2585
2606
2626
2703
2703
2769
2812
2723
2602
2627
2627
2641
2668
2665
2710
2662
2780
2768
2828
2787
2825
2932
2915
2915
2824
2841
2857
2811
2815
2877
2858
2853
2883
2872
2861
2892
2767
2744
2738
2735
2728
2735
2732
2732
2747
2747
2731
2721
2733
2764
2770
2769
2735
2741
2672
2617
2616
2616
2616
2652
2599
2615
2618
2628
2628
2629
2699
2696
2696
2713
2646
2672
2702
2665
2626
2585
2631
2676
2693
2693
2677
2734
2738
2738
2707
2707
2707
2707
2670
2696
2740
2703
2667
2617
2593
2668
2685
2723
2688
2723
2762
2734
2764
2843
2819
2784
2804
2783
2770
2763
2721
2734
2695
2695
2819
2715
2715
2737
2737
2766
2778
2698
2699
2708
2748
2709
2700
2808
2787
2750
2801
2793
2771
2728
2728
2707
2739
2739
2706
2686
2673
2669
2669
2628
2610
2628
2630
2622
2622
2622
2575
2575
2575
2646
2655
2655
2646
2678
2682
2658
2658
2658
2662
2671
2666
2696
2628
2594
2678
2698
2755
2710
2668
2692
2653
2653
2686
2650
2672
2735
2698
2689
2659
2676
2666
2657
2657
2632
2837
2773
2816
2792
2786
2727
2727
2727
2746
2746
2746
2739
2741
2732
2732
2732
2675
2662
2726
2784
2784
2797
2777
2866
2789
2657
2657
2630
2630
2685
2846
2865
2859
2849
2797
2854
2725
2711
2848
2866
2825
2825
2842
2823
2821
2808
2763
2722
2722
2722
2737
2741
2741
2701
2757
2757
2781
2796
2738
2743
2751
2753
2737
2717
2707
2707
2779
2729
2729
2700
2719
2719
2654
2646
2638
2639
2639
2641
2639
2624
2592
2652
2615
2615
2615
2669
2669
2721
2727
2693
2690
2787
2793
2728
2692
2775
2794
2762
2670
2635
2679
2616
2661
2690
2723
2690
2664
2664
2694
2706
2706
2741
2733
2702
2702
2665
2704
2629
2668
2725
2731
2782
2853
2827
2810
2809
2777
2845
2770
2692
2677
2682
2663
2663
2663
2636
2636
2636
2644
2677
2677
2666
2662
2686
2660
2660
2660
2660
2660
2649
2655
2655
2665
2667
2771
2845
2790
2687
2705
2729
2729
2704
2704
2688
2607
2607
2626
2626
2671
2610
2608
2581
2584
2666
2591
2655
2655
2685
2661
2661
2661
2813
2813
2729
2729
2729
2702
2702
2702
2702
2702
2702
2708
2703
2703
2703
2703
2732
2784
2680
2741
2741
2796
2808
2811
2792
2788
2788
2777
2766
2818
2761
2770
2721
2755
2720
2755
2759
2786
2812
2863
2821
2774
2792
2800
2778
2778
2782
2720
2701
2701
2675
2649
2569
2624
2590
2640
2623
2616
2616
2616
2645
2688
2688
2674
2674
2644
2644
2687
2713
2692
2638
2614
2604
2703
2730
2740
2740
2740
2735
2696
2715
2691
2835
2794
2793
2850
2850
2891
2878
2891
2851
2770
2774
2774
2765
2765
2755
2734
2682
2682
2704
2713
2657
2617
2617
2637
2637
2789
2786
2746
2764
2751
2781
2725
2753
2848
2848
2870
2825
2761
2839
2851
2832
2832
2797
2797
2700
2731
2731
2720
2711
2683
2642
2717
2624
2602
2619
2567
2567
2566
2640
2637
2571
2594
2682
2701
2721
2721
2717
2687
2687
2722
2717
2757
2697
2710
2710
2704
2661
2661
2661
2661
2639
2649
2607
2607
2607
2613
2613
2633
2633
2636
2653
2647
2653
2689
2631
2631
2639
2622
2610
2672
2670
2672
2799
2850
2850
2850
2839
2840
2792
2804
2805
2791
2779
2767
2767
2816
2776
2813
2813
2623
2623
2623
2682
2682
2733
2719
2721
2750
2718
2682
2653
2621
2691
2678
2723
2700
2700
2603
2603
2614
2687
2720
2716
2767
2773
2819
2843
2814
2841
2836
2827
2787
2746
2746
2836
2806
2788
2810
2841
2832
2832
2771
2751
2744
2744
2694
2725
2730
2705
2685
2691
2667
2693
2726
2771
2741
2682
2682
2673
2622
2643
2643
2692
2639
2639
2639
2696
2713
2714
2654
2655
2654
2643
2550
2566
2566
2560
2561
2595
2639
2592
2592
2592
2592
2592
2590
2590
2613
2673
2688
2688
2688
2716
2648
2648
2650
2724
2707
2707
2666
2666
2663
2663
2663
2700
2681
2705
2681
2681
2633
2653
2625
2648
2603
2603
2603
2601
2645
2601
2601
2614
2657
2668
2689
2675
2700
2702
2702
2676
2714
2608
2608
2608
2608
2626
2626
2741
2728
2755
2707
2707
2707
2684
2680
2680
2684
2699
2699
2609
2658
2658
2658
2636
2636
2636
2604
2603
2542
2614
2582
2582
2546
2528
2549
2551
2551
2557
2557
2516
2516
2516
2516
2480
2552
2554
2554
2554
2553
2629
2663
2663
2569
2600
2600
2669
2669
2589
2677
2675
2657
2615
2677
2714
2714
2680
2752
2754
2669
2696
2687
2687
2687
2680
2679
2711
2694
2694
2694
2694
2694
2690
2690
2682
2715
2715
2736
2679
2693
2693
2662
2662
2680
2703
2648
2648
2636
2670
2692
2692
2738
2707
2707
2742
2742
2712
2712
2651
2652
2694
2648
2620
2626
2616
2656
2666
2628
2628
2654
2654
2661
2635
2623
2618
2610
2610
2631
2670
2625
2674
2687
2687
2720
2720
2770
2813
2813
2813
2723
2822
2793
2810
2767
2754
2756
2769
2783
2795
2777
2799
2779
2746
2746
2702
2718
2740
2740
2709
2789
2789
2801
2802
2802
2740
2740
2740
2701
2703
2696
2658
2644
2644
2717
2682
2701
2687
2687
2686
2750
2738
2738
2746
2711
2695
2713
2714
2740
2740
2743
2764
2839
2792
2751
2688
2694
2694
2750
2763
2816
2847
2825
2819
2768
2707
2651
2616
2622
2668
2623
2623
2623
2623
2603
2603
2639
2639
2716
2685
2711
2723
2761
2800
2805
2814
2814
2782
2733
2733
2759
2778
2738
2718
2708
2614
2614
2605
2649
2660
2667
2775
2773
2773
2796
2796
2780
2766
2686
2686
2701
2731
2731
2731
2796
2796
2796
2759
2749
2749
2688
2682
2680
2680
2700
2679
2679
2654
2650
2646
2687
2687
2698
2687
2685
2672
2682
2735
2710
2699
2665
2665
2665
2684
2774
2748
2748
2774
2818
2760
2760
2792
2792
2805
2780
2746
2673
2687
2658
2622
2622
2610
2610
2610
2610
2667
2667
2714
2580
2580
2573
2583
2563
2563
2611
2587
2578
2697
2679
2681
2670
2627
2674
2620
2651
2664
2651
2651
2589
2563
2563
2563
2563
2563
2563
2584
2588
2606
2616
2627
2620
2620
2633
2701
2803
2815
2815
2793
2748
2764
2722
2701
2701
2691
2714
2714
2667
2689
2583
2559
2546
2561
2555
2565
2624
2497
2491
2508
2508
2508
2508
2508
2508
2508
2508
2561
2630
2590
2590
2627
2589
2589
2625
2654
2654
2619
2608
2612
2592
2602
2627
2609
2606
2660
2629
2621
2675
2675
2675
2697
2658
2644
2630
2573
2574
2560
2541
2579
2535
2535
2535
2535
2571
2571
2559
2559
2559
2603
2618
2618
2637
2663
2670
2593
2593
2593
2593
2593
2593
2593
2593
2616
2616
2616
2600
2600
2589
2632
2670
2641
2677
2674
2661
2656
2664
2641
2646
2646
2646
2646
2646
2646
2668
2685
2706
2713
2730
2702
2702
2684
2672
2643
2658
2678
2678
2693
2682
2682
2674
2652
2652
2636
2664
2804
2804
2824
2824
2850
2850
2859
2875
2857
2830
2836
2757
2766
2740
2740
2847
2833
2809
2830
2741
2810
2692
2640
2644
2604
2584
2638
2650
2650
2650
2682
2749
2837
2820
2815
2836
2764
2764
2734
2724
2734
2719
2699
2699
2679
2688
2623
2587
2587
2587
2625
2651
2651
2622
2622
2680
2682
2682
2678
2635
2607
2651
2688
2704
2648
2648
2666
2632
2632
2632
2632
2626
2633
2590
2575
2593
2589
2589
2589
2589
2625
2661
2641
2674
2660
2715
2720
2717
2685
2702
2702
2797
2804
2835
2791
2760
2720
2732
2728
2843
2828
2839
2836
2836
2836
2804
2827
2827
2807
2808
2808
2808
2778
2851
2872
2768
2635
2652
2630
2630
2671
2639
2659
2740
2712
2712
2739
2739
2707
2777
2777
2691
2691
2729
2694
2676
2676
2676
2676
2652
2638
2638
2608
2608
2609
2609
2633
2633
2643
2661
2732
2661
2661
2640
2644
2675
2686
2690
2685
2685
2603
2758
2758
2789
2665
2657
2657
2657
2657
2657
2657
2657
2657
2657
2640
2640
2640
2663
2663
2663
2663
2669
2669
2679
2723
2748
2725
2667
2650
2750
2750
2750
2782
2782
2763
2725
2778
2781
2784
2758
2758
2708
2665
2671
2671
2598
2588
2661
2605
2605
2647
2664
2618
2618
2598
2598
2605
2605
2605
2605
2618
2618
2566
2566
2566
2566
2574
2611
2611
2611
2647
2647
2673
2680
2687
2653
2653
2676
2676
2676
2671
2628
2628
2680
2741
2712
2712
2693
2677
2694
2697
2724
2724
2724
2646
2662
2690
2690
2690
2691
2661
2661
2661
2661
2620
2620
2653
2707
2788
2796
2796
2796
2800
2817
2817
2796
2827
2808
2808
2808
2771
2754
2754
2754
2754
2754
2729
2729
2732
2744
2744
2730
2726
2736
2673
2673
2700
2699
2720
2797
2800
2804
2735
2735
2631
2651
2590
2660
2667
2694
2690
2690
2690
2690
2690
2690
2758
2758
2758
2749
2714
2747
2751
2751
2751
2720
2719
2700
2700
2667
2667
2667
2640
2648
2716
2641
2662
2602
2605
2605
2605
2613
2575
2563
2563
2566
2566
2604
2622
2681
2653
2653
2653
2653
2671
2720
2686
2720
2736
2738
2744
2744
2744
2744
2762
2708
2687
2687
2603
2603
2639
2639
2639
2639
2648
2691
2745
2745
2781
2654
2659
2604
2604
2653
2653
2697
2697
2711
2732
2666
2629
2721
2724
2714
2711
2711
2711
2711
2634
2634
2634
2686
2571
2628
2628
2628
2628
2575
2613
2613
2613
2573
2633
2620
2583
2576
2576
2658
2562
2553
2631
2647
2647
2654
2634
2669
2669
2778
2661
2710
2659
2659
2704
2710
2684
2684
2704
2691
2691
2691
2622
2622
2684
2641
2704
2704
2669
2664
2640
2640
2640
2640
2640
2710
2710
2723
2724
2626
2626
2626
2626
2627
2642
2642
2654
2589
2607
2607
2621
2621
2621
2621
2621
2621
2621
2621
2639
2606
2639
2710
2683
2602
2602
2602
2594
2594
2594
2594
2594
2594
2594
2594
2657
2646
2646
2696
2687
2683
2667
2667
2647
2647
2647
2668
2675
2675
2668
2644
2646
2755
2761
2761
2743
2701
2790
2802
2826
2761
2751
2751
2739
2739
2739
2739
2686
2686
2686
2686
2709
2709
2707
2707
2763
2763
2774
2809
2834
2797
2678
2690
2779
2800
2800
2742
2722
2712
2712
2761
2746
2746
2789
2789
2777
2773
2773
2773
2773
2790
2782
2782
2770
2743
2743
2760
2729
2697
2697
2694
2699
2651
2680
2680
2717
2652
2633
2633
2633
2633
2633
2647
2612
2594
2595
2589
2589
2607
2629
2627
2627
2661
2677
2678
2667
2585
2585
2585
2562
2549
2549
2642
2687
2667
2667
2699
2670
2670
2609
2561
2560
2560
2577
2577
2578
2584
2595
2596
2582
2582
2582
2598
2590
2659
2659
2566
2550
2550
2550
2550
2550
2558
2572
2572
2585
2586
2587
2602
2602
2599
2588
2588
2551
2551
2546
2546
2551
2570
2567
2567
2567
2580
2580
2580
2610
2610
2610
2610
2610
2626
2606
2647
2605
2605
2605
2585
2532
2532
2532
2593
2593
2593
2593
2625
2629
2612
2635
2661
2664
2664
2664
2664
2664
2685
2679
2679
2679
2689
2595
2560
2569
2569
2567
2611
2611
2583
2583
2593
2593
2593
2607
2651
2652
2635
2655
2655
2655
2655
2635
2635
2635
2635
2657
2666
2595
2595
2635
2635
2635
2623
2623
2578
2658
2627
2641
2622
2622
2586
2625
2625
2601
2610
2601
2558
2550
2550
2550
2543
2543
2644
2644
2644
2644
2644
2679
2679
2664
2679
2649
2581
2545
2584
2584
2573
2595
2622
2622
2599
2599
2630
2618
2613
2624
2621
2642
2590
2604
2604
2604
2573
2573
2555
2555
2555
2581
2562
2562
2562
2562
2562
2562
2562
2562
2562
2621
2621
2605
2605
2605
2582
2590
2596
2558
2558
2596
2558
2549
2549
2549
2556
2556
2553
2553
2553
2553
2629
2629
2641
2606
2606
2606
2606
2606
2664
2664
2664
2707
2627
2627
2640
2640
2640
2661
2611
2611
2674
2694
2694
2758
2788
2788
2779
2743
2712
2734
2742
2751
2737
2737
2711
2638
2638
2602
2648
2650
2633
2633
2633
2633
2633
2635
2660
2660
2655
2655
2684
2649
2653
2644
2644
2644
2644
2644
2644
2644
2654
2678
2678
2689
2735
2735
2682
2682
2660
2660
2590
2590
2604
2613
2613
2631
2631
2631
2652
2612
2612
2612
2612
2612
2672
2738
2738
2808
2808
2768
2753
2728
2742
2786
2786
2786
2786
2830
2778
2778
2735
2725
2724
2658
2658
2658
2705
2686
2678
2671
2677
2658
2663
2663
2717
2682
2699
2699
2699
2711
2623
2623
2623
2637
2637
2632
2632
2671
2683
2751
2798
2797
2748
2748
2694
2694
2674
2627
2617
2617
2632
2612
2612
2661
2642
2687
2687
2595
2594
2594
2594
2594
2594
2594
2620
2679
2679
2688
2632
2667
2667
2667
2690
2690
2690
2690
2690
2676
2676
2676
2662
2650
2614
2570
2570
2570
2574
2574
2585
2585
2585
2592
2592
2541
2541
2523
2523
2523
2523
2520
2523
2523
2523
2523
2523
2523
2523
2520
2520
2520
2520
2520
2519
2519
2519
2519
2519
2519
2519
2555
2555
2519
2465
2475
2475
2475
2475
2498
2473
2473
2473
2473
2473
2507
2504
2508
2525
2531
2531
2539
2539
2539
2519
2568
2568
2520
2520
2505
2505
2505
2505
2497
2497
2538
2539
2539
2539
2536
2536
2536
2536
2534
2534
2534
2517
2517
2517
2545
2570
2570
2541
2559
2559
2515
2515
2515
2515
2518
2494
2494
2589
2589
2588
2556
2556
2567
2567
2567
2568
2516
2516
2611
2611
2618
2618
2620
2620
2624
2624
2587
2587
2587
2587
2579
2630
2710
2662
2648
2648
2648
2649
2649
2649
2647
2665
2638
2638
2638
2618
2618
2665
2660
2660
2660
2677
2657
2645
2645
2645
2645
2672
2646
2638
2638
2637
2639
2639
2624
2624
2624
2624
2624
2624
2609
2609
2623
2623
2623
2623
2637
2635
2635
2608
2608
2615
2664
2664
2682
2678
2689
2655
2647
2647
2677
2676
2676
2687
2617
2617
2617
2612
2612
2612
2612
2612
2614
2592
2592
2592
2592
2592
2639
2639
2639
2619
2619
2586
2562
2562
2562
2562
2562
2562
2562
2562
2562
2570
2589
2589
2591
2597
2597
2600
2600
2600
2600
2600
2601
2601
2601
2601
2575
2575
2575
2585
2585
2585
2585
2569
2569
2569
2569
2597
2597
2597
2562
2569
2569
2569
2532
2554
2606
2606
2606
2621
2592
2592
2628
2632
2632
2632
2632
2632
2632
2632
2645
2645
2671
2616
2629
2629
2629
2629
2621
2617
2643
2643
2655
2655
2651
2651
2605
2605
2605
2605
2605
2605
2605
2593
2593
2593
2588
2608
2629
2629
2629
2608
2613
2613
2614
2645
2645
2645
2636
2636
2541
2541
2541
2541
2541
2541
2541
2541
2541
2541
2541
2519
2519
2481
2481
2481
2481
2481
2481
2481
2481
2481
2431
2431
2423
2423
2423
2423
2423
2423
2442
2441
2424
2424
2424
2424
2424
2424
2424
2439
2439
2463
2468
2468
2449
2506
2506
2506
2506
2478
2478
2463
2463
2462
2462
2462
2462
2462
2462
2462
2462
2462
2462
2462
2462
2462
2481
2478
2478
2478
2478
2478
2472
2472
2472
2503
2514
2533
2553
2576
2576
2614
2614
2614
2614
2541
2541
2541
2536
2536
2536
2536
2536
2536
2536
2536
2536
2536
2536
2560
2560
2546
2546
2546
2546
2546
2574
2568
2568
2568
2568
2568
2568
2568
2560
2585
2619
2627
2550
2550
2550
2552
2552
2552
2552
2566
2552
2552
2552
2552
2552
2552
2565
2566
2566
2566
2572
2572
2572
2576
2576
2576
2576
2629
2628
2628
2628
2628
2562
2551
2570
2576
2576
2576
2576
2575
2575
2555
2582
2597
2611
2611
2611
2611
2611
2611
2622
2622
2622
2622
2622
2617
2617
2606
2606
2640
2640
2645
2645
2640
2640
2640
2569
2569
2569
2569
2569
2569
2569
2569
2569
2569
2569
2569
2543
2543
2543
2543
2543
2543
2543
2543
2525
2525
2525
2559
2596
2596
2596
2596
2596
2546
2588
2588
2588
2588
2588
2588
2581
2581
2581
2565
2565
2565
2565
2565
2565
2565
2565
2565
2565
2572
2557
2557
2531
2501
2501
2496
2496
2496
2496
2496
2496
2496
2496
2512
2512
2512
2512
2545
2545
2545
2545
2526
2526
2526
2573
2569
2569
2583
2583
2589
2589
2589
2589
2589
2544
2544
2544
2552
2552
2552
2550
2550
2550
2570
2576
2589
2589
2589
2589
2618
2618
2595
2613
2639
2639
2626
2626
2626
2626
2626
2565
2572
2591
2591
2591
2591
2635
2635
2580
2580
2597
2597
2619
2620
2620
2610
2610
2601
2585
2585
2601
2569
2569
2569
2569
2613
2613
2613
2613
2613
2613
2613
2613
2613
2613
2613
2649
2649
2649
2649
2647
2624
2625
2625
2621
2621
2621
2621
2621
2621
2607
2600
2634
2634
2634
2618
2618
2618
2618
2618
2636
2588
2588
2604
2599
2605
2603
2596
2596
2596
2596
2596
2596
2564
2564
2564
2583
2558
2558
2536
2536
2536
2536
2536
2536
2539
2539
2539
2500
2500
2500
2500
2519
2516
2541
2539
2539
2507
2507
2517
2523
2520
2520
2520
2520
2520
2520
2520
2520
2520
2487
2487
2487
2487
2487
2507
2507
2507
2507
2497
2497
2558
2549
2549
2549
2549
2549
2549
2549
2506
2506
2506
2535
2535
2535
2535
2535
2535
2573
2573
2573
2573
2583
2583
2583
2583
2583
2582
2582
2582
2582
2594
2594
2594
2594
2573
2590
2590
2590
2590
2571
2571
2528
2528
2528
2600
2600
2600
2576
2576
2576
2576
2576
2576
2576
2576
2576
2576
2576
2575
2575
2550
2550
2550
2550
2550
2550
2550
2550
2550
2550
2550
2550
2592
2592
2636
2617
2617
2617
2626
2621
2618
2618
2618
2654
2654
2654
2654
2654
2609
2609
2610
2610
2610
2619
2658
2661
2606
2599
2565
2565
2574
2574
2574
2574
2570
2570
2570
2606
2570
2570
2570
2570
2595
2592
2592
2592
2532
2532
2532
2526
2526
2513
2513
2508
2513
2513
2478
2506
2506
2506
2498
2498
2498
2498
2493
2493
2493
2493
2473
2473
2473
2473
2519
2515
2515
2515
2503
2503
2503
2503
2503
2486
2486
2486
2486
2502
2502
2502
2502
2502
2540
2532
2497
2497
2497
2497
2533
2534
2517
2534
2531
2536
2536
2543
2543
2543
2554
2554
2529
2529
2529
2529
2529
2541
2545
2545
2545
2517
2517
2517
2517
2517
2517
2517
2520
2541
2539
2539
2517
2517
2517
2517
2517
2517
2517
2517
2563
2563
2568
2578
2578
2595
2577
2577
2527
2527
2527
2527
2527
2533
2533
2533
2508
2508
2508
2508
2508
2508
2508
2508
2508
2508
2513
2513
2513
2513
2513
2513
2513
2544
2544
2544
2544
2544
2534
2579
2457
2457
2457
2457
2457
2473
2473
2473
2473
2473
2509
2509
2509
2509
2509
2509
2509
2509
2509
2509
2509
2509
2509
2509
2509
2509
2509
2534
2534
2564
2562
2538
2534
2534
2533
2533
2533
2533
2533
2533
2516
2516
2516
2516
2516
2516
2516
2497
2497
2497
2497
2497
2497
2497
2512
2512
2512
2512
2512
2521
2521
2521
2588
2588
2588
2575
2575
2575
2575
2575
2575
2575
2575
2575
2582
2582
2582
2582
2556
2583
2583
2583
2583
2577
2573
2573
2573
2585
2593
2593
2560
2560
2560
2548
2548
2548
2545
2545
2545
2545
2545
2545
2545
2545
2545
2545
2554
2549
2549
2549
2549
2549
2545
2545
2530
2530
2516
2516
2516
2516
2516
2516
2516
2516
2539
2539
2539
2539
2539
2551
2551
2513
2513
2513
2513
2556
2521
2521
2521
2521
2521
2521
2521
2521
2521
2521
2529
2529
2531
2508
2508
2508
2508
2508
2510
2510
2510
2510
2544
2544
2544
2574
2574
2574
2574
2574
2574
2559
2559
2559
2569
2522
2522
2522
2528
2564
2570
2548
2548
2548
2567
2558
2558
2560
2516
2516
2516
2516
2516
2528
2528
2528
2526
2526
2522
2522
2522
2522
2522
2522
2522
2522
2522
2522
2522
2522
2522
2522
2522
2522
2522
2522
2522
2522
2522
2522
2522
2522
2522
2522
2522
2522
2522
2522
2522
2522
2522
2522
2522
2522
2522
2522
2522
2513
2513
2513
2513
2513
2513
2513
2513
2513
2513
2513
2518
2518
2518
2518
2518
2518
2518
2518
2518
2518
2518
2543
2543
2562
2562
2562
2543
2543
2543
2540
2530
2519
2519
2502
2486
2486
2453
2453
2453
2453
2453
2446
2446
2446
2446
2446
2446
2446
2446
2446
2446
2446
2446
2434
2434
2434
2434
2434
2434
2434
2434
2434
2434
2434
2446
2446
2446
2464
2464
2446
2446
2446
2446
2446
2446
2446
2446
2446
2446
2446
2446
2446
2446
2446
2434
2434
2421
2421
2421
2421
2421
2421
2421
2421
2421
2421
2413
2413
2413
2413
2413
2413
2413
2413
2413
2413
2413
2413
2413
2413
2413
2411
2411
2411
2411
2411
2411
2411
2411
2411
2411
2411
2411
2411
2411
2411
2411
2411
2411
2411
2411
2411
2411
2411
2411
2411
2411
2411
2411
2411
2411
2411
2411
2411
2411
2411
2411
2411
2411
2411
2411
2411
2411
2411
2411
2413
2413
2413
2413
2413
2413
2413
2413
2413
2413
2413
2413
2413
2413
2413
2413
2413
2413
2451
2451
2451
2451
2451
2451
2451
2451
2451
2451
2451
2451
2451
2451
2451
2469
2469
2469
2469
2469
2469
2469
2469
2469
2454
2454
2454
2454
2454
2454
2458
2458
2458
2458
2458
2458
2463
2463
2463
2463
2451
2451
2451
2451
2451
2451
2476
2476
2476
2476
2476
2476
2476
2475
2452
2452
2451
2451
2451
2451
2451
2451
2451
2451
2451
2451
2451
2451
2451
2451
2451
2451
2451
2451
2451
2451
2451
2451
2466
2466
2466
2466
2466
2476
2476
2476
2476
2476
2476
2476
2476
2502
2502
2502
2502
2502
2502
2476
2476
2476
2476
2476
2476
2476
2476
2460
2460
2460
2460
2460
2460
2460
2460
2460
2460
2460
2460
2460
2460
2463
2463
2463
2463
2463
2463
2463
2463
2463
2463
2463
2463
2463
2463
2463
2463
2463
2463
2463
2463
2463
2463
2466
2466
2466
2466
2470
2457
2457
2457
2457
2457
2457
2457
2457
2457
2457
2457
2457
2457
2457
2457
2457
2457
2457
2470
2470
2470
2470
2470
2470
2507
2507
2507
2507
2507
2507
2507
2507
2507
2507
2507
2507
2507
2519
2519
2519
2519
2519
2519
2519
2519
2519
2519
2519
2519
2519
2519
2519
2519
2519
2513
2513
2513
2513
2513
2513
2513
2513
2513
2513
2511
2511
2511
2518
2518
2518
2518
2518
2518
2518
2518
2518
2518
2518
2518
2518
2518
2518
2518
2518
2518
2497
2497
2497
2497
2497
2497
2497
2497
2497
2497
2497
2497
2497
2497
2482
2482
2482
2482
2482
2482
2482
2482
2482
2482
2482
2482
2482
2482
2482
2482
2482
2482
2482
2482
2482
2482
2482
2482
2464
2464
2464
2464
2464
2464
2464
2464
2464
2464
2464
2464
2464
2464
2464
2464
2464
2464
2464
2464
2464
2464
2464
2464
2464
2464
2464
2464
2464
2464
2464
2464
2464
2464
2464
2464
2464
2464
2464
2470
2470
2470
2470
2470
2470
2470
2470
2470
2470
2470
2451
2451
2451
2451
2451
2451
2448
2448
2448
2448
2448
2448
2448
2448
2448
2448
2448
2448
2448
2451
2451
2451
2451
2443
2443
2443
2438
2438
2438
2449
2449
2449
2449
2449
2449
2449
2449
2449
2449
2449
2449
2449
2449
2449
2449
2449
2449
2449
2449
2449
2438
2447
2447
2447
2447
2485
2485
2485
2485
2483
2483
2472
2472
2476
2476
2476
2476
2476
2476
2476
2476
2476
2483
2483
2483
2483
2483
2459
2459
2459
2459
2459
2459
2459
2459
2459
2459
2459
2459
2459
2459
2459
2459
2459
2459
2459
2459
2459
2464
2464
2464
2464
2464
2464
2464
2464
2464
2464
2464
2464
2464
2464
2464
2464
2464
2464
2464
2464
2464
2464
2464
2464
2464
2464
2464
2464
2464
2464
2464
2464
2464
2464
2464
2464
2464
2464
2464
2464
2464
2464
2464
2464
2464
2464
2464
2464
2463
2463
2463
2466
2466
2466
2466
2466
2503
2500
2500
2500
2500
2500
2500
2501
2501
2501
2512
2512
2522
2521
2521
2521
2504
2486
2486
2486
2486
2504
2504
2504
2478
2478
2478
2490
2490
2490
2498
2467
2469
2469
2458
2458
2458
2458
2458
2458
2452
2435
2435
2435
2435
2435
2435
2435
2435
2435
2435
2435
2435
2435
2435
2435
2435
2456
2456
2456
2456
2456
2456
2456
2456
2456
2456
2456
2456
2456
2456
2456
2456
2439
2439
2439
2439
2439
2439
2439
2439
2439
2439
2439
2439
2439
2439
2443
2447
2447
2447
2447
2447
2447
2447
2447
2447
2447
2447
2447
2447
2447
2447
2447
2442
2425
2425
2425
2425
2425
2425
2425
2425
2423
2423
2423
2423
2423
2423
2423
2423
2423
2423
2423
2423
2423
2423
2423
2423
2425
2425
2425
2425
2425
2425
2425
2423
2423
2423
2423
2423
2423
2423
2423
2441
2441
2441
2441
2441
2441
2442
2448
2448
2458
2458
2458
2458
2458
2458
2458
2458
2458
2458
2458
2458
2480
2468
2468
2468
2468
2468
2468
2468
2468
2468
2468
2468
2468
2468
2468
2464
2464
2464
2464
2464
2464
2464
2461
2461
2461
2461
2461
2461
2461
2423
2423
2423
2423
2423
2423
2436
2436
2436
2436
2436
2456
2456
2453
2465
2465
2465
2465
2465
2465
2465
2465
2465
2465
2465
2465
2467
2441
2441
2441
2441
2441
2441
2441
2441
2436
2436
2436
2436
2463
2463
2473
2473
2473
2473
2473
2473
2473
2471
2471
2471
2471
2471
2471
2448
2448
2448
2448
2448
2428
2428
2428
2428
2428
2428
2428
2428
2428
2428
2428
2428
2455
2455
2455
2455
2455
2455
2455
2455
2455
2455
2455
2455
2455
2455
2455
2455
2455
2455
2455
2455
2455
2459
2459
2459
2459
2459
2459
2459
2459
2459
2459
2459
2459
2459
2469
2469
2469
2469
2469
2469
2469
2469
2469
2469
2469
2469
2469
2469
2469
2469
2469
2469
2469
2469
2469
2469
2473
2470
2470
2470
2470
2470
2470
2470
2470
2470
2448
2448
2448
2448
2448
2448
2448
2448
2448
2448
2446
2446
2451
2451
2451
2451
2451
2451
2451
2451
2451
2451
2451
2451
2451
2451
2451
2451
2451
2451
2451
2451
2451
2451
2451
2451
2451
2451
2451
2451
2451
2451
2451
2425
2425
2427
2427
2427
2427
2427
2427
2427
2427
2427
2427
2427
2427
2427
2427
2427
2427
2427
2427
2427
2427
2427
2427
2427
2427
2427
2427
2427
2427
2427
2427
2427
2427
2430
2430
2430
2430
2430
2430
2430
2430
2430
2430
2430
2430
2430
2430
2430
2430
2430
2430
2427
2427
2427
2427
2427
2427
2427
2427
2427
2427
2427
2427
2427
2427
2427
2427
2427
2427
2427
2427
2427
2427
2427
2427
2427
2427
2430
2430
2430
2430
2438
2438
2446
2446
2446
2446
2446
2446
2446
2446
2445
2445
2445
2445
2445
2433
2433
2433
2433
2433
2433
2433
2433
2433
2433
2433
2433
2433
2433
2433
2433
2433
2433
2433
2433
2425
2425
2425
2425
2425
2425
2425
2425
2425
2425
2425
2425
2425
2425
2425
2425
2425
2425
2425
2425
2425
2425
2425
2425
2425
2425
2425
2425
2425
2425
2425
2425
2425
2425
2425
2425
2425
2425
2425
2425
2425
2425
2425
2425
2425
2425
2425
2425
2425
2425
2425
2425
2425
2425
2425
2425
2425
2425
2425
2425
2442
2442
2442
2442
2442
2442
2442
2442
2442
2442
2442
2442
2442
2442
2440
2440
2440
2440
2440
2440
2440
2440
2440
2440
2440
2440
2440
2440
2440
2440
2440
2440
2440
2440
2440
2440
2440
2440
2437
2437
2437
2437
2437
2437
2437
2437
2437
2437
2437
2437
2437
2437
2437
2437
2437
2437
2437
2437
2437
2437
2437
2437
2437
2437
2437
2437
2437
2440
2440
2440
2440
2440
2440
2440
2440
2440
2440
2440
2440
2440
2440
2440
2440
2440
2440
2440
2440
2440
2440
2440
2440
2440
2440
2440
2440
2440
2440
2440
2440
2440
2440
2440
2440
2440
2440
2440
2440
2440
2440
2440
2459
2462
2462
2462
2462
2463
2463
2463
2458
2458
2458
2458
2458
2458
2458
2458
2458
2458
2458
2458
2458
2458
2458
2458
2458
2458
2458
2458
2458
2458
2458
2458
2458
2458
2458
2458
2458
2448
2448
2448
2448
2448
2448
2448
2448
2448
2448
2448
2448
2448
2448
2448
2448
2448
2448
2448
2448
2448
2448
2448
2448
2457
2457
2457
2457
2457
2457
2457
2457
2457
2457
2457
2457
2457
2457
2457
2457
2457
2457
2457
2457
2457
2457
2457
2457
2448
2447
2447
2447
2447
2447
2447
2447
2447
2447
2447
2447
2447
2447
2447
2447
2447
2447
2447
2447
2398
2398
2398
2398
2398
2398
2398
2398
2398
2398
2398
2398
2398
2398
2398
2398
2398
2398
2398
2398
2398
2398
2398
2398
2398
2398
2398
2398
2398
2398
2398
2397
2397
2397
2397
2397
2397
2397
2397
2397
2397
2397
2397
2397
2397
2397
2397
2397
2397
2397
2397
2397
2397
2397
2397
2397
2397
2397
2397
2397
2397
2397
2397
2397
2397
2397
2397
2397
2397
2397
2397
2397
2397
2397
2397
2397
2397
2397
2397
2397
2397
2397
2397
2397
2397
2397
2397
2397
2397
2397
2397
2397
2397
2397
2397
2397
2397
2412
2412
2412
2412
2412
2412
2412
2412
2412
2398
2398
2398
2398
2398
2398
2398
2398
2398
2398
2490
2490
2471
2471
2471
2471
2471
2471
2471
2471
2471
2471
2471
2471
2471
2471
2471
2471
2471
2471
2471
2471
2471
2471
2471
2471
2471
2471
2471
2471
2471
2471
2471
2471
2471
2471
2471
2471
2471
2471
2471
2471
2471
2471
2471
2471
2471
2471
2471
2471
2471
2471
2471
2471
2471
2471
2471
2471
2471
2471
2471
2471
2471
2471
2471
2471
2471
2471
2471
2471
2471
2471
2471
2471
2471
2471
2471
2471
2471
2471
2471
2471
2471
2466
2466
2466
2465
2465
2465
2465
2465
2465
2465
2465
2465
2465
2465
2465
2465
2465
2465
2449
2449
2449
2449
2449
2449
2449
2449
2449
2449
2449
2449
2449
2449
2449
2449
2449
2449
2449
2449
2449
2449
2449
2449
2449
2449
2449
2449
2449
2449
2449
2449
2449
2449
2449
2438
2438
2438
2438
2438
2438
2438
2438
2438
2438
2438
2438
2438
2438
2438
2438
2429
2429
2429
2429
2429
2429
2429
2429
2429
2429
2431
2431
2431
2431
2431
2431
2431
2431
2431
2431
2431
2431
2431
2429
2429
2429
2429
2429
2429
2429
2429
2429
2429
2429
2429
2429
2429
2429
2429
2429
2429
2429
2429
2429
2429
2429
2429
2429
2429
2429
2429
2429
2429
2429
2429
2429
2429
2429
2429
2429
2429
2429
2429
2429
2429
2432
2432
2432
2432
2432
2432
2432
2432
2432
2432
2432
2429
2429
2429
2429
2429
2429
2429
2429
2429
2429
2429
2429
2429
2429
2429
2429
2429
2429
2435
2435
2435
2435
2435
2435
2435
2435
2435
2435
2435
2435
2435
2435
2435
2435
2435
2435
2435
2435
2435
2435
2435
2435
2435
2435
2435
2435
2435
2435
2435
2435
2435
2435
2435
2435
2435
2435
2435
2435
2435
2435
2435
2435
2435
2435
2435
2435
2435
2435
2435
2435
2435
2435
2435
2435
2435
2435
2435
2435
2435
2435
2435
2435
2435
2435
2435
2435
2435
2435
2435
2435
2435
2435
2435
2435
2435
2435
2435
2435
2435
2435
2435
2435
2435
2435
2435
2435
2435
2435
2435
2435
2435
2435
2435
2435
2435
2435
2435
2435
2435
2435
2435
2435
2435
2435
2435
2435
2435
2435
2435
2435
2435
2435
2435
2435
2435
2435
2435
2435
2435
2435
2435
2435
2435
2435
2435
2435
2435
2435
2435
2435
2435
2435
2435
2435
2435
2435
2435
2435
2435
2435
2435
2435
2435
2435
2435
2435
2435
2435
2435
2435
2435
2435
2435
2435
2423
2423
2423
2423
2423
2423
2423
2423
2423
2423
2423
2423
2423
2423
2423
2423
2423
2423
2423
2423
2423
2423
2423
2423
2423
2423
2423
2423
2423
2423
2423
2423
2423
2423
2423
2423
2423
2423
2423
2423
2387
2387
2387
2387
2387
2387
2387
2387
2387
2387
2387
2387
2387
2387
2387
2387
2387
2380
2380
2380
2380
2380
2380
2380
2380
2380
2380
2380
2380
2380
2380
2380
2380
2380
2380
2380
2380
2380
2380
2380
2380
2380
2380
2380
2380
2380
2380
2380
2380
2380
2387
2387
2387
2387
2387
2387
2387
2387
2387
2387
2387
2387
2387
2387
2387
2387
2387
2387
2387
2387
2387
2387
2387
2387
2387
2387
2387
2387
2387
2387
2387
2387
2387
2387
2387
2387
2387
2387
2387
2387
2387
2387
2387
2387
2387
2387
2387
2387
2387
2387
2387
2387
2387
2387
2387
2387
2387
2387
2387
2387
2387
2387
2387
2387
2387
2387
2387
2387
2387
2387
2387
2387
2387
2387
2387
2387
2387
2387
2387
2387
2390
2390
2390
2390
2390
2390
2390
2390
2390
2390
2390
2390
2390
2390
2390
2390
2390
2390
2390
2390
2390
2390
2390
2390
2390
2390
2390
2390
2390
2390
2390
2390
2390
2390
2390
2390
2390
2390
2390
2390
2390
2390
2390
2390
2390
2390
2390
2390
2390
2390
2390
2390
2390
2390
2390
2390
2390
2390
2390
2390
2390
2390
2390
2390
2390
2390
2390
2390
2390
2390
2390
2390
2390
2390
2390
2390
2390
2390
2390
2390
2390
2390
2390
2390
2390
2390
2390
2390
2390
2390
2390
2390
2390
2390
2390
2390
2390
2390
2390
2390
2390
2390
2390
2390
2390
2390
2390
2390
2390
2390
2390
2390
2390
2390
2376
2376
2376
2376
2376
2376
2376
2376
2376
2376
2376
2376
2376
2376
2376
2376
2376
2376
2376
2376
2376
2376
2376
2376
2376
2379
2379
2379
2379
2379
2379
2379
2379
2379
2379
2379
2379
2379
2379
2379
2379
2379
2379
2379
2379
2379
2379
2379
2379
2379
2379
2379
2379
2379
2379
2379
2379
2379
2379
2379
2379
2379
2379
2379
2379
2379
2379
2379
2379
2379
2379
2379
2379
2379
2379
2379
2379
2379
2379
2379
2379
2379
2379
2379
2379
2379
2379
2379
2379
2379
2379
2379
2379
2379
2379
2379
2379
2379
2379
2379
2379
2379
2379
2379
2379
2379
2379
2379
2379
2379
2379
2379
2379
2379
2379
2379
2379
2379
2379
2379
2379
2379
2379
2379
2379
2379
2379
2379
2379
2379
2379
2379
2379
2379
2379
2379
2379
2379
2379
2379
2379
2379
2379
2379
2379
2379
2379
2379
2379
2379
2379
2379
2379
2379
2379
2379
2379
2379
2379
2379
2379
2379
2379
2379
2379
2379
2379
2379
2379
2379
2379
2379
2379
2379
2379
2379
2379
2379
2379
2379
2379
2379
2379
2379
2379
2379
2379
2379
2379
2379
2379
2379
2379
2379
2379
2379
2379
2379
2379
2379
2379
2379
2379
2379
2379
2379
2379
2379
2379
2379
2379
2379
2379
2379
2379
2379
2379
2379
2379
2379
2379
2379
2379
2379
2379
2379
2379
2379
2379
2379
2379
2379
2379
2379
2379
2379
2379
2379
2379
2379
2379
2379
2379
2379
2379
2379
2379
2379
2379
2379
2379
2379
2379
2379
2379
2379
2379
2379
2379
2379
2379
2379
2379
2379
2379
2379
2379
2379
2379
2379
2379
2379
2379
2379
2379
2379
2379
2379
2379
2379
2379
2379
2379
2379
2379
2379
2379
2379
2379
2379
2379
2379
2379
2379
2379
2376
2376
2376
2376
2376
2376
2376
2376
2376
2376
2376
2376
2376
2376
2376
2376
2376
2376
2376
2376
2376
2376
2376
2376
2376
2376
2376
2376
2376
2376
2376
2376
2376
2376
2376
2376
2376
2376
2376
2376
2376
2376
2376
2376
2376
2376
2376
2376
2376
2376
2376
2376
2376
2376
2376
2376
2376
2376
2376
2376
2376
2376
2376
2376
2376
2376
2376
2376
2376
2376
2376
2376
2376
2376
2376
2376
2376
2376
2376
2376
2376
2376
2376
2376
2376
2376
2376
2376
2376
2376
2376
2376
2376
2376
2376
2376
2376
2376
2376
2376
2376
2376
2376
2376
2376
2376
2376
2376
2376
2376
2376
2376
2376
2376
2376
2376
2376
2376
2376
2376
2376
2376
2376
2376
2376
2376
2376
2376
2376
2376
2376
2376
2376
2376
2376
2376
2376
2376
2376
2376
2376
2376
2376
2376
2376
2376
2376
2376
2376
2376
2376
2376
2376
2376
2376
2376
2376
2376
2376
2376
2376
2376
2376
2376
2376
2376
2376
2376
2376
2376
2376
2376
2376
2376
2376
2376
2376
2376
2376
2376
2376
2376
2376
2376
2376
2376
2376
2376
2376
2376
2376
2376
2376
2376
2376
2376
2376
2376
2376
2376
2376
2376
2376
2376
2376
2376
2376
2376
2376
2376
2376
2376
2376
2376
2376
2376
2376
2376
2376
2376
2376
2376
2376
2376
2376
2376
2376
2376
2376
2376
2376
2376
2376
2376
2376
2376
2376
2376
2376
2376
2376
2376
2376
2376
2376
2376
2376
2376
2376
2376
2376
2376
2376
2376
2376
2376
2376
2376
2376
2376
2376
2376
2376
2376
2376
2376
2376
2376
2376
2376
2376
2376
2376
2376
2376
2376
2376
2376
2376
2376
2376
2376
2376
2376
2376
2376
2376
2376
2376
2376
2376
2376
2376
2376
2376
2376
2376
2376
2376
2376
2376
2376
2376
2376
2376
2376
2376
2376
2376
2376
2376
2376
2376
2376
2376
2376
2376
2376
2376
2376
2376
2376
2376
2376
2376
2376
2376
2376
2376
2376
2376
2376
2376
2376
2376
2376
2376
2376
2376
2376
2376
2376
2377
2377
2377
2377
2377
2377
2377
2377
2377
2377
2377
2377
2377
2377
2377
2377
2377
2377
2377
2377
2377
2377
2377
2377
2377
2377
2377
2377
2377
2377
2377
2377
2377
2377
2377
2377
2377
2377
2377
2377
2377
2377
2377
2377
2377
2377
2377
2377
2377
2377
2377
2377
2377
2377
2377
2377
2377
2377
2377
2377
2377
2377
2377
2377
2377
2377
2377
2377
2377
2377
2377
2377
2377
2377
2377
2377
2377
2377
2377
2377
2377
2377
2377
2377
2377
2377
2377
2377
2377
2377
2377
2377
2377
2377
2377
2377
2377
2377
2377
2377
2377
2377
2377
2377
2377
2377
2377
2377
2377
2377
2377
2377
2377
2377
2377
2377
2377
2377
2377
2377
2377
2377
2377
2377
2377
2377
2377
2377
2377
2377
2377
2377
2377
2377
2377
2377
2377
2377
2377
2377
2377
2377
2377
2377
2377
2377
2377
2377
2377
2377
2376
2376
2376
2376
2376
2376
2376
2376
2376
2376
2376
2376
2376
2376
2376
2376
2376
2376
2376
2376
2376
2376
2376
2376
2376
2376
2376
2376
2376
2376
2376
2376
2376
2376
2376
2376
2376
2376
2376
2376
2376
2376
2376
2376
2376
2376
2376
2376
2376
2376
2376
2376
2376
2376
2376
2376
2376
2376
2376
2376
2376
2376
2376
2376
2376
2376
2376
2376
2376
2376
2376
2376
2376
2376
2376
2376
2376
2376
2376
2376
2376
2376
2376
2376
2376
2376
2376
2376
2376
2376
2376
2376
2376
2376
2376
2376
2376
2376
2376
2376
2376
2376
2376
2376
2376
2376
2376
2376
2376
2376
2376
2376
2376
2376
2376
2376
2376
2376
2376
2376
2376
2376
2376
2376
2376
2376
2376
2376
2376
2376
2376
2376
2376
2376
2376
2376
2376
2376
2376
2376
2376
2376
2376
2376
2376
2376
2376
2376
2375
2375
2375
2375
2375
2375
2375
2375
2375
2375
2375
2375
2375
2375
2375
2375
2375
2375
2375
2375
2375
2375
2375
2375
2375
2375
2375
2375
2375
2375
2375
2375
2375
2375
2375
2375
2375
2375
2375
2375
2375
2375
2375
2375
2375
2375
2375
2375
2375
2375
2375
2382
2382
2382
2382
2382
2382
2382
2382
2382
2382
2382
2382
2382
2382
2382
2382
2382
2382
2382
2382
2382
2382
2382
2382
2382
2382
2382
2382
2382
2382
2382
2382
2382
2382
2382
2382
2382
2382
2382
2382
2382
2382
2382
2382
2382
2382
2382
2382
2382
2382
2382
2382
2382
2382
2382
2382
2382
2382
2382
2382
2382
2382
2382
2382
2382
2382
2382
2382
2382
2382
2382
2382
2382
2382
2382
2382
2382
2382
2382
2382
2382
2382
2382
2382
2382
2382
2382
2382
2382
2382
2382
2382
2382
2372
2372
2372
2372
2372
2372
2372
2372
2372
2372
2372
2372
2372
2372
2372
2372
2372
2372
2372
2372
2372
2372
2372
2372
2372
2372
2372
2372
2372
2372
2372
2372
2372
2372
2372
2372
2372
2372
2372
2372
2372
2372
2372
2372
2372
2372
2372
2372
2372
2372
2372
2372
2372
2372
2372
2372
2372
2372
2372
2372
2372
2372
2372
2372
2372
2372
2372
2372
2372
2372
2372
2372
2372
2372
2372
2372
2372
2372
2372
2372
2372
2372
2372
2372
2372
2372
2372
2372
2372
2372
2372
2372
2372
2372
2372
2372
2374
2375
2375
2375
2375
2375
2375
2375
2375
2375
2375
2375
2375
2375
2375
2375
2375
2375
2375
2375
2375
2375
2375
2375
2375
2375
2375
2375
2375
2375
2375
2375
2375
2375
2375
2375
2375
2375
2375
2375
2375
2375
2375
2375
2375
2375
2375
2375
2375
2375
2375
2375
2375
2375
2375
2375
2375
2375
2375
2375
2375
2375
2375
2375
2375
2375
2375
2375
2375
2375
2375
2375
2375
2375
2375
2375
2375
2375
2375
2375
2375
2375
2375
2375
2375
2375
2375
2375
2375
2375
2375
2375
2375
2375
2375
2375
2375
2375
2375
2375
2375
2375
2375
2375
2375
2375
2375
2375
2375
2375
2375
2375
2375
2375
2375
2375
2375
2375
2375
2375
2375
2375
2375
2375
2375
2376
2376
2376
2376
2376
2376
2376
2376
2376
2376
2376
2376
2376
2376
2376
2376
2376
2376
2376
2376
2376
2376
2376
2376
2376
2376
2376
2376
2376
2376
2376
2376
2376
2376
2376
2376
2376
2376
2376
2376
2376
2376
2376
2376
2376
2376
2376
2376
2376
2376
2376
2376
2376
2376
2376
2376
2376
2376
2376
2376
2376
2376
2376
2376
2376
2376
2376
2376
2376
2376
2376
2371
2371
2371
2371
2371
2371
2371
2371
2371
2371
2371
2371
2371
2371
2371
2371
2371
2371
2371
2371
2371
2371
2371
2371
2371
2371
2371
2371
2371
2371
2371
2371
2371
2371
2371
2371
2371
2371
2371
2371
2371
2371
2371
2371
2371
2371
2371
2371
2371
2371
2371
2371
2371
2371
2371
2371
2371
2371
2371
2371
2371
2371
2371
2371
2371
2371
2371
2371
2371
2371
2371
2371
2371
2371
2371
2371
2371
2371
2371
2371
2371
2371
2371
2371
2371
2371
2371
2371
2371
2371
2371
2371
2371
2371
2371
2371
2371
2371
2371
2371
2371
2371
2371
2371
2371
2371
2371
2371
2371
2371
2371
2371
2371
2371
2371
2371
2371
2371
2371
2371
2371
2371
2371
2371
2371
2371
2371
2371
2371
2371
2371
2371
2371
2371
2371
2371
2371
2371
2371
2371
2371
2371
2371
2371
2371
2371
2371
2371
2371
2371
2371
2371
2371
2371
2371
2371
2371
2371
2371
2371
2371
2371
2371
2371
2371
2371
2371
2371
2371
2371
2371
2371
2371
2371
2371
2371
2371
2371
2371
2371
2371
2371
2371
2371
2371
2371
2371
2371
2371
2371
2371
2371
2371
2371
2371
2371
2371
2371
2371
2371
2371
2371
2371
2371
2371
2371
2371
2371
2371
2371
2371
2371
