2926
2904
2930
2935
2947
2827
2809
2786
2834
2899
2868
2868
2836
2815
2838
2773
2742
2757
2717
2717
2717
2693
2777
2934
2921
2828
2718
2773
2788
2784
2748
2732
2622
2610
2665
2707
2743
2727
2727
2682
2682
2597
2596
2633
2719
2719
2679
2647
2669
2720
2720
2635
2664
2769
2634
2634
2634
2546
2535
2554
2607
2612
2607
2607
2618
2615
2704
2823
2767
2778
2827
2812
2651
2676
2693
2733
2714
2695
2704
2727
2724
2689
2773
2686
2712
2716
2773
2821
2791
2798
2798
2831
2819
2919
2909
2882
2872
2947
2857
2774
2618
2774
2797
2777
2734
2739
2735
2704
2745
2672
2672
2689
2689
2715
2734
2742
2689
2636
2640
2704
2662
2657
2657
2670
2684
2704
2756
2735
2689
2706
2671
2716
2833
2684
2711
2739
2739
2772
2686
2706
2796
2757
2766
2932
2756
2699
2694
2691
2819
2841
2835
2782
2782
2738
2689
2670
2660
2691
2819
2830
2822
2799
2763
2736
2753
2729
2663
2565
2601
2651
2651
2659
2657
2583
2683
2690
2692
2773
2721
2711
2750
2746
2766
2762
2769
2756
2759
2759
2831
2800
2745
2793
2823
2817
2833
2776
2811
2809
2746
2784
2724
2711
2696
2702
2785
2733
2847
2810
2783
2670
2685
2731
2717
2659
2656
2674
2717
2740
2740
2680
2652
2652
2642
2610
2680
2728
2748
2631
2635
2626
2626
2698
2822
2790
2747
2757
2717
2642
2747
2733
2780
2643
2609
2595
2709
2726
2664
2664
2720
2720
2784
2753
2731
2722
2728
2725
2670
2722
2720
2720
2724
2735
2682
2775
2779
2623
2623
2658
2669
2667
2754
2735
2752
2763
2679
2685
2728
2751
2785
2736
2696
2622
2644
2612
2652
2638
2735
2697
2684
2741
2736
2774
2686
2690
2659
2731
2630
2557
2602
2700
2705
2709
2733
2729
2781
2804
2786
2803
2864
2895
2859
2842
2758
2789
2827
2850
2791
2812
2832
2839
2855
2924
2753
2824
2824
2824
2777
2796
2811
2870
2806
2756
2758
2788
2739
2782
2762
2762
2762
2849
2841
2804
2804
2804
2872
2889
2889
2960
2906
2893
2952
2898
2865
2770
2703
2703
2694
2689
2734
2660
2672
2632
2652
2587
2640
2621
2603
2635
2618
2665
2679
2645
2671
2600
2763
2733
2742
2787
2841
2824
2716
2746
2741
2741
2734
2742
2751
2632
2664
2843
2853
2693
2651
2695
2707
2692
2662
2708
2622
2621
2612
2638
2718
2738
2781
2781
2724
2667
2667
2677
2692
2666
2722
2777
2739
2714
2714
2714
2714
2718
2752
2778
2779
2779
2803
2732
2784
2786
2770
2770
2770
2752
2780
2811
2850
2766
2764
2781
2777
2787
2777
2733
2733
2761
2748
2775
2816
2771
2813
2858
2898
2866
2824
2795
2810
2853
2877
2823
2824
2821
2763
2798
2742
2790
2725
2761
2761
2799
2794
2736
2720
2742
2771
2785
2641
2670
2670
2644
2627
2567
2624
2626
2654
2634
2593
2562
2547
2589
2697
2656
2682
2760
2834
2940
2969
2922
2861
2864
2842
2743
2770
2734
2733
2740
2741
2702
2715
2632
2635
2626
2667
2735
2686
2681
2685
2707
2657
2690
2690
2690
2675
2629
2585
2585
2611
2617
2632
2576
2661
2661
2646
2627
2671
2697
2718
2744
2697
2697
2769
2668
2652
2726
2719
2748
2709
2763
2738
2725
2743
2712
2712
2723
2747
2789
2771
2722
2806
2724
2724
2740
2777
2756
2708
2737
2815
2789
2754
2755
2765
2759
2759
2757
2728
2829
2912
2892
2840
2853
2800
2733
2728
2769
2825
2859
2920
2870
2887
2865
2882
2896
2908
2984
2977
3037
2977
2918
2828
2836
2815
2810
2874
2846
2846
2828
2832
2800
2685
2641
2642
2609
2681
2632
2668
2635
2648
2652
2648
2686
2687
2728
2771
2771
2784
2849
2781
2786
2771
2771
2766
2838
2854
2827
2799
2812
2784
2804
2777
2813
2834
2778
2728
2843
2817
2778
2766
2836
2817
2793
2614
2638
2637
2637
2665
2725
2740
2749
2683
2730
2730
2643
2637
2739
2731
2741
2741
2665
2697
2685
2737
2707
2724
2700
2627
2713
2646
2672
2699
2692
2665
2665
2622
2628
2664
2631
2642
2652
2640
2652
2764
2706
2706
2752
2718
2772
2821
2696
2728
2697
2697
2682
2681
2741
2697
2768
2740
2772
2772
2757
2730
2720
2829
2861
2836
2836
2874
2807
2724
2814
2875
2851
2851
2775
2684
2704
2681
2709
2799
2819
2778
2795
2792
2698
2761
2806
2816
2791
2729
2788
2797
2836
2781
2766
2748
2824
2816
2696
2722
2747
2747
2755
2657
2760
2784
2818
2818
2691
2663
2671
2695
2878
2872
2893
2908
2908
2853
2837
2834
2840
2808
2896
2941
2908
2908
2931
2934
2958
2956
2924
2953
2961
2901
2907
2886
2890
2877
2878
2878
2914
2957
2960
2778
2777
2823
2899
2888
2810
2784
2810
2815
2829
2864
2893
2901
2680
2705
2707
2850
2821
2856
2878
2910
2921
2857
2837
2890
2809
2793
2845
2700
2693
2693
2761
2802
2808
2862
2807
2818
2853
2838
2838
2876
2819
2836
2844
2900
2925
2963
2891
2839
2818
2903
2968
2889
2804
2838
2755
2795
2795
2832
2805
2775
2775
2837
2740
2724
2727
2748
2826
2812
2742
2707
2731
2737
2723
2695
2707
2707
2687
2700
2700
2677
2735
2799
2784
2788
2698
2714
2714
2736
2816
2801
2718
2657
2778
2758
2782
2838
2710
2712
2707
2763
2758
2763
2719
2719
2692
2700
2701
2703
2715
2716
2699
2737
2715
2705
2684
2635
2648
2650
2657
2729
2663
2672
2674
2671
2671
2741
2736
2739
2663
2643
2687
2705
2665
2694
2678
2700
2713
2746
2691
2691
2707
2772
2722
2711
2740
2841
2821
2821
2821
2842
2846
2754
2774
2751
2608
2608
2608
2612
2571
2571
2660
2650
2650
2677
2691
2713
2662
2684
2780
2768
2723
2752
2732
2616
2603
2800
2823
2798
2850
2827
2810
2786
2786
2786
2807
2791
2831
2805
2753
2663
2708
2741
2781
2800
2818
2819
2684
2721
2735
2716
2634
2675
2707
2731
2669
2757
2815
2785
2829
2810
2856
2857
2793
2794
2847
2879
2879
2879
2882
2921
2870
2841
2803
2862
2923
2900
2836
2796
2805
2899
2833
2822
2827
2780
2783
2826
2730
2766
2766
2746
2779
2765
2773
2776
2776
2744
2699
2679
2700
2713
2713
2692
2692
2703
2712
2781
2817
2841
2743
2720
2720
2713
2725
2807
2747
2712
2741
2647
2647
2647
2719
2715
2721
2682
2704
2676
2676
2643
2701
2695
2655
2649
2649
2580
2699
2669
2722
2722
2677
2737
2705
2713
2730
2678
2712
2706
2624
2655
2624
2623
2615
2647
2632
2601
2698
2698
2603
2658
2692
2830
2869
2868
2956
2906
2857
2819
2860
2860
2863
2821
2816
2788
2844
2889
2848
2837
2789
2707
2667
2667
2691
2680
2685
2746
2738
2738
2717
2733
2743
2659
2654
2645
2718
2747
2760
2764
2896
2887
2876
2826
2824
2824
2799
2795
2821
2803
2752
2776
2788
2762
2816
2820
2845
2799
2755
2760
2669
2700
2701
2838
2947
3023
2990
2990
3006
2984
2888
2855
2869
2898
2884
2894
2834
2855
2920
2920
2891
2911
2888
2872
2776
2810
2852
2871
2934
2915
2904
2895
2847
2872
2844
2908
2905
2858
2847
2912
2966
2896
2871
2873
2915
2902
2859
2843
2839
2832
2860
2896
2814
2822
2815
2820
2806
2834
2900
2924
2919
2919
2952
2941
2875
2917
2904
2909
2909
2902
2887
2857
2824
2816
2739
2779
2798
2798
2741
2771
2745
2802
2813
2765
2765
2773
2774
2690
2690
2634
2626
2626
2590
2612
2612
2593
2607
2588
2576
2657
2692
2641
2634
2773
2805
2769
2634
2732
2758
2795
2777
2777
2723
2645
2645
2645
2644
2734
2751
2744
2706
2794
2794
2794
2788
2727
2738
2767
2807
2765
2711
2701
2656
2611
2747
2724
2758
2830
2850
2850
2788
2822
2884
2872
2808
2803
2808
2775
2733
2733
2733
2715
2689
2687
2690
2744
2753
2699
2683
2680
2721
2723
2744
2746
2797
2742
2777
2778
2744
2744
2698
2695
2717
2690
2671
2726
2737
2815
2815
2816
2824
2774
2788
2734
2802
2824
2841
2790
2753
2699
2751
2730
2730
2622
2735
2748
2774
2815
2882
2748
2802
2771
2776
2727
2725
2829
2829
2809
2825
2809
2928
2936
2872
2881
2836
2903
2876
2863
2775
2869
2860
2926
2860
2953
2844
2842
2824
2815
2815
2707
2689
2632
2657
2706
2676
2700
2714
2746
2731
2746
2742
2742
2759
2751
2725
2712
2709
2698
2698
2764
2741
2740
2846
2801
2703
2694
2818
2790
2777
2738
2726
2723
2783
2815
2790
2854
2936
2848
2853
2815
2808
2825
2828
2864
2875
2862
2903
2891
2946
2902
2929
2817
2780
2663
2730
2762
2776
2837
2884
2751
2751
2870
2914
2885
2811
2850
2788
2841
2837
2911
2868
2982
2975
2955
2900
2818
2824
2776
2785
2795
2768
2847
2860
2891
2727
2646
2635
2625
2714
2659
2709
2700
2680
2680
2665
2599
2659
2738
2751
2816
2786
2786
2761
2708
2742
2803
2765
2772
2775
2709
2720
2674
2674
2805
2759
2803
2759
2755
2834
2700
2698
2672
2699
2672
2830
2862
2702
2702
2684
2627
2685
2704
2680
2647
2606
2616
2557
2748
2754
2805
2772
2756
2728
2714
2722
2766
2752
2752
2845
2842
2798
2798
2797
2728
2672
2740
2796
2769
2775
2890
2863
2829
2837
2870
2845
2796
2826
2846
2918
2918
2885
2885
2885
2801
2701
2701
2701
2662
2763
2754
2667
2662
2660
2712
2708
2724
2682
2699
2670
2695
2617
2652
2639
2662
2646
2723
2730
2742
2684
2668
2690
2718
2802
2743
2792
2770
2822
2773
2723
2720
2720
2718
2738
2679
2686
2752
2755
2778
2813
2786
2779
2803
2752
2752
2727
2699
2775
2774
2821
2824
2851
2881
2888
2896
2816
2828
2824
2843
2862
2798
2808
2767
2757
2777
2759
2804
2799
2839
2796
2684
2684
2678
2678
2781
2613
2672
2638
2633
2536
2523
2548
2585
2624
2587
2602
2660
2733
2680
2730
2728
2692
2700
2684
2651
2669
2727
2723
2766
2853
2884
2929
2929
2888
2859
2878
2819
2761
2763
2768
2729
2747
2644
2618
2620
2553
2553
2487
2487
2489
2557
2525
2497
2498
2567
2510
2549
2528
2609
2600
2525
2525
2502
2502
2611
2611
2497
2497
2497
2541
2541
2679
2642
2642
2740
2740
2793
2790
2859
2849
2827
2838
2838
2764
2749
2789
2812
2742
2732
2791
2859
2896
2876
2902
2876
2821
2772
2694
2644
2725
2683
2717
2704
2704
2718
2784
2837
2837
2899
2894
2889
2889
2847
2684
2678
2710
2693
2682
2682
2589
2588
2586
2586
2630
2688
2853
2905
2905
2904
2919
2874
2761
2724
2756
2743
2689
2731
2661
2661
2661
2646
2646
2775
2793
2775
2709
2795
2978
2899
2850
2936
3000
2944
2901
2920
2929
2842
2842
2780
2795
2776
2708
2708
2729
2658
2712
2715
2777
2749
2750
2784
2786
2839
2833
2779
2838
2902
2860
2821
2771
2695
2709
2701
2721
2721
2718
2722
2730
2672
2668
2698
2727
2772
2807
2787
2774
2731
2732
2702
2764
2812
2628
2663
2669
2669
2667
2667
2706
2736
2744
2744
2762
2774
2725
2777
2796
2796
2772
2742
2750
2789
2869
2901
2877
2874
2874
2909
2859
2857
2921
2813
2824
2819
2805
2719
2822
2822
2882
2838
2837
2680
2680
2667
2648
2597
2649
2647
2627
2718
2653
2705
2723
2640
2676
2719
2666
2666
2639
2735
2701
2701
2717
2785
2814
2859
2819
2789
2774
2760
2828
2760
2726
2776
2834
2778
2753
2774
2753
2754
2793
2719
2654
2623
2589
2589
2651
2610
2675
2746
2746
2777
2834
2803
2892
2891
2830
2830
2820
2734
2704
2733
2733
2762
2736
2768
2788
2803
2752
2679
2703
2712
2731
2731
2770
2768
2756
2721
2724
2738
2717
2734
2725
2813
2844
2772
2791
2779
2755
2769
2787
2787
2708
2739
2739
2672
2650
2611
2617
2638
2622
2533
2508
2547
2642
2602
2617
2676
2675
2720
2739
2771
2802
2788
2797
2848
2757
2746
2708
2806
2802
2835
2878
2859
2859
2861
2830
2763
2774
2732
2767
2726
2762
2716
2745
2761
2698
2698
2725
2749
2747
2749
2749
2724
2749
2821
2826
2845
2793
2848
2798
2859
2818
2800
2870
2723
2753
2730
2798
2870
2846
2838
2838
2856
2834
2848
2902
2798
2896
2808
2777
2759
2759
2735
2735
2859
2848
2744
2744
2783
2744
2741
2725
2741
2918
2845
2862
2875
2875
2803
2722
2606
2601
2597
2597
2597
2597
2599
2628
2628
2597
2611
2640
2701
2727
2634
2626
2626
2672
2651
2812
2829
2822
2721
2727
2768
2768
2739
2632
2632
2627
2614
2615
2676
2669
2669
2768
2758
2759
2619
2600
2593
2644
2656
2662
2662
2657
2705
2597
2578
2682
2708
2709
2736
2605
2605
2619
2696
2746
2710
2710
2712
2740
2718
2713
2693
2768
2768
2792
2896
2909
2942
3011
3011
2978
2978
2922
2860
2958
2958
2948
2940
2968
2887
2891
2805
2741
2750
2755
2765
2765
2763
2817
2805
2635
2651
2651
2696
2673
2684
2669
2630
2631
2645
2612
2618
2618
2627
2690
2691
2732
2732
2697
2661
2736
2743
2732
2717
2708
2771
2748
2762
2788
2783
2748
2748
2730
2663
2707
2663
2713
2709
2814
2875
2740
2750
2682
2711
2706
2718
2830
2824
2672
2672
2711
2712
2695
2701
2717
2742
2761
2758
2722
2722
2764
2721
2665
2671
2661
2661
2652
2666
2680
2673
2684
2653
2688
2676
2690
2755
2687
2699
2699
2734
2740
2735
2828
2801
2814
2765
2729
2881
2729
2706
2718
2718
2688
2719
2631
2667
2758
2705
2698
2698
2759
2739
2734
2761
2761
2765
2753
2880
2892
2892
2905
2839
2824
2872
2749
2766
2728
2780
2712
2710
2649
2666
2659
2709
2775
2775
2757
2757
2781
2818
2754
2869
2865
2848
2747
2822
2828
2788
2778
2813
2887
2730
2758
2703
2758
2785
2782
2762
2745
2745
2777
2829
2868
2897
2819
2843
2758
2750
2763
2727
3024
3010
2970
2882
2970
2970
2970
2944
2886
2900
2900
2808
2842
2842
2813
2813
2786
2869
2837
2822
2841
2813
2845
2814
2728
2707
2716
2668
2729
2729
2706
2766
2738
2712
2712
2689
2689
2672
2693
2693
2760
2760
2760
2767
2774
2696
2695
2746
2735
2790
2726
2811
2787
2786
2786
2847
2795
2758
2699
2696
2742
2682
2694
2694
2710
2770
2770
2746
2746
2770
2770
2777
2790
2777
2777
2777
2845
2911
2913
2913
2888
2840
2848
2904
2932
2836
2951
2931
2959
2956
2922
2905
2925
2973
3004
2968
2978
2970
3037
3023
2949
2873
2917
2899
2899
2899
2889
2881
2881
2831
2830
2824
2796
2750
2750
2751
2758
2776
2776
2776
2808
2790
2773
2717
2635
2744
2733
2713
2758
2810
2804
2804
2794
2794
2802
2823
2746
2746
2774
2786
2786
2815
2759
2807
2859
2819
2776
2735
2751
2846
2790
2808
2809
2859
2834
2790
2685
2673
2722
2726
2715
2611
2648
2630
2651
2689
2689
2713
2881
2875
2876
2880
2905
2897
2841
2841
2825
2799
2756
2745
2745
2766
2745
2830
2791
2866
2818
2812
2782
2838
2875
2848
2890
2842
2792
2801
2756
2776
2767
2677
2673
2643
2617
2633
2696
2640
2666
2744
2744
2712
2712
2712
2692
2611
2611
2611
2611
2618
2660
2741
2741
2683
2663
2683
2631
2706
2723
2698
2706
2731
2790
2706
2755
2743
2739
2752
2787
2787
2787
2828
2828
2891
2845
2840
2841
2828
2729
2737
2737
2802
2777
2777
2753
2744
2758
2705
2759
2759
2720
2675
2718
2750
2850
2873
2873
2890
2894
2852
2801
2801
2781
2753
2854
2854
2807
2807
2805
2805
2828
2803
2780
2664
2658
2710
2722
2722
2722
2708
2727
2714
2702
2685
2760
2791
2834
2834
2793
2793
2852
2824
2774
2779
2808
2849
2834
2823
2769
2769
2800
2688
2694
2713
2752
2752
2713
2706
2686
2686
2744
2688
2759
2789
2780
2848
2751
2743
2772
2746
2684
2713
2713
2738
2755
2732
2732
2721
2693
2693
2677
2742
2671
2743
2692
2692
2656
2656
2697
2656
2645
2663
2663
2736
2736
2764
2742
2766
2782
2678
2689
2652
2688
2677
2635
2635
2665
2665
2662
2651
2651
2663
2651
2651
2682
2644
2673
2673
2673
2663
2621
2647
2639
2649
2649
2610
2610
2617
2628
2628
2591
2591
2591
2591
2568
2568
2568
2626
2649
2606
2652
2652
2670
2667
2578
2582
2566
2566
2566
2627
2627
2692
2692
2677
2650
2694
2696
2695
2786
2670
2678
2672
2672
2672
2711
2639
2592
2591
2592
2695
2695
2664
2664
2707
2707
2686
2648
2660
2698
2698
2863
2805
2838
2816
2824
2824
2822
2786
2794
2794
2794
2755
2722
2751
2743
2719
2725
2731
2754
2740
2748
2779
2690
2690
2692
2689
2760
2760
2833
2812
2879
2913
2875
2797
2797
2797
2790
2686
2757
2740
2674
2674
2672
2676
2719
2760
2760
2590
2590
2590
2701
2688
2692
2713
2762
2727
2754
2688
2613
2656
2687
2695
2707
2682
2694
2702
2701
2724
2724
2790
2751
2751
2753
2753
2788
2783
2756
2756
2760
2737
2723
2723
2725
2725
2725
2725
2748
2743
2638
2680
2733
2765
2716
2740
2744
2748
2748
2748
2718
2718
2777
2621
2705
2686
2674
2674
2624
2676
2672
2672
2675
2624
2623
2623
2621
2618
2619
2684
2647
2635
2592
2654
2666
2694
2694
2645
2703
2703
2691
2708
2636
2630
2630
2628
2628
2622
2622
2663
2693
2742
2740
2660
2660
2577
2608
2650
2651
2606
2724
2715
2715
2715
2774
2811
3027
2992
2973
2927
2933
2933
2844
2799
2775
2766
2858
2869
2869
2869
2700
2644
2644
2711
2725
2703
2656
2631
2599
2634
2612
2671
2656
2656
2645
2624
2658
2686
2632
2644
2644
2656
2823
2871
2923
2975
2788
2722
2722
2781
2785
2783
2783
2758
2758
2758
2696
2658
2682
2725
2715
2639
2639
2713
2713
2867
2797
2667
2641
2604
2625
2652
2584
2573
2644
2683
2624
2609
2649
2659
2659
2626
2626
2595
2586
2547
2577
2632
2715
2664
2657
2628
2628
2606
2606
2636
2636
2631
2631
2631
2645
2619
2623
2622
2622
2626
2605
2581
2581
2651
2636
2616
2616
2682
2682
2682
2730
2677
2677
2725
2725
2704
2712
2743
2650
2677
2584
2641
2629
2619
2613
2637
2667
2721
2774
2803
2852
2927
2908
2839
2802
2804
2826
2826
2814
2814
2795
2771
2767
2859
2818
2759
2695
2695
2632
2589
2589
2603
2611
2652
2665
2665
2658
2658
2656
2681
2653
2653
2669
2669
2669
2686
2726
2731
2755
2709
2709
2821
2810
2786
2762
2765
2691
2691
2712
2687
2690
2736
2749
2717
2700
2722
2702
2716
2771
2811
2765
2758
2758
2758
2706
2706
2706
2718
2679
2671
2671
2671
2681
2812
2820
2787
2800
2800
2780
2738
2747
2765
2742
2726
2732
2722
2722
2732
2739
2739
2773
2773
2751
2723
2716
2740
2740
2757
2757
2757
2757
2757
2741
2741
2727
2676
2639
2597
2681
2662
2667
2698
2699
2657
2620
2620
2566
2607
2612
2678
2678
2696
2710
2746
2690
2716
2716
2702
2703
2701
2701
2682
2682
2661
2661
2677
2721
2678
2678
2655
2632
2687
2651
2689
2689
2736
2715
2692
2692
2692
2716
2717
2739
2829
2835
2762
2759
2759
2721
2721
2698
2698
2722
2722
2687
2670
2710
2661
2753
2681
2681
2630
2595
2595
2595
2635
2679
2679
2669
2669
2720
2662
2684
2629
2629
2542
2542
2530
2575
2575
2577
2547
2525
2670
2695
2695
2680
2680
2637
2637
2598
2598
2616
2649
2652
2605
2605
2605
2562
2580
2609
2609
2622
2637
2687
2687
2631
2597
2691
2653
2715
2768
2778
2771
2733
2721
2734
2719
2719
2739
2712
2712
2684
2669
2669
2672
2724
2723
2665
2665
2728
2800
2748
2735
2714
2740
2689
2701
2701
2701
2701
2688
2675
2667
2699
2668
2668
2682
2702
2725
2801
2767
2737
2774
2787
2778
2693
2670
2670
2664
2657
2657
2657
2657
2645
2645
2713
2713
2690
2735
2707
2795
2802
2729
2790
2745
2700
2712
2668
2635
2675
2744
2780
2678
2678
2703
2731
2736
2751
2813
2760
2735
2785
2785
2787
2761
2851
2852
2831
2838
2831
2656
2656
2656
2673
2627
2648
2648
2663
2692
2640
2736
2671
2635
2659
2659
2683
2709
2716
2716
2641
2654
2630
2632
2600
2612
2666
2666
2666
2668
2670
2670
2649
2646
2646
2695
2684
2636
2657
2657
2734
2733
2786
2848
2815
2801
2755
2755
2758
2727
2727
2727
2724
2713
2694
2662
2701
2664
2720
2720
2725
2705
2588
2569
2523
2523
2568
2580
2697
2724
2833
2832
2821
2746
2687
2696
2696
2753
2746
2746
2742
2747
2746
2730
2789
2819
2890
2900
2872
2875
2836
2781
2798
2807
2809
2791
2791
2816
2823
2761
2761
2758
2771
2747
2754
2754
2754
2662
2662
2600
2607
2632
2659
2664
2604
2602
2602
2605
2766
2671
2671
2740
2690
2744
2717
2707
2704
2656
2658
2675
2704
2744
2807
2804
2804
2834
2855
2804
2777
2642
2712
2628
2693
2674
2706
2706
2762
2792
2792
2684
2648
2719
2725
2771
2771
2824
2867
2892
2804
2854
2853
2840
2840
2840
2840
2833
2798
2748
2748
2748
2801
2756
2811
2762
2584
2584
2718
2714
2703
2744
2890
2886
2594
2594
2619
2658
2621
2621
2672
2632
2632
2632
2702
2773
2838
2774
2716
2714
2757
2773
2757
2757
2729
2728
2728
2728
2728
2734
2746
2746
2746
2746
2705
2705
2764
2835
2851
2849
2869
2890
2828
2802
2802
2784
2810
2784
2798
2782
2782
2818
2809
2746
2746
2739
2647
2652
2604
2604
2604
2592
2605
2637
2651
2700
2668
2648
2675
2673
2657
2659
2659
2624
2795
2756
2737
2737
2710
2710
2710
2710
2672
2681
2593
2643
2690
2690
2623
2661
2661
2650
2656
2627
2627
2692
2678
2682
2682
2732
2731
2731
2731
2718
2697
2705
2748
2755
2708
2708
2708
2675
2675
2734
2711
2758
2741
2741
2741
2781
2819
2839
2823
2769
2769
2769
2761
2761
2754
2800
2766
2766
2799
2743
2743
2701
2698
2735
2667
2666
2639
2584
2617
2661
2733
2759
2817
2781
2855
2855
2855
2792
2828
2836
2806
2811
2791
2748
2748
2748
2713
2648
2643
2643
2695
2751
2824
2843
2805
2805
2805
2797
2811
2892
2892
2857
2765
2758
2758
2768
2806
2806
2817
2786
2781
2773
2773
2754
2846
2907
2828
2821
2848
2797
2748
2748
2701
2673
2667
2667
2615
2616
2606
2648
2648
2629
2629
2635
2635
2635
2676
2676
2676
2676
2676
2722
2788
2765
2711
2711
2711
2778
2686
2702
2702
2763
2714
2650
2650
2701
2705
2692
2670
2655
2732
2656
2702
2693
2713
2779
2734
2686
2698
2708
2725
2729
2729
2729
2768
2768
2768
2770
2767
2767
2591
2590
2590
2590
2590
2660
2700
2700
2657
2592
2664
2672
2713
2713
2713
2713
2737
2737
2755
2755
2753
2774
2821
2823
2783
2738
2738
2803
2614
2595
2563
2553
2553
2553
2553
2543
2558
2558
2558
2558
2545
2545
2517
2621
2621
2673
2673
2679
2679
2678
2706
2694
2737
2658
2709
2666
2731
2719
2719
2719
2739
2721
2712
2697
2734
2737
2762
2762
2695
2725
2725
2725
2721
2721
2721
2714
2701
2756
2746
2769
2756
2756
2756
2756
2756
2723
2778
2792
2745
2731
2662
2643
2633
2633
2622
2660
2653
2627
2627
2642
2655
2655
2691
2678
2630
2615
2615
2508
2526
2558
2525
2525
2622
2540
2525
2525
2525
2521
2521
2542
2609
2612
2657
2657
2609
2575
2542
2573
2577
2588
2618
2606
2642
2638
2655
2635
2582
2599
2601
2601
2581
2577
2577
2543
2543
2514
2591
2627
2627
2654
2647
2633
2652
2652
2632
2671
2710
2671
2632
2597
2615
2615
2630
2565
2565
2559
2600
2600
2609
2612
2616
2569
2569
2613
2691
2653
2653
2666
2710
2705
2671
2682
2635
2613
2609
2594
2653
2568
2518
2518
2557
2547
2510
2510
2556
2558
2533
2507
2513
2513
2579
2627
2627
2627
2716
2726
2726
2685
2670
2668
2641
2669
2692
2713
2713
2738
2738
2738
2744
2736
2669
2699
2699
2781
2796
2721
2668
2670
2648
2658
2680
2651
2611
2611
2629
2590
2617
2626
2708
2641
2641
2594
2597
2648
2665
2665
2665
2665
2665
2665
2665
2690
2714
2714
2714
2692
2624
2624
2595
2595
2595
2705
2701
2732
2798
2700
2739
2739
2730
2784
2802
2771
2759
2669
2682
2682
2682
2682
2657
2657
2663
2665
2660
2678
2677
2719
2677
2781
2778
2805
2798
2859
2815
2744
2660
2720
2660
2661
2657
2679
2679
2634
2634
2766
2728
2728
2698
2809
2821
2821
2824
2814
2834
2834
2744
2734
2675
2643
2643
2643
2643
2643
2690
2690
2674
2674
2663
2634
2645
2702
2702
2702
2729
2751
2751
2759
2725
2725
2732
2732
2753
2753
2850
2847
2808
2808
2808
2808
2700
2716
2683
2648
2648
2635
2648
2566
2699
2659
2685
2751
2750
2750
2750
2698
2737
2689
2841
2818
2813
2637
2542
2542
2552
2552
2581
2646
2621
2621
2613
2575
2575
2635
2684
2701
2674
2674
2633
2633
2633
2652
2678
2654
2654
2654
2654
2641
2663
2718
2718
2718
2718
2718
2708
2715
2760
2760
2760
2784
2789
2805
2801
2801
2781
2750
2698
2723
2710
2679
2698
2673
2687
2747
2656
2589
2589
2589
2589
2614
2593
2620
2638
2690
2704
2704
2704
2671
2671
2674
2720
2591
2591
2591
2611
2611
2636
2667
2682
2617
2617
2617
2586
2613
2613
2659
2676
2641
2638
2618
2623
2573
2645
2641
2657
2666
2680
2694
2702
2710
2756
2743
2796
2796
2795
2814
2811
2763
2621
2614
2616
2616
2645
2645
2612
2612
2645
2656
2656
2654
2654
2640
2652
2652
2650
2628
2566
2577
2596
2564
2564
2587
2589
2589
2665
2665
2648
2598
2660
2663
2629
2675
2672
2633
2582
2582
2661
2661
2661
2709
2709
2664
2744
2734
2735
2735
2735
2735
2724
2724
2646
2592
2575
2570
2570
2652
2653
2666
2669
2738
2748
2712
2707
2678
2690
2678
2667
2667
2654
2654
2678
2664
2672
2714
2668
2668
2668
2691
2660
2660
2608
2639
2612
2612
2645
2604
2604
2604
2604
2624
2663
2669
2666
2666
2644
2665
2713
2713
2666
2760
2792
2838
2883
2870
2877
2843
2843
2843
2822
2648
2648
2663
2703
2767
2767
2746
2681
2681
2701
2656
2631
2625
2625
2625
2625
2625
2625
2625
2665
2715
2715
2715
2741
2741
2701
2622
2622
2622
2668
2668
2692
2708
2651
2682
2687
2624
2624
2624
2595
2626
2626
2593
2593
2588
2588
2587
2645
2622
2673
2687
2654
2629
2574
2603
2603
2592
2585
2585
2585
2620
2636
2620
2620
2618
2639
2639
2661
2733
2698
2664
2635
2635
2631
2574
2574
2641
2695
2694
2662
2674
2665
2669
2669
2669
2669
2740
2758
2655
2632
2684
2592
2634
2611
2686
2686
2620
2601
2674
2732
2699
2680
2680
2680
2680
2669
2613
2625
2607
2597
2608
2583
2583
2573
2596
2596
2663
2663
2663
2663
2663
2662
2653
2653
2653
2646
2646
2646
2684
2735
2765
2744
2737
2737
2827
2827
2787
2787
2762
2772
2762
2762
2760
2760
2805
2751
2781
2727
2658
2656
2656
2668
2668
2668
2668
2671
2715
2681
2685
2689
2678
2678
2682
2678
2687
2687
2687
2687
2705
2705
2733
2718
2719
2719
2719
2744
2768
2811
2807
2723
2722
2679
2662
2635
2635
2640
2640
2624
2656
2656
2656
2704
2704
2684
2706
2706
2706
2660
2644
2644
2620
2620
2653
2637
2637
2637
2655
2674
2674
2674
2674
2669
2669
2669
2669
2654
2654
2696
2696
2696
2696
2696
2702
2628
2628
2672
2672
2706
2706
2706
2706
2723
2767
2778
2777
2754
2754
2755
2729
2740
2740
2740
2740
2718
2718
2700
2699
2699
2699
2699
2694
2811
2778
2778
2736
2736
2736
2673
2673
2673
2673
2628
2613
2614
2632
2695
2692
2703
2699
2713
2691
2691
2713
2709
2731
2725
2723
2749
2782
2782
2782
2775
2775
2772
2772
2772
2858
2851
2817
2817
2733
2733
2740
2678
2678
2660
2641
2641
2660
2610
2610
2623
2654
2654
2688
2687
2697
2671
2671
2697
2700
2700
2646
2630
2615
2624
2624
2603
2620
2620
2703
2708
2679
2679
2678
2588
2588
2588
2588
2551
2551
2549
2564
2572
2596
2650
2635
2623
2623
2634
2664
2661
2661
2677
2668
2701
2701
2701
2716
2716
2691
2670
2648
2705
2629
2629
2644
2644
2655
2655
2644
2601
2581
2562
2562
2562
2554
2578
2668
2636
2685
2685
2677
2682
2682
2682
2667
2722
2722
2645
2645
2645
2679
2679
2663
2690
2726
2699
2699
2732
2729
2587
2587
2644
2601
2549
2570
2632
2612
2612
2589
2594
2594
2594
2594
2594
2596
2596
2607
2638
2638
2630
2644
2657
2657
2657
2657
2719
2719
2697
2738
2738
2711
2617
2602
2602
2602
2602
2602
2645
2645
2645
2601
2637
2597
2637
2589
2589
2589
2584
2584
2584
2584
2592
2557
2527
2565
2565
2563
2577
2577
2572
2605
2605
2560
2560
2546
2546
2567
2553
2548
2548
2548
2548
2548
2548
2612
2609
2609
2609
2556
2556
2556
2580
2580
2575
2565
2612
2591
2594
2557
2516
2638
2648
2648
2643
2650
2687
2663
2663
2589
2612
2615
2615
2615
2639
2639
2639
2639
2619
2639
2639
2674
2674
2674
2669
2653
2629
2649
2623
2623
2648
2613
2629
2629
2629
2713
2713
2713
2713
2720
2690
2690
2651
2650
2683
2632
2585
2604
2572
2577
2567
2567
2513
2508
2536
2536
2559
2559
2559
2559
2559
2554
2515
2515
2517
2510
2510
2503
2546
2576
2576
2614
2571
2571
2572
2561
2561
2561
2558
2508
2520
2520
2520
2520
2505
2505
2505
2500
2500
2500
2500
2510
2510
2532
2553
2517
2517
2560
2560
2560
2592
2592
2628
2624
2638
2587
2620
2649
2640
2625
2632
2626
2654
2580
2587
2607
2607
2597
2597
2597
2597
2597
2664
2675
2736
2744
2740
2706
2707
2707
2703
2685
2633
2633
2657
2674
2674
2654
2679
2647
2647
2671
2648
2647
2638
2655
2646
2640
2640
2674
2687
2671
2641
2634
2620
2647
2647
2605
2605
2605
2605
2605
2624
2701
2701
2701
2701
2678
2620
2603
2615
2596
2596
2590
2590
2591
2611
2558
2553
2575
2622
2595
2577
2568
2647
2647
2653
2652
2648
2628
2628
2628
2628
2605
2611
2635
2672
2693
2729
2694
2635
2635
2635
2643
2671
2659
2672
2640
2640
2602
2602
2559
2581
2581
2617
2617
2617
2595
2604
2606
2606
2606
2606
2606
2599
2613
2620
2647
2647
2647
2671
2653
2653
2653
2671
2615
2605
2592
2597
2629
2587
2587
2587
2593
2569
2569
2580
2580
2572
2572
2572
2576
2598
2598
2603
2597
2578
2578
2578
2578
2578
2578
2578
2606
2606
2538
2563
2537
2537
2523
2540
2540
2542
2542
2542
2542
2542
2542
2542
2542
2542
2529
2529
2529
2529
2529
2529
2529
2529
2529
2529
2529
2558
2603
2608
2556
2556
2632
2632
2607
2580
2580
2580
2580
2580
2587
2602
2583
2583
2599
2755
2709
2706
2706
2693
2693
2703
2601
2601
2601
2578
2578
2578
2578
2578
2569
2569
2569
2569
2569
2569
2543
2543
2543
2543
2543
2543
2543
2543
2543
2543
2544
2544
2544
2544
2544
2544
2616
2615
2635
2607
2587
2611
2611
2622
2601
2562
2543
2543
2543
2558
2558
2558
2558
2607
2607
2607
2607
2593
2693
2674
2657
2631
2537
2537
2537
2503
2503
2503
2527
2527
2535
2535
2535
2535
2535
2545
2545
2545
2598
2621
2621
2644
2644
2644
2644
2668
2637
2637
2590
2590
2590
2590
2598
2598
2598
2609
2579
2579
2579
2579
2521
2521
2543
2549
2549
2599
2599
2531
2478
2478
2502
2547
2547
2528
2528
2501
2505
2505
2505
2519
2519
2494
2494
2494
2494
2515
2515
2515
2515
2515
2515
2543
2531
2528
2528
2508
2513
2513
2513
2513
2491
2491
2521
2480
2474
2474
2474
2474
2519
2508
2508
2508
2508
2508
2525
2471
2471
2471
2471
2481
2499
2499
2499
2499
2499
2499
2499
2523
2523
2523
2477
2477
2477
2485
2485
2485
2485
2485
2491
2491
2491
2504
2504
2504
2504
2532
2553
2553
2553
2507
2541
2607
2591
2581
2581
2576
2576
2567
2586
2567
2567
2567
2567
2576
2565
2622
2622
2622
2618
2618
2618
2594
2594
2596
2596
2596
2596
2596
2602
2595
2595
2627
2624
2624
2624
2624
2624
2630
2630
2535
2548
2491
2491
2491
2491
2548
2517
2517
2517
2517
2517
2536
2542
2572
2572
2572
2572
2556
2520
2520
2520
2520
2568
2568
2572
2580
2602
2602
2602
2602
2654
2654
2632
2601
2601
2601
2601
2601
2601
2573
2573
2570
2578
2578
2578
2555
2555
2555
2580
2580
2580
2593
2593
2593
2593
2593
2578
2615
2615
2615
2637
2637
2637
2563
2563
2553
2553
2553
2553
2553
2553
2553
2553
2553
2553
2553
2553
2553
2553
2596
2596
2596
2593
2593
2601
2601
2610
2592
2619
2613
2613
2613
2613
2606
2606
2606
2606
2606
2607
2607
2607
2607
2591
2591
2668
2668
2668
2671
2717
2642
2642
2642
2614
2583
2583
2586
2610
2610
2550
2550
2550
2550
2567
2567
2591
2591
2591
2594
2594
2594
2589
2607
2594
2594
2594
2594
2594
2569
2569
2569
2582
2582
2580
2612
2612
2612
2586
2586
2617
2617
2638
2574
2543
2552
2509
2509
2531
2531
2531
2490
2490
2479
2479
2479
2507
2520
2520
2528
2504
2504
2504
2537
2537
2537
2537
2537
2586
2586
2537
2493
2493
2493
2493
2493
2498
2521
2521
2521
2521
2521
2522
2522
2496
2496
2537
2524
2524
2525
2521
2520
2536
2536
2536
2536
2516
2516
2516
2500
2500
2500
2500
2500
2500
2514
2514
2505
2472
2472
2509
2521
2521
2509
2509
2509
2509
2509
2509
2528
2528
2528
2528
2528
2528
2528
2547
2547
2547
2547
2578
2596
2590
2617
2630
2630
2564
2564
2564
2564
2564
2553
2553
2553
2553
2593
2609
2609
2609
2608
2608
2608
2608
2608
2608
2608
2608
2608
2632
2525
2525
2525
2525
2525
2525
2525
2525
2539
2539
2559
2559
2527
2527
2527
2581
2581
2553
2553
2553
2553
2553
2588
2592
2576
2576
2561
2550
2507
2507
2523
2482
2482
2475
2475
2475
2475
2475
2485
2443
2443
2443
2441
2441
2441
2441
2441
2441
2441
2441
2441
2456
2456
2456
2456
2456
2456
2473
2473
2473
2473
2473
2473
2473
2473
2473
2473
2473
2473
2482
2482
2482
2482
2482
2482
2482
2482
2482
2482
2482
2497
2509
2515
2526
2565
2569
2569
2550
2561
2570
2570
2570
2570
2570
2563
2563
2525
2547
2546
2499
2499
2499
2499
2481
2498
2498
2515
2515
2533
2506
2506
2506
2489
2489
2489
2489
2491
2491
2499
2499
2538
2538
2477
2444
2457
2457
2457
2474
2474
2474
2474
2474
2474
2474
2474
2504
2504
2504
2504
2504
2504
2505
2505
2505
2511
2511
2501
2505
2505
2505
2505
2505
2505
2505
2518
2518
2518
2518
2518
2518
2543
2535
2535
2535
2533
2516
2513
2513
2521
2466
2466
2483
2483
2483
2483
2483
2483
2458
2458
2458
2458
2491
2491
2491
2491
2469
2469
2469
2477
2468
2473
2473
2473
2473
2473
2473
2491
2491
2491
2473
2473
2473
2473
2473
2473
2473
2473
2473
2473
2473
2473
2466
2466
2466
2466
2466
2466
2466
2466
2454
2454
2454
2454
2454
2454
2454
2454
2454
2454
2454
2454
2454
2454
2454
2454
2454
2454
2454
2454
2454
2454
2454
2454
2456
2461
2462
2462
2462
2461
2461
2461
2461
2461
2461
2490
2490
2490
2490
2490
2490
2480
2480
2480
2480
2480
2476
2476
2476
2476
2476
2476
2493
2493
2493
2493
2493
2493
2482
2442
2442
2442
2474
2474
2474
2474
2474
2474
2474
2474
2474
2474
2474
2474
2474
2474
2474
2514
2514
2514
2514
2514
2514
2514
2514
2514
2514
2522
2522
2522
2522
2522
2522
2526
2532
2532
2526
2526
2508
2514
2528
2528
2528
2528
2528
2526
2526
2526
2531
2538
2538
2526
2549
2549
2530
2530
2537
2519
2519
2519
2519
2526
2526
2526
2526
2526
2532
2532
2532
2532
2511
2511
2511
2511
2511
2511
2511
2511
2511
2511
2511
2511
2511
2503
2503
2503
2503
2503
2503
2503
2491
2491
2498
2498
2498
2498
2498
2498
2498
2491
2491
2484
2456
2456
2456
2456
2456
2456
2456
2456
2456
2436
2436
2436
2436
2436
2436
2417
2417
2417
2417
2417
2417
2417
2417
2417
2417
2417
2417
2417
2417
2417
2417
2417
2417
2417
2417
2417
2417
2417
2443
2443
2411
2411
2411
2411
2411
2411
2411
2411
2428
2428
2428
2428
2464
2464
2464
2462
2462
2462
2462
2462
2462
2462
2462
2462
2462
2467
2467
2467
2467
2467
2467
2467
2467
2467
2467
2467
2467
2467
2467
2467
2467
2467
2467
2467
2467
2467
2467
2467
2467
2467
2467
2467
2467
2467
2467
2467
2467
2467
2467
2467
2521
2469
2469
2482
2482
2482
2482
2482
2482
2482
2482
2482
2483
2483
2483
2484
2484
2485
2485
2485
2485
2485
2485
2485
2442
2447
2447
2442
2442
2442
2442
2458
2458
2458
2458
2458
2458
2458
2458
2458
2451
2451
2451
2451
2451
2451
2436
2436
2436
2436
2453
2482
2465
2465
2465
2465
2465
2465
2465
2465
2465
2465
2465
2465
2465
2465
2465
2469
2469
2469
2469
2469
2469
2469
2469
2469
2469
2469
2469
2469
2469
2469
2469
2469
2469
2489
2527
2527
2527
2502
2502
2517
2503
2503
2476
2476
2476
2476
2476
2476
2476
2476
2476
2476
2476
2476
2476
2495
2495
2495
2495
2495
2512
2512
2512
2486
2486
2486
2486
2550
2534
2504
2504
2517
2532
2532
2532
2532
2532
2532
2505
2514
2514
2514
2514
2514
2514
2514
2514
2465
2465
2465
2465
2465
2440
2440
2440
2440
2440
2440
2440
2440
2440
2440
2440
2440
2440
2440
2440
2455
2455
2455
2460
2460
2460
2460
2460
2460
2460
2460
2460
2460
2473
2473
2473
2473
2453
2453
2453
2453
2453
2453
2453
2453
2453
2445
2445
2445
2445
2445
2445
2445
2445
2445
2445
2445
2445
2445
2445
2445
2445
2445
2445
2445
2445
2445
2445
2445
2445
2445
2445
2445
2445
2445
2445
2445
2445
2445
2445
2440
2440
2440
2440
2440
2440
2440
2440
2440
2440
2440
2440
2440
2440
2440
2440
2440
2440
2440
2440
2442
2442
2442
2442
2442
2442
2442
2442
2442
2442
2442
2442
2442
2442
2442
2442
2442
2442
2442
2442
2442
2442
2442
2442
2442
2442
2442
2442
2442
2442
2442
2442
2442
2442
2442
2442
2442
2442
2442
2442
2442
2442
2442
2442
2442
2442
2442
2442
2442
2442
2442
2442
2442
2442
2442
2442
2442
2442
2442
2442
2442
2442
2442
2442
2442
2442
2442
2442
2442
2442
2442
2442
2442
2440
2440
2440
2440
2440
2440
2447
2447
2440
2440
2440
2440
2440
2440
2440
2440
2440
2440
2440
2443
2443
2443
2443
2452
2440
2440
2440
2440
2440
2469
2469
2469
2469
2469
2469
2469
2469
2469
2469
2469
2469
2480
2480
2496
2496
2496
2496
2495
2495
2495
2495
2495
2495
2495
2495
2500
2500
2515
2508
2508
2508
2513
2513
2513
2497
2495
2495
2498
2498
2498
2498
2471
2471
2471
2471
2471
2471
2471
2471
2470
2470
2470
2470
2470
2470
2475
2475
2475
2474
2474
2474
2474
2474
2474
2474
2474
2474
2474
2474
2474
2464
2464
2464
2464
2464
2464
2464
2464
2464
2464
2464
2457
2457
2457
2457
2457
2457
2457
2457
2457
2457
2457
2457
2443
2443
2443
2443
2443
2443
2443
2443
2443
2443
2443
2443
2443
2432
2432
2422
2422
2422
2422
2422
2422
2422
2422
2422
2422
2422
2441
2441
2441
2441
2441
2441
2441
2441
2441
2441
2441
2441
2441
2441
2441
2441
2441
2441
2441
2441
2441
2441
2441
2440
2440
2440
2440
2440
2440
2440
2441
2441
2441
2441
2441
2441
2441
2441
2441
2441
2441
2441
2457
2457
2457
2457
2457
2457
2457
2457
2457
2457
2451
2451
2451
2451
2451
2451
2451
2451
2451
2451
2451
2451
2451
2451
2441
2441
2441
2441
2441
2441
2441
2441
2441
2441
2441
2404
2404
2404
2404
2418
2418
2418
2418
2418
2418
2418
2418
2418
2418
2421
2421
2421
2421
2421
2421
2421
2421
2421
2421
2421
2421
2421
2421
2421
2421
2421
2421
2421
2421
2421
2421
2410
2410
2410
2410
2437
2437
2437
2437
2437
2437
2437
2437
2437
2437
2437
2438
2438
2438
2438
2438
2438
2438
2438
2438
2438
2438
2438
2438
2438
2438
2438
2449
2449
2449
2449
2435
2435
2435
2443
2443
2443
2443
2443
2437
2437
2437
2437
2437
2437
2437
2437
2437
2437
2437
2437
2437
2437
2437
2437
2437
2437
2408
2408
2408
2408
2405
2405
2405
2405
2386
2386
2386
2386
2386
2386
2386
2386
2386
2386
2386
2386
2386
2386
2386
2386
2386
2386
2386
2383
2383
2383
2383
2383
2383
2383
2383
2383
2383
2383
2383
2383
2383
2383
2383
2383
2385
2385
2385
2385
2385
2385
2385
2385
2385
2385
2385
2385
2385
2385
2385
2385
2385
2385
2395
2395
2400
2400
2400
2400
2400
2400
2400
2400
2400
2400
2400
2400
2417
2417
2417
2417
2417
2417
2417
2417
2417
2417
2434
2434
2434
2434
2434
2440
2440
2440
2440
2440
2440
2463
2463
2463
2463
2463
2463
2463
2463
2457
2457
2457
2457
2457
2457
2457
2457
2457
2457
2457
2448
2457
2457
2457
2457
2457
2461
2461
2461
2461
2461
2461
2461
2461
2461
2461
2423
2423
2423
2423
2423
2423
2423
2422
2422
2422
2422
2422
2422
2422
2422
2422
2422
2422
2422
2428
2428
2428
2428
2428
2440
2410
2410
2393
2393
2393
2395
2395
2395
2395
2395
2395
2395
2395
2395
2395
2395
2395
2395
2395
2395
2395
2395
2395
2395
2395
2395
2395
2395
2395
2395
2395
2395
2393
2393
2393
2393
2393
2393
2409
2409
2403
2403
2403
2403
2403
2403
2403
2403
2403
2403
2403
2403
2403
2403
2403
2403
2403
2403
2403
2403
2403
2403
2403
2402
2402
2402
2407
2407
2402
2402
2402
2402
2402
2402
2402
2402
2402
2402
2402
2402
2402
2402
2402
2402
2402
2402
2402
2402
2407
2407
2407
2407
2407
2407
2407
2400
2400
2400
2400
2400
2400
2400
2400
2400
2396
2396
2396
2396
2396
2396
2396
2396
2406
2406
2406
2406
2406
2406
2406
2406
2410
2410
2405
2405
2405
2412
2412
2412
2412
2412
2412
2433
2433
2433
2433
2409
2409
2399
2399
2399
2399
2399
2399
2399
2399
2399
2399
2399
2399
2399
2399
2399
2399
2399
2399
2399
2399
2415
2415
2415
2436
2436
2436
2436
2436
2436
2436
2431
2431
2431
2431
2431
2431
2431
2431
2431
2431
2431
2431
2431
2431
2431
2437
2437
2437
2396
2396
2396
2396
2396
2396
2396
2396
2396
2396
2396
2396
2396
2396
2396
2396
2396
2396
2396
2396
2396
2396
2396
2396
2396
2396
2396
2396
2396
2396
2396
2396
2396
2396
2396
2396
2396
2396
2396
2396
2396
2402
2402
2402
2402
2402
2402
2402
2393
2393
2393
2393
2393
2393
2393
2393
2393
2393
2393
2393
2393
2393
2393
2393
2393
2393
2393
2393
2393
2393
2393
2393
2393
2393
2393
2393
2393
2393
2393
2393
2393
2393
2393
2393
2393
2393
2393
2393
2393
2393
2393
2393
2393
2393
2393
2393
2393
2393
2393
2393
2393
2393
2393
2393
2393
2393
2393
2393
2393
2393
2394
2395
2395
2395
2395
2395
2395
2395
2395
2395
2395
2395
2395
2395
2395
2395
2395
2395
2395
2395
2395
2395
2395
2395
2395
2395
2395
2395
2395
2395
2395
2395
2395
2395
2395
2395
2395
2395
2395
2395
2395
2395
2395
2395
2395
2395
2395
2395
2395
2395
2395
2395
2395
2395
2395
2395
2395
2395
2395
2395
2395
2395
2394
2394
2394
2394
2395
2395
2395
2395
2395
2395
2395
2395
2395
2406
2406
2406
2406
2397
2397
2397
2397
2397
2397
2397
2397
2397
2397
2401
2401
2401
2401
2401
2401
2401
2401
2401
2401
2401
2401
2401
2401
2401
2401
2401
2401
2401
2401
2401
2401
2401
2401
2401
2401
2401
2401
2401
2401
2401
2401
2401
2401
2401
2401
2401
2401
2401
2401
2401
2401
2401
2403
2403
2403
2403
2403
2403
2403
2403
2403
2403
2403
2403
2402
2402
2402
2402
2402
2402
2402
2402
2402
2402
2402
2402
2402
2402
2402
2400
2400
2400
2400
2400
2400
2400
2400
2400
2400
2400
2400
2400
2409
2409
2409
2409
2409
2409
2409
2409
2409
2409
2409
2409
2409
2409
2409
2409
2409
2409
2409
2397
2397
2397
2397
2397
2397
2397
2397
2397
2397
2397
2397
2397
2397
2397
2397
2397
2397
2397
2397
2397
2397
2397
2397
2397
2397
2397
2397
2397
2397
2397
2397
2397
2397
2397
2397
2397
2397
2397
2397
2397
2397
2397
2397
2397
2397
2397
2397
2397
2397
2397
2400
2400
2400
2400
2400
2400
2400
2400
2400
2400
2400
2400
2400
2400
2400
2400
2400
2400
2400
2400
2400
2400
2400
2400
2400
2400
2400
2400
2400
2400
2400
2400
2400
2400
2400
2400
2400
2400
2400
2400
2400
2400
2400
2400
2400
2400
2400
2400
2400
2398
2398
2398
2398
2398
2398
2398
2398
2398
2398
2398
2398
2398
2398
2398
2407
2407
2407
2407
2407
2407
2407
2407
2407
2407
2407
2407
2407
2407
2407
2406
2406
2406
2406
2406
2406
2406
2406
2406
2406
2406
2404
2404
2404
2404
2404
2404
2404
2404
2404
2404
2404
2404
2404
2404
2404
2393
2393
2393
2393
2393
2393
2393
2393
2393
2393
2393
2393
2393
2393
2393
2393
2393
2393
2393
2393
2393
2393
2393
2393
2393
2393
2399
2397
2397
2397
2397
2397
2397
2397
2397
2397
2397
2397
2397
2397
2397
2397
2397
2397
2397
2397
2397
2401
2401
2401
2401
2401
2401
2401
2401
2401
2401
2401
2401
2401
2401
2401
2401
2401
2353
2353
2349
2349
2349
2349
2349
2349
2349
2349
2349
2349
2349
2349
2349
2349
2349
2349
2349
2349
2349
2349
2349
2349
2349
2349
2349
2349
2349
2349
2349
2349
2349
2349
2349
2349
2349
2349
2349
2349
2349
2349
2349
2349
2349
2349
2349
2349
2349
2349
2349
2349
2349
2349
2349
2349
2349
2349
2349
2349
2349
2349
2349
2349
2349
2349
2349
2349
2349
2349
2349
2349
2349
2349
2349
2349
2349
2349
2349
2349
2349
2349
2349
2349
2349
2341
2341
2341
2341
2341
2341
2341
2341
2341
2341
2341
2341
2341
2341
2341
2341
2341
2341
2341
2341
2341
2341
2342
2342
2342
2342
2342
2342
2342
2342
2342
2342
2342
2342
2342
2342
2342
2342
2342
2342
2342
2342
2342
2342
2342
2342
2342
2342
2342
2342
2342
2342
2342
2342
2342
2342
2342
2342
2342
2342
2342
2342
2342
2342
2342
2342
2342
2342
2342
2342
2342
2342
2342
2342
2342
2342
2342
2342
2342
2342
2342
2342
2342
2342
2342
2342
2342
2342
2342
2342
2342
2342
2342
2342
2342
2342
2342
2342
2342
2342
2342
2342
2342
2342
2342
2342
2342
2342
2342
2342
2342
2342
2342
2342
2342
2342
2342
2342
2342
2342
2342
2342
2342
2342
2342
2342
2342
2342
2342
2342
2342
2342
2342
2342
2342
2342
2342
2342
2342
2342
2342
2342
2342
2342
2342
2342
2342
2342
2342
2342
2342
2342
2342
2342
2342
2342
2342
2342
2342
2342
2342
2342
2342
2342
2342
2342
2342
2342
2342
2342
2342
2342
2342
2342
2342
2342
2342
2356
2356
2356
2360
2360
2360
2360
2360
2360
2360
2360
2360
2360
2360
2360
2360
2360
2360
2360
2360
2360
2360
2360
2360
2360
2360
2360
2360
2360
2360
2360
2360
2360
2360
2360
2360
2360
2360
2360
2360
2360
2360
2360
2360
2360
2360
2360
2360
2360
2360
2360
2360
2360
2360
2360
2360
2360
2360
2360
2360
2360
2360
2360
2360
2360
2360
2360
2360
2360
2360
2360
2360
2360
2360
2360
2360
2360
2360
2360
2360
2360
2360
2360
2360
2360
2360
2360
2360
2360
2360
2360
2360
2360
2360
2360
2360
2360
2360
2360
2360
2360
2360
2360
2360
2360
2360
2360
2360
2360
2360
2360
2360
2360
2358
2358
2358
2358
2358
2358
2358
2358
2358
2358
2358
2358
2358
2358
2358
2358
2358
2358
2358
2358
2358
2358
2358
2358
2358
2358
2358
2358
2358
2358
2358
2358
2358
2358
2358
2358
2358
2358
2358
2358
2358
2358
2358
2358
2358
2358
2358
2358
2358
2358
2358
2358
2358
2358
2358
2358
2358
2358
2358
2358
2358
2358
2358
2358
2358
2358
2358
2358
2358
2358
2358
2358
2358
2358
2358
2358
2358
2358
2358
2358
2358
2358
2358
2358
2358
2358
2358
2358
2358
2358
2358
2358
2358
2358
2358
2358
2358
2358
2358
2354
2354
2354
2354
2354
2354
2354
2354
2354
2354
2354
2354
2354
2354
2354
2354
2354
2354
2354
2354
2354
2354
2354
2354
2354
2354
2354
2354
2354
2354
2354
2354
2354
2354
2354
2354
2354
2354
2354
2354
2354
2354
2354
2354
2354
2354
2354
2354
2354
2354
2354
2354
2354
2354
2354
2354
2354
2354
2354
2354
2354
2354
2354
2354
2354
2354
2354
2354
2354
2354
2354
2354
2354
2354
2354
2354
2354
2354
2354
2354
2354
2354
2354
2354
2354
2354
2354
2354
2354
2354
2354
2354
2354
2354
2354
2354
2354
2354
2354
2354
2354
2354
2354
2354
2354
2354
2354
2354
2354
2354
2354
2354
2354
2354
2354
2354
2354
2354
2354
2354
2354
2354
2354
2354
2354
2354
2354
2354
2354
2354
2354
2354
2354
2354
2354
2354
2353
2353
2353
2353
2353
2353
2353
2353
2353
2353
2353
2353
2353
2353
2353
2353
2353
2353
2353
2353
2353
2353
2353
2353
2353
2353
2353
2353
2353
2353
2353
2353
2353
2353
2353
2353
2353
2353
2353
2353
2353
2353
2353
2353
2353
2353
2353
2353
2353
2353
2353
2353
2353
2353
2353
2353
2353
2353
2353
2353
2353
2353
2353
2353
2353
2353
2353
2353
2353
2353
2353
2353
2353
2353
2353
2353
2353
2353
2353
2353
2353
2353
2353
2353
2353
2353
2353
2353
2353
2353
2353
2353
2353
2353
2353
2353
2353
2353
2353
2353
2353
2353
2353
2353
2353
2353
2353
2353
2353
2353
2353
2353
2353
2353
2353
2353
2353
2353
2353
2353
2353
2353
2353
2353
2353
2353
2353
2353
2353
2353
2353
2353
2353
2353
2353
2353
2353
2353
2353
2353
2353
2348
2348
2348
2348
2348
2348
2348
2348
2348
2348
2348
2348
2348
2348
2348
2348
2348
2348
2348
2348
2348
2348
2348
2348
2348
2348
2348
2348
2348
2348
2348
2348
2348
2348
2348
2348
2348
2348
2348
2348
2348
2348
2348
2348
2348
2348
2348
2348
2348
2348
2348
2348
2348
2348
2348
2348
2348
2348
2348
2348
2348
2348
2348
2348
2348
2348
2348
2348
2348
2348
2348
2348
2348
2348
2348
2348
2348
2348
2348
2348
2348
2348
2348
2348
2348
2348
2348
2348
2348
2348
2348
2348
2348
2348
2348
2348
2348
2348
2348
2348
2348
2348
2348
2348
2348
2348
2348
2348
2348
2348
2348
2348
2348
2348
2348
2348
2348
2348
2348
2348
2348
2348
2348
2348
2348
2348
2348
2348
2348
2348
2348
2348
2348
2348
2348
2348
2348
2348
2348
2348
2348
2348
2348
2348
2348
2348
2348
2348
2348
2348
2348
2348
2348
2348
2348
2348
2348
2348
2348
2348
2348
2348
2348
2348
2348
2348
2348
2348
2348
2348
2348
2348
2348
2348
2348
2348
2348
2348
2348
2348
2348
2348
2348
2348
2348
2348
2348
2348
2348
2348
2348
2348
2348
2348
2348
2348
2348
2348
2348
2348
2348
2348
2348
2348
2348
2348
2348
2348
2348
2348
2348
2348
2348
2348
2348
2348
2348
2348
2348
2348
2348
2348
2348
2348
2348
2348
2348
2348
2348
2348
2348
2348
2348
2348
2348
2348
2348
2348
2348
2348
2348
2348
2348
2348
2348
2348
2348
2348
2348
2348
2348
2348
2348
2348
2348
2348
2348
2348
2348
2348
2348
2348
2348
2348
2348
2348
2348
2348
2348
2348
2348
2348
2348
2348
2348
2348
2348
2348
2348
2348
2348
2348
2348
2348
2348
2348
2348
2348
2348
2348
2348
2348
2348
2348
2348
2348
2348
2348
2348
2348
2348
2348
2348
2348
2348
2348
2348
2348
2348
2348
2348
2348
2348
2348
2348
2348
2348
2348
2348
2348
2348
2348
2348
2348
2348
2348
2348
2348
2348
2348
2348
2348
2348
2348
2348
2348
2348
2348
2348
2348
2348
2348
2348
2348
2348
2348
2348
2348
2348
2348
2348
2348
2348
2348
2348
2348
2348
2348
2348
2348
2348
2348
2348
2348
2348
2348
2348
2348
2348
2348
2348
2348
2348
2348
2348
2348
2348
2348
2348
2348
2348
2348
2348
2348
2348
2348
2348
2348
2348
2348
2348
2348
2348
2348
2348
2348
2348
2348
2348
2348
2348
2348
2348
2348
2348
2348
2348
2348
2348
2348
2348
2348
2348
2348
2348
2348
2348
2348
2348
2348
2348
2348
2348
2348
2348
2348
2348
2348
2348
2348
2348
2348
2348
2348
2348
2348
2348
2348
2348
2348
2348
2348
2348
2348
2348
2348
2348
2348
2348
2348
2348
2348
2348
2348
2348
2348
2348
2348
2348
2348
2348
2348
2348
2348
2348
2348
2348
2348
2348
2348
2348
2348
2348
2348
2348
2357
2357
2357
2357
2357
2357
2357
2357
2357
2357
2357
2357
2357
2357
2357
2357
2357
2348
2348
2348
2348
2348
2348
2348
2348
2348
2348
2348
2348
2348
2348
2348
2348
2348
2348
2348
2348
2348
2348
2348
2348
2348
2348
2348
2348
2348
2348
2348
2348
2348
2348
2348
2348
2348
2348
2348
2348
2348
2348
2348
2348
2348
2348
2348
2348
2348
2348
2348
2348
2348
2348
2348
2348
2348
2348
2348
2348
2348
2348
2348
2348
2348
2348
2348
2348
2348
2348
2348
2348
2348
2348
2348
2348
2348
2348
2348
2348
2348
2348
2348
2348
2348
2348
2348
2348
2348
2348
2348
2348
2348
2348
2348
2348
2348
2348
2348
2348
2348
2348
2348
2348
2348
2348
2348
2348
2348
2348
2348
2348
2348
2348
2348
2348
2348
2348
2348
2348
2348
2348
2348
2348
2348
2348
2348
2348
2348
2348
2348
2348
2348
2348
2348
2348
2348
2348
2348
2348
2348
2348
2348
2348
2348
2348
2348
2348
2348
2348
2348
2348
2348
2348
2348
2348
2348
2348
2348
2348
2348
2348
2348
2348
2348
2348
2348
2348
2348
2348
2348
2348
2348
2348
2348
2348
2348
2348
2348
2348
2348
2348
2348
2348
2348
2348
2348
2348
2348
2348
2348
2348
2348
2348
2348
2348
2348
2348
2348
2348
2348
2348
2348
2348
2348
2348
2348
2348
2348
2348
2348
2348
2348
2348
2348
2348
2348
2348
2348
2348
2348
2348
2348
2348
2348
2348
2348
2348
2348
2348
2348
2348
2348
2348
2348
2348
2348
2348
2348
2348
2348
2348
2348
2348
2348
2348
2348
2348
2348
2348
2348
2348
2348
2348
2348
2348
2348
2348
2348
2348
2348
2356
2356
2356
2356
2356
2356
2356
2356
2356
2356
2356
2356
2356
2356
2356
2356
2356
2356
2356
2356
2356
2356
2356
2356
2356
2356
2356
2356
2348
2348
2348
2348
2348
2348
2348
2348
2348
2348
2348
2348
2348
2348
2348
2348
2348
2348
2348
2348
2348
2348
2348
2348
2348
2348
2348
2348
2348
2348
2348
2348
2348
2348
2348
2348
2348
2348
2348
2348
2348
2348
2348
2348
2348
2348
2348
2348
2348
2348
2348
2348
2348
2348
2348
2348
2348
2348
2348
2348
2348
2348
2348
2348
2348
2348
2348
2348
2348
2348
2348
2348
2348
2348
2348
2348
2348
2348
2348
2348
2348
2348
2348
2348
2348
2348
2348
2348
2348
2348
2348
2348
2348
2348
2348
2348
2348
2348
2348
2348
2348
2348
2348
2348
2348
2348
2348
2348
2348
2348
2348
2348
2348
2347
2347
2347
2347
2347
2347
2347
2347
2347
2347
2347
2347
2347
2347
2347
2347
2347
2347
2347
2347
2347
2347
2347
2347
2347
2347
2347
2347
2347
2347
2347
2348
2348
2348
2348
2348
2348
2348
2348
2348
2348
2348
2348
2348
2348
2348
2348
2348
2348
2348
2348
2348
2348
2348
2348
2348
2348
2348
2348
2348
2348
2348
2348
2348
2348
2348
2348
2348
2348
2348
2348
2348
2348
2348
2348
2348
2348
2348
2348
2348
2348
2348
2348
2348
2348
2348
2348
2348
2348
2348
2348
2348
2348
2348
2348
2348
2348
2348
2348
2348
2348
2348
2348
2348
2348
2348
2348
2348
2348
2348
2348
2348
2348
2348
2348
2348
2348
2348
2348
2348
2348
2348
2348
2348
2348
2348
2348
2347
2347
2347
2347
2347
2347
2347
2347
2347
2347
2347
2347
2347
2347
2347
2347
2347
2347
2347
2347
2347
2347
2347
2347
2347
2347
2347
2347
2347
2347
2347
2347
2347
2347
2347
2347
2347
2347
2347
2347
2347
2347
2347
2347
2347
2347
2347
2347
2347
2347
2347
2347
2347
2347
2347
2347
2347
2347
2347
2347
2347
2347
2347
2347
2347
2347
2347
2347
2347
2347
2347
2347
2347
2347
2347
2347
2347
2347
2347
2347
2347
2347
2347
2347
2347
2347
2347
2347
2347
2347
2347
2347
2347
2347
2347
2347
2347
2347
2347
2347
2347
2347
2347
2347
2347
2347
2347
2345
2345
2345
2345
2345
2345
2345
2345
2345
2345
2345
2345
2345
2345
2345
2345
2345
2345
2345
2345
2345
2345
2345
2345
2345
2345
2345
2345
2345
2345
2345
2345
2345
2345
2345
2345
2345
2345
2345
2345
2345
2345
2345
2345
2345
2345
2345
2345
2345
2345
2345
2345
2345
2345
2345
2345
2345
2345
2345
2345
2345
2345
2345
2345
2345
2345
2345
2345
2345
2345
2345
2345
2345
2345
2345
2345
2345
2345
2345
2345
2345
2345
2345
2345
2352
2352
2352
2352
2352
2352
2352
2352
2352
2352
2352
2352
2352
2352
2352
2352
2352
2352
2352
2352
2352
2352
2352
2352
2352
2352
2352
2352
2352
2352
2352
2352
2352
2352
2352
2352
2352
2352
2352
2352
2352
2352
2352
2352
2352
2352
2352
2352
2352
2352
2352
2352
2352
2352
2352
2352
2352
2352
2352
2352
2352
2352
2352
2352
2352
2352
2352
2352
2352
2352
2352
2352
2352
2352
2352
2352
2352
2352
2352
2352
2352
2352
2352
2352
2352
2352
2352
2352
2352
2352
2352
2352
2352
2352
2352
2352
2352
2352
2352
2352
2352
2352
2352
2352
2352
2352
2352
2352
2352
2352
2352
2352
2352
2352
2352
2352
2352
2352
2352
2352
2352
2352
2352
2352
2352
2352
2352
2352
2352
2352
2352
2352
2352
2352
2352
2352
2352
2352
2352
2352
2352
2352
2352
2352
2352
2352
2352
2352
2352
2352
2352
2352
2352
2352
2352
2352
2352
2352
2352
2352
2352
2352
2352
2352
2352
2352
2352
2352
2352
2352
2352
2352
2352
2352
2353
2353
2353
2358
2358
2358
2358
2358
2358
2358
2358
2358
2358
2358
2358
2367
2367
2367
2367
2367
2367
2367
2367
2367
2367
2367
2367
2367
2367
2367
2367
2367
2367
2367
2367
2367
2365
2365
2365
2365
2365
2365
2361
2361
2361
2361
2361
2361
2358
2358
2358
2358
2358
2358
2358
2358
2358
2358
2358
2358
2358
2358
2358
2358
2358
2358
2358
2358
2358
2358
2358
2358
2358
2358
2358
2358
2358
2358
2358
2358
2358
2358
2358
2358
2358
2345
2345
2345
2345
2345
2345
2345
2345
2345
2345
2345
2345
2345
2345
2345
2333
2333
2333
2333
2331
2331
2331
2331
2331
2331
2331
2331
2331
2331
2331
2331
2331
2331
2331
2331
2331
2331
2331
2331
2331
2331
2331
2331
2331
2331
2331
2331
2331
2331
2331
2331
2331
2331
2331
2331
2331
2331
2331
2331
2331
2331
2331
2331
2331
2331
2331
2331
2331
2331
2331
2331
2331
2331
2331
2331
2331
2331
2331
2331
2331
2331
2331
2331
2331
2331
2331
2331
2331
2331
2331
2331
2331
2331
2331
2331
2331
2331
2331
2331
2331
2331
2331
2331
2331
2331
2331
2331
2331
2331
2331
2331
2331
2331
2331
2331
2331
2331
2331
2331
2331
2331
2331
2331
2331
2331
2331
2331
2331
2331
2331
2331
2331
2331
2331
2331
2331
2331
2331
2331
2331
2331
