1506
1529
1491
1442
1471
1449
1463
1506
1549
1525
1565
1647
1647
1623
1585
1595
1618
1596
1599
1574
1520
1510
1498
1434
1462
1508
1542
1512
1592
1530
1526
1462
1439
1516
1577
1573
1495
1495
1501
1480
1506
1463
1463
1463
1463
1453
1483
1483
1439
1436
1437
1425
1425
1425
1434
1470
1472
1410
1410
1394
1475
1495
1498
1479
1541
1541
1541
1476
1476
1476
1476
1476
1403
1403
1403
1507
1507
1507
1507
1507
1507
1512
1550
1532
1551
1527
1553
1546
1494
1503
1518
1522
1546
1515
1550
1523
1534
1534
1534
1534
1469
1441
1441
1441
1559
1526
1526
1526
1485
1457
1457
1473
1430
1430
1478
1482
1471
1471
1447
1447
1447
1447
1476
1480
1480
1451
1451
1451
1450
1472
1471
1490
1437
1442
1442
1411
1430
1418
1418
1460
1449
1449
1449
1468
1515
1515
1572
1534
1509
1527
1552
1589
1560
1554
1564
1554
1530
1530
1530
1554
1506
1506
1506
1423
1397
1443
1443
1443
1443
1487
1469
1465
1461
1584
1568
1492
1492
1470
1461
1483
1441
1459
1498
1482
1474
1474
1516
1532
1544
1471
1471
1479
1473
1488
1473
1491
1486
1512
1539
1579
1543
1536
1529
1529
1592
1592
1499
1480
1480
1435
1435
1454
1483
1509
1489
1507
1468
1483
1520
1461
1520
1501
1524
1524
1517
1497
1478
1467
1467
1467
1478
1484
1512
1511
1511
1511
1484
1472
1463
1494
1429
1429
1429
1429
1462
1468
1522
1517
1517
1547
1547
1522
1505
1492
1500
1565
1525
1513
1528
1556
1556
1556
1477
1457
1478
1429
1429
1429
1429
1406
1406
1435
1435
1405
1444
1444
1444
1444
1482
1470
1503
1573
1583
1583
1568
1527
1544
1532
1549
1549
1507
1520
1520
1526
1559
1596
1649
1696
1677
1647
1622
1622
1591
1591
1619
1600
1555
1555
1548
1548
1582
1594
1594
1594
1615
1564
1546
1516
1600
1577
1546
1519
1532
1482
1474
1547
1482
1523
1554
1510
1529
1510
1549
1528
1509
1538
1491
1482
1472
1455
1455
1394
1445
1406
1394
1397
1429
1396
1468
1469
1512
1469
1502
1502
1502
1503
1503
1499
1430
1427
1458
1497
1446
1442
1461
1403
1403
1389
1400
1418
1421
1440
1440
1435
1435
1383
1461
1473
1542
1542
1478
1501
1501
1546
1529
1529
1529
1488
1428
1489
1552
1623
1590
1590
1540
1504
1531
1506
1562
1621
1621
1609
1722
1646
1625
1565
1604
1583
1564
1579
1540
1540
1598
1639
1545
1545
1521
1521
1474
1470
1543
1517
1517
1517
1547
1547
1588
1585
1585
1585
1576
1576
1576
1576
1576
1588
1588
1535
1574
1536
1528
1492
1492
1488
1466
1553
1536
1536
1536
1544
1544
1489
1485
1469
1486
1497
1497
1493
1492
1467
1514
1556
1528
1544
1569
1585
1589
1602
1549
1580
1643
1654
1615
1615
1615
1636
1639
1587
1559
1559
1644
1584
1592
1510
1484
1495
1429
1384
1379
1379
1383
1374
1374
1374
1358
1386
1420
1445
1559
1531
1538
1477
1461
1460
1426
1409
1428
1484
1517
1517
1503
1503
1503
1503
1524
1532
1540
1495
1509
1447
1384
1413
1427
1438
1467
1473
1510
1552
1546
1546
1485
1473
1439
1440
1515
1493
1470
1558
1564
1564
1499
1545
1460
1467
1504
1492
1492
1454
1443
1491
1503
1549
1561
1486
1491
1491
1491
1437
1437
1436
1482
1490
1473
1473
1463
1465
1502
1454
1403
1428
1386
1404
1422
1428
1379
1379
1379
1434
1438
1487
1487
1508
1597
1597
1560
1531
1536
1536
1526
1494
1448
1459
1503
1489
1522
1500
1500
1538
1507
1501
1501
1540
1540
1521
1526
1525
1502
1502
1538
1629
1629
1597
1570
1593
1670
1631
1616
1550
1517
1504
1533
1561
1537
1546
1445
1381
1450
1507
1481
1461
1481
1465
1457
1457
1472
1460
1475
1452
1436
1429
1397
1397
1397
1424
1476
1463
1473
1463
1444
1444
1451
1406
1406
1453
1421
1423
1522
1522
1474
1498
1571
1616
1598
1574
1559
1535
1459
1556
1504
1481
1481
1481
1524
1521
1533
1485
1497
1469
1502
1513
1476
1467
1506
1506
1481
1481
1559
1481
1406
1406
1436
1446
1540
1497
1467
1512
1471
1471
1438
1457
1426
1445
1427
1427
1430
1423
1484
1471
1498
1501
1501
1496
1494
1494
1435
1435
1475
1486
1508
1508
1474
1474
1474
1480
1504
1504
1530
1495
1495
1459
1482
1546
1519
1506
1519
1611
1563
1548
1553
1572
1587
1587
1587
1612
1628
1622
1622
1637
1666
1580
1580
1572
1583
1581
1616
1608
1608
1608
1562
1543
1543
1579
1572
1572
1593
1571
1579
1501
1501
1544
1578
1612
1612
1560
1526
1522
1574
1606
1610
1557
1583
1561
1546
1506
1545
1530
1501
1492
1450
1450
1476
1476
1442
1480
1453
1453
1477
1504
1475
1458
1458
1471
1519
1554
1586
1542
1484
1484
1484
1520
1501
1511
1509
1515
1515
1547
1510
1510
1494
1444
1477
1452
1406
1437
1450
1453
1440
1429
1453
1443
1504
1504
1513
1519
1503
1503
1496
1490
1537
1540
1516
1476
1476
1487
1433
1415
1452
1493
1479
1454
1454
1492
1512
1683
1615
1557
1586
1588
1608
1664
1598
1622
1558
1511
1557
1553
1594
1594
1626
1675
1584
1584
1584
1559
1598
1601
1558
1587
1536
1575
1575
1583
1572
1581
1580
1558
1580
1636
1618
1540
1517
1517
1502
1534
1574
1535
1574
1503
1472
1478
1466
1419
1419
1508
1559
1559
1584
1584
1584
1580
1619
1615
1635
1635
1611
1666
1582
1568
1568
1548
1548
1579
1579
1659
1610
1577
1578
1536
1508
1468
1468
1468
1445
1450
1484
1447
1447
1447
1427
1427
1427
1435
1449
1449
1449
1449
1449
1454
1447
1467
1467
1486
1486
1467
1467
1467
1467
1527
1527
1497
1482
1467
1486
1459
1447
1505
1505
1533
1529
1505
1505
1508
1508
1489
1562
1562
1578
1578
1578
1582
1578
1574
1557
1554
1461
1462
1461
1483
1483
1500
1447
1514
1567
1567
1586
1606
1565
1577
1561
1542
1486
1542
1549
1502
1484
1531
1624
1596
1551
1538
1526
1502
1502
1516
1563
1498
1498
1497
1497
1510
1470
1470
1472
1431
1418
1399
1419
1419
1514
1517
1496
1473
1477
1467
1467
1538
1538
1538
1538
1502
1475
1475
1475
1469
1445
1414
1414
1440
1541
1493
1458
1577
1533
1449
1439
1439
1527
1632
1558
1582
1478
1502
1502
1530
1507
1507
1480
1468
1513
1512
1570
1595
1628
1565
1501
1493
1493
1493
1493
1482
1540
1540
1540
1530
1538
1469
1489
1490
1505
1520
1520
1492
1499
1478
1511
1448
1448
1506
1559
1517
1445
1466
1464
1479
1479
1485
1460
1452
1484
1484
1484
1497
1504
1504
1533
1509
1405
1391
1478
1478
1514
1501
1548
1538
1448
1466
1466
1448
1519
1555
1555
1563
1483
1483
1527
1568
1572
1568
1553
1565
1593
1566
1595
1573
1657
1642
1642
1616
1609
1616
1610
1600
1616
1616
1625
1572
1635
1608
1552
1552
1552
1533
1533
1533
1495
1480
1503
1503
1503
1527
1527
1572
1544
1521
1548
1565
1525
1524
1458
1464
1392
1381
1449
1539
1480
1480
1482
1482
1508
1523
1542
1510
1512
1512
1510
1523
1499
1499
1522
1520
1520
1520
1487
1483
1483
1529
1529
1512
1512
1542
1560
1543
1543
1543
1543
1498
1510
1510
1510
1451
1482
1482
1487
1460
1483
1485
1485
1494
1494
1475
1464
1473
1489
1498
1486
1486
1557
1537
1518
1588
1558
1520
1528
1565
1516
1492
1492
1531
1481
1539
1552
1552
1550
1550
1550
1461
1459
1431
1431
1386
1421
1417
1477
1490
1490
1487
1452
1452
1452
1456
1416
1416
1465
1445
1460
1450
1413
1423
1423
1471
1471
1471
1436
1556
1509
1509
1501
1501
1528
1507
1547
1539
1541
1517
1517
1565
1565
1601
1593
1573
1567
1566
1513
1493
1476
1502
1515
1509
1530
1479
1501
1508
1549
1515
1542
1551
1563
1601
1580
1548
1537
1537
1518
1493
1489
1477
1510
1516
1553
1535
1577
1525
1454
1461
1507
1437
1437
1437
1425
1542
1524
1524
1524
1524
1524
1454
1444
1582
1603
1583
1571
1571
1571
1571
1574
1518
1536
1481
1516
1516
1567
1525
1479
1573
1599
1628
1644
1644
1625
1629
1600
1600
1569
1553
1553
1514
1514
1505
1494
1494
1447
1447
1475
1475
1457
1487
1459
1459
1489
1459
1508
1530
1530
1581
1581
1562
1577
1593
1620
1499
1452
1529
1591
1586
1540
1607
1599
1599
1599
1581
1583
1607
1517
1545
1553
1521
1534
1534
1521
1556
1550
1556
1550
1540
1525
1525
1525
1559
1534
1552
1449
1449
1456
1493
1447
1447
1435
1468
1458
1458
1485
1475
1497
1428
1428
1425
1453
1415
1434
1434
1387
1486
1486
1486
1486
1482
1503
1487
1465
1488
1488
1515
1542
1542
1542
1542
1516
1508
1537
1501
1485
1505
1486
1529
1529
1529
1485
1480
1473
1494
1495
1474
1451
1415
1415
1476
1461
1461
1461
1488
1527
1509
1456
1507
1507
1569
1576
1586
1555
1598
1604
1622
1515
1531
1525
1522
1493
1508
1508
1508
1508
1610
1569
1556
1569
1519
1498
1480
1470
1470
1452
1452
1452
1434
1434
1451
1549
1519
1461
1500
1627
1576
1597
1535
1568
1568
1533
1490
1521
1521
1521
1524
1522
1555
1541
1523
1476
1555
1470
1498
1498
1481
1554
1555
1519
1433
1435
1563
1511
1504
1423
1423
1490
1506
1502
1502
1498
1483
1496
1512
1525
1535
1560
1561
1575
1554
1491
1491
1491
1514
1431
1424
1428
1455
1455
1469
1469
1469
1456
1456
1469
1456
1456
1487
1500
1500
1499
1466
1476
1509
1509
1577
1566
1569
1576
1497
1516
1495
1491
1458
1447
1471
1471
1468
1469
1469
1469
1416
1416
1416
1416
1392
1404
1392
1406
1406
1392
1392
1422
1511
1519
1519
1537
1557
1531
1464
1452
1450
1450
1432
1503
1566
1587
1546
1551
1537
1531
1515
1490
1495
1511
1504
1516
1516
1516
1554
1554
1521
1452
1443
1443
1476
1492
1514
1502
1427
1421
1480
1499
1481
1481
1524
1548
1544
1583
1479
1477
1413
1413
1413
1423
1410
1401
1401
1412
1422
1422
1507
1519
1518
1518
1489
1445
1445
1452
1500
1497
1486
1486
1509
1503
1504
1571
1595
1546
1461
1410
1410
1410
1400
1432
1463
1499
1509
1509
1459
1459
1486
1470
1496
1441
1452
1447
1447
1447
1526
1504
1504
1461
1483
1483
1489
1548
1526
1526
1514
1431
1431
1431
1452
1452
1452
1471
1451
1451
1511
1507
1492
1482
1465
1465
1533
1437
1456
1416
1449
1461
1449
1449
1488
1458
1470
1528
1512
1512
1525
1513
1508
1508
1508
1505
1487
1487
1460
1478
1468
1468
1458
1481
1481
1527
1511
1582
1569
1569
1541
1537
1510
1510
1503
1619
1630
1599
1615
1661
1679
1604
1515
1573
1573
1587
1581
1507
1507
1507
1539
1511
1479
1471
1471
1503
1520
1503
1506
1530
1530
1559
1559
1486
1483
1454
1526
1560
1543
1489
1473
1532
1532
1559
1536
1461
1413
1448
1441
1469
1446
1465
1463
1444
1478
1449
1471
1471
1532
1532
1532
1460
1460
1460
1447
1446
1476
1516
1516
1554
1532
1561
1577
1577
1583
1583
1543
1558
1490
1490
1477
1478
1514
1514
1527
1580
1506
1506
1516
1493
1489
1525
1604
1604
1604
1596
1610
1610
1560
1514
1539
1539
1552
1561
1533
1533
1483
1483
1477
1477
1463
1465
1465
1445
1468
1437
1461
1507
1515
1538
1583
1599
1599
1638
1638
1653
1641
1641
1625
1579
1601
1567
1570
1548
1548
1546
1599
1512
1514
1514
1542
1529
1537
1506
1506
1506
1506
1506
1537
1518
1542
1542
1537
1584
1537
1511
1511
1556
1556
1525
1519
1519
1496
1504
1504
1482
1509
1514
1517
1562
1627
1597
1502
1483
1522
1512
1480
1480
1497
1540
1515
1476
1476
1476
1466
1497
1497
1504
1604
1621
1639
1607
1607
1574
1555
1555
1581
1581
1582
1556
1556
1573
1595
1587
1575
1575
1575
1586
1586
1601
1552
1590
1550
1575
1540
1540
1524
1524
1521
1521
1540
1540
1540
1492
1460
1509
1481
1481
1528
1528
1592
1602
1596
1543
1536
1624
1615
1581
1576
1602
1517
1517
1517
1499
1499
1499
1536
1543
1543
1610
1600
1588
1609
1569
1569
1569
1569
1609
1633
1582
1582
1612
1604
1563
1563
1522
1487
1487
1478
1478
1478
1531
1527
1475
1443
1435
1429
1445
1452
1501
1501
1479
1479
1491
1517
1517
1509
1490
1490
1504
1504
1508
1508
1492
1519
1520
1628
1529
1529
1555
1549
1564
1548
1522
1576
1525
1546
1546
1562
1577
1473
1492
1547
1498
1498
1543
1496
1496
1496
1575
1592
1592
1592
1566
1564
1483
1400
1430
1416
1413
1413
1448
1448
1530
1530
1580
1565
1565
1565
1547
1517
1517
1517
1534
1526
1497
1512
1512
1499
1487
1487
1499
1499
1446
1425
1425
1427
1455
1453
1521
1526
1526
1459
1525
1504
1541
1560
1494
1458
1458
1420
1447
1447
1461
1461
1464
1492
1492
1468
1482
1448
1471
1532
1493
1520
1510
1522
1552
1552
1575
1511
1511
1473
1458
1462
1439
1414
1412
1412
1403
1397
1397
1417
1391
1390
1370
1430
1406
1417
1417
1417
1448
1448
1441
1441
1432
1465
1465
1453
1479
1479
1445
1445
1460
1457
1439
1439
1474
1474
1474
1488
1509
1462
1512
1553
1566
1566
1515
1479
1517
1517
1517
1506
1501
1506
1483
1523
1485
1434
1451
1451
1451
1472
1484
1484
1498
1535
1579
1575
1573
1569
1569
1588
1588
1658
1658
1643
1611
1598
1621
1555
1555
1534
1488
1466
1551
1506
1506
1447
1447
1463
1463
1463
1463
1420
1428
1401
1415
1488
1488
1498
1487
1487
1463
1471
1471
1473
1440
1440
1440
1393
1393
1410
1451
1479
1451
1451
1457
1457
1483
1483
1483
1516
1474
1505
1519
1574
1574
1548
1548
1548
1548
1577
1587
1577
1600
1572
1572
1562
1541
1541
1539
1524
1524
1534
1534
1601
1572
1572
1545
1545
1628
1628
1609
1563
1552
1549
1526
1540
1618
1651
1659
1606
1603
1590
1590
1536
1507
1507
1512
1523
1465
1465
1477
1382
1377
1397
1416
1449
1392
1406
1413
1413
1392
1470
1471
1434
1475
1474
1477
1482
1492
1531
1499
1503
1520
1503
1473
1495
1503
1536
1510
1519
1479
1479
1425
1430
1435
1435
1435
1482
1532
1564
1525
1525
1484
1559
1548
1513
1513
1542
1542
1494
1494
1494
1489
1473
1494
1499
1499
1511
1498
1526
1508
1489
1473
1504
1502
1510
1510
1559
1511
1563
1518
1537
1556
1582
1545
1523
1588
1582
1541
1563
1563
1590
1590
1590
1660
1594
1561
1611
1548
1548
1541
1524
1540
1431
1423
1453
1483
1503
1510
1499
1568
1588
1642
1680
1691
1703
1677
1700
1632
1551
1533
1517
1538
1575
1505
1505
1477
1488
1560
1585
1582
1537
1537
1463
1509
1514
1496
1484
1484
1484
1558
1531
1550
1550
1537
1590
1545
1539
1539
1539
1550
1612
1559
1573
1594
1593
1593
1566
1562
1498
1568
1568
1527
1497
1458
1510
1475
1454
1454
1446
1446
1466
1446
1417
1417
1377
1414
1379
1379
1429
1429
1429
1429
1395
1395
1395
1395
1395
1395
1395
1395
1395
1398
1398
1446
1446
1530
1497
1497
1530
1500
1489
1525
1540
1540
1540
1571
1526
1528
1573
1573
1641
1632
1641
1641
1634
1634
1556
1578
1610
1610
1609
1541
1578
1552
1568
1618
1597
1597
1601
1610
1610
1591
1591
1553
1494
1561
1547
1532
1506
1563
1565
1598
1598
1609
1506
1423
1426
1446
1472
1472
1472
1414
1432
1411
1414
1464
1458
1458
1458
1426
1440
1448
1425
1425
1425
1425
1409
1409
1522
1522
1401
1401
1401
1401
1404
1404
1424
1422
1419
1419
1419
1426
1426
1437
1407
1448
1472
1513
1513
1577
1577
1569
1569
1506
1504
1510
1510
1516
1493
1493
1530
1530
1547
1502
1381
1381
1413
1413
1424
1446
1459
1446
1447
1438
1438
1416
1416
1437
1520
1525
1525
1475
1433
1452
1452
1435
1491
1515
1515
1520
1482
1482
1482
1554
1554
1596
1619
1619
1677
1673
1656
1653
1653
1630
1581
1581
1583
1568
1568
1602
1495
1481
1514
1499
1447
1447
1447
1447
1447
1484
1520
1520
1520
1520
1532
1532
1485
1468
1475
1463
1463
1463
1463
1459
1439
1434
1434
1434
1434
1434
1434
1434
1434
1443
1443
1478
1505
1501
1423
1435
1411
1411
1411
1516
1520
1508
1482
1482
1509
1526
1567
1526
1526
1494
1544
1573
1511
1498
1468
1516
1596
1604
1604
1571
1592
1560
1557
1583
1562
1583
1566
1607
1562
1561
1576
1572
1637
1637
1568
1534
1504
1504
1528
1466
1454
1481
1481
1481
1481
1449
1449
1535
1535
1543
1516
1526
1516
1542
1470
1470
1466
1469
1450
1428
1428
1464
1477
1477
1477
1482
1489
1476
1442
1429
1429
1436
1453
1453
1405
1405
1437
1447
1435
1443
1484
1484
1422
1422
1419
1479
1489
1478
1443
1483
1470
1403
1401
1418
1418
1504
1504
1506
1498
1481
1470
1506
1532
1468
1468
1489
1519
1519
1501
1538
1529
1493
1481
1471
1517
1475
1483
1479
1479
1483
1461
1474
1474
1474
1511
1530
1530
1472
1472
1472
1484
1466
1522
1527
1527
1527
1527
1572
1586
1586
1586
1586
1511
1498
1486
1469
1452
1452
1452
1452
1468
1470
1458
1513
1513
1513
1515
1515
1515
1513
1513
1516
1516
1545
1545
1549
1549
1515
1499
1516
1546
1545
1531
1455
1455
1448
1489
1476
1476
1489
1506
1506
1481
1532
1527
1530
1538
1470
1470
1470
1499
1515
1515
1533
1533
1532
1540
1540
1540
1485
1485
1468
1468
1502
1505
1518
1589
1563
1524
1563
1551
1551
1563
1511
1511
1511
1511
1524
1506
1506
1520
1498
1498
1441
1452
1452
1452
1452
1456
1456
1459
1505
1505
1515
1519
1534
1534
1546
1546
1452
1481
1481
1465
1514
1514
1541
1514
1525
1534
1524
1524
1558
1529
1470
1454
1454
1454
1434
1434
1451
1451
1466
1466
1466
1466
1430
1431
1431
1448
1448
1448
1419
1470
1457
1432
1430
1488
1437
1426
1447
1450
1460
1567
1567
1567
1567
1577
1577
1529
1529
1529
1500
1480
1513
1489
1489
1489
1542
1497
1497
1505
1505
1515
1561
1520
1537
1499
1494
1497
1497
1481
1481
1481
1497
1497
1497
1499
1540
1540
1563
1536
1522
1501
1501
1503
1477
1477
1447
1447
1428
1433
1444
1412
1456
1456
1419
1419
1449
1449
1449
1449
1449
1462
1462
1462
1462
1462
1462
1588
1594
1594
1562
1562
1523
1498
1487
1534
1534
1534
1543
1543
1593
1535
1516
1516
1485
1506
1486
1491
1491
1546
1457
1484
1537
1537
1537
1526
1517
1621
1621
1559
1587
1549
1549
1527
1510
1510
1509
1509
1463
1514
1514
1490
1474
1474
1466
1466
1485
1485
1485
1495
1503
1517
1517
1517
1517
1443
1370
1370
1410
1410
1418
1418
1410
1436
1448
1448
1438
1496
1456
1379
1386
1425
1430
1495
1579
1562
1557
1554
1554
1525
1552
1559
1572
1584
1602
1561
1617
1608
1552
1534
1464
1464
1464
1464
1464
1499
1495
1495
1573
1501
1503
1503
1555
1531
1512
1573
1579
1573
1591
1558
1547
1547
1548
1548
1444
1449
1415
1415
1434
1443
1459
1503
1496
1479
1439
1476
1439
1439
1445
1457
1453
1429
1391
1421
1421
1422
1422
1422
1421
1426
1424
1421
1426
1464
1464
1454
1444
1419
1412
1421
1455
1455
1455
1453
1453
1477
1478
1505
1505
1604
1641
1661
1661
1661
1631
1544
1564
1568
1548
1570
1563
1563
1555
1641
1683
1677
1601
1574
1586
1532
1532
1619
1619
1543
1517
1536
1528
1528
1528
1508
1498
1507
1486
1442
1497
1513
1516
1487
1529
1529
1530
1520
1520
1494
1472
1510
1510
1510
1537
1560
1567
1536
1536
1536
1533
1486
1457
1508
1492
1521
1482
1473
1498
1535
1535
1553
1492
1471
1509
1527
1528
1488
1439
1477
1471
1481
1530
1530
1407
1407
1393
1413
1403
1458
1412
1412
1409
1379
1379
1438
1404
1488
1488
1461
1470
1470
1499
1441
1459
1438
1483
1483
1486
1525
1525
1534
1546
1642
1650
1606
1596
1568
1586
1565
1565
1587
1455
1500
1503
1503
1545
1613
1597
1603
1558
1558
1558
1549
1557
1550
1499
1480
1480
1480
1478
1548
1567
1567
1567
1595
1595
1601
1603
1491
1523
1529
1523
1543
1549
1537
1541
1524
1485
1515
1515
1515
1515
1521
1585
1585
1529
1603
1577
1509
1509
1509
1604
1604
1577
1577
1586
1504
1504
1433
1510
1504
1504
1506
1574
1544
1622
1603
1604
1564
1564
1488
1456
1415
1415
1416
1499
1499
1552
1548
1523
1470
1470
1473
1505
1505
1505
1480
1464
1464
1464
1467
1467
1446
1488
1488
1512
1502
1502
1502
1502
1502
1512
1494
1502
1507
1462
1418
1436
1467
1468
1432
1432
1432
1434
1434
1479
1479
1479
1431
1447
1462
1462
1462
1454
1445
1451
1437
1437
1437
1428
1408
1395
1395
1443
1456
1456
1450
1444
1437
1437
1433
1433
1463
1424
1424
1424
1430
1537
1507
1489
1485
1515
1503
1546
1546
1546
1546
1549
1567
1500
1518
1518
1577
1556
1544
1507
1507
1507
1507
1455
1414
1390
1390
1357
1357
1357
1397
1396
1396
1413
1413
1489
1461
1461
1442
1463
1463
1492
1496
1549
1548
1580
1579
1569
1554
1558
1558
1533
1533
1493
1471
1471
1471
1471
1471
1471
1472
1494
1470
1474
1474
1461
1455
1458
1458
1505
1505
1514
1520
1520
1518
1518
1477
1477
1467
1438
1470
1482
1482
1481
1478
1478
1547
1577
1593
1589
1516
1547
1547
1485
1495
1505
1484
1484
1490
1478
1478
1416
1416
1416
1416
1416
1454
1491
1454
1446
1458
1458
1458
1487
1442
1413
1384
1384
1384
1384
1422
1422
1422
1422
1361
1363
1361
1361
1376
1376
1376
1376
1367
1349
1365
1339
1339
1339
1339
1378
1400
1400
1438
1443
1443
1488
1459
1469
1490
1462
1462
1475
1530
1530
1567
1567
1487
1487
1487
1487
1487
1533
1534
1534
1553
1532
1532
1532
1468
1468
1458
1464
1464
1458
1447
1447
1467
1467
1479
1487
1482
1486
1416
1431
1490
1503
1503
1412
1477
1486
1486
1486
1500
1500
1500
1445
1387
1387
1386
1386
1384
1384
1452
1437
1449
1439
1443
1443
1418
1467
1467
1459
1483
1452
1497
1497
1516
1516
1486
1486
1483
1506
1529
1529
1553
1530
1533
1530
1522
1523
1540
1540
1541
1541
1520
1538
1588
1608
1568
1558
1567
1557
1511
1511
1549
1500
1500
1591
1552
1545
1545
1545
1526
1526
1479
1515
1518
1511
1494
1494
1494
1460
1460
1474
1460
1531
1519
1507
1507
1528
1504
1457
1492
1481
1481
1542
1543
1543
1446
1446
1489
1482
1482
1474
1478
1489
1489
1452
1460
1532
1525
1468
1447
1493
1493
1473
1524
1482
1482
1482
1513
1543
1534
1499
1499
1499
1499
1506
1525
1531
1536
1592
1615
1545
1471
1471
1510
1482
1456
1447
1447
1501
1479
1479
1479
1523
1459
1459
1499
1552
1530
1530
1527
1474
1518
1509
1488
1453
1453
1448
1481
1468
1466
1466
1476
1408
1408
1408
1461
1443
1423
1387
1370
1370
1414
1427
1462
1462
1380
1419
1413
1445
1435
1452
1421
1406
1420
1456
1450
1450
1450
1450
1475
1419
1403
1438
1438
1420
1448
1484
1484
1483
1483
1472
1437
1437
1430
1377
1377
1382
1418
1418
1421
1436
1436
1432
1432
1413
1413
1413
1379
1379
1379
1379
1379
1426
1379
1379
1429
1419
1419
1452
1447
1451
1451
1480
1423
1435
1435
1424
1424
1440
1469
1469
1439
1419
1419
1419
1430
1418
1418
1444
1397
1407
1452
1467
1442
1463
1424
1424
1408
1396
1396
1410
1410
1429
1429
1429
1429
1434
1434
1481
1469
1469
1463
1464
1465
1478
1538
1538
1566
1499
1513
1504
1490
1514
1473
1473
1505
1505
1512
1512
1512
1512
1512
1511
1508
1478
1478
1470
1499
1499
1485
1485
1502
1459
1459
1459
1459
1459
1459
1459
1459
1456
1456
1466
1504
1466
1494
1483
1438
1438
1434
1419
1395
1409
1398
1413
1413
1395
1395
1395
1417
1417
1417
1398
1398
1398
1422
1515
1515
1500
1500
1502
1502
1502
1502
1524
1556
1556
1463
1463
1463
1478
1478
1463
1452
1500
1469
1485
1507
1507
1534
1534
1476
1476
1519
1476
1448
1450
1450
1480
1480
1480
1480
1480
1493
1471
1492
1471
1460
1460
1415
1449
1449
1468
1488
1483
1487
1483
1528
1577
1495
1495
1429
1429
1429
1438
1438
1488
1488
1492
1492
1462
1492
1492
1493
1517
1517
1517
1485
1496
1496
1496
1545
1545
1520
1520
1525
1510
1475
1475
1489
1478
1517
1517
1517
1517
1539
1539
1520
1519
1531
1531
1466
1466
1466
1458
1416
1416
1444
1409
1409
1412
1415
1405
1405
1405
1405
1405
1405
1377
1389
1393
1412
1421
1421
1421
1428
1428
1428
1424
1486
1459
1444
1444
1445
1445
1445
1489
1489
1489
1464
1463
1520
1520
1481
1481
1481
1481
1507
1479
1461
1461
1461
1461
1470
1460
1462
1453
1430
1425
1372
1410
1405
1407
1421
1421
1421
1378
1398
1396
1396
1379
1399
1399
1379
1379
1405
1371
1407
1407
1399
1446
1434
1423
1431
1403
1403
1403
1438
1438
1438
1438
1445
1445
1437
1437
1411
1451
1451
1452
1419
1441
1441
1478
1478
1452
1452
1406
1394
1394
1394
1394
1394
1394
1452
1452
1394
1437
1403
1397
1397
1397
1453
1439
1439
1413
1447
1447
1447
1389
1389
1413
1413
1413
1413
1422
1422
1422
1419
1419
1448
1448
1526
1558
1528
1518
1492
1510
1510
1551
1569
1560
1537
1537
1537
1537
1537
1468
1468
1414
1423
1423
1439
1473
1513
1464
1528
1484
1484
1484
1484
1495
1474
1509
1525
1504
1504
1509
1509
1494
1502
1502
1521
1501
1513
1513
1513
1524
1497
1485
1476
1476
1486
1486
1532
1495
1503
1503
1512
1512
1522
1508
1508
1502
1502
1492
1520
1520
1527
1525
1542
1542
1530
1529
1529
1529
1529
1557
1557
1530
1568
1546
1546
1610
1538
1538
1538
1520
1500
1452
1433
1433
1397
1397
1397
1397
1397
1377
1426
1454
1503
1498
1498
1498
1498
1498
1548
1548
1549
1549
1487
1455
1492
1486
1560
1495
1459
1459
1459
1457
1457
1457
1449
1449
1474
1476
1476
1475
1538
1548
1493
1506
1512
1547
1547
1547
1564
1564
1628
1628
1628
1628
1628
1567
1539
1539
1539
1539
1573
1599
1673
1641
1627
1578
1568
1568
1601
1601
1601
1515
1500
1515
1515
1507
1509
1509
1535
1558
1482
1585
1490
1466
1466
1466
1488
1488
1516
1516
1516
1491
1494
1559
1559
1528
1557
1563
1563
1563
1563
1550
1550
1537
1477
1492
1511
1501
1498
1503
1505
1547
1503
1509
1512
1450
1421
1421
1393
1393
1436
1489
1489
1460
1460
1462
1484
1484
1536
1536
1536
1535
1540
1504
1536
1492
1492
1475
1461
1449
1449
1449
1394
1370
1376
1376
1376
1376
1442
1366
1389
1395
1412
1412
1412
1393
1389
1358
1377
1377
1377
1419
1393
1393
1366
1366
1399
1366
1366
1366
1366
1364
1364
1390
1375
1375
1375
1395
1395
1381
1369
1355
1355
1355
1355
1393
1358
1339
1339
1339
1339
1339
1339
1339
1377
1377
1385
1385
1402
1423
1455
1455
1457
1457
1457
1418
1418
1381
1357
1386
1386
1386
1386
1368
1370
1370
1349
1349
1347
1339
1339
1339
1339
1339
1362
1446
1431
1421
1421
1421
1421
1376
1364
1339
1339
1339
1339
1366
1366
1397
1397
1397
1383
1383
1383
1435
1368
1364
1354
1358
1358
1358
1374
1374
1393
1441
1441
1441
1441
1455
1455
1445
1441
1441
1433
1431
1431
1431
1424
1404
1404
1409
1409
1489
1425
1397
1414
1414
1414
1460
1460
1460
1424
1424
1420
1420
1434
1476
1505
1496
1542
1542
1484
1512
1461
1459
1459
1459
1466
1446
1421
1421
1487
1495
1480
1480
1480
1479
1479
1490
1502
1533
1508
1472
1472
1472
1491
1492
1477
1477
1496
1496
1496
1496
1496
1496
1496
1496
1406
1436
1531
1531
1553
1550
1550
1484
1498
1442
1442
1442
1442
1460
1460
1458
1479
1479
1482
1482
1449
1449
1443
1443
1443
1454
1454
1455
1455
1455
1455
1461
1461
1461
1484
1484
1484
1481
1505
1505
1505
1470
1470
1507
1527
1489
1469
1469
1482
1449
1462
1473
1434
1434
1434
1434
1434
1434
1439
1439
1434
1434
1434
1451
1451
1451
1451
1451
1451
1451
1469
1469
1469
1469
1469
1448
1448
1453
1420
1420
1420
1420
1420
1420
1420
1526
1522
1508
1508
1493
1487
1487
1466
1466
1468
1468
1502
1502
1466
1466
1414
1476
1476
1476
1476
1492
1492
1549
1529
1529
1529
1521
1557
1579
1588
1584
1505
1499
1477
1493
1493
1475
1453
1453
1453
1453
1463
1463
1426
1426
1426
1439
1439
1442
1442
1427
1444
1433
1433
1454
1454
1445
1445
1446
1446
1446
1457
1419
1459
1459
1459
1459
1437
1420
1420
1420
1423
1423
1400
1400
1398
1398
1377
1377
1377
1377
1377
1377
1377
1377
1377
1377
1382
1377
1377
1377
1377
1377
1377
1377
1377
1386
1380
1449
1449
1449
1449
1449
1449
1461
1461
1461
1461
1461
1430
1430
1430
1430
1430
1430
1424
1411
1417
1415
1451
1492
1489
1489
1482
1454
1462
1458
1483
1483
1476
1420
1400
1400
1407
1407
1407
1405
1395
1351
1351
1351
1351
1351
1351
1351
1390
1387
1444
1420
1420
1420
1420
1420
1400
1451
1435
1449
1452
1480
1507
1507
1487
1481
1504
1466
1455
1442
1378
1388
1395
1395
1408
1408
1411
1411
1411
1415
1415
1415
1365
1337
1355
1355
1355
1348
1341
1342
1342
1384
1376
1376
1376
1376
1376
1392
1392
1351
1351
1361
1349
1324
1324
1324
1330
1330
1330
1330
1329
1329
1346
1348
1348
1329
1324
1333
1333
1324
1324
1324
1324
1343
1343
1343
1343
1353
1353
1353
1392
1351
1382
1373
1376
1397
1393
1393
1393
1393
1402
1402
1402
1402
1407
1418
1418
1377
1377
1377
1389
1389
1389
1389
1389
1385
1393
1393
1393
1393
1412
1412
1412
1412
1411
1418
1465
1465
1441
1440
1448
1448
1451
1451
1451
1397
1397
1397
1439
1466
1466
1460
1456
1469
1472
1486
1546
1547
1540
1516
1506
1508
1508
1508
1508
1508
1449
1449
1448
1448
1441
1456
1480
1480
1480
1490
1490
1514
1478
1441
1441
1441
1441
1476
1480
1480
1471
1429
1429
1429
1463
1481
1390
1364
1367
1369
1369
1369
1369
1369
1349
1349
1387
1387
1387
1387
1387
1387
1387
1387
1387
1397
1391
1391
1391
1391
1391
1438
1420
1420
1471
1471
1471
1471
1478
1478
1492
1487
1471
1521
1531
1528
1528
1528
1528
1541
1541
1594
1575
1544
1544
1542
1542
1547
1525
1511
1554
1539
1539
1483
1510
1493
1493
1491
1491
1491
1491
1491
1519
1519
1510
1510
1464
1464
1487
1498
1496
1497
1460
1460
1477
1477
1477
1477
1477
1477
1477
1477
1477
1477
1479
1466
1399
1410
1410
1410
1441
1441
1441
1516
1550
1551
1547
1547
1547
1547
1511
1478
1478
1415
1415
1415
1415
1415
1418
1418
1418
1418
1400
1400
1394
1394
1394
1394
1384
1384
1384
1384
1384
1384
1379
1379
1389
1389
1389
1389
1389
1389
1389
1389
1389
1389
1389
1389
1399
1447
1434
1426
1437
1472
1476
1476
1435
1435
1430
1402
1402
1419
1417
1487
1515
1515
1460
1460
1427
1435
1435
1435
1435
1432
1465
1465
1472
1472
1472
1477
1477
1477
1477
1477
1449
1425
1434
1434
1448
1475
1475
1475
1483
1483
1482
1482
1482
1495
1434
1451
1451
1431
1431
1408
1408
1405
1413
1413
1413
1429
1429
1429
1438
1465
1484
1484
1466
1466
1464
1464
1474
1474
1464
1465
1436
1488
1455
1455
1445
1437
1437
1437
1437
1467
1457
1457
1457
1503
1503
1493
1493
1493
1481
1481
1481
1485
1485
1460
1455
1455
1455
1455
1445
1437
1445
1416
1416
1427
1473
1473
1482
1482
1470
1472
1451
1451
1451
1451
1451
1451
1451
1451
1465
1479
1474
1451
1470
1488
1505
1505
1524
1524
1466
1495
1463
1479
1402
1402
1408
1408
1408
1408
1408
1408
1408
1408
1408
1411
1402
1402
1402
1461
1442
1442
1424
1424
1397
1418
1433
1433
1433
1427
1427
1427
1427
1429
1429
1453
1453
1458
1458
1458
1458
1472
1435
1423
1423
1431
1431
1431
1456
1456
1463
1463
1463
1463
1447
1429
1450
1457
1480
1477
1477
1473
1487
1537
1485
1463
1546
1516
1549
1490
1490
1490
1484
1485
1453
1500
1502
1502
1502
1488
1498
1550
1525
1487
1487
1487
1487
1451
1451
1451
1451
1451
1475
1519
1473
1469
1469
1502
1502
1502
1502
1504
1472
1472
1472
1463
1464
1534
1534
1491
1491
1491
1491
1491
1521
1467
1467
1460
1445
1445
1445
1445
1445
1427
1427
1421
1438
1438
1471
1471
1452
1438
1437
1437
1483
1483
1483
1483
1482
1482
1482
1443
1443
1408
1408
1408
1403
1403
1428
1440
1409
1450
1465
1426
1466
1438
1438
1438
1448
1448
1434
1434
1448
1461
1465
1420
1420
1478
1509
1509
1509
1498
1503
1510
1486
1486
1524
1486
1446
1446
1461
1454
1454
1453
1453
1453
1412
1412
1412
1412
1427
1415
1415
1415
1415
1415
1415
1404
1397
1397
1379
1403
1403
1403
1394
1379
1378
1377
1377
1377
1377
1377
1377
1377
1377
1377
1377
1377
1377
1377
1377
1377
1377
1377
1377
1377
1377
1377
1387
1387
1387
1387
1387
1399
1443
1443
1443
1404
1404
1417
1417
1440
1440
1440
1451
1451
1451
1451
1451
1451
1451
1451
1451
1451
1436
1420
1420
1422
1378
1376
1376
1394
1388
1388
1360
1360
1360
1353
1353
1353
1353
1353
1361
1369
1369
1369
1364
1364
1364
1364
1402
1402
1402
1402
1406
1406
1406
1385
1385
1431
1443
1443
1427
1427
1427
1427
1427
1418
1418
1418
1418
1421
1392
1405
1405
1405
1424
1424
1424
1424
1424
1427
1424
1459
1459
1464
1499
1499
1499
1499
1441
1441
1441
1441
1448
1440
1440
1440
1440
1440
1440
1450
1485
1485
1461
1461
1461
1461
1439
1409
1409
1395
1395
1395
1395
1394
1394
1394
1394
1394
1394
1394
1394
1352
1352
1352
1352
1352
1393
1393
1403
1422
1372
1372
1372
1434
1434
1414
1414
1414
1414
1414
1405
1403
1403
1403
1403
1427
1437
1443
1443
1443
1443
1456
1465
1454
1465
1465
1465
1448
1448
1448
1465
1499
1478
1483
1474
1474
1450
1441
1343
1343
1343
1343
1343
1343
1343
1343
1343
1358
1358
1358
1358
1379
1379
1379
1379
1379
1379
1379
1415
1415
1421
1397
1403
1392
1392
1376
1390
1390
1390
1390
1390
1390
1402
1400
1400
1400
1400
1400
1417
1417
1417
1367
1367
1406
1406
1406
1409
1418
1418
1418
1418
1415
1415
1415
1459
1431
1426
1426
1426
1453
1453
1454
1454
1434
1421
1421
1415
1415
1415
1415
1414
1414
1443
1443
1443
1443
1397
1416
1416
1445
1402
1397
1397
1417
1402
1397
1397
1397
1397
1373
1373
1373
1400
1400
1400
1400
1400
1400
1400
1400
1400
1400
1400
1400
1407
1407
1400
1401
1401
1393
1382
1382
1411
1411
1411
1411
1411
1411
1411
1411
1411
1411
1411
1411
1401
1367
1363
1363
1363
1363
1363
1363
1349
1349
1349
1373
1373
1373
1418
1418
1418
1418
1418
1418
1342
1370
1376
1382
1424
1424
1407
1407
1404
1382
1382
1339
1339
1339
1395
1395
1434
1434
1434
1434
1369
1369
1359
1359
1359
1374
1390
1374
1374
1374
1374
1374
1374
1374
1339
1339
1339
1339
1339
1339
1339
1339
1339
1339
1339
1339
1348
1348
1348
1348
1339
1339
1339
1339
1361
1377
1360
1368
1368
1370
1376
1376
1361
1390
1390
1390
1390
1368
1357
1357
1357
1357
1339
1339
1297
1297
1297
1297
1297
1332
1353
1336
1336
1336
1332
1332
1306
1306
1306
1306
1306
1306
1306
1306
1299
1299
1299
1348
1348
1348
1355
1355
1359
1359
1359
1359
1352
1349
1367
1367
1367
1367
1381
1366
1366
1366
1366
1366
1366
1358
1358
1358
1358
1358
1358
1358
1358
1358
1368
1356
1356
1356
1356
1350
1350
1350
1350
1350
1350
1350
1350
1350
1350
1350
1350
1349
1349
1349
1349
1349
1349
1349
1349
1349
1349
1349
1363
1363
1398
1368
1368
1368
1405
1387
1387
1422
1422
1418
1418
1418
1418
1418
1418
1418
1420
1420
1420
1420
1420
1455
1433
1433
1425
1425
1357
1357
1357
1357
1357
1357
1364
1364
1354
1339
1376
1376
1376
1376
1376
1376
1376
1376
1376
1389
1386
1386
1362
1362
1362
1362
1362
1362
1362
1355
1355
1355
1355
1355
1355
1355
1355
1355
1355
1363
1364
1380
1380
1380
1380
1403
1403
1389
1389
1389
1389
1389
1389
1389
1389
1385
1385
1386
1386
1386
1386
1386
1386
1386
1386
1386
1386
1386
1364
1364
1364
1364
1339
1339
1339
1339
1351
1351
1351
1351
1351
1358
1354
1354
1354
1354
1354
1354
1354
1354
1354
1354
1354
1354
1354
1354
1354
1354
1354
1354
1354
1354
1360
1360
1360
1360
1360
1360
1360
1360
1360
1360
1370
1370
1370
1370
1370
1370
1370
1370
1379
1392
1392
1384
1384
1384
1384
1384
1384
1382
1382
1382
1370
1370
1370
1373
1373
1373
1373
1373
1373
1373
1373
1373
1373
1373
1373
1373
1355
1355
1355
1356
1355
1355
1355
1355
1397
1397
1397
1397
1397
1397
1432
1432
1432
1431
1431
1426
1418
1394
1394
1394
1394
1409
1399
1400
1339
1339
1339
1377
1377
1398
1398
1360
1360
1369
1377
1380
1380
1380
1380
1380
1382
1382
1382
1382
1382
1382
1382
1382
1382
1377
1377
1377
1377
1377
1377
1377
1377
1411
1411
1416
1416
1416
1416
1403
1379
1377
1377
1377
1377
1377
1377
1377
1377
1377
1377
1377
1377
1377
1377
1377
1377
1377
1377
1377
1377
1377
1377
1383
1383
1383
1392
1401
1401
1401
1417
1418
1418
1404
1404
1404
1410
1410
1410
1396
1388
1388
1388
1388
1388
1377
1377
1377
1377
1377
1377
1377
1377
1377
1377
1389
1384
1384
1384
1384
1384
1384
1389
1339
1341
1341
1341
1341
1341
1339
1339
1339
1339
1339
1339
1339
1339
1339
1339
1339
1339
1339
1339
1339
1344
1344
1344
1347
1339
1339
1339
1339
1339
1339
1339
1339
1339
1339
1339
1378
1375
1381
1381
1381
1381
1381
1375
1375
1375
1375
1375
1375
1375
1375
1375
1375
1375
1375
1375
1351
1351
1343
1343
1343
1343
1343
1343
1343
1343
1343
1343
1343
1343
1343
1343
1343
1343
1336
1336
1336
1336
1336
1336
1345
1336
1336
1336
1336
1339
1339
1339
1339
1339
1339
1339
1339
1342
1342
1342
1342
1339
1339
1339
1339
1339
1355
1355
1355
1355
1355
1355
1355
1355
1355
1355
1353
1353
1353
1353
1353
1353
1353
1353
1353
1353
1346
1336
1340
1340
1336
1336
1336
1336
1336
1336
1336
1336
1336
1336
1336
1336
1336
1336
1336
1336
1336
1336
1336
1336
1336
1336
1336
1336
1336
1336
1341
1336
1336
1336
1336
1336
1336
1336
1336
1336
1336
1336
1336
1336
1336
1336
1336
1347
1347
1347
1343
1343
1368
1368
1368
1368
1368
1368
1368
1368
1368
1368
1364
1364
1364
1364
1364
1364
1364
1364
1364
1364
1364
1367
1362
1362
1405
1401
1401
1401
1401
1401
1401
1401
1422
1472
1472
1437
1415
1416
1359
1359
1359
1359
1359
1362
1362
1359
1359
1359
1359
1359
1397
1397
1383
1383
1383
1383
1383
1383
1383
1383
1370
1370
1370
1370
1370
1370
1370
1370
1380
1391
1391
1391
1391
1395
1395
1396
1396
1339
1339
1339
1339
1339
1339
1339
1339
1339
1339
1339
1339
1339
1339
1339
1339
1339
1339
1339
1339
1339
1355
1355
1355
1340
1340
1340
1340
1340
1340
1340
1340
1340
1340
1345
1345
1345
1345
1345
1347
1347
1347
1347
1345
1345
1345
1345
1345
1345
1345
1339
1339
1339
1339
1339
1339
1339
1339
1339
1339
1339
1339
1339
1339
1339
1339
1339
1339
1339
1339
1339
1339
1339
1339
1339
1339
1339
1339
1339
1339
1339
1339
1339
1339
1339
1339
1349
1349
1349
1347
1347
1347
1347
1347
1347
1347
1347
1347
1347
1347
1361
1361
1361
1361
1361
1349
1349
1349
1349
1347
1347
1347
1347
1347
1370
1370
1370
1370
1370
1370
1370
1370
1370
1370
1370
1370
1370
1376
1376
1376
1376
1376
1376
1376
1376
1376
1376
1376
1376
1376
1370
1370
1370
1370
1370
1386
1397
1397
1397
1371
1382
1382
1382
1382
1377
1377
1388
1392
1392
1392
1388
1388
1388
1388
1370
1370
1370
1379
1379
1379
1379
1379
1379
1379
1379
1379
1379
1363
1358
1358
1358
1358
1358
1358
1324
1324
1324
1324
1324
1324
1324
1324
1324
1324
1324
1325
1325
1325
1325
1319
1325
1328
1328
1328
1330
1313
1313
1313
1313
1313
1307
1315
1315
1315
1315
1315
1315
1315
1315
1315
1315
1315
1315
1315
1315
1315
1315
1315
1315
1315
1315
1323
1323
1323
1323
1323
1323
1323
1323
1324
1324
1324
1324
1324
1324
1324
1324
1324
1324
1324
1324
1324
1323
1323
1323
1323
1323
1323
1313
1313
1313
1313
1313
1313
1313
1337
1337
1347
1342
1342
1342
1367
1342
1342
1342
1342
1342
1342
1342
1342
1342
1342
1342
1342
1336
1336
1336
1336
1336
1343
1343
1343
1343
1343
1343
1343
1343
1343
1343
1360
1360
1360
1360
1360
1360
1360
1360
1360
1360
1360
1360
1360
1360
1360
1306
1306
1306
1306
1306
1305
1305
1305
1305
1305
1305
1305
1305
1305
1305
1305
1305
1305
1305
1297
1297
1297
1297
1297
1297
1297
1297
1297
1297
1297
1297
1297
1297
1297
1297
1297
1297
1297
1297
1297
1297
1297
1297
1297
1297
1297
1297
1297
1297
1297
1297
1297
1297
1297
1297
1297
1297
1297
1297
1297
1297
1297
1297
1297
1297
1297
1297
1297
1297
1297
1297
1297
1297
1297
1297
1297
1297
1305
1305
1305
1305
1305
1305
1305
1305
1305
1305
1305
1305
1305
1305
1305
1305
1305
1305
1305
1305
1305
1305
1305
1305
1305
1305
1305
1305
1305
1305
1305
1305
1305
1305
1305
1305
1305
1305
1305
1305
1305
1305
1305
1305
1305
1305
1305
1305
1305
1305
1305
1305
1305
1305
1305
1305
1305
1305
1305
1305
1305
1305
1305
1305
1305
1311
1311
1308
1308
1308
1308
1308
1308
1308
1308
1324
1341
1349
1349
1324
1324
1324
1324
1324
1324
1324
1324
1320
1320
1320
1305
1305
1305
1305
1305
1305
1307
1307
1307
1307
1307
1305
1305
1305
1305
1305
1305
1305
1305
1305
1311
1311
1311
1311
1311
1311
1311
1315
1315
1315
1315
1315
1315
1322
1326
1326
1326
1326
1326
1326
1326
1326
1317
1305
1305
1305
1305
1305
1305
1305
1305
1305
1305
1305
1305
1305
1305
1305
1305
1305
1305
1305
1305
1305
1305
1307
1307
1312
1312
1312
1312
1312
1312
1312
1312
1312
1312
1312
1312
1310
1310
1310
1310
1310
1310
1310
1310
1308
1308
1308
1305
1305
1305
1305
1305
1305
1305
1305
1305
1305
1305
1305
1305
1305
1305
1305
1305
1305
1305
1305
1305
1305
1305
1305
1305
1305
1305
1305
1305
1305
1297
1297
1297
1297
1297
1297
1297
1297
1297
1297
1297
1297
1297
1297
1297
1297
1305
1305
1305
1305
1305
1305
1305
1305
1305
1305
1305
1305
1305
1305
1305
1305
1305
1305
1297
1297
1297
1297
1297
1297
1297
1297
1297
1297
1297
1297
1297
1303
1303
1303
1303
1303
1303
1303
1304
1304
1304
1304
1304
1304
1304
1304
1304
1304
1304
1304
1304
1304
1304
1304
1304
1304
1304
1304
1304
1304
1304
1304
1304
1304
1304
1304
1304
1304
1304
1304
1304
1304
1304
1304
1304
1304
1304
1305
1305
1305
1305
1305
1305
1305
1305
1305
1305
1305
1305
1305
1305
1305
1305
1305
1305
1305
1305
1305
1305
1305
1305
1305
1305
1305
1305
1305
1305
1305
1305
1305
1305
1305
1305
1305
1305
1305
1305
1305
1305
1305
1305
1305
1305
1305
1305
1305
1305
1308
1308
1308
1308
1308
1308
1308
1308
1305
1305
1305
1305
1305
1305
1305
1305
1307
1307
1307
1307
1307
1307
1307
1307
1307
1307
1307
1307
1318
1307
1307
1307
1307
1310
1310
1310
1310
1310
1310
1310
1302
1302
1302
1302
1302
1302
1302
1302
1302
1302
1302
1302
1302
1302
1302
1302
1302
1302
1302
1302
1302
1302
1302
1302
1302
1302
1302
1302
1302
1302
1302
1302
1302
1302
1302
1302
1302
1302
1302
1302
1302
1302
1302
1302
1302
1302
1302
1302
1302
1302
1302
1302
1302
1302
1302
1302
1302
1302
1302
1302
1297
1297
1297
1297
1297
1297
1302
1302
1302
1302
1302
1302
1302
1302
1302
1302
1312
1312
1312
1312
1312
1312
1312
1312
1312
1312
1312
1312
1312
1312
1312
1312
1312
1312
1312
1312
1312
1312
1312
1312
1312
1312
1312
1312
1312
1312
1312
1312
1311
1311
1311
1311
1311
1311
1311
1311
1311
1311
1311
1311
1311
1311
1311
1311
1311
1311
1311
1311
1311
1311
1311
1311
1311
1311
1311
1311
1311
1311
1311
1311
1311
1311
1311
1311
1311
1311
1311
1311
1311
1311
1311
1311
1311
1311
1311
1311
1311
1311
1311
1311
1311
1311
1311
1311
1324
1324
1324
1324
1324
1324
1324
1324
1324
1324
1324
1324
1324
1324
1324
1324
1324
1324
1324
1324
1324
1324
1324
1324
1324
1324
1324
1324
1324
1324
1324
1324
1324
1324
1324
1324
1324
1324
1324
1324
1324
1324
1324
1324
1324
1324
1324
1324
1324
1324
1324
1324
1324
1324
1324
1324
1324
1324
1324
1324
1324
1324
1324
1324
1324
1324
1324
1324
1324
1324
1324
1324
1324
1324
1324
1324
1324
1324
1324
1324
1324
1324
1324
1324
1324
1324
1324
1324
1324
1324
1324
1324
1324
1324
1324
1324
1324
1324
1324
1325
1325
1326
1326
1326
1326
1326
1326
1326
1326
1326
1326
1326
1324
1324
1324
1324
1324
1324
1324
1324
1324
1324
1324
1324
1324
1324
1324
1324
1324
1324
1324
1324
1324
1324
1324
1324
1324
1324
1324
1324
1324
1324
1324
1324
1324
1324
1324
1324
1324
1324
1324
1324
1324
1324
1324
1324
1325
1325
1325
1324
1329
1329
1329
1329
1329
1329
1329
1327
1327
1329
1329
1324
1324
1324
1324
1324
1324
1324
1324
1324
1324
1324
1324
1324
1327
1327
1327
1329
1329
1329
1329
1329
1329
1329
1329
1329
1325
1325
1324
1324
1324
1324
1324
1324
1324
1324
1324
1324
1324
1324
1324
1324
1324
1324
1324
1324
1312
1312
1312
1312
1312
1312
1312
1312
1312
1312
1312
1312
1312
1312
1312
1312
1312
1312
1312
1312
1312
1312
1312
1312
1312
1315
1317
1317
1317
1317
1317
1317
1317
1317
1317
1317
1317
1317
1317
1317
1317
1317
1317
1317
1317
1317
1317
1317
1317
1314
1314
1314
1314
1314
1314
1314
1314
1314
1314
1314
1314
1314
1314
1314
1314
1314
1304
1304
1304
1304
1304
1304
1304
1304
1304
1304
1304
1304
1304
1304
1304
1304
1304
1304
1304
1304
1300
1300
1300
1300
1300
1300
1300
1300
1300
1300
1297
1297
1297
1297
1297
1297
1297
1297
1297
1297
1297
1297
1297
1297
1297
1297
1297
1297
1297
1297
1297
1297
1297
1297
1297
1297
1297
1297
1297
1297
1297
1297
1297
1297
1297
1297
1297
1297
1297
1297
1297
1297
1297
1297
1297
1297
1297
1297
1297
1297
1297
1297
1297
1297
1297
1297
1297
1297
1297
1297
1297
1297
1297
1297
1297
1297
1297
1297
1297
1297
1297
1297
1297
1297
1297
1297
1297
1297
1297
1297
1297
1297
1300
1300
1300
1300
1300
1300
1300
1300
1300
1300
1300
1300
1300
1300
1300
1300
1300
1300
1300
1297
1297
1297
1297
1297
1297
1297
1297
1297
1297
1297
1297
1297
1297
1297
1297
1297
1297
1297
1297
1297
1297
1297
1297
1297
1297
1297
1297
1297
1297
1297
1297
1297
1297
1297
1297
1297
1297
1297
1297
1297
1297
1297
1297
1297
1297
1297
1297
1297
1297
1297
1297
1297
1297
1297
1297
1297
1297
1297
1297
1297
1297
1297
1297
1297
1297
1297
1297
1297
1297
1297
1297
1297
1297
1297
1297
1297
1297
1297
1297
1297
1297
1297
1297
1297
1297
1297
1297
1297
1297
1297
1297
1297
1297
1297
1297
1297
1297
1297
1297
1297
1297
1297
1297
1297
1297
1297
1297
1297
1297
1297
1297
1297
1297
1297
1297
1297
1297
1297
1297
1297
1297
1297
1297
1297
1297
1297
1297
1297
1297
1297
1297
1297
1297
1297
1297
1297
1297
1297
1297
1297
1297
1297
1315
1315
1316
1316
1316
1312
1312
1312
1312
1312
1312
1312
1312
1312
1312
1312
1312
1312
1312
1312
1312
1312
1312
1312
1312
1312
1312
1312
1312
1312
1312
1312
1312
1312
1312
1312
1312
1312
1312
1312
1312
1312
1312
1312
1312
1312
1312
1312
1312
1312
1312
1312
1312
1312
1312
1312
1312
1312
1312
1312
1312
1312
1312
1312
1312
1312
1312
1312
1312
1312
1312
1312
1312
1312
1312
1312
1297
1297
1297
1297
1297
1297
1297
1297
1297
1297
1297
1297
1297
1297
1297
1297
1297
1297
1297
1297
1297
1297
1297
1297
1297
1297
1297
1297
1302
1302
1302
1302
1302
1302
1302
1302
1302
1302
1302
1297
1297
1297
1297
1297
1297
1297
1297
1297
1297
1297
1297
1297
1297
1297
1297
1297
1297
1297
1297
1298
1298
1298
1298
1298
1298
1298
1298
1298
1298
1297
1297
1297
1297
1297
1297
1297
1297
1297
1297
1297
1297
1297
1297
1297
1297
1297
1297
1297
1297
1297
1297
1297
1297
1297
1297
1297
1297
1297
1297
1297
1297
1297
1297
1297
1297
1297
1297
1297
1297
1297
1297
1305
1303
1303
1303
1303
1303
1303
1303
1303
1303
1303
1303
1303
1303
1297
1297
1297
1297
1297
1297
1297
1297
1297
1297
1297
1297
1297
1297
1297
1297
1297
1297
1297
1297
1297
1297
1306
1306
1306
1306
1306
1306
1306
1306
1306
1306
1306
1306
1306
1306
1306
1306
1306
1306
1306
1306
1306
1304
1304
1304
1304
1304
1303
1303
1303
1303
1303
1303
1303
1303
1303
1303
1303
1303
1303
1303
1303
1303
1303
1304
1304
1304
1304
1304
1304
1304
1304
1304
1304
1304
1304
1304
1304
1304
1304
1304
1304
1304
1304
1304
1304
1304
1304
1304
1304
1304
1304
1297
1297
1297
1297
1297
1297
1297
1297
1297
1297
1297
1297
1297
1297
1297
1297
1297
1297
1297
1297
1297
1297
1297
1297
1297
1297
1297
1297
1297
1297
1297
1297
1297
1297
1297
1297
1297
1297
1297
1297
1297
1297
1297
1297
1297
1297
1297
1297
1297
1297
1297
1297
1297
1297
1297
1297
1297
1297
1297
1297
1297
1297
1297
1297
1297
1297
1297
1297
1297
1297
1297
1297
1297
1297
1297
1297
1297
1297
1297
1297
1297
1297
1297
1297
1297
1297
1297
1297
1297
1297
1297
1298
1298
1298
1298
1298
1298
1298
1298
1298
1298
1298
1302
1302
1302
1302
1302
1302
1302
1297
1297
1297
1297
1297
1297
1297
1297
1297
1297
1297
1297
1297
1297
1297
1297
1297
1298
1298
1298
1298
1298
1298
1298
1298
1298
1298
1297
1297
1297
1297
1297
1297
1297
1297
1297
1297
1297
1297
1297
1297
1297
1297
1297
1297
1297
1297
1297
1297
1297
1297
1297
1297
1297
1297
1297
1297
1297
1297
1297
1297
1297
1297
1297
1297
1297
1297
1297
1297
1297
1297
1297
1297
1297
1297
1297
1297
1297
1297
1297
1297
1297
1297
1297
1297
1297
1301
1301
1301
1301
1301
1301
1301
1301
1301
1301
1301
1301
1301
1301
1301
1301
1301
1301
1301
1301
1301
1301
1301
1301
1301
1301
1301
1301
1301
1301
1301
1301
1301
1301
1301
1301
1301
1301
1301
1301
1301
1301
1301
1301
1301
1301
1301
1301
1301
1301
1301
1301
1301
1301
1301
1301
1301
1301
1301
1301
1301
1301
1301
1301
1297
1297
1297
1297
1297
1300
1300
1300
1300
1300
1300
1300
1300
1300
1300
1300
1300
1300
1300
1300
1300
1300
1300
1300
1300
1300
1300
1300
1300
1300
1300
1300
1300
1300
1300
1300
1300
1300
1300
1305
1305
1305
1305
1305
1305
1305
1305
1305
1305
1305
1305
1305
1305
1305
1305
1305
1305
1305
1305
1305
1305
1305
1305
1305
1305
1309
1309
1309
1309
1309
1309
1309
1309
1309
1309
1309
1309
1305
1305
1305
1305
1305
1305
1305
1305
1305
1305
1305
1305
1305
1305
1305
1305
1305
1305
1305
1297
1297
1297
1297
1297
1297
1297
1297
1297
1297
1297
1297
1297
1297
1297
1297
1297
1297
1297
1297
1297
1297
1297
1297
1297
1297
1297
1297
1297
1304
1304
1297
1297
1297
1297
1297
1297
1297
1297
1297
1297
1297
1297
1297
1297
1297
1297
1297
1297
1297
1297
1297
1297
1297
1297
1297
1297
1297
1297
1297
1297
1297
1297
1297
1297
1297
1297
1297
1297
1297
1297
1297
1297
1297
1297
1297
1297
1297
1297
1297
1297
1297
1297
1297
1297
1297
1297
1297
1297
1297
1297
1297
1297
1297
1297
1297
1297
1297
1297
1307
1307
1307
1307
1307
1307
1307
1297
1297
1297
1297
1297
1297
1297
1297
1297
1297
1297
1297
1297
1297
1297
1297
1297
1297
1297
1297
1297
1297
1297
1297
1297
1297
1297
1297
1297
1297
1297
1297
1297
1297
1297
1297
1297
1297
1297
1297
1297
1297
1297
1297
1297
1297
1297
1297
1297
1297
1297
1297
1297
1297
1297
1297
1297
1297
1297
1297
1297
1297
1297
1297
1297
1297
1297
1297
1297
1297
1297
1297
1297
1297
1297
1297
1297
1297
1297
1297
1297
1297
1297
1297
1297
1297
1297
1297
1297
1297
1297
1297
1297
1297
1297
1297
1297
1297
1297
1297
1297
1297
1297
1297
1297
1297
1297
1297
1297
1297
1297
1297
1297
1297
1297
1297
1297
1297
1297
1297
1297
1297
1297
1297
1297
1297
1297
1297
1297
1297
1297
1297
1297
1297
1297
1297
1297
1297
1297
1297
1297
1297
1297
1297
1297
1297
1297
1297
1297
1297
1297
1297
1297
1297
1297
1297
1297
1297
1297
1297
1297
1297
1297
1297
1297
1297
1297
1297
1297
1297
1297
1297
1297
1297
1297
1297
1297
1297
1297
1302
1302
1302
1302
1302
1299
1299
1299
1299
1299
1299
1299
1299
1299
1299
1299
1299
1299
1299
1299
1299
1299
1299
1299
1299
1299
1299
1299
1299
1299
1299
1304
1304
1304
1304
1304
1304
1304
1304
1304
1304
1297
1297
1297
1297
1297
1297
1297
1297
1297
1297
1297
1297
1297
1297
1297
1297
1297
1297
1297
1297
1297
1297
1297
1297
1297
1297
1297
1297
1297
1297
1297
1297
1297
1297
1297
1297
1297
1297
1297
1297
1297
1297
1297
1297
1297
1297
1297
1297
1297
1297
1297
1297
1297
1297
1297
1297
1297
1297
1297
1297
1297
1297
1297
1303
1303
1303
1303
1303
1303
1303
1303
1303
1303
1303
1303
1297
1297
1297
1297
1297
1297
1297
1297
1297
1297
1297
1297
1297
1297
1297
1298
1298
1298
1298
1298
1298
1298
1298
1298
1298
1298
1298
1298
1298
1298
1298
1298
1298
1298
1298
1298
1298
1298
1298
1297
1297
1297
1297
1297
1297
1297
1297
1297
1297
1297
1297
1297
1297
1297
1297
1297
1297
1297
1297
1297
1297
1297
1297
1297
1297
1297
1297
1297
1297
1297
1297
1297
1297
1297
1297
1297
1297
1297
1297
1297
1297
1297
1297
1297
1297
1297
1297
1297
1297
1297
1297
1297
1297
1297
1297
1297
1297
1297
1297
1297
1297
1297
1297
1297
1297
1297
1297
1297
1297
1297
1297
1297
1297
1297
1297
1297
1297
1297
1297
1297
1297
1297
1297
1297
1297
1297
1297
1297
1297
1297
1297
1297
1297
1297
1297
1297
1297
1297
1297
1297
1297
1297
1297
1297
1297
1297
1297
1297
1297
1297
1297
1297
1297
1297
1297
1297
1297
1297
1297
1297
1297
1297
1297
1297
1297
1297
1297
1297
1297
1297
1297
1297
1297
1297
1297
1299
1299
1299
1299
1297
1297
1297
1297
1297
1297
1297
1297
1297
1297
1297
1297
1297
1297
1297
1297
1297
1297
1297
1297
1297
1297
1297
1297
1297
1297
1297
1297
1297
1297
1297
1297
1297
1297
1297
1297
1297
1304
1303
1303
1303
1303
1303
1297
1297
1297
1297
1297
1297
1297
1297
1297
1297
1297
1301
1301
1301
1301
1298
1298
1298
1298
1298
1298
1298
1298
1298
1298
1298
1298
1298
1297
1297
1297
1297
1297
1297
1297
1297
1297
1297
1297
1297
1297
1297
1297
1297
1297
1297
1299
1299
1299
1299
1299
1299
1297
1300
1307
1307
1307
1307
1297
1297
1297
1297
1297
1297
1297
1297
1297
1297
1297
1297
1297
1297
1297
1297
1297
1297
1297
1297
1297
1297
1297
1297
1297
1297
1297
1297
1297
1297
1297
1297
1297
1297
1299
1299
1299
1299
1297
1297
1297
1297
1297
1297
1297
1297
1297
1297
1297
1297
1297
1297
1297
1297
1297
1297
1297
1297
1297
1297
1297
1297
1297
1297
1297
1297
1297
1297
1297
1297
1297
1297
1297
1297
1297
1297
1297
1297
1297
1297
1297
1297
1297
1297
1297
1297
1297
1297
1297
1297
1297
1297
1297
1297
1297
1297
1297
1297
1297
1297
1297
1297
1297
1297
1297
1297
1297
1297
1297
1297
1297
1297
1297
1297
1297
1297
1297
1299
1299
1299
1299
1299
1299
1299
1299
1299
1299
1299
1299
1299
1299
1299
1299
1297
1297
1297
1297
1297
1297
1297
1297
1297
1297
1297
1297
1297
1297
1297
1297
1297
1297
1297
1297
1297
1297
1297
1297
1297
1297
1297
1297
1297
1297
1297
1297
1297
1297
1297
1297
1297
1297
1297
1297
1297
1297
1297
1297
1297
1297
1297
1297
1297
1297
1297
1297
1297
1297
1297
1297
1297
1297
1297
1297
1297
1297
1297
1297
1297
1297
1297
1297
1297
1297
1297
1297
1297
1297
1297
1297
1297
1297
1297
1297
1297
1297
1297
1297
1297
1297
1297
1297
1297
1297
1297
1297
1297
1297
1297
1297
1297
1297
1297
1297
1297
1297
1301
1301
1297
1297
1297
1297
1297
1297
1297
1297
1297
1297
1297
1297
1297
1297
1297
1297
1297
1297
1297
1297
1297
1297
1297
1297
1297
1297
1297
1297
1297
1297
1297
1297
1297
1297
1297
1297
1297
1297
1297
1297
1297
1297
1297
1297
1297
1297
1297
1297
1297
1297
1297
1297
1297
1297
1297
1297
1297
1297
1297
1297
1297
1297
1297
1297
1297
1297
1297
1297
1297
1297
1297
1297
1297
1297
1297
1297
1297
1297
1297
1297
1297
1297
1297
1297
1297
1297
1297
1297
1297
1297
1297
1297
1297
1297
1297
1297
1297
1297
1297
1297
1297
1297
1297
1297
1297
1297
1297
1297
1297
1297
1297
1297
1297
1297
1297
1297
1297
1297
1297
1297
1297
1297
1297
1297
1297
1297
1297
1297
1297
1297
1297
1297
1297
1297
1297
1297
1297
1297
1297
1297
1297
1297
1297
1297
1297
1297
1297
1297
1297
1297
1297
1297
1297
1297
1297
1297
1297
1297
1297
1297
1297
1297
1297
1297
1297
1297
1297
1297
1297
1297
1297
1297
1297
1297
1297
1297
1297
1297
1297
1297
1297
1297
1297
1297
1297
1297
1297
1297
1297
1297
1297
1297
1297
1297
1297
1297
1297
1297
1297
1297
1297
1297
1300
1300
1300
1300
1300
1300
1300
1300
1300
1300
1300
1300
1300
1300
1300
1300
1300
1300
1300
1300
1300
1300
1300
1300
1300
1300
1300
1300
1300
1300
1300
1300
1300
1303
1303
1303
1303
1303
1303
1303
1308
1308
1308
1308
1308
1308
1308
1308
1299
1299
1299
1299
1299
1297
1297
1297
1297
1297
1297
1297
1297
1297
1297
1297
1297
1297
1297
1297
1297
1297
1297
1297
1297
1297
1297
1297
1300
1300
1300
1300
1300
1300
1300
1297
1297
1297
1297
1297
1297
1297
1300
1300
1300
1300
1300
1300
1300
1300
1300
1300
1300
1300
1297
1297
1297
1297
1297
1297
1297
1297
1297
1297
1297
1297
1297
