1545
1535
1547
1516
1564
1564
1573
1561
1619
1619
1619
1619
1676
1676
1676
1619
1625
1604
1586
1519
1492
1559
1565
1552
1570
1588
1580
1525
1528
1428
1415
1380
1412
1424
1415
1404
1428
1444
1480
1445
1495
1527
1449
1436
1456
1436
1436
1456
1494
1485
1509
1418
1391
1391
1437
1437
1396
1423
1423
1489
1480
1434
1450
1433
1440
1479
1405
1491
1519
1519
1512
1484
1472
1472
1552
1582
1582
1632
1588
1600
1655
1623
1602
1602
1586
1551
1596
1596
1596
1626
1624
1583
1581
1581
1593
1591
1591
1591
1591
1625
1651
1672
1738
1713
1713
1632
1588
1594
1594
1594
1594
1638
1638
1565
1565
1627
1568
1547
1581
1581
1534
1581
1566
1554
1616
1519
1527
1527
1527
1527
1533
1533
1567
1562
1562
1569
1543
1543
1510
1553
1600
1616
1616
1615
1560
1669
1673
1688
1688
1625
1580
1574
1519
1531
1451
1473
1467
1510
1516
1510
1510
1510
1572
1572
1557
1562
1658
1611
1603
1572
1538
1511
1534
1524
1500
1555
1505
1505
1454
1481
1497
1518
1543
1602
1673
1644
1644
1630
1579
1564
1564
1546
1522
1509
1452
1478
1514
1514
1529
1556
1556
1556
1521
1488
1523
1528
1516
1515
1516
1516
1516
1475
1475
1458
1522
1480
1492
1497
1531
1538
1522
1563
1563
1515
1440
1440
1440
1446
1470
1470
1466
1466
1466
1466
1547
1547
1533
1521
1503
1509
1514
1515
1538
1538
1538
1596
1499
1549
1525
1557
1592
1527
1506
1560
1542
1542
1600
1575
1548
1508
1545
1601
1603
1490
1522
1466
1445
1551
1533
1526
1547
1615
1588
1523
1538
1557
1450
1465
1465
1472
1468
1471
1471
1458
1475
1543
1560
1570
1570
1503
1483
1494
1494
1494
1449
1449
1449
1443
1443
1443
1443
1443
1443
1443
1471
1539
1547
1601
1507
1523
1513
1513
1553
1553
1553
1553
1553
1553
1461
1516
1516
1526
1457
1421
1477
1513
1477
1566
1566
1551
1521
1532
1532
1543
1613
1543
1550
1550
1541
1538
1502
1502
1522
1522
1624
1595
1575
1604
1530
1502
1488
1488
1488
1488
1478
1478
1530
1551
1486
1486
1486
1491
1491
1514
1599
1597
1584
1588
1548
1581
1581
1524
1588
1640
1637
1681
1618
1492
1550
1522
1563
1563
1563
1588
1563
1596
1596
1645
1645
1596
1573
1540
1489
1563
1598
1570
1509
1519
1495
1474
1495
1495
1466
1423
1429
1440
1449
1470
1464
1591
1591
1531
1555
1546
1444
1459
1454
1439
1453
1474
1455
1453
1554
1586
1564
1564
1564
1557
1499
1534
1531
1531
1505
1503
1524
1504
1476
1495
1508
1511
1522
1489
1489
1482
1461
1461
1461
1461
1470
1508
1472
1420
1465
1477
1526
1539
1526
1524
1524
1524
1479
1479
1453
1437
1438
1438
1429
1429
1420
1420
1461
1461
1461
1481
1461
1460
1462
1451
1479
1505
1505
1555
1504
1494
1506
1489
1489
1465
1480
1465
1519
1509
1562
1575
1581
1548
1524
1519
1486
1458
1474
1493
1477
1502
1432
1432
1401
1433
1417
1446
1462
1457
1457
1487
1487
1501
1501
1472
1462
1417
1417
1387
1383
1400
1465
1465
1465
1485
1470
1470
1470
1481
1481
1514
1503
1529
1562
1651
1655
1682
1686
1645
1645
1645
1678
1622
1678
1616
1556
1557
1546
1546
1518
1523
1562
1569
1569
1658
1574
1584
1581
1617
1634
1617
1606
1594
1594
1591
1602
1622
1573
1565
1597
1597
1581
1581
1500
1527
1543
1543
1455
1455
1452
1453
1472
1472
1479
1454
1446
1434
1433
1504
1467
1486
1484
1526
1595
1640
1662
1655
1655
1655
1582
1582
1582
1572
1572
1572
1527
1522
1527
1528
1528
1547
1547
1547
1547
1517
1599
1601
1576
1585
1559
1542
1542
1513
1512
1546
1533
1533
1499
1525
1527
1527
1499
1505
1541
1558
1558
1476
1478
1463
1463
1490
1529
1504
1522
1496
1535
1492
1489
1489
1436
1453
1453
1453
1453
1435
1443
1443
1443
1484
1474
1525
1556
1536
1536
1517
1535
1535
1535
1552
1531
1436
1393
1436
1438
1450
1411
1411
1411
1406
1465
1443
1481
1481
1512
1481
1462
1467
1495
1495
1486
1469
1492
1468
1468
1484
1484
1467
1447
1460
1460
1474
1460
1481
1506
1505
1505
1505
1505
1505
1512
1512
1505
1507
1489
1469
1469
1455
1455
1500
1486
1550
1518
1621
1621
1623
1623
1630
1627
1631
1626
1632
1628
1628
1618
1618
1618
1582
1536
1536
1492
1528
1494
1527
1521
1537
1542
1558
1598
1605
1601
1662
1676
1665
1665
1628
1617
1654
1663
1636
1619
1569
1570
1570
1575
1551
1538
1538
1499
1454
1454
1413
1419
1419
1468
1524
1475
1544
1549
1492
1487
1487
1531
1515
1433
1414
1506
1414
1508
1508
1478
1488
1533
1608
1586
1603
1612
1608
1608
1595
1549
1531
1451
1501
1482
1472
1419
1497
1469
1469
1477
1424
1371
1451
1453
1474
1503
1529
1495
1529
1539
1526
1511
1473
1473
1481
1506
1525
1525
1580
1595
1608
1608
1571
1560
1546
1534
1534
1534
1534
1548
1574
1521
1523
1557
1557
1557
1557
1506
1505
1506
1506
1497
1524
1517
1520
1520
1535
1560
1579
1564
1566
1544
1544
1544
1564
1563
1566
1562
1549
1528
1549
1550
1608
1554
1565
1565
1585
1585
1619
1542
1541
1557
1514
1504
1504
1496
1476
1476
1481
1474
1474
1479
1479
1479
1480
1553
1511
1511
1511
1501
1549
1566
1576
1564
1564
1564
1540
1540
1564
1537
1537
1537
1538
1495
1476
1476
1491
1486
1503
1508
1531
1577
1540
1540
1540
1525
1525
1504
1484
1527
1571
1571
1575
1603
1595
1595
1582
1560
1590
1537
1554
1604
1604
1558
1560
1584
1563
1583
1583
1602
1652
1650
1650
1636
1637
1654
1596
1594
1574
1612
1612
1612
1649
1610
1610
1601
1613
1534
1506
1512
1518
1518
1531
1486
1525
1525
1525
1473
1472
1525
1499
1462
1467
1463
1463
1452
1405
1389
1395
1395
1395
1409
1395
1455
1419
1388
1398
1398
1438
1446
1483
1483
1480
1495
1522
1498
1437
1504
1446
1508
1527
1478
1453
1482
1482
1490
1557
1557
1521
1521
1495
1598
1598
1541
1541
1541
1549
1492
1492
1500
1510
1496
1479
1481
1540
1545
1516
1529
1527
1530
1521
1521
1530
1530
1535
1512
1553
1553
1538
1555
1551
1551
1480
1533
1541
1533
1458
1527
1577
1597
1605
1623
1591
1503
1475
1405
1347
1411
1443
1443
1409
1441
1470
1545
1439
1472
1472
1500
1507
1525
1485
1506
1507
1542
1542
1549
1637
1597
1597
1608
1706
1674
1661
1647
1672
1672
1595
1618
1616
1565
1565
1604
1599
1607
1627
1633
1641
1611
1539
1520
1513
1534
1576
1563
1543
1531
1524
1509
1509
1498
1427
1450
1452
1452
1459
1452
1441
1441
1484
1484
1485
1500
1504
1544
1504
1466
1465
1426
1471
1486
1484
1484
1487
1463
1463
1447
1520
1528
1528
1528
1504
1479
1479
1492
1492
1516
1540
1515
1435
1451
1432
1508
1580
1536
1526
1458
1464
1467
1560
1511
1506
1528
1533
1498
1539
1568
1517
1473
1517
1517
1509
1544
1579
1511
1511
1495
1493
1430
1450
1460
1463
1462
1463
1444
1450
1429
1429
1487
1506
1498
1443
1443
1454
1482
1471
1528
1406
1381
1428
1498
1614
1658
1563
1600
1596
1572
1615
1570
1568
1505
1537
1566
1492
1450
1464
1477
1477
1461
1420
1431
1419
1491
1583
1579
1576
1576
1556
1508
1591
1558
1558
1558
1473
1547
1540
1551
1551
1576
1478
1481
1556
1635
1673
1652
1652
1642
1659
1659
1615
1627
1615
1574
1584
1604
1598
1490
1511
1553
1532
1587
1579
1520
1520
1508
1508
1508
1595
1593
1551
1593
1593
1562
1526
1614
1614
1614
1614
1614
1572
1582
1614
1572
1600
1600
1606
1655
1708
1662
1630
1576
1576
1491
1480
1514
1403
1404
1377
1377
1377
1377
1383
1383
1483
1517
1525
1528
1548
1548
1516
1479
1490
1518
1509
1529
1580
1556
1544
1543
1537
1544
1572
1557
1575
1575
1521
1528
1546
1495
1535
1535
1497
1475
1497
1497
1497
1505
1505
1464
1463
1463
1463
1456
1469
1492
1492
1483
1511
1526
1548
1593
1535
1517
1512
1512
1473
1473
1572
1537
1529
1517
1472
1518
1518
1508
1533
1508
1489
1468
1493
1521
1482
1480
1486
1488
1529
1534
1534
1471
1447
1483
1483
1490
1497
1490
1490
1469
1488
1490
1554
1558
1608
1562
1549
1549
1549
1549
1528
1528
1528
1537
1522
1499
1573
1577
1562
1559
1559
1541
1510
1510
1459
1459
1459
1491
1491
1595
1497
1540
1579
1547
1547
1547
1601
1525
1525
1535
1541
1565
1598
1563
1591
1591
1571
1559
1501
1494
1468
1403
1403
1430
1430
1444
1418
1418
1494
1516
1518
1518
1463
1435
1423
1480
1480
1480
1485
1481
1485
1494
1486
1486
1486
1498
1498
1532
1532
1511
1468
1463
1426
1457
1498
1493
1418
1450
1470
1474
1503
1506
1489
1462
1509
1483
1413
1405
1379
1362
1362
1362
1362
1480
1480
1480
1494
1467
1495
1515
1482
1526
1533
1527
1593
1575
1564
1564
1530
1530
1513
1526
1527
1549
1605
1576
1583
1554
1554
1467
1519
1502
1546
1512
1512
1497
1551
1551
1519
1519
1519
1519
1534
1549
1549
1550
1549
1572
1613
1613
1563
1563
1533
1490
1490
1490
1460
1465
1465
1517
1504
1504
1504
1461
1441
1380
1380
1393
1447
1447
1447
1453
1453
1502
1513
1458
1438
1448
1456
1425
1507
1491
1518
1518
1503
1525
1540
1540
1572
1572
1584
1534
1534
1592
1591
1554
1564
1549
1563
1528
1515
1549
1546
1541
1592
1592
1500
1497
1473
1490
1464
1467
1521
1496
1496
1496
1430
1426
1412
1454
1465
1465
1465
1424
1456
1417
1407
1393
1454
1389
1389
1414
1414
1447
1476
1517
1497
1535
1550
1512
1413
1394
1380
1389
1389
1372
1392
1390
1379
1379
1431
1406
1406
1414
1466
1485
1491
1491
1491
1478
1528
1512
1552
1589
1568
1568
1642
1568
1566
1599
1620
1553
1553
1554
1503
1519
1519
1509
1589
1587
1512
1493
1519
1499
1506
1569
1571
1587
1608
1563
1550
1550
1553
1567
1567
1561
1545
1548
1522
1522
1522
1526
1528
1534
1537
1517
1517
1517
1513
1513
1500
1500
1476
1476
1464
1464
1511
1466
1475
1470
1516
1548
1544
1544
1568
1573
1550
1563
1589
1520
1520
1527
1527
1598
1595
1606
1576
1521
1551
1560
1592
1592
1571
1533
1514
1548
1561
1518
1503
1521
1541
1547
1633
1639
1668
1668
1668
1699
1690
1690
1661
1599
1596
1549
1623
1614
1543
1540
1540
1541
1545
1545
1545
1608
1557
1557
1525
1531
1538
1559
1569
1616
1600
1559
1559
1529
1529
1504
1453
1453
1453
1431
1448
1520
1512
1621
1621
1605
1581
1556
1517
1517
1488
1538
1560
1560
1560
1500
1500
1500
1533
1512
1549
1552
1584
1583
1575
1550
1559
1534
1542
1461
1461
1450
1487
1545
1503
1471
1525
1525
1518
1518
1559
1568
1563
1585
1555
1559
1547
1466
1487
1442
1540
1541
1463
1479
1509
1505
1505
1535
1561
1550
1551
1555
1513
1493
1535
1541
1519
1442
1442
1462
1462
1494
1535
1554
1484
1484
1523
1509
1506
1480
1480
1480
1463
1454
1454
1420
1445
1447
1420
1406
1468
1501
1433
1406
1406
1406
1379
1459
1468
1416
1521
1521
1521
1512
1548
1626
1614
1598
1598
1565
1588
1576
1480
1481
1410
1481
1467
1467
1460
1460
1421
1385
1392
1397
1390
1499
1535
1535
1531
1505
1505
1505
1510
1565
1564
1572
1591
1591
1561
1569
1569
1569
1533
1533
1531
1540
1533
1504
1506
1480
1480
1480
1480
1480
1480
1469
1475
1460
1460
1454
1454
1454
1454
1433
1433
1433
1452
1452
1446
1392
1408
1408
1392
1405
1435
1392
1392
1392
1446
1422
1427
1487
1478
1478
1505
1505
1505
1475
1503
1481
1561
1571
1582
1566
1623
1623
1641
1641
1563
1500
1500
1500
1500
1462
1462
1449
1437
1437
1422
1435
1454
1485
1490
1535
1535
1535
1535
1530
1485
1485
1485
1485
1517
1517
1546
1583
1587
1610
1586
1586
1557
1506
1527
1527
1538
1510
1506
1477
1465
1463
1368
1385
1464
1411
1391
1404
1436
1436
1436
1425
1394
1453
1462
1451
1407
1404
1348
1317
1305
1319
1333
1440
1440
1477
1499
1502
1543
1513
1650
1622
1622
1538
1499
1451
1451
1463
1463
1463
1483
1483
1507
1502
1552
1552
1511
1478
1469
1469
1469
1448
1469
1469
1525
1525
1525
1525
1525
1507
1503
1503
1519
1497
1441
1441
1441
1459
1459
1459
1459
1526
1527
1527
1498
1537
1484
1491
1491
1486
1498
1498
1498
1582
1557
1557
1481
1487
1481
1568
1556
1556
1556
1604
1631
1597
1597
1576
1576
1576
1556
1551
1550
1550
1536
1650
1640
1648
1657
1624
1602
1568
1580
1633
1577
1577
1584
1576
1604
1567
1575
1575
1574
1612
1582
1630
1584
1610
1672
1705
1662
1653
1637
1637
1630
1630
1564
1564
1536
1546
1536
1540
1530
1634
1629
1639
1542
1484
1484
1484
1461
1461
1466
1430
1414
1456
1405
1438
1444
1412
1412
1446
1446
1438
1438
1448
1448
1421
1411
1404
1416
1435
1420
1397
1397
1434
1434
1397
1397
1398
1398
1409
1409
1409
1432
1432
1432
1421
1427
1415
1415
1415
1472
1498
1482
1505
1495
1505
1505
1505
1501
1501
1494
1493
1485
1468
1480
1473
1491
1491
1491
1539
1579
1507
1501
1524
1524
1525
1522
1517
1517
1517
1479
1457
1473
1457
1457
1457
1437
1437
1455
1455
1534
1538
1480
1528
1521
1467
1463
1472
1487
1494
1494
1494
1469
1469
1524
1599
1582
1560
1553
1528
1560
1581
1602
1510
1504
1545
1545
1518
1561
1561
1503
1502
1443
1443
1443
1496
1496
1503
1533
1533
1533
1533
1519
1525
1487
1496
1558
1558
1558
1536
1536
1488
1488
1509
1488
1514
1558
1558
1558
1599
1615
1586
1605
1567
1467
1461
1463
1444
1460
1509
1555
1563
1540
1543
1597
1671
1671
1651
1597
1597
1534
1534
1534
1526
1531
1547
1547
1511
1502
1480
1480
1480
1492
1473
1473
1518
1470
1493
1535
1581
1606
1606
1537
1537
1462
1534
1543
1543
1512
1515
1505
1594
1606
1528
1528
1489
1479
1534
1559
1576
1610
1590
1539
1559
1628
1649
1537
1540
1557
1537
1564
1564
1564
1564
1635
1635
1639
1610
1591
1591
1564
1547
1547
1552
1577
1567
1510
1535
1522
1523
1509
1509
1511
1530
1526
1567
1560
1526
1526
1529
1498
1458
1458
1458
1458
1462
1462
1475
1475
1466
1447
1452
1530
1533
1559
1477
1486
1486
1486
1514
1511
1547
1503
1503
1523
1455
1453
1389
1389
1389
1366
1404
1404
1366
1396
1469
1521
1485
1532
1529
1506
1506
1506
1496
1496
1492
1492
1519
1464
1464
1464
1384
1438
1449
1557
1549
1441
1486
1462
1481
1527
1472
1472
1472
1456
1516
1499
1499
1499
1498
1517
1494
1505
1516
1475
1475
1581
1581
1508
1508
1539
1539
1584
1572
1572
1585
1599
1586
1581
1591
1671
1671
1688
1688
1688
1695
1695
1593
1525
1525
1423
1469
1469
1469
1469
1453
1415
1445
1445
1445
1445
1445
1445
1445
1445
1472
1472
1457
1453
1429
1472
1433
1484
1482
1482
1472
1460
1479
1514
1514
1569
1586
1551
1574
1548
1489
1489
1489
1437
1437
1435
1435
1435
1435
1435
1443
1460
1525
1549
1536
1542
1542
1550
1546
1557
1549
1485
1515
1499
1457
1480
1539
1471
1484
1484
1447
1471
1471
1425
1419
1419
1456
1472
1426
1402
1402
1402
1402
1402
1406
1422
1422
1422
1402
1402
1402
1402
1429
1411
1412
1412
1485
1485
1497
1475
1464
1501
1450
1456
1462
1459
1493
1494
1494
1405
1397
1397
1401
1401
1401
1392
1392
1392
1360
1383
1383
1417
1417
1412
1462
1462
1462
1462
1462
1462
1462
1463
1466
1483
1483
1475
1475
1475
1491
1493
1493
1493
1472
1472
1472
1517
1488
1486
1524
1462
1461
1426
1403
1407
1399
1422
1519
1502
1505
1472
1476
1476
1434
1434
1434
1434
1476
1473
1473
1499
1490
1490
1480
1480
1483
1462
1462
1437
1387
1388
1486
1519
1487
1487
1494
1487
1487
1487
1528
1487
1495
1523
1523
1538
1565
1569
1569
1634
1579
1558
1493
1452
1450
1497
1505
1503
1492
1449
1437
1445
1460
1460
1470
1470
1506
1503
1509
1553
1524
1513
1511
1511
1511
1465
1465
1503
1492
1436
1448
1452
1489
1481
1470
1489
1489
1529
1529
1536
1536
1444
1444
1444
1491
1515
1496
1459
1459
1476
1476
1462
1467
1497
1497
1459
1442
1433
1434
1444
1418
1400
1503
1503
1486
1496
1486
1434
1434
1434
1434
1434
1434
1434
1436
1434
1452
1442
1452
1434
1434
1434
1434
1434
1434
1475
1475
1500
1468
1468
1468
1547
1518
1552
1552
1550
1497
1473
1488
1488
1489
1489
1500
1561
1551
1557
1574
1544
1546
1433
1507
1507
1461
1593
1506
1519
1519
1510
1510
1521
1521
1508
1497
1530
1569
1569
1536
1532
1532
1532
1537
1485
1490
1503
1520
1557
1542
1542
1543
1549
1543
1482
1489
1514
1552
1558
1482
1482
1561
1513
1513
1548
1546
1546
1574
1520
1525
1498
1510
1565
1565
1481
1508
1508
1506
1504
1525
1523
1524
1510
1469
1480
1492
1508
1587
1562
1512
1512
1512
1555
1572
1593
1593
1576
1498
1485
1464
1416
1434
1471
1424
1434
1434
1510
1461
1482
1482
1500
1501
1501
1497
1506
1506
1506
1535
1535
1535
1418
1418
1418
1418
1392
1392
1422
1415
1503
1492
1492
1492
1492
1510
1560
1568
1568
1568
1533
1533
1533
1533
1541
1494
1466
1534
1582
1503
1502
1467
1467
1467
1459
1503
1503
1503
1449
1443
1443
1464
1466
1488
1512
1512
1518
1459
1443
1471
1468
1468
1468
1468
1451
1451
1510
1524
1524
1527
1462
1479
1476
1459
1463
1466
1456
1486
1486
1501
1541
1553
1454
1467
1468
1468
1510
1496
1511
1528
1528
1528
1528
1513
1513
1536
1554
1617
1617
1597
1566
1566
1566
1566
1541
1497
1527
1558
1524
1518
1518
1466
1465
1470
1450
1500
1471
1485
1465
1515
1516
1516
1516
1516
1516
1557
1557
1557
1486
1378
1378
1378
1378
1378
1404
1424
1452
1423
1406
1370
1370
1454
1434
1436
1436
1436
1413
1466
1463
1463
1463
1466
1465
1465
1465
1433
1420
1417
1487
1562
1562
1562
1562
1562
1562
1562
1540
1540
1540
1549
1549
1504
1534
1559
1587
1624
1624
1660
1660
1660
1627
1550
1550
1550
1550
1521
1521
1521
1524
1601
1525
1514
1568
1527
1527
1530
1527
1500
1544
1544
1547
1512
1493
1539
1539
1539
1539
1504
1490
1477
1504
1473
1483
1483
1426
1421
1443
1455
1461
1449
1449
1490
1513
1458
1472
1452
1449
1440
1479
1479
1479
1447
1433
1433
1440
1452
1452
1452
1481
1432
1454
1454
1453
1453
1522
1526
1526
1424
1448
1449
1446
1420
1420
1420
1420
1420
1401
1420
1420
1465
1479
1422
1459
1498
1498
1498
1464
1423
1459
1462
1458
1441
1444
1486
1461
1416
1451
1443
1443
1443
1443
1535
1493
1460
1459
1479
1471
1484
1484
1473
1473
1473
1473
1476
1476
1499
1566
1593
1480
1460
1447
1494
1425
1426
1449
1449
1470
1470
1471
1478
1478
1512
1513
1467
1467
1450
1498
1526
1476
1482
1493
1496
1554
1581
1581
1547
1547
1520
1520
1520
1520
1492
1488
1492
1502
1507
1497
1529
1489
1435
1435
1433
1389
1401
1404
1409
1395
1395
1395
1424
1428
1428
1503
1508
1508
1523
1528
1594
1616
1556
1522
1532
1527
1458
1449
1479
1535
1504
1533
1533
1533
1536
1601
1643
1657
1657
1622
1621
1621
1590
1590
1601
1579
1555
1604
1606
1542
1480
1418
1468
1468
1490
1502
1401
1401
1415
1424
1463
1484
1484
1450
1450
1453
1453
1453
1499
1499
1453
1453
1453
1453
1515
1547
1544
1560
1545
1619
1610
1645
1581
1628
1628
1598
1598
1598
1534
1582
1569
1559
1552
1505
1498
1498
1505
1587
1577
1513
1533
1523
1496
1524
1579
1565
1513
1528
1501
1488
1504
1509
1575
1575
1553
1553
1493
1493
1481
1518
1566
1616
1638
1695
1625
1508
1508
1586
1586
1542
1542
1535
1520
1513
1504
1504
1504
1514
1500
1469
1525
1538
1576
1549
1566
1557
1492
1492
1483
1515
1515
1537
1521
1504
1495
1486
1486
1509
1509
1509
1524
1506
1483
1483
1550
1568
1582
1582
1582
1620
1658
1616
1612
1519
1521
1521
1600
1597
1571
1595
1595
1553
1553
1514
1502
1502
1502
1460
1460
1460
1460
1460
1492
1540
1492
1492
1492
1482
1470
1469
1477
1477
1447
1442
1437
1437
1437
1428
1428
1475
1377
1377
1397
1409
1401
1424
1380
1523
1473
1473
1415
1392
1377
1377
1377
1401
1421
1417
1417
1452
1456
1456
1417
1413
1485
1485
1448
1448
1448
1473
1493
1493
1472
1478
1529
1529
1509
1509
1509
1503
1488
1488
1488
1394
1464
1474
1469
1469
1466
1567
1505
1446
1459
1459
1459
1484
1484
1457
1458
1425
1425
1425
1434
1427
1384
1396
1397
1415
1407
1407
1397
1389
1402
1402
1420
1428
1487
1480
1525
1525
1525
1525
1474
1461
1461
1410
1410
1410
1410
1421
1385
1425
1418
1409
1409
1411
1412
1418
1460
1518
1512
1504
1462
1462
1462
1462
1462
1467
1447
1447
1476
1476
1516
1516
1521
1521
1485
1498
1545
1518
1468
1458
1378
1406
1461
1461
1433
1414
1423
1470
1478
1478
1502
1427
1427
1392
1392
1411
1453
1471
1528
1540
1567
1602
1591
1591
1556
1569
1569
1569
1579
1556
1556
1589
1512
1512
1512
1512
1512
1484
1484
1509
1509
1456
1472
1439
1453
1431
1457
1442
1442
1442
1442
1465
1465
1465
1465
1438
1378
1391
1388
1404
1430
1394
1394
1400
1400
1400
1433
1433
1433
1437
1437
1479
1479
1467
1524
1592
1581
1618
1556
1493
1493
1493
1572
1581
1593
1593
1560
1560
1499
1523
1503
1503
1503
1461
1469
1454
1475
1498
1498
1498
1494
1517
1534
1534
1534
1530
1471
1471
1488
1488
1484
1502
1502
1445
1445
1438
1446
1446
1450
1470
1491
1491
1613
1556
1544
1453
1463
1447
1447
1447
1447
1447
1468
1468
1468
1468
1505
1509
1509
1526
1539
1515
1515
1512
1512
1512
1499
1499
1559
1559
1524
1508
1478
1478
1537
1477
1493
1464
1475
1474
1511
1511
1511
1518
1511
1483
1483
1483
1483
1486
1508
1506
1487
1470
1514
1514
1506
1506
1506
1514
1517
1520
1520
1497
1461
1461
1438
1422
1464
1512
1589
1543
1554
1534
1481
1478
1477
1477
1465
1450
1450
1450
1525
1520
1520
1532
1529
1532
1496
1496
1496
1450
1496
1496
1505
1505
1470
1424
1457
1427
1427
1494
1451
1455
1520
1548
1516
1508
1508
1508
1559
1567
1518
1533
1507
1538
1516
1497
1497
1516
1504
1524
1480
1474
1474
1477
1473
1504
1522
1522
1522
1477
1471
1451
1506
1455
1400
1486
1486
1431
1432
1477
1501
1501
1499
1487
1511
1511
1540
1540
1540
1574
1515
1490
1490
1485
1496
1494
1559
1560
1560
1560
1560
1516
1518
1490
1429
1429
1339
1339
1358
1364
1364
1364
1364
1364
1364
1439
1439
1439
1391
1401
1401
1398
1428
1428
1428
1370
1370
1416
1370
1374
1370
1370
1460
1455
1455
1455
1455
1455
1463
1459
1459
1421
1428
1428
1430
1430
1522
1546
1425
1436
1438
1438
1451
1504
1450
1488
1464
1464
1464
1464
1493
1476
1476
1500
1500
1508
1508
1533
1533
1530
1508
1619
1612
1638
1619
1619
1620
1629
1583
1662
1656
1576
1544
1515
1531
1531
1528
1528
1552
1495
1468
1495
1509
1444
1405
1398
1398
1480
1506
1468
1445
1445
1385
1385
1381
1364
1359
1384
1414
1399
1372
1372
1372
1372
1367
1367
1367
1367
1367
1367
1367
1367
1367
1383
1383
1383
1383
1383
1383
1395
1395
1394
1399
1394
1396
1482
1482
1482
1515
1490
1477
1477
1445
1410
1410
1446
1467
1488
1521
1474
1388
1388
1388
1377
1424
1424
1424
1444
1407
1407
1420
1420
1420
1420
1464
1464
1484
1484
1488
1488
1488
1480
1448
1448
1455
1455
1429
1429
1431
1424
1424
1424
1418
1418
1425
1425
1425
1425
1437
1459
1440
1440
1440
1442
1442
1437
1437
1440
1474
1474
1471
1553
1597
1597
1599
1603
1603
1603
1603
1603
1577
1540
1531
1531
1526
1526
1566
1566
1553
1553
1555
1582
1607
1553
1569
1552
1505
1505
1418
1435
1445
1445
1445
1445
1438
1438
1438
1438
1453
1453
1453
1466
1466
1453
1453
1523
1518
1507
1507
1466
1521
1542
1570
1570
1524
1491
1524
1532
1532
1561
1526
1563
1571
1567
1531
1501
1501
1519
1519
1519
1519
1519
1528
1536
1517
1527
1489
1489
1531
1531
1531
1531
1526
1544
1544
1505
1523
1486
1487
1498
1498
1460
1460
1480
1480
1514
1452
1462
1462
1507
1520
1535
1548
1548
1495
1495
1530
1530
1530
1510
1459
1447
1447
1447
1447
1435
1504
1477
1477
1421
1440
1424
1382
1382
1382
1382
1367
1371
1364
1413
1430
1430
1430
1430
1430
1398
1398
1430
1430
1433
1392
1366
1383
1379
1409
1409
1409
1409
1409
1409
1416
1465
1465
1515
1541
1547
1547
1547
1546
1527
1518
1508
1508
1444
1444
1442
1442
1442
1475
1483
1520
1524
1524
1534
1508
1508
1471
1479
1469
1456
1456
1456
1450
1455
1488
1513
1513
1513
1513
1513
1521
1496
1485
1491
1417
1480
1477
1435
1435
1457
1457
1478
1474
1474
1499
1499
1514
1514
1508
1508
1483
1521
1521
1510
1524
1435
1413
1393
1393
1402
1402
1475
1475
1475
1498
1455
1537
1522
1530
1517
1529
1517
1551
1550
1481
1429
1429
1422
1449
1415
1415
1415
1443
1446
1399
1428
1427
1428
1428
1426
1409
1409
1429
1429
1429
1398
1398
1398
1471
1471
1495
1470
1470
1501
1456
1458
1458
1439
1439
1415
1440
1395
1420
1420
1420
1420
1403
1403
1410
1410
1418
1418
1415
1437
1437
1437
1437
1411
1404
1419
1419
1419
1419
1419
1419
1419
1394
1448
1448
1420
1420
1416
1416
1451
1457
1469
1451
1493
1454
1469
1469
1469
1469
1469
1469
1469
1469
1493
1493
1544
1528
1543
1543
1536
1536
1536
1534
1534
1472
1472
1472
1472
1520
1520
1523
1405
1405
1405
1405
1405
1405
1405
1405
1521
1539
1499
1499
1499
1499
1499
1499
1524
1520
1470
1470
1517
1517
1549
1549
1539
1546
1577
1515
1515
1527
1532
1525
1525
1525
1553
1553
1553
1553
1530
1536
1530
1540
1540
1540
1527
1527
1527
1527
1496
1505
1444
1436
1436
1436
1449
1449
1418
1444
1444
1403
1403
1403
1375
1375
1375
1405
1405
1405
1399
1399
1375
1410
1410
1439
1423
1456
1510
1478
1455
1453
1446
1446
1426
1455
1519
1554
1554
1554
1558
1558
1541
1510
1480
1480
1480
1444
1444
1444
1399
1397
1397
1396
1399
1399
1399
1399
1399
1446
1446
1437
1437
1437
1437
1437
1437
1437
1437
1437
1437
1437
1437
1455
1477
1477
1490
1487
1416
1416
1413
1387
1387
1428
1436
1436
1436
1436
1466
1466
1455
1487
1487
1487
1442
1442
1445
1543
1543
1472
1472
1507
1507
1500
1545
1519
1554
1568
1558
1524
1524
1473
1428
1415
1430
1452
1452
1517
1508
1508
1431
1446
1460
1463
1481
1481
1481
1481
1481
1409
1409
1409
1467
1426
1454
1454
1454
1454
1454
1423
1423
1423
1436
1436
1465
1426
1426
1452
1452
1426
1459
1459
1459
1443
1443
1432
1414
1346
1346
1397
1397
1397
1399
1397
1397
1397
1397
1397
1397
1444
1444
1444
1458
1453
1438
1438
1438
1442
1403
1408
1408
1408
1408
1408
1419
1415
1420
1440
1436
1467
1467
1467
1467
1494
1494
1494
1494
1478
1478
1494
1481
1476
1476
1476
1476
1476
1476
1470
1470
1457
1459
1482
1482
1456
1456
1456
1412
1396
1392
1391
1391
1391
1386
1386
1377
1392
1391
1462
1426
1448
1382
1382
1382
1431
1431
1431
1431
1459
1459
1459
1475
1475
1475
1446
1375
1405
1414
1414
1414
1414
1434
1480
1476
1476
1489
1457
1428
1432
1428
1428
1428
1453
1497
1493
1493
1414
1447
1447
1447
1443
1510
1491
1542
1533
1512
1472
1487
1522
1465
1482
1482
1542
1542
1542
1542
1427
1427
1436
1436
1418
1418
1411
1370
1416
1437
1430
1430
1493
1464
1464
1471
1452
1452
1395
1385
1385
1385
1391
1379
1400
1379
1379
1388
1388
1388
1388
1385
1385
1385
1385
1409
1409
1396
1396
1396
1396
1406
1408
1408
1408
1405
1405
1381
1381
1381
1420
1420
1420
1430
1428
1428
1428
1425
1425
1472
1455
1455
1455
1455
1463
1434
1402
1402
1414
1438
1438
1392
1392
1404
1419
1431
1431
1431
1443
1443
1443
1435
1413
1413
1432
1434
1434
1414
1414
1406
1406
1406
1430
1406
1424
1416
1413
1413
1413
1413
1465
1437
1428
1428
1425
1415
1471
1431
1431
1431
1499
1453
1453
1467
1463
1471
1429
1426
1466
1386
1386
1409
1409
1405
1405
1405
1399
1399
1405
1405
1405
1405
1401
1434
1422
1422
1422
1382
1393
1377
1377
1377
1377
1377
1377
1386
1415
1415
1435
1437
1456
1456
1497
1419
1419
1419
1389
1389
1389
1389
1389
1389
1389
1389
1389
1389
1389
1389
1389
1389
1389
1389
1389
1389
1389
1389
1389
1409
1409
1389
1389
1423
1447
1453
1453
1431
1454
1443
1438
1437
1438
1448
1448
1476
1476
1500
1487
1478
1478
1478
1449
1440
1440
1440
1440
1440
1449
1441
1515
1513
1499
1519
1497
1497
1477
1451
1451
1451
1451
1450
1425
1492
1473
1473
1487
1487
1487
1470
1470
1462
1462
1462
1457
1458
1458
1457
1457
1457
1457
1457
1457
1457
1457
1457
1457
1457
1457
1457
1395
1395
1395
1395
1395
1395
1412
1412
1421
1421
1421
1421
1421
1417
1417
1360
1360
1377
1370
1377
1386
1386
1386
1386
1355
1341
1341
1448
1448
1448
1448
1448
1495
1503
1516
1498
1497
1488
1481
1492
1445
1410
1410
1410
1410
1410
1423
1410
1410
1410
1410
1421
1421
1421
1421
1421
1421
1421
1421
1421
1421
1421
1421
1421
1421
1421
1421
1421
1421
1425
1442
1442
1425
1435
1388
1401
1401
1401
1411
1411
1411
1410
1410
1410
1405
1365
1365
1365
1365
1371
1445
1421
1414
1414
1414
1414
1414
1387
1387
1411
1411
1411
1386
1386
1386
1386
1379
1379
1379
1379
1379
1377
1377
1377
1377
1377
1377
1377
1389
1411
1411
1411
1411
1411
1445
1445
1489
1503
1447
1447
1458
1408
1407
1407
1407
1455
1429
1429
1429
1429
1429
1429
1429
1440
1512
1512
1481
1432
1437
1437
1437
1417
1417
1417
1417
1417
1417
1417
1417
1417
1431
1431
1413
1413
1401
1401
1413
1413
1413
1413
1413
1413
1413
1429
1429
1459
1459
1424
1424
1424
1424
1424
1424
1424
1412
1412
1412
1437
1410
1410
1410
1421
1451
1442
1442
1476
1482
1490
1490
1490
1467
1467
1482
1530
1530
1494
1494
1494
1501
1501
1498
1498
1532
1579
1514
1479
1404
1404
1404
1359
1395
1417
1417
1417
1417
1483
1489
1518
1552
1548
1507
1507
1507
1507
1507
1516
1516
1489
1489
1455
1445
1536
1520
1520
1520
1500
1575
1576
1576
1565
1594
1549
1512
1460
1460
1431
1417
1417
1427
1377
1377
1377
1377
1377
1377
1411
1443
1411
1425
1414
1424
1425
1424
1408
1481
1463
1463
1463
1474
1424
1424
1424
1424
1424
1424
1424
1462
1434
1458
1456
1462
1462
1462
1455
1407
1407
1407
1407
1407
1407
1407
1407
1407
1414
1414
1407
1407
1418
1418
1423
1423
1423
1397
1397
1399
1471
1471
1471
1471
1471
1420
1420
1420
1420
1420
1417
1417
1417
1417
1406
1406
1406
1406
1451
1451
1451
1451
1454
1454
1451
1451
1451
1473
1455
1452
1400
1400
1400
1417
1417
1417
1424
1424
1428
1428
1466
1465
1465
1465
1389
1389
1401
1401
1389
1393
1393
1393
1444
1454
1454
1435
1435
1435
1435
1420
1417
1417
1427
1427
1427
1427
1427
1427
1427
1480
1441
1441
1441
1458
1443
1443
1443
1443
1435
1436
1425
1440
1440
1468
1467
1440
1440
1471
1471
1465
1465
1471
1443
1449
1449
1461
1471
1471
1471
1441
1441
1441
1467
1462
1462
1462
1480
1474
1431
1431
1426
1389
1389
1383
1383
1409
1402
1402
1392
1407
1407
1407
1432
1455
1447
1447
1431
1431
1431
1464
1464
1462
1506
1506
1505
1511
1528
1528
1509
1502
1530
1514
1500
1500
1500
1507
1500
1479
1475
1475
1475
1463
1461
1533
1533
1526
1546
1550
1548
1522
1548
1492
1483
1508
1508
1508
1508
1490
1490
1461
1461
1461
1461
1461
1461
1412
1412
1412
1412
1412
1431
1411
1383
1391
1391
1400
1400
1400
1400
1385
1385
1385
1385
1399
1383
1383
1383
1393
1393
1402
1402
1402
1402
1402
1380
1380
1386
1386
1386
1386
1409
1409
1480
1475
1475
1499
1499
1499
1523
1523
1513
1513
1457
1457
1457
1457
1457
1467
1457
1457
1457
1463
1518
1518
1518
1466
1467
1449
1477
1477
1477
1460
1460
1460
1460
1460
1460
1460
1460
1460
1460
1528
1468
1468
1386
1379
1379
1377
1377
1377
1377
1377
1403
1410
1410
1410
1410
1377
1377
1377
1377
1377
1377
1377
1377
1377
1377
1377
1377
1377
1377
1390
1377
1377
1377
1377
1377
1377
1377
1377
1377
1377
1377
1377
1377
1377
1377
1380
1403
1379
1377
1377
1377
1381
1377
1377
1407
1407
1407
1429
1447
1447
1447
1447
1452
1452
1452
1452
1398
1398
1398
1398
1398
1398
1398
1398
1398
1398
1377
1377
1377
1377
1382
1382
1377
1377
1377
1390
1390
1390
1407
1407
1434
1434
1426
1426
1445
1445
1423
1389
1389
1389
1389
1389
1389
1389
1389
1389
1389
1389
1389
1389
1389
1411
1389
1389
1389
1377
1377
1377
1377
1377
1377
1396
1339
1339
1339
1339
1339
1339
1339
1339
1348
1348
1348
1348
1386
1386
1386
1377
1377
1377
1377
1377
1377
1377
1416
1402
1402
1402
1400
1400
1400
1400
1400
1449
1442
1442
1442
1442
1442
1442
1442
1442
1423
1423
1423
1405
1410
1436
1436
1459
1459
1465
1465
1433
1449
1449
1475
1462
1462
1455
1462
1436
1436
1436
1445
1450
1441
1429
1435
1435
1435
1435
1435
1412
1412
1402
1402
1402
1431
1430
1403
1403
1403
1348
1348
1339
1343
1343
1354
1339
1339
1339
1339
1339
1339
1339
1339
1339
1345
1345
1345
1352
1352
1352
1352
1363
1363
1416
1416
1416
1419
1419
1419
1419
1419
1419
1434
1434
1430
1430
1430
1440
1413
1413
1413
1413
1413
1413
1413
1413
1413
1403
1403
1398
1387
1407
1407
1407
1424
1424
1430
1430
1419
1419
1398
1407
1432
1432
1437
1409
1409
1409
1409
1409
1411
1406
1406
1433
1406
1406
1380
1399
1399
1417
1417
1434
1371
1371
1371
1368
1368
1368
1368
1351
1351
1365
1351
1351
1351
1351
1351
1339
1339
1339
1339
1339
1362
1362
1362
1388
1388
1388
1388
1388
1388
1388
1388
1388
1388
1388
1388
1388
1396
1396
1391
1391
1388
1388
1359
1359
1359
1359
1407
1407
1407
1407
1407
1407
1407
1425
1407
1407
1407
1407
1407
1407
1419
1446
1441
1441
1441
1480
1480
1459
1459
1459
1462
1462
1462
1462
1462
1462
1462
1440
1426
1426
1426
1426
1431
1431
1431
1417
1417
1419
1449
1449
1436
1437
1437
1406
1406
1404
1392
1392
1392
1392
1392
1392
1392
1392
1392
1415
1415
1415
1403
1403
1403
1397
1398
1398
1401
1393
1391
1391
1381
1381
1381
1381
1381
1424
1424
1426
1426
1426
1426
1421
1377
1377
1377
1381
1381
1381
1381
1380
1380
1380
1380
1380
1380
1380
1397
1381
1381
1381
1381
1381
1381
1381
1381
1381
1349
1356
1356
1356
1356
1356
1399
1399
1399
1374
1374
1374
1374
1374
1374
1356
1356
1356
1356
1356
1356
1356
1356
1353
1353
1373
1373
1373
1373
1373
1373
1373
1377
1377
1377
1377
1377
1377
1377
1377
1377
1377
1386
1399
1399
1399
1399
1390
1384
1376
1376
1376
1369
1369
1369
1369
1369
1369
1372
1369
1369
1348
1348
1348
1348
1348
1355
1357
1389
1376
1376
1376
1376
1381
1361
1346
1388
1388
1388
1388
1388
1379
1379
1379
1379
1379
1373
1373
1371
1371
1371
1372
1366
1366
1366
1368
1368
1411
1450
1417
1417
1417
1412
1412
1416
1416
1416
1396
1396
1396
1396
1396
1417
1417
1420
1417
1355
1355
1355
1355
1355
1355
1355
1355
1349
1349
1349
1363
1346
1346
1347
1347
1347
1347
1347
1365
1383
1383
1367
1367
1352
1352
1352
1352
1352
1352
1357
1352
1352
1352
1352
1352
1352
1352
1352
1352
1352
1352
1352
1352
1352
1352
1352
1352
1352
1352
1352
1352
1352
1352
1352
1352
1352
1352
1353
1353
1353
1353
1353
1353
1353
1353
1353
1353
1353
1326
1326
1326
1326
1356
1356
1377
1377
1377
1369
1369
1369
1369
1355
1355
1355
1378
1378
1383
1383
1383
1362
1362
1368
1368
1368
1368
1368
1368
1368
1368
1368
1377
1380
1368
1368
1368
1368
1368
1368
1368
1379
1379
1379
1374
1374
1370
1375
1375
1366
1395
1400
1400
1408
1400
1400
1400
1400
1400
1400
1400
1426
1426
1426
1435
1435
1435
1436
1436
1430
1430
1447
1447
1447
1447
1430
1430
1430
1430
1430
1469
1469
1469
1430
1419
1419
1419
1419
1419
1419
1419
1444
1419
1419
1435
1435
1435
1435
1414
1414
1414
1414
1414
1414
1414
1414
1414
1451
1451
1433
1446
1446
1446
1446
1446
1433
1433
1418
1418
1418
1339
1339
1339
1339
1339
1339
1339
1363
1363
1380
1355
1355
1355
1355
1355
1355
1355
1339
1339
1339
1339
1339
1339
1339
1339
1339
1339
1339
1339
1339
1339
1339
1339
1365
1365
1365
1365
1365
1368
1368
1368
1356
1356
1356
1356
1356
1394
1394
1394
1394
1402
1402
1402
1403
1403
1403
1403
1403
1403
1403
1398
1398
1398
1398
1385
1385
1385
1398
1398
1406
1406
1406
1406
1425
1425
1425
1425
1406
1405
1405
1405
1415
1415
1415
1415
1405
1405
1405
1405
1405
1405
1374
1374
1374
1374
1374
1374
1368
1368
1368
1382
1382
1382
1382
1382
1382
1378
1378
1345
1345
1345
1345
1361
1365
1365
1344
1344
1363
1363
1368
1366
1366
1366
1366
1366
1365
1361
1361
1361
1361
1369
1369
1363
1363
1363
1363
1363
1363
1363
1350
1350
1350
1350
1350
1350
1350
1350
1354
1354
1354
1354
1354
1354
1354
1354
1354
1354
1354
1354
1354
1354
1354
1354
1354
1350
1350
1350
1350
1350
1350
1356
1356
1353
1353
1353
1353
1350
1350
1350
1350
1350
1350
1350
1350
1350
1350
1350
1366
1366
1366
1366
1366
1366
1366
1366
1366
1389
1389
1389
1389
1389
1378
1378
1378
1408
1408
1381
1381
1393
1393
1393
1393
1392
1400
1400
1377
1377
1377
1377
1377
1377
1377
1383
1383
1383
1383
1378
1388
1388
1376
1376
1376
1376
1376
1376
1376
1376
1401
1404
1404
1404
1404
1404
1404
1404
1404
1404
1404
1404
1404
1404
1404
1404
1402
1402
1412
1412
1396
1401
1401
1401
1403
1403
1403
1403
1403
1403
1403
1403
1403
1403
1403
1403
1380
1380
1380
1375
1375
1375
1375
1375
1381
1368
1368
1368
1368
1368
1368
1368
1368
1368
1368
1366
1366
1374
1374
1384
1371
1371
1371
1333
1351
1351
1346
1346
1355
1339
1339
1339
1339
1339
1339
1339
1339
1339
1339
1339
1339
1339
1339
1339
1339
1322
1324
1324
1324
1324
1324
1324
1324
1331
1322
1322
1322
1322
1322
1322
1322
1322
1322
1322
1322
1304
1304
1304
1304
1304
1304
1304
1304
1297
1297
1297
1297
1297
1297
1297
1297
1297
1297
1297
1297
1297
1297
1297
1297
1297
1297
1297
1297
1298
1298
1298
1297
1299
1337
1316
1316
1316
1316
1316
1316
1316
1316
1316
1316
1316
1316
1307
1307
1307
1307
1307
1306
1306
1306
1306
1306
1306
1306
1306
1306
1306
1306
1306
1306
1306
1306
1306
1306
1306
1306
1306
1306
1306
1306
1306
1306
1306
1306
1306
1306
1306
1306
1306
1306
1306
1306
1306
1306
1306
1306
1306
1306
1313
1313
1313
1313
1313
1313
1313
1313
1310
1306
1306
1306
1306
1306
1306
1306
1306
1306
1306
1306
1306
1306
1306
1306
1306
1306
1306
1306
1306
1306
1306
1331
1331
1331
1331
1324
1324
1324
1324
1324
1339
1333
1333
1333
1333
1337
1337
1340
1340
1340
1346
1346
1346
1346
1352
1354
1354
1333
1333
1343
1343
1343
1343
1343
1343
1343
1343
1327
1327
1327
1315
1315
1315
1297
1297
1297
1297
1297
1297
1297
1297
1297
1297
1297
1297
1297
1297
1297
1297
1297
1297
1297
1297
1297
1297
1297
1297
1297
1298
1297
1297
1297
1308
1309
1299
1299
1297
1297
1297
1297
1297
1297
1297
1297
1297
1297
1297
1297
1297
1297
1297
1297
1297
1297
1297
1297
1297
1297
1297
1297
1297
1297
1305
1305
1305
1305
1305
1305
1305
1305
1322
1313
1297
1297
1297
1297
1297
1297
1297
1297
1297
1297
1297
1297
1297
1297
1297
1297
1297
1297
1297
1306
1306
1306
1306
1321
1321
1321
1321
1321
1321
1299
1297
1297
1297
1297
1297
1297
1297
1297
1297
1297
1297
1311
1311
1311
1311
1310
1310
1310
1310
1310
1310
1310
1310
1310
1310
1310
1311
1311
1322
1322
1322
1322
1322
1322
1311
1311
1311
1309
1309
1309
1309
1309
1309
1309
1309
1309
1309
1309
1312
1312
1312
1312
1309
1309
1309
1309
1297
1297
1297
1297
1297
1297
1297
1297
1297
1297
1297
1297
1297
1304
1304
1304
1304
1304
1304
1304
1304
1304
1301
1301
1301
1301
1301
1301
1301
1301
1301
1301
1301
1301
1301
1301
1301
1301
1301
1308
1308
1308
1310
1310
1310
1310
1310
1310
1310
1315
1315
1315
1315
1315
1315
1315
1315
1315
1315
1315
1315
1315
1315
1315
1315
1315
1315
1315
1315
1315
1315
1315
1315
1315
1315
1315
1315
1315
1315
1315
1315
1315
1315
1315
1315
1315
1315
1315
1315
1315
1315
1315
1315
1315
1315
1315
1315
1315
1315
1315
1317
1317
1317
1317
1317
1317
1318
1318
1318
1318
1318
1318
1318
1315
1315
1315
1315
1315
1315
1315
1315
1315
1315
1315
1315
1315
1315
1316
1316
1316
1316
1316
1316
1330
1330
1330
1330
1316
1316
1316
1316
1322
1322
1322
1322
1322
1322
1322
1322
1322
1322
1322
1322
1322
1322
1313
1322
1322
1322
1322
1342
1321
1321
1321
1321
1321
1321
1321
1321
1321
1321
1321
1321
1321
1321
1321
1321
1321
1321
1321
1321
1321
1321
1321
1321
1321
1321
1321
1315
1315
1315
1315
1315
1313
1313
1313
1313
1313
1313
1313
1313
1313
1313
1313
1313
1313
1313
1315
1315
1323
1323
1317
1317
1317
1317
1317
1317
1312
1312
1312
1312
1312
1312
1312
1312
1312
1312
1312
1312
1312
1312
1312
1312
1312
1317
1317
1317
1317
1317
1317
1317
1317
1317
1314
1314
1314
1314
1314
1316
1316
1316
1316
1316
1316
1316
1316
1316
1316
1316
1316
1316
1316
1316
1316
1316
1316
1316
1316
1316
1305
1305
1305
1305
1305
1305
1305
1307
1297
1297
1297
1297
1297
1297
1297
1297
1297
1297
1297
1297
1297
1297
1298
1298
1297
1297
1297
1297
1297
1297
1297
1297
1297
1297
1297
1302
1302
1302
1302
1297
1297
1297
1297
1297
1297
1297
1297
1297
1297
1307
1307
1307
1307
1307
1307
1307
1307
1307
1307
1307
1307
1307
1307
1307
1307
1307
1307
1307
1322
1322
1322
1322
1322
1322
1322
1322
1322
1322
1322
1322
1324
1324
1335
1335
1335
1335
1324
1324
1324
1324
1324
1324
1324
1328
1328
1345
1345
1345
1345
1340
1340
1340
1340
1324
1324
1324
1324
1324
1324
1324
1324
1324
1324
1324
1324
1324
1324
1324
1333
1333
1333
1333
1333
1333
1333
1333
1324
1324
1324
1324
1324
1335
1335
1335
1335
1335
1335
1338
1338
1338
1324
1326
1326
1326
1326
1324
1324
1331
1331
1324
1324
1324
1324
1324
1324
1324
1324
1324
1324
1324
1329
1329
1329
1329
1328
1328
1328
1328
1328
1328
1337
1337
1337
1337
1337
1337
1337
1337
1326
1326
1326
1326
1326
1326
1326
1326
1324
1324
1324
1324
1324
1324
1324
1324
1324
1330
1330
1330
1330
1330
1330
1330
1330
1330
1330
1330
1330
1330
1330
1330
1330
1324
1324
1324
1325
1325
1325
1325
1325
1324
1324
1324
1324
1324
1324
1324
1324
1324
1324
1324
1324
1324
1324
1324
1324
1324
1324
1324
1324
1324
1324
1324
1324
1324
1324
1324
1324
1324
1324
1324
1324
1324
1324
1324
1325
1325
1325
1325
1325
1339
1339
1339
1339
1339
1324
1324
1324
1325
1325
1325
1325
1325
1325
1325
1325
1325
1325
1325
1325
1325
1325
1325
1325
1325
1325
1325
1325
1325
1325
1325
1325
1325
1325
1325
1325
1325
1325
1325
1325
1325
1325
1325
1325
1325
1325
1325
1325
1325
1325
1325
1325
1325
1325
1325
1325
1325
1325
1325
1325
1327
1327
1327
1324
1331
1331
1331
1331
1331
1331
1331
1331
1331
1322
1322
1322
1322
1322
1322
1322
1322
1322
1322
1322
1322
1322
1322
1310
1310
1310
1310
1310
1310
1310
1310
1310
1310
1310
1310
1310
1310
1310
1310
1299
1299
1299
1299
1299
1299
1299
1299
1299
1299
1299
1299
1299
1299
1299
1299
1299
1299
1297
1297
1297
1297
1297
1297
1297
1297
1297
1297
1297
1297
1297
1297
1297
1297
1297
1297
1297
1297
1297
1297
1297
1308
1308
1308
1308
1308
1308
1308
1308
1297
1297
1297
1297
1297
1297
1297
1297
1297
1297
1297
1297
1297
1297
1297
1297
1297
1297
1297
1297
1297
1297
1297
1297
1297
1297
1297
1297
1297
1297
1297
1297
1297
1297
1297
1297
1297
1297
1297
1297
1297
1297
1297
1297
1297
1297
1297
1297
1297
1298
1298
1298
1298
1300
1297
1297
1297
1297
1297
1297
1297
1297
1297
1299
1299
1299
1297
1297
1297
1297
1297
1297
1297
1297
1297
1297
1297
1297
1297
1297
1297
1297
1297
1297
1297
1297
1297
1297
1297
1297
1297
1297
1297
1297
1297
1297
1297
1297
1297
1297
1297
1297
1297
1297
1297
1299
1299
1299
1299
1299
1299
1299
1299
1299
1299
1299
1299
1299
1299
1299
1299
1299
1299
1299
1297
1297
1297
1297
1297
1297
1297
1297
1297
1297
1297
1297
1297
1297
1297
1297
1297
1297
1297
1297
1299
1299
1299
1297
1297
1297
1297
1297
1297
1297
1297
1297
1297
1297
1297
1297
1297
1297
1297
1298
1298
1298
1298
1298
1298
1298
1298
1298
1298
1298
1297
1297
1297
1297
1297
1297
1297
1297
1297
1297
1297
1297
1297
1297
1297
1297
1297
1297
1297
1297
1297
1297
1297
1297
1297
1297
1297
1297
1297
1297
1297
1297
1297
1297
1297
1297
1297
1297
1297
1297
1297
1297
1297
1297
1297
1297
1297
1297
1297
1297
1297
1297
1297
1297
1297
1297
1297
1297
1297
1297
1297
1297
1297
1297
1297
1297
1297
1297
1297
1297
1297
1297
1297
1297
1297
1297
1297
1297
1297
1297
1297
1297
1297
1297
1297
1297
1297
1297
1297
1297
1297
1297
1297
1297
1297
1297
1297
1297
1297
1297
1297
1297
1297
1297
1297
1297
1297
1297
1297
1297
1297
1297
1297
1297
1297
1297
1297
1297
1297
1297
1297
1297
1297
1297
1297
1297
1297
1297
1297
1297
1297
1297
1297
1297
1297
1297
1297
1297
1297
1297
1297
1297
1297
1297
1297
1297
1297
1297
1297
1297
1297
1297
1297
1297
1297
1297
1297
1297
1297
1297
1297
1297
1297
1297
1297
1297
1297
1297
1297
1297
1297
1297
1297
1297
1297
1297
1297
1297
1297
1297
1297
1297
1297
1297
1297
1297
1297
1297
1297
1297
1297
1297
1297
1297
1297
1297
1297
1297
1297
1297
1297
1297
1297
1297
1297
1297
1297
1297
1297
1297
1297
1297
1297
1297
1297
1297
1297
1297
1297
1297
1297
1297
1306
1306
1306
1306
1306
1306
1306
1306
1306
1306
1306
1306
1313
1313
1313
1313
1313
1313
1313
1313
1317
1306
1306
1306
1304
1304
1304
1304
1304
1304
1304
1304
1304
1304
1304
1304
1304
1297
1297
1297
1297
1297
1297
1297
1297
1297
1297
1297
1297
1297
1297
1297
1297
1297
1297
1297
1297
1297
1297
1297
1297
1297
1297
1297
1297
1297
1297
1297
1297
1297
1297
1297
1297
1297
1297
1297
1297
1297
1297
1297
1297
1297
1297
1297
1297
1297
1297
1297
1297
1297
1297
1297
1297
1297
1297
1297
1297
1297
1297
1297
1297
1297
1297
1297
1297
1297
1297
1297
1297
1297
1297
1297
1297
1297
1297
1297
1297
1297
1297
1297
1297
1297
1297
1297
1297
1297
1297
1297
1297
1297
1297
1297
1297
1297
1297
1297
1297
1297
1297
1297
1297
1297
1297
1297
1297
1297
1297
1297
1297
1297
1297
1297
1297
1297
1297
1297
1297
1297
1297
1297
1297
1297
1297
1297
1297
1297
1297
1297
1297
1297
1297
1297
1297
1297
1297
1297
1297
1297
1297
1297
1297
1297
1297
1297
1297
1297
1297
1297
1297
1297
1297
1297
1297
1297
1297
1297
1297
1297
1297
1297
1297
1297
1297
1297
1297
1297
1297
1297
1297
1297
1297
1297
1297
1297
1297
1297
1297
1297
1297
1297
1297
1297
1297
1297
1297
1297
1297
1297
1297
1297
1297
1297
1297
1297
1297
1297
1297
1297
1297
1297
1297
1297
1297
1297
1297
1297
1297
1297
1297
1297
1297
1297
1297
1297
1297
1297
1297
1297
1297
1297
1297
1297
1297
1297
1297
1302
1302
1302
1302
1302
1302
1302
1302
1302
1302
1297
1297
1297
1297
1297
1297
1297
1297
1297
1297
1297
1297
1297
1297
1297
1297
1297
1297
1297
1297
1297
1297
1297
1297
1297
1297
1297
1297
1297
1297
1297
1297
1297
1297
1297
1297
1297
1297
1297
1297
1297
1297
1297
1297
1297
1297
1297
1297
1297
1297
1297
1297
1297
1297
1297
1297
1297
1297
1297
1297
1297
1297
1297
1297
1297
1297
1297
1297
1297
1297
1297
1297
1297
1297
1297
1297
1297
1298
1298
1298
1298
1297
1300
1300
1300
1300
1300
1300
1300
1300
1300
1300
1300
1300
1300
1300
1300
1300
1300
1300
1300
1298
1298
1298
1298
1298
1298
1298
1298
1298
1298
1298
1298
1297
1297
1297
1297
1297
1297
1297
1297
1297
1297
1297
1297
1297
1297
1297
1297
1297
1297
1297
1297
1297
1297
1297
1297
1297
1297
1297
1297
1297
1297
1297
1297
1297
1297
1297
1297
1297
1297
1297
1297
1297
1297
1297
1297
1297
1297
1297
1297
1297
1297
1297
1297
1297
1297
1297
1297
1297
1297
1297
1297
1297
1297
1297
1297
1297
1297
1297
1297
1297
1297
1297
1297
1297
1297
1297
1297
1297
1297
1297
1297
1297
1297
1297
1297
1297
1297
1297
1297
1297
1297
1297
1297
1297
1297
1297
1297
1297
1297
1297
1297
1297
1297
1297
1297
1297
1297
1297
1297
1297
1297
1297
1297
1297
1297
1297
1297
1297
1297
1297
1297
1297
1297
1297
1297
1297
1305
1305
1310
1310
1310
1310
1311
1311
1311
1311
1306
1306
1297
1297
1297
1297
1297
1297
1297
1297
1297
1297
1297
1297
1297
1297
1297
1297
1297
1297
1297
1297
1301
1301
1301
1301
1301
1301
1301
1301
1301
1301
1301
1301
1301
1301
1301
1301
1301
1301
1297
1297
1297
1297
1297
1297
1297
1297
1297
1297
1297
1297
1297
1297
1297
1297
1297
1297
1297
1297
1297
1297
1297
1297
1297
1297
1297
1297
1297
1297
1297
1297
1297
1297
1297
1297
1297
1297
1297
1297
1297
1297
1297
1297
1297
1297
1297
1297
1297
1297
1297
1297
1297
1297
1297
1297
1297
1297
1297
1297
1297
1297
1297
1297
1297
1297
1297
1297
1297
1297
1297
1297
1297
1297
1297
1297
1297
1297
1297
1297
1297
1297
1297
1297
1297
1297
1297
1297
1297
1297
1297
1297
1298
1298
1298
1298
1298
1297
1297
1297
1297
1297
1297
1297
1297
1297
1297
1297
1297
1297
1297
1297
1297
1297
1297
1297
1297
1297
1297
1297
1297
1297
1297
1297
1297
1297
1299
1299
1299
1299
1299
1299
1299
1299
1299
1299
1299
1299
1299
1299
1299
1299
1297
1297
1297
1297
1298
1298
1298
1298
1298
1298
1298
1298
1298
1298
1298
1298
1298
1298
1298
1298
1298
1298
1298
1298
1298
1298
1298
1298
1298
1298
1298
1298
1298
1298
1298
1298
1298
1298
1298
1298
1298
1298
1298
1298
1298
1298
1298
1298
1298
1298
1298
1298
1298
1298
1297
1297
1297
1297
1297
1297
1297
1297
1297
1297
1297
1297
1297
1297
1297
1297
1297
1297
1297
1297
1297
1297
1297
1297
1297
1297
1297
1297
1297
1297
1297
1297
1297
1297
1297
1297
1297
1297
1297
1297
1297
1297
1297
1297
1297
1297
1297
1298
1298
1298
1298
1298
1298
1298
1298
1298
1298
1298
1298
1298
1298
1298
1298
1298
1298
1298
1298
1298
1298
1298
1298
1298
1298
1298
1298
1298
1298
1298
1298
1298
1298
1298
1298
1298
1298
1298
1298
1298
1298
1298
1298
1298
1298
1298
1298
1297
1297
1297
1297
1297
1297
1297
1297
1297
1297
1297
1297
1297
1297
1297
1297
1297
1297
1297
1297
1297
1297
1297
1297
1297
1301
1301
1301
1301
1301
1301
1301
1301
1301
1301
1297
1297
1297
1297
1297
1297
1297
1297
1297
1297
1297
1297
1297
1297
1297
1297
1297
1297
1297
1297
1297
1297
1297
1297
1297
1297
1297
1297
1297
1297
1297
1297
1297
1297
1297
1297
1297
1297
1297
1297
1297
1297
1297
1297
1297
1297
1297
1297
1297
1297
1297
1297
1297
1297
1297
1297
1297
1297
1297
1297
1297
1297
1297
1297
1297
1297
1297
1297
1297
1297
1297
1297
1297
1297
1297
1297
1297
1297
1297
1297
1297
1297
1297
1297
1297
1297
1297
1297
1297
1297
1297
1297
1297
1297
1297
1297
1297
1297
1297
1297
1297
1297
1297
1297
1297
1297
1297
1297
1297
1297
1297
1297
1297
1297
1297
1297
1297
1297
1297
1297
1297
1297
1297
1297
1297
1297
1297
1297
1297
1297
1297
1297
1297
1297
1297
1297
1297
1297
1297
1297
1297
1298
1298
1298
1298
1298
1298
1298
1298
1298
1298
1298
1298
1298
1298
1298
1298
1298
1298
1298
1298
1298
1299
1299
1299
1299
1299
1299
1299
1299
1299
1297
1297
1297
1297
1297
1297
1297
1297
1297
1297
1297
1297
1297
1297
1297
1297
1297
1297
1297
1297
1297
1297
1297
1297
1297
1297
1297
1297
1297
1297
1297
1297
1297
1297
1297
1297
1297
1297
1297
1297
1297
1297
1297
1297
1297
1297
1297
1297
1297
1297
1297
1297
1297
1297
1297
1297
1297
1297
1297
1297
1297
1297
1297
1297
1297
1297
1297
1297
1297
1297
1297
1297
1297
1299
1297
1297
1297
1297
1297
1297
1297
1297
1297
1297
1297
1297
1297
1297
1297
1297
1297
1297
1297
1297
1297
1297
1297
1297
1297
1297
1297
1297
1297
1297
1297
1297
1297
1297
1297
1297
1297
1297
1297
1297
1297
1297
1297
1297
1297
1297
1297
1297
1297
1297
1297
1297
1297
1297
1297
1297
1297
1297
1297
1297
1297
1297
1297
1297
1297
1297
1297
1297
1297
1297
1297
1297
1297
1297
1297
1297
1297
1297
1297
1297
1297
1297
1300
1300
1297
1297
1297
1297
1297
1297
1297
1297
1297
1297
1297
1297
1297
1297
1298
1298
1298
1298
1298
1298
1298
1298
1298
1298
1298
1298
1298
1297
1297
1297
1297
1297
1297
1297
1297
1297
1297
1297
1297
1297
1297
1297
1297
1297
1297
1297
1297
1297
1297
1297
1297
1297
1297
1297
1297
1297
1297
1297
1297
1297
1297
1297
1297
1297
1297
1297
1297
1297
1297
1297
1297
1297
1297
1297
1297
1297
1297
1297
1297
1297
1297
1297
1297
1297
1297
1297
1297
1297
1297
1297
1297
1297
1297
1297
1297
1297
1297
1297
1297
1297
1297
1297
1297
1297
1297
1297
1297
1297
1297
1297
1297
1297
1297
1297
1297
1297
1297
1297
1297
1297
1297
1297
1297
1297
1297
1297
1297
1297
1297
1297
1297
1297
1297
1297
1297
1297
1297
1297
1297
1297
1297
1297
1297
1297
1297
1297
1297
1297
1297
1297
1297
1297
1297
1297
1297
1297
1297
1297
1297
1297
1297
1297
1297
1297
1297
1297
1297
1297
1297
1297
1297
1297
1297
1297
1297
1297
1297
1297
1297
1297
1297
1299
1299
1299
1299
1299
1299
1299
1299
1299
1299
1299
1297
1297
1297
1297
1297
1297
1297
1297
1297
1297
1298
1298
1298
1298
1298
1298
1298
1298
1298
1298
1298
1298
1298
1297
1297
1297
1297
1297
1297
1297
1297
1297
1297
1297
1297
1297
1297
1297
1297
1297
1297
1297
1297
1298
1298
1297
1297
1297
1297
1297
1297
1297
1297
1297
1297
1298
1298
1298
1297
1297
1297
1297
1297
1297
1297
1297
1297
1297
1297
1297
1297
1297
1297
1297
1297
1297
1297
1297
1297
1297
1297
1297
1297
1297
1297
1297
1297
1297
1297
1300
1297
1297
1297
1297
1297
1297
1302
1302
1302
1302
1302
1302
1302
1302
1302
1302
1302
1302
1302
1302
1302
1302
1302
1302
1302
1302
1302
1302
1302
1302
1297
1297
1297
1297
1297
1297
1297
1297
1297
1297
1297
1297
1297
1297
1297
1297
1297
1297
1297
1297
1297
1297
1297
1297
1297
1297
1297
1297
1297
1297
1297
1297
1297
1297
1297
1297
1297
1297
1297
1297
1297
1297
1297
1297
1297
1297
1297
1297
1297
1297
1297
1297
1297
1297
1297
1297
1297
1297
1297
1297
1297
1297
1297
1297
1297
1297
1297
1297
1297
1297
1297
1297
1297
1297
1297
1297
1297
1297
1299
1299
1299
1299
1299
1299
1299
1299
1299
1299
1299
1299
1299
1299
1299
1299
1299
1299
1299
1298
1298
1300
1300
1300
1300
1300
1300
1300
1300
1300
1300
1300
1300
1300
1300
1300
1300
1300
1300
1300
1300
1300
1300
1300
1300
1300
1300
1300
1300
1300
1300
1300
1300
1300
1300
1297
1297
1297
1297
1307
1307
1307
1307
1307
1307
1307
1307
1307
1307
1307
1307
1307
1307
1307
1307
1307
1307
1307
1307
1307
1307
1307
1307
1307
1307
1307
1307
1307
1307
1307
1307
1307
1307
1307
1307
1307
1307
1307
1307
1307
1307
1307
1307
1307
1307
1307
1307
1307
1307
1307
1307
1307
1307
1308
1308
1308
1308
1308
1308
1308
1308
1308
1308
1306
1306
1306
1306
1306
1306
1306
1306
1306
1306
1306
1306
1306
1306
1306
1306
1306
1306
1306
1306
1306
1306
1306
1306
1306
1306
1306
1306
1306
1306
1306
1306
1306
1306
1306
1306
1306
1306
1306
1306
1306
1306
1306
1306
1306
1306
1306
1306
1306
1306
1306
1306
1306
1306
1306
1306
1306
1301
1301
1301
1301
1301
1301
1301
1301
1301
1301
1301
1301
1301
1301
1301
1301
1301
1301
1301
1301
1301
1301
1301
1301
1301
1301
1301
1301
1301
1301
1301
1301
1301
1301
1301
1301
1301
1301
1301
1301
1301
1301
1301
1301
1301
1301
1301
1301
1297
1297
1297
1297
1297
1297
1297
1297
1297
1297
1297
1297
1297
1297
1297
1297
1297
1297
1297
1297
1297
1297
1297
1297
1297
1297
1297
1297
1301
1301
1301
1301
1301
1301
1301
1301
1301
1301
1301
1301
1301
1301
1301
1301
1301
1301
1301
1301
1301
1301
1301
1301
1301
1301
1301
1301
1301
1301
1301
1301
1301
1301
1301
1301
1301
1301
1301
1301
1301
1301
1301
1301
1301
1301
1301
1301
1301
1301
1301
1301
1301
1301
1301
1297
1297
1297
1297
1297
1297
1297
1297
1297
1297
1297
1297
1297
1297
1297
1297
1297
1297
1297
1297
1297
1297
1297
1297
1297
1297
1297
1297
1297
1297
1297
1299
1299
1299
1299
1299
1299
1299
1299
1299
1299
1299
1299
1299
1299
1299
1299
1299
1299
1299
1299
1299
1299
1299
1299
1297
