1524
1475
1450
1474
1448
1511
1511
1511
1509
1510
1476
1475
1520
1520
1564
1568
1582
1582
1537
1511
1530
1660
1723
1686
1660
1617
1546
1531
1477
1489
1489
1480
1475
1484
1507
1570
1570
1570
1536
1544
1544
1554
1554
1497
1497
1497
1478
1478
1497
1478
1478
1478
1480
1481
1472
1524
1542
1525
1533
1554
1515
1515
1506
1506
1471
1467
1476
1463
1466
1511
1499
1521
1487
1483
1487
1454
1464
1441
1482
1495
1494
1556
1557
1557
1558
1538
1549
1549
1549
1549
1487
1530
1503
1503
1522
1522
1522
1432
1454
1515
1454
1457
1498
1498
1509
1509
1504
1555
1555
1569
1555
1579
1555
1517
1546
1553
1551
1627
1590
1590
1501
1483
1483
1493
1496
1507
1507
1467
1454
1432
1494
1497
1491
1513
1617
1628
1582
1539
1510
1617
1639
1582
1566
1556
1659
1551
1549
1532
1475
1461
1499
1523
1523
1544
1525
1503
1505
1549
1553
1560
1618
1676
1653
1588
1581
1542
1477
1505
1522
1458
1482
1550
1550
1557
1572
1499
1499
1499
1505
1537
1535
1541
1492
1462
1462
1519
1548
1544
1535
1472
1472
1516
1541
1552
1524
1527
1551
1518
1467
1488
1543
1538
1584
1552
1507
1425
1456
1496
1474
1445
1403
1375
1375
1426
1397
1405
1445
1404
1404
1404
1416
1481
1502
1464
1464
1464
1482
1464
1464
1483
1483
1438
1438
1438
1438
1438
1439
1456
1461
1483
1426
1454
1435
1435
1440
1457
1485
1497
1532
1540
1603
1575
1494
1470
1470
1470
1482
1527
1519
1533
1512
1512
1517
1449
1449
1440
1445
1442
1453
1428
1417
1410
1418
1521
1418
1403
1440
1414
1440
1396
1396
1396
1396
1472
1466
1471
1459
1459
1457
1491
1460
1469
1469
1487
1538
1502
1506
1506
1449
1458
1485
1484
1472
1530
1541
1566
1524
1433
1447
1463
1491
1491
1491
1491
1527
1536
1491
1520
1486
1459
1498
1498
1497
1513
1556
1583
1583
1556
1513
1499
1488
1447
1447
1454
1474
1474
1557
1625
1640
1640
1640
1542
1537
1589
1600
1519
1592
1592
1592
1592
1592
1575
1572
1563
1563
1543
1526
1566
1538
1538
1566
1544
1490
1465
1465
1465
1461
1427
1449
1498
1500
1476
1484
1484
1458
1458
1458
1458
1458
1458
1468
1468
1390
1432
1481
1460
1522
1522
1496
1502
1468
1525
1549
1540
1510
1602
1576
1538
1510
1510
1488
1484
1510
1510
1510
1516
1523
1561
1561
1572
1572
1609
1598
1523
1539
1507
1507
1536
1502
1513
1543
1555
1527
1491
1483
1512
1487
1499
1504
1523
1557
1583
1571
1549
1549
1502
1522
1522
1522
1419
1419
1506
1478
1478
1478
1478
1474
1483
1483
1487
1480
1504
1455
1452
1429
1412
1395
1399
1397
1404
1492
1451
1423
1419
1385
1443
1449
1449
1420
1414
1414
1388
1418
1471
1471
1471
1526
1516
1497
1483
1481
1490
1490
1479
1509
1501
1501
1509
1509
1434
1434
1392
1405
1384
1404
1448
1448
1522
1571
1532
1538
1533
1543
1493
1511
1511
1564
1564
1564
1563
1566
1523
1611
1611
1657
1657
1632
1632
1622
1622
1546
1546
1512
1410
1422
1416
1434
1449
1462
1449
1434
1434
1439
1429
1438
1438
1452
1480
1448
1467
1484
1465
1545
1539
1519
1522
1532
1437
1455
1455
1434
1434
1528
1527
1502
1502
1530
1519
1569
1548
1528
1560
1560
1550
1550
1561
1563
1582
1556
1571
1497
1497
1584
1565
1572
1562
1562
1562
1572
1586
1510
1510
1509
1541
1463
1460
1462
1442
1472
1549
1620
1609
1551
1551
1550
1471
1471
1471
1476
1471
1471
1475
1480
1475
1491
1505
1502
1502
1495
1483
1483
1496
1496
1551
1555
1518
1518
1518
1536
1573
1605
1605
1589
1589
1589
1591
1574
1592
1577
1577
1555
1500
1549
1549
1529
1545
1506
1506
1527
1518
1575
1575
1559
1523
1477
1412
1412
1412
1397
1389
1393
1413
1413
1425
1425
1438
1438
1438
1509
1509
1509
1504
1510
1488
1510
1510
1510
1485
1486
1503
1529
1520
1521
1535
1461
1430
1430
1407
1422
1411
1411
1489
1440
1466
1466
1487
1487
1467
1458
1482
1537
1521
1550
1525
1525
1522
1437
1468
1469
1480
1541
1557
1557
1496
1488
1489
1544
1550
1550
1550
1548
1520
1509
1513
1556
1588
1602
1604
1549
1566
1543
1501
1540
1540
1497
1497
1497
1482
1485
1485
1485
1524
1544
1527
1527
1508
1512
1463
1463
1511
1511
1455
1493
1483
1507
1583
1583
1549
1530
1530
1492
1498
1498
1498
1561
1521
1465
1472
1474
1464
1469
1464
1474
1504
1462
1462
1462
1451
1451
1451
1451
1442
1442
1458
1442
1442
1467
1467
1467
1442
1442
1442
1432
1483
1432
1469
1574
1574
1574
1527
1515
1488
1509
1461
1485
1485
1480
1387
1389
1354
1354
1349
1394
1380
1380
1404
1404
1436
1422
1413
1420
1438
1438
1469
1495
1523
1560
1563
1572
1569
1577
1565
1539
1532
1532
1458
1504
1504
1490
1498
1509
1468
1454
1453
1453
1464
1528
1501
1450
1486
1456
1415
1415
1410
1432
1432
1422
1449
1432
1439
1433
1451
1483
1510
1510
1539
1549
1569
1559
1541
1541
1528
1506
1532
1553
1544
1560
1468
1449
1439
1439
1515
1513
1538
1538
1538
1597
1588
1588
1568
1487
1519
1587
1544
1480
1464
1471
1514
1442
1486
1452
1509
1527
1604
1604
1595
1566
1566
1679
1613
1609
1675
1644
1560
1549
1592
1589
1589
1572
1568
1530
1566
1570
1629
1659
1548
1534
1534
1534
1545
1517
1517
1555
1483
1504
1490
1489
1496
1503
1503
1487
1572
1578
1578
1532
1538
1525
1456
1434
1412
1412
1425
1471
1471
1493
1529
1505
1505
1505
1505
1592
1636
1602
1591
1555
1555
1519
1456
1480
1483
1475
1483
1483
1469
1476
1478
1502
1475
1475
1482
1471
1532
1534
1534
1525
1554
1512
1528
1567
1579
1611
1611
1572
1572
1572
1555
1534
1568
1633
1586
1656
1672
1676
1672
1642
1491
1513
1548
1512
1499
1561
1551
1551
1536
1478
1409
1482
1506
1506
1467
1471
1471
1568
1568
1585
1630
1537
1495
1512
1522
1522
1509
1452
1515
1502
1487
1462
1473
1485
1465
1434
1514
1569
1565
1564
1551
1551
1525
1537
1537
1477
1477
1578
1578
1566
1566
1588
1584
1599
1588
1588
1584
1560
1572
1570
1570
1664
1664
1688
1688
1607
1625
1640
1640
1640
1630
1655
1705
1726
1687
1630
1633
1586
1586
1651
1601
1585
1577
1561
1535
1542
1542
1609
1639
1639
1639
1612
1609
1669
1661
1704
1629
1634
1581
1539
1539
1539
1536
1521
1521
1577
1591
1576
1554
1554
1554
1554
1521
1521
1608
1611
1642
1618
1602
1599
1599
1580
1612
1617
1617
1603
1614
1614
1576
1563
1546
1491
1491
1491
1526
1553
1526
1518
1518
1569
1549
1549
1563
1550
1553
1527
1538
1510
1511
1518
1518
1509
1481
1470
1488
1508
1539
1468
1496
1516
1516
1533
1479
1498
1498
1450
1443
1443
1425
1481
1515
1524
1450
1469
1508
1547
1593
1523
1523
1505
1474
1529
1533
1460
1534
1480
1476
1476
1449
1449
1512
1512
1504
1504
1504
1458
1444
1496
1539
1510
1548
1493
1493
1526
1526
1568
1568
1511
1517
1511
1511
1511
1449
1514
1500
1468
1467
1484
1467
1467
1467
1509
1513
1513
1491
1434
1434
1425
1427
1456
1441
1450
1514
1518
1466
1466
1466
1432
1478
1499
1468
1447
1456
1483
1481
1501
1461
1461
1463
1498
1498
1512
1430
1420
1420
1420
1497
1500
1500
1500
1473
1557
1481
1481
1437
1448
1418
1409
1409
1388
1402
1437
1454
1454
1419
1500
1500
1502
1502
1445
1485
1509
1475
1510
1502
1502
1456
1441
1401
1401
1461
1461
1557
1548
1548
1526
1586
1563
1478
1478
1459
1522
1529
1529
1540
1540
1540
1495
1474
1528
1495
1506
1473
1464
1433
1422
1471
1403
1448
1498
1483
1539
1467
1455
1408
1409
1449
1498
1506
1454
1491
1491
1492
1496
1496
1496
1453
1453
1489
1552
1468
1436
1425
1440
1401
1455
1455
1483
1446
1427
1480
1480
1462
1462
1436
1486
1454
1457
1459
1463
1476
1472
1472
1440
1456
1456
1463
1463
1456
1431
1424
1445
1419
1419
1454
1454
1458
1458
1458
1405
1405
1405
1454
1477
1468
1511
1499
1508
1493
1481
1481
1481
1481
1392
1404
1467
1428
1428
1471
1488
1479
1487
1502
1471
1529
1599
1611
1585
1647
1631
1579
1638
1692
1656
1648
1648
1628
1576
1610
1610
1618
1627
1627
1658
1658
1658
1606
1606
1547
1547
1547
1484
1523
1578
1525
1484
1486
1516
1526
1562
1572
1552
1552
1540
1498
1488
1488
1523
1455
1516
1624
1533
1503
1503
1455
1491
1454
1454
1418
1377
1393
1393
1377
1383
1389
1389
1412
1389
1401
1401
1424
1424
1415
1425
1425
1417
1417
1454
1450
1433
1444
1450
1432
1411
1411
1411
1414
1411
1418
1384
1385
1377
1377
1380
1377
1378
1377
1377
1377
1377
1377
1377
1409
1377
1417
1479
1409
1406
1421
1421
1421
1509
1464
1467
1467
1479
1536
1530
1516
1533
1543
1518
1518
1518
1485
1486
1482
1573
1573
1638
1603
1603
1603
1603
1642
1566
1580
1580
1586
1586
1564
1558
1595
1540
1536
1551
1508
1508
1501
1489
1470
1470
1470
1480
1488
1488
1488
1514
1526
1548
1548
1548
1564
1520
1501
1501
1492
1489
1514
1534
1541
1591
1649
1660
1660
1638
1638
1590
1583
1627
1645
1641
1585
1648
1651
1605
1639
1639
1620
1632
1632
1651
1673
1648
1574
1629
1629
1603
1611
1577
1529
1529
1529
1529
1592
1591
1591
1572
1572
1572
1611
1611
1610
1559
1546
1590
1571
1548
1505
1522
1538
1538
1541
1517
1555
1574
1602
1600
1547
1547
1526
1546
1601
1601
1601
1598
1592
1519
1498
1498
1498
1498
1478
1407
1470
1498
1489
1511
1585
1529
1529
1529
1529
1502
1502
1489
1504
1504
1466
1468
1496
1497
1475
1476
1481
1504
1481
1523
1510
1536
1536
1466
1505
1541
1566
1480
1476
1514
1542
1458
1499
1456
1426
1465
1465
1488
1465
1468
1432
1432
1432
1432
1432
1427
1427
1428
1466
1466
1457
1497
1432
1428
1411
1417
1517
1517
1517
1517
1550
1499
1502
1468
1450
1450
1450
1450
1487
1473
1479
1543
1487
1435
1504
1452
1453
1444
1434
1419
1425
1391
1391
1375
1368
1390
1387
1387
1387
1385
1495
1457
1515
1437
1437
1500
1500
1559
1545
1508
1488
1488
1488
1488
1488
1503
1504
1504
1504
1504
1553
1504
1493
1498
1474
1474
1474
1466
1460
1460
1423
1424
1459
1459
1523
1471
1443
1516
1516
1612
1577
1562
1488
1480
1464
1509
1509
1549
1557
1583
1574
1522
1539
1522
1591
1542
1591
1561
1593
1606
1643
1641
1697
1608
1554
1493
1500
1498
1527
1486
1522
1522
1563
1567
1567
1576
1574
1549
1570
1572
1549
1520
1477
1486
1459
1379
1409
1527
1524
1618
1618
1604
1604
1604
1583
1613
1581
1581
1607
1607
1604
1527
1543
1567
1588
1567
1545
1613
1486
1489
1520
1511
1511
1478
1485
1565
1565
1574
1617
1522
1522
1522
1519
1499
1499
1500
1469
1513
1551
1557
1557
1557
1557
1557
1508
1508
1508
1508
1508
1517
1517
1536
1536
1536
1514
1490
1536
1536
1530
1531
1555
1555
1512
1443
1443
1429
1422
1422
1480
1422
1422
1422
1422
1376
1389
1446
1493
1493
1461
1455
1399
1413
1384
1444
1425
1454
1455
1482
1482
1486
1500
1515
1435
1435
1435
1432
1377
1391
1388
1388
1437
1447
1482
1482
1435
1413
1442
1413
1441
1441
1441
1467
1455
1455
1465
1465
1465
1487
1509
1477
1477
1477
1502
1483
1483
1545
1545
1544
1588
1567
1577
1574
1608
1576
1537
1491
1546
1546
1546
1477
1504
1504
1498
1554
1540
1558
1554
1613
1578
1575
1575
1575
1557
1609
1612
1666
1620
1602
1516
1468
1448
1469
1517
1541
1545
1539
1510
1502
1539
1577
1542
1609
1532
1541
1565
1531
1515
1504
1539
1528
1512
1538
1538
1513
1567
1567
1564
1590
1641
1641
1641
1596
1596
1528
1528
1495
1535
1646
1589
1572
1572
1572
1627
1555
1555
1558
1576
1576
1576
1553
1553
1534
1534
1586
1580
1469
1508
1505
1511
1511
1448
1448
1406
1469
1469
1469
1469
1469
1482
1482
1559
1546
1546
1549
1452
1506
1506
1506
1506
1506
1538
1505
1515
1515
1467
1463
1463
1452
1445
1445
1458
1515
1515
1587
1587
1556
1556
1532
1532
1541
1489
1484
1483
1430
1407
1454
1481
1516
1471
1471
1533
1539
1539
1564
1564
1526
1526
1520
1520
1543
1469
1469
1469
1465
1509
1507
1507
1535
1495
1464
1527
1504
1514
1508
1500
1546
1542
1577
1613
1610
1588
1542
1526
1547
1539
1539
1539
1539
1476
1474
1515
1515
1535
1464
1486
1467
1533
1533
1524
1526
1546
1513
1524
1498
1498
1418
1443
1456
1484
1468
1435
1460
1460
1460
1499
1462
1479
1422
1521
1521
1514
1497
1503
1540
1558
1531
1510
1505
1513
1520
1500
1505
1549
1514
1529
1529
1536
1536
1575
1575
1559
1559
1509
1552
1552
1534
1541
1509
1504
1468
1509
1516
1544
1471
1447
1518
1518
1501
1504
1506
1504
1560
1565
1565
1533
1533
1533
1545
1545
1545
1545
1482
1524
1524
1524
1521
1524
1462
1453
1446
1446
1446
1446
1401
1401
1401
1395
1395
1409
1409
1400
1471
1507
1498
1506
1535
1522
1522
1542
1549
1486
1486
1474
1529
1516
1498
1553
1496
1534
1468
1583
1537
1537
1498
1498
1473
1502
1509
1478
1478
1480
1489
1584
1584
1564
1564
1533
1549
1563
1483
1509
1509
1499
1479
1479
1481
1481
1497
1497
1497
1497
1520
1509
1520
1558
1586
1584
1584
1584
1584
1584
1523
1523
1523
1500
1524
1541
1549
1606
1558
1475
1475
1483
1480
1425
1477
1512
1512
1512
1513
1409
1425
1427
1448
1458
1477
1469
1481
1517
1541
1515
1491
1490
1539
1537
1537
1576
1515
1508
1508
1544
1544
1505
1545
1545
1537
1471
1473
1494
1481
1539
1539
1518
1491
1526
1524
1524
1470
1470
1470
1429
1433
1433
1429
1471
1471
1493
1493
1493
1499
1494
1489
1489
1457
1435
1435
1426
1444
1458
1440
1519
1457
1510
1510
1497
1509
1509
1518
1535
1535
1535
1535
1637
1621
1582
1582
1558
1558
1536
1494
1501
1520
1520
1552
1564
1564
1552
1583
1518
1492
1437
1460
1427
1379
1438
1438
1473
1452
1448
1422
1437
1472
1503
1536
1518
1466
1466
1506
1540
1540
1479
1479
1546
1518
1474
1474
1506
1510
1498
1498
1497
1500
1500
1510
1539
1530
1519
1519
1519
1538
1538
1538
1557
1550
1550
1515
1515
1565
1487
1487
1481
1445
1445
1552
1591
1537
1571
1525
1503
1512
1470
1470
1473
1494
1520
1502
1569
1540
1540
1503
1568
1570
1569
1547
1514
1498
1548
1572
1572
1615
1615
1602
1623
1623
1623
1601
1601
1601
1601
1601
1601
1601
1612
1612
1612
1585
1594
1586
1571
1577
1601
1561
1541
1505
1505
1485
1479
1479
1503
1466
1479
1479
1457
1457
1457
1472
1472
1472
1472
1455
1437
1437
1487
1457
1497
1497
1520
1504
1485
1485
1480
1492
1526
1526
1512
1538
1538
1538
1506
1453
1498
1518
1476
1476
1476
1494
1456
1447
1448
1464
1478
1478
1495
1495
1478
1505
1483
1483
1482
1494
1514
1530
1514
1530
1560
1560
1567
1574
1584
1616
1559
1559
1542
1542
1507
1495
1495
1495
1495
1521
1474
1502
1502
1502
1502
1468
1441
1481
1436
1436
1458
1392
1478
1478
1494
1589
1599
1627
1643
1656
1682
1657
1657
1633
1652
1643
1644
1600
1563
1493
1507
1472
1548
1571
1528
1528
1509
1489
1489
1500
1482
1482
1399
1399
1373
1457
1479
1529
1487
1487
1485
1468
1467
1458
1458
1484
1488
1495
1495
1503
1524
1524
1497
1497
1497
1497
1497
1487
1487
1394
1403
1418
1418
1388
1381
1381
1408
1403
1403
1377
1377
1377
1382
1388
1435
1429
1440
1453
1453
1527
1568
1581
1520
1459
1491
1513
1495
1532
1535
1497
1491
1491
1499
1487
1487
1566
1547
1547
1575
1582
1516
1516
1482
1488
1488
1496
1485
1470
1492
1504
1523
1535
1499
1500
1446
1443
1423
1522
1522
1526
1562
1566
1537
1537
1511
1498
1498
1498
1478
1478
1437
1437
1434
1437
1474
1452
1484
1498
1484
1452
1452
1459
1518
1505
1505
1459
1454
1483
1471
1488
1488
1466
1461
1476
1496
1496
1496
1496
1496
1504
1488
1488
1433
1422
1488
1453
1453
1443
1443
1452
1452
1443
1444
1454
1472
1461
1520
1522
1504
1504
1525
1563
1517
1514
1494
1481
1471
1471
1447
1449
1466
1458
1467
1467
1453
1436
1436
1437
1437
1438
1426
1422
1473
1458
1458
1458
1495
1510
1510
1462
1510
1431
1478
1478
1465
1465
1465
1412
1412
1412
1393
1456
1389
1389
1372
1372
1372
1384
1394
1399
1422
1422
1422
1423
1460
1460
1473
1447
1386
1479
1479
1512
1551
1522
1522
1522
1522
1500
1513
1519
1537
1543
1530
1555
1555
1632
1632
1632
1626
1645
1599
1605
1560
1505
1505
1476
1478
1536
1462
1479
1479
1428
1408
1408
1407
1407
1446
1425
1413
1391
1377
1388
1390
1453
1463
1509
1467
1479
1460
1467
1513
1545
1525
1525
1520
1493
1529
1453
1458
1458
1465
1449
1449
1449
1448
1448
1500
1500
1471
1471
1471
1475
1496
1515
1529
1518
1492
1490
1507
1453
1517
1517
1485
1485
1518
1518
1518
1506
1506
1527
1508
1483
1458
1464
1423
1439
1445
1509
1555
1555
1500
1472
1472
1463
1463
1491
1566
1504
1485
1457
1468
1444
1491
1486
1486
1470
1470
1466
1457
1481
1509
1528
1528
1478
1500
1565
1518
1484
1484
1489
1433
1449
1449
1479
1591
1590
1590
1590
1584
1538
1583
1584
1574
1574
1477
1476
1476
1476
1476
1445
1445
1534
1543
1543
1543
1543
1552
1552
1520
1544
1507
1507
1507
1507
1539
1539
1500
1539
1539
1515
1515
1500
1494
1454
1454
1454
1454
1489
1420
1577
1581
1581
1581
1591
1546
1502
1487
1478
1478
1478
1478
1489
1489
1489
1478
1440
1452
1452
1452
1452
1428
1428
1428
1428
1428
1428
1468
1498
1493
1493
1493
1461
1461
1534
1534
1562
1562
1572
1568
1581
1524
1459
1459
1459
1459
1465
1481
1485
1512
1485
1493
1503
1481
1481
1481
1481
1481
1481
1481
1494
1456
1456
1457
1474
1509
1509
1509
1509
1540
1577
1500
1557
1608
1618
1618
1589
1628
1647
1681
1636
1591
1544
1541
1541
1474
1474
1417
1404
1404
1475
1519
1486
1486
1486
1486
1463
1477
1533
1549
1525
1525
1550
1515
1616
1616
1571
1585
1568
1552
1531
1531
1531
1553
1528
1544
1555
1436
1408
1434
1502
1444
1470
1470
1490
1475
1475
1475
1431
1471
1530
1533
1584
1554
1554
1527
1527
1405
1405
1396
1396
1396
1396
1405
1405
1430
1430
1446
1459
1492
1517
1519
1524
1492
1464
1464
1410
1410
1450
1450
1457
1450
1450
1488
1450
1450
1446
1468
1511
1468
1448
1448
1493
1493
1571
1493
1572
1613
1613
1585
1522
1500
1500
1519
1516
1516
1511
1511
1496
1496
1491
1491
1482
1482
1486
1486
1486
1481
1465
1475
1474
1474
1483
1500
1500
1484
1496
1496
1499
1499
1499
1499
1499
1496
1496
1496
1496
1526
1458
1458
1413
1413
1458
1464
1491
1506
1506
1506
1577
1580
1550
1551
1567
1531
1504
1504
1438
1547
1516
1537
1502
1490
1490
1489
1480
1521
1525
1521
1521
1531
1492
1492
1492
1522
1496
1496
1532
1532
1574
1523
1467
1490
1432
1448
1403
1398
1398
1398
1398
1454
1469
1548
1548
1548
1549
1615
1596
1511
1529
1511
1520
1442
1488
1488
1535
1535
1535
1535
1508
1508
1475
1457
1457
1457
1469
1483
1476
1476
1448
1533
1533
1625
1575
1649
1605
1605
1605
1605
1609
1595
1595
1577
1592
1592
1575
1575
1622
1572
1572
1557
1557
1522
1522
1479
1499
1500
1500
1500
1516
1461
1441
1402
1402
1399
1399
1399
1399
1422
1439
1438
1466
1469
1507
1467
1503
1503
1503
1503
1503
1550
1571
1550
1554
1532
1504
1596
1575
1573
1582
1593
1575
1571
1577
1524
1564
1564
1564
1465
1465
1481
1490
1501
1507
1554
1554
1508
1537
1537
1534
1514
1514
1514
1514
1514
1501
1501
1492
1527
1527
1492
1492
1492
1470
1454
1454
1377
1377
1377
1377
1377
1377
1380
1380
1380
1380
1396
1396
1413
1441
1500
1428
1525
1486
1492
1451
1452
1452
1431
1427
1427
1406
1406
1394
1394
1394
1452
1405
1353
1374
1374
1381
1381
1381
1414
1414
1414
1426
1421
1488
1546
1460
1446
1446
1458
1446
1427
1427
1423
1410
1427
1427
1434
1423
1392
1472
1509
1535
1588
1588
1588
1588
1551
1577
1541
1544
1506
1463
1485
1481
1481
1463
1467
1422
1422
1436
1510
1510
1501
1512
1494
1510
1497
1501
1539
1512
1495
1495
1509
1509
1556
1559
1561
1519
1517
1529
1521
1523
1509
1509
1500
1494
1550
1550
1588
1543
1543
1548
1508
1495
1495
1495
1495
1428
1498
1574
1508
1537
1530
1507
1507
1557
1560
1592
1651
1626
1605
1607
1633
1607
1570
1558
1537
1546
1524
1509
1509
1529
1552
1453
1453
1453
1486
1509
1493
1519
1519
1504
1601
1605
1573
1561
1537
1526
1509
1509
1545
1545
1545
1545
1559
1555
1506
1506
1495
1478
1469
1462
1444
1459
1459
1475
1441
1419
1479
1455
1501
1501
1524
1524
1478
1478
1478
1503
1519
1526
1519
1519
1519
1594
1540
1567
1490
1479
1523
1539
1538
1500
1521
1517
1517
1549
1535
1514
1531
1493
1463
1451
1414
1494
1494
1494
1425
1450
1450
1464
1475
1475
1475
1448
1448
1448
1525
1511
1487
1505
1482
1482
1430
1430
1422
1436
1437
1438
1470
1479
1427
1438
1423
1467
1433
1433
1474
1474
1474
1474
1505
1505
1479
1479
1477
1477
1462
1468
1468
1468
1465
1465
1544
1535
1487
1480
1566
1584
1584
1547
1457
1457
1492
1445
1460
1460
1460
1441
1441
1467
1485
1512
1512
1489
1448
1466
1441
1449
1531
1543
1543
1543
1523
1523
1523
1466
1459
1465
1459
1474
1464
1513
1481
1481
1481
1454
1454
1466
1483
1484
1511
1460
1454
1454
1416
1424
1424
1424
1424
1402
1387
1413
1403
1403
1403
1387
1410
1410
1425
1425
1466
1466
1536
1536
1512
1544
1544
1504
1437
1437
1527
1516
1583
1556
1570
1558
1575
1575
1568
1568
1582
1508
1508
1508
1498
1498
1505
1505
1505
1493
1493
1496
1496
1496
1496
1501
1501
1496
1496
1496
1501
1488
1526
1505
1505
1432
1404
1418
1418
1418
1414
1414
1438
1438
1501
1471
1471
1490
1516
1498
1505
1478
1533
1475
1475
1447
1447
1441
1412
1425
1446
1419
1387
1387
1421
1421
1404
1409
1409
1404
1407
1407
1417
1417
1469
1469
1469
1469
1469
1490
1490
1490
1412
1467
1542
1542
1531
1531
1518
1518
1501
1394
1398
1398
1377
1377
1412
1415
1415
1415
1383
1383
1408
1485
1481
1476
1485
1471
1496
1474
1493
1463
1463
1498
1498
1427
1427
1427
1427
1428
1427
1427
1427
1427
1427
1427
1432
1461
1518
1552
1552
1478
1478
1469
1469
1469
1469
1514
1514
1476
1476
1402
1402
1402
1402
1444
1443
1430
1430
1430
1430
1508
1448
1448
1453
1462
1461
1407
1407
1421
1421
1421
1460
1421
1413
1406
1395
1395
1510
1586
1586
1586
1586
1586
1586
1569
1569
1580
1562
1538
1538
1516
1516
1532
1544
1573
1441
1416
1376
1380
1400
1400
1432
1403
1399
1391
1389
1389
1389
1353
1449
1466
1401
1401
1401
1401
1430
1415
1479
1415
1393
1393
1393
1421
1421
1409
1409
1394
1394
1450
1460
1556
1529
1475
1455
1409
1409
1409
1409
1392
1392
1410
1410
1410
1392
1392
1392
1392
1362
1379
1379
1379
1450
1450
1450
1467
1467
1431
1393
1393
1393
1393
1412
1412
1412
1412
1556
1548
1548
1548
1563
1506
1506
1506
1515
1515
1505
1537
1565
1570
1570
1570
1539
1500
1505
1505
1516
1516
1476
1487
1497
1497
1550
1529
1580
1563
1596
1596
1596
1580
1603
1603
1603
1603
1648
1556
1585
1608
1529
1519
1522
1526
1481
1481
1473
1473
1473
1473
1445
1419
1463
1410
1410
1385
1385
1410
1414
1414
1427
1427
1457
1457
1436
1435
1451
1514
1442
1442
1442
1461
1473
1473
1459
1458
1447
1447
1447
1443
1415
1426
1487
1521
1508
1493
1514
1514
1574
1606
1606
1606
1589
1558
1588
1539
1550
1554
1580
1580
1482
1516
1553
1583
1583
1578
1565
1615
1630
1612
1594
1582
1523
1501
1434
1419
1397
1397
1397
1397
1397
1394
1456
1456
1456
1428
1424
1425
1425
1406
1385
1385
1385
1376
1376
1403
1413
1458
1474
1454
1469
1469
1469
1497
1530
1530
1503
1503
1503
1457
1457
1457
1377
1377
1377
1377
1377
1377
1377
1377
1377
1377
1377
1377
1370
1370
1429
1429
1401
1375
1375
1393
1445
1471
1419
1419
1496
1496
1466
1428
1417
1392
1392
1382
1382
1382
1382
1382
1402
1407
1461
1461
1370
1370
1370
1401
1414
1430
1377
1349
1363
1363
1363
1360
1333
1355
1355
1346
1333
1387
1387
1421
1421
1411
1411
1411
1411
1411
1386
1386
1386
1405
1386
1387
1434
1386
1399
1399
1449
1439
1474
1482
1488
1488
1482
1482
1497
1497
1516
1485
1468
1468
1443
1440
1423
1383
1383
1383
1383
1383
1383
1383
1383
1381
1384
1406
1422
1427
1427
1427
1427
1427
1408
1386
1386
1377
1377
1376
1376
1376
1381
1381
1382
1382
1382
1382
1348
1348
1348
1350
1351
1359
1371
1371
1418
1418
1418
1402
1402
1402
1424
1439
1419
1417
1417
1446
1446
1446
1555
1443
1492
1461
1461
1404
1404
1439
1439
1450
1472
1427
1472
1516
1516
1551
1467
1467
1467
1453
1453
1453
1442
1442
1509
1509
1491
1450
1450
1500
1482
1482
1499
1499
1499
1496
1562
1534
1492
1492
1466
1461
1472
1474
1474
1474
1439
1420
1420
1426
1393
1393
1393
1389
1389
1389
1459
1459
1397
1467
1467
1467
1467
1467
1467
1394
1394
1404
1404
1382
1417
1437
1438
1438
1438
1438
1433
1433
1433
1417
1458
1425
1426
1391
1487
1487
1476
1454
1454
1454
1464
1461
1481
1451
1451
1448
1448
1435
1435
1488
1488
1453
1453
1469
1469
1469
1448
1361
1369
1404
1400
1400
1400
1400
1398
1363
1413
1413
1413
1390
1404
1369
1367
1367
1411
1389
1389
1414
1382
1382
1414
1410
1412
1412
1439
1439
1500
1594
1594
1504
1506
1539
1533
1507
1507
1507
1507
1488
1488
1518
1526
1526
1488
1474
1474
1576
1576
1576
1561
1507
1507
1566
1521
1481
1537
1537
1532
1529
1580
1534
1534
1522
1450
1450
1440
1387
1387
1441
1456
1456
1542
1560
1566
1566
1572
1593
1563
1549
1478
1478
1478
1532
1532
1520
1475
1500
1475
1475
1475
1496
1484
1488
1488
1485
1526
1472
1461
1455
1455
1455
1422
1377
1402
1402
1402
1402
1418
1419
1471
1471
1471
1471
1432
1424
1424
1424
1424
1424
1453
1453
1453
1453
1453
1453
1453
1453
1432
1432
1424
1392
1392
1420
1392
1392
1402
1404
1404
1428
1379
1484
1478
1478
1532
1553
1553
1615
1520
1520
1491
1491
1491
1501
1501
1560
1560
1518
1491
1594
1600
1600
1600
1546
1526
1526
1534
1598
1598
1554
1535
1548
1525
1525
1525
1526
1532
1532
1532
1529
1526
1526
1526
1526
1534
1537
1516
1519
1561
1477
1477
1477
1472
1472
1473
1444
1444
1444
1444
1444
1455
1455
1455
1455
1425
1425
1468
1480
1422
1422
1468
1472
1448
1448
1447
1416
1416
1416
1416
1377
1377
1377
1377
1377
1377
1377
1377
1377
1377
1377
1377
1366
1394
1394
1394
1410
1423
1444
1444
1457
1457
1466
1449
1482
1482
1425
1425
1425
1425
1445
1425
1425
1425
1439
1425
1425
1425
1425
1425
1425
1429
1429
1434
1438
1466
1466
1498
1481
1481
1517
1429
1430
1420
1413
1413
1452
1452
1452
1452
1483
1483
1391
1391
1413
1413
1413
1413
1409
1391
1386
1392
1392
1400
1377
1415
1488
1477
1489
1442
1408
1437
1428
1428
1456
1407
1442
1481
1481
1453
1453
1457
1475
1469
1469
1469
1487
1454
1454
1472
1467
1473
1473
1432
1444
1415
1429
1439
1439
1441
1441
1460
1460
1460
1509
1509
1451
1451
1398
1479
1479
1459
1437
1418
1384
1459
1390
1390
1401
1401
1406
1406
1406
1406
1381
1381
1342
1342
1344
1337
1400
1400
1400
1418
1413
1451
1477
1451
1430
1429
1429
1422
1422
1482
1482
1478
1478
1494
1494
1500
1500
1451
1452
1448
1448
1448
1448
1448
1455
1453
1453
1453
1444
1444
1444
1444
1405
1405
1405
1429
1429
1449
1495
1495
1495
1486
1486
1463
1463
1463
1469
1422
1423
1423
1461
1462
1481
1481
1481
1467
1467
1467
1467
1464
1468
1448
1448
1448
1444
1444
1444
1472
1472
1472
1472
1494
1458
1420
1420
1423
1423
1423
1423
1423
1449
1370
1389
1381
1381
1441
1441
1445
1445
1479
1441
1426
1423
1418
1359
1359
1359
1359
1359
1363
1363
1360
1350
1366
1366
1367
1354
1354
1448
1448
1448
1448
1418
1418
1422
1422
1428
1426
1444
1444
1461
1475
1440
1428
1458
1444
1478
1558
1558
1545
1485
1485
1485
1474
1456
1456
1449
1449
1405
1405
1441
1441
1439
1439
1439
1439
1439
1439
1439
1439
1439
1439
1439
1439
1439
1439
1488
1451
1459
1459
1438
1438
1438
1441
1445
1445
1445
1445
1441
1473
1473
1470
1470
1445
1412
1412
1412
1398
1398
1386
1386
1386
1386
1386
1394
1437
1437
1437
1397
1401
1386
1407
1407
1407
1407
1412
1412
1412
1412
1501
1501
1501
1501
1523
1523
1482
1482
1474
1474
1474
1485
1485
1469
1469
1474
1474
1474
1427
1427
1449
1444
1444
1444
1444
1453
1480
1491
1491
1491
1506
1494
1528
1545
1587
1546
1497
1486
1434
1434
1411
1411
1441
1437
1446
1462
1508
1473
1473
1473
1473
1473
1463
1457
1409
1437
1437
1437
1409
1409
1385
1413
1413
1418
1418
1432
1432
1432
1432
1432
1432
1432
1441
1441
1446
1446
1446
1446
1446
1417
1428
1438
1461
1474
1409
1418
1464
1466
1461
1447
1420
1420
1420
1493
1493
1444
1437
1413
1413
1413
1413
1412
1412
1467
1415
1444
1425
1419
1446
1446
1446
1446
1446
1446
1446
1446
1446
1446
1446
1446
1446
1446
1446
1483
1483
1483
1483
1446
1446
1446
1399
1399
1399
1399
1399
1399
1400
1400
1400
1400
1400
1400
1381
1381
1388
1357
1341
1341
1341
1341
1341
1341
1341
1341
1341
1341
1360
1360
1360
1360
1360
1360
1360
1360
1408
1422
1422
1422
1397
1397
1397
1397
1397
1422
1422
1415
1452
1421
1429
1443
1451
1452
1452
1448
1448
1448
1448
1448
1448
1448
1448
1448
1448
1448
1431
1428
1428
1428
1432
1432
1411
1411
1411
1411
1424
1389
1401
1401
1401
1401
1401
1401
1422
1430
1430
1430
1464
1440
1440
1446
1446
1428
1428
1428
1438
1417
1410
1410
1410
1426
1473
1473
1453
1409
1409
1408
1447
1468
1468
1443
1442
1443
1470
1469
1424
1401
1401
1409
1409
1402
1402
1402
1402
1402
1402
1423
1378
1378
1404
1404
1375
1375
1375
1375
1375
1375
1375
1375
1375
1375
1375
1400
1400
1394
1394
1394
1370
1370
1370
1370
1370
1352
1352
1352
1366
1380
1428
1428
1422
1472
1479
1453
1438
1435
1401
1421
1421
1421
1421
1477
1477
1514
1514
1514
1477
1477
1460
1460
1463
1418
1418
1395
1395
1369
1369
1369
1369
1412
1368
1368
1368
1368
1368
1368
1368
1391
1380
1380
1394
1394
1394
1394
1409
1420
1414
1414
1433
1400
1407
1407
1407
1407
1362
1362
1362
1362
1362
1362
1362
1358
1369
1369
1338
1379
1379
1379
1410
1410
1410
1420
1450
1450
1450
1450
1445
1409
1409
1409
1409
1402
1390
1374
1374
1374
1379
1379
1379
1379
1394
1381
1381
1381
1381
1381
1381
1381
1368
1368
1368
1368
1368
1368
1359
1359
1359
1359
1371
1371
1371
1371
1371
1371
1395
1395
1396
1390
1390
1390
1374
1374
1391
1391
1391
1374
1374
1374
1374
1374
1379
1379
1379
1375
1427
1427
1401
1401
1421
1421
1444
1455
1455
1455
1464
1464
1464
1468
1468
1468
1468
1436
1436
1436
1411
1411
1411
1451
1451
1451
1401
1401
1401
1384
1384
1384
1384
1384
1384
1485
1485
1483
1483
1483
1483
1476
1476
1476
1476
1438
1429
1429
1429
1429
1429
1463
1472
1472
1505
1506
1504
1504
1490
1490
1454
1454
1455
1502
1487
1487
1487
1487
1455
1489
1515
1515
1455
1440
1440
1482
1482
1482
1461
1431
1430
1430
1437
1437
1450
1497
1497
1456
1456
1459
1456
1456
1456
1456
1456
1432
1459
1475
1466
1466
1466
1500
1500
1469
1469
1469
1430
1430
1430
1430
1476
1453
1453
1433
1425
1425
1425
1433
1430
1397
1396
1396
1396
1396
1396
1396
1396
1397
1397
1381
1381
1381
1412
1397
1396
1377
1377
1377
1377
1385
1386
1442
1442
1468
1485
1502
1502
1502
1483
1492
1505
1507
1453
1453
1453
1471
1480
1490
1490
1490
1507
1507
1507
1476
1406
1406
1406
1406
1406
1406
1395
1395
1395
1395
1383
1383
1383
1377
1377
1377
1377
1377
1377
1391
1403
1403
1403
1401
1401
1401
1401
1431
1431
1431
1401
1379
1379
1379
1379
1377
1379
1379
1390
1390
1390
1390
1390
1390
1390
1390
1391
1451
1451
1451
1463
1463
1463
1472
1472
1446
1446
1446
1446
1446
1446
1446
1485
1430
1388
1388
1388
1388
1389
1389
1389
1391
1399
1417
1400
1382
1382
1377
1377
1377
1377
1377
1410
1410
1410
1410
1386
1386
1386
1386
1386
1403
1403
1403
1426
1426
1426
1427
1427
1444
1444
1385
1385
1385
1385
1377
1377
1377
1377
1377
1377
1377
1377
1377
1377
1377
1377
1377
1377
1377
1388
1388
1400
1400
1400
1400
1391
1391
1391
1391
1391
1402
1402
1402
1402
1397
1397
1391
1391
1415
1415
1415
1367
1367
1385
1413
1412
1412
1412
1412
1428
1428
1429
1445
1445
1445
1445
1454
1454
1454
1448
1449
1449
1461
1457
1457
1457
1457
1457
1462
1383
1369
1369
1369
1389
1389
1389
1389
1389
1419
1395
1395
1356
1356
1348
1348
1377
1377
1377
1377
1377
1377
1377
1375
1378
1378
1378
1378
1378
1378
1361
1361
1361
1361
1361
1398
1398
1388
1388
1417
1417
1383
1383
1383
1365
1365
1384
1384
1384
1384
1384
1384
1384
1384
1384
1396
1350
1354
1354
1354
1331
1343
1322
1322
1325
1325
1325
1325
1325
1325
1325
1325
1325
1325
1325
1331
1331
1331
1331
1331
1337
1337
1337
1337
1337
1337
1337
1337
1343
1351
1351
1351
1345
1335
1335
1335
1338
1338
1332
1340
1340
1340
1365
1365
1365
1365
1365
1400
1400
1400
1400
1393
1393
1398
1398
1398
1398
1398
1398
1402
1409
1365
1358
1375
1358
1380
1380
1380
1362
1362
1362
1362
1362
1363
1363
1360
1360
1360
1360
1360
1382
1382
1382
1382
1370
1370
1364
1382
1382
1369
1369
1369
1390
1390
1397
1387
1394
1380
1380
1390
1390
1386
1386
1386
1388
1388
1388
1388
1388
1388
1388
1388
1388
1388
1388
1388
1388
1388
1387
1387
1384
1384
1384
1384
1384
1395
1384
1384
1346
1346
1346
1346
1375
1375
1392
1392
1383
1383
1383
1383
1413
1413
1413
1413
1409
1394
1394
1394
1394
1418
1459
1407
1406
1406
1406
1413
1434
1434
1437
1399
1399
1379
1379
1379
1379
1377
1377
1386
1386
1386
1386
1386
1418
1418
1349
1349
1349
1349
1349
1349
1340
1340
1340
1356
1356
1398
1398
1361
1361
1361
1345
1365
1365
1365
1365
1365
1367
1389
1386
1370
1370
1370
1357
1357
1383
1383
1383
1383
1381
1356
1356
1356
1356
1356
1348
1341
1363
1363
1363
1363
1353
1383
1383
1383
1376
1371
1407
1415
1415
1415
1421
1415
1415
1398
1398
1398
1398
1398
1398
1398
1398
1398
1398
1398
1398
1398
1416
1420
1420
1420
1420
1420
1420
1389
1389
1389
1389
1389
1389
1389
1389
1389
1389
1389
1389
1389
1389
1389
1377
1377
1377
1349
1379
1381
1381
1381
1381
1381
1381
1381
1381
1381
1381
1379
1379
1379
1379
1379
1379
1379
1379
1379
1379
1379
1379
1379
1379
1379
1379
1379
1396
1381
1396
1397
1397
1397
1397
1412
1427
1427
1427
1427
1429
1429
1393
1393
1393
1393
1393
1379
1379
1379
1379
1379
1379
1379
1379
1379
1379
1379
1379
1379
1379
1326
1326
1326
1326
1326
1326
1326
1326
1326
1326
1326
1326
1330
1333
1340
1340
1340
1330
1330
1330
1346
1363
1363
1384
1384
1366
1366
1366
1366
1366
1362
1362
1362
1362
1362
1362
1372
1372
1372
1372
1372
1372
1372
1385
1383
1383
1383
1383
1366
1373
1373
1373
1373
1373
1379
1379
1416
1416
1395
1409
1409
1423
1413
1413
1413
1413
1412
1427
1427
1427
1432
1432
1432
1424
1424
1424
1465
1465
1465
1465
1465
1465
1465
1466
1429
1432
1421
1436
1421
1421
1421
1421
1421
1421
1421
1421
1421
1434
1454
1463
1417
1417
1417
1417
1417
1417
1437
1437
1457
1457
1458
1458
1440
1440
1440
1440
1440
1440
1440
1440
1440
1436
1436
1436
1436
1446
1446
1437
1436
1436
1436
1436
1436
1436
1436
1437
1437
1437
1451
1451
1432
1432
1432
1426
1433
1427
1427
1406
1406
1406
1424
1418
1418
1418
1418
1418
1422
1422
1422
1422
1422
1422
1422
1422
1422
1422
1422
1441
1441
1441
1441
1441
1393
1393
1423
1423
1427
1381
1381
1377
1377
1377
1377
1377
1377
1396
1377
1377
1377
1377
1383
1383
1383
1377
1377
1377
1377
1377
1377
1377
1378
1378
1378
1378
1378
1378
1378
1378
1378
1378
1378
1378
1378
1378
1378
1389
1389
1389
1389
1389
1390
1389
1389
1389
1394
1394
1394
1394
1394
1394
1394
1394
1394
1393
1393
1393
1393
1408
1407
1407
1394
1401
1425
1436
1436
1434
1434
1434
1430
1434
1434
1434
1430
1430
1430
1430
1430
1414
1406
1406
1406
1406
1407
1406
1406
1406
1406
1406
1406
1406
1383
1383
1406
1406
1406
1414
1414
1414
1414
1414
1414
1414
1414
1401
1401
1401
1401
1401
1401
1401
1401
1425
1409
1414
1414
1409
1409
1409
1409
1409
1409
1415
1415
1393
1393
1393
1393
1393
1393
1393
1393
1393
1393
1402
1402
1390
1390
1396
1395
1405
1434
1434
1397
1397
1436
1439
1439
1439
1377
1382
1380
1380
1380
1409
1404
1404
1404
1377
1383
1383
1383
1383
1383
1383
1387
1383
1383
1383
1383
1377
1377
1377
1406
1399
1399
1379
1379
1377
1377
1377
1377
1377
1377
1377
1377
1377
1377
1377
1377
1377
1377
1380
1380
1380
1380
1377
1377
1377
1377
1377
1377
1377
1377
1396
1396
1396
1396
1396
1419
1401
1405
1405
1405
1413
1377
1377
1377
1377
1377
1377
1406
1406
1397
1397
1397
1397
1397
1397
1397
1397
1397
1397
1397
1397
1397
1397
1397
1397
1397
1397
1397
1397
1397
1397
1397
1397
1397
1379
1379
1379
1369
1369
1339
1339
1339
1339
1339
1339
1345
1345
1350
1350
1350
1345
1345
1345
1345
1339
1339
1339
1339
1339
1339
1339
1339
1339
1339
1339
1339
1339
1339
1339
1343
1343
1381
1381
1381
1381
1381
1389
1389
1389
1389
1389
1351
1351
1339
1339
1339
1339
1339
1339
1339
1342
1342
1342
1362
1362
1362
1362
1362
1350
1350
1341
1341
1339
1346
1346
1346
1339
1339
1339
1339
1339
1339
1339
1339
1339
1339
1339
1339
1339
1339
1339
1339
1339
1339
1339
1339
1339
1339
1342
1342
1342
1342
1339
1339
1339
1339
1339
1339
1339
1339
1339
1339
1339
1339
1339
1339
1339
1339
1339
1339
1339
1339
1339
1339
1339
1339
1339
1339
1339
1339
1339
1339
1346
1346
1346
1346
1346
1346
1346
1348
1348
1339
1339
1339
1339
1339
1339
1339
1339
1339
1339
1339
1341
1341
1341
1339
1339
1339
1339
1339
1339
1339
1339
1339
1339
1339
1339
1360
1360
1360
1360
1360
1360
1360
1360
1360
1360
1360
1360
1339
1345
1339
1358
1358
1358
1370
1370
1370
1370
1377
1381
1381
1377
1392
1392
1392
1392
1392
1381
1381
1381
1381
1381
1381
1381
1381
1381
1381
1381
1381
1377
1365
1377
1377
1377
1377
1377
1377
1377
1377
1377
1377
1377
1384
1377
1377
1397
1397
1397
1397
1397
1397
1384
1384
1384
1378
1378
1378
1378
1378
1378
1378
1377
1377
1377
1377
1420
1396
1377
1377
1377
1377
1377
1377
1377
1377
1377
1377
1377
1377
1377
1377
1377
1377
1377
1377
1377
1377
1377
1377
1377
1377
1377
1377
1377
1377
1417
1382
1377
1377
1389
1377
1402
1402
1401
1401
1401
1381
1381
1379
1379
1379
1377
1377
1377
1377
1377
1377
1377
1377
1377
1377
1377
1377
1406
1406
1423
1423
1423
1423
1423
1408
1401
1401
1401
1392
1422
1422
1422
1427
1427
1427
1430
1430
1430
1441
1441
1441
1441
1441
1441
1431
1427
1432
1432
1414
1414
1414
1407
1407
1378
1378
1378
1377
1377
1377
1377
1377
1377
1377
1377
1377
1381
1381
1381
1384
1384
1384
1384
1384
1384
1384
1384
1384
1384
1384
1384
1384
1384
1382
1382
1382
1382
1382
1382
1382
1382
1403
1345
1345
1345
1345
1345
1345
1345
1345
1345
1345
1345
1345
1345
1345
1345
1345
1345
1345
1324
1324
1324
1326
1326
1326
1326
1326
1326
1326
1326
1326
1326
1326
1326
1326
1326
1326
1324
1324
1324
1328
1328
1325
1324
1335
1335
1335
1324
1324
1324
1324
1324
1324
1324
1324
1324
1324
1324
1324
1324
1324
1324
1324
1324
1324
1324
1324
1324
1324
1324
1324
1324
1324
1324
1324
1324
1324
1324
1324
1324
1324
1324
1324
1324
1324
1324
1328
1328
1328
1324
1324
1324
1324
1324
1324
1324
1324
1330
1330
1330
1330
1330
1330
1330
1324
1324
1324
1324
1324
1324
1324
1324
1324
1324
1324
1324
1324
1324
1324
1324
1324
1332
1332
1325
1325
1325
1325
1325
1324
1324
1324
1324
1324
1324
1324
1324
1324
1324
1324
1324
1324
1324
1324
1324
1324
1324
1324
1324
1324
1324
1320
1320
1320
1320
1320
1318
1330
1330
1330
1330
1330
1330
1330
1324
1324
1324
1324
1324
1324
1324
1324
1324
1324
1308
1325
1325
1325
1325
1325
1325
1325
1325
1325
1325
1325
1325
1325
1325
1325
1325
1325
1325
1316
1316
1316
1316
1300
1300
1300
1300
1300
1300
1300
1300
1300
1300
1300
1300
1300
1300
1300
1300
1300
1300
1297
1297
1297
1300
1300
1300
1300
1300
1300
1300
1300
1300
1300
1300
1300
1300
1297
1297
1297
1297
1297
1297
1297
1297
1297
1297
1297
1297
1297
1297
1297
1297
1297
1297
1297
1297
1297
1297
1297
1297
1297
1297
1297
1297
1297
1297
1297
1297
1302
1302
1302
1302
1297
1297
1297
1297
1297
1297
1297
1297
1297
1297
1297
1297
1297
1297
1297
1297
1297
1297
1297
1297
1297
1297
1297
1297
1297
1297
1297
1297
1297
1297
1324
1324
1324
1303
1303
1303
1311
1311
1303
1303
1303
1303
1303
1303
1316
1316
1316
1316
1316
1316
1316
1316
1297
1297
1297
1297
1297
1297
1297
1297
1297
1297
1297
1297
1297
1297
1297
1297
1297
1297
1297
1297
1317
1317
1317
1317
1317
1317
1311
1306
1297
1297
1297
1297
1297
1297
1297
1297
1297
1298
1297
1297
1297
1297
1297
1297
1297
1297
1297
1297
1297
1297
1297
1297
1297
1297
1297
1297
1297
1297
1297
1297
1297
1297
1297
1297
1297
1297
1297
1297
1297
1297
1297
1297
1297
1297
1297
1297
1297
1297
1297
1297
1297
1297
1297
1297
1297
1297
1297
1297
1297
1297
1297
1297
1297
1297
1297
1297
1297
1297
1297
1297
1297
1297
1297
1326
1326
1326
1326
1326
1326
1326
1297
1297
1297
1297
1297
1297
1297
1297
1297
1297
1297
1297
1297
1297
1297
1297
1297
1297
1297
1297
1297
1300
1301
1301
1301
1301
1301
1300
1300
1300
1297
1297
1297
1297
1301
1301
1297
1297
1297
1297
1297
1297
1297
1297
1297
1297
1297
1297
1297
1297
1297
1297
1297
1297
1297
1297
1297
1297
1297
1297
1297
1297
1297
1297
1297
1297
1297
1297
1297
1297
1297
1297
1305
1305
1305
1305
1297
1297
1297
1297
1297
1306
1306
1306
1306
1306
1306
1299
1297
1297
1297
1297
1297
1297
1297
1297
1297
1297
1297
1297
1297
1297
1297
1297
1297
1297
1297
1297
1297
1297
1297
1297
1297
1297
1297
1297
1303
1297
1297
1297
1297
1297
1297
1297
1297
1297
1297
1297
1297
1297
1297
1297
1297
1297
1297
1297
1297
1297
1297
1297
1297
1297
1297
1297
1297
1297
1297
1297
1306
1297
1297
1297
1297
1297
1297
1297
1297
1297
1297
1300
1300
1299
1299
1299
1299
1299
1319
1314
1314
1306
1306
1306
1306
1306
1306
1306
1306
1306
1306
1306
1306
1306
1306
1306
1306
1306
1306
1306
1306
1306
1302
1302
1302
1300
1300
1300
1300
1300
1300
1316
1316
1316
1300
1300
1300
1297
1297
1297
1297
1297
1297
1297
1297
1297
1298
1298
1298
1298
1298
1298
1299
1299
1299
1299
1299
1297
1297
1297
1297
1297
1301
1301
1301
1300
1300
1300
1297
1297
1305
1305
1305
1305
1305
1305
1302
1302
1302
1302
1302
1302
1298
1298
1298
1298
1298
1298
1298
1298
1298
1305
1305
1305
1305
1305
1305
1298
1298
1298
1298
1298
1298
1298
1298
1298
1298
1298
1298
1298
1298
1298
1298
1298
1298
1298
1298
1298
1298
1298
1298
1298
1298
1298
1298
1298
1298
1298
1298
1298
1298
1298
1298
1298
1298
1298
1298
1298
1297
1297
1297
1297
1297
1297
1297
1297
1297
1297
1297
1297
1297
1298
1298
1297
1297
1297
1297
1297
1297
1297
1297
1297
1297
1304
1304
1304
1304
1304
1304
1308
1308
1308
1308
1308
1308
1308
1297
1297
1297
1297
1297
1297
1297
1297
1297
1297
1297
1297
1297
1297
1297
1297
1297
1297
1297
1297
1297
1297
1297
1297
1297
1297
1297
1297
1297
1297
1297
1297
1297
1297
1298
1298
1298
1298
1298
1298
1298
1298
1298
1298
1298
1298
1298
1298
1298
1298
1298
1298
1298
1298
1298
1298
1298
1298
1298
1298
1298
1298
1298
1298
1298
1298
1298
1298
1298
1298
1298
1298
1298
1298
1298
1298
1298
1297
1297
1297
1297
1297
1297
1297
1297
1297
1297
1297
1297
1297
1297
1297
1297
1297
1297
1297
1297
1297
1297
1297
1297
1297
1297
1297
1297
1297
1297
1297
1297
1297
1297
1297
1297
1297
1297
1297
1297
1297
1297
1297
1297
1297
1297
1297
1297
1297
1297
1297
1297
1297
1297
1297
1297
1297
1297
1297
1297
1297
1297
1297
1297
1297
1297
1297
1297
1297
1297
1297
1297
1297
1297
1297
1297
1297
1297
1297
1297
1297
1297
1297
1297
1297
1297
1297
1297
1297
1297
1297
1297
1297
1297
1297
1297
1297
1297
1297
1297
1297
1297
1297
1297
1297
1297
1297
1297
1297
1297
1297
1297
1297
1297
1297
1297
1297
1297
1297
1297
1297
1297
1297
1297
1297
1297
1297
1297
1297
1297
1297
1297
1297
1297
1297
1305
1305
1305
1305
1305
1305
1305
1305
1305
1305
1305
1305
1305
1305
1305
1305
1305
1305
1305
1313
1313
1313
1313
1313
1313
1313
1313
1313
1305
1305
1305
1305
1305
1297
1297
1305
1305
1305
1305
1305
1305
1305
1305
1305
1305
1305
1305
1305
1305
1309
1309
1309
1309
1309
1309
1309
1299
1299
1299
1299
1299
1299
1299
1299
1299
1299
1299
1299
1299
1299
1300
1300
1300
1300
1300
1298
1298
1298
1300
1300
1300
1300
1300
1300
1300
1300
1300
1299
1299
1299
1299
1299
1299
1299
1299
1299
1299
1299
1299
1299
1299
1299
1299
1299
1299
1299
1299
1299
1299
1299
1299
1299
1299
1299
1299
1299
1299
1299
1299
1299
1300
1300
1300
1300
1302
1302
1302
1302
1302
1302
1302
1302
1302
1302
1302
1302
1302
1302
1302
1302
1302
1302
1302
1302
1302
1302
1302
1302
1302
1302
1302
1302
1302
1302
1302
1302
1302
1302
1302
1302
1302
1307
1302
1302
1302
1302
1302
1302
1302
1302
1302
1302
1302
1302
1302
1302
1302
1302
1302
1302
1302
1302
1302
1302
1302
1302
1302
1302
1302
1302
1302
1302
1302
1302
1302
1302
1302
1302
1302
1302
1299
1299
1299
1299
1299
1299
1299
1299
1299
1299
1299
1299
1299
1299
1299
1299
1299
1299
1299
1299
1299
1299
1299
1299
1299
1299
1299
1299
1299
1299
1299
1299
1299
1299
1299
1299
1299
1299
1299
1299
1299
1299
1299
1299
1299
1299
1299
1297
1297
1297
1297
1297
1299
1299
1299
1297
1297
1297
1297
1297
1297
1297
1297
1297
1297
1297
1297
1297
1297
1297
1297
1297
1297
1297
1297
1297
1297
1297
1297
1297
1297
1297
1297
1297
1297
1297
1297
1310
1310
1310
1310
1310
1310
1310
1310
1310
1310
1310
1310
1310
1310
1310
1297
1297
1297
1297
1297
1297
1297
1297
1297
1297
1297
1297
1297
1297
1297
1297
1297
1297
1297
1297
1297
1297
1297
1297
1297
1297
1297
1297
1297
1297
1297
1297
1297
1297
1297
1297
1297
1297
1297
1297
1297
1297
1297
1297
1297
1297
1297
1301
1301
1301
1301
1301
1301
1301
1301
1301
1301
1301
1301
1301
1301
1301
1301
1301
1301
1297
1297
1297
1297
1297
1297
1297
1297
1297
1297
1297
1297
1297
1297
1297
1297
1297
1297
1297
1297
1297
1297
1297
1297
1297
1297
1297
1297
1297
1297
1297
1297
1297
1297
1297
1297
1297
1297
1297
1297
1297
1297
1297
1297
1297
1297
1297
1297
1297
1297
1297
1297
1297
1297
1297
1297
1297
1297
1297
1297
1297
1297
1297
1297
1297
1297
1297
1297
1297
1297
1297
1297
1297
1303
1303
1303
1303
1303
1303
1303
1303
1303
1303
1303
1303
1306
1306
1306
1306
1306
1306
1306
1315
1315
1315
1315
1315
1315
1315
1315
1315
1315
1315
1315
1315
1315
1315
1315
1315
1315
1315
1315
1315
1315
1315
1315
1315
1306
1306
1306
1306
1306
1306
1306
1306
1306
1306
1306
1306
1306
1306
1306
1306
1306
1306
1306
1306
1306
1306
1306
1306
1306
1306
1306
1306
1306
1303
1303
1303
1303
1303
1303
1303
1303
1303
1303
1303
1303
1303
1303
1302
1302
1302
1302
1302
1302
1302
1302
1302
1302
1302
1302
1302
1302
1302
1302
1297
1297
1297
1297
1297
1297
1297
1297
1297
1297
1297
1297
1297
1297
1297
1297
1297
1297
1298
1298
1298
1298
1298
1298
1297
1297
1297
1297
1297
1297
1297
1297
1297
1297
1297
1297
1297
1297
1297
1297
1297
1297
1297
1297
1297
1297
1297
1297
1297
1297
1297
1297
1297
1297
1297
1297
1297
1297
1297
1297
1297
1297
1297
1297
1297
1297
1297
1297
1297
1297
1297
1297
1297
1297
1297
1297
1297
1297
1297
1297
1297
1297
1297
1297
1297
1297
1297
1297
1297
1297
1297
1297
1297
1297
1297
1297
1297
1297
1297
1297
1297
1297
1297
1297
1297
1298
1298
1298
1298
1298
1298
1298
1298
1298
1298
1298
1298
1298
1298
1297
1297
1297
1298
1298
1298
1298
1298
1298
1298
1297
1297
1297
1297
1297
1297
1297
1297
1297
1297
1297
1297
1298
1298
1298
1298
1302
1302
1302
1302
1302
1302
1297
1301
1301
1301
1301
1301
1301
1301
1297
1297
1297
1297
1297
1297
1297
1297
1297
1301
1301
1297
1297
1297
1297
1297
1297
1297
1297
1297
1297
1297
1297
1297
1297
1297
1297
1297
1297
1297
1297
1297
1297
1297
1297
1297
1297
1297
1297
1297
1297
1297
1297
1297
1297
1297
1297
1297
1297
1297
1297
1297
1297
1297
1297
1297
1297
1297
1297
1297
1297
1297
1297
1297
1297
1297
1297
1297
1297
1297
1297
1297
1297
1297
1297
1297
1297
1297
1297
1297
1297
1297
1297
1297
1297
1297
1297
1297
1297
1297
1297
1297
1297
1297
1297
1297
1297
1297
1297
1297
1297
1297
1297
1297
1297
1297
1297
1297
1297
1297
1297
1297
1297
1297
1297
1297
1297
1297
1297
1297
1297
1297
1297
1297
1297
1297
1297
1297
1297
1297
1297
1297
1297
1297
1297
1297
1297
1297
1297
1297
1297
1297
1297
1297
1297
1297
1297
1297
1297
1297
1298
1298
1297
1297
1297
1297
1297
1297
1297
1297
1297
1297
1297
1297
1297
1297
1297
1297
1297
1297
1297
1297
1297
1297
1297
1297
1297
1297
1297
1297
1297
1297
1297
1297
1297
1297
1297
1297
1297
1297
1297
1297
1297
1297
1297
1297
1297
1297
1297
1297
1297
1297
1297
1297
1297
1297
1297
1297
1297
1297
1297
1297
1297
1297
1297
1297
1297
1297
1297
1297
1297
1297
1297
1297
1297
1297
1297
1297
1297
1300
1300
1300
1300
1300
1300
1300
1300
1300
1300
1300
1300
1300
1300
1300
1300
1300
1300
1300
1300
1300
1300
1300
1300
1300
1300
1300
1300
1300
1300
1300
1300
1301
1301
1301
1301
1301
1301
1301
1301
1303
1303
1303
1303
1303
1303
1303
1303
1303
1305
1305
1305
1305
1297
1297
1297
1297
1297
1297
1297
1297
1297
1297
1298
1298
1298
1298
1298
1298
1298
1298
1298
1298
1298
1298
1298
1298
1298
1298
1298
1297
1297
1297
1297
1297
1297
1297
1297
1297
1297
1297
1297
1297
1297
1297
1297
1297
1297
1297
1297
1297
1297
1297
1297
1297
1297
1297
1297
1297
1297
1297
1297
1297
1299
1299
1299
1299
1299
1299
1299
1299
1299
1297
1297
1297
1297
1297
1297
1297
1297
1297
1297
1297
1297
1297
1297
1297
1297
1297
1297
1297
1297
1297
1297
1297
1297
1300
1300
1300
1300
1300
1300
1297
1297
1297
1297
1297
1297
1297
1297
1297
1297
1297
1297
1297
1297
1297
1297
1297
1297
1297
1297
1297
1297
1297
1297
1297
1297
1297
1297
1297
1297
1297
1297
1297
1297
1297
1297
1297
1297
1297
1297
1297
1297
1297
1297
1297
1297
1297
1297
1297
1297
1297
1297
1297
1297
1297
1297
1297
1297
1297
1297
1297
1297
1297
1297
1297
1297
1297
1297
1297
1297
1297
1297
1297
1297
1297
1297
1297
1297
1297
1297
1297
1297
1297
1297
1297
1297
1297
1297
1297
1297
1297
1297
1297
1297
1297
1297
1297
1297
1297
1297
1297
1297
1297
1297
1297
1297
1297
1297
1297
1297
1297
1297
1297
1297
1297
1297
1297
1297
1297
1300
1300
1300
1300
1297
1297
1297
1297
1297
1297
1297
1297
1297
1297
1297
1297
1297
1297
1297
1297
1297
1297
1297
1297
1297
1297
1297
1297
1297
1297
1297
1297
1297
1297
1297
1297
1297
1297
1297
1297
1297
1297
1297
1297
1297
1297
1297
1297
1297
1297
1297
1297
1297
1297
1297
1297
1297
1297
1297
1297
1297
1297
1297
1297
1297
1297
1297
1297
1297
1297
1297
1297
1297
1297
1297
1297
1297
1297
1297
1297
1297
1302
1302
1297
1297
1297
1297
1297
1297
1297
1297
1297
1297
1297
1297
1297
1297
1297
1297
1297
1297
1297
1297
1297
1297
1297
1297
1297
1297
1297
1297
1297
1297
1297
1297
1297
1297
1297
1297
1297
1297
1297
1297
1297
1297
1297
1297
1297
1297
1297
1297
1297
1297
1297
1297
1297
1297
1297
1297
1297
1297
1297
1297
1297
1297
1297
1297
1297
1297
1297
1297
1297
1297
1297
1297
1297
1297
1297
1297
1297
1297
1297
1297
1297
1297
1297
1297
1297
1297
1297
1297
1297
1297
1297
1297
1297
1297
1297
1297
1297
1297
1297
1297
1297
1297
1297
1297
1297
1297
1297
1297
1297
1297
1297
1297
1297
1297
1297
1297
1297
1297
1297
1297
1297
1297
1297
1297
1297
1297
1297
1297
1297
1297
1297
1297
1297
1297
1297
1297
1297
1297
1297
1297
1297
1297
1297
1297
1297
1297
1297
1297
1297
1297
1297
1297
1297
1297
1297
1297
1297
1297
1297
1297
1297
1297
1297
1298
1298
1298
1298
1298
1298
1298
1298
1298
1298
1298
1297
1297
1297
1297
1297
1297
1297
1297
1297
1297
1297
1297
1297
1297
1297
1297
1297
1297
1297
1297
1297
1297
1297
1297
1297
1297
1297
1297
1297
1297
1297
1297
1297
1297
1297
1297
1297
1297
1297
1297
1297
1297
1297
1297
1297
1297
1297
1297
1297
1297
1297
1297
1297
1297
1297
1297
1297
1297
1297
1297
1306
1306
1306
1306
1306
1306
1306
1306
1306
1306
1306
1306
1306
1306
1308
1308
1308
1308
1308
1306
1306
1306
1306
1306
1306
1306
1306
1306
1306
1306
1306
1306
1306
1306
1306
1306
1306
1306
1306
1306
1306
1306
1306
1306
1306
1306
1306
1306
1306
1306
1306
1306
1306
1306
1306
1306
1306
1306
1306
1306
1306
1306
1306
1306
1306
1306
1306
1306
1306
1306
1297
1297
1297
1297
1297
1297
1297
1297
1297
1297
1297
1297
1297
1297
1297
1297
1297
1297
1297
1297
1297
1297
1297
1297
1297
1297
1297
1297
1297
1297
1297
1297
1297
1297
1297
1297
1297
1297
1297
1297
1297
1297
1297
1297
1297
1297
1297
1297
1297
1297
1297
1297
1297
1297
1297
1297
1297
1297
1299
1299
1297
1297
1297
1297
1297
1297
1297
1297
1297
1297
1297
1297
1297
1297
1297
1297
1297
1297
1297
1297
1297
1297
1297
1297
1297
1297
1297
1297
1297
1297
1297
1297
1297
1297
1297
1297
1297
1297
1297
1297
1297
1297
1297
1297
1297
1297
1297
1297
1297
1297
1297
1297
1297
1297
1297
1297
1297
1297
1297
1297
1297
1297
1297
1297
1297
1297
1297
1297
1297
1297
1297
1297
1297
1297
1297
1297
1297
1297
1297
1297
1297
1297
1297
1297
1297
1297
1297
1297
1297
1297
1297
1297
1297
1297
1297
1297
1297
1297
1297
1297
1297
1297
1297
1297
1297
1297
1297
1297
1297
1297
1297
1297
1297
1297
1297
1297
1297
1297
1297
1297
1297
1297
1297
1297
1297
1297
1297
1297
1297
1297
1297
1297
1297
1297
1297
1297
1297
1297
1297
1297
1297
1297
1297
1297
1297
1297
1297
1297
1297
1297
1297
1297
1297
1297
1297
1297
1297
1297
1297
1297
1297
1297
1297
1297
1297
1297
1297
1297
1297
1297
1297
1297
1297
1297
1297
1297
1297
1297
1297
1297
1297
1297
1297
1297
1297
1297
1297
1297
1297
1297
1297
1297
1297
1297
1297
1297
1297
1304
1297
1297
1297
1297
1297
1297
1297
1297
1297
1297
1297
1297
1297
1297
1297
1297
1297
1297
1297
1297
1297
1297
1297
1297
1297
1297
1297
1297
1297
1297
1297
1297
1297
1297
1297
1297
1297
1297
1297
1297
1297
1297
1297
1297
1297
1297
1297
1297
1297
1297
1297
1297
1297
1297
1297
1297
1297
1297
1297
1297
1297
1297
1297
1297
1297
1297
1297
1297
1297
1297
1297
1297
1297
1297
1297
1297
1297
1297
1297
1297
1297
1297
1297
1297
1297
1319
1319
1297
1297
1297
1297
1297
1297
1297
1297
1297
1297
1297
1297
1297
1297
1297
1297
1297
1297
1297
1297
1297
1297
1297
1297
1297
1297
1297
1297
1297
1297
1297
1297
1297
1297
1297
1297
1297
1297
1297
1297
1297
1297
1297
1297
1297
1297
1297
1297
1297
1297
1297
1297
1297
1297
1297
1297
1297
1297
1297
1297
1297
1297
1297
1297
1297
1297
1297
1297
1297
1297
1297
1301
1301
1301
1301
1301
1297
1297
1297
1297
1297
1297
1297
1297
1297
1297
1297
1297
1297
1297
1297
1297
1297
1297
1297
1297
1297
1297
1297
1297
1298
1298
1298
1298
1298
1298
1298
1298
1298
1298
1298
1298
1298
1298
1298
1298
1298
1298
1298
1298
1298
1298
1298
1298
1298
1298
1297
1297
1301
1301
1301
1301
1301
1301
1301
1301
1301
1301
1301
1301
1301
1301
1301
1301
1301
1297
1301
1301
1301
1301
1301
1301
1301
1301
1301
1301
1301
1301
1301
1301
1301
