2664
2689
2751
2775
2714
2711
2798
2755
2743
2716
2848
2875
2774
2822
2781
2741
2765
2782
2790
2815
2785
2784
2784
2796
2814
2818
2825
2759
2719
2721
2748
2680
2705
2721
2708
2764
2765
2765
2786
2843
2766
2862
2856
2816
2681
2774
2788
2779
2767
2792
2779
2805
2805
2844
2720
2720
2740
2772
2772
2881
2879
2861
2874
2852
2837
2859
2826
2904
2888
2818
2730
2904
2971
2949
2911
2831
2861
2834
2776
2725
2742
2742
2794
2722
2720
2724
2691
2742
2724
2750
2799
2792
2757
2772
2772
2794
2783
2794
2845
2801
2782
2790
2714
2773
2705
2720
2697
2729
2673
2723
2781
2802
2840
2840
2827
2833
2872
2828
2776
2739
2827
2779
2816
2834
2889
2856
2885
2838
2790
2775
2806
2765
2830
2892
2918
2867
2742
2772
2769
2791
2820
2781
2781
2858
2872
2878
2834
2911
2949
2877
2833
2860
2859
2777
2815
2807
2933
2933
2826
2848
2668
2682
2648
2680
2680
2684
2628
2659
2722
2704
2686
2703
2703
2862
2862
2862
2874
2811
2919
2919
2883
2878
2855
2826
2767
2822
2794
2800
2702
2713
2680
2650
2697
2697
2668
2585
2643
2671
2667
2621
2587
2593
2671
2678
2681
2697
2695
2699
2664
2708
2679
2677
2677
2663
2731
2624
2704
2718
2731
2702
2624
2635
2663
2634
2702
2650
2585
2638
2638
2642
2653
2631
2622
2667
2667
2638
2613
2616
2629
2688
2686
2686
2753
2703
2843
2851
2867
2833
2801
2682
2726
2657
2651
2730
2912
2968
2936
2936
3042
2843
2875
2878
2849
2843
2858
2873
2822
2859
2804
2824
2828
2843
2843
2788
2782
2846
2791
2783
2788
2766
2711
2795
2804
2781
2718
2718
2771
2826
2797
2762
2797
2777
2843
2791
2720
2757
2721
2724
2766
2710
2743
2744
2709
2685
2673
2695
2728
2717
2646
2657
2637
2668
2653
2675
2651
2649
2615
2656
2695
2722
2696
2688
2709
2724
2756
2708
2650
2693
2777
2584
2587
2784
2748
2748
2871
2897
2889
2844
2869
2910
2897
2933
2939
2928
2801
2878
2860
2860
2849
2877
2841
2752
2671
2644
2645
2649
2663
2674
2674
2651
2649
2662
2739
2749
2803
2732
2735
2730
2806
2806
2771
2824
2841
2817
2810
2797
2749
2705
2681
2770
2767
2694
2691
2833
2764
2675
2780
2695
2777
2604
2631
2698
2719
2637
2748
2671
2674
2612
2627
2608
2654
2666
2738
2827
2811
2740
2693
2776
2776
2794
2765
2775
2841
2841
2871
2918
2937
2940
2915
2943
2947
2908
2888
2867
2839
2851
2893
2831
2909
2909
2859
2814
2814
2824
2745
2733
2728
2733
2728
2736
2736
2768
2736
2785
2799
2870
2913
2846
2851
2873
2848
2854
2814
2806
2850
2681
2672
2682
2662
2648
2687
2673
2623
2723
2651
2663
2697
2634
2576
2679
2675
2770
2771
2916
2810
2696
2576
2626
2678
2642
2613
2613
2685
2685
2696
2708
2708
2689
2711
2710
2772
2806
2799
2741
2755
2754
2767
2700
2630
2647
2616
2673
2788
2854
2848
2848
2858
2870
2962
2954
2897
2852
2854
2806
2784
2778
2822
2823
2877
2918
2859
2841
2762
2765
2815
2824
2828
2903
2858
2858
2869
2847
2872
2800
2800
2872
2852
2864
2861
2763
2808
2783
2783
2684
2750
2874
2829
2850
2844
2850
2847
2765
2834
2796
2834
2913
2786
2769
2790
2847
2827
2796
2819
2751
2804
2808
2735
2717
2714
2745
2718
2639
2638
2674
2664
2664
2742
2751
2815
2833
2833
2825
2839
2837
2883
2853
2748
2795
2787
2756
2760
2684
2641
2721
2673
2667
2666
2685
2653
2672
2726
2734
2734
2733
2718
2694
2694
2648
2648
2643
2633
2616
2663
2837
2798
2785
2798
2831
2835
2792
2891
2985
2985
3030
2951
2838
2817
2916
2891
2819
2811
2871
2867
2876
2784
2686
2703
2734
2716
2740
2725
2699
2772
2851
2801
2724
2695
2713
2713
2710
2772
2658
2674
2672
2616
2630
2625
2648
2744
2881
2823
2816
2769
2777
2777
2777
2822
2721
2726
2826
2771
2772
2861
2765
2716
2720
2727
2707
2707
2723
2723
2749
2767
2766
2796
2856
2835
2838
2700
2803
2830
2800
2836
2810
2842
2799
2812
2733
2758
2723
2821
2793
2716
2716
2804
2807
2824
2824
2838
2815
2778
2809
2806
2720
2692
2692
2721
2712
2739
2739
2739
2740
2855
2787
2759
2742
2761
2808
2739
2712
2712
2749
2798
2769
2758
2758
2833
2849
2861
2860
2922
2857
2837
2870
2898
2889
2879
2881
2881
2914
2934
2817
2779
2742
2750
2759
2705
2730
2776
2857
2775
2796
2796
2755
2755
2785
2825
2801
2694
2694
2656
2688
2688
2789
2766
2840
2864
2864
2772
2723
2750
2763
2753
2793
2746
2727
2735
2727
2735
2735
2735
2672
2688
2761
2733
2685
2716
2740
2749
2789
2852
2796
2807
2780
2666
2666
2702
2702
2712
2707
2728
2755
2642
2642
2709
2680
2720
2693
2675
2661
2644
2691
2672
2663
2676
2673
2678
2690
2726
2700
2677
2574
2547
2548
2619
2590
2602
2616
2739
2704
2709
2722
2842
2780
2780
2741
2773
2792
2819
2819
2765
2765
2757
2648
2712
2709
2670
2701
2757
2757
2825
2899
2967
2922
2891
2922
2894
2853
2821
2772
2725
2771
2754
2782
2823
2695
2783
2751
2738
2783
2866
2866
2822
2841
2832
2851
2825
2639
2786
2786
2741
2715
2651
2691
2679
2686
2661
2611
2788
2788
2751
2722
2746
2725
2684
2647
2613
2636
2616
2616
2748
2769
2784
2661
2744
2715
2715
2723
2741
2820
2830
2854
2849
2863
2876
2871
2855
2842
2846
2831
2858
2821
2841
2849
2855
2843
2859
2879
2871
2913
2874
2871
2959
2859
2822
2772
2787
2864
2888
2892
2904
2927
2888
2804
2855
2864
2882
2859
2879
2927
2879
2911
2891
2896
2848
2919
2818
2795
2835
2824
2761
2738
2800
2799
2906
2889
2900
2891
2859
2913
2889
2761
2791
2812
2807
2807
2775
2766
2770
2775
2886
2813
2808
2714
2744
2759
2769
2757
2746
2766
2812
2703
2712
2678
2773
2847
2903
2778
2707
2731
2725
2843
2798
2778
2734
2678
2647
2664
2647
2642
2716
2782
2825
2815
2721
2803
2802
2787
2782
2740
2808
2740
2694
2723
2723
2704
2715
2705
2738
2740
2699
2778
2699
2720
2731
2749
2744
2834
2912
2912
2912
2835
2817
2855
2833
2777
2793
2738
2649
2669
2693
2665
2656
2668
2662
2706
2715
2774
2762
2793
2663
2658
2624
2687
2761
2723
2723
2640
2586
2542
2646
2631
2631
2606
2606
2621
2612
2612
2609
2818
2817
2812
2722
2708
2783
2712
2766
2738
2739
2853
2828
2761
2697
2604
2613
2613
2545
2571
2595
2670
2667
2667
2667
2654
2644
2645
2657
2707
2731
2750
2826
2809
2703
2702
2603
2622
2615
2615
2641
2700
2758
2754
2808
2812
2827
2929
2914
2823
2916
2926
2880
2758
2842
2852
2754
2750
2701
2725
2725
2744
2732
2732
2743
2744
2772
2756
2719
2851
2836
2909
2970
2893
2910
2818
2704
2686
2627
2653
2653
2717
2799
2799
2837
2873
2853
2783
2766
2707
2714
2725
2736
2727
2763
2721
2675
2743
2852
2847
2881
2827
2751
2763
2788
2767
2746
2642
2763
2769
2769
2798
2713
2720
2752
2707
2722
2720
2704
2817
2817
2849
2740
2737
2737
2723
2723
2722
2718
2696
2626
2692
2691
2654
2642
2645
2625
2633
2633
2736
2660
2711
2702
2761
2693
2675
2678
2762
2703
2759
2561
2561
2561
2561
2586
2586
2565
2625
2617
2620
2560
2560
2623
2660
2748
2650
2686
2652
2610
2624
2710
2710
2672
2672
2728
2711
2708
2744
2747
2747
2776
2726
2674
2697
2701
2772
2812
2809
2766
2784
2728
2737
2784
2784
2801
2822
2822
2792
2839
2839
2834
2819
2801
2894
2833
2822
2801
2790
2832
2827
2703
2755
2779
2753
2779
2642
2636
2636
2637
2648
2741
2775
2730
2669
2699
2704
2703
2684
2785
2764
2824
2863
2870
2932
2975
2975
2887
2872
2872
2968
2925
2902
2957
2957
2995
2880
2950
2925
2943
2943
2925
2925
2889
2943
2926
2926
2986
2916
2970
2906
2814
2782
2770
2818
2861
2872
2799
2807
2883
2807
2782
2863
2773
2793
2764
2830
2728
2777
2748
2724
2724
2783
2726
2735
2805
2712
2686
2696
2696
2699
2678
2604
2605
2605
2574
2620
2827
2811
2830
2784
2832
2832
2906
2866
2900
2878
2858
2858
2851
2796
2736
2778
2843
2774
2754
2685
2715
2734
2736
2757
2734
2683
2730
2806
2793
2732
2732
2839
2818
2727
2726
2730
2730
2730
2692
2710
2815
2799
2748
2700
2683
2704
2694
2694
2769
2795
2821
2692
2765
2853
2802
2721
2757
2708
2740
2732
2741
2757
2828
2866
2909
2923
2842
2830
2880
2862
2814
2883
2916
2780
2848
2728
2785
2785
2802
2831
2855
2814
2718
2782
2782
2788
2719
2657
2591
2664
2645
2625
2586
2603
2655
2615
2581
2597
2598
2798
2798
2886
2886
2921
2921
2861
2695
2695
2696
2730
2814
2806
2841
2834
2752
2835
2772
2740
2731
2749
2754
2738
2744
2761
2767
2718
2710
2682
2704
2645
2644
2591
2607
2525
2636
2599
2599
2636
2748
2716
2818
2843
2843
2855
2865
2804
2789
2685
2804
2744
2839
2855
2770
2853
2834
2846
2846
2791
2688
2688
2703
2694
2694
2694
2760
2664
2667
2686
2686
2721
2704
2704
2706
2715
2715
2738
2680
2667
2642
2642
2759
2788
2857
2835
2747
2747
2844
2844
2804
2795
2813
2841
2841
2935
2904
2830
2845
2759
2815
2730
2684
2681
2678
2720
2751
2728
2728
2813
2836
2773
2782
2672
2738
2734
2765
2765
2745
2712
2679
2779
2826
2794
2794
2716
2716
2739
2731
2830
2813
2762
2815
2863
2678
2658
2677
2703
2703
2767
2827
2764
2784
2784
2780
2798
2752
2767
2788
2788
2720
2762
2786
2817
2804
2813
2767
2813
2763
2763
2752
2833
2833
2811
2812
2813
2770
2824
2805
2762
2780
2796
2818
2847
2716
2716
2701
2753
2691
2691
2650
2644
2685
2677
2675
2642
2756
2792
2799
2749
2749
2717
2756
2756
2790
2790
2674
2715
2719
2699
2766
2760
2729
2782
2790
2790
2785
2773
2772
2855
2847
2849
2730
2812
2829
2846
2849
2849
2862
2862
2862
2780
2750
2750
2763
2860
2790
2778
2818
2709
2709
2672
2684
2651
2651
2743
2674
2663
2649
2687
2651
2637
2672
2685
2703
2740
2691
2711
2784
2778
2788
2727
2727
2790
2703
2652
2589
2559
2670
2699
2677
2713
2728
2728
2746
2722
2682
2712
2741
2805
2808
2753
2770
2772
2772
2620
2649
2672
2723
2712
2678
2709
2725
2748
2774
2765
2779
2779
2806
2803
2785
2792
2791
2780
2780
2768
2713
2610
2626
2710
2746
2802
2802
2760
2768
2768
2784
2784
2751
2742
2750
2711
2832
2782
2859
2849
2862
2785
2862
2856
2864
2735
2747
2826
2772
2737
2737
2749
2769
2797
2797
2855
2865
2852
2838
2778
2827
2772
2757
2751
2805
2805
2805
2808
2704
2654
2629
2676
2715
2698
2696
2696
2633
2632
2649
2627
2780
2692
2640
2641
2640
2664
2703
2704
2800
2807
2786
2722
2761
2696
2677
2691
2666
2620
2629
2629
2702
2702
2667
2667
2672
2695
2752
2773
2767
2713
2713
2706
2745
2787
2641
2629
2579
2609
2588
2649
2658
2658
2633
2619
2669
2763
2763
2803
2726
2699
2756
2761
2707
2711
2734
2721
2758
2822
2853
2829
2751
2757
2752
2819
2834
2834
2843
2843
2843
2837
2823
2820
2794
2771
2791
2791
2733
2728
2743
2809
2851
2786
2788
2816
2800
2822
2880
2909
2863
2862
2862
2862
2880
2880
2861
2848
2848
2912
2902
2885
2883
2828
2828
2839
2781
2765
2745
2723
2774
2701
2684
2684
2684
2745
2756
2727
2727
2764
2741
2741
2745
2781
2793
2747
2769
2757
2766
2640
2640
2693
2623
2743
2680
2708
2708
2752
2729
2729
2758
2808
2806
2850
2911
2855
2835
2774
2768
2796
2777
2747
2731
2762
2574
2580
2544
2566
2566
2557
2598
2601
2556
2556
2642
2623
2623
2628
2672
2720
2735
2741
2711
2733
2649
2647
2698
2722
2670
2685
2664
2688
2709
2769
2740
2666
2660
2738
2717
2727
2727
2733
2697
2733
2702
2763
2793
2740
2740
2646
2668
2668
2563
2631
2637
2686
2738
2680
2680
2667
2739
2742
2697
2728
2678
2663
2712
2696
2696
2728
2859
2852
2904
2889
2896
2928
2936
2907
2907
2950
2893
2948
2938
2804
2802
2711
2654
2613
2529
2524
2524
2524
2605
2612
2625
2628
2628
2653
2611
2691
2691
2691
2736
2854
2829
2789
2784
2759
2815
2860
2842
2856
2868
2848
2879
2900
2930
2930
2859
2923
2942
2930
2950
2949
2882
2882
2870
2802
2802
2839
2831
2831
2825
2825
2808
2793
2758
2703
2666
2656
2642
2665
2775
2741
2741
2759
2673
2737
2737
2737
2723
2719
2705
2746
2746
2655
2603
2688
2643
2644
2657
2668
2711
2742
2737
2659
2659
2662
2698
2645
2645
2698
2690
2690
2688
2666
2682
2662
2642
2622
2654
2654
2671
2704
2725
2697
2701
2733
2757
2685
2612
2602
2620
2620
2731
2798
2750
2689
2689
2647
2710
2629
2658
2719
2719
2718
2671
2671
2730
2716
2841
2750
2787
2706
2727
2731
2733
2691
2735
2790
2716
2726
2744
2663
2627
2595
2586
2640
2647
2605
2593
2593
2637
2645
2615
2615
2652
2627
2598
2586
2574
2590
2567
2590
2594
2594
2585
2616
2683
2575
2581
2653
2621
2677
2638
2637
2637
2637
2585
2615
2640
2640
2662
2662
2597
2590
2619
2605
2631
2772
2790
2768
2734
2762
2771
2771
2678
2644
2685
2740
2707
2725
2706
2706
2706
2673
2735
2640
2662
2640
2681
2668
2621
2663
2679
2710
2686
2660
2716
2734
2758
2699
2699
2695
2694
2690
2663
2663
2780
2802
2802
2802
2743
2792
2792
2728
2710
2743
2670
2670
2687
2680
2647
2709
2662
2688
2710
2755
2780
2755
2729
2720
2761
2772
2755
2688
2688
2740
2725
2738
2751
2739
2746
2748
2748
2748
2712
2724
2751
2713
2717
2709
2709
2763
2709
2709
2705
2699
2672
2677
2803
2809
2785
2785
2836
2888
2834
2820
2766
2776
2790
2790
2818
2742
2770
2880
2851
2851
2929
2898
2874
2839
2826
2826
2802
2757
2722
2744
2763
2665
2697
2756
2628
2628
2639
2614
2639
2630
2624
2675
2678
2695
2748
2718
2655
2642
2598
2718
2712
2621
2554
2584
2609
2562
2546
2752
2738
2693
2718
2718
2730
2680
2864
2894
2852
2818
2837
2819
2906
2889
2863
2889
2874
2767
2767
2817
2817
2836
2851
2890
2698
2653
2671
2659
2659
2688
2624
2632
2630
2630
2637
2742
2783
2785
2768
2712
2714
2772
2783
2755
2752
2766
2752
2699
2749
2756
2689
2703
2703
2745
2744
2751
2684
2675
2618
2694
2705
2933
2981
2953
3020
2979
2935
2889
2856
2845
2838
2849
2907
2837
2783
2832
2812
2853
2883
2858
2907
2907
2852
2803
2776
2752
2729
2780
2780
2827
2827
2875
2875
2839
2843
2834
2841
2823
2828
2825
2844
2899
2899
2907
2911
2758
2781
2747
2765
2786
2718
2839
2839
2848
2848
2858
2858
2919
2919
2926
2884
2900
2935
2963
2980
2980
3016
2934
2913
2955
2949
2986
2846
2858
2966
2973
2933
2896
2803
2780
2794
2804
2804
2808
2799
2812
2799
2799
2810
2810
2849
2849
2858
2827
2733
2818
2874
2853
2920
2934
2951
2921
2867
2819
2867
2927
2907
2911
2948
2956
2898
2862
2982
2879
2764
2729
2720
2675
2781
2788
2709
2769
2769
2618
2619
2589
2583
2580
2580
2584
2580
2580
2547
2738
2741
2712
2712
2712
2661
2737
2765
2838
2838
2843
2808
2882
2864
2879
2862
2860
2884
2843
2714
2687
2695
2611
2614
2629
2617
2634
2647
2647
2759
2780
2780
2795
2830
2746
2675
2701
2701
2704
2713
2676
2671
2711
2774
2731
2636
2629
2604
2620
2606
2609
2692
2718
2718
2731
2717
2764
2709
2720
2661
2672
2672
2672
2672
2655
2655
2697
2670
2670
2670
2798
2798
2813
2754
2754
2766
2840
2892
2886
2908
2852
2862
2789
2739
2761
2790
2910
2892
2913
2880
2867
2867
2877
2953
2930
2868
2950
2954
2944
2937
2959
2905
2917
2900
2816
2812
2797
2812
2808
2808
2803
2817
2754
2788
2809
2796
2833
2833
2868
2878
2888
2875
2839
2758
2721
2710
2646
2660
2643
2641
2679
2668
2668
2667
2657
2729
2739
2693
2606
2620
2680
2669
2690
2690
2646
2692
2617
2591
2602
2602
2579
2603
2603
2628
2590
2585
2613
2637
2642
2642
2598
2598
2607
2580
2601
2570
2570
2570
2621
2589
2589
2681
2735
2736
2736
2736
2742
2820
2916
2839
2839
2810
2671
2684
2679
2627
2647
2776
2776
2766
2835
2835
2839
2811
2811
2841
2841
2862
2862
2862
2854
2929
2866
2866
2828
2828
2841
2847
2814
2802
2812
2783
2783
2728
2743
2715
2719
2715
2709
2834
2750
2779
2797
2797
2788
2824
2922
2900
2827
2827
2835
2802
2834
2899
2881
2810
2789
2808
2830
2830
2830
2830
2874
2863
2863
2766
2803
2783
2783
2808
2808
2833
2831
2792
2825
2804
2902
2920
2903
2845
2858
2826
2866
2925
2875
2881
2854
2906
2881
2879
2842
2851
2810
2826
2883
2808
2917
2817
2817
2797
2827
2829
2829
2765
2798
2853
2809
2779
2833
2784
2779
2761
2720
2692
2692
2714
2763
2745
2745
2748
2766
2756
2760
2757
2767
2774
2759
2683
2764
2726
2726
2678
2656
2705
2750
2750
2815
2857
2798
2746
2756
2781
2823
2821
2682
2733
2758
2694
2682
2670
2670
2721
2698
2643
2641
2632
2646
2671
2727
2690
2690
2690
2654
2642
2681
2617
2609
2647
2659
2677
2677
2677
2732
2767
2640
2678
2723
2778
2688
2643
2634
2614
2651
2659
2766
2705
2696
2696
2667
2667
2667
2634
2624
2624
2624
2657
2591
2601
2609
2683
2676
2638
2694
2740
2694
2656
2656
2656
2654
2654
2690
2651
2651
2683
2598
2553
2517
2513
2516
2516
2516
2520
2520
2520
2582
2557
2538
2584
2584
2647
2632
2658
2640
2607
2651
2647
2628
2622
2620
2612
2636
2590
2664
2641
2735
2901
2853
2853
2857
2789
2779
2759
2817
2855
2868
2881
2882
2742
2746
2745
2755
2759
2673
2656
2628
2608
2608
2665
2665
2629
2636
2636
2584
2548
2531
2508
2508
2508
2532
2526
2558
2551
2551
2513
2532
2532
2574
2550
2549
2571
2576
2564
2554
2641
2585
2674
2674
2597
2597
2542
2579
2577
2568
2568
2572
2535
2613
2613
2613
2639
2702
2772
2765
2724
2688
2688
2696
2643
2627
2694
2665
2728
2728
2697
2694
2675
2768
2804
2782
2778
2793
2793
2758
2778
2745
2710
2721
2750
2829
2819
2776
2780
2780
2777
2822
2861
2861
2857
2865
2790
2865
2865
2865
2804
2804
2792
2782
2782
2818
2807
2744
2731
2731
2720
2757
2774
2823
2817
2768
2765
2765
2742
2648
2648
2648
2742
2748
2686
2711
2711
2711
2723
2728
2728
2755
2704
2704
2685
2622
2606
2607
2598
2598
2611
2706
2667
2706
2604
2615
2637
2747
2758
2751
2773
2777
2777
2763
2818
2837
2827
2899
2896
2871
2869
2868
2810
2810
2799
2791
2715
2773
2759
2680
2680
2680
2643
2632
2603
2570
2570
2713
2733
2733
2763
2782
2782
2723
2776
2776
2737
2708
2759
2742
2625
2599
2599
2599
2616
2611
2652
2650
2597
2558
2573
2568
2568
2557
2561
2622
2593
2665
2665
2679
2708
2560
2549
2627
2669
2657
2657
2686
2673
2715
2726
2744
2720
2755
2684
2676
2671
2718
2718
2726
2726
2726
2715
2706
2679
2629
2767
2772
2778
2651
2709
2717
2717
2717
2724
2724
2726
2652
2697
2696
2720
2753
2683
2688
2688
2739
2712
2712
2721
2689
2689
2815
2833
2711
2596
2669
2682
2660
2655
2705
2763
2784
2833
2765
2769
2716
2716
2734
2725
2658
2708
2741
2831
2683
2692
2680
2680
2652
2652
2671
2640
2663
2737
2834
2869
2872
2761
2726
2726
2694
2715
2751
2729
2666
2668
2631
2612
2638
2625
2625
2663
2597
2629
2629
2629
2678
2655
2655
2657
2728
2734
2748
2736
2736
2729
2734
2731
2731
2664
2652
2658
2680
2692
2676
2643
2649
2665
2733
2733
2779
2779
2739
2738
2758
2758
2758
2758
2797
2864
2864
2791
2801
2801
2819
2818
2750
2758
2826
2822
2840
2868
2804
2785
2813
2867
2939
2821
2817
2820
2820
2757
2757
2794
2735
2712
2712
2677
2677
2677
2650
2687
2697
2697
2699
2699
2699
2765
2772
2813
2776
2776
2736
2736
2750
2736
2821
2888
2759
2750
2602
2612
2612
2612
2678
2769
2787
2788
2755
2716
2666
2666
2695
2676
2676
2676
2659
2656
2694
2679
2687
2671
2700
2716
2726
2674
2662
2643
2662
2642
2637
2629
2646
2642
2632
2632
2668
2697
2693
2612
2612
2631
2581
2710
2706
2716
2745
2773
2773
2738
2709
2709
2704
2619
2619
2619
2619
2619
2633
2598
2598
2593
2593
2683
2703
2703
2712
2714
2737
2690
2678
2688
2688
2659
2681
2678
2678
2652
2759
2747
2750
2736
2752
2736
2764
2764
2796
2758
2764
2709
2722
2752
2752
2780
2752
2691
2669
2827
2827
2824
2837
2837
2765
2872
2920
2886
2886
2760
2724
2758
2790
2797
2806
2825
2742
2712
2718
2710
2704
2785
2798
2840
2872
2800
2767
2764
2756
2766
2712
2713
2709
2769
2787
2787
2836
2837
2776
2760
2850
2788
2847
2864
2843
2867
2843
2850
2807
2858
2876
2787
2807
2847
2825
2930
2875
2878
2862
2862
2755
2777
2736
2736
2724
2773
2794
2792
2792
2810
2867
2928
2867
2791
2791
2898
2784
2808
2801
2819
2778
2775
2798
2839
2839
2771
2832
2815
2858
2845
2774
2774
2862
2859
2796
2872
2872
2872
2925
2832
2832
2832
2835
2824
2848
2812
2812
2783
2794
2803
2850
2757
2816
2804
2759
2759
2771
2787
2729
2649
2628
2625
2625
2556
2556
2555
2577
2577
2650
2646
2614
2539
2559
2516
2527
2527
2527
2527
2534
2577
2577
2577
2667
2647
2647
2615
2599
2611
2611
2550
2544
2569
2536
2568
2555
2551
2629
2629
2636
2636
2646
2685
2685
2647
2647
2647
2647
2669
2670
2774
2719
2678
2644
2663
2633
2599
2599
2599
2599
2632
2618
2618
2618
2618
2618
2687
2687
2681
2705
2719
2697
2697
2697
2697
2830
2830
2830
2830
2885
2948
2909
2901
2901
2933
2865
2865
2775
2778
2778
2778
2808
2780
2699
2699
2699
2699
2709
2695
2695
2695
2699
2741
2725
2699
2699
2683
2683
2682
2693
2727
2727
2796
2714
2714
2716
2716
2772
2763
2772
2741
2676
2604
2576
2585
2585
2585
2585
2585
2616
2590
2657
2628
2628
2628
2616
2530
2530
2595
2663
2662
2651
2605
2591
2591
2591
2613
2613
2641
2636
2667
2658
2639
2639
2579
2579
2579
2583
2583
2666
2625
2625
2625
2600
2504
2520
2530
2563
2563
2577
2572
2574
2557
2566
2566
2566
2643
2622
2625
2617
2667
2675
2675
2602
2602
2602
2621
2673
2673
2673
2707
2718
2779
2779
2652
2620
2626
2712
2712
2737
2717
2753
2760
2765
2731
2731
2733
2718
2717
2739
2695
2648
2648
2583
2575
2680
2676
2721
2750
2750
2696
2680
2726
2726
2726
2726
2642
2691
2665
2724
2706
2750
2750
2656
2685
2731
2728
2704
2704
2634
2645
2741
2765
2763
2763
2841
2847
2797
2797
2836
2836
2836
2795
2710
2653
2639
2615
2615
2615
2684
2730
2646
2613
2606
2609
2617
2626
2635
2584
2584
2587
2587
2644
2626
2639
2639
2751
2651
2651
2651
2694
2703
2751
2697
2680
2680
2581
2635
2624
2583
2628
2628
2748
2748
2731
2689
2694
2786
2753
2753
2750
2750
2772
2725
2731
2750
2766
2783
2812
2782
2765
2748
2741
2737
2691
2674
2659
2681
2782
2727
2751
2827
2827
2781
2796
2741
2736
2736
2765
2765
2766
2742
2742
2783
2832
2849
2849
2817
2833
2750
2750
2700
2682
2726
2736
2723
2762
2782
2782
2743
2778
2778
2810
2810
2846
2885
2885
2894
2873
2769
2766
2744
2744
2744
2744
2742
2707
2704
2734
2734
2707
2707
2707
2749
2745
2745
2768
2768
2738
2685
2685
2685
2685
2658
2658
2610
2610
2610
2610
2591
2595
2595
2595
2597
2666
2608
2629
2590
2590
2590
2629
2766
2733
2757
2770
2782
2780
2747
2738
2688
2696
2593
2593
2598
2669
2684
2654
2654
2651
2666
2677
2682
2682
2616
2596
2596
2547
2540
2540
2540
2545
2545
2545
2552
2612
2612
2596
2678
2645
2645
2639
2658
2658
2679
2637
2637
2562
2562
2574
2574
2577
2565
2599
2599
2587
2587
2565
2550
2523
2617
2617
2559
2551
2561
2561
2561
2561
2566
2608
2547
2533
2535
2535
2535
2577
2556
2557
2595
2595
2600
2600
2609
2644
2645
2617
2598
2604
2589
2589
2589
2615
2604
2604
2608
2608
2615
2616
2616
2613
2625
2613
2613
2673
2641
2641
2631
2685
2658
2692
2683
2688
2601
2566
2566
2578
2638
2588
2588
2588
2588
2598
2594
2639
2570
2591
2591
2591
2591
2683
2640
2640
2649
2640
2679
2668
2628
2628
2559
2635
2674
2668
2660
2660
2660
2645
2639
2626
2645
2655
2644
2729
2746
2778
2746
2754
2754
2727
2662
2659
2680
2680
2680
2612
2669
2690
2690
2690
2690
2701
2661
2683
2683
2691
2710
2735
2748
2781
2770
2737
2732
2588
2588
2603
2535
2535
2535
2535
2535
2535
2536
2536
2564
2617
2617
2591
2591
2604
2625
2712
2696
2696
2696
2689
2701
2650
2684
2648
2617
2600
2641
2676
2663
2634
2641
2622
2579
2579
2579
2579
2586
2578
2500
2508
2503
2503
2503
2503
2503
2581
2624
2641
2689
2641
2641
2657
2684
2648
2636
2638
2615
2669
2700
2700
2673
2674
2695
2696
2640
2640
2628
2572
2577
2561
2561
2561
2608
2608
2618
2618
2618
2613
2636
2636
2633
2627
2627
2666
2726
2666
2666
2663
2633
2622
2612
2642
2719
2666
2666
2666
2666
2659
2630
2634
2588
2531
2531
2531
2531
2603
2603
2617
2626
2612
2587
2597
2626
2638
2668
2668
2668
2703
2727
2776
2829
2792
2792
2792
2792
2784
2798
2744
2744
2744
2678
2695
2685
2717
2718
2718
2667
2663
2672
2642
2629
2629
2629
2606
2606
2579
2579
2583
2608
2608
2608
2598
2598
2570
2657
2770
2791
2791
2792
2812
2764
2678
2678
2678
2678
2792
2792
2763
2759
2759
2710
2731
2689
2627
2653
2653
2653
2653
2653
2660
2663
2663
2672
2688
2723
2737
2729
2705
2729
2764
2785
2758
2664
2591
2589
2589
2589
2631
2603
2652
2652
2604
2586
2586
2576
2590
2590
2590
2615
2611
2611
2611
2611
2611
2613
2613
2600
2609
2600
2600
2600
2600
2597
2583
2578
2605
2592
2592
2610
2619
2642
2638
2740
2716
2710
2710
2710
2719
2719
2728
2728
2728
2734
2734
2734
2744
2744
2744
2753
2753
2745
2700
2700
2700
2699
2688
2691
2692
2618
2618
2618
2618
2595
2605
2605
2605
2588
2602
2602
2603
2602
2679
2679
2611
2631
2631
2715
2725
2725
2619
2619
2632
2666
2633
2633
2633
2629
2618
2618
2618
2659
2659
2660
2664
2612
2612
2612
2626
2626
2596
2712
2712
2712
2751
2765
2802
2787
2765
2747
2747
2722
2722
2801
2801
2723
2718
2703
2703
2703
2673
2655
2655
2609
2602
2618
2625
2625
2560
2560
2587
2587
2538
2538
2538
2538
2569
2541
2543
2522
2522
2522
2526
2526
2526
2526
2526
2522
2611
2611
2641
2641
2733
2733
2777
2779
2714
2714
2643
2645
2600
2600
2631
2672
2636
2574
2574
2574
2574
2619
2580
2583
2632
2632
2628
2616
2586
2576
2548
2525
2525
2529
2537
2532
2532
2511
2485
2526
2526
2526
2548
2548
2553
2553
2553
2593
2628
2628
2628
2628
2628
2609
2609
2580
2580
2580
2580
2589
2589
2589
2521
2521
2521
2521
2521
2527
2527
2527
2566
2566
2566
2592
2593
2593
2580
2580
2578
2515
2519
2519
2550
2614
2603
2603
2603
2603
2580
2527
2527
2527
2583
2550
2550
2550
2550
2533
2526
2510
2544
2595
2555
2555
2555
2554
2554
2668
2688
2693
2705
2669
2669
2669
2775
2723
2718
2718
2709
2709
2709
2674
2672
2672
2672
2653
2652
2661
2664
2680
2680
2680
2680
2680
2680
2708
2708
2708
2708
2674
2645
2645
2676
2676
2676
2676
2676
2696
2696
2739
2683
2683
2660
2660
2660
2688
2688
2613
2613
2613
2650
2641
2641
2655
2655
2645
2663
2603
2603
2603
2603
2600
2636
2636
2640
2627
2627
2627
2627
2627
2687
2687
2665
2665
2688
2709
2709
2675
2675
2675
2688
2689
2679
2679
2679
2679
2664
2662
2650
2667
2684
2715
2715
2715
2715
2708
2708
2708
2708
2706
2794
2797
2861
2843
2792
2767
2806
2819
2770
2770
2770
2770
2770
2736
2736
2736
2724
2780
2780
2715
2682
2682
2702
2702
2702
2702
2702
2733
2725
2712
2731
2793
2798
2798
2798
2757
2696
2696
2714
2741
2728
2692
2694
2689
2689
2689
2699
2699
2714
2709
2695
2674
2674
2688
2708
2692
2692
2772
2772
2808
2808
2808
2710
2663
2663
2663
2671
2671
2671
2671
2671
2671
2673
2673
2673
2673
2694
2614
2639
2639
2657
2657
2657
2592
2601
2601
2631
2582
2582
2615
2686
2689
2666
2672
2681
2681
2637
2596
2604
2574
2553
2516
2557
2597
2597
2589
2589
2596
2596
2573
2573
2573
2573
2573
2573
2573
2573
2573
2596
2553
2662
2702
2690
2683
2683
2655
2655
2644
2644
2684
2684
2671
2818
2818
2768
2768
2741
2735
2735
2763
2756
2759
2750
2713
2741
2759
2777
2777
2727
2731
2818
2818
2826
2826
2777
2756
2688
2700
2700
2673
2670
2684
2689
2697
2645
2590
2590
2603
2556
2556
2556
2581
2519
2519
2489
2489
2517
2517
2517
2517
2530
2498
2503
2503
2503
2503
2503
2503
2503
2503
2514
2514
2514
2534
2535
2535
2535
2555
2555
2602
2553
2553
2553
2553
2553
2553
2553
2533
2578
2578
2578
2578
2647
2654
2629
2603
2603
2509
2509
2514
2514
2514
2514
2514
2514
2514
2514
2514
2549
2529
2529
2529
2529
2529
2560
2560
2560
2560
2557
2479
2526
2527
2527
2540
2540
2540
2540
2548
2548
2539
2539
2537
2537
2537
2568
2620
2620
2563
2556
2588
2588
2588
2582
2550
2648
2631
2621
2631
2635
2635
2635
2635
2673
2644
2644
2628
2611
2600
2600
2600
2600
2600
2600
2577
2558
2558
2558
2558
2581
2591
2591
2591
2608
2608
2625
2625
2577
2592
2592
2507
2507
2523
2523
2523
2523
2523
2523
2523
2523
2660
2663
2702
2702
2664
2744
2800
2724
2758
2697
2691
2695
2695
2695
2679
2577
2549
2549
2549
2549
2549
2603
2634
2629
2624
2624
2585
2580
2576
2524
2544
2541
2550
2550
2550
2550
2550
2550
2550
2557
2567
2567
2551
2551
2590
2590
2590
2590
2590
2590
2590
2615
2615
2615
2569
2569
2592
2592
2592
2598
2592
2618
2618
2618
2618
2618
2618
2604
2604
2604
2604
2595
2583
2583
2583
2601
2608
2608
2608
2608
2642
2617
2617
2695
2622
2622
2605
2605
2605
2605
2605
2605
2604
2604
2604
2604
2584
2593
2599
2599
2599
2599
2599
2599
2599
2599
2599
2599
2599
2581
2581
2607
2607
2586
2586
2586
2620
2620
2620
2636
2636
2574
2574
2574
2576
2576
2576
2576
2581
2581
2603
2603
2679
2679
2648
2666
2660
2650
2649
2649
2670
2633
2633
2633
2632
2696
2684
2688
2715
2715
2666
2666
2666
2593
2624
2643
2700
2700
2687
2697
2707
2708
2708
2722
2712
2680
2680
2680
2680
2628
2628
2628
2624
2661
2661
2661
2591
2594
2594
2594
2611
2611
2611
2608
2590
2591
2591
2570
2570
2568
2568
2627
2611
2552
2552
2552
2552
2552
2551
2605
2626
2626
2641
2636
2631
2631
2636
2641
2641
2593
2568
2568
2631
2621
2609
2632
2637
2614
2614
2614
2629
2629
2629
2622
2622
2625
2625
2625
2596
2596
2583
2621
2621
2621
2612
2612
2612
2612
2612
2642
2641
2641
2651
2651
2651
2637
2637
2626
2626
2626
2626
2623
2623
2672
2592
2592
2592
2592
2555
2541
2541
2543
2587
2587
2587
2579
2579
2579
2579
2579
2607
2612
2613
2629
2653
2653
2644
2643
2734
2706
2675
2635
2632
2587
2587
2587
2587
2587
2587
2587
2624
2624
2566
2566
2566
2561
2561
2560
2588
2588
2588
2576
2576
2576
2576
2576
2618
2618
2618
2618
2618
2647
2674
2674
2707
2707
2714
2714
2714
2661
2661
2643
2629
2634
2656
2656
2656
2656
2597
2597
2597
2597
2583
2605
2605
2640
2541
2549
2532
2532
2532
2532
2532
2532
2538
2538
2538
2538
2538
2538
2538
2571
2571
2566
2558
2558
2510
2486
2486
2486
2486
2486
2486
2447
2447
2447
2470
2498
2498
2456
2524
2524
2498
2479
2475
2475
2475
2475
2475
2475
2475
2497
2551
2551
2589
2587
2587
2587
2555
2524
2478
2478
2478
2499
2499
2518
2506
2500
2500
2500
2500
2500
2500
2500
2500
2500
2500
2500
2500
2500
2500
2500
2531
2570
2490
2514
2514
2490
2490
2490
2490
2510
2510
2435
2467
2467
2467
2475
2475
2475
2480
2480
2481
2481
2481
2527
2570
2570
2569
2559
2505
2552
2552
2564
2564
2564
2564
2575
2575
2575
2575
2575
2575
2575
2574
2574
2574
2574
2574
2574
2574
2506
2455
2455
2449
2481
2475
2474
2474
2484
2484
2484
2484
2465
2523
2523
2523
2523
2523
2554
2554
2551
2527
2527
2523
2523
2530
2530
2531
2531
2531
2531
2531
2520
2551
2551
2523
2523
2523
2523
2523
2523
2515
2506
2506
2506
2506
2486
2486
2486
2486
2486
2486
2466
2501
2501
2501
2457
2457
2457
2457
2457
2457
2457
2496
2496
2541
2541
2527
2553
2553
2528
2528
2528
2529
2529
2500
2500
2546
2546
2546
2546
2548
2635
2611
2614
2540
2540
2540
2540
2540
2540
2540
2532
2532
2532
2532
2532
2510
2510
2510
2525
2494
2494
2494
2494
2494
2499
2499
2499
2516
2516
2516
2524
2524
2524
2573
2573
2573
2573
2573
2571
2568
2571
2571
2590
2582
2582
2582
2556
2561
2561
2561
2561
2561
2561
2561
2543
2543
2538
2530
2530
2538
2556
2526
2526
2514
2514
2514
2514
2518
2518
2575
2633
2633
2644
2644
2616
2616
2616
2616
2624
2580
2541
2547
2547
2574
2563
2589
2591
2635
2616
2616
2616
2632
2632
2578
2578
2586
2544
2528
2557
2557
2557
2557
2528
2551
2585
2636
2636
2642
2642
2636
2581
2552
2552
2552
2552
2552
2552
2552
2552
2552
2552
2552
2552
2552
2552
2587
2587
2624
2662
2662
2688
2667
2667
2636
2621
2621
2621
2646
2646
2646
2646
2646
2653
2641
2686
2686
2686
2686
2652
2663
2661
2632
2610
2660
2660
2681
2681
2681
2681
2682
2647
2591
2591
2587
2587
2618
2628
2628
2628
2598
2614
2614
2659
2676
2668
2637
2637
2620
2620
2620
2620
2647
2647
2647
2647
2647
2655
2647
2647
2647
2647
2647
2618
2618
2618
2615
2615
2585
2585
2585
2493
2493
2493
2493
2493
2493
2493
2493
2562
2562
2562
2539
2539
2539
2539
2564
2564
2591
2591
2591
2591
2599
2599
2614
2614
2604
2604
2598
2598
2677
2677
2677
2678
2678
2716
2717
2681
2681
2681
2688
2663
2663
2674
2668
2668
2668
2637
2637
2625
2625
2625
2588
2588
2578
2578
2558
2558
2558
2548
2564
2564
2529
2529
2529
2529
2525
2525
2525
2525
2525
2525
2506
2506
2506
2506
2518
2520
2520
2520
2520
2520
2520
2520
2512
2512
2512
2533
2533
2539
2561
2565
2558
2558
2558
2558
2544
2585
2555
2555
2565
2569
2569
2569
2637
2637
2602
2602
2571
2571
2532
2532
2532
2532
2532
2532
2527
2527
2529
2518
2518
2492
2492
2492
2492
2511
2513
2494
2494
2494
2494
2531
2531
2519
2519
2519
2519
2519
2519
2519
2514
2514
2514
2527
2527
2527
2527
2527
2527
2527
2532
2532
2532
2533
2507
2487
2491
2491
2491
2491
2491
2491
2491
2491
2491
2491
2491
2491
2495
2495
2495
2495
2495
2495
2495
2495
2488
2488
2503
2503
2503
2503
2503
2495
2495
2495
2487
2487
2487
2445
2445
2445
2445
2445
2445
2445
2445
2445
2445
2445
2445
2445
2445
2445
2445
2445
2445
2445
2445
2445
2445
2445
2455
2455
2455
2455
2455
2455
2455
2455
2455
2455
2482
2482
2482
2482
2514
2514
2514
2514
2514
2514
2527
2527
2527
2527
2527
2527
2527
2507
2507
2541
2522
2487
2487
2487
2487
2495
2506
2506
2537
2527
2527
2527
2527
2527
2527
2516
2516
2516
2516
2512
2515
2515
2515
2515
2515
2515
2515
2515
2518
2486
2486
2486
2486
2486
2476
2476
2490
2490
2491
2501
2501
2501
2499
2499
2489
2489
2546
2546
2565
2565
2565
2551
2551
2551
2563
2563
2563
2563
2563
2563
2563
2594
2594
2594
2583
2583
2583
2583
2583
2583
2592
2592
2592
2592
2579
2587
2587
2587
2587
2587
2604
2604
2604
2611
2611
2604
2612
2612
2612
2612
2612
2642
2635
2635
2649
2643
2601
2601
2533
2531
2491
2491
2491
2491
2501
2521
2521
2521
2521
2521
2537
2537
2537
2537
2537
2537
2590
2590
2598
2598
2598
2598
2598
2615
2542
2545
2545
2510
2519
2519
2519
2519
2519
2519
2519
2519
2519
2519
2519
2518
2518
2518
2518
2487
2497
2497
2497
2497
2497
2497
2497
2501
2501
2501
2501
2501
2501
2501
2501
2501
2502
2545
2545
2524
2524
2524
2524
2524
2524
2524
2539
2524
2501
2501
2525
2525
2525
2525
2525
2525
2492
2490
2490
2490
2520
2520
2520
2520
2520
2520
2520
2505
2505
2505
2505
2505
2505
2505
2505
2493
2493
2493
2493
2493
2493
2493
2493
2486
2486
2486
2486
2486
2486
2486
2486
2486
2486
2471
2445
2445
2445
2445
2445
2445
2445
2445
2445
2446
2446
2446
2446
2457
2457
2457
2457
2457
2463
2463
2463
2463
2463
2455
2455
2455
2455
2455
2455
2455
2455
2455
2455
2455
2446
2446
2446
2446
2446
2446
2446
2446
2454
2454
2454
2454
2454
2464
2464
2464
2464
2464
2464
2464
2482
2481
2481
2481
2481
2481
2481
2481
2481
2507
2525
2507
2507
2507
2507
2516
2516
2516
2548
2548
2548
2548
2548
2548
2548
2554
2589
2589
2574
2574
2574
2577
2574
2574
2574
2566
2566
2566
2566
2566
2566
2546
2516
2481
2494
2494
2496
2496
2496
2503
2503
2511
2511
2511
2511
2511
2511
2511
2511
2511
2511
2511
2511
2511
2511
2511
2511
2511
2511
2511
2511
2533
2533
2533
2533
2556
2556
2556
2556
2525
2525
2520
2514
2514
2514
2514
2514
2514
2514
2507
2507
2507
2507
2507
2507
2507
2507
2507
2507
2507
2507
2507
2507
2507
2507
2507
2507
2507
2541
2537
2537
2542
2547
2547
2542
2542
2534
2525
2525
2525
2525
2519
2519
2519
2519
2519
2519
2519
2519
2519
2496
2496
2496
2496
2522
2522
2522
2522
2522
2522
2515
2515
2515
2525
2525
2525
2525
2525
2525
2525
2525
2525
2525
2525
2525
2525
2525
2526
2523
2523
2523
2523
2523
2523
2523
2523
2477
2477
2477
2477
2477
2477
2477
2477
2477
2461
2461
2492
2492
2492
2486
2486
2486
2486
2486
2486
2486
2486
2486
2486
2486
2486
2486
2461
2461
2464
2464
2464
2464
2463
2463
2463
2463
2463
2460
2451
2451
2451
2451
2451
2451
2451
2451
2460
2460
2460
2460
2444
2444
2444
2455
2455
2455
2455
2455
2455
2455
2455
2455
2455
2455
2455
2455
2455
2474
2474
2474
2474
2474
2472
2472
2472
2472
2472
2472
2472
2487
2489
2489
2489
2494
2494
2509
2509
2509
2509
2509
2472
2472
2472
2472
2466
2466
2466
2466
2466
2419
2419
2419
2419
2419
2419
2419
2419
2419
2419
2419
2419
2419
2419
2419
2419
2419
2419
2417
2417
2417
2417
2417
2417
2431
2431
2431
2431
2431
2431
2431
2431
2431
2431
2431
2431
2431
2431
2431
2431
2431
2447
2447
2447
2447
2447
2447
2447
2447
2447
2447
2447
2447
2447
2447
2447
2447
2447
2447
2447
2447
2447
2447
2431
2431
2431
2431
2431
2431
2431
2431
2431
2431
2431
2440
2435
2435
2435
2435
2435
2435
2435
2435
2435
2435
2435
2435
2435
2435
2435
2435
2435
2435
2435
2435
2435
2435
2435
2435
2435
2435
2435
2435
2435
2435
2435
2435
2435
2435
2435
2435
2435
2435
2435
2435
2435
2430
2430
2430
2430
2430
2430
2430
2430
2430
2430
2440
2440
2440
2440
2440
2440
2444
2444
2446
2446
2446
2446
2446
2446
2446
2446
2446
2434
2434
2434
2434
2434
2434
2434
2434
2434
2434
2434
2434
2434
2434
2434
2434
2434
2434
2434
2434
2434
2434
2434
2434
2443
2443
2443
2443
2443
2443
2443
2443
2443
2443
2443
2443
2443
2438
2438
2438
2438
2438
2438
2438
2438
2438
2438
2438
2438
2438
2438
2438
2438
2438
2438
2438
2438
2438
2438
2438
2438
2438
2438
2438
2438
2438
2438
2438
2438
2438
2438
2438
2438
2438
2438
2438
2438
2438
2438
2438
2438
2438
2438
2438
2425
2425
2425
2425
2425
2425
2425
2425
2425
2425
2425
2425
2430
2417
2417
2417
2417
2417
2417
2417
2417
2417
2417
2417
2417
2417
2417
2417
2417
2418
2418
2418
2418
2418
2418
2418
2418
2418
2418
2418
2411
2411
2411
2411
2411
2411
2411
2411
2411
2411
2411
2405
2405
2405
2405
2405
2409
2409
2409
2410
2410
2409
2409
2409
2436
2436
2436
2436
2436
2436
2436
2436
2436
2436
2436
2400
2400
2400
2400
2400
2400
2400
2400
2400
2400
2400
2400
2400
2400
2400
2398
2398
2398
2398
2398
2398
2398
2398
2398
2398
2398
2398
2398
2398
2398
2398
2398
2398
2398
2398
2398
2398
2398
2398
2398
2398
2393
2393
2393
2393
2393
2393
2393
2393
2393
2393
2393
2393
2393
2393
2393
2393
2393
2393
2393
2393
2393
2393
2393
2393
2393
2393
2393
2393
2393
2393
2393
2393
2393
2393
2393
2393
2393
2393
2393
2393
2401
2401
2401
2401
2401
2401
2401
2401
2402
2402
2402
2402
2402
2394
2394
2394
2394
2394
2394
2394
2394
2394
2394
2399
2399
2399
2399
2399
2399
2399
2399
2399
2399
2399
2399
2399
2399
2399
2399
2399
2411
2411
2411
2411
2411
2411
2411
2411
2411
2411
2411
2411
2411
2411
2410
2410
2410
2410
2410
2410
2410
2410
2410
2410
2410
2410
2414
2414
2427
2427
2427
2427
2427
2427
2427
2427
2427
2427
2442
2442
2442
2442
2442
2442
2442
2442
2442
2442
2442
2442
2438
2438
2438
2438
2438
2438
2438
2438
2438
2438
2438
2438
2438
2438
2438
2438
2438
2438
2438
2438
2438
2438
2438
2438
2438
2438
2438
2438
2438
2438
2438
2438
2438
2438
2438
2438
2442
2433
2433
2433
2433
2433
2433
2433
2433
2433
2433
2433
2433
2433
2446
2446
2446
2446
2446
2446
2446
2446
2446
2446
2444
2444
2444
2444
2444
2431
2431
2431
2431
2431
2431
2431
2431
2431
2431
2431
2431
2431
2431
2431
2431
2431
2431
2431
2431
2414
2414
2414
2414
2414
2414
2414
2414
2414
2414
2414
2414
2414
2414
2414
2414
2414
2414
2414
2414
2414
2414
2414
2414
2414
2414
2414
2414
2414
2414
2398
2398
2398
2398
2398
2398
2398
2398
2398
2398
2398
2398
2398
2398
2398
2398
2398
2398
2398
2398
2398
2398
2398
2398
2398
2398
2398
2398
2398
2398
2398
2398
2398
2398
2398
2398
2398
2398
2398
2398
2398
2398
2398
2398
2398
2398
2398
2398
2398
2398
2398
2398
2398
2398
2398
2398
2398
2398
2398
2398
2398
2398
2398
2398
2398
2398
2398
2398
2398
2398
2398
2398
2398
2398
2398
2398
2398
2398
2398
2398
2398
2398
2398
2398
2398
2398
2398
2398
2398
2398
2398
2398
2398
2398
2398
2398
2398
2398
2398
2398
2398
2398
2398
2398
2398
2398
2398
2398
2398
2398
2398
2398
2398
2398
2398
2404
2404
2404
2404
2404
2404
2404
2404
2404
2404
2404
2404
2404
2404
2404
2404
2404
2404
2404
2404
2404
2404
2404
2404
2404
2404
2404
2404
2404
2404
2404
2404
2404
2404
2404
2404
2404
2404
2404
2404
2404
2404
2404
2404
2404
2404
2404
2404
2404
2404
2404
2404
2404
2404
2404
2404
2404
2404
2404
2404
2404
2404
2404
2404
2404
2404
2404
2404
2404
2404
2404
2404
2404
2404
2404
2404
2404
2404
2404
2404
2404
2404
2404
2404
2404
2404
2404
2404
2404
2404
2404
2404
2404
2404
2404
2404
2404
2404
2404
2404
2404
2404
2404
2404
2404
2404
2404
2404
2404
2404
2404
2404
2404
2404
2404
2404
2404
2404
2404
2404
2404
2404
2404
2404
2404
2404
2404
2404
2404
2404
2404
2404
2404
2404
2404
2404
2404
2404
2404
2404
2404
2404
2404
2404
2404
2404
2404
2404
2404
2404
2404
2404
2404
2404
2404
2404
2404
2404
2404
2404
2404
2404
2404
2404
2404
2404
2404
2404
2404
2404
2404
2425
2425
2425
2425
2425
2425
2425
2425
2425
2425
2425
2425
2425
2425
2425
2425
2425
2425
2425
2425
2425
2425
2425
2425
2425
2425
2425
2425
2425
2425
2425
2425
2425
2425
2425
2425
2425
2425
2425
2425
2425
2428
2428
2428
2428
2428
2439
2439
2439
2439
2439
2439
2455
2455
2455
2455
2455
2432
2432
2432
2432
2432
2432
2432
2432
2432
2432
2432
2432
2432
2432
2432
2432
2432
2432
2432
2432
2432
2432
2432
2432
2432
2432
2432
2432
2432
2432
2432
2432
2432
2432
2432
2432
2432
2432
2432
2432
2432
2432
2432
2432
2432
2432
2432
2432
2432
2432
2432
2432
2432
2432
2432
2432
2432
2432
2432
2432
2432
2432
2432
2432
2432
2432
2432
2432
2432
2432
2432
2432
2432
2432
2432
2432
2432
2432
2432
2432
2432
2432
2432
2432
2432
2432
2432
2432
2432
2432
2432
2432
2435
2435
2435
2435
2435
2435
2435
2435
2435
2435
2435
2435
2435
2435
2435
2432
2432
2432
2432
2432
2432
2432
2432
2432
2432
2432
2432
2432
2432
2432
2432
2432
2432
2432
2432
2432
2432
2432
2432
2432
2432
2432
2432
2432
2432
2432
2432
2432
2432
2432
2432
2432
2432
2432
2432
2432
2432
2432
2432
2432
2432
2432
2432
2435
2435
2435
2435
2435
2435
2435
2435
2435
2435
2435
2435
2435
2435
2435
2435
2435
2435
2435
2435
2435
2433
2433
2433
2433
2433
2433
2433
2433
2433
2433
2433
2433
2433
2433
2433
2433
2433
2433
2433
2433
2433
2433
2433
2435
2435
2435
2435
2435
2435
2435
2435
2435
2435
2435
2435
2435
2435
2435
2435
2435
2435
2435
2435
2435
2435
2435
2435
2435
2435
2435
2435
2435
2435
2435
2435
2435
2432
2432
2432
2432
2432
2432
2432
2432
2432
2432
2432
2432
2432
2432
2432
2432
2432
2432
2432
2432
2432
2432
2432
2432
2432
2432
2432
2432
2432
2432
2432
2432
2432
2432
2432
2432
2432
2432
2432
2432
2432
2429
2429
2429
2429
2429
2429
2429
2429
2429
2429
2429
2429
2429
2429
2429
2429
2429
2429
2429
2429
2429
2429
2429
2429
2429
2429
2429
2429
2429
2429
2429
2429
2429
2429
2429
2429
2429
2429
2429
2429
2429
2429
2429
2429
2429
2429
2429
2429
2429
2429
2429
2429
2425
2425
2425
2425
2425
2425
2425
2432
2432
2432
2432
2432
2432
2432
2432
2432
2432
2432
2432
2432
2432
2432
2432
2436
2436
2432
2432
2432
2432
2432
2432
2432
2432
2432
2432
2432
2432
2432
2432
2432
2432
2432
2432
2432
2432
2432
2432
2432
2432
2432
2432
2432
2432
2432
2432
2432
2432
2432
2432
2432
2432
2432
2432
2432
2432
2432
2432
2432
2432
2424
2424
2424
2424
2424
2424
2424
2424
2424
2424
2424
2424
2424
2424
2424
2424
2424
2424
2424
2424
2424
2424
2424
2424
2424
2424
2424
2424
2424
2424
2424
2424
2424
2424
2424
2424
2424
2424
2424
2424
2424
2424
2424
2424
2424
2424
2424
2424
2424
2424
2424
2424
2424
2424
2424
2424
2424
2424
2424
2424
2424
2424
2424
2424
2424
2424
2424
2424
2424
2424
2424
2424
2424
2424
2424
2424
2424
2424
2424
2424
2424
2424
2424
2424
2424
2424
2424
2424
2424
2424
2424
2424
2424
2424
2424
2424
2424
2424
2424
2424
2424
2424
2424
2424
2424
2424
2414
2409
2409
2409
2409
2409
2409
2409
2409
2406
2406
2406
2406
2406
2406
2406
2406
2406
2406
2406
2406
2406
2406
2406
2406
2406
2406
2406
2406
2406
2406
2406
2406
2406
2406
2406
2406
2406
2406
2406
2406
2406
2406
2406
2406
2406
2406
2406
2406
2406
2406
2406
2406
2406
2406
2406
2406
2406
2406
2406
2406
2403
2403
2403
2403
2403
2403
2403
2403
2403
2403
2403
2403
2403
2403
2403
2403
2403
2406
2406
2406
2406
2406
2406
2406
2406
2406
2406
2406
2406
2406
2406
2406
2406
2406
2406
2406
2406
2406
2406
2406
2406
2406
2406
2406
2406
2406
2406
2406
2406
2406
2406
2406
2406
2406
2406
2406
2406
2406
2406
2406
2406
2406
2406
2406
2406
2406
2406
2406
2406
2406
2406
2406
2406
2406
2406
2406
2406
2406
2406
2406
2406
2406
2406
2406
2406
2406
2406
2406
2406
2406
2406
2406
2406
2406
2406
2406
2406
2406
2406
2406
2406
2406
2406
2406
2406
2406
2406
2406
2406
2406
2406
2406
2406
2406
2406
2406
2406
2406
2406
2406
2406
2406
2406
2406
2406
2406
2406
2406
2406
2406
2406
2406
2403
2403
2403
2403
2403
2403
2403
2403
2403
2403
2403
2403
2403
2403
2403
2403
2403
2403
2403
2403
2403
2403
2403
2403
2403
2403
2403
2403
2403
2403
2403
2403
2403
2403
2403
2403
2403
2403
2403
2403
2403
2403
2403
2403
2403
2403
2403
2403
2403
2403
2403
2403
2403
2403
2403
2403
2403
2403
2403
2403
2403
2403
2403
2405
2405
2405
2405
2405
2405
2405
2405
2405
2405
2405
2405
2405
2405
2405
2405
2405
2405
2405
2405
2405
2405
2407
2407
2407
2407
2407
2407
2407
2407
2407
2407
2407
2407
2407
2407
2407
2407
2407
2405
2405
2405
2405
2405
2405
2405
2405
2405
2405
2405
2405
2405
2405
2405
2405
2405
2405
2405
2405
2405
2405
2405
2405
2405
2405
2405
2405
2405
2405
2405
2405
2405
2405
2405
2405
2405
2405
2405
2405
2405
2405
2405
2405
2405
2405
2405
2405
2405
2405
2405
2405
2405
2405
2405
2405
2405
2405
2405
2405
2405
2405
2405
2405
2405
2405
2405
2405
2405
2405
2405
2405
2405
2405
2408
2408
2408
2408
2408
2408
2393
2393
2393
2393
2393
2393
2393
2393
2393
2393
2393
2393
2393
2393
2398
2398
2398
2398
2398
2398
2398
2398
2398
2398
2398
2398
2398
2398
2398
2398
2398
2398
2398
2398
2398
2398
2398
2398
2398
2398
2398
2398
2398
2398
2398
2398
2398
2398
2398
2398
2398
2398
2398
2398
2398
2398
2398
2398
2398
2398
2398
2398
2398
2398
2398
2398
2398
2398
2398
2398
2398
2398
2398
2398
2398
2398
2398
2398
2398
2398
2398
2398
2398
2398
2398
2398
2395
2395
2395
2395
2395
2395
2395
2395
2395
2386
2386
2386
2386
2386
2386
2386
2386
2386
2386
2386
2386
2386
2386
2386
2386
2386
2386
2386
2386
2386
2386
2386
2386
2386
2386
2386
2386
2386
2386
2386
2386
2386
2386
2386
2386
2386
2386
2386
2386
2386
2386
2386
2386
2386
2386
2386
2386
2386
2386
2386
2386
2386
2386
2386
2386
2386
2386
2386
2386
2386
2386
2386
2386
2386
2386
2386
2386
2386
2386
2386
2386
2386
2386
2386
2386
2386
2386
2386
2386
2386
2386
2386
2386
2386
2386
2386
2386
2386
2386
2386
2386
2386
2386
2386
2386
2386
2386
2386
2386
2386
2386
2386
2381
2381
2381
2381
2381
2381
2381
2381
2381
2381
2381
2381
2381
2381
2381
2381
2381
2381
2381
2383
2383
2383
2383
2354
2354
2354
2354
2354
2354
2354
2361
2361
2361
2361
2361
2361
2361
2361
2361
2361
2361
2361
2361
2361
2361
2361
2361
2361
2359
2359
2359
2359
2362
2362
2362
2362
2362
2362
2362
2362
2362
2362
2362
2362
2362
2362
2362
2362
2362
2362
2362
2362
2362
2362
2362
2362
2362
2362
2362
2362
2362
2362
2362
2362
2362
2362
2362
2362
2362
2362
2362
2362
2362
2362
2362
2362
2362
2362
2362
2362
2362
2362
2362
2362
2362
2362
2362
2362
2362
2362
2362
2362
2362
2362
2362
2362
2362
2362
2362
2362
2362
2362
2362
2362
2362
2362
2362
2362
2362
2362
2362
2362
2362
2362
2357
2357
2357
2357
2357
2357
2357
2357
2357
2357
2357
2357
2357
2357
2357
2357
2357
2357
2357
2357
2357
2357
2357
2357
2357
2357
2357
2357
2357
2357
2357
2357
2357
2353
2353
2353
2353
2353
2353
2353
2353
2353
2353
2353
2353
2353
2353
2353
2353
2353
2353
2353
2353
2353
2353
2353
2353
2353
2353
2353
2353
2353
2353
2353
2353
2353
2353
2353
2353
2353
2353
2353
2353
2353
2353
2353
2353
2353
2353
2353
2353
2353
2353
2353
2353
2353
2353
2353
2353
2353
2353
2353
2353
2353
2353
2353
2353
2353
2353
2353
2353
2353
2353
2353
2353
2353
2353
2353
2353
2353
2353
2353
2353
2353
2353
2353
2353
2353
2353
2353
2353
2353
2353
2353
2353
2353
2353
2353
2353
2353
2353
2353
2353
2353
2353
2353
2353
2353
2353
2353
2353
2353
2353
2353
2353
2353
2353
2353
2353
2353
2353
2353
2353
2353
2353
2353
2353
2353
2353
2353
2353
2353
2353
2353
2353
2353
2353
2353
2353
2353
2353
2353
2353
2353
2353
2353
2353
2353
2353
2353
2353
2353
2353
2353
2353
2353
2353
2353
2353
2353
2353
2353
2353
2353
2353
2353
2353
2353
2353
2353
2353
2353
2353
2353
2353
2353
2353
2353
2353
2358
2358
2358
2358
2358
2358
2358
2357
2357
2357
2357
2357
2357
2357
2357
2357
2357
2357
2357
2357
2357
2357
2355
2355
2355
2355
2355
2355
2355
2355
2355
2355
2355
2355
2355
2355
2355
2355
2355
2355
2355
2355
2355
2355
2355
2355
2355
2355
2355
2355
2355
2355
2355
2349
2349
2349
2349
2349
2349
2349
2349
2349
2349
2349
2349
2349
2349
2349
2349
2349
2349
2349
2349
2349
2349
2349
2349
2349
2349
2349
2349
2349
2349
2349
2349
2349
2349
2349
2349
2349
2349
2349
2349
2349
2349
2349
2349
2349
2349
2349
2349
2349
2349
2349
2349
2349
2349
2349
2349
2349
2349
2349
2349
2349
2349
2349
2349
2349
2349
2349
2349
2349
2349
2350
2350
2350
2350
2350
2350
2350
2350
2350
2350
2350
2350
2350
2350
2350
2350
2350
2350
2350
2350
2350
2350
2349
2349
2349
2349
2349
2349
2349
2349
2349
2349
2349
2349
2349
2349
2349
2349
2349
2349
2349
2349
2349
2349
2349
2349
2349
2349
2349
2349
2349
2349
2349
2349
2349
2346
2346
2346
2346
2346
2346
2346
2346
2346
2346
2346
2346
2346
2346
2346
2346
2346
2346
2346
2346
2346
2346
2346
2346
2346
2346
2346
2346
2346
2346
2346
2346
2346
2346
2346
2346
2346
2346
2346
2346
2346
2346
2346
2346
2346
2346
2346
2346
2346
2346
2346
2346
2346
2346
2346
2346
2346
2346
2346
2346
2346
2346
2346
2346
2346
2346
2346
2346
2346
2346
2346
2346
2346
2351
2351
2351
2351
2351
2351
2351
2351
2351
2351
2351
2346
2346
2346
2346
2346
2346
2346
2346
2346
2346
2346
2346
2346
2346
2346
2346
2346
2346
2346
2346
2346
2346
2346
2346
2346
2346
2346
2346
2346
2346
2346
2346
2346
2346
2346
2346
2346
2346
2346
2346
2346
2346
2346
2346
2346
2346
2346
2346
2346
2346
2346
2346
2346
2346
2346
2346
2346
2346
2346
2346
2346
2346
2346
2346
2346
2346
2346
2346
2346
2346
2346
2346
2346
2346
2346
2346
2346
2346
2346
2346
2346
2346
2346
2346
2346
2346
2346
2346
2346
2346
2346
2346
2346
2346
2346
2346
2346
2346
2346
2346
2346
2346
2346
2346
2346
2346
2346
2346
2346
2346
2346
2346
2346
2346
2346
2346
2346
2346
2346
2346
2346
2346
2346
2346
2346
2346
2346
2346
2346
2346
2346
2346
2346
2346
2346
2346
2346
2346
2346
2346
2346
2346
2346
2346
2346
2346
2346
2346
2346
2346
2346
2346
2346
2346
2346
2346
2346
2346
2346
2346
2346
2346
2346
2346
2346
2346
2346
2346
2346
2346
2346
2346
2346
2346
2346
2346
2346
2346
2346
2346
2346
2346
2346
2346
2346
2346
2346
2346
2346
2346
2346
2346
2346
2346
2346
2346
2346
2346
2346
2346
2346
2346
2346
2346
2346
2346
2346
2346
2346
2346
2346
2346
2346
2346
2346
2346
2346
2346
2346
2346
2346
2346
2346
2346
2346
2346
2346
2346
2346
2346
2346
2346
2346
2346
2346
2346
2346
2346
2349
2349
2349
2349
2349
2349
2349
2349
2349
2349
2349
2349
2349
2349
2349
2349
2349
2349
2349
2349
2349
2349
2349
2349
2349
2349
2349
2349
2349
2349
2349
2349
2349
2349
2349
2349
2349
2349
2349
2349
2349
2349
2349
2349
2349
2349
2349
2349
2349
2349
2349
2349
2349
2349
2349
2349
2342
2342
2342
2342
2342
2342
2342
2342
2342
2342
2342
2342
2342
2342
2342
2342
2342
2342
2342
2342
2342
2342
2342
2342
2342
2342
2342
2342
2342
2342
2342
2342
2342
2342
2342
2342
2342
2346
2346
2346
2346
2346
2346
2346
2346
2346
2346
2346
2346
2346
2346
2346
2346
2346
2346
2346
2346
2346
2346
2346
2346
2346
2346
2346
2346
2346
2346
2346
2346
2346
2346
2346
2346
2346
2346
2346
2346
2346
2346
2346
2346
2346
2346
2346
2346
2346
2346
2346
2346
2346
2346
2346
2346
2346
2346
2346
2346
2346
2346
2346
2346
2346
2346
2346
2346
2346
2346
2346
2346
2346
2346
2346
2346
2346
2346
2346
2346
2346
2346
2346
2346
2346
2346
2346
2346
2346
2346
2346
2346
2346
2346
2346
2346
2346
2346
2346
2346
2346
2346
2346
2346
2346
2346
2346
2346
2346
2346
2346
2346
2346
2346
2346
2346
2346
2346
2346
2346
2346
2346
2346
2346
2346
2346
2346
2346
2346
2346
2346
2346
2346
2346
2346
2346
2346
2346
2346
2346
2346
2346
2346
2346
2346
2346
2346
2346
2346
2346
2346
2346
2346
2346
2346
2346
2346
2346
2346
2346
2346
2346
2346
2346
2346
2346
2346
2346
2346
2346
2346
2346
2346
2346
2346
2346
2346
2346
2346
2352
2352
2352
2352
2352
2352
2352
2352
2352
2352
2352
2352
2352
2352
2352
2352
2352
2352
2352
2352
2352
2352
2352
2352
2352
2352
2352
2352
2352
2352
2352
2352
2352
2352
2352
2352
2352
2352
2352
2352
2352
2352
2352
2352
2352
2352
2352
2352
2352
2352
2352
2352
2352
2352
2352
2352
2352
2352
2352
2352
2352
2352
2352
2352
2352
2352
2352
2352
2352
2352
2352
2352
2352
2352
2352
2352
2352
2352
2352
2352
2352
2352
2352
2352
2352
2352
2352
2352
2352
2352
2352
2352
2352
2352
2352
2352
2352
2352
2352
2352
2352
2352
2352
2352
2352
2352
2352
2352
2352
2352
2352
2352
2352
2352
2352
2352
2352
2352
2352
2346
2346
2346
2346
2346
2346
2346
2346
2346
2346
2346
2346
2346
2346
2346
2346
2346
2346
2346
2346
2346
2346
2346
2346
2346
2346
2346
2346
2346
2346
2346
2346
2346
2346
2346
2346
2346
2346
2346
2346
2346
2346
2346
2346
2346
2346
2346
2346
2346
2346
2346
2346
2346
2346
2346
2346
2346
2346
2346
2346
2346
2346
2346
2346
2346
2346
2346
2346
2346
2346
2346
2346
2346
2351
2351
2351
2351
2351
2351
2351
2351
2351
2351
2351
2351
2351
2351
2351
2351
2351
2351
2351
2351
2351
2351
2351
2351
2351
2351
2351
2351
2351
2351
2351
2351
2351
2351
2340
2340
2340
2340
2340
2340
2340
2340
2340
2340
2340
2340
2340
2340
2340
2340
2340
2340
2340
2340
2340
2340
2340
2340
2340
2340
2340
2340
2340
2340
2340
2340
2340
2340
2340
2340
2340
2340
2340
2340
2340
