1418
1387
1458
1458
1458
1458
1458
1458
1458
1498
1498
1498
1528
1464
1464
1464
1469
1493
1408
1408
1403
1403
1388
1388
1388
1404
1468
1468
1442
1459
1442
1443
1460
1460
1463
1463
1497
1476
1466
1414
1404
1404
1407
1407
1421
1440
1419
1457
1482
1520
1503
1492
1460
1435
1420
1426
1419
1387
1387
1424
1456
1456
1465
1465
1473
1473
1501
1491
1555
1545
1545
1527
1505
1519
1531
1532
1575
1572
1512
1512
1544
1582
1566
1585
1607
1578
1529
1539
1544
1541
1583
1544
1519
1519
1522
1516
1516
1448
1448
1448
1471
1468
1513
1415
1415
1465
1466
1505
1531
1577
1492
1492
1429
1498
1495
1491
1534
1522
1449
1449
1510
1510
1581
1536
1536
1536
1535
1499
1443
1442
1487
1487
1491
1429
1429
1418
1438
1444
1464
1540
1540
1506
1503
1506
1440
1465
1498
1538
1559
1547
1520
1509
1536
1480
1514
1523
1485
1469
1469
1469
1517
1505
1494
1480
1480
1549
1620
1570
1516
1571
1516
1519
1510
1493
1522
1521
1502
1510
1491
1476
1476
1476
1437
1437
1437
1487
1487
1429
1441
1476
1449
1394
1394
1394
1405
1382
1400
1444
1429
1440
1440
1435
1429
1505
1533
1558
1530
1530
1507
1620
1619
1670
1640
1627
1581
1599
1515
1546
1546
1553
1553
1553
1529
1529
1537
1537
1548
1480
1500
1501
1482
1557
1576
1595
1586
1586
1579
1579
1579
1579
1484
1609
1548
1536
1563
1563
1563
1575
1575
1556
1535
1535
1535
1497
1497
1497
1497
1505
1505
1505
1521
1562
1554
1583
1591
1569
1563
1553
1607
1639
1642
1600
1600
1600
1604
1624
1573
1537
1544
1551
1566
1509
1483
1499
1499
1515
1509
1518
1553
1552
1523
1538
1538
1555
1555
1544
1488
1523
1523
1522
1540
1540
1561
1509
1509
1517
1517
1517
1559
1542
1542
1503
1503
1503
1551
1545
1551
1551
1492
1483
1466
1457
1458
1505
1491
1506
1520
1557
1544
1516
1515
1492
1492
1492
1437
1433
1453
1453
1484
1561
1561
1521
1485
1457
1564
1535
1542
1542
1624
1586
1549
1534
1575
1593
1521
1552
1506
1554
1554
1544
1544
1566
1566
1573
1533
1438
1438
1438
1452
1527
1520
1589
1589
1567
1536
1536
1515
1484
1491
1571
1508
1503
1548
1548
1564
1564
1564
1514
1539
1536
1536
1567
1567
1555
1619
1623
1623
1658
1628
1572
1572
1572
1556
1561
1592
1645
1560
1531
1531
1531
1531
1510
1484
1467
1467
1474
1476
1491
1595
1567
1591
1637
1568
1565
1579
1509
1503
1472
1449
1449
1478
1500
1431
1431
1439
1412
1412
1412
1412
1443
1456
1456
1473
1532
1520
1559
1491
1482
1495
1495
1495
1481
1463
1463
1463
1437
1524
1545
1540
1540
1540
1540
1540
1540
1488
1488
1488
1526
1488
1488
1447
1447
1481
1500
1553
1547
1556
1587
1563
1537
1507
1557
1583
1591
1637
1635
1656
1617
1591
1530
1558
1558
1532
1579
1627
1602
1610
1550
1498
1498
1538
1557
1663
1663
1609
1612
1646
1609
1558
1545
1483
1525
1525
1523
1496
1494
1517
1555
1622
1622
1622
1606
1555
1622
1573
1562
1503
1476
1474
1525
1530
1534
1534
1538
1543
1533
1533
1567
1539
1539
1547
1553
1555
1527
1527
1584
1585
1585
1571
1571
1571
1569
1553
1553
1515
1515
1511
1596
1537
1510
1513
1565
1593
1525
1513
1465
1485
1506
1517
1479
1482
1492
1610
1577
1564
1577
1574
1636
1636
1632
1637
1637
1652
1641
1614
1611
1569
1575
1604
1465
1437
1419
1470
1470
1497
1501
1506
1517
1527
1481
1481
1496
1499
1545
1538
1538
1548
1511
1540
1562
1567
1547
1543
1542
1536
1557
1557
1463
1463
1471
1488
1458
1451
1574
1592
1612
1612
1545
1510
1480
1496
1427
1399
1441
1456
1442
1454
1464
1485
1482
1439
1455
1495
1486
1470
1470
1487
1490
1532
1585
1624
1648
1648
1637
1637
1600
1539
1540
1629
1624
1577
1562
1516
1524
1486
1489
1476
1502
1477
1458
1537
1537
1567
1548
1598
1631
1631
1631
1634
1642
1671
1671
1671
1659
1659
1659
1659
1637
1582
1582
1582
1576
1508
1540
1530
1454
1454
1454
1455
1447
1476
1530
1533
1540
1540
1552
1581
1539
1549
1592
1595
1554
1544
1544
1544
1545
1544
1556
1546
1546
1567
1567
1602
1573
1561
1558
1571
1584
1584
1521
1525
1534
1509
1524
1440
1427
1455
1427
1475
1475
1475
1475
1475
1475
1474
1451
1451
1499
1499
1482
1482
1517
1503
1503
1503
1486
1444
1444
1465
1532
1532
1567
1570
1595
1617
1554
1583
1600
1617
1624
1649
1680
1686
1632
1632
1571
1571
1511
1554
1483
1464
1484
1512
1554
1498
1469
1501
1547
1493
1500
1539
1496
1496
1430
1426
1426
1461
1461
1461
1461
1437
1437
1437
1382
1430
1443
1420
1486
1460
1460
1531
1531
1531
1451
1439
1439
1483
1431
1431
1482
1488
1482
1500
1521
1498
1471
1478
1528
1457
1451
1477
1477
1483
1516
1544
1487
1510
1511
1547
1537
1498
1531
1504
1481
1503
1503
1508
1517
1517
1491
1491
1534
1512
1512
1492
1512
1514
1517
1517
1517
1520
1585
1516
1516
1507
1506
1527
1520
1520
1486
1456
1445
1449
1461
1507
1503
1502
1528
1528
1502
1528
1527
1550
1511
1495
1491
1491
1491
1491
1536
1536
1536
1536
1486
1474
1483
1444
1444
1435
1435
1435
1456
1456
1435
1414
1414
1447
1447
1447
1437
1483
1512
1506
1442
1454
1454
1454
1422
1422
1488
1568
1527
1527
1439
1468
1468
1479
1501
1501
1501
1501
1545
1545
1530
1498
1563
1563
1555
1622
1533
1475
1475
1469
1553
1553
1587
1578
1590
1552
1552
1585
1585
1561
1510
1499
1499
1449
1449
1449
1449
1449
1449
1514
1514
1498
1495
1484
1466
1466
1445
1448
1505
1484
1484
1457
1457
1488
1495
1511
1530
1534
1486
1538
1505
1555
1530
1521
1525
1525
1525
1576
1576
1542
1542
1543
1543
1575
1607
1571
1571
1559
1571
1559
1519
1482
1501
1541
1550
1559
1559
1547
1547
1532
1532
1440
1440
1440
1501
1461
1507
1503
1414
1464
1517
1476
1522
1525
1528
1455
1456
1463
1454
1463
1476
1476
1476
1454
1454
1473
1473
1473
1528
1512
1525
1494
1596
1630
1600
1594
1505
1492
1484
1540
1498
1498
1494
1501
1538
1501
1501
1520
1526
1526
1526
1526
1530
1490
1445
1466
1490
1474
1474
1508
1497
1497
1497
1497
1508
1508
1508
1475
1413
1413
1399
1421
1421
1450
1401
1403
1419
1499
1499
1495
1495
1476
1466
1492
1496
1474
1593
1593
1572
1488
1494
1542
1494
1511
1529
1487
1487
1512
1580
1580
1580
1725
1714
1679
1646
1646
1646
1586
1543
1594
1510
1521
1493
1493
1455
1560
1543
1604
1616
1571
1527
1545
1584
1562
1539
1520
1509
1509
1528
1562
1560
1560
1558
1558
1547
1565
1565
1586
1565
1565
1606
1586
1601
1572
1647
1631
1636
1623
1623
1563
1513
1618
1617
1592
1617
1620
1625
1628
1618
1621
1603
1603
1603
1622
1592
1592
1633
1640
1640
1561
1478
1510
1549
1556
1545
1601
1614
1614
1628
1641
1654
1655
1601
1551
1551
1612
1607
1599
1595
1610
1582
1566
1545
1447
1411
1410
1449
1470
1536
1557
1610
1579
1579
1590
1622
1606
1623
1602
1603
1596
1601
1601
1556
1573
1491
1491
1508
1492
1508
1491
1478
1478
1494
1494
1449
1494
1477
1490
1490
1465
1552
1571
1524
1500
1500
1547
1547
1547
1519
1571
1594
1598
1618
1618
1613
1532
1531
1589
1536
1530
1559
1559
1581
1581
1575
1498
1534
1548
1548
1529
1524
1572
1476
1476
1476
1503
1479
1482
1482
1495
1495
1495
1495
1458
1446
1461
1470
1470
1470
1396
1396
1475
1521
1467
1470
1467
1464
1464
1453
1463
1463
1463
1463
1476
1470
1523
1517
1526
1503
1488
1531
1503
1495
1568
1607
1595
1625
1595
1579
1576
1592
1588
1523
1485
1580
1573
1523
1501
1524
1517
1521
1555
1651
1599
1601
1601
1617
1599
1565
1570
1560
1555
1551
1551
1487
1545
1578
1566
1612
1564
1542
1516
1521
1534
1542
1617
1605
1605
1598
1603
1659
1659
1585
1625
1587
1517
1506
1469
1492
1477
1477
1476
1476
1474
1474
1478
1451
1493
1505
1505
1463
1463
1508
1508
1536
1523
1516
1516
1499
1499
1496
1571
1576
1576
1576
1479
1494
1526
1562
1573
1573
1528
1570
1570
1499
1499
1561
1561
1504
1444
1472
1452
1459
1459
1483
1446
1533
1563
1568
1563
1563
1555
1534
1534
1562
1562
1618
1596
1581
1581
1581
1568
1575
1582
1565
1561
1495
1451
1480
1527
1527
1527
1496
1464
1485
1460
1473
1473
1518
1518
1550
1555
1459
1502
1534
1462
1462
1502
1543
1502
1522
1531
1540
1511
1511
1508
1484
1498
1486
1486
1461
1472
1472
1472
1508
1508
1610
1542
1533
1578
1535
1560
1576
1534
1577
1561
1561
1561
1541
1536
1536
1513
1533
1515
1516
1562
1528
1496
1496
1464
1468
1437
1442
1450
1424
1405
1405
1423
1423
1423
1427
1414
1422
1470
1478
1435
1485
1571
1526
1550
1586
1616
1589
1589
1455
1514
1482
1510
1510
1550
1550
1550
1495
1435
1436
1448
1478
1467
1458
1474
1483
1512
1481
1459
1459
1460
1459
1466
1445
1445
1445
1445
1445
1445
1473
1456
1510
1533
1495
1473
1473
1473
1492
1554
1537
1492
1492
1528
1528
1499
1546
1546
1545
1493
1499
1500
1489
1489
1471
1471
1471
1471
1471
1471
1471
1471
1492
1492
1506
1503
1492
1492
1516
1505
1611
1611
1612
1625
1612
1630
1630
1578
1552
1552
1564
1564
1564
1548
1548
1567
1567
1567
1549
1496
1528
1509
1584
1576
1568
1568
1546
1539
1539
1539
1559
1559
1565
1525
1525
1525
1556
1561
1590
1590
1573
1577
1527
1506
1506
1506
1514
1518
1503
1503
1503
1503
1474
1470
1478
1478
1478
1501
1501
1501
1485
1466
1457
1487
1487
1498
1529
1529
1529
1534
1468
1484
1494
1515
1515
1488
1516
1484
1470
1447
1470
1484
1504
1536
1555
1536
1501
1504
1518
1534
1551
1551
1515
1549
1509
1501
1508
1515
1495
1459
1463
1469
1451
1446
1466
1466
1529
1529
1529
1529
1591
1555
1537
1569
1529
1538
1535
1531
1490
1490
1502
1537
1537
1498
1496
1496
1547
1528
1528
1518
1532
1532
1513
1513
1513
1518
1552
1517
1509
1495
1527
1527
1509
1483
1483
1483
1465
1455
1510
1467
1458
1472
1470
1497
1521
1521
1532
1587
1566
1594
1624
1628
1618
1609
1568
1568
1600
1600
1600
1520
1520
1507
1574
1586
1553
1623
1623
1653
1653
1618
1612
1605
1596
1596
1634
1619
1555
1568
1567
1580
1580
1580
1580
1605
1539
1539
1546
1552
1547
1515
1525
1577
1568
1605
1572
1554
1554
1559
1534
1492
1548
1495
1520
1552
1535
1535
1526
1462
1462
1462
1462
1462
1479
1479
1502
1502
1449
1445
1462
1397
1426
1454
1514
1510
1510
1510
1547
1576
1565
1458
1461
1461
1480
1487
1600
1613
1572
1572
1539
1547
1509
1509
1468
1468
1503
1503
1469
1495
1495
1506
1519
1465
1402
1402
1400
1423
1423
1433
1399
1389
1389
1433
1467
1433
1461
1556
1531
1564
1560
1560
1531
1531
1496
1505
1536
1536
1547
1524
1534
1562
1562
1519
1519
1509
1509
1445
1506
1506
1484
1521
1521
1509
1628
1572
1572
1573
1581
1565
1566
1553
1547
1544
1544
1528
1558
1542
1542
1542
1592
1595
1595
1595
1598
1602
1602
1539
1539
1535
1508
1534
1573
1569
1552
1534
1439
1439
1461
1490
1490
1471
1471
1471
1471
1481
1493
1493
1484
1484
1480
1471
1480
1491
1503
1503
1503
1560
1581
1585
1585
1625
1627
1569
1563
1578
1584
1539
1525
1525
1525
1535
1579
1562
1513
1513
1513
1508
1508
1508
1496
1496
1526
1511
1551
1556
1551
1551
1551
1518
1522
1473
1470
1507
1533
1564
1574
1523
1565
1539
1545
1600
1580
1580
1580
1580
1580
1437
1452
1450
1455
1443
1428
1406
1489
1489
1495
1498
1465
1483
1483
1483
1524
1479
1493
1502
1478
1439
1500
1550
1550
1504
1537
1505
1469
1514
1541
1541
1541
1541
1510
1522
1541
1541
1481
1481
1481
1485
1504
1494
1494
1504
1507
1507
1527
1551
1522
1438
1415
1406
1394
1449
1473
1434
1488
1479
1524
1475
1477
1477
1503
1456
1484
1494
1536
1524
1489
1489
1504
1524
1581
1575
1575
1551
1529
1505
1546
1561
1561
1591
1570
1530
1502
1466
1467
1467
1474
1508
1518
1530
1528
1474
1451
1510
1475
1496
1506
1525
1543
1512
1512
1487
1480
1433
1448
1448
1448
1439
1452
1438
1459
1432
1441
1505
1501
1501
1501
1520
1502
1486
1486
1486
1486
1523
1570
1592
1564
1545
1545
1553
1543
1554
1554
1483
1453
1417
1417
1417
1418
1457
1440
1490
1490
1522
1602
1628
1569
1553
1504
1504
1493
1504
1446
1446
1433
1463
1466
1450
1454
1489
1454
1472
1510
1510
1510
1558
1548
1539
1559
1553
1552
1520
1508
1510
1480
1456
1481
1481
1481
1481
1481
1481
1481
1479
1479
1490
1513
1513
1518
1518
1513
1544
1547
1507
1440
1474
1465
1477
1485
1531
1531
1501
1542
1543
1585
1585
1561
1576
1589
1567
1535
1535
1543
1509
1504
1504
1565
1523
1567
1535
1582
1591
1601
1577
1565
1533
1533
1533
1527
1536
1493
1501
1501
1419
1408
1504
1584
1635
1609
1647
1624
1584
1619
1622
1517
1481
1484
1484
1493
1473
1515
1437
1406
1418
1403
1392
1420
1420
1420
1420
1420
1390
1444
1414
1418
1420
1420
1422
1471
1452
1393
1393
1393
1347
1377
1377
1377
1377
1401
1439
1460
1413
1419
1435
1416
1449
1490
1599
1599
1599
1552
1540
1537
1557
1581
1581
1515
1519
1494
1540
1499
1537
1561
1566
1525
1525
1472
1511
1466
1450
1453
1458
1450
1450
1461
1461
1461
1461
1450
1470
1473
1524
1527
1536
1601
1573
1565
1577
1540
1540
1540
1540
1536
1536
1624
1503
1531
1501
1521
1606
1543
1543
1554
1554
1555
1517
1516
1512
1516
1512
1508
1526
1573
1573
1553
1591
1525
1511
1495
1495
1478
1478
1478
1492
1492
1492
1436
1436
1446
1447
1476
1466
1450
1450
1503
1499
1499
1490
1486
1536
1542
1453
1453
1542
1534
1524
1506
1559
1490
1490
1490
1469
1462
1545
1545
1545
1554
1576
1523
1457
1424
1400
1436
1466
1465
1477
1470
1501
1501
1503
1523
1551
1563
1547
1534
1538
1570
1444
1505
1585
1585
1585
1585
1553
1547
1601
1558
1532
1532
1532
1532
1532
1551
1549
1542
1446
1446
1523
1459
1459
1455
1466
1482
1482
1478
1449
1490
1592
1592
1672
1663
1681
1617
1542
1516
1509
1504
1523
1463
1429
1429
1463
1451
1444
1444
1454
1419
1428
1450
1513
1426
1471
1447
1496
1512
1516
1516
1533
1534
1516
1510
1514
1483
1432
1423
1403
1403
1423
1445
1427
1427
1428
1456
1456
1541
1558
1462
1430
1468
1468
1443
1428
1510
1520
1520
1520
1520
1520
1520
1520
1520
1520
1492
1492
1492
1494
1542
1542
1528
1523
1521
1512
1480
1484
1461
1469
1451
1451
1454
1437
1451
1519
1585
1581
1585
1571
1571
1520
1484
1507
1507
1502
1486
1504
1490
1490
1490
1470
1500
1470
1475
1464
1464
1474
1483
1499
1485
1504
1542
1542
1503
1469
1578
1572
1589
1582
1582
1518
1518
1497
1420
1525
1525
1567
1578
1567
1624
1549
1549
1551
1545
1545
1545
1523
1523
1523
1530
1494
1459
1482
1503
1503
1466
1475
1490
1488
1547
1547
1547
1575
1575
1520
1518
1518
1525
1517
1495
1495
1446
1441
1516
1516
1493
1493
1508
1501
1501
1505
1516
1514
1475
1485
1447
1490
1490
1506
1505
1486
1484
1484
1484
1508
1482
1506
1484
1484
1444
1466
1519
1519
1466
1449
1439
1427
1479
1485
1519
1588
1512
1525
1486
1505
1505
1529
1529
1509
1512
1543
1544
1479
1453
1429
1429
1502
1550
1555
1531
1474
1477
1477
1486
1561
1472
1492
1510
1510
1542
1485
1485
1485
1485
1478
1478
1479
1485
1508
1525
1492
1567
1567
1562
1512
1531
1522
1516
1516
1516
1516
1475
1488
1488
1415
1406
1409
1409
1409
1434
1426
1519
1494
1514
1537
1542
1542
1542
1542
1570
1557
1523
1522
1578
1496
1528
1528
1528
1536
1588
1511
1511
1621
1619
1619
1516
1518
1518
1518
1544
1544
1580
1533
1516
1573
1526
1511
1511
1464
1527
1527
1527
1562
1562
1569
1562
1622
1618
1590
1571
1521
1606
1583
1606
1577
1538
1514
1478
1478
1549
1549
1451
1451
1494
1611
1645
1665
1675
1690
1656
1656
1625
1625
1625
1574
1574
1574
1550
1550
1543
1518
1496
1472
1513
1513
1481
1396
1396
1464
1506
1430
1433
1433
1517
1484
1508
1531
1499
1457
1417
1417
1417
1417
1435
1435
1450
1450
1450
1450
1450
1478
1469
1447
1415
1415
1400
1434
1407
1407
1407
1407
1400
1440
1440
1487
1472
1472
1429
1433
1461
1461
1464
1464
1453
1476
1450
1437
1437
1472
1486
1489
1498
1475
1480
1490
1490
1490
1479
1479
1479
1484
1500
1465
1502
1508
1473
1481
1456
1433
1433
1333
1331
1369
1338
1342
1342
1364
1365
1365
1399
1382
1411
1346
1370
1407
1422
1530
1548
1477
1459
1459
1462
1458
1535
1539
1517
1522
1522
1526
1495
1533
1478
1483
1480
1520
1544
1510
1499
1530
1530
1507
1485
1485
1524
1534
1541
1560
1560
1528
1534
1549
1541
1492
1494
1476
1452
1477
1499
1508
1473
1468
1468
1485
1465
1465
1461
1421
1431
1431
1431
1437
1437
1437
1459
1415
1413
1405
1511
1520
1520
1520
1517
1485
1549
1513
1532
1532
1561
1537
1537
1455
1468
1468
1480
1493
1493
1501
1501
1501
1514
1545
1578
1578
1565
1565
1573
1551
1594
1569
1505
1505
1543
1543
1505
1505
1505
1503
1557
1547
1531
1531
1533
1512
1503
1493
1493
1555
1529
1529
1493
1447
1447
1510
1501
1509
1509
1539
1535
1535
1462
1388
1459
1459
1459
1492
1492
1492
1450
1450
1450
1417
1413
1436
1431
1431
1456
1456
1443
1443
1500
1479
1479
1479
1532
1528
1479
1479
1479
1479
1479
1493
1493
1493
1493
1493
1493
1518
1482
1489
1475
1478
1478
1452
1511
1511
1548
1548
1560
1601
1601
1588
1560
1560
1581
1550
1576
1557
1551
1586
1607
1600
1600
1621
1582
1582
1599
1614
1597
1585
1524
1586
1593
1593
1519
1491
1490
1490
1484
1484
1432
1432
1499
1499
1500
1535
1576
1607
1535
1586
1552
1494
1494
1475
1477
1475
1463
1460
1493
1482
1488
1488
1499
1499
1492
1504
1499
1527
1461
1445
1465
1450
1434
1434
1436
1451
1451
1508
1423
1423
1423
1408
1339
1375
1375
1375
1391
1391
1383
1383
1431
1436
1431
1406
1419
1434
1479
1471
1425
1440
1478
1521
1513
1568
1517
1539
1552
1515
1548
1458
1494
1494
1494
1494
1497
1476
1491
1510
1532
1563
1526
1547
1547
1509
1556
1556
1529
1537
1574
1574
1501
1579
1557
1552
1552
1556
1551
1471
1469
1482
1482
1488
1488
1490
1488
1485
1477
1459
1462
1475
1475
1460
1424
1424
1412
1435
1435
1472
1447
1443
1447
1471
1471
1470
1498
1498
1427
1419
1443
1443
1469
1448
1506
1507
1507
1507
1480
1486
1494
1496
1502
1502
1522
1519
1519
1523
1519
1518
1518
1517
1647
1647
1647
1631
1617
1599
1596
1549
1539
1539
1533
1552
1501
1439
1426
1433
1430
1412
1412
1438
1438
1467
1423
1423
1436
1436
1451
1423
1423
1426
1460
1469
1469
1490
1490
1498
1477
1496
1531
1526
1523
1523
1486
1467
1467
1467
1467
1412
1412
1473
1495
1495
1495
1515
1495
1517
1454
1461
1461
1491
1457
1457
1482
1498
1498
1483
1474
1483
1446
1430
1450
1461
1484
1487
1487
1479
1481
1445
1383
1398
1398
1398
1466
1460
1460
1460
1460
1458
1458
1442
1483
1547
1509
1485
1485
1485
1485
1485
1464
1464
1464
1464
1471
1545
1552
1545
1545
1519
1519
1519
1519
1502
1463
1463
1478
1474
1471
1471
1471
1471
1471
1471
1455
1455
1453
1451
1451
1460
1485
1572
1611
1563
1539
1557
1557
1539
1569
1569
1583
1583
1578
1582
1584
1433
1436
1423
1423
1423
1423
1423
1471
1448
1482
1431
1395
1395
1395
1396
1409
1409
1409
1380
1380
1384
1457
1449
1432
1400
1400
1366
1370
1370
1403
1403
1403
1415
1373
1387
1461
1422
1409
1409
1405
1409
1438
1468
1482
1482
1482
1482
1420
1422
1422
1379
1397
1432
1441
1436
1434
1406
1433
1433
1441
1441
1443
1443
1433
1448
1415
1413
1505
1506
1505
1475
1493
1465
1462
1434
1434
1418
1393
1451
1450
1493
1580
1580
1581
1581
1577
1585
1557
1556
1553
1553
1529
1522
1511
1463
1463
1461
1479
1539
1519
1519
1558
1515
1515
1498
1474
1436
1457
1457
1452
1452
1413
1452
1452
1455
1420
1420
1451
1481
1481
1465
1465
1502
1502
1485
1544
1544
1554
1568
1568
1540
1515
1541
1504
1490
1436
1458
1436
1439
1439
1497
1497
1497
1497
1490
1453
1490
1491
1508
1489
1501
1494
1494
1452
1440
1440
1440
1466
1498
1469
1469
1469
1514
1514
1501
1501
1486
1478
1478
1482
1488
1435
1435
1446
1466
1483
1543
1533
1562
1562
1574
1542
1468
1485
1485
1470
1442
1472
1472
1472
1487
1510
1515
1484
1484
1512
1533
1533
1538
1494
1479
1400
1389
1406
1414
1414
1414
1414
1430
1400
1389
1389
1389
1446
1446
1507
1529
1481
1481
1476
1508
1508
1508
1477
1461
1432
1445
1445
1445
1451
1445
1449
1446
1503
1512
1479
1510
1510
1442
1475
1475
1505
1505
1542
1550
1528
1433
1433
1425
1425
1425
1425
1425
1391
1391
1403
1391
1397
1470
1436
1455
1470
1440
1431
1446
1497
1446
1454
1454
1449
1463
1463
1436
1439
1417
1476
1451
1464
1464
1464
1443
1509
1487
1487
1421
1431
1457
1456
1456
1456
1476
1476
1476
1505
1524
1524
1499
1499
1503
1503
1503
1503
1492
1451
1451
1475
1451
1434
1423
1423
1444
1444
1458
1475
1437
1458
1461
1461
1464
1464
1540
1529
1481
1480
1513
1480
1480
1477
1477
1477
1498
1501
1502
1494
1494
1494
1479
1479
1507
1508
1472
1472
1489
1499
1488
1489
1539
1539
1536
1456
1456
1465
1466
1466
1466
1448
1438
1440
1440
1440
1440
1377
1384
1418
1404
1427
1423
1423
1423
1423
1423
1423
1423
1457
1464
1464
1464
1490
1491
1428
1428
1428
1408
1381
1381
1381
1381
1422
1422
1382
1382
1382
1382
1382
1382
1382
1382
1377
1377
1377
1377
1377
1377
1377
1377
1377
1377
1377
1377
1377
1381
1381
1409
1379
1410
1436
1436
1436
1391
1391
1391
1385
1385
1385
1385
1419
1478
1478
1466
1565
1588
1607
1583
1589
1589
1589
1543
1530
1516
1535
1535
1535
1535
1511
1486
1479
1592
1517
1517
1531
1564
1557
1538
1529
1501
1501
1549
1560
1570
1546
1560
1560
1538
1538
1538
1538
1521
1521
1521
1521
1521
1500
1490
1490
1488
1488
1488
1488
1465
1465
1465
1440
1447
1447
1447
1545
1538
1537
1574
1540
1540
1489
1540
1514
1524
1478
1451
1451
1451
1448
1434
1464
1464
1486
1486
1457
1449
1445
1501
1501
1493
1493
1493
1501
1459
1504
1495
1525
1525
1525
1455
1455
1445
1427
1427
1427
1427
1443
1425
1425
1425
1484
1452
1479
1493
1499
1443
1417
1417
1417
1454
1490
1477
1448
1448
1432
1432
1465
1504
1413
1413
1432
1380
1380
1410
1410
1441
1513
1513
1427
1399
1381
1381
1381
1376
1376
1410
1410
1518
1544
1577
1577
1562
1497
1466
1456
1411
1438
1438
1438
1457
1457
1459
1459
1459
1458
1458
1488
1485
1485
1480
1511
1510
1480
1447
1447
1468
1468
1471
1486
1486
1483
1483
1483
1448
1448
1472
1472
1512
1512
1504
1537
1506
1491
1491
1559
1527
1506
1496
1496
1496
1497
1497
1523
1523
1540
1542
1542
1540
1540
1540
1540
1550
1613
1599
1599
1583
1588
1562
1553
1554
1579
1558
1558
1558
1507
1507
1507
1507
1507
1526
1551
1551
1488
1453
1453
1460
1546
1532
1532
1514
1528
1524
1524
1544
1544
1509
1493
1464
1459
1476
1437
1401
1414
1414
1454
1454
1414
1414
1414
1429
1433
1412
1428
1448
1448
1448
1448
1448
1418
1418
1418
1425
1425
1434
1484
1518
1505
1505
1483
1483
1452
1452
1467
1467
1467
1452
1466
1511
1494
1474
1492
1501
1532
1532
1512
1478
1443
1443
1443
1434
1475
1509
1509
1477
1491
1446
1446
1424
1424
1424
1424
1541
1493
1450
1466
1464
1419
1419
1411
1429
1479
1457
1451
1436
1430
1430
1458
1430
1485
1485
1482
1476
1468
1404
1438
1438
1438
1438
1438
1438
1463
1463
1463
1481
1494
1514
1502
1502
1480
1549
1538
1524
1524
1493
1585
1573
1573
1573
1540
1540
1539
1526
1562
1496
1485
1485
1484
1465
1465
1468
1468
1531
1531
1515
1533
1417
1417
1417
1392
1392
1392
1392
1392
1392
1388
1388
1376
1404
1398
1387
1387
1376
1376
1376
1376
1376
1376
1354
1354
1342
1342
1369
1369
1375
1375
1464
1473
1493
1493
1483
1483
1486
1478
1478
1528
1568
1583
1631
1515
1515
1514
1467
1444
1444
1428
1428
1418
1434
1530
1524
1516
1477
1477
1480
1504
1504
1504
1539
1517
1495
1514
1530
1545
1545
1582
1604
1615
1615
1620
1629
1593
1596
1596
1596
1570
1567
1567
1532
1497
1467
1481
1436
1386
1386
1477
1477
1477
1477
1477
1477
1456
1436
1448
1448
1448
1463
1463
1463
1432
1432
1432
1432
1446
1432
1432
1432
1432
1432
1432
1432
1401
1401
1401
1401
1401
1408
1401
1405
1413
1377
1397
1414
1397
1397
1397
1398
1397
1468
1405
1397
1397
1431
1431
1431
1497
1443
1443
1474
1450
1481
1499
1481
1425
1425
1469
1450
1450
1477
1429
1457
1457
1466
1439
1458
1458
1464
1469
1501
1501
1492
1492
1492
1492
1492
1503
1534
1509
1534
1488
1491
1482
1482
1452
1557
1576
1579
1545
1531
1536
1489
1489
1519
1506
1491
1482
1402
1411
1475
1475
1475
1428
1450
1472
1493
1552
1610
1610
1604
1508
1519
1466
1425
1522
1522
1570
1589
1559
1555
1548
1548
1470
1521
1536
1530
1519
1512
1521
1521
1515
1492
1467
1467
1467
1467
1513
1513
1513
1541
1511
1511
1511
1511
1544
1547
1547
1555
1482
1480
1480
1495
1486
1486
1515
1515
1515
1515
1515
1487
1487
1487
1487
1487
1487
1489
1489
1472
1480
1488
1430
1423
1433
1428
1428
1451
1451
1451
1451
1451
1451
1426
1426
1412
1412
1412
1412
1430
1430
1430
1476
1428
1428
1440
1440
1381
1381
1392
1391
1391
1391
1408
1408
1408
1408
1408
1408
1432
1465
1468
1514
1514
1489
1489
1527
1502
1502
1494
1494
1483
1490
1440
1430
1488
1479
1479
1522
1522
1522
1522
1494
1455
1455
1407
1407
1403
1409
1409
1409
1409
1409
1409
1409
1425
1425
1425
1408
1362
1362
1355
1391
1365
1365
1365
1364
1364
1373
1398
1373
1385
1385
1390
1390
1399
1399
1390
1397
1397
1397
1416
1461
1441
1456
1438
1421
1421
1421
1421
1458
1485
1467
1467
1467
1467
1451
1451
1451
1451
1451
1421
1425
1425
1410
1499
1515
1515
1477
1491
1498
1504
1504
1476
1476
1476
1476
1476
1476
1476
1441
1441
1441
1465
1465
1465
1478
1465
1465
1465
1465
1425
1425
1425
1425
1425
1447
1447
1501
1501
1501
1501
1377
1377
1343
1343
1343
1354
1354
1354
1354
1415
1427
1427
1436
1436
1436
1436
1436
1436
1394
1415
1416
1416
1417
1416
1408
1358
1358
1369
1381
1359
1359
1359
1368
1359
1359
1359
1359
1428
1428
1419
1419
1419
1419
1419
1419
1419
1443
1443
1443
1443
1443
1459
1443
1443
1443
1419
1425
1448
1443
1409
1410
1410
1410
1443
1410
1447
1447
1504
1455
1455
1497
1490
1476
1399
1400
1429
1429
1429
1479
1479
1488
1488
1488
1435
1497
1477
1428
1407
1407
1409
1408
1423
1423
1413
1413
1405
1412
1412
1426
1419
1425
1425
1411
1469
1469
1469
1469
1469
1469
1469
1469
1469
1525
1525
1476
1517
1517
1517
1517
1413
1453
1438
1438
1438
1438
1481
1485
1485
1442
1466
1466
1466
1466
1488
1488
1460
1480
1480
1551
1517
1553
1416
1399
1390
1390
1428
1428
1444
1444
1437
1455
1494
1451
1407
1407
1434
1434
1434
1434
1434
1451
1451
1451
1449
1468
1468
1464
1464
1464
1457
1460
1452
1452
1463
1463
1472
1476
1482
1494
1494
1494
1478
1478
1501
1507
1450
1445
1441
1451
1446
1446
1444
1459
1459
1446
1433
1433
1433
1433
1455
1455
1455
1455
1454
1461
1451
1451
1439
1440
1438
1485
1485
1467
1467
1466
1483
1540
1533
1533
1533
1525
1539
1546
1546
1540
1523
1523
1523
1523
1523
1523
1523
1523
1502
1491
1531
1521
1521
1546
1546
1546
1546
1514
1514
1505
1510
1523
1539
1539
1526
1539
1539
1559
1553
1540
1540
1599
1599
1582
1583
1526
1526
1490
1488
1488
1508
1512
1519
1519
1506
1497
1497
1497
1497
1497
1497
1497
1497
1533
1473
1476
1476
1491
1497
1438
1438
1438
1438
1496
1448
1482
1438
1458
1458
1515
1495
1495
1486
1486
1490
1458
1446
1446
1441
1431
1431
1427
1427
1384
1417
1417
1398
1422
1422
1422
1422
1422
1422
1403
1393
1424
1393
1393
1398
1412
1430
1430
1377
1378
1378
1378
1438
1420
1400
1385
1387
1440
1440
1440
1449
1478
1470
1470
1470
1470
1470
1512
1522
1522
1522
1531
1447
1447
1447
1447
1453
1382
1432
1432
1432
1432
1432
1432
1432
1432
1432
1440
1450
1450
1450
1457
1457
1457
1460
1460
1460
1493
1461
1461
1461
1447
1447
1447
1447
1447
1458
1522
1522
1522
1468
1468
1474
1538
1527
1535
1564
1534
1511
1514
1445
1479
1479
1515
1501
1534
1534
1551
1443
1475
1424
1407
1407
1395
1395
1395
1395
1395
1395
1395
1395
1395
1395
1389
1352
1352
1347
1339
1411
1420
1392
1392
1392
1392
1392
1392
1396
1392
1392
1392
1348
1348
1367
1367
1367
1367
1434
1460
1460
1443
1443
1443
1443
1443
1443
1481
1481
1481
1555
1482
1482
1482
1482
1482
1482
1532
1532
1534
1534
1528
1511
1492
1492
1502
1494
1492
1462
1462
1462
1462
1462
1462
1462
1421
1421
1412
1412
1412
1439
1439
1412
1415
1415
1415
1415
1421
1421
1427
1427
1427
1427
1427
1464
1444
1444
1424
1424
1424
1491
1491
1491
1491
1491
1491
1491
1453
1464
1464
1489
1489
1495
1495
1495
1495
1462
1456
1456
1440
1440
1440
1440
1440
1440
1440
1440
1440
1476
1479
1499
1502
1509
1509
1509
1484
1484
1484
1484
1484
1484
1475
1475
1475
1447
1447
1447
1447
1449
1449
1426
1419
1400
1400
1400
1408
1408
1379
1379
1379
1379
1379
1379
1379
1379
1379
1370
1375
1459
1435
1435
1446
1436
1436
1411
1382
1375
1375
1375
1375
1375
1409
1396
1396
1396
1396
1423
1458
1458
1455
1458
1458
1458
1458
1458
1445
1445
1447
1401
1401
1401
1401
1410
1410
1415
1376
1376
1376
1376
1376
1390
1390
1390
1390
1412
1412
1412
1412
1412
1379
1379
1379
1379
1375
1399
1443
1381
1381
1414
1414
1414
1412
1432
1435
1430
1457
1427
1427
1427
1427
1427
1408
1409
1409
1409
1409
1409
1426
1426
1426
1489
1489
1538
1543
1583
1515
1515
1504
1499
1499
1510
1551
1558
1515
1528
1528
1571
1542
1579
1628
1574
1527
1522
1522
1522
1522
1522
1524
1524
1521
1521
1521
1521
1521
1521
1521
1521
1521
1436
1416
1416
1416
1397
1434
1434
1440
1453
1466
1409
1409
1406
1472
1430
1430
1485
1485
1489
1523
1527
1527
1527
1538
1483
1428
1397
1397
1370
1370
1375
1375
1375
1378
1415
1415
1415
1378
1378
1378
1389
1398
1383
1384
1384
1384
1384
1384
1381
1373
1373
1373
1373
1373
1373
1373
1373
1373
1373
1378
1387
1391
1391
1391
1397
1397
1397
1396
1374
1382
1382
1382
1409
1409
1409
1409
1409
1409
1409
1403
1403
1403
1403
1403
1399
1399
1402
1402
1407
1415
1415
1415
1415
1415
1415
1504
1471
1476
1457
1457
1457
1454
1454
1454
1523
1461
1436
1436
1436
1461
1461
1461
1461
1452
1475
1439
1439
1439
1439
1446
1446
1446
1446
1431
1466
1431
1431
1431
1431
1431
1431
1417
1424
1406
1406
1406
1406
1406
1406
1406
1402
1402
1377
1377
1377
1377
1377
1377
1362
1387
1387
1387
1387
1404
1404
1397
1397
1397
1397
1397
1397
1397
1397
1397
1397
1397
1397
1397
1397
1397
1397
1397
1397
1397
1397
1407
1407
1407
1407
1407
1409
1409
1409
1409
1409
1409
1409
1409
1402
1402
1402
1435
1443
1448
1476
1463
1452
1440
1440
1440
1440
1405
1420
1405
1408
1449
1449
1449
1445
1462
1462
1462
1462
1462
1462
1407
1404
1404
1442
1442
1442
1442
1442
1442
1442
1442
1418
1424
1454
1451
1451
1446
1437
1437
1437
1437
1440
1412
1412
1412
1427
1427
1429
1431
1431
1396
1396
1396
1403
1403
1403
1403
1403
1403
1403
1396
1396
1396
1396
1396
1396
1404
1392
1392
1392
1392
1392
1392
1392
1392
1392
1405
1405
1405
1405
1405
1405
1405
1405
1405
1405
1405
1405
1410
1410
1416
1416
1416
1416
1416
1405
1402
1402
1414
1426
1426
1426
1414
1414
1414
1415
1356
1369
1369
1368
1359
1359
1353
1353
1358
1358
1385
1449
1439
1439
1439
1432
1432
1432
1432
1432
1432
1452
1452
1465
1465
1467
1435
1491
1491
1471
1496
1458
1446
1446
1398
1412
1412
1412
1412
1407
1366
1366
1353
1349
1349
1349
1349
1349
1349
1349
1343
1332
1338
1338
1338
1338
1338
1338
1338
1338
1351
1351
1351
1351
1351
1351
1351
1351
1351
1332
1332
1370
1370
1370
1370
1350
1350
1381
1395
1395
1395
1395
1379
1370
1458
1458
1458
1475
1453
1440
1440
1464
1463
1463
1463
1463
1463
1463
1483
1494
1460
1460
1460
1389
1389
1402
1394
1394
1394
1377
1377
1377
1377
1402
1423
1462
1428
1431
1431
1456
1456
1456
1430
1387
1387
1407
1407
1407
1418
1418
1418
1431
1425
1425
1425
1425
1454
1454
1454
1454
1496
1460
1460
1460
1460
1460
1460
1425
1425
1425
1425
1425
1420
1420
1420
1420
1420
1420
1420
1420
1420
1420
1420
1420
1420
1420
1433
1395
1395
1395
1395
1395
1395
1395
1395
1395
1395
1425
1425
1425
1425
1425
1425
1427
1424
1424
1420
1420
1420
1420
1420
1420
1420
1420
1420
1420
1420
1420
1370
1370
1370
1370
1370
1379
1379
1379
1370
1370
1370
1370
1370
1370
1370
1370
1370
1370
1370
1370
1370
1370
1370
1370
1372
1372
1387
1370
1370
1375
1375
1375
1429
1421
1421
1421
1421
1423
1423
1423
1423
1423
1423
1461
1464
1464
1464
1433
1433
1433
1433
1433
1433
1433
1433
1433
1433
1433
1433
1433
1433
1433
1433
1433
1445
1433
1445
1445
1433
1433
1433
1433
1433
1433
1421
1421
1421
1421
1421
1421
1421
1421
1421
1421
1421
1413
1389
1360
1360
1360
1360
1360
1360
1360
1360
1360
1360
1360
1360
1360
1362
1362
1362
1362
1362
1362
1360
1360
1360
1360
1360
1361
1361
1361
1361
1361
1361
1361
1361
1361
1361
1385
1385
1385
1385
1385
1385
1390
1391
1392
1392
1392
1411
1411
1411
1411
1391
1388
1396
1396
1396
1396
1388
1391
1391
1391
1391
1391
1391
1391
1391
1391
1391
1391
1413
1413
1417
1417
1417
1417
1417
1417
1417
1417
1393
1393
1391
1391
1391
1391
1391
1391
1408
1389
1389
1389
1389
1389
1389
1389
1389
1389
1389
1389
1389
1389
1389
1389
1389
1389
1389
1389
1389
1389
1395
1395
1387
1387
1394
1394
1369
1369
1359
1359
1359
1359
1373
1373
1373
1373
1373
1373
1373
1366
1366
1366
1366
1377
1377
1388
1398
1410
1410
1361
1361
1361
1361
1366
1359
1359
1359
1370
1370
1370
1370
1370
1370
1370
1370
1370
1370
1370
1370
1370
1370
1396
1370
1378
1384
1384
1384
1379
1379
1385
1379
1379
1379
1379
1379
1379
1360
1360
1360
1386
1377
1377
1360
1340
1340
1340
1339
1356
1356
1356
1339
1339
1339
1339
1339
1340
1339
1339
1339
1339
1339
1339
1339
1339
1339
1339
1339
1339
1339
1349
1349
1349
1349
1360
1360
1392
1396
1388
1388
1378
1378
1339
1339
1339
1339
1339
1339
1355
1355
1355
1363
1363
1363
1388
1388
1388
1395
1385
1423
1423
1423
1423
1418
1409
1409
1409
1409
1409
1372
1372
1372
1372
1372
1372
1372
1354
1354
1354
1384
1384
1384
1384
1384
1384
1388
1384
1384
1387
1377
1377
1377
1377
1340
1340
1340
1340
1340
1340
1371
1371
1371
1360
1360
1380
1348
1348
1348
1348
1348
1341
1341
1341
1341
1357
1388
1388
1341
1341
1341
1355
1355
1355
1355
1355
1355
1355
1355
1372
1376
1376
1376
1376
1396
1420
1420
1420
1437
1462
1476
1476
1452
1455
1455
1455
1455
1476
1459
1459
1474
1459
1459
1459
1459
1459
1459
1459
1459
1459
1459
1459
1459
1501
1501
1490
1459
1401
1401
1401
1401
1401
1401
1401
1401
1401
1401
1401
1401
1377
1377
1379
1384
1384
1384
1384
1392
1392
1392
1392
1392
1392
1377
1382
1377
1377
1377
1377
1377
1377
1377
1377
1377
1377
1377
1377
1397
1377
1377
1377
1377
1377
1377
1377
1377
1377
1377
1383
1383
1377
1377
1377
1377
1386
1406
1407
1407
1407
1406
1394
1394
1394
1394
1394
1398
1397
1386
1386
1386
1386
1386
1386
1392
1377
1386
1382
1382
1382
1382
1382
1382
1382
1382
1382
1389
1389
1389
1389
1400
1417
1413
1411
1411
1397
1397
1397
1397
1397
1397
1397
1397
1397
1397
1397
1377
1377
1377
1377
1377
1377
1377
1377
1386
1386
1386
1386
1386
1386
1386
1386
1387
1385
1385
1385
1385
1385
1403
1403
1403
1403
1403
1403
1403
1416
1403
1406
1407
1424
1424
1424
1432
1388
1386
1386
1386
1384
1384
1384
1384
1384
1384
1384
1384
1384
1384
1384
1384
1395
1395
1395
1386
1386
1386
1386
1386
1412
1412
1384
1377
1377
1377
1377
1377
1377
1377
1377
1377
1377
1377
1377
1377
1377
1377
1420
1420
1420
1420
1420
1420
1420
1420
1420
1420
1420
1420
1392
1392
1392
1392
1358
1358
1358
1358
1374
1374
1374
1385
1390
1390
1362
1362
1362
1372
1372
1372
1372
1372
1372
1375
1375
1375
1375
1375
1376
1376
1376
1412
1395
1390
1390
1370
1370
1370
1366
1366
1370
1370
1367
1367
1370
1370
1387
1373
1373
1373
1373
1373
1373
1403
1403
1403
1346
1346
1346
1346
1346
1346
1346
1346
1346
1346
1346
1346
1346
1346
1346
1346
1346
1346
1346
1346
1346
1346
1347
1347
1346
1346
1342
1342
1342
1342
1342
1342
1342
1342
1342
1342
1349
1349
1349
1349
1349
1349
1341
1341
1341
1341
1357
1347
1348
1339
1339
1339
1339
1339
1339
1339
1339
1339
1339
1339
1339
1339
1339
1339
1339
1339
1339
1339
1339
1339
1339
1339
1339
1339
1339
1339
1339
1339
1339
1339
1339
1339
1339
1339
1339
1339
1339
1339
1339
1339
1339
1339
1339
1339
1339
1339
1339
1339
1339
1339
1339
1339
1339
1339
1339
1354
1351
1351
1339
1339
1339
1315
1315
1315
1315
1315
1315
1315
1315
1315
1315
1315
1315
1324
1324
1324
1324
1324
1324
1324
1324
1324
1324
1324
1324
1324
1324
1324
1324
1324
1324
1325
1325
1325
1325
1319
1319
1319
1319
1319
1319
1319
1321
1321
1321
1321
1321
1321
1321
1321
1321
1321
1329
1331
1331
1331
1331
1331
1329
1329
1329
1329
1329
1329
1329
1329
1329
1329
1323
1323
1323
1323
1323
1323
1339
1339
1339
1339
1339
1339
1339
1344
1344
1344
1344
1353
1353
1353
1353
1353
1353
1353
1353
1353
1353
1353
1353
1353
1353
1353
1353
1357
1357
1358
1358
1364
1364
1364
1377
1377
1377
1377
1377
1377
1377
1377
1377
1377
1377
1377
1377
1377
1377
1400
1400
1400
1403
1419
1419
1419
1419
1419
1419
1403
1404
1404
1404
1404
1404
1404
1404
1404
1403
1403
1414
1414
1414
1414
1414
1414
1414
1414
1418
1418
1418
1418
1422
1418
1428
1428
1424
1434
1377
1377
1377
1377
1377
1378
1378
1378
1378
1378
1378
1377
1377
1377
1377
1377
1377
1377
1377
1377
1382
1377
1377
1377
1377
1377
1377
1377
1377
1377
1377
1377
1377
1377
1377
1377
1377
1377
1377
1377
1377
1382
1377
1377
1377
1377
1377
1377
1377
1377
1380
1385
1380
1380
1380
1380
1380
1380
1380
1380
1380
1380
1380
1380
1380
1372
1372
1372
1372
1372
1372
1372
1372
1372
1372
1372
1372
1372
1372
1372
1372
1372
1372
1372
1382
1382
1382
1395
1395
1395
1395
1395
1395
1388
1388
1388
1388
1388
1394
1391
1391
1391
1387
1387
1387
1387
1387
1387
1387
1387
1377
1377
1377
1377
1377
1377
1377
1377
1377
1377
1377
1377
1377
1377
1377
1377
1377
1377
1377
1377
1377
1377
1377
1377
1377
1377
1377
1377
1377
1377
1377
1377
1377
1377
1390
1390
1390
1390
1377
1377
1377
1377
1377
1377
1377
1377
1377
1377
1377
1377
1377
1377
1377
1377
1377
1377
1377
1377
1377
1377
1384
1384
1377
1397
1377
1377
1377
1377
1377
1377
1377
1377
1377
1377
1377
1377
1377
1377
1379
1379
1379
1379
1379
1366
1366
1366
1366
1366
1366
1366
1366
1366
1366
1366
1366
1366
1366
1366
1366
1366
1366
1366
1355
1355
1355
1355
1372
1372
1372
1372
1372
1372
1372
1372
1372
1372
1372
1370
1370
1370
1370
1370
1370
1362
1362
1362
1362
1362
1362
1362
1362
1362
1362
1362
1362
1362
1362
1362
1362
1362
1362
1366
1366
1351
1351
1351
1351
1351
1351
1351
1351
1351
1351
1351
1365
1365
1351
1351
1351
1351
1351
1351
1351
1351
1351
1351
1351
1351
1351
1351
1351
1351
1351
1351
1351
1351
1351
1351
1351
1351
1351
1351
1351
1351
1351
1351
1351
1351
1352
1352
1362
1362
1362
1362
1362
1362
1362
1362
1362
1362
1362
1362
1362
1362
1362
1362
1362
1362
1362
1362
1362
1362
1362
1362
1362
1362
1362
1362
1362
1364
1364
1364
1364
1364
1364
1364
1364
1389
1395
1395
1395
1395
1395
1395
1395
1395
1395
1393
1393
1393
1393
1393
1393
1393
1393
1389
1393
1393
1389
1389
1389
1377
1377
1377
1377
1377
1377
1377
1377
1377
1377
1377
1377
1377
1377
1377
1377
1377
1377
1377
1377
1377
1377
1377
1377
1377
1377
1377
1377
1377
1380
1377
1377
1377
1377
1379
1379
1381
1381
1381
1381
1381
1381
1381
1381
1381
1381
1381
1381
1381
1381
1381
1381
1383
1383
1383
1386
1386
1386
1386
1386
1386
1386
1386
1383
1383
1383
1383
1383
1377
1377
1377
1377
1377
1377
1377
1409
1409
1392
1392
1392
1392
1377
1377
1377
1377
1377
1377
1392
1377
1377
1377
1377
1377
1377
1377
1377
1386
1384
1387
1367
1367
1324
1324
1324
1324
1324
1324
1324
1324
1324
1324
1324
1324
1324
1324
1324
1324
1324
1324
1324
1324
1324
1324
1324
1324
1324
1324
1324
1324
1324
1331
1331
1331
1331
1331
1331
1308
1308
1308
1308
1308
1308
1308
1308
1308
1308
1308
1308
1308
1308
1308
1308
1308
1308
1308
1308
1308
1308
1308
1308
1308
1308
1308
1308
1308
1308
1308
1308
1308
1308
1308
1308
1308
1308
1297
1297
1297
1297
1297
1297
1297
1297
1297
1297
1297
1297
1313
1297
1297
1297
1297
1297
1297
1297
1297
1297
1297
1297
1297
1310
1310
1302
1302
1302
1297
1297
1297
1297
1297
1297
1297
1297
1297
1297
1297
1297
1297
1297
1297
1297
1297
1297
1297
1297
1297
1297
1297
1297
1297
1297
1297
1297
1297
1297
1297
1297
1297
1297
1297
1302
1297
1297
1297
1304
1304
1304
1304
1304
1304
1304
1304
1304
1304
1298
1298
1304
1297
1297
1297
1297
1297
1297
1300
1300
1300
1300
1300
1300
1300
1300
1300
1300
1300
1300
1300
1300
1300
1300
1300
1300
1300
1300
1300
1300
1300
1299
1299
1299
1299
1299
1299
1299
1297
1297
1297
1297
1297
1297
1299
1299
1299
1299
1299
1299
1299
1299
1299
1299
1299
1299
1299
1299
1299
1299
1299
1299
1299
1299
1298
1298
1298
1298
1298
1300
1297
1297
1297
1297
1297
1297
1297
1297
1297
1297
1297
1297
1297
1297
1297
1297
1297
1297
1297
1297
1297
1297
1297
1297
1297
1297
1297
1297
1297
1297
1297
1297
1297
1297
1302
1302
1302
1302
1302
1302
1302
1302
1302
1302
1297
1297
1297
1297
1297
1297
1297
1297
1297
1297
1297
1297
1297
1297
1297
1297
1297
1302
1302
1302
1302
1302
1307
1307
1307
1307
1307
1307
1307
1307
1307
1307
1307
1307
1307
1307
1307
1307
1307
1307
1307
1307
1307
1307
1307
1307
1310
1313
1313
1313
1310
1310
1310
1302
1302
1306
1306
1306
1306
1306
1306
1306
1306
1306
1306
1306
1306
1306
1306
1306
1306
1306
1306
1306
1306
1306
1306
1306
1306
1306
1306
1306
1306
1306
1306
1306
1306
1306
1308
1338
1338
1338
1338
1338
1338
1338
1338
1338
1299
1299
1299
1299
1297
1297
1297
1297
1297
1299
1299
1299
1299
1299
1308
1299
1299
1299
1297
1297
1297
1297
1297
1297
1297
1303
1297
1297
1297
1297
1297
1297
1297
1297
1297
1297
1297
1297
1297
1297
1297
1297
1297
1297
1297
1297
1297
1297
1297
1297
1297
1297
1297
1297
1299
1299
1299
1299
1299
1299
1299
1299
1299
1299
1299
1299
1299
1299
1299
1299
1299
1299
1299
1299
1299
1299
1299
1299
1299
1299
1299
1299
1299
1299
1299
1299
1299
1299
1299
1299
1299
1299
1299
1299
1297
1297
1297
1297
1297
1297
1297
1297
1297
1297
1297
1297
1297
1297
1297
1297
1297
1297
1297
1297
1297
1297
1297
1297
1297
1297
1297
1297
1297
1297
1297
1297
1297
1297
1297
1297
1297
1297
1297
1297
1297
1297
1297
1297
1297
1297
1297
1297
1297
1297
1297
1297
1297
1297
1297
1297
1297
1297
1297
1297
1297
1297
1297
1297
1297
1297
1297
1297
1297
1297
1297
1297
1297
1297
1297
1297
1297
1297
1297
1297
1297
1297
1297
1297
1297
1297
1297
1297
1297
1297
1297
1297
1297
1297
1297
1297
1297
1297
1297
1297
1297
1297
1297
1297
1297
1297
1297
1297
1297
1297
1297
1297
1297
1297
1297
1297
1297
1297
1297
1297
1297
1297
1297
1297
1297
1297
1297
1297
1297
1297
1297
1297
1297
1297
1297
1297
1297
1297
1297
1297
1297
1297
1297
1297
1297
1297
1297
1297
1297
1297
1297
1297
1297
1297
1297
1297
1297
1297
1297
1297
1297
1297
1297
1297
1297
1297
1297
1297
1297
1297
1297
1297
1297
1297
1297
1297
1297
1297
1297
1297
1297
1297
1297
1297
1297
1297
1297
1297
1297
1297
1297
1297
1297
1297
1297
1297
1297
1297
1297
1297
1297
1297
1297
1298
1298
1298
1298
1298
1298
1298
1299
1299
1299
1299
1298
1298
1298
1298
1298
1304
1304
1304
1304
1303
1303
1303
1303
1303
1297
1297
1297
1297
1297
1297
1297
1297
1297
1297
1297
1297
1297
1297
1297
1297
1297
1302
1302
1302
1302
1302
1302
1302
1302
1302
1302
1298
1298
1298
1298
1298
1298
1298
1298
1298
1298
1298
1298
1298
1298
1298
1297
1297
1297
1297
1297
1297
1297
1297
1297
1297
1297
1297
1297
1297
1297
1297
1297
1297
1297
1297
1297
1297
1297
1297
1297
1297
1297
1297
1297
1297
1297
1297
1297
1297
1297
1297
1297
1297
1297
1297
1297
1297
1297
1297
1297
1297
1297
1297
1297
1297
1297
1297
1297
1297
1297
1297
1297
1297
1297
1297
1297
1297
1297
1297
1297
1297
1297
1297
1297
1297
1297
1297
1297
1297
1297
1297
1297
1297
1297
1297
1297
1297
1297
1297
1297
1297
1297
1297
1297
1297
1297
1297
1297
1297
1297
1297
1297
1297
1297
1297
1297
1297
1297
1297
1297
1297
1297
1297
1297
1297
1297
1297
1297
1297
1297
1297
1297
1297
1297
1297
1297
1297
1297
1297
1297
1297
1297
1297
1297
1297
1297
1297
1297
1297
1297
1297
1297
1297
1297
1297
1297
1297
1297
1297
1297
1297
1297
1297
1297
1297
1297
1297
1297
1297
1297
1297
1297
1297
1297
1297
1297
1297
1297
1297
1297
1297
1297
1297
1297
1297
1297
1297
1297
1297
1297
1297
1297
1297
1297
1297
1297
1297
1297
1297
1297
1297
1297
1297
1297
1297
1297
1297
1297
1297
1297
1297
1297
1297
1297
1297
1297
1297
1297
1297
1297
1297
1297
1297
1297
1297
1297
1297
1297
1297
1297
1297
1297
1297
1297
1297
1297
1297
1297
1297
1297
1297
1297
1297
1297
1297
1297
1297
1297
1297
1300
1300
1300
1300
1300
1300
1300
1300
1297
1297
1297
1297
1297
1297
1297
1297
1297
1297
1297
1297
1297
1297
1297
1297
1297
1297
1297
1297
1297
1297
1297
1297
1297
1297
1297
1297
1297
1297
1297
1305
1297
1297
1297
1297
1297
1297
1297
1297
1297
1297
1297
1297
1297
1297
1297
1297
1297
1300
1300
1300
1300
1300
1300
1300
1300
1300
1300
1300
1297
1297
1297
1297
1297
1297
1297
1297
1297
1297
1297
1297
1297
1297
1297
1297
1297
1297
1297
1297
1297
1297
1297
1297
1297
1297
1297
1297
1297
1297
1297
1297
1297
1297
1297
1297
1297
1297
1297
1297
1297
1297
1297
1297
1297
1297
1297
1297
1297
1297
1297
1297
1297
1297
1297
1297
1297
1297
1297
1297
1297
1297
1297
1297
1297
1297
1297
1297
1297
1297
1297
1297
1297
1297
1297
1297
1297
1297
1297
1297
1297
1297
1297
1297
1297
1304
1304
1304
1304
1304
1298
1298
1297
1297
1297
1297
1297
1297
1297
1297
1297
1297
1297
1297
1297
1297
1297
1297
1297
1297
1297
1297
1297
1297
1297
1297
1297
1297
1297
1297
1297
1297
1297
1297
1297
1297
1297
1297
1297
1297
1297
1297
1297
1297
1297
1297
1297
1297
1297
1297
1297
1297
1297
1297
1297
1297
1297
1297
1297
1297
1297
1297
1297
1297
1297
1297
1297
1297
1297
1297
1297
1297
1297
1297
1297
1297
1297
1297
1297
1297
1297
1297
1297
1297
1297
1297
1297
1297
1297
1297
1297
1297
1297
1297
1297
1297
1297
1297
1297
1297
1297
1297
1297
1297
1297
1297
1297
1297
1297
1297
1297
1297
1297
1297
1297
1297
1297
1297
1297
1297
1297
1297
1297
1297
1297
1297
1297
1297
1297
1297
1297
1297
1297
1297
1297
1297
1297
1297
1297
1297
1297
1297
1297
1297
1297
1297
1300
1300
1300
1300
1300
1297
1297
1297
1297
1297
1297
1297
1297
1297
1297
1297
1297
1297
1297
1297
1297
1297
1297
1297
1297
1297
1297
1297
1297
1297
1297
1297
1297
1297
1297
1297
1297
1297
1297
1297
1297
1297
1297
1297
1297
1297
1297
1297
1297
1297
1297
1297
1297
1297
1297
1297
1297
1297
1297
1297
1297
1297
1297
1297
1297
1297
1297
1297
1297
1297
1297
1297
1297
1297
1297
1297
1297
1297
1297
1297
1297
1297
1299
1299
1299
1299
1299
1297
1297
1297
1297
1297
1297
1297
1297
1297
1297
1297
1297
1297
1297
1297
1297
1297
1297
1297
1297
1297
1297
1297
1297
1297
1297
1297
1297
1297
1301
1301
1301
1301
1301
1301
1301
1301
1301
1301
1301
1301
1301
1301
1301
1301
1301
1301
1301
1301
1301
1301
1301
1301
1301
1301
1301
1301
1301
1301
1301
1301
1301
1301
1301
1301
1301
1301
1301
1301
1301
1297
1297
1297
1297
1297
1297
1297
1297
1297
1297
1297
1297
1297
1297
1297
1297
1305
1305
1305
1297
1297
1297
1297
1297
1297
1297
1297
1297
1297
1297
1297
1297
1297
1297
1297
1297
1297
1297
1297
1297
1297
1297
1297
1297
1297
1297
1297
1297
1297
1297
1297
1297
1297
1297
1297
1297
1297
1297
1297
1297
1297
1297
1297
1297
1297
1297
1297
1297
1297
1297
1297
1297
1297
1297
1297
1298
1298
1298
1298
1298
1298
1298
1307
1308
1298
1298
1298
1298
1298
1298
1298
1298
1298
1298
1298
1298
1298
1298
1298
1298
1298
1297
1297
1297
1297
1297
1297
1297
1297
1297
1297
1297
1297
1297
1297
1297
1297
1297
1297
1297
1297
1297
1297
1297
1297
1297
1297
1297
1297
1297
1297
1297
1297
1297
1297
1297
1297
1297
1297
1297
1297
1297
1297
1297
1297
1297
1297
1297
1297
1297
1297
1297
1297
1297
1297
1297
1297
1297
1297
1297
1297
1297
1297
1297
1297
1297
1297
1297
1297
1297
1297
1297
1297
1297
1297
1297
1297
1297
1297
1297
1297
1297
1297
1297
1297
1297
1297
1297
1297
1297
1297
1297
1297
1297
1297
1297
1297
1297
1297
1297
1297
1297
1297
1297
1297
1297
1297
1297
1297
1297
1297
1297
1299
1300
1300
1297
1297
1297
1297
1297
1297
1297
1297
1297
1297
1297
1297
1297
1297
1297
1297
1297
1297
1297
1297
1297
1297
1297
1297
1297
1297
1297
1297
1297
1297
1297
1297
1297
1297
1297
1297
1297
1297
1297
1297
1297
1297
1297
1297
1297
1297
1297
1297
1297
1297
1297
1297
1297
1297
1297
1297
1297
1297
1297
1297
1297
1297
1297
1297
1297
1298
1298
1299
1299
1299
1299
1299
1299
1299
1299
1299
1299
1299
1299
1299
1299
1299
1299
1299
1299
1299
1299
1299
1299
1299
1299
1299
1299
1299
1299
1299
1299
1299
1299
1299
1299
1299
1299
1299
1299
1299
1299
1299
1299
1299
1299
1299
1299
1299
1299
1299
1299
1299
1299
1299
1299
1299
1297
1297
1297
1297
1297
1297
1297
1297
1297
1297
1297
1297
1297
1297
1297
1297
1297
1297
1297
1297
1297
1297
1297
1297
1297
1297
1297
1297
1297
1297
1297
1297
1297
1297
1297
1297
1297
1297
1297
1297
1297
1297
1297
1297
1297
1297
1297
1297
1297
1297
1297
1297
1297
1297
1297
1297
1297
1297
1297
1297
1297
1297
1297
1297
1297
1297
1297
1297
1297
1297
1297
1297
1297
1297
1297
1297
1297
1297
1297
1297
1297
1297
1297
1297
1297
1297
1297
1297
1297
1297
1297
1297
1297
1297
1297
1297
1297
1297
1297
1297
1297
1297
1297
1297
1297
1297
1297
1297
1297
1297
1297
1297
1297
1297
1302
1302
1297
1297
1306
1306
1297
1297
1297
1297
1297
1297
1297
1297
1297
1297
1297
1297
1297
1297
1297
1297
1297
1297
1297
1297
1297
1297
1297
1297
1297
1297
1297
1297
1297
1297
1297
1297
1297
1297
1297
1297
1297
1297
1297
1297
1297
1297
1297
1297
1297
1297
1297
1297
1297
1297
1299
1299
1304
1304
1304
1304
1304
1304
1304
1304
1304
1304
1304
1304
1297
1297
1297
1297
1297
1297
1297
1297
1297
1297
1297
1297
1297
1297
1297
1297
1297
1297
1297
1297
1297
1297
1297
1297
1297
1297
1297
1297
1297
1297
1297
1297
1297
1297
1297
1297
1297
1297
1297
1297
1297
1297
1297
1297
1297
1297
1297
1297
1297
1297
1297
1297
1297
1297
1297
1297
1297
1297
1297
1297
1297
1297
1297
1297
1297
1297
1297
1297
1297
1297
1297
1297
1297
1297
1297
1297
1297
1297
1297
1297
1297
1297
1297
1297
1297
1297
1297
1297
1297
1297
1297
1297
1297
1297
1297
1297
1297
1297
1297
1297
1297
1297
1297
1297
1297
1297
1297
1297
1297
1297
1297
1297
1297
1297
1297
1297
1297
1297
1297
1297
1297
1297
1297
1297
1297
1297
1297
1297
1297
1297
1297
1297
1297
1297
1297
1297
1297
1297
1297
1297
1301
1301
1301
1301
1301
1301
1301
1301
1301
1301
1301
1301
1301
1301
1297
1297
1297
1297
1297
1297
1297
1297
1297
1297
1297
1297
1297
1297
1297
1297
1297
1297
1297
1297
1297
1297
1297
1297
1297
1297
1297
1297
1297
1297
1297
1297
1297
1297
1297
1297
1297
1297
1297
1297
1297
1297
1297
1297
1303
1303
1303
1303
1303
1303
1303
1303
1303
1303
1297
1304
1304
1304
1304
1304
1304
1304
1304
1304
1304
1304
1304
1304
1304
1304
1304
1304
1304
1304
1297
1297
1297
1297
1297
1297
1297
1297
1297
1297
1297
1297
1297
1297
1297
1297
1298
1298
1297
1297
1297
1297
1297
1297
1297
1297
1297
1297
1297
1297
1297
1297
1297
1297
1297
1297
1297
1297
1297
1297
1297
1297
1297
1297
1310
1310
1310
1297
1297
1297
1297
1297
1297
1297
1297
1297
1297
1297
1297
1297
1297
1297
1297
1297
1297
1297
1297
1297
1297
1297
1297
1297
1297
1297
1297
1297
1297
1297
1297
1297
1297
1297
1297
1297
1297
1297
1297
1297
1297
1297
1297
1297
1297
1297
1297
1297
1297
1297
1297
1297
1297
1297
1297
1297
1297
1297
1297
1297
1297
1297
1297
1297
1297
1297
1297
1297
1297
1297
1297
1297
1297
1297
1307
1307
1307
1307
1307
1307
1307
1308
1308
1308
1308
1308
1308
1308
1308
1308
1308
1307
1309
1309
1309
1309
1307
1307
1307
1307
1307
1307
1307
1307
1307
1307
1307
1307
1307
1308
1308
1308
1308
1303
1297
1297
1297
1297
1297
1297
1297
1297
1297
1297
1297
1297
1297
1297
1297
1297
1297
1297
1297
1297
1297
1297
1297
1297
1297
1297
1297
1297
1297
1297
1297
1297
1297
1297
1297
1297
1297
1297
1297
1297
1297
1297
1297
1297
1297
1297
1297
1297
1297
1297
1297
1297
1297
1297
1297
1297
1297
1297
1297
1297
1297
1297
1297
1297
1297
1297
1297
1297
1297
1297
1297
1297
1297
1297
1297
1297
1297
1297
1297
1297
1297
1297
1297
1297
1297
1297
1297
1297
1297
1297
1297
1297
1297
1297
1297
1297
1297
1297
1297
1297
1297
1297
1297
1297
1297
1297
1297
1297
1297
1297
1297
1297
1297
1297
1297
1297
1297
1297
1297
1297
1297
1297
1297
1297
1297
1297
1297
1297
1297
1297
1297
1297
1299
1299
1297
1297
1297
1297
1297
1297
1297
1297
1297
1297
1297
1297
1297
1297
1297
1297
1297
1297
1297
1297
1297
1297
1297
1297
1297
1297
1297
1302
1302
1302
1302
1302
1302
1302
1302
1302
1302
1302
1302
1302
1302
1302
1302
1302
1302
1302
1302
1302
1302
1302
1302
1302
1302
1302
1302
1302
1302
1302
1302
1302
1302
1302
1302
1302
1302
1302
1302
1302
1302
1302
1302
1302
1302
1302
1302
1302
1302
1302
1302
1302
1302
1302
1302
1302
1302
1302
1302
1302
1302
1302
1302
1302
1302
1302
1302
1302
1302
1302
1302
1302
1302
1302
1302
1302
1302
1302
1302
1302
1302
1302
1302
1302
1302
1302
1302
1302
1302
1302
1302
1302
1302
1302
1302
1302
1302
1302
1302
1302
1302
1302
1302
1302
1302
1302
1302
1302
1302
1302
1302
1302
1302
1302
1302
1302
1302
1302
1302
1302
1302
1302
1302
1302
1302
1302
1302
1302
1302
1302
1302
1302
1302
1302
1302
1302
1302
1302
1302
1302
1302
1302
1302
1302
1302
1302
1302
1302
1302
1302
1302
1302
1302
1302
1302
1302
1302
1302
1302
1302
1302
1302
1302
1302
1302
1302
1302
1302
1302
1302
1308
1308
1308
1308
1308
1302
1302
1302
1302
1302
1302
1302
1302
1302
1302
1302
1302
1302
1302
1302
1302
1302
1302
1302
1302
1302
1302
1302
1302
1302
1302
1302
1302
1302
1302
1302
1297
1297
1297
1297
1297
1297
1297
1297
1297
1297
1297
1297
1297
1297
1297
1297
1297
1297
1297
1297
1297
1297
1297
1297
1297
1297
1297
1297
1297
1297
1297
1297
1297
1297
1297
1297
1297
1297
1297
1297
1297
1297
1297
1297
1297
1297
1297
1297
1297
1297
1297
1297
1297
1297
1297
1297
1297
1297
1297
1297
1297
1297
1297
1297
1297
1297
1297
1297
1297
1297
1297
1297
1297
1297
1297
1297
1297
1297
1297
1297
1297
1297
1297
1297
