4753
4724
4805
4787
4787
4828
4860
4841
4876
4863
4794
4777
4772
4749
4753
4744
4744
4788
4762
4874
4823
4908
4904
4895
4863
4863
4785
4760
4745
4733
4703
4794
4775
4752
4777
4825
4781
4781
4770
4809
4809
4841
4930
5007
5009
4970
5022
5009
5031
5009
5043
4967
4916
4884
4893
4977
4946
4950
5028
4996
5004
4965
4964
4949
4923
4934
4882
4862
4865
4883
4908
4962
5032
4998
4988
4945
4917
4937
4907
4893
4838
4838
4836
4821
4874
4836
4774
4765
4822
4811
4811
4891
4842
4799
4794
4794
4723
4722
4739
4747
4750
4724
4712
4761
4709
4718
4725
4642
4660
4647
4622
4634
4610
4624
4680
4751
4757
4835
4832
4898
4913
4857
4866
4918
4903
4902
4924
4922
4929
4939
4920
4913
4959
5001
5032
5006
4986
5043
5072
5036
5034
4969
4968
4962
4933
4908
4908
4872
4879
4879
4934
4975
4969
4914
4897
4908
4841
4776
4703
4715
4699
4685
4664
4664
4693
4713
4753
4755
4889
4914
4927
4848
4848
4884
4886
4844
4769
4833
4824
4925
4923
4977
4977
4977
4977
5068
4977
4900
4906
4912
5046
5106
5020
4939
4954
4988
4980
4893
4833
4844
4851
4921
4824
4848
4943
4902
4905
4905
4831
4831
4865
4824
4871
4853
4795
4813
4826
4782
4759
4779
4760
4838
4914
4959
4922
4883
4829
4765
4827
4804
4702
4721
4768
4773
4899
4899
4899
4843
4856
4882
4921
4880
4869
4918
4865
4900
4865
4832
4873
4720
4732
4779
4833
4753
4773
4743
4743
4771
4739
4748
4732
4769
4831
4807
4823
4840
4837
4803
4787
4809
4851
4831
4844
4792
4835
4835
4841
4916
4882
4980
5016
5012
4969
4944
4916
4916
4916
4796
4864
5028
4998
4975
4912
4958
4994
4939
4988
4918
4877
4944
4939
4975
4908
4908
4934
4938
4953
4996
5036
5054
5077
4984
5027
4999
4988
4974
4969
4952
4995
4924
4995
4958
4865
4905
4902
4867
4832
4789
4777
4815
4843
4794
4799
4725
4803
4737
4741
4797
4809
4833
4865
4861
4807
4818
4817
4759
4759
4728
4824
4823
4841
4882
4807
4807
4807
4807
4828
4770
4805
4805
4795
4760
4807
4810
4801
4825
4831
4913
4913
4926
4913
4894
4795
4784
4784
4767
4822
4893
4962
5017
5017
4970
4966
5000
4975
5094
4971
4966
4947
4947
4905
4983
4942
5013
5055
5038
5038
5060
5116
5065
5048
5048
5017
4982
4961
4926
4874
4874
4879
4848
4837
4780
4817
4726
4726
4723
4754
4806
4792
4786
4742
4775
4832
4826
4848
4845
4760
4746
4838
4888
4869
4921
4967
4967
4915
4945
4862
4887
4857
4842
4842
4819
4826
4847
4798
4860
4883
4960
4914
4987
4926
4903
4925
4927
4877
4928
4943
4890
4905
4868
4936
5047
5076
5128
5191
5074
5039
5000
4995
4916
4884
4822
4796
4782
4799
4792
4911
4906
4911
4930
4947
4927
4854
4824
4824
4842
4846
4885
4936
4976
4962
5089
5084
4942
4927
4927
4822
4811
4802
4914
4853
4902
4880
4880
4886
4850
4851
4890
4889
4901
4891
4911
4907
4907
4827
4931
4916
4959
4899
4851
4946
4836
4901
4882
4913
4834
4858
4838
4838
4858
4865
4863
4902
4938
4870
4859
4859
4861
4838
4821
4797
4768
4772
4772
4765
4765
4801
4801
4786
4786
4824
4826
4836
4852
4852
4868
4868
4853
4853
4896
4789
4873
4812
4804
4804
4864
4927
4847
4851
4816
4815
4857
4896
5001
4954
4912
4995
5032
4987
4930
4918
4925
4901
4901
4853
4878
4851
4874
4874
4874
4897
4897
4810
4779
4776
4709
4739
4724
4711
4697
4764
4773
4830
4809
4850
4850
4847
4763
4806
4787
4812
4741
4733
4783
4797
4796
4873
4881
4837
4837
4837
4794
4823
4856
4931
4962
4966
4982
4944
4944
4938
4935
4902
4900
4924
4924
4927
4927
5042
5015
5091
5131
5095
5023
5002
5058
5066
5087
5030
4898
4966
5022
4958
4921
4923
4810
4811
4779
4801
4801
4828
4866
4979
4968
4934
4914
4952
4952
4910
4970
4938
4917
4936
4924
4912
4950
4940
4965
4884
4892
4946
5031
5031
4975
4975
5027
5004
5084
5041
5028
5010
4962
4917
4932
4922
4908
4888
4954
4875
4907
4931
4902
4832
4843
4843
4854
4867
4909
4973
4968
4896
4872
4861
4882
4880
4826
4920
4920
4920
4926
4939
4929
4990
5002
5036
5036
5025
5008
4969
4999
4983
4893
4910
4832
4824
4712
4815
4815
4862
4854
4892
4834
4821
4821
4836
4771
4880
4879
4879
4866
4867
4889
4826
4842
4842
4770
4770
4805
4783
4861
4888
4928
4882
4850
4845
4771
4771
4798
4710
4682
4692
4700
4757
4871
4929
4858
4840
4913
4881
4954
4979
4880
4883
4883
4803
4774
4930
4868
4840
4805
4756
4733
4801
4795
4795
4823
4798
4790
4812
4851
4851
4912
4891
4839
4872
4909
4909
4765
4794
4733
4781
4760
4789
4818
4796
4868
4875
4825
4841
4844
4796
4805
4879
4840
4847
4837
4856
4870
4880
4862
4825
4829
4739
4739
4714
4838
4845
4816
4800
4808
4808
4829
4832
4887
4931
4943
4892
4884
4891
4905
4879
4785
4768
4703
4740
4645
4590
4670
4830
4830
4791
4812
4757
4779
4784
4776
4743
4715
4763
4801
4768
4768
4753
4742
4742
4742
4742
4743
4713
4749
4703
4684
4767
4742
4755
4798
4789
4912
4883
4869
4738
4840
4840
4893
4885
4894
4898
4886
4895
4942
4948
4960
4998
4983
4970
4970
4955
4947
4858
4825
4866
4848
4780
4810
4808
4801
4801
4778
4744
4767
4708
4722
4766
4890
4862
4851
4839
4883
4934
4934
4962
4934
4913
4887
4910
4904
4904
4996
4935
4963
4973
4975
4887
4912
4932
4929
4938
4961
4960
4980
4925
4898
4920
5003
5030
5096
4989
5012
4956
4996
4997
4985
4988
4954
4981
4915
4963
4993
4993
5003
4956
4916
4855
4948
4930
4920
4920
4983
4965
4972
4893
4875
4875
4989
4979
4891
4903
4903
4855
4848
4871
4911
4911
4855
4871
4890
4919
4958
4967
4919
4963
4910
4943
5016
5028
5024
4988
4987
5020
4973
5001
4984
4968
4909
4895
4927
4888
4904
4909
4817
4838
4777
4797
4809
4784
4865
4857
4866
4886
4913
4903
4888
4900
4896
4852
4895
4782
4756
4762
4762
4867
4875
4901
4871
4866
4892
4914
4939
4961
4946
4916
4875
4859
4859
4857
4806
4800
4784
4825
4825
4726
4768
4810
4774
4728
4773
4880
4899
4906
4918
4916
4817
4839
4784
4789
4804
4821
4752
4796
4792
4791
4826
4777
4829
4833
4798
4740
4783
4760
4786
4829
4823
4823
4788
4792
4785
4785
4751
4786
4798
4800
4743
4734
4676
4676
4634
4652
4652
4652
4655
4635
4632
4706
4691
4702
4683
4759
4759
4736
4672
4672
4719
4667
4773
4702
4783
4787
4746
4699
4735
4720
4745
4779
4804
4873
4894
4842
4856
4897
4848
4801
4777
4821
4841
4859
4810
4764
4786
4869
4898
4908
4890
4823
4816
4751
4708
4642
4580
4552
4490
4580
4589
4556
4555
4518
4535
4566
4545
4577
4583
4576
4646
4574
4595
4681
4733
4811
4699
4699
4676
4719
4716
4719
4712
4712
4764
4843
4811
4836
4782
4813
4821
4793
4781
4793
4839
4826
4797
4790
4811
4766
4769
4769
4835
4792
4768
4709
4754
4837
4837
4763
4849
4844
4815
4907
4945
4904
4863
4931
4914
4898
4882
4836
4874
4972
4925
4955
4908
4919
4907
4907
4907
4875
4875
4874
4906
4852
4981
4960
4961
4971
4924
4880
4907
4851
4796
4756
4764
4781
4793
4809
4801
4877
4873
4893
4905
4902
4862
4776
4756
4755
4738
4713
4734
4738
4782
4806
4775
4715
4757
4727
4727
4749
4755
4769
4853
4857
4857
4846
4804
4709
4709
4696
4701
4827
4795
4862
4862
4867
4909
4914
4964
4858
4850
4927
4928
4933
5054
5014
5005
5068
5100
5082
5067
5110
5145
5166
5193
5154
5102
5151
5203
5211
5197
5226
5181
5169
5133
5131
5150
5088
5112
5112
5117
5069
5094
5094
4990
5038
4966
4942
5002
5002
4925
4842
4884
4932
4914
4854
4871
4867
4866
4910
4839
4881
4812
4825
4832
4786
4733
4681
4644
4613
4600
4600
4662
4700
4747
4701
4675
4699
4710
4710
4710
4730
4713
4690
4681
4636
4700
4651
4644
4598
4598
4598
4624
4644
4624
4620
4619
4550
4545
4559
4616
4605
4660
4773
4812
4816
4816
4839
4819
4757
4731
4824
4808
4794
4785
4793
4750
4747
4759
4738
4698
4718
4759
4759
4673
4665
4650
4650
4679
4710
4716
4699
4729
4831
4869
4830
4830
4853
4764
4737
4760
4764
4756
4756
4820
4844
4795
4795
4771
4755
4745
4737
4746
4811
4811
4845
4883
4883
4942
4942
4957
4957
4920
4920
4921
4919
4869
4883
4803
4813
4814
4814
4864
4864
4793
4777
4777
4803
4791
4770
4782
4800
4841
4841
4944
4950
4950
4937
4924
4850
4837
4710
4789
4789
4808
4867
4871
4830
4848
4896
4848
4848
4791
4771
4768
4698
4702
4807
4760
4734
4761
4879
4908
4978
5014
5008
4986
4980
4950
4920
4895
4899
4788
4824
4808
4799
4826
4808
4798
4824
4788
4758
4730
4739
4789
4818
4851
4863
4863
4863
4860
4867
4867
4870
4856
4880
4889
4917
4908
4934
4873
4873
4873
4873
4874
4878
4939
4983
4944
4946
4957
4960
4912
4895
4877
4852
4900
4955
4889
4868
4857
4775
4726
4699
4686
4673
4712
4685
4685
4689
4704
4764
4800
4820
4766
4766
4683
4682
4737
4735
4720
4703
4691
4691
4691
4698
4698
4698
4762
4777
4791
4852
4882
4867
4828
4877
4854
4961
4961
4971
4954
4944
4944
4926
4806
4806
4778
4811
4812
4748
4740
4713
4726
4820
4853
4876
4914
4934
4900
4865
4787
4682
4674
4660
4643
4710
4650
4656
4656
4654
4689
4686
4760
4729
4709
4779
4792
4805
4830
4858
4837
4814
4796
4767
4743
4743
4818
4783
4776
4776
4798
4799
4840
4840
4857
4792
4862
4798
4803
4765
4765
4771
4760
4823
4850
4850
4887
4890
4825
4825
4873
4873
4801
4801
4801
4880
4878
4878
4852
4891
4920
4870
4859
4834
4877
4889
4840
4946
4881
4937
4965
4904
4910
4890
4893
4906
4996
4976
4998
5076
5076
5040
5033
4908
4968
4940
4978
4979
4881
4911
4858
4902
4867
4879
4879
4890
4920
4952
4866
4826
4814
4793
4801
4758
4758
4797
4769
4808
4734
4752
4742
4685
4685
4720
4762
4762
4726
4703
4766
4740
4706
4782
4800
4774
4831
4806
4892
4903
4841
4849
4842
4855
4828
4850
4771
4763
4852
4851
4905
4812
4847
4847
4800
4825
4787
4811
4843
4768
4719
4724
4733
4726
4706
4740
4793
4796
4826
4866
4918
4858
4861
4853
4863
4829
4801
4830
4894
4894
4888
4921
4919
4888
4859
4836
4836
4904
4896
4844
4835
4819
4724
4752
4743
4740
4767
4811
4817
4809
4780
4812
4767
4767
4741
4752
4752
4752
4773
4823
4738
4806
4870
4833
4782
4749
4708
4737
4700
4757
4772
4772
4774
4802
4849
4849
4803
4719
4681
4741
4783
4794
4798
4782
4719
4695
4720
4786
4750
4762
4768
4737
4747
4740
4748
4738
4727
4729
4725
4748
4752
4785
4752
4763
4807
4798
4789
4789
4816
4827
4824
4852
4876
4764
4758
4701
4704
4683
4683
4692
4663
4642
4699
4766
4762
4713
4736
4736
4670
4744
4744
4722
4799
4803
4698
4740
4712
4712
4712
4694
4717
4698
4695
4734
4667
4605
4647
4694
4704
4769
4835
4838
4832
4821
4755
4799
4868
4887
4868
4868
4836
4806
4838
4856
4875
4907
4968
4934
4953
4989
5012
4986
5006
5006
4979
5030
5081
5081
5062
4962
4980
5016
5073
5083
5055
5042
5002
4999
4988
5006
5014
4940
5001
5003
5018
4973
4952
5004
4940
4935
4918
5021
5037
5004
5014
4971
4988
5009
4973
4994
4994
4994
4961
4973
4875
4902
4885
4858
4897
4842
4842
4831
4860
4842
4842
4907
4876
4843
4829
4789
4790
4735
4745
4772
4760
4754
4681
4700
4746
4767
4760
4833
4816
4796
4752
4699
4688
4735
4731
4737
4689
4689
4713
4710
4738
4743
4751
4846
4846
4908
4876
4834
4797
4742
4797
4797
4890
4958
4886
4846
4846
4926
4893
4864
4808
4817
4832
4832
4809
4796
4774
4821
4827
4857
4837
4806
4812
4839
4935
4936
4897
4846
4894
4894
4824
4915
4936
4936
4935
4857
4844
4844
4828
4875
4803
4723
4756
4818
4769
4777
4782
4804
4837
4794
4796
4773
4789
4824
4824
4808
4808
4833
4851
4894
4891
4909
4944
4944
4944
5007
5054
5044
5036
5077
5003
4999
5021
4973
4920
4866
4792
4792
4876
4876
4894
4894
4894
4899
4899
4931
4944
4893
4912
4813
4820
4704
4753
4708
4756
4755
4759
4821
4755
4784
4784
4824
4834
4878
4938
4953
4906
4978
4967
4914
4908
4920
4924
4904
4908
4933
4933
4987
4973
4940
4940
4983
4907
4838
4856
4971
4959
4984
4955
4942
4951
4893
4939
4960
4942
4963
4976
4972
4951
5000
5014
4980
5041
4986
4946
4958
4958
4955
4992
4974
4972
4972
5007
5007
4964
4975
4879
4899
4899
4936
4987
4960
4985
4984
5008
5002
4946
4971
4969
4988
4974
4960
4866
4897
4917
4900
4766
4744
4756
4741
4773
4764
4744
4683
4680
4680
4649
4649
4615
4614
4614
4642
4663
4656
4656
4686
4736
4702
4676
4662
4632
4692
4855
4817
4817
4696
4663
4648
4648
4708
4782
4697
4680
4680
4693
4676
4670
4613
4608
4597
4662
4671
4710
4716
4854
4871
4804
4833
4827
4853
4879
4899
4896
4869
4815
4818
4779
4684
4710
4735
4765
4752
4715
4759
4722
4800
4790
4777
4771
4817
4842
4805
4848
4803
4780
4773
4808
4906
4801
4867
4895
4901
4926
4862
4806
4816
4789
4856
4895
4816
4771
4755
4755
4656
4663
4704
4690
4709
4692
4745
4723
4688
4707
4673
4673
4731
4738
4739
4739
4752
4851
4881
4852
4879
4826
4830
4819
4837
4778
4812
4817
4863
4809
4850
4805
4756
4798
4803
4803
4769
4781
4712
4660
4674
4635
4635
4635
4635
4624
4703
4687
4702
4687
4666
4666
4738
4743
4734
4713
4842
4844
4846
4778
4778
4714
4714
4764
4806
4788
4805
4801
4767
4741
4727
4763
4740
4740
4740
4740
4662
4648
4662
4750
4843
4787
4791
4821
4784
4746
4737
4737
4737
4750
4771
4758
4799
4835
4860
4851
4803
4866
4866
4845
4947
4887
4903
4850
4850
4817
4817
4792
4792
4869
4810
4833
4813
4852
4866
4863
4905
4922
4797
4767
4809
4814
4800
4823
4842
4877
4874
4861
4826
4893
4836
4885
4846
4837
4839
4853
4858
4858
4845
4833
4818
4819
4867
4834
4889
4832
4832
4832
4854
4923
4876
4899
4922
4937
4887
4887
4879
4837
4841
4872
4863
4945
4875
4912
4883
4883
4877
4878
4971
4940
4905
4905
4861
4813
4768
4758
4763
4785
4771
4795
4847
4875
4869
4841
4869
4788
4750
4743
4749
4729
4763
4695
4696
4729
4755
4824
4828
4828
4812
4801
4792
4799
4827
4811
4811
4765
4705
4743
4760
4789
4853
4853
4864
4864
4811
4895
4857
4856
4855
4919
4937
4987
4968
4939
4882
4890
4853
4853
4787
4840
4844
4818
4842
4889
4889
4889
4898
4898
4763
4779
4797
4711
4723
4750
4772
4701
4661
4682
4741
4765
4776
4760
4760
4752
4670
4756
4669
4644
4644
4668
4788
4792
4791
4729
4695
4713
4687
4687
4668
4661
4707
4704
4680
4666
4640
4774
4692
4701
4700
4652
4652
4611
4684
4650
4650
4650
4691
4653
4653
4633
4622
4634
4626
4605
4542
4579
4582
4582
4580
4624
4614
4614
4614
4624
4690
4690
4690
4692
4770
4682
4682
4740
4740
4740
4740
4708
4733
4729
4729
4785
4841
4782
4836
4846
4846
4823
4822
4755
4755
4742
4737
4746
4737
4737
4661
4646
4730
4685
4662
4662
4666
4659
4659
4733
4696
4677
4740
4781
4782
4788
4788
4681
4681
4681
4835
4839
4799
4781
4794
4829
4829
4842
4841
4883
4873
4910
4874
4793
4793
4791
4761
4722
4750
4750
4756
4747
4726
4852
4848
4833
4895
4929
4941
4902
4902
4930
4934
4899
4840
4874
4852
4859
4859
4914
4912
4904
4914
4980
4968
4968
4926
4952
4945
5013
5000
5008
4990
5012
5067
5057
5071
5065
5095
5105
4978
5007
5007
4990
4915
4928
4928
4924
4977
4929
4929
4901
5016
4975
4962
4992
4941
4932
4945
4905
4801
4836
4805
4791
4791
4774
4774
4779
4750
4771
4793
4740
4706
4706
4706
4655
4646
4646
4727
4696
4696
4696
4696
4651
4757
4779
4778
4694
4756
4746
4823
4843
4848
4772
4837
4826
4842
4845
4872
4850
4850
4939
4926
4894
4883
4883
4868
4893
4936
4957
4969
4992
4969
4983
4978
4934
4977
4977
4949
4955
4915
4920
4948
4817
4817
4830
4869
4840
4846
4796
4796
4743
4747
4797
4797
4748
4779
4779
4699
4699
4699
4844
4796
4656
4663
4709
4709
4730
4820
4892
4857
4856
4802
4802
4852
4838
4833
4758
4742
4838
4839
4839
4808
4799
4830
4845
4816
4816
4763
4763
4790
4790
4790
4799
4692
4708
4674
4703
4721
4723
4723
4754
4701
4681
4592
4698
4678
4678
4732
4726
4726
4726
4788
4846
4855
4786
4776
4795
4783
4783
4754
4731
4691
4690
4731
4741
4741
4741
4755
4743
4768
4776
4802
4782
4841
4841
4778
4783
4771
4748
4773
4773
4773
4827
4842
4933
4945
4874
4915
5013
5013
5008
5008
5092
5018
5021
4925
4976
4965
4970
4938
4903
4930
4909
4909
4834
4854
4901
4901
4853
4850
4860
4822
4810
4790
4790
4794
4770
4815
4819
4806
4843
4833
4833
4882
4891
4818
4824
4750
4687
4741
4806
4709
4709
4710
4710
4714
4743
4743
4716
4755
4718
4722
4726
4787
4739
4738
4697
4708
4721
4739
4739
4739
4734
4763
4775
4775
4772
4862
4940
4883
4920
4918
4892
4892
4901
4833
4873
4873
4828
4841
4841
4858
4763
4714
4662
4666
4762
4733
4733
4701
4701
4743
4743
4743
4760
4766
4719
4759
4808
4742
4773
4787
4787
4787
4781
4744
4732
4809
4858
4837
4784
4784
4821
4821
4798
4798
4805
4813
4813
4793
4749
4670
4670
4670
4733
4697
4707
4722
4719
4719
4782
4706
4676
4676
4723
4760
4728
4779
4779
4819
4838
4839
4842
4830
4740
4774
4864
4846
4846
4857
4833
4783
4847
4819
4795
4808
4808
4782
4819
4840
4899
4890
4879
4879
4901
4846
4921
4760
4708
4760
4879
4787
4770
4732
4706
4743
4657
4644
4629
4718
4718
4733
4733
4754
4746
4726
4726
4727
4708
4801
4783
4728
4751
4740
4766
4761
4641
4683
4683
4735
4735
4718
4718
4714
4675
4683
4678
4724
4746
4760
4760
4754
4754
4672
4671
4671
4671
4617
4616
4710
4739
4787
4828
4827
4856
4878
4875
4847
4882
4896
4948
4959
4934
4934
4985
4966
4984
5034
5034
5047
5020
5003
4975
4906
4887
4841
4841
4784
4764
4807
4869
4888
4891
4912
4912
4821
4821
4835
4802
4828
4834
4819
4846
4853
4853
4843
4843
4836
4862
4875
4875
4887
4840
4791
4720
4747
4747
4777
4777
4797
4833
4866
4866
4866
4886
4824
4808
4794
4791
4792
4810
4806
4762
4762
4759
4726
4760
4830
4838
4843
4785
4792
4792
4720
4728
4782
4832
4769
4785
4858
4855
4826
4807
4881
4898
4848
4838
4882
4890
4876
4876
4876
4922
4880
4819
4819
4819
4809
4838
4794
4741
4741
4719
4724
4724
4724
4724
4751
4753
4764
4764
4701
4761
4836
4797
4833
4794
4790
4771
4797
4859
4884
4859
4847
4893
4805
4870
4880
4861
4835
4777
4853
4917
4878
4846
4842
4844
4858
4832
4832
4802
4812
4762
4837
4815
4809
4762
4767
4782
4782
4763
4763
4749
4765
4758
4758
4851
4851
4862
4862
4906
4906
4919
4938
4955
4955
4884
4863
4854
4862
4837
4830
4767
4785
4774
4774
4762
4847
4847
4892
4892
4831
4811
4811
4811
4886
4808
4745
4730
4730
4669
4704
4698
4734
4744
4746
4740
4740
4694
4694
4712
4779
4779
4779
4822
4822
4837
4847
4846
4831
4837
4837
4857
4775
4756
4746
4783
4783
4759
4766
4740
4744
4777
4785
4817
4830
4830
4817
4817
4905
4900
4918
4918
4918
4963
4903
4964
5015
5046
5028
4949
4949
4881
4881
4855
4840
4795
4795
4779
4795
4803
4777
4698
4692
4690
4670
4639
4600
4664
4666
4666
4698
4698
4754
4706
4698
4713
4713
4713
4770
4770
4731
4724
4752
4729
4734
4713
4831
4812
4789
4811
4793
4793
4733
4733
4733
4706
4703
4749
4686
4746
4761
4761
4782
4763
4745
4751
4773
4753
4736
4712
4718
4700
4712
4665
4744
4747
4688
4659
4659
4659
4663
4663
4680
4748
4726
4670
4723
4712
4722
4698
4774
4774
4788
4824
4815
4873
4908
4916
4916
4897
4886
4830
4820
4820
4798
4816
4773
4770
4765
4765
4770
4746
4748
4784
4724
4735
4735
4720
4751
4722
4743
4743
4777
4768
4757
4691
4671
4641
4641
4686
4686
4672
4672
4672
4645
4668
4686
4703
4697
4708
4708
4703
4694
4657
4584
4530
4539
4538
4633
4633
4553
4564
4578
4538
4538
4656
4656
4656
4605
4605
4605
4629
4646
4655
4655
4606
4632
4631
4611
4671
4643
4681
4762
4762
4719
4695
4765
4703
4710
4662
4628
4719
4719
4719
4716
4692
4623
4609
4632
4641
4677
4677
4688
4688
4672
4679
4715
4715
4667
4667
4718
4718
4718
4718
4714
4714
4714
4772
4840
4827
4771
4771
4715
4715
4780
4756
4738
4767
4813
4801
4857
4824
4778
4778
4742
4795
4795
4866
4866
4839
4802
4879
4893
4893
4881
4854
4836
4847
4886
4914
4861
4867
4867
4870
4851
4826
4826
4838
4873
4832
4777
4779
4880
4900
4940
4943
4934
4941
4878
4836
4831
4887
4940
4872
4871
4856
4855
4799
4799
4776
4734
4734
4716
4748
4768
4782
4733
4746
4746
4795
4729
4783
4746
4770
4770
4894
4904
4951
4831
4831
4831
4838
4815
4757
4860
4864
4864
4872
4874
4874
4858
4858
4847
4798
4856
4871
4859
4836
4836
4881
4853
4804
4796
4794
4825
4770
4804
4855
4793
4793
4838
4879
4850
4929
4934
4925
4968
4926
4832
4818
4831
4809
4813
4795
4750
4750
4725
4725
4677
4660
4599
4626
4647
4661
4661
4698
4847
4806
4769
4796
4782
4816
4816
4784
4754
4826
4844
4851
4820
4828
4795
4873
4893
4912
4902
4859
4859
4859
4905
4909
4870
4849
4849
4864
4858
4858
4837
4837
4837
4792
4822
4817
4753
4753
4736
4736
4736
4771
4773
4748
4729
4805
4814
4760
4758
4752
4752
4756
4778
4710
4710
4718
4718
4701
4721
4721
4719
4742
4740
4756
4825
4833
4833
4862
4862
4885
4800
4800
4762
4761
4761
4799
4799
4861
4883
4885
4900
4891
4878
4809
4809
4833
4790
4784
4784
4797
4797
4872
4872
4855
4898
4876
4860
4860
4814
4814
4813
4813
4813
4775
4775
4814
4863
4866
4849
4828
4808
4818
4818
4781
4782
4788
4788
4818
4818
4876
4871
4920
4940
4907
4907
4935
4988
4971
4966
4975
4947
4916
4916
4916
4916
4916
4919
4919
4893
4869
4777
4777
4777
4798
4781
4793
4829
4878
4896
4842
4825
4790
4795
4795
4847
4838
4804
4860
4860
4867
4854
4705
4721
4721
4721
4745
4745
4755
4755
4708
4721
4721
4819
4794
4790
4747
4753
4687
4772
4772
4750
4679
4717
4717
4584
4584
4631
4634
4689
4723
4781
4781
4749
4749
4819
4819
4823
4770
4770
4755
4708
4676
4675
4759
4663
4663
4655
4638
4642
4642
4642
4642
4621
4649
4690
4721
4653
4653
4701
4701
4701
4715
4741
4727
4720
4720
4720
4716
4722
4594
4612
4620
4633
4633
4633
4630
4630
4630
4672
4672
4641
4642
4676
4614
4620
4623
4623
4623
4624
4650
4632
4679
4687
4631
4631
4616
4558
4641
4631
4679
4718
4812
4774
4774
4774
4759
4728
4737
4742
4742
4742
4750
4760
4760
4829
4786
4796
4696
4696
4733
4781
4781
4793
4753
4759
4818
4835
4753
4762
4762
4746
4683
4683
4683
4681
4672
4676
4638
4677
4615
4615
4654
4654
4636
4636
4636
4546
4546
4546
4546
4546
4546
4595
4595
4609
4609
4638
4644
4644
4644
4665
4665
4695
4718
4718
4734
4734
4732
4744
4751
4798
4779
4774
4731
4712
4712
4717
4717
4641
4626
4626
4626
4645
4687
4687
4780
4822
4822
4792
4792
4721
4721
4721
4797
4797
4771
4728
4722
4726
4726
4705
4705
4676
4697
4578
4604
4604
4664
4634
4746
4746
4748
4790
4775
4666
4674
4738
4750
4817
4835
4848
4848
4848
4848
4795
4795
4878
4792
4802
4827
4787
4787
4780
4787
4860
4898
4868
4794
4852
4865
4898
4975
4907
4907
4907
4907
4922
4924
4924
4924
4851
4851
4851
4725
4762
4789
4875
4824
4804
4813
4813
4813
4813
4790
4843
4843
4829
4798
4798
4832
4872
4895
4895
4916
4916
4861
4861
4851
4852
4889
4914
4914
4871
4836
4838
4807
4817
4817
4827
4810
4796
4800
4800
4708
4708
4759
4759
4773
4740
4722
4705
4726
4693
4662
4661
4661
4662
4692
4716
4698
4698
4721
4721
4728
4799
4794
4794
4804
4890
4899
4923
4939
4932
4895
4845
4845
4845
4864
4864
4852
4852
4841
4844
4849
4849
4854
4743
4743
4688
4693
4747
4785
4746
4715
4760
4760
4760
4760
4793
4780
4787
4811
4725
4725
4725
4727
4764
4786
4830
4830
4830
4922
4970
4860
4860
4849
4855
4893
4935
4935
4935
4901
4849
4844
4782
4801
4754
4796
4834
4834
4806
4776
4722
4702
4702
4734
4836
4846
4788
4782
4782
4782
4781
4787
4787
4787
4787
4752
4671
4702
4702
4702
4703
4736
4762
4641
4675
4707
4676
4663
4663
4712
4678
4742
4744
4734
4734
4671
4746
4724
4718
4796
4796
4742
4736
4736
4696
4700
4671
4625
4625
4542
4545
4534
4534
4534
4600
4583
4583
4564
4564
4537
4550
4550
4550
4550
4517
4469
4469
4469
4469
4469
4553
4553
4595
4595
4595
4548
4548
4548
4548
4548
4548
4553
4528
4528
4505
4501
4501
4555
4567
4512
4512
4512
4512
4512
4512
4453
4453
4453
4453
4452
4452
4541
4684
4684
4672
4672
4650
4687
4628
4628
4628
4714
4714
4714
4736
4715
4762
4672
4689
4701
4709
4760
4759
4759
4781
4799
4824
4824
4824
4835
4804
4812
4806
4806
4814
4824
4824
4810
4810
4796
4796
4811
4779
4782
4891
4891
4851
4844
4849
4827
4827
4827
4804
4836
4856
4825
4837
4731
4692
4653
4653
4625
4616
4581
4581
4547
4547
4601
4601
4624
4595
4562
4562
4635
4635
4635
4630
4630
4727
4727
4727
4746
4746
4746
4762
4735
4693
4644
4646
4646
4646
4641
4648
4524
4572
4522
4552
4543
4523
4498
4498
4491
4509
4508
4530
4530
4559
4559
4614
4616
4652
4652
4722
4732
4634
4686
4651
4614
4604
4612
4712
4697
4697
4697
4697
4692
4733
4733
4733
4733
4792
4775
4784
4713
4716
4693
4693
4693
4693
4687
4660
4660
4664
4664
4664
4664
4649
4650
4688
4658
4738
4701
4701
4695
4681
4681
4747
4747
4686
4718
4718
4718
4718
4692
4692
4683
4683
4591
4591
4584
4571
4571
4571
4594
4543
4636
4636
4693
4668
4587
4587
4587
4587
4555
4615
4604
4581
4608
4671
4637
4637
4578
4578
4578
4578
4597
4613
4633
4633
4620
4620
4665
4665
4661
4621
4602
4598
4575
4649
4649
4640
4600
4662
4646
4646
4646
4695
4695
4662
4697
4747
4630
4603
4603
4558
4558
4621
4621
4620
4615
4629
4629
4667
4667
4654
4654
4681
4668
4682
4726
4666
4668
4675
4675
4654
4654
4714
4740
4759
4673
4767
4787
4779
4774
4774
4774
4774
4756
4756
4745
4660
4677
4716
4716
4716
4734
4734
4703
4669
4669
4678
4649
4644
4644
4644
4644
4623
4623
4581
4580
4580
4580
4580
4601
4675
4675
4641
4542
4582
4533
4517
4517
4562
4562
4590
4590
4590
4599
4599
4609
4609
4584
4584
4584
4585
4585
4570
4570
4570
4585
4585
4561
4561
4584
4569
4569
4569
4616
4616
4616
4656
4656
4602
4647
4647
4678
4651
4651
4651
4651
4651
4656
4656
4575
4575
4575
4578
4532
4532
4532
4586
4550
4550
4563
4565
4606
4614
4644
4658
4659
4733
4726
4726
4708
4708
4740
4740
4740
4723
4708
4685
4685
4712
4712
4712
4699
4699
4708
4708
4708
4708
4722
4722
4682
4651
4641
4634
4567
4597
4597
4543
4543
4515
4515
4532
4532
4552
4645
4645
4645
4654
4654
4676
4676
4769
4769
4769
4782
4782
4782
4790
4745
4745
4745
4745
4745
4793
4793
4793
4840
4806
4806
4806
4806
4832
4783
4774
4857
4869
4869
4890
4890
4890
4900
4900
4923
4900
4834
4792
4786
4798
4806
4819
4750
4750
4815
4840
4858
4811
4840
4872
4872
4872
4912
4851
4886
4886
4798
4796
4734
4734
4753
4753
4753
4775
4775
4784
4700
4734
4734
4715
4705
4705
4756
4740
4726
4724
4724
4724
4724
4724
4736
4747
4719
4719
4729
4717
4717
4717
4728
4728
4732
4732
4705
4733
4733
4779
4779
4779
4779
4781
4848
4787
4763
4736
4736
4687
4687
4710
4710
4686
4686
4665
4630
4630
4630
4648
4705
4705
4646
4624
4591
4538
4504
4530
4530
4575
4612
4624
4624
4624
4624
4627
4606
4598
4550
4550
4550
4550
4550
4550
4492
4492
4492
4513
4508
4494
4494
4494
4494
4549
4584
4591
4642
4642
4598
4627
4661
4642
4642
4642
4630
4630
4573
4573
4573
4573
4552
4566
4561
4547
4547
4596
4541
4541
4589
4617
4595
4651
4651
4616
4651
4614
4571
4581
4581
4581
4581
4566
4623
4609
4691
4691
4721
4721
4721
4721
4721
4671
4665
4700
4716
4677
4708
4708
4708
4709
4716
4718
4718
4699
4660
4646
4683
4707
4707
4707
4715
4724
4724
4713
4654
4659
4609
4611
4616
4616
4616
4616
4616
4616
4633
4630
4630
4619
4619
4627
4627
4627
4652
4660
4720
4720
4719
4752
4752
4718
4718
4718
4718
4718
4718
4718
4718
4723
4736
4745
4731
4731
4741
4741
4751
4751
4751
4745
4753
4726
4738
4738
4737
4737
4737
4710
4733
4770
4731
4736
4734
4688
4678
4678
4678
4696
4696
4696
4696
4676
4619
4638
4638
4594
4605
4605
4605
4604
4604
4604
4604
4593
4593
4593
4574
4574
4574
4520
4520
4520
4520
4477
4477
4492
4494
4494
4501
4501
4501
4509
4542
4542
4542
4542
4536
4553
4553
4592
4592
4592
4580
4570
4570
4570
4570
4570
4537
4537
4537
4608
4608
4549
4549
4663
4683
4641
4641
4719
4719
4719
4684
4684
4635
4673
4673
4636
4635
4635
4635
4635
4635
4635
4634
4634
4634
4645
4645
4669
4669
4599
4599
4599
4599
4599
4599
4599
4599
4588
4589
4616
4592
4612
4605
4605
4605
4624
4624
4613
4613
4633
4624
4656
4656
4634
4634
4626
4641
4641
4641
4641
4620
4605
4605
4605
4605
4605
4678
4678
4678
4676
4676
4678
4714
4693
4679
4679
4679
4670
4670
4670
4675
4650
4650
4633
4633
4623
4613
4613
4660
4660
4660
4652
4661
4651
4651
4651
4636
4636
4636
4621
4632
4632
4621
4640
4640
4640
4687
4680
4663
4612
4629
4653
4653
4626
4605
4605
4605
4580
4580
4600
4587
4587
4587
4587
4587
4585
4570
4570
4551
4551
4568
4568
4576
4576
4576
4598
4598
4639
4564
4564
4564
4569
4574
4573
4505
4505
4505
4512
4550
4585
4567
4568
4568
4586
4586
4537
4536
4554
4554
4583
4581
4595
4599
4592
4625
4594
4602
4602
4560
4542
4542
4542
4542
4542
4542
4542
4526
4546
4543
4545
4545
4554
4554
4599
4599
4611
4611
4595
4583
4583
4583
4623
4623
4639
4663
4593
4621
4620
4611
4611
4619
4645
4645
4603
4574
4528
4523
4523
4523
4501
4501
4501
4492
4501
4501
4501
4477
4477
4477
4477
4477
4497
4497
4497
4520
4520
4520
4520
4520
4520
4520
4541
4560
4577
4603
4603
4603
4629
4624
4640
4623
4561
4571
4571
4517
4517
4517
4594
4571
4571
4571
4571
4571
4589
4589
4589
4642
4642
4636
4636
4636
4602
4609
4594
4594
4594
4594
4609
4609
4592
4563
4563
4563
4539
4539
4494
4519
4519
4519
4541
4541
4541
4541
4517
4517
4517
4517
4517
4435
4435
4446
4457
4457
4457
4457
4453
4453
4453
4453
4453
4453
4453
4453
4453
4453
4453
4453
4456
4443
4396
4396
4444
4444
4444
4444
4410
4410
4410
4415
4415
4478
4468
4468
4465
4465
4427
4462
4462
4462
4454
4454
4454
4454
4454
4454
4454
4454
4454
4454
4437
4435
4435
4435
4435
4413
4413
4468
4498
4498
4509
4449
4390
4375
4389
4407
4421
4421
4431
4431
4417
4415
4428
4439
4402
4402
4402
4402
4402
4402
4402
4402
4402
4423
4423
4470
4470
4470
4470
4470
4470
4474
4474
4474
4474
4474
4474
4474
4474
4424
4424
4425
4435
4435
4435
4435
4435
4435
4435
4435
4435
4435
4435
4435
4427
4427
4446
4443
4508
4508
4508
4456
4451
4470
4457
4457
4457
4457
4457
4457
4457
4458
4458
4458
4458
4478
4478
4473
4473
4472
4472
4472
4472
4472
4499
4499
4499
4499
4499
4504
4504
4489
4476
4476
4476
4476
4476
4476
4493
4493
4493
4493
4460
4460
4497
4537
4537
4522
4522
4593
4593
4619
4622
4538
4538
4538
4538
4533
4533
4533
4533
4533
4533
4518
4518
4538
4538
4538
4538
4538
4538
4538
4540
4540
4540
4540
4544
4544
4555
4570
4570
4548
4546
4519
4554
4552
4548
4548
4527
4527
4527
4527
4527
4497
4497
4515
4515
4515
4515
4464
4464
4464
4459
4459
4440
4449
4466
4466
4466
4466
4462
4462
4462
4462
4482
4401
4406
4389
4389
4389
4373
4373
4373
4373
4373
4373
4373
4373
4373
4373
4368
4368
4357
4357
4357
4357
4357
4357
4357
4357
4357
4357
4357
4357
4357
4357
4357
4357
4357
4345
4345
4366
4380
4380
4380
4379
4379
4412
4412
4412
4412
4412
4412
4412
4412
4412
4412
4412
4412
4408
4408
4408
4408
4408
4408
4408
4408
4408
4408
4442
4465
4465
4476
4476
4539
4521
4537
4537
4537
4537
4537
4537
4537
4537
4537
4589
4589
4597
4597
4597
4594
4594
4575
4575
4601
4601
4601
4601
4601
4601
4601
4601
4587
4543
4543
4543
4492
4492
4492
4455
4455
4459
4459
4459
4459
4459
4459
4459
4459
4459
4459
4459
4463
4463
4468
4468
4468
4494
4489
4449
4457
4467
4444
4444
4444
4444
4444
4412
4412
4412
4412
4430
4430
4428
4428
4428
4428
4428
4438
4438
4463
4434
4434
4434
4434
4434
4446
4446
4446
4446
4420
4420
4420
4436
4436
4457
4495
4460
4498
4498
4510
4510
4540
4540
4520
4520
4520
4520
4520
4555
4561
4651
4634
4674
4674
4674
4665
4727
4727
4714
4651
4644
4648
4680
4666
4672
4672
4642
4642
4581
4581
4581
4554
4570
4570
4539
4539
4456
4456
4456
4474
4474
4474
4474
4506
4503
4503
4519
4526
4526
4526
4511
4539
4540
4527
4527
4501
4498
4498
4498
4459
4459
4459
4459
4443
4402
4388
4388
4384
4384
4384
4384
4384
4384
4426
4429
4429
4429
4429
4429
4463
4465
4465
4465
4465
4435
4412
4412
4433
4433
4433
4433
4433
4433
4435
4435
4430
4430
4430
4433
4439
4439
4439
4439
4439
4430
4430
4425
4425
4425
4425
4425
4425
4425
4425
4425
4425
4429
4429
4429
4440
4440
4440
4440
4440
4440
4440
4469
4469
4469
4440
4440
4450
4450
4443
4461
4461
4461
4445
4445
4445
4445
4445
4454
4441
4441
4441
4411
4411
4411
4428
4428
4465
4465
4411
4411
4432
4442
4442
4442
4442
4442
4442
4468
4449
4449
4449
4424
4405
4405
4405
4363
4363
4363
4373
4373
4373
4372
4372
4372
4372
4368
4371
4376
4376
4382
4364
4364
4366
4366
4366
4365
4365
4365
4365
4365
4375
4375
4375
4375
4344
4344
4344
4344
4344
4344
4344
4344
4344
4344
4371
4371
4371
4371
4327
4320
4320
4319
4305
4305
4305
4305
4305
4305
4305
4305
4305
4327
4327
4327
4306
4306
4306
4306
4306
4303
4303
4303
4303
4323
4323
4323
4323
4367
4367
4367
4367
4409
4409
4409
4409
4432
4432
4432
4445
4445
4445
4445
4445
4430
4430
4430
4430
4430
4430
4430
4410
4376
4376
4376
4381
4381
4346
4346
4346
4346
4346
4346
4322
4316
4316
4344
4344
4330
4330
4330
4330
4318
4299
4299
4299
4299
4299
4299
4299
4299
4299
4299
4299
4299
4290
4290
4290
4290
4316
4316
4316
4365
4351
4351
4317
4317
4317
4317
4317
4290
4290
4290
4290
4290
4290
4290
4290
4286
4286
4286
4309
4309
4318
4318
4331
4272
4272
4272
4272
4272
4264
4264
4264
4261
4261
4260
4280
4280
4280
4280
4280
4280
4280
4280
4280
4280
4260
4260
4260
4260
4260
4260
4260
4260
4260
4260
4297
4297
4315
4303
4303
4303
4303
4299
4299
4299
4299
4299
4299
4299
4299
4299
4299
4299
4299
4300
4300
4300
4300
4300
4300
4300
4300
4300
4299
4299
4335
4335
4360
4356
4356
4356
4356
4401
4401
4401
4399
4399
4334
4334
4323
4324
4324
4324
4324
4324
4324
4324
4324
4324
4324
4308
4305
4305
4305
4305
4324
4324
4324
4324
4324
4324
4346
4346
4346
4346
4346
4346
4346
4346
4365
4365
4365
4365
4317
4317
4317
4339
4339
4339
4339
4339
4339
4322
4322
4322
4322
4322
4322
4322
4322
4322
4344
4344
4344
4342
4342
4341
4373
4373
4373
4373
4373
4384
4384
4384
4387
4387
4398
4387
4387
4387
4387
4387
4387
4387
4387
4387
4387
4387
4387
4413
4413
4413
4413
4413
4413
4407
4407
4407
4407
4407
4406
4406
4406
4406
4420
4420
4400
4400
4412
4429
4440
4440
4435
4430
4441
4441
4441
4441
4441
4441
4441
4367
4367
4367
4367
4367
4367
4367
4367
4395
4395
4402
4402
4402
4402
4402
4402
4402
4402
4402
4402
4402
4402
4402
4402
4402
4402
4402
4402
4402
4402
4402
4402
4402
4402
4389
4389
4389
4389
4389
4389
4389
4389
4389
4391
4383
4387
4387
4387
4387
4387
4354
4354
4354
4354
4354
4357
4362
4362
4362
4346
4346
4346
4346
4346
4346
4346
4346
4346
4339
4336
4336
4336
4336
4336
4336
4336
4336
4336
4336
4336
4336
4336
4366
4366
4366
4366
4366
4366
4360
4360
4360
4372
4382
4368
4368
4368
4368
4368
4368
4368
4368
4368
4368
4368
4368
4368
4368
4368
4368
4368
4371
4393
4393
4393
4379
4379
4333
4292
4292
4292
4292
4292
4309
4309
4309
4299
4299
4299
4299
4299
4299
4299
4299
4299
4299
4299
4299
4300
4300
4300
4300
4300
4300
4300
4300
4300
4300
4300
4300
4249
4249
4249
4249
4249
4249
4249
4249
4249
4249
4249
4249
4249
4249
4261
4261
4261
4261
4261
4261
4261
4267
4267
4267
4267
4267
4267
4267
4267
4267
4267
4267
4267
4267
4267
4267
4292
4289
4289
4289
4289
4289
4289
4289
4289
4289
4281
4281
4281
4281
4281
4281
4281
4281
4281
4299
4299
4299
4299
4299
4329
4329
4329
4292
4292
4292
4292
4295
4295
4295
4295
4295
4295
4295
4295
4295
4295
4295
4295
4295
4295
4302
4302
4302
4302
4302
4302
4302
4308
4308
4308
4308
4308
4308
4317
4305
4305
4305
4305
4305
4305
4340
4340
4340
4340
4340
4340
4340
4340
4340
4340
4340
4340
4340
4340
4340
4305
4305
4305
4352
4352
4352
4339
4347
4364
4364
4364
4364
4370
4343
4324
4324
4324
4324
4324
4324
4313
4313
4313
4313
4313
4313
4313
4313
4313
4313
4313
4309
4309
4272
4272
4272
4272
4272
4272
4272
4272
4272
4279
4279
4279
4279
4279
4279
4279
4279
4279
4276
4276
4276
4276
4276
4276
4269
4269
4242
4242
4242
4242
4242
4242
4242
4242
4242
4242
4242
4242
4255
4255
4255
4255
4255
4263
4263
4263
4263
4263
4263
4263
4263
4263
4263
4263
4263
4263
4263
4263
4263
4263
4282
4282
4282
4257
4257
4257
4257
4257
4257
4257
4257
4257
4257
4257
4257
4257
4257
4257
4257
4257
4257
4257
4257
4257
4257
4257
4257
4257
4257
4257
4257
4257
4244
4244
4244
4244
4244
4244
4244
4244
4244
4244
4244
4244
4244
4244
4244
4244
4244
4244
4244
4244
4239
4239
4239
4239
4239
4280
4280
4280
4280
4280
4280
4255
4255
4255
4255
4255
4255
4255
4255
4255
4255
4255
4255
4255
4255
4255
4255
4255
4255
4255
4255
4255
4255
4258
4258
4258
4258
4258
4258
4258
4258
4258
4258
4258
4258
4253
4253
4253
4253
4241
4241
4241
4241
4241
4241
4241
4241
4241
4240
4240
4240
4240
4240
4240
4240
4240
4240
4240
4240
4240
4240
4240
4240
4240
4247
4246
4246
4231
4231
4231
4231
4231
4222
4222
4222
4222
4222
4222
4222
4222
4222
4222
4222
4222
4222
4232
4232
4232
4232
4232
4232
4232
4232
4232
4232
4232
4232
4232
4232
4232
4224
4224
4224
4224
4224
4224
4224
4224
4224
4224
4214
4214
4195
4195
4195
4195
4195
4192
4192
4192
4192
4192
4192
4192
4192
4192
4192
4192
4192
4192
4192
4192
4192
4192
4192
4192
4192
4171
4171
4171
4171
4171
4171
4171
4171
4171
4171
4171
4171
4171
4171
4171
4171
4171
4169
4169
4169
4169
4169
4169
4169
4170
4170
4170
4170
4170
4170
4170
4170
4208
4208
4208
4208
4208
4186
4186
4186
4186
4170
4170
4167
4167
4155
4155
4155
4155
4155
4155
4155
4155
4155
4155
4155
4171
4178
4178
4178
4178
4178
4178
4178
4178
4178
4178
4178
4178
4178
4178
4178
4178
4178
4178
4178
4178
4176
4176
4176
4176
4176
4176
4176
4165
4165
4165
4155
4155
4155
4155
4155
4155
4155
4155
4155
4155
4155
4155
4155
4155
4155
4155
4155
4155
4155
4155
4155
4155
4155
4155
4167
4167
4167
4167
4167
4167
4167
4167
4167
4167
4167
4167
4167
4152
4152
4152
4177
4177
4177
4177
4177
4177
4177
4187
4187
4187
4187
4187
4187
4187
4177
4195
4195
4195
4195
4195
4186
4186
4186
4186
4186
4186
4186
4186
4186
4186
4186
4186
4186
4186
4186
4186
4186
4186
4186
4186
4184
4184
4184
4184
4184
4184
4184
4184
4184
4184
4184
4184
4209
4209
4209
4209
4208
4218
4218
4218
4218
4218
4203
4203
4203
4203
4203
4203
4203
4203
4203
4203
4203
4203
4203
4201
4201
4184
4184
4184
4184
4184
4184
4184
4179
4179
4179
4179
4179
4179
4179
4179
4179
4179
4179
4179
4179
4177
4188
4188
4188
4188
4188
4188
4188
4184
4184
4184
4184
4184
4184
4184
4184
4184
4184
4184
4187
4187
4184
4184
4184
4184
4184
4184
4184
4184
4184
4184
4184
4176
4176
4176
4176
4176
4176
4176
4176
4176
4176
4176
4176
4176
4176
4176
4176
4176
4176
4176
4176
4176
4176
4176
4176
4176
4161
4161
4161
4161
4161
4161
4161
4148
4148
4148
4148
4148
4148
4148
4148
4148
4148
4148
4148
4148
4148
4148
4148
4148
4133
4142
4142
4142
4142
4123
4123
4123
4127
4127
4127
4127
4127
4127
4127
4127
4127
4127
4127
4127
4127
4127
4127
4127
4127
4127
4127
4127
4127
4127
4127
4123
4123
4114
4114
4114
4114
4114
4127
4127
4127
4127
4127
4127
4127
4127
4127
4127
4127
4127
4127
4127
4127
4127
4123
4123
4123
4123
4123
4123
4123
4123
4123
4123
4123
4123
4123
4123
4123
4123
4123
4123
4123
4123
4123
4114
4114
4114
4114
4114
4114
4114
4114
4114
4114
4114
4114
4114
4114
4114
4114
4114
4114
4114
4114
4114
4114
4114
4114
4114
4114
4114
4114
4114
4114
4114
4114
4114
4114
4114
4114
4114
4114
4114
4114
4114
4114
4114
4114
4114
4114
4114
4114
4122
4122
4122
4122
4122
4122
4122
4122
4122
4122
4122
4122
4122
4122
4122
4122
4122
4122
4122
4122
4115
4115
4115
4115
4115
4115
4115
4115
4115
4115
4115
4115
4115
4115
4115
4115
4115
4115
4115
4115
4115
4115
4115
4117
4117
4117
4117
4117
4117
4117
4117
4117
4117
4117
4117
4117
4117
4117
4117
4117
4117
4117
4117
4117
4117
4117
4117
4117
4117
4117
4117
4117
4117
4117
4117
4117
4117
4117
4117
4117
4117
4117
4117
4117
4117
4117
4117
4117
4117
4117
4117
4117
4117
4117
4117
4117
4117
4117
4117
4117
4117
4122
4122
4122
4151
4151
4151
4151
4151
4151
4151
4151
4151
4142
4142
4142
4142
4142
4142
4142
4142
4138
4138
4138
4138
4138
4138
4138
4138
4138
4138
4138
4138
4138
4138
4138
4140
4147
4141
4141
4141
4141
4141
4141
4141
4141
4141
4141
4141
4141
4141
4141
4141
4141
4141
4141
4141
4141
4141
4141
4141
4141
4141
4141
4141
4141
4141
4141
4141
4141
4141
4141
4141
4141
4141
4152
4152
4152
4152
4152
4152
4152
4152
4152
4152
4150
4150
4150
4150
4150
4150
4150
4150
4150
4152
4150
4150
4150
4155
4155
4155
4155
4155
4155
4155
4155
4149
4149
4149
4149
4149
4149
4149
4149
4149
4149
4149
4149
4149
4149
4149
4149
4149
4151
4151
4151
4151
4151
4151
4151
4151
4151
4151
4151
4151
4151
4151
4151
4151
4151
4151
4151
4151
4151
4151
4151
4146
4146
4146
4146
4146
4146
4146
4146
4146
4146
4146
4144
4144
4144
4144
4144
4144
4144
4144
4144
4144
4144
4144
4144
4144
4144
4144
4144
4144
4144
4144
4144
4144
4144
4144
4144
4144
4144
4144
4144
4144
4144
4144
4144
4144
4144
4144
4144
4144
4144
4144
4144
4144
4144
4144
4144
4144
4144
4144
4144
4144
4144
4144
4144
4144
4144
4144
4144
4144
4144
4144
4144
4144
4144
4144
4144
4144
4144
4144
4144
4144
4144
4144
4144
4144
4144
4144
4144
4148
4148
4148
4148
4148
4148
4148
4148
4148
4148
4148
4148
4148
4148
4148
4148
4148
4148
4148
4143
4143
4143
4143
4143
4143
4143
4143
4143
4143
4143
4143
4143
4143
4143
4143
4143
4143
4143
4143
4143
4143
4143
4138
4138
4138
4138
4138
4138
4146
4146
4146
4146
4146
4146
4146
4146
4146
4146
4146
4146
4146
4146
4146
4146
4146
4146
4146
4146
4146
4146
4146
4146
4146
4146
4146
4146
4146
4146
4146
4146
4146
4146
4146
4146
4146
4146
4146
4146
4146
4146
4146
4146
4146
4146
4146
4146
4146
4146
4146
4146
4146
4146
4146
4146
4146
4129
4129
4129
4129
4129
4129
4089
4089
4089
4089
4089
4089
4089
4089
4089
4089
4089
4089
4089
4089
4089
4089
4089
4089
4089
4089
4089
4089
4089
4089
4089
4089
4089
4089
4089
4089
4089
4089
4089
4089
4089
4089
4089
4089
4089
4089
4089
4089
4089
4089
4089
4089
4089
4100
4100
4100
4100
4091
4091
4091
4091
4091
4091
4091
4091
4091
4091
4091
4091
4091
4091
4091
4091
4091
4091
4091
4091
4091
4091
4091
4091
4091
4091
4091
4091
4091
4091
4091
4091
4091
4091
4091
4091
4091
4091
4091
4091
4091
4091
4091
4091
4091
4091
4091
4091
4091
4091
4091
4091
4091
4091
4091
4091
4091
4091
4091
4091
4091
4091
4091
4091
4091
4091
4091
4091
4091
4091
4091
4091
4091
4091
4091
4091
4091
4091
4091
4091
4091
4091
4091
4091
4091
4091
4091
4091
4091
4091
4091
4091
4091
4091
4091
4091
4091
4091
4091
4091
4091
4091
4091
4091
4091
4091
4091
4091
4091
4091
4091
4091
4091
4091
4091
4091
4091
4091
4091
4091
4091
4091
4091
4091
4091
4091
4091
4091
4091
4091
4091
4091
4091
4091
4091
4091
4091
4091
4091
4091
4091
4091
4091
4091
4091
4091
4091
4091
4091
4091
4091
4099
4099
4099
4099
4099
4099
4099
4099
4099
4099
4099
4099
4099
4099
4099
4099
4099
4099
4099
4099
4099
4099
4099
4099
4099
4099
4099
4099
4099
4099
4099
4099
4099
4099
4099
4099
4099
4099
4099
4099
4099
4099
4099
4099
4099
4099
4099
4099
4099
4099
4099
4099
4099
4099
4099
4099
4099
4099
4099
4099
4099
4099
4099
4099
4091
4091
4091
4091
4091
4091
4091
4091
4091
4091
4091
4091
4091
4091
4091
4091
4091
4091
4091
4091
4091
4091
4091
4091
4091
4091
4091
4091
4091
4091
4091
4091
4091
4091
4091
4091
4091
4091
4091
4091
4091
4091
4091
4091
4091
4091
4091
4091
4091
4091
4091
4091
4091
4091
4091
4091
4091
4091
4091
4091
4091
4091
4091
4091
4091
4091
4091
4091
4091
4091
4091
4091
4091
4091
4091
4091
4091
4091
4091
4091
4091
4091
4091
4091
4091
4091
4091
4091
4091
4091
4091
4091
4091
4091
4091
4091
4091
4091
4091
4091
4091
4091
4091
4091
4091
4091
4091
4091
4091
4091
4091
4091
4091
4091
4091
4091
4091
4091
4091
4091
4091
4091
4091
4091
4091
4091
4091
4091
4091
4091
4091
4091
4091
4091
4091
4091
4091
4091
4091
4091
4091
4091
4091
4091
4091
4091
4091
4092
4092
4092
4092
4092
4092
4092
4092
4092
4092
4092
4092
4092
4092
4092
4092
4092
4092
4092
4092
4092
4092
4092
4092
4092
4092
4092
4092
4092
4092
4092
4092
4092
4092
4092
4092
4092
4092
4092
4092
4092
4092
4092
4092
4092
4092
4092
4092
4092
4092
4092
4092
4092
4092
4092
4092
4092
4092
4092
4092
4092
4092
4092
4092
4092
4092
4092
4092
4092
4092
4092
4092
4092
4092
4092
4092
4092
4092
4092
4092
4092
4092
4092
4092
4092
4092
4092
4092
4092
4092
4092
4092
4092
4092
4092
4092
4092
4092
4092
4092
4092
4092
4092
4092
4092
4092
4092
4092
4092
4092
4092
4092
4092
4092
4092
4092
4092
4092
4092
4092
4092
4092
4092
4092
4092
4092
4092
4092
4092
4092
4092
4092
4092
4092
4092
4092
4092
4092
4092
4092
4092
4092
4092
4092
4092
4092
4092
4092
4091
4091
4091
4091
4091
4091
4091
4091
4091
4091
4091
4091
4091
4091
4091
4091
4091
4091
4091
4091
4091
4091
4091
4091
4091
4091
4091
4091
4091
4091
4091
4091
4091
4091
4091
4091
4091
4091
4091
4091
4091
4091
4091
4091
4091
4091
4091
4091
4091
4091
4091
4091
4091
4091
4091
4091
4091
4091
4091
4091
4091
4091
4091
4091
4091
4091
4091
4091
4091
4091
4091
4091
4091
4091
4091
4091
4091
4091
4091
4091
4091
4091
4091
4091
4091
4091
4091
4091
4091
4091
4091
4091
4091
4091
4091
4091
4091
4091
4091
4091
4091
4091
4091
4091
4091
4091
4091
4091
4091
4091
4091
4091
4091
4091
4091
4091
4091
4091
4091
4091
4091
4091
4091
4091
4091
4091
4091
4091
4091
4091
4091
4091
4091
4091
4091
4091
4091
4091
4091
4091
4091
4091
4091
4091
4091
4091
4091
4091
4091
4091
4091
4091
4091
4091
4091
4091
4091
4091
4091
4091
4091
4091
4091
4091
4091
4091
4091
4091
4091
4091
4091
4091
4091
4091
4091
4091
4091
4091
4091
4091
4091
4091
4091
4091
4091
4091
4091
4091
4091
4091
4091
4091
4091
4091
4091
4091
4091
4091
4091
4091
4091
4091
4091
4091
4091
4091
4091
4091
4091
4091
4091
4091
4091
4091
4091
4091
4091
4091
4091
4091
4091
4091
4091
4091
4091
4091
4091
4091
4091
4091
4091
4091
4091
4091
4091
4091
4091
4093
4093
4093
4093
4093
4093
4093
4093
4093
4093
4093
4093
4093
4093
4093
4093
4093
4093
4093
4093
4093
4093
4093
4093
4093
4093
4093
4093
4093
4093
4093
4093
4093
4093
4093
4093
4093
4093
4093
4093
4093
4093
4093
4093
4093
4093
4093
4093
4093
4093
4093
4093
4093
4093
4093
4093
4093
4093
4093
4093
4093
4093
4093
4093
4093
4093
4093
4093
4093
4093
4093
4093
4093
4093
4093
4093
4093
4093
4093
4093
4093
4093
4093
4093
4093
4093
4093
4093
4093
4093
4093
4093
4093
4093
4093
4093
4093
4093
4093
4093
4093
4093
4093
4093
4093
4093
4093
4093
4093
4093
4093
4093
4093
4091
4091
4091
4091
4091
4091
4091
4091
4091
4091
4091
4091
4091
4091
4091
4091
4091
4091
4091
4091
4091
4091
4091
4091
4091
4091
4091
4091
4091
4091
4091
4091
4091
4091
4091
4091
4091
4091
4091
4091
4091
4091
4091
4091
4091
4091
4091
4091
4091
4091
4091
4091
4091
4091
4091
4091
4091
4091
4091
4091
4091
4091
4091
4091
4091
4091
4091
4091
4091
4091
4091
4091
4091
4091
4091
4091
4091
4091
4091
4091
4091
4091
4091
4091
4091
4091
4091
4091
4091
4091
4091
4091
4091
4091
4091
4091
4091
4091
4091
4091
4091
4091
4091
4091
4091
4091
4091
4091
4091
4091
4091
4091
4091
4091
4091
4091
4091
4091
4091
4091
4091
4091
4091
4091
4091
4091
4091
4091
4091
4091
4091
4091
4091
4091
4091
4091
4091
4091
4091
4091
4091
4091
4091
4091
4091
4091
4091
4091
4091
4091
4091
4091
4091
4091
4091
4091
4091
4091
4091
4091
4091
4091
4091
4091
4091
4091
4091
4091
4091
4091
4091
4091
4091
4091
4091
4091
4091
4091
4091
4091
4095
4095
4095
4095
4095
4095
4095
4095
4072
4072
4072
4072
4072
4072
4072
4072
4072
4072
4072
4072
4072
4072
4072
4072
4072
4072
4072
4072
4072
4072
4072
4072
4072
4072
4072
4072
4072
4072
4072
4072
4072
4072
4072
4072
4072
4072
4072
4072
4072
4072
4072
4072
4072
4072
4072
4072
4072
4072
4072
4072
4072
4072
4072
4072
4072
4072
4072
4072
4072
4072
4072
4072
4072
4072
4072
4072
4072
4072
4072
4072
4072
4072
4072
4072
4072
4072
4072
4072
4072
4072
4072
4072
4072
4072
4072
4072
4072
4072
4072
4072
4072
4072
4072
4072
4072
4072
4072
4072
4072
4072
4072
4072
4072
4072
4072
4072
4072
4072
4072
4072
4072
4072
4072
4072
4072
4072
4072
4072
4072
4072
4072
4072
4072
4072
4072
4072
4072
4072
4072
4072
4072
4072
4072
4072
4072
4072
4072
4072
4072
4072
4072
4072
4072
4072
4072
4072
4072
4072
4072
4072
4072
4072
4072
4072
4072
4072
4072
4072
4072
4072
4072
4072
4072
4072
4072
4072
4072
4072
4072
4072
4072
4072
4072
4072
4072
4072
4072
4072
4072
4072
4072
4072
4072
4072
4072
4072
4072
4072
4072
4072
4072
4072
4072
4072
4072
4078
4078
4078
4078
4078
4078
4078
4078
4078
4078
4078
4078
4078
4078
4078
4078
4078
4078
4078
4078
4078
4078
4078
4078
4078
4078
4078
4078
4078
4078
4078
4078
4078
4078
4078
4078
4078
4078
4078
4078
4078
4078
4078
4078
4078
4078
4078
4078
4078
4078
4078
4078
4078
4078
4078
4078
4078
4078
4078
4078
4078
4078
4078
4078
4078
4078
4078
4078
4078
4078
4078
4078
4078
4078
4078
4078
4078
4078
4078
4078
4078
4078
4078
4078
4078
4078
4078
4078
4078
4078
4078
4078
4078
4078
4078
4078
4078
4078
4078
4078
4078
4078
4078
4078
4078
4078
4078
4078
4078
4078
4078
4078
4078
4078
4078
4078
4078
4078
4078
4078
4078
4078
4078
4078
4078
4078
4078
4078
4078
4078
4078
4078
4078
4078
4078
4078
4078
4078
4078
4078
4072
4072
4072
4072
4072
4072
4072
4072
4072
4072
4072
4072
4072
4072
4072
4072
4072
4072
4072
4072
4072
4072
4072
4072
4072
4072
4072
4072
4072
4072
4072
4072
4072
4072
4072
4072
4072
4072
4072
4072
4072
4072
4072
4072
4072
4072
4072
4072
4072
4072
4072
4072
4072
4072
4072
4072
4072
4072
4072
4072
4072
4072
4072
4072
4072
4072
4072
4072
4072
4072
4072
4072
4072
4072
4072
4072
4072
4072
4072
4072
4072
4072
4072
4072
4072
4072
4072
4072
4072
4072
4072
4072
4072
4072
4072
4072
4072
4072
4072
4072
4072
4072
4072
4072
4072
4072
4072
4072
4072
4072
4072
4072
4072
4072
4072
4072
4072
4072
4072
4072
4072
4072
4072
4072
4072
4072
4072
4072
4072
4072
4072
4072
4072
4072
4072
4072
4072
4072
4072
4072
4072
4072
4072
4072
4072
4072
4072
4072
4072
4072
4072
4072
4072
4072
4072
4072
4072
4072
4072
4072
4072
4072
4072
4072
4069
4069
4069
4069
4069
4069
4069
4069
4069
4069
4069
4069
4069
4069
4069
4069
4069
4068
4068
4068
4068
4068
4068
4068
4068
4068
4068
4068
4068
4068
4068
4068
4068
4068
4068
4068
4068
4068
4068
4068
4068
4068
4068
4068
4068
4068
4068
4068
4068
4068
4063
4063
4063
4063
4063
4063
4063
4063
4063
4064
4064
4064
4064
4064
4064
4064
4064
4063
4063
4063
4063
4063
4063
4063
4063
4063
4063
4065
4066
4066
4066
4066
4066
4066
4066
4066
4066
4066
4066
4066
4066
4066
4066
4066
4066
4066
4066
4066
4066
4066
4066
4066
4066
4066
4066
4066
4066
4066
4066
4066
4066
4066
4066
4066
4066
4066
4066
4066
4066
4066
4066
4066
4066
4066
4066
4066
4066
4066
4066
4066
4066
4066
4066
4066
4066
4066
4066
4066
4066
4066
4066
4066
4066
4066
4066
4066
4066
4066
4066
4066
4066
4066
4066
4066
4066
4066
4066
4066
4066
4066
4066
4066
4066
4066
4066
4066
4066
4066
4066
4066
4066
4066
4066
4066
4066
4066
4066
4066
4066
4066
4066
4066
4066
4066
4066
4066
4066
4066
4066
4066
4066
4066
4066
4066
4066
4066
4066
4066
4066
4066
4066
4066
4066
4066
4066
4066
4066
4066
4066
4066
4066
4066
4066
4066
4066
4066
4066
4066
4066
4066
4066
4066
4066
4066
4066
4066
4066
4066
4066
4066
4066
4066
4066
4066
4066
4066
4066
4068
4068
4068
4068
4068
4068
4068
4068
4068
4068
4068
4068
4068
4068
4068
4068
4068
4068
4068
4068
4068
4068
4068
4068
4068
4068
4068
4068
4068
4068
4068
4068
4068
4068
4068
4068
4068
4068
4068
4068
4068
4068
4068
4068
4068
4068
4068
4068
4068
4068
4068
4068
4068
4068
4068
4068
4068
4070
4070
4070
4070
4070
4070
4070
4070
4070
4070
4070
4070
4070
4070
4070
4070
4070
4070
4070
4070
4070
4070
4070
4070
4070
4070
4070
4070
4070
4070
4070
4070
4070
4070
4070
4070
4070
4070
4070
4070
4070
4070
4070
4070
4070
4070
4070
4070
4070
4070
4070
4070
4070
4070
4070
4070
4070
4070
4070
4070
4070
4070
4070
4070
4070
4070
4070
4070
4070
4070
4070
4070
4070
4070
4070
4070
4070
4070
4070
4070
4070
4070
4070
4070
4070
4070
4070
4070
4070
4070
4070
4070
4070
4070
4070
4070
4070
4070
4076
4076
4076
4076
4076
4076
4076
4076
4076
4076
4076
4076
4076
4076
4076
4076
4076
4076
4076
4078
4078
4078
4078
4078
4078
4078
4078
4078
4078
4078
4078
4078
4078
4078
4078
4078
4078
4078
4078
4078
4078
4078
4078
4078
4078
4078
4078
4078
4078
4078
4078
4078
4078
4078
4078
4078
4078
4078
4078
4078
4078
4078
4078
4078
4078
4078
4078
4078
4078
4078
4078
4078
4078
4078
4078
4078
4078
4078
4078
4078
4078
4078
4078
4078
4078
4078
4078
4078
4078
4078
4078
4078
4078
4078
4078
4078
4078
4078
4080
4080
4080
4080
4080
4080
4080
4080
4080
4080
4080
4080
4080
4080
4080
4080
4080
4080
4080
4080
4080
4080
4080
4080
4080
4080
4080
4080
4080
4080
4080
4080
4080
4080
4080
4075
4075
4075
4075
4075
4075
4075
4075
4075
4075
4075
4075
4075
4075
4075
4075
4075
4075
4075
4075
4075
4075
4075
4075
4075
4075
4075
4075
4075
4075
4075
4075
4075
4075
4075
4075
4075
4075
4075
4075
4075
4075
4075
4075
4075
4075
4060
4060
4060
4060
4060
4060
4060
4060
4060
4060
4060
4060
4060
4060
4060
4060
4060
4060
4060
4060
4060
4060
4060
4060
4060
4060
4060
4060
4060
4060
4060
4060
4060
4060
4060
4060
4060
4060
4058
4058
4058
4058
4063
4063
4063
4063
4063
4063
4063
4063
4063
4063
4063
4063
4063
4063
4063
4063
4063
4063
4063
4063
4063
4063
4063
4063
4063
4063
4063
4063
4063
4063
4063
4063
4063
4063
4063
4063
4063
4063
4063
4063
4063
4063
4063
4063
4063
4063
4063
4063
4063
4063
4063
4063
4063
4063
4063
4063
4063
4063
4063
4063
4063
4063
4063
4063
4063
4063
4063
4063
4063
4063
4063
4063
4063
4063
4063
4063
4063
4063
4063
4063
4063
