4839
4848
4853
4826
4785
4718
4742
4742
4742
4752
4689
4724
4687
4698
4777
4815
4848
4939
4982
4885
4844
4844
4750
4719
4706
4738
4704
4708
4708
4724
4718
4718
4761
4744
4789
4907
4938
4883
4876
4912
4897
4909
4861
4805
4858
4856
4805
4818
4794
4729
4716
4716
4716
4702
4632
4629
4665
4665
4612
4664
4699
4722
4742
4752
4752
4768
4719
4702
4675
4638
4692
4710
4791
4781
4743
4711
4773
4809
4799
4788
4821
4881
4909
4910
4910
4921
4921
4924
4861
4900
4818
4773
4764
4803
4865
4895
4953
4983
4995
4870
4851
4911
4895
4695
4761
4758
4771
4793
4738
4755
4759
4759
4755
4747
4803
4896
4829
4876
4876
4876
4808
4774
4763
4803
4752
4767
4794
4889
4889
4851
4901
4903
4930
4930
4909
4879
4847
4824
4856
4960
4999
5049
4976
4843
4861
4842
4845
4814
4876
4862
4881
4836
4876
4856
4966
4881
4974
4956
4812
4883
4910
4957
4918
4859
4874
4912
4912
4904
4841
4841
4733
4760
4760
4760
4847
4954
4888
4884
4928
4937
4923
4990
5070
5072
5072
5014
4949
4943
4906
4963
4891
4902
4886
4940
4919
4933
4973
4972
4983
4908
4908
4858
4890
4887
4882
4909
4873
4871
4877
4885
4902
4900
4881
4951
4967
4970
5029
4989
4997
5036
5095
5076
5076
5087
5110
5060
4936
4942
4988
4922
4932
4962
4865
4850
4873
4884
4833
4856
4799
4799
4812
4812
4872
4872
4849
4849
4783
4778
4816
4770
4777
4872
4821
4833
4884
4932
4907
4951
4949
4945
4967
4970
4955
4850
4782
4828
4841
4842
4830
4778
4778
4717
4781
4753
4656
4694
4663
4636
4791
4761
4891
4877
4861
4922
4919
4961
5013
5062
4981
4966
5045
5068
5030
4896
4841
4833
4833
4860
4789
4853
4864
4813
4792
4788
4785
4802
4917
4851
4856
4878
4812
4851
4819
4818
4816
4795
4772
4779
4858
4827
4830
4782
4786
4785
4740
4727
4789
4733
4724
4747
4736
4702
4702
4685
4755
4801
4809
4818
4804
4841
4836
4762
4809
4866
4866
4904
4938
4898
4940
4835
4836
4810
4826
4826
4766
4787
4769
4798
4920
4929
4928
4988
5071
5186
5128
5139
5063
5040
5016
5018
5023
5023
5023
5062
5047
4959
4959
5019
5019
4957
4945
4925
4879
4926
4940
4922
4923
4989
4970
4874
4952
4919
4954
5016
5010
5010
5002
5070
4961
4892
4864
4864
4886
4896
4864
4871
4871
4941
4935
4905
4875
4890
4902
4927
4956
4956
4929
4914
4899
4941
4912
4953
5004
5020
5020
5132
5083
5126
5118
5118
5120
5050
5038
5076
5067
4992
4984
5061
5017
4935
4875
4918
4973
4994
4984
5014
5014
4946
4981
5027
5027
5043
5043
5061
4993
4972
4997
4945
4945
5012
4985
4985
4969
4964
4996
4996
4994
4951
4905
4915
4924
4896
4913
4931
4813
4813
4834
4827
4809
4792
4792
4776
4776
4792
4788
4824
4876
4866
4873
4916
4923
5001
4945
4937
4847
4845
4845
4897
4915
4863
4907
4949
4962
4962
4967
4913
4870
4870
4819
4786
4820
4827
4949
4916
4933
4929
4925
4921
4921
4965
4983
4989
4986
4972
4924
4881
4835
4879
4904
4910
4992
4959
4966
4953
4953
4860
4748
4772
4742
4829
4788
4785
4792
4724
4749
4720
4788
4889
4860
4892
4884
4831
4831
4861
4873
4834
4903
4933
4999
4919
4887
4899
4977
4946
5012
5136
5144
5117
5122
5047
5047
5004
5012
5004
5033
5028
5085
5014
4963
4900
4896
4866
4939
4939
5025
5064
5088
5088
5032
4942
4955
4962
4900
4919
4982
4969
5005
4951
5008
4955
4870
4809
4835
4835
4864
4892
4833
4876
4916
4838
4830
4805
4823
4863
4919
4998
4960
4933
4846
4909
4898
4890
4835
4970
5009
4993
4947
4944
4905
4908
4908
4924
4924
4949
4957
4902
4859
4743
4806
4722
4840
4785
4785
4785
4785
4832
4832
4840
4840
4815
4775
4821
4793
4753
4814
4836
4836
4851
4875
4769
4748
4774
4774
4790
4782
4819
4782
4820
4891
4796
4822
4813
4844
4857
4857
4857
4831
4822
4897
4896
4915
4825
4756
4731
4729
4635
4592
4597
4647
4678
4750
4753
4750
4697
4716
4707
4648
4648
4736
4736
4723
4766
4743
4787
4824
4814
4863
4874
4823
4830
4926
4943
4849
4849
4773
4839
4852
4920
4961
4914
4916
4916
4915
4953
4906
4893
4893
4934
4825
4941
4954
4927
4927
4924
4910
4952
4957
4985
4995
5019
5098
5046
5070
4977
5054
4915
4873
4845
4826
4792
4889
4831
4827
4772
4767
4729
4802
4805
4831
4830
4796
4801
4821
4833
4853
4872
4891
4891
4878
4836
4812
4785
4850
4849
4791
4757
4799
4758
4795
4831
4787
4801
4760
4843
4800
4804
4848
4820
4879
4861
4793
4771
4798
4813
4791
4760
4752
4752
4782
4682
4731
4743
4727
4727
4770
4767
4713
4694
4701
4632
4656
4633
4633
4626
4718
4747
4747
4820
4820
4761
4648
4712
4683
4683
4669
4756
4766
4792
4719
4724
4741
4771
4759
4759
4743
4740
4703
4696
4779
4775
4728
4715
4714
4734
4721
4783
4768
4747
4716
4747
4726
4752
4749
4728
4673
4600
4660
4741
4626
4638
4703
4703
4703
4707
4747
4758
4792
4809
4783
4722
4828
4737
4786
4806
4783
4739
4806
4851
4855
4881
4881
4836
4836
4836
4786
4784
4723
4759
4790
4764
4801
4770
4841
4800
4826
4859
4840
4814
4782
4807
4802
4695
4696
4792
4860
4860
4784
4812
4812
4858
4762
4782
4775
4762
4825
4801
4821
4791
4753
4784
4793
4880
4895
4896
4948
4925
4925
4934
4934
4934
5007
5025
4989
4973
4900
4900
4947
4933
4924
5054
5052
5007
4953
4964
4898
4908
4891
4812
4812
4743
4743
4695
4706
4740
4787
4757
4757
4757
4701
4745
4788
4748
4767
4876
4840
4877
4747
4752
4812
4778
4798
4771
4744
4791
4819
4787
4781
4825
4803
4891
4879
4889
4877
4818
4831
4831
4835
4854
4854
4800
4769
4839
4812
4867
4797
4827
4728
4798
4779
4828
4838
4882
4835
4866
4850
4830
4830
4838
4860
4823
4827
4831
4779
4796
4796
4852
4871
4790
4799
4837
4805
4727
4766
4852
4898
4889
4760
4760
4795
4781
4781
4767
4738
4729
4729
4694
4701
4745
4737
4715
4715
4754
4766
4784
4784
4828
4790
4792
4749
4687
4715
4713
4687
4690
4779
4816
4789
4758
4740
4742
4755
4755
4710
4657
4659
4649
4670
4649
4709
4733
4761
4761
4777
4810
4787
4759
4742
4770
4759
4665
4665
4665
4645
4624
4710
4718
4738
4760
4723
4699
4643
4685
4684
4684
4684
4763
4794
4783
4805
4854
4854
4755
4766
4843
4832
4897
4897
4902
4949
4921
4929
4930
4882
4870
4866
4873
4866
4869
4869
4817
4817
4817
4892
4932
4871
4882
4926
4977
5000
4915
4937
4907
4932
5006
4977
4977
4949
4883
4885
4803
4862
4818
4843
4890
4901
4946
4893
4863
4826
4826
4793
4763
4726
4733
4725
4725
4725
4679
4679
4712
4738
4692
4655
4690
4642
4631
4644
4657
4701
4721
4754
4754
4741
4723
4728
4682
4628
4608
4688
4688
4688
4652
4645
4597
4651
4726
4736
4753
4731
4731
4693
4709
4709
4692
4686
4707
4707
4736
4757
4757
4757
4755
4763
4804
4852
4811
4794
4859
4898
4852
4872
4882
4890
4854
4930
4967
4980
4916
4849
4929
4892
4868
4862
4850
5016
5004
4925
4925
4934
4933
4904
4933
4953
4922
4931
4922
4879
4864
4864
4952
4936
4945
4956
4955
4975
4939
5010
4968
4962
4944
4934
4993
4975
4945
4883
4907
4895
4900
4909
4924
4901
4902
4807
4807
4836
4790
4784
4769
4753
4753
4753
4748
4748
4778
4787
4781
4783
4755
4780
4828
4815
4789
4777
4776
4817
4817
4823
4837
4837
4859
4726
4780
4804
4833
4854
4852
4803
4804
4788
4745
4739
4748
4745
4745
4771
4784
4758
4690
4719
4725
4780
4780
4825
4779
4792
4830
4839
4839
4823
4856
4828
4812
4812
4825
4820
4855
4855
4851
4854
4900
4915
4860
4798
4839
4933
4942
4963
4911
4902
4867
4867
4867
4834
4940
4920
4948
4978
4983
4946
4959
4959
4935
4982
4948
4925
4995
4907
4902
4952
4900
4839
4904
4904
4889
4886
4859
4869
4869
4912
4971
4948
4880
4955
4928
4893
4933
4866
4852
4812
4842
4880
4818
4829
4770
4817
4794
4846
4846
4824
4762
4762
4728
4717
4775
4735
4758
4814
4744
4763
4799
4820
4761
4797
4739
4775
4733
4690
4724
4685
4685
4718
4710
4701
4740
4698
4782
4804
4799
4843
4843
4843
4804
4728
4777
4750
4633
4646
4674
4727
4727
4645
4632
4697
4672
4672
4672
4615
4661
4693
4726
4733
4773
4763
4801
4721
4745
4706
4715
4722
4742
4633
4723
4748
4788
4788
4739
4739
4735
4736
4738
4748
4714
4704
4726
4726
4683
4686
4766
4710
4710
4735
4751
4742
4751
4659
4736
4718
4696
4700
4700
4701
4691
4732
4733
4795
4702
4654
4682
4685
4648
4632
4613
4665
4696
4751
4751
4655
4705
4675
4657
4773
4806
4798
4823
4792
4756
4750
4696
4638
4737
4686
4721
4803
4836
4885
4891
4869
4848
4902
4906
4792
4767
4777
4777
4807
4739
4737
4737
4737
4856
4856
4887
4796
4813
4769
4798
4815
4842
4837
4811
4862
4857
4926
4926
4866
4795
4794
4754
4797
4841
4752
4842
4841
4817
4784
4784
4784
4748
4770
4804
4781
4772
4822
4782
4786
4703
4680
4724
4730
4725
4803
4805
4770
4754
4718
4700
4698
4708
4777
4708
4743
4870
4778
4766
4787
4764
4777
4790
4849
4871
4862
4934
4959
5034
5034
4957
4944
4944
5043
5043
5043
5043
4996
4996
5080
4991
5001
5081
5049
5035
4961
4961
4877
4833
4844
4822
4804
4819
4764
4749
4753
4778
4781
4891
4894
4896
4791
4807
4789
4820
4841
4797
4803
4816
4796
4831
4910
4871
4933
4967
4905
4863
4836
4879
4798
4798
4798
4808
4899
4810
4899
4896
4896
4876
4901
4890
4888
4890
4870
4872
4872
4940
4945
4895
4895
4907
4799
4808
4685
4688
4688
4755
4739
4794
4783
4792
4781
4797
4782
4776
4779
4772
4734
4734
4791
4782
4825
4846
4821
4778
4751
4753
4753
4766
4774
4774
4769
4827
4872
4873
4896
4900
4889
4849
4846
4826
4790
4848
4853
4814
4773
4789
4856
4877
4877
4869
4824
4767
4722
4755
4771
4787
4787
4842
4829
4829
4837
4807
4829
4829
4818
4829
4846
4846
4846
4846
4882
4882
4876
4790
4790
4790
4768
4755
4758
4778
4822
4809
4771
4664
4746
4756
4756
4756
4750
4752
4750
4792
4732
4732
4741
4761
4758
4758
4722
4749
4784
4780
4784
4784
4798
4791
4705
4672
4727
4709
4773
4857
4878
4839
4763
4867
4920
4887
4922
4897
4859
4848
4848
4845
4887
4928
4932
4915
4919
4826
4862
4859
4800
4834
4784
4775
4779
4825
4856
4830
4830
4774
4703
4746
4705
4652
4618
4684
4751
4798
4751
4755
4739
4735
4801
4798
4745
4794
4718
4739
4739
4788
4747
4738
4701
4722
4762
4762
4797
4845
4845
4881
4867
4813
4772
4772
4719
4718
4718
4718
4725
4737
4791
4762
4787
4831
4831
4831
4838
4908
4840
4809
4809
4713
4713
4713
4733
4838
4815
4821
4788
4806
4772
4731
4674
4675
4838
4832
5012
5050
5062
4982
4994
5047
5047
4974
4868
4898
4906
4838
4737
4759
4724
4724
4736
4777
4769
4691
4684
4717
4730
4760
4843
4736
4643
4704
4733
4693
4683
4704
4620
4655
4724
4791
4791
4745
4783
4783
4770
4785
4759
4776
4770
4673
4746
4719
4659
4632
4632
4687
4758
4729
4723
4724
4732
4723
4760
4796
4798
4769
4714
4718
4709
4667
4695
4704
4704
4766
4759
4745
4693
4740
4704
4742
4727
4756
4754
4788
4758
4703
4675
4681
4681
4681
4686
4665
4665
4642
4607
4663
4578
4572
4575
4619
4634
4634
4632
4623
4605
4612
4615
4611
4796
4802
4811
4787
4749
4763
4795
4794
4790
4758
4818
4796
4796
4870
4838
4827
4827
4804
4822
4822
4774
4856
4845
4946
4946
4896
4825
4849
4836
4828
4828
4791
4819
4819
4884
4816
4835
4886
4876
4753
4753
4810
4856
4812
4812
4807
4734
4706
4650
4652
4657
4689
4647
4656
4668
4668
4667
4724
4728
4711
4727
4785
4772
4790
4761
4814
4854
4830
4792
4828
4802
4853
4895
4832
4808
4810
4826
4859
4859
4840
4852
4836
4863
4863
4863
4878
4786
4887
4911
4852
4852
4924
5016
5009
4988
4965
4911
4887
4924
4924
4967
4925
4929
4940
4942
4857
4870
4835
4849
4882
4858
4842
4808
4868
4808
4826
4764
4770
4770
4801
4806
4806
4802
4778
4783
4783
4780
4804
4804
4776
4706
4706
4706
4791
4813
4814
4814
4752
4723
4731
4736
4693
4656
4674
4718
4743
4726
4655
4710
4689
4614
4666
4724
4721
4789
4798
4818
4919
4801
4716
4716
4757
4787
4706
4745
4694
4679
4665
4700
4653
4670
4682
4705
4702
4664
4736
4697
4699
4699
4699
4787
4795
4821
4825
4791
4842
4842
4815
4908
4955
4988
5041
4958
4988
4988
5005
5005
5123
5043
4999
4967
4859
4784
4741
4778
4851
4849
4862
4862
4721
4729
4677
4590
4590
4572
4594
4582
4658
4658
4713
4767
4774
4793
4777
4763
4811
4811
4811
4783
4796
4803
4831
4799
4857
4816
4833
4905
4860
4908
4951
4919
4897
4880
4977
4920
4926
4916
4931
4946
4946
4946
4964
4952
5020
4997
4947
4895
4872
4906
4912
4868
4888
4859
4872
4880
4877
4869
4923
4950
4951
4951
4902
4902
4921
4914
4914
4841
4876
4865
4824
4865
4809
4809
4760
4797
4736
4719
4719
4748
4755
4755
4739
4755
4767
4767
4809
4697
4726
4747
4842
4776
4763
4769
4746
4741
4743
4685
4732
4732
4724
4661
4661
4665
4680
4641
4721
4749
4735
4811
4793
4720
4673
4662
4689
4689
4698
4698
4698
4632
4632
4686
4690
4785
4768
4858
4850
4857
4927
4838
4841
4902
4953
4916
4932
4932
4953
4953
4929
4966
4964
4972
5006
5016
4917
4913
4913
4844
4837
4825
4851
4789
4796
4796
4793
4785
4820
4775
4759
4712
4687
4761
4799
4799
4809
4792
4840
4853
4779
4686
4728
4732
4732
4801
4801
4839
4771
4728
4701
4692
4708
4724
4701
4712
4712
4712
4701
4701
4679
4748
4698
4681
4646
4646
4628
4674
4633
4641
4641
4641
4641
4641
4636
4653
4637
4637
4696
4633
4746
4753
4731
4738
4741
4734
4877
4771
4700
4646
4703
4581
4581
4568
4588
4588
4588
4669
4669
4736
4752
4790
4692
4712
4738
4693
4646
4668
4716
4725
4701
4700
4684
4684
4738
4786
4806
4701
4701
4770
4834
4821
4838
4809
4832
4793
4817
4879
4834
4754
4793
4793
4774
4786
4894
4929
4921
4901
4954
4893
4845
4838
4831
4831
4864
4859
4797
4731
4702
4710
4777
4787
4787
4823
4764
4759
4764
4782
4777
4813
4789
4779
4800
4710
4795
4804
4737
4810
4878
4878
4878
4825
4781
4820
4919
4938
4938
4938
4943
4983
4976
4955
4905
4933
4940
4946
4967
5007
4951
4933
4948
4932
4876
4876
4877
4875
4796
4796
4751
4751
4683
4671
4667
4679
4725
4725
4709
4782
4793
4785
4836
4800
4814
4760
4793
4824
4809
4773
4784
4777
4777
4809
4808
4804
4826
4809
4838
4820
4799
4799
4867
4798
4798
4846
4756
4761
4750
4767
4750
4799
4778
4774
4836
4796
4782
4858
4885
4864
4919
4995
5050
5050
4959
4941
5032
5057
5047
5065
5065
5061
5136
5118
5118
5136
5131
5110
5131
5092
5006
5006
4947
4958
4958
4948
4913
4886
4851
4875
4924
4924
4860
4874
4914
4942
4942
4956
4962
4962
4960
4984
4890
4863
4759
4839
4870
4859
4850
4846
4887
4837
4946
4924
4884
4910
4895
4836
4882
4859
4926
4902
4810
4779
4795
4812
4773
4795
4810
4818
4821
4865
4906
4880
4799
4817
4894
4894
4868
4887
4867
4850
4859
4859
4859
4788
4803
4825
4857
4832
4883
4883
4869
4924
4911
4853
4922
4922
4922
4922
4922
4869
4886
4870
4930
4863
4890
4867
4867
4855
4855
4886
4837
4835
4823
4812
4757
4757
4800
4800
4799
4869
4869
4891
4841
4841
4897
4804
4804
4854
4871
4894
4941
4969
5034
5047
5046
5036
4884
4900
4847
4799
4818
4778
4808
4828
4828
4908
4923
4876
4876
4861
4845
4845
4906
4886
4767
4767
4708
4767
4761
4761
4743
4755
4746
4848
4831
4864
4864
4893
4956
4969
4917
4866
4767
4767
4766
4788
4860
4817
4817
4817
4862
4826
4852
4876
4884
4865
4758
4802
4802
4794
4869
4869
4898
4940
4860
4816
4816
4833
4833
4815
4778
4756
4780
4749
4823
4822
4783
4780
4783
4783
4720
4739
4744
4777
4757
4785
4790
4796
4829
4900
4870
4852
4875
4816
4852
4794
4815
4815
4917
4921
4902
4925
4959
4845
4827
4884
4920
4983
4983
4923
4986
4986
4966
4834
4886
4886
4913
4913
4922
5011
4937
5004
5004
4967
5025
5102
5135
5171
5178
5180
5133
5075
5086
5122
5050
5031
5031
5033
5033
5161
5013
5053
5112
5150
5136
5146
5146
5102
5111
5028
4983
4983
5121
5137
5161
5181
5180
5129
5094
5086
5122
5079
5167
5126
5123
5134
5144
5110
5109
4961
4961
4931
4931
5038
4987
4896
4896
4855
4857
4867
4932
4872
4863
4879
4860
4828
4866
4836
4898
4887
4783
4801
4834
4834
4844
4820
4839
4839
4849
4847
4837
4839
4818
4830
4840
4869
4886
4893
4899
4909
4883
4861
4867
4868
4897
4876
4846
4867
4833
4813
4837
4770
4804
4866
4797
4746
4749
4736
4825
4867
4802
4802
4773
4773
4779
4792
4817
4859
4852
4844
4790
4734
4743
4728
4751
4751
4742
4652
4637
4664
4659
4673
4677
4682
4730
4773
4839
4801
4689
4788
4799
4799
4848
4831
4795
4764
4756
4757
4791
4846
4803
4794
4794
4750
4728
4722
4717
4746
4727
4709
4735
4768
4696
4685
4756
4777
4777
4739
4759
4851
4890
4890
4935
4935
4893
4838
4859
4874
4964
4938
4938
4841
4838
4865
4894
4885
4940
4916
4898
4955
4907
4907
4932
4932
4891
4890
4830
4796
4796
4885
4875
4812
4742
4727
4739
4800
4797
4797
4787
4821
4842
4842
4842
4842
4867
4820
4800
4800
4753
4753
4852
4852
4817
4858
4852
4810
4810
4839
4797
4819
4778
4782
4744
4756
4755
4783
4786
4760
4739
4782
4806
4827
4827
4806
4854
4854
4848
4807
4872
4849
4849
4901
4825
4753
4753
4773
4773
4745
4745
4789
4749
4752
4756
4756
4756
4764
4718
4742
4784
4864
4837
4847
4915
4899
4954
4896
4790
4832
4762
4805
4728
4767
4753
4753
4743
4743
4783
4728
4792
4818
4818
4809
4809
4809
4803
4862
4801
4801
4801
4801
4796
4823
4812
4812
4811
4856
4816
4829
4826
4787
4805
4830
4871
4813
4869
4869
4963
4976
5022
4980
5030
4981
4973
4901
4901
4873
4836
4836
4899
4880
4824
4769
4745
4724
4790
4777
4777
4777
4777
4731
4792
4778
4811
4777
4759
4738
4738
4738
4690
4690
4688
4695
4672
4764
4808
4747
4774
4741
4736
4763
4775
4767
4805
4811
4824
4889
4812
4808
4899
4858
4885
4961
4961
4961
5004
4971
5040
4987
5052
5015
4926
4919
4936
4992
4976
4937
4854
4778
4745
4756
4736
4725
4707
4717
4752
4768
4728
4757
4834
4855
4852
4840
4829
4800
4846
4904
4894
4883
4844
4826
4927
4913
4913
5022
5022
5049
4974
4974
5071
5052
5035
5035
5002
4916
4941
4921
4918
4918
4938
4972
4950
4915
4862
4790
4755
4715
4715
4836
4836
4788
4733
4733
4741
4681
4686
4683
4748
4778
4821
4842
4901
4970
4893
4838
4852
4852
4834
4834
4835
4835
4835
4905
4856
4891
4920
4936
4908
4865
4865
4939
4939
4900
4893
4844
4865
4839
4839
4875
4866
4874
4895
4935
4930
4961
4959
4985
4972
4877
4877
4891
4826
4808
4817
4832
4857
4853
4832
4803
4885
4982
5002
4942
4942
4895
4880
4869
4868
4827
4827
4795
4775
4730
4730
4717
4694
4694
4657
4657
4657
4784
4784
4784
4784
4753
4715
4770
4770
4836
4890
4844
4864
4804
4883
4883
4881
4902
4938
4840
4840
4780
4738
4738
4738
4738
4771
4771
4709
4750
4794
4870
4899
4890
4811
4811
4810
4769
4750
4751
4751
4751
4798
4798
4830
4806
4818
4829
4790
4752
4752
4786
4824
4763
4743
4731
4696
4676
4676
4676
4676
4649
4649
4686
4692
4682
4719
4719
4790
4847
4810
4763
4763
4765
4756
4710
4689
4689
4691
4721
4831
4846
4846
4765
4799
4784
4796
4809
4885
4913
4871
4809
4837
4816
4786
4786
4815
4796
4737
4669
4768
4730
4661
4669
4702
4678
4652
4652
4638
4572
4572
4592
4598
4558
4558
4558
4500
4500
4576
4622
4573
4573
4573
4580
4605
4605
4539
4597
4572
4572
4604
4604
4641
4634
4669
4669
4714
4747
4703
4703
4659
4676
4622
4667
4670
4647
4602
4596
4596
4604
4604
4672
4735
4806
4691
4689
4689
4677
4689
4689
4632
4632
4642
4591
4620
4646
4646
4621
4622
4519
4519
4519
4570
4656
4626
4626
4626
4645
4627
4627
4586
4585
4561
4553
4530
4558
4546
4546
4554
4542
4542
4542
4542
4552
4552
4591
4572
4531
4532
4532
4608
4547
4589
4606
4606
4624
4638
4618
4685
4655
4655
4676
4653
4602
4636
4639
4718
4718
4800
4800
4875
4882
4882
4833
4925
4955
4946
4998
4920
4892
4833
4869
4980
4880
4871
4922
4835
4755
4796
4829
4829
4932
4932
4941
4865
4846
4919
4880
4850
4856
4856
4878
4875
4868
4892
4919
4919
4941
4929
4929
4961
4924
4915
4950
4921
4939
4839
4899
4896
4904
4931
4939
4854
4854
4838
4838
4847
4832
4832
4832
4840
4840
4840
4878
4842
4842
4825
4854
4839
4839
4877
4865
4882
4848
4857
4857
4871
4916
4886
4916
4886
4883
4902
4952
4952
4849
4824
4826
4826
4876
4863
4721
4740
4740
4771
4844
4745
4748
4747
4762
4777
4760
4760
4760
4760
4768
4809
4809
4813
4801
4796
4803
4857
4813
4813
4813
4808
4784
4784
4750
4793
4793
4722
4756
4763
4723
4713
4721
4664
4706
4706
4706
4745
4745
4745
4745
4760
4760
4690
4690
4690
4583
4628
4628
4609
4609
4678
4678
4678
4672
4672
4645
4692
4684
4722
4675
4658
4658
4685
4787
4750
4741
4727
4727
4727
4706
4698
4681
4683
4689
4743
4743
4728
4769
4791
4823
4821
4745
4711
4678
4700
4754
4808
4808
4762
4800
4879
4879
4879
4817
4765
4765
4749
4741
4772
4772
4730
4773
4773
4792
4782
4712
4741
4727
4700
4700
4741
4740
4740
4723
4692
4730
4827
4821
4794
4684
4626
4559
4627
4588
4585
4585
4502
4507
4536
4536
4490
4539
4529
4544
4567
4610
4610
4625
4625
4625
4567
4548
4530
4580
4596
4592
4624
4609
4609
4598
4598
4537
4576
4576
4535
4535
4535
4561
4571
4601
4594
4650
4650
4705
4697
4697
4633
4652
4652
4636
4636
4636
4636
4636
4636
4647
4620
4569
4609
4548
4554
4580
4588
4588
4588
4599
4611
4592
4592
4652
4649
4615
4506
4506
4506
4506
4506
4506
4563
4574
4574
4586
4586
4594
4638
4690
4674
4674
4667
4649
4586
4631
4614
4577
4577
4608
4582
4561
4536
4508
4508
4508
4520
4473
4473
4436
4505
4505
4491
4521
4573
4573
4573
4641
4724
4724
4754
4754
4762
4716
4716
4754
4773
4762
4827
4884
4822
4826
4826
4712
4680
4628
4628
4626
4670
4670
4686
4686
4696
4690
4690
4690
4690
4685
4685
4676
4652
4650
4688
4693
4713
4632
4675
4583
4583
4583
4612
4584
4584
4584
4579
4567
4571
4571
4571
4612
4568
4626
4663
4687
4696
4693
4704
4701
4701
4717
4695
4686
4701
4682
4735
4737
4670
4670
4720
4720
4707
4736
4761
4708
4708
4744
4772
4716
4682
4708
4702
4679
4682
4701
4700
4758
4829
4795
4773
4773
4762
4762
4730
4625
4625
4625
4610
4610
4604
4604
4602
4576
4586
4615
4615
4615
4630
4615
4594
4570
4585
4585
4595
4595
4595
4595
4643
4705
4705
4719
4691
4681
4681
4748
4737
4737
4737
4786
4847
4847
4847
4833
4766
4733
4733
4706
4706
4658
4559
4592
4592
4661
4637
4676
4690
4688
4714
4779
4802
4789
4693
4673
4673
4673
4746
4778
4750
4708
4741
4741
4764
4782
4713
4713
4663
4663
4727
4727
4737
4717
4713
4693
4681
4681
4742
4724
4807
4807
4703
4647
4644
4638
4686
4727
4709
4701
4797
4736
4772
4772
4815
4786
4770
4770
4780
4767
4793
4793
4783
4762
4757
4757
4778
4837
4803
4803
4770
4770
4753
4759
4805
4802
4802
4871
4852
4796
4790
4790
4804
4804
4804
4765
4758
4828
4744
4716
4716
4696
4716
4716
4716
4685
4689
4679
4751
4740
4749
4721
4685
4710
4722
4716
4689
4689
4762
4762
4818
4855
4790
4810
4798
4723
4672
4672
4700
4689
4706
4641
4641
4641
4606
4582
4612
4612
4612
4633
4638
4638
4729
4653
4653
4636
4649
4649
4631
4603
4603
4598
4587
4552
4546
4531
4601
4658
4658
4617
4617
4605
4583
4583
4559
4567
4501
4501
4501
4501
4501
4501
4501
4483
4483
4536
4536
4536
4540
4545
4532
4534
4466
4472
4472
4493
4634
4634
4643
4643
4643
4677
4677
4677
4620
4598
4622
4632
4671
4605
4602
4593
4593
4593
4593
4593
4593
4597
4628
4628
4624
4643
4658
4693
4644
4661
4602
4601
4539
4539
4585
4585
4598
4598
4634
4634
4703
4654
4719
4656
4607
4607
4612
4605
4581
4619
4718
4713
4749
4749
4842
4842
4842
4767
4764
4764
4820
4820
4820
4768
4768
4731
4768
4802
4753
4753
4753
4762
4765
4729
4685
4694
4664
4621
4621
4624
4623
4600
4600
4600
4606
4581
4628
4663
4663
4668
4750
4755
4708
4725
4809
4809
4762
4746
4746
4775
4754
4750
4750
4833
4857
4857
4842
4798
4861
4842
4837
4918
4921
4921
4866
4913
4996
4904
4904
4919
4880
4878
4799
4799
4799
4799
4799
4812
4812
4810
4812
4811
4802
4802
4802
4802
4802
4807
4807
4766
4766
4757
4757
4688
4667
4705
4705
4691
4630
4630
4651
4666
4666
4666
4666
4666
4696
4675
4675
4720
4772
4747
4718
4772
4844
4798
4798
4798
4798
4743
4725
4719
4751
4763
4763
4785
4783
4786
4786
4747
4690
4701
4749
4736
4736
4763
4738
4760
4789
4742
4723
4700
4726
4726
4726
4735
4735
4735
4735
4760
4760
4821
4848
4807
4807
4759
4754
4741
4741
4741
4723
4769
4798
4743
4761
4761
4736
4708
4772
4730
4709
4667
4667
4608
4608
4608
4627
4627
4643
4690
4679
4679
4679
4666
4684
4684
4740
4765
4765
4782
4755
4766
4784
4748
4748
4769
4769
4725
4719
4729
4762
4767
4748
4748
4774
4773
4773
4765
4798
4784
4848
4885
4891
4849
4849
4875
4879
4879
4864
4864
4864
4898
4874
4922
4922
4940
4940
4907
4947
4987
4958
4947
4943
4983
4950
4950
4930
4922
4922
4922
4859
4859
4818
4818
4836
4862
4862
4862
4873
4856
4892
4867
4867
4940
4911
4890
4901
4893
4898
4808
4762
4762
4762
4764
4822
4822
4822
4831
4859
4793
4849
4849
4850
4837
4842
4881
4881
4840
4840
4840
4825
4810
4810
4827
4827
4827
4811
4796
4781
4781
4781
4781
4797
4797
4761
4761
4744
4743
4825
4817
4879
4879
4931
4931
4931
4901
4901
4900
4843
4843
4848
4873
4892
4843
4843
4843
4806
4813
4753
4744
4758
4841
4905
4905
4937
4901
4938
4938
5017
4912
4897
4860
4860
4860
4861
4861
4827
4861
4830
4815
4760
4760
4747
4767
4739
4743
4750
4723
4650
4650
4659
4659
4659
4659
4686
4749
4767
4767
4767
4767
4751
4778
4778
4767
4780
4780
4761
4747
4742
4742
4775
4775
4775
4775
4789
4789
4837
4837
4837
4899
4899
4917
4932
4913
4912
4867
4732
4698
4753
4761
4761
4761
4715
4717
4680
4714
4766
4746
4744
4744
4768
4831
4790
4726
4730
4724
4724
4763
4763
4766
4756
4756
4725
4704
4704
4758
4744
4744
4773
4862
4841
4776
4776
4776
4809
4747
4765
4765
4755
4744
4744
4756
4756
4756
4802
4814
4814
4827
4827
4849
4849
4834
4810
4868
4789
4789
4789
4789
4808
4808
4864
4864
4829
4788
4747
4745
4745
4745
4762
4762
4762
4762
4733
4736
4730
4709
4697
4697
4735
4690
4690
4690
4701
4808
4802
4802
4813
4802
4828
4801
4751
4753
4753
4752
4703
4703
4661
4679
4679
4743
4707
4690
4686
4694
4694
4692
4692
4711
4698
4714
4714
4714
4694
4636
4688
4717
4717
4701
4701
4731
4731
4731
4785
4785
4723
4723
4723
4723
4726
4726
4726
4706
4718
4718
4752
4718
4667
4667
4667
4667
4686
4663
4676
4676
4647
4652
4680
4680
4680
4690
4690
4711
4737
4758
4758
4764
4764
4696
4696
4696
4732
4645
4664
4656
4618
4618
4628
4628
4574
4623
4599
4599
4586
4635
4635
4635
4628
4647
4647
4647
4647
4647
4662
4662
4662
4674
4674
4597
4597
4589
4589
4589
4595
4595
4612
4614
4648
4648
4665
4665
4665
4683
4683
4616
4683
4683
4684
4703
4703
4722
4722
4715
4723
4743
4793
4745
4745
4699
4596
4596
4654
4637
4637
4637
4637
4700
4702
4693
4693
4628
4628
4628
4628
4613
4664
4664
4640
4640
4652
4652
4652
4623
4571
4571
4571
4571
4571
4598
4603
4603
4603
4605
4605
4653
4653
4653
4653
4653
4603
4603
4603
4564
4561
4576
4589
4589
4589
4531
4531
4603
4605
4605
4605
4608
4608
4608
4608
4653
4632
4634
4634
4632
4611
4611
4639
4676
4644
4678
4665
4701
4646
4670
4633
4650
4653
4653
4653
4635
4628
4628
4578
4654
4654
4654
4627
4714
4714
4665
4668
4668
4668
4684
4684
4684
4684
4735
4696
4724
4724
4724
4704
4704
4704
4790
4773
4742
4735
4735
4735
4735
4667
4639
4639
4639
4599
4599
4599
4599
4599
4599
4633
4633
4633
4633
4633
4633
4634
4634
4634
4634
4644
4644
4637
4628
4607
4607
4583
4567
4567
4567
4557
4557
4557
4557
4557
4599
4597
4590
4602
4636
4622
4630
4642
4639
4635
4635
4651
4581
4565
4599
4557
4583
4583
4583
4583
4588
4588
4588
4588
4588
4588
4616
4634
4634
4567
4567
4567
4567
4598
4586
4586
4586
4544
4519
4519
4519
4519
4519
4519
4548
4548
4564
4592
4619
4606
4623
4582
4585
4585
4623
4623
4623
4667
4598
4598
4598
4584
4584
4584
4584
4586
4624
4624
4624
4660
4659
4605
4610
4608
4616
4608
4624
4598
4578
4578
4593
4601
4601
4598
4598
4572
4572
4590
4546
4571
4571
4571
4571
4559
4590
4583
4583
4583
4584
4587
4587
4587
4587
4589
4607
4607
4586
4586
4586
4586
4638
4608
4626
4616
4546
4546
4559
4568
4568
4557
4557
4557
4541
4561
4578
4539
4562
4562
4562
4562
4562
4562
4576
4542
4568
4568
4568
4568
4559
4559
4577
4577
4597
4597
4597
4597
4597
4597
4604
4604
4604
4604
4604
4547
4611
4607
4655
4655
4655
4757
4812
4833
4767
4749
4749
4749
4773
4723
4723
4710
4694
4645
4645
4605
4605
4605
4605
4590
4590
4590
4590
4590
4598
4597
4597
4597
4602
4576
4628
4633
4633
4612
4619
4577
4577
4577
4577
4577
4595
4599
4633
4633
4633
4612
4612
4612
4614
4614
4598
4603
4587
4533
4533
4533
4574
4533
4533
4533
4534
4534
4579
4579
4530
4530
4530
4530
4530
4530
4530
4604
4593
4599
4570
4591
4591
4597
4592
4592
4592
4592
4592
4602
4602
4602
4602
4570
4570
4570
4570
4558
4597
4609
4582
4582
4527
4527
4527
4527
4511
4511
4512
4505
4505
4512
4512
4493
4558
4558
4535
4558
4558
4568
4536
4518
4492
4492
4552
4542
4542
4547
4547
4547
4547
4550
4550
4550
4550
4550
4550
4550
4550
4550
4550
4550
4550
4555
4555
4555
4555
4555
4605
4656
4667
4661
4661
4661
4661
4661
4677
4656
4656
4679
4654
4654
4654
4649
4614
4608
4608
4608
4605
4596
4596
4596
4596
4596
4596
4596
4635
4657
4657
4671
4685
4685
4685
4672
4673
4673
4673
4605
4619
4629
4629
4601
4601
4629
4629
4633
4633
4633
4633
4633
4658
4656
4627
4621
4654
4654
4619
4594
4557
4552
4555
4555
4555
4555
4555
4534
4585
4557
4501
4501
4523
4523
4523
4523
4502
4502
4490
4490
4490
4490
4467
4467
4460
4460
4467
4459
4459
4459
4450
4488
4488
4469
4513
4459
4459
4459
4459
4459
4459
4459
4506
4533
4533
4530
4530
4530
4530
4530
4565
4570
4570
4570
4570
4570
4570
4570
4570
4616
4583
4567
4567
4536
4536
4536
4536
4540
4493
4493
4493
4493
4489
4489
4548
4509
4509
4509
4582
4623
4623
4623
4565
4565
4510
4510
4557
4562
4562
4562
4562
4579
4569
4573
4573
4573
4573
4570
4570
4585
4616
4627
4615
4615
4615
4615
4592
4592
4592
4603
4603
4587
4547
4562
4576
4576
4632
4596
4575
4575
4570
4570
4559
4588
4566
4566
4648
4664
4667
4667
4667
4667
4667
4667
4714
4714
4665
4665
4665
4665
4665
4618
4618
4691
4691
4691
4691
4691
4691
4691
4660
4662
4662
4662
4645
4609
4609
4602
4602
4602
4623
4683
4705
4705
4683
4683
4692
4735
4735
4696
4701
4701
4685
4685
4674
4629
4629
4587
4575
4586
4561
4561
4561
4561
4561
4561
4561
4561
4561
4564
4576
4579
4614
4614
4614
4614
4614
4640
4640
4590
4557
4557
4553
4553
4553
4553
4553
4553
4553
4567
4592
4592
4592
4592
4586
4521
4521
4521
4481
4481
4481
4481
4481
4481
4481
4481
4483
4506
4506
4506
4506
4506
4506
4506
4506
4511
4510
4482
4482
4482
4482
4482
4482
4471
4471
4471
4471
4471
4469
4469
4469
4434
4434
4434
4434
4434
4434
4434
4434
4441
4388
4433
4433
4424
4424
4424
4424
4424
4424
4424
4446
4446
4429
4429
4429
4429
4429
4429
4429
4351
4351
4351
4351
4351
4389
4389
4389
4389
4406
4406
4406
4406
4406
4406
4404
4416
4388
4388
4388
4388
4388
4388
4388
4388
4388
4390
4358
4358
4358
4358
4387
4387
4387
4387
4387
4387
4387
4387
4387
4387
4387
4387
4392
4405
4408
4408
4408
4408
4439
4472
4455
4455
4455
4455
4429
4429
4429
4429
4441
4441
4441
4441
4441
4441
4465
4465
4465
4465
4465
4465
4465
4473
4567
4480
4480
4476
4476
4476
4483
4483
4483
4483
4450
4466
4466
4466
4466
4442
4442
4426
4448
4448
4448
4422
4422
4422
4439
4439
4451
4451
4451
4463
4463
4436
4436
4436
4436
4436
4436
4461
4449
4449
4449
4421
4415
4415
4421
4421
4421
4421
4421
4421
4424
4424
4424
4424
4424
4424
4424
4420
4420
4420
4462
4462
4459
4459
4484
4484
4466
4467
4476
4466
4466
4455
4455
4455
4455
4455
4474
4474
4474
4474
4474
4474
4491
4491
4491
4530
4523
4546
4506
4506
4479
4479
4488
4486
4486
4486
4478
4478
4487
4531
4504
4504
4459
4459
4459
4458
4458
4458
4458
4458
4458
4458
4458
4448
4448
4448
4426
4426
4426
4426
4426
4426
4426
4426
4426
4398
4391
4391
4391
4391
4391
4391
4391
4391
4391
4391
4391
4391
4407
4407
4407
4407
4407
4407
4407
4433
4463
4463
4496
4496
4496
4471
4450
4450
4449
4449
4409
4409
4409
4409
4409
4409
4409
4409
4409
4409
4409
4409
4394
4359
4359
4359
4359
4359
4359
4359
4359
4359
4363
4363
4363
4354
4366
4366
4366
4373
4373
4361
4361
4365
4365
4365
4365
4367
4367
4367
4367
4367
4380
4380
4380
4380
4375
4373
4363
4363
4374
4370
4370
4370
4370
4370
4370
4370
4370
4370
4370
4370
4370
4370
4375
4375
4375
4375
4368
4368
4390
4377
4377
4419
4433
4433
4433
4433
4433
4440
4443
4433
4433
4429
4429
4429
4439
4439
4439
4445
4445
4445
4445
4395
4395
4395
4395
4395
4425
4425
4425
4425
4425
4449
4449
4449
4405
4405
4417
4419
4431
4444
4444
4407
4407
4407
4407
4407
4411
4411
4411
4411
4411
4411
4408
4408
4408
4408
4408
4440
4444
4444
4444
4444
4443
4443
4443
4443
4443
4443
4443
4443
4455
4449
4449
4428
4419
4419
4400
4400
4400
4400
4400
4400
4400
4400
4400
4400
4403
4403
4434
4434
4434
4447
4447
4447
4442
4442
4442
4442
4442
4442
4442
4418
4418
4420
4420
4411
4411
4411
4411
4403
4403
4403
4411
4411
4412
4412
4412
4412
4412
4412
4412
4412
4412
4458
4458
4458
4458
4458
4458
4458
4442
4442
4442
4442
4442
4432
4432
4432
4432
4432
4432
4432
4462
4471
4470
4470
4470
4481
4496
4493
4493
4493
4505
4505
4493
4493
4493
4501
4501
4498
4502
4520
4519
4454
4454
4454
4454
4440
4424
4424
4424
4424
4424
4400
4361
4361
4361
4402
4402
4402
4402
4402
4392
4392
4365
4387
4387
4387
4387
4387
4387
4372
4372
4372
4372
4372
4372
4372
4372
4372
4383
4383
4383
4383
4383
4383
4381
4381
4381
4381
4381
4381
4381
4381
4381
4381
4381
4381
4381
4381
4381
4381
4381
4381
4374
4353
4341
4357
4357
4357
4357
4357
4357
4380
4385
4385
4386
4386
4386
4386
4376
4376
4376
4376
4376
4376
4376
4376
4376
4370
4370
4370
4371
4371
4371
4371
4372
4372
4372
4373
4338
4338
4367
4367
4367
4376
4376
4380
4380
4380
4376
4376
4376
4376
4376
4376
4376
4376
4376
4376
4366
4366
4366
4366
4366
4366
4373
4368
4368
4373
4373
4373
4373
4373
4373
4383
4383
4383
4378
4378
4378
4378
4378
4378
4378
4422
4422
4422
4422
4422
4422
4478
4469
4472
4441
4441
4441
4441
4439
4439
4439
4439
4439
4439
4456
4444
4444
4444
4453
4453
4453
4508
4508
4508
4508
4498
4498
4511
4511
4511
4511
4511
4511
4511
4511
4529
4529
4516
4516
4516
4462
4462
4462
4462
4462
4462
4475
4475
4475
4475
4475
4454
4426
4439
4439
4439
4439
4439
4439
4431
4431
4431
4431
4413
4413
4413
4413
4413
4415
4416
4416
4416
4421
4421
4421
4450
4450
4451
4451
4451
4451
4451
4451
4451
4411
4411
4411
4411
4411
4411
4411
4444
4444
4444
4444
4438
4438
4438
4438
4438
4438
4438
4459
4459
4448
4448
4448
4448
4448
4462
4462
4462
4462
4462
4462
4462
4462
4462
4462
4462
4474
4474
4474
4474
4490
4490
4490
4490
4476
4476
4476
4476
4455
4445
4445
4451
4451
4451
4451
4451
4451
4451
4451
4453
4446
4446
4446
4446
4446
4446
4434
4434
4416
4416
4416
4416
4416
4414
4414
4414
4406
4406
4441
4445
4445
4445
4444
4444
4444
4444
4469
4469
4469
4469
4420
4420
4421
4421
4451
4451
4451
4451
4451
4443
4443
4443
4443
4417
4417
4417
4417
4417
4426
4426
4400
4400
4400
4415
4415
4415
4415
4422
4422
4422
4422
4422
4422
4422
4448
4391
4391
4391
4391
4391
4400
4400
4400
4400
4424
4424
4424
4424
4432
4451
4451
4451
4451
4451
4451
4451
4451
4451
4441
4423
4419
4414
4414
4414
4414
4414
4414
4414
4417
4417
4388
4388
4388
4388
4388
4353
4353
4340
4340
4340
4340
4340
4339
4339
4339
4355
4355
4355
4355
4355
4336
4336
4336
4336
4335
4335
4335
4327
4327
4320
4320
4320
4320
4320
4320
4320
4320
4320
4320
4320
4328
4328
4328
4328
4328
4328
4328
4328
4317
4317
4317
4317
4322
4322
4322
4322
4322
4333
4320
4320
4320
4320
4321
4321
4321
4321
4321
4321
4319
4319
4319
4319
4316
4316
4316
4316
4316
4316
4316
4316
4316
4316
4316
4316
4316
4316
4316
4335
4335
4335
4333
4333
4333
4333
4333
4333
4333
4333
4333
4333
4333
4333
4333
4333
4333
4333
4333
4333
4333
4333
4317
4317
4317
4317
4317
4317
4317
4317
4317
4317
4317
4317
4330
4330
4330
4363
4359
4359
4359
4359
4359
4359
4359
4359
4359
4359
4359
4359
4359
4339
4339
4339
4339
4339
4339
4339
4339
4339
4339
4339
4339
4339
4353
4353
4353
4353
4353
4353
4353
4353
4353
4369
4369
4337
4337
4337
4337
4337
4337
4337
4334
4334
4334
4334
4334
4334
4334
4340
4340
4340
4340
4340
4340
4330
4330
4339
4339
4339
4339
4339
4339
4339
4319
4319
4319
4319
4319
4319
4319
4319
4319
4319
4319
4319
4319
4319
4319
4311
4311
4311
4311
4351
4351
4351
4337
4337
4337
4337
4337
4337
4337
4337
4337
4337
4337
4337
4337
4337
4337
4337
4337
4337
4337
4337
4337
4337
4337
4337
4337
4337
4342
4342
4342
4342
4342
4342
4342
4342
4342
4349
4349
4349
4337
4337
4337
4337
4337
4337
4338
4338
4334
4334
4334
4334
4334
4334
4334
4334
4351
4349
4349
4349
4349
4349
4349
4349
4357
4341
4341
4341
4336
4336
4359
4359
4359
4337
4338
4338
4341
4341
4301
4301
4301
4301
4301
4282
4282
4282
4282
4282
4282
4282
4256
4256
4256
4256
4256
4256
4256
4256
4264
4264
4264
4264
4264
4264
4264
4260
4260
4260
4260
4260
4260
4260
4260
4260
4260
4260
4260
4260
4260
4260
4260
4260
4260
4260
4260
4260
4235
4241
4241
4241
4241
4241
4241
4241
4241
4241
4241
4241
4241
4241
4241
4241
4241
4241
4241
4241
4241
4241
4241
4241
4241
4241
4241
4241
4241
4241
4241
4241
4241
4241
4241
4241
4241
4241
4241
4241
4241
4241
4241
4241
4241
4241
4241
4241
4241
4241
4241
4241
4241
4205
4205
4205
4205
4205
4205
4205
4205
4205
4205
4205
4205
4205
4205
4205
4205
4205
4205
4205
4205
4205
4205
4205
4205
4205
4205
4205
4205
4205
4205
4205
4205
4205
4205
4205
4205
4205
4205
4205
4205
4205
4205
4205
4201
4201
4201
4201
4201
4201
4201
4201
4201
4201
4201
4225
4225
4225
4225
4225
4225
4225
4225
4225
4215
4215
4215
4215
4215
4215
4216
4216
4216
4219
4219
4219
4219
4219
4219
4219
4219
4219
4219
4219
4219
4219
4219
4236
4236
4237
4235
4235
4239
4239
4239
4239
4239
4239
4239
4239
4239
4239
4239
4239
4239
4239
4239
4239
4239
4239
4239
4239
4239
4239
4239
4239
4254
4254
4254
4254
4254
4254
4228
4228
4228
4228
4228
4228
4227
4227
4227
4227
4227
4227
4227
4227
4227
4227
4227
4227
4227
4227
4227
4232
4232
4231
4231
4231
4231
4231
4231
4231
4231
4231
4231
4231
4197
4197
4197
4197
4197
4197
4197
4197
4197
4197
4197
4197
4197
4197
4197
4197
4197
4203
4203
4203
4203
4203
4203
4203
4203
4203
4203
4203
4203
4203
4203
4186
4186
4186
4186
4186
4186
4186
4186
4186
4186
4186
4186
4186
4186
4186
4186
4187
4185
4185
4185
4185
4185
4185
4185
4185
4185
4185
4185
4185
4185
4185
4185
4185
4185
4185
4185
4185
4180
4180
4180
4180
4180
4180
4180
4180
4173
4173
4173
4173
4173
4173
4173
4173
4173
4173
4173
4173
4173
4173
4173
4173
4173
4181
4183
4183
4183
4183
4193
4193
4193
4193
4193
4208
4205
4205
4214
4214
4214
4214
4214
4214
4214
4214
4214
4214
4214
4214
4214
4214
4214
4214
4214
4214
4214
4214
4214
4213
4213
4213
4213
4213
4213
4213
4213
4213
4213
4213
4213
4213
4213
4213
4213
4213
4213
4213
4213
4228
4245
4245
4245
4245
4245
4245
4245
4245
4245
4245
4245
4245
4245
4245
4245
4245
4245
4245
4245
4245
4245
4245
4245
4221
4264
4264
4264
4264
4264
4264
4264
4265
4265
4265
4273
4273
4273
4273
4273
4264
4264
4264
4264
4264
4264
4264
4264
4264
4264
4264
4264
4264
4264
4264
4264
4264
4264
4264
4264
4264
4264
4264
4264
4264
4264
4264
4264
4276
4276
4276
4276
4276
4276
4285
4285
4285
4273
4273
4263
4263
4263
4263
4263
4263
4263
4263
4263
4263
4269
4269
4269
4269
4269
4269
4269
4269
4269
4269
4269
4269
4279
4279
4279
4283
4283
4283
4272
4256
4243
4240
4240
4240
4240
4240
4240
4240
4240
4240
4240
4240
4236
4236
4236
4236
4236
4236
4236
4236
4236
4236
4236
4236
4236
4238
4238
4238
4238
4238
4238
4238
4238
4238
4238
4238
4238
4238
4238
4238
4238
4238
4238
4238
4239
4239
4239
4239
4239
4239
4239
4239
4205
4205
4205
4205
4205
4205
4205
4205
4205
4205
4205
4205
4205
4196
4196
4196
4196
4196
4196
4196
4196
4196
4196
4196
4196
4196
4196
4196
4196
4196
4196
4196
4196
4216
4216
4216
4216
4216
4216
4216
4216
4216
4216
4216
4216
4216
4216
4216
4216
4216
4216
4216
4216
4216
4216
4216
4190
4190
4190
4190
4190
4190
4190
4190
4190
4190
4190
4190
4190
4190
4190
4190
4190
4190
4190
4190
4189
4189
4189
4189
4189
4189
4189
4189
4189
4189
4189
4189
4189
4189
4189
4189
4189
4193
4193
4193
4193
4193
4193
4193
4193
4193
4193
4193
4193
4193
4193
4193
4193
4193
4193
4193
4193
4193
4193
4193
4193
4193
4193
4193
4193
4193
4193
4193
4193
4193
4193
4193
4193
4193
4193
4193
4193
4193
4193
4193
4193
4193
4193
4193
4193
4178
4178
4178
4178
4178
4178
4178
4178
4178
4178
4178
4178
4186
4186
4186
4186
4186
4186
4186
4186
4186
4186
4186
4186
4184
4184
4184
4184
4184
4184
4184
4184
4184
4184
4184
4184
4184
4184
4184
4184
4184
4184
4184
4184
4184
4184
4184
4184
4184
4184
4184
4184
4184
4184
4184
4184
4184
4184
4184
4184
4184
4184
4184
4184
4184
4184
4184
4184
4184
4184
4184
4184
4184
4184
4184
4184
4184
4184
4184
4184
4184
4184
4184
4174
4174
4174
4174
4174
4174
4174
4174
4174
4174
4174
4174
4174
4174
4174
4174
4174
4174
4174
4174
4174
4174
4174
4174
4174
4174
4174
4174
4174
4174
4174
4174
4174
4174
4174
4174
4174
4174
4174
4174
4174
4174
4174
4174
4174
4174
4174
4174
4174
4174
4174
4174
4174
4174
4174
4174
4174
4174
4174
4174
4174
4174
4174
4174
4174
4174
4174
4174
4174
4174
4170
4170
4170
4170
4170
4170
4170
4170
4170
4170
4170
4170
4170
4170
4170
4170
4159
4159
4158
4158
4158
4158
4162
4162
4162
4162
4162
4162
4162
4162
4162
4162
4162
4162
4162
4162
4162
4162
4162
4162
4162
4162
4162
4162
4162
4162
4162
4162
4162
4162
4162
4180
4180
4180
4180
4160
4160
4160
4160
4160
4160
4160
4160
4160
4160
4160
4160
4160
4160
4160
4160
4160
4160
4160
4160
4160
4160
4160
4160
4160
4160
4160
4160
4160
4160
4160
4160
4160
4160
4160
4160
4160
4160
4160
4160
4160
4160
4160
4160
4160
4160
4157
4157
4157
4157
4156
4156
4156
4156
4156
4156
4156
4156
4156
4156
4156
4156
4156
4156
4156
4156
4156
4156
4156
4156
4156
4156
4156
4156
4156
4156
4156
4156
4156
4156
4156
4156
4156
4156
4156
4156
4156
4156
4156
4156
4156
4156
4156
4156
4156
4156
4156
4156
4156
4156
4156
4156
4156
4156
4156
4156
4156
4156
4156
4156
4156
4156
4156
4156
4156
4156
4156
4156
4156
4156
4156
4153
4153
4153
4153
4153
4153
4153
4153
4153
4153
4153
4153
4153
4153
4153
4153
4153
4153
4153
4153
4153
4153
4153
4153
4153
4153
4153
4153
4153
4153
4153
4153
4153
4153
4153
4153
4153
4153
4153
4153
4153
4153
4153
4153
4153
4153
4153
4153
4153
4153
4153
4153
4153
4153
4153
4153
4153
4153
4153
4153
4153
4153
4153
4153
4153
4153
4153
4153
4153
4153
4153
4153
4153
4153
4153
4153
4153
4153
4153
4153
4153
4153
4153
4153
4153
4153
4153
4153
4153
4153
4153
4153
4153
4153
4154
4154
4154
4154
4154
4154
4154
4154
4154
4154
4154
4154
4154
4154
4154
4154
4154
4154
4154
4154
4154
4154
4154
4154
4152
4152
4152
4152
4152
4152
4152
4152
4152
4152
4152
4152
4152
4152
4152
4152
4152
4152
4152
4152
4152
4152
4152
4152
4152
4152
4152
4152
4152
4152
4152
4152
4152
4152
4152
4152
4152
4152
4152
4152
4152
4152
4152
4152
4152
4152
4152
4152
4152
4152
4152
4152
4152
4152
4152
4152
4152
4152
4152
4152
4152
4152
4152
4153
4153
4153
4153
4153
4153
4153
4153
4153
4153
4153
4153
4153
4153
4153
4153
4153
4138
4138
4138
4138
4138
4138
4138
4138
4138
4138
4138
4138
4138
4138
4138
4138
4138
4138
4138
4138
4138
4138
4138
4138
4138
4138
4138
4138
4138
4138
4138
4138
4138
4131
4131
4131
4131
4131
4131
4131
4131
4131
4131
4131
4131
4131
4131
4131
4131
4131
4131
4131
4131
4131
4131
4131
4131
4131
4131
4131
4131
4131
4131
4131
4131
4131
4131
4131
4131
4131
4131
4131
4131
4131
4130
4130
4130
4130
4130
4130
4130
4130
4130
4130
4130
4130
4130
4130
4130
4130
4130
4130
4130
4130
4130
4130
4130
4130
4130
4130
4130
4130
4130
4130
4130
4130
4130
4130
4130
4130
4130
4130
4130
4130
4130
4130
4130
4130
4130
4130
4130
4130
4130
4130
4130
4130
4130
4130
4130
4130
4130
4130
4130
4130
4130
4130
4130
4130
4130
4130
4130
4130
4130
4130
4126
4126
4126
4126
4126
4126
4126
4126
4126
4126
4126
4126
4126
4126
4126
4126
4126
4126
4126
4126
4126
4126
4126
4126
4126
4126
4126
4126
4126
4126
4126
4126
4121
4121
4121
4121
4121
4121
4121
4121
4121
4121
4121
4121
4121
4124
4124
4124
4128
4128
4128
4128
4128
4128
4128
4128
4128
4128
4128
4128
4128
4128
4128
4128
4128
4128
4128
4128
4128
4128
4128
4128
4128
4128
4128
4128
4128
4128
4134
4134
4134
4134
4134
4134
4134
4134
4134
4134
4134
4134
4134
4134
4134
4128
4128
4128
4128
4128
4128
4128
4128
4128
4128
4128
4128
4128
4127
4134
4134
4134
4134
4134
4134
4134
4134
4134
4134
4134
4134
4133
4133
4133
4133
4133
4133
4133
4133
4133
4133
4133
4133
4133
4133
4133
4133
4133
4133
4133
4133
4133
4133
4133
4133
4133
4133
4133
4133
4133
4133
4133
4133
4133
4133
4133
4122
4122
4122
4122
4122
4122
4122
4122
4122
4122
4122
4115
4115
4115
4115
4115
4115
4115
4115
4115
4115
4115
4115
4115
4115
4115
4115
4115
4115
4115
4115
4115
4115
4115
4115
4115
4115
4115
4097
4097
4097
4097
4097
4097
4083
4083
4083
4083
4083
4083
4083
4083
4083
4083
4083
4083
4083
4083
4083
4083
4083
4083
4083
4083
4083
4083
4083
4083
4083
4083
4083
4083
4083
4083
4083
4083
4083
4083
4083
4083
4083
4083
4083
4083
4083
4083
4083
4083
4083
4083
4083
4083
4083
4083
4083
4083
4083
4083
4083
4083
4083
4083
4083
4083
4083
4083
4083
4083
4083
4083
4083
4083
4083
4083
4083
4083
4083
4083
4083
4083
4083
4083
4083
4083
4083
4083
4083
4083
4083
4083
4083
4083
4083
4083
4083
4083
4083
4083
4083
4083
4083
4083
4083
4083
4083
4083
4083
4083
4083
4083
4083
4083
4083
4083
4083
4083
4083
4083
4083
4083
4083
4083
4083
4083
4083
4083
4083
4083
4083
4083
4083
4083
4083
4083
4080
4080
4080
4080
4080
4080
4080
4080
4080
4080
4080
4080
4080
4080
4080
4080
4080
4080
4080
4080
4080
4080
4080
4080
4080
4080
4080
4080
4080
4080
4080
4080
4080
4080
4080
4080
4080
4080
4080
4080
4080
4080
4080
4080
4080
4080
4080
4080
4080
4080
4080
4080
4080
4080
4080
4080
4080
4080
4080
4080
4080
4080
4080
4080
4080
4080
4080
4080
4080
4080
4080
4080
4080
4080
4080
4080
4080
4080
4080
4080
4080
4080
4080
4080
4080
4080
4080
4080
4080
4080
4080
4080
4080
4080
4080
4080
4080
4080
4080
4080
4080
4080
4080
4080
4080
4080
4080
4080
4080
4080
4080
4080
4080
4080
4080
4080
4080
4080
4080
4080
4080
4072
4072
4072
4072
4072
4072
4072
4072
4072
4072
4072
4072
4072
4072
4072
4072
4072
4072
4072
4072
4072
4072
4072
4072
4072
4072
4072
4072
4072
4072
4072
4072
4072
4072
4072
4072
4072
4072
4072
4072
4072
4072
4072
4072
4072
4072
4072
4072
4072
4072
4072
4072
4072
4072
4072
4072
4072
4072
4072
4072
4072
4072
4072
4072
4072
4072
4072
4072
4072
4072
4072
4072
4072
4072
4072
4072
4072
4072
4072
4072
4072
4072
4072
4072
4072
4072
4072
4072
4072
4072
4072
4072
4072
4072
4072
4072
4072
4072
4072
4072
4072
4072
4072
4072
4072
4072
4072
4072
4072
4072
4072
4072
4072
4072
4072
4072
4072
4072
4072
4072
4072
4072
4072
4072
4072
4072
4072
4072
4072
4072
4072
4072
4072
4072
4072
4072
4072
4072
4072
4072
4072
4072
4072
4072
4072
4072
4072
4072
4072
4072
4072
4072
4072
4072
4072
4072
4072
4072
4072
4072
4072
4072
4072
4072
4072
4072
4072
4072
4072
4072
4072
4072
4072
4072
4072
4072
4072
4072
4072
4072
4072
4072
4072
4072
4072
4072
4072
4072
4072
4072
4072
4072
4072
4072
4072
4072
4072
4072
4072
4072
4072
4072
4072
4072
4072
4072
4072
4072
4068
4068
4068
4068
4068
4068
4068
4068
4068
4068
4068
4068
4068
4068
4068
4068
4068
4068
4068
4068
4068
4068
4068
4068
4068
4068
4068
4068
4068
4068
4068
4068
4068
4068
4068
4068
4068
4068
4068
4068
4068
4068
4068
4068
4068
4068
4068
4068
4068
4068
4068
4068
4068
4068
4068
4068
4068
4068
4068
4068
4068
4068
4068
4068
4068
4068
4068
4068
4068
4068
4068
4068
4068
4068
4068
4068
4068
4068
4068
4068
4068
4068
4068
4068
4068
4068
4068
4068
4068
4068
4068
4068
4068
4068
4068
4068
4067
4067
4067
4067
4067
4067
4067
4067
4067
4067
4067
4067
4067
4067
4067
4067
4067
4067
4067
4067
4067
4067
4067
4067
4067
4067
4067
4067
4067
4067
4067
4067
4067
4067
4067
4067
4067
4067
4067
4067
4067
4067
4067
4067
4067
4067
4067
4067
4067
4067
4067
4067
4067
4067
4067
4067
4067
4067
4067
4067
4067
4067
4067
4067
4067
4067
4067
4067
4067
4067
4067
4067
4067
4067
4067
4067
4067
4067
4067
4067
4067
4067
4067
4067
4067
4067
4067
4067
4067
4067
4067
4067
4067
4067
4067
4067
4067
4067
4067
4067
4067
4067
4067
4067
4067
4067
4067
4067
4067
4067
4067
4067
4067
4067
4067
4067
4067
4067
4067
4067
4067
4067
4067
4065
4065
4065
4065
4065
4065
4065
4065
4065
4065
4065
4065
4065
4065
4065
4065
4065
4065
4065
4065
4065
4065
4065
4065
4059
4059
4059
4059
4059
4059
4059
4059
4059
4059
4059
4059
4059
4059
4059
4059
4059
4059
4059
4059
4059
4059
4059
4059
4059
4059
4059
4059
4059
4059
4059
4059
4059
4059
4059
4059
4059
4059
4059
4059
4059
4059
4059
4059
4059
4059
4059
4059
4059
4059
4059
4059
4059
4059
4059
4059
4059
4059
4059
4059
4059
4059
4059
4059
4059
4059
4059
4059
4059
4059
4059
4059
4059
4059
4061
4061
4061
4061
4061
4061
4061
4061
4061
4061
4061
4061
4061
4061
4061
4061
4061
4061
4061
4061
4061
4061
4061
4061
4061
4061
4061
4061
4061
4061
4061
4061
4061
4061
4061
4061
4061
4061
4061
4061
4061
4061
4061
4061
4061
4061
4061
4061
4061
4061
4061
4061
4061
4061
4061
4061
4061
4061
4061
4061
4061
4061
4061
4061
4061
4061
4061
4061
4061
4061
4061
4061
4061
4061
4061
4061
4061
4061
4061
4061
4061
4061
4061
4061
4061
4061
4061
4061
4061
4061
4058
4058
4064
4064
4064
4064
4064
4064
4064
4064
4064
4064
4064
4064
4064
4064
4064
4064
4064
4064
4064
4064
4064
4064
4064
4064
4064
4064
4064
4064
4064
4064
4064
4064
4064
4064
4064
4064
4064
4064
4064
4064
4064
4064
4064
4064
4064
4064
4064
4064
4064
4064
4064
4064
4064
4064
4064
4064
4064
4064
4066
4066
4066
4066
4066
4066
4066
4066
4066
4066
4066
4066
4066
4066
4066
4066
4066
4066
4066
4066
4066
4066
4066
4066
4066
4066
4066
4066
4066
4066
4066
4066
4066
4066
4066
4066
4066
4066
4066
4066
4066
4066
4066
4066
4066
4066
4066
4066
4066
4066
4066
4066
4066
4066
4066
4066
4066
4066
4066
4066
4066
4066
4066
4066
4066
4066
4066
4066
4066
4066
4066
4066
4066
4066
4066
4066
4066
4066
4066
4066
4066
4066
4066
4066
4066
4066
4066
4066
4066
4066
4066
4066
4066
4066
4066
4066
4066
4066
4066
4066
4066
4066
4066
4066
4066
4066
4066
4066
4066
4066
4066
4066
4066
4066
4066
4066
4066
4066
4066
4066
4066
4066
4066
4066
4066
4066
4066
4066
4066
4066
4066
4066
4066
4066
4066
4066
4066
4066
4066
4066
4066
4066
4066
4066
4066
4066
4066
4066
4066
4066
4066
4066
4066
4066
4066
4066
4066
4066
4066
4066
4066
4066
4066
4066
4066
4066
4066
4066
4066
4066
4066
4066
4066
4066
4066
4066
4066
4066
4066
4066
4066
4066
4066
4066
4066
4066
4066
4066
4066
4066
4066
4066
4066
4066
4066
4066
4066
4066
4066
4066
4066
4066
4066
4066
4066
4066
4066
4066
4066
4066
4066
4066
4066
4066
4066
4066
4066
4066
4066
4066
4066
4066
4066
4066
4066
4066
4066
4066
4066
4066
4066
4066
4066
4066
4066
4066
4066
4066
4066
4066
4066
4066
4066
4066
4066
4066
4066
4066
4046
4046
4046
4046
4046
4046
4046
4046
4046
4046
4046
4046
4046
4046
4046
4046
4046
4046
4046
4046
4046
4046
4046
4046
4046
4046
4046
4046
4046
4046
4046
4046
4046
4046
4046
4046
4046
4046
4046
4046
4046
4046
4046
4046
4046
4046
4046
4046
4046
4046
4046
4046
4046
4046
4046
4046
4046
4046
4046
4046
4046
4046
4046
4046
4046
4046
4046
4046
4046
4046
4046
4046
4046
4046
4046
4046
4046
4046
4046
4046
4046
4046
4046
4046
4046
4046
4046
4046
4046
4046
4046
4046
4046
4046
4046
4046
4046
4046
4046
4046
4046
4046
4046
4046
4046
4046
4046
4046
4046
4046
4046
4046
4046
4046
4046
4046
4046
4046
4046
4046
4046
4046
4046
4046
4046
4046
4046
4046
4046
4046
4046
4046
4046
4046
4046
4046
4046
4046
4046
4046
4046
4046
4046
4046
4046
4046
4046
4046
4046
4046
4046
4046
4046
4046
4046
4046
4046
4046
4046
4046
4046
4046
4046
4046
4046
4046
4046
4046
4046
4046
4046
4046
4046
4046
4046
4046
4046
4046
4046
4046
4046
4046
4046
4046
4046
4046
4046
4046
4046
4046
4046
4046
4046
4046
4046
4044
4044
4044
4044
4044
4044
4044
4044
4044
4044
4044
4044
4044
4044
4044
4044
4044
4044
4044
4044
4044
4044
4044
4044
4044
4044
4044
4044
4044
4044
4044
4044
4044
4044
4044
4044
4044
4044
4044
4044
4044
4044
4044
4044
4044
4044
4044
4044
4044
4044
4044
4044
4044
4044
4044
4044
4044
4044
4044
4044
4044
4044
4044
4044
4044
4044
4044
4044
4044
4044
4044
4044
4044
4044
4044
4044
4044
4044
4044
4044
4044
4044
4044
4044
4044
4044
4044
4044
4044
4044
4044
4044
4044
4044
4044
4044
4044
4044
4044
4044
4044
4044
4044
4044
4044
4044
4044
4044
4044
4044
4044
4044
4044
4044
4044
4044
4044
4044
4044
4044
4044
4044
4044
4040
4040
4040
4040
4040
4040
4040
4040
4040
4040
4040
4040
4040
4040
4040
4040
4040
4040
4040
4040
4040
4040
4040
4040
4040
4040
4040
4040
4040
4040
4040
4040
4040
4040
4040
4040
4040
4040
4040
4040
4040
4040
4040
4040
4040
4040
4040
4040
4040
4040
4040
4040
4040
4040
4040
4040
4040
4040
4040
4040
4040
4040
4040
4040
4040
4040
4040
4040
4040
4040
4040
4040
4040
4040
4040
4040
4040
4040
4040
4040
4040
4040
4040
4040
4040
4040
4040
4040
4040
4040
4040
4040
4040
4040
4040
4040
4040
4040
4040
4040
4040
4040
4040
4040
4040
4040
4040
4040
4040
4040
4040
4040
4040
4040
4040
4040
4040
4040
4040
4040
4040
4040
4039
4039
4039
4039
4039
4039
4039
4039
4039
4039
4039
4041
4041
4041
4041
4041
4041
4041
4041
4041
4041
4041
4041
4041
4041
4041
4041
