4940
4968
4947
4891
4891
4891
4891
4848
4848
4868
4885
4904
4887
4887
4887
4795
4729
4729
4717
4755
4734
4773
4773
4786
4745
4754
4798
4849
4896
4854
4863
4871
4912
4953
4838
4897
4902
4892
4860
4887
4860
4844
4900
4909
4959
4944
4925
4932
5008
4966
4966
5002
5013
4963
4856
4852
4832
4832
4868
4822
4832
4886
4836
4951
5005
4877
4758
4758
4805
4755
4765
4756
4740
4716
4681
4713
4695
4712
4746
4767
4742
4745
4839
4833
4857
4861
4960
4908
4986
4944
4937
4973
4890
4912
4762
4780
4727
4759
4791
4815
4918
4876
4876
4819
4819
4824
4819
4823
4826
4852
4944
4934
4944
4921
4862
4793
4736
4683
4719
4739
4696
4696
4703
4713
4826
4707
4720
4716
4733
4767
4742
4761
4697
4697
4599
4545
4612
4640
4640
4636
4624
4624
4642
4655
4653
4653
4654
4676
4732
4792
4800
4785
4865
4924
4905
4905
4935
4846
4814
4847
4873
4873
4872
4805
4767
4853
4838
4840
4840
4783
4717
4713
4687
4682
4787
4796
4761
4761
4668
4716
4633
4623
4623
4623
4687
4686
4683
4713
4820
4781
4791
4863
4777
4879
4840
4903
4860
4809
4801
4840
4838
4852
4837
4823
4849
4849
4859
4786
4777
4772
4736
4736
4730
4730
4771
4771
4716
4821
4835
4818
4828
4843
4843
4895
4884
4859
4834
4808
4837
4729
4767
4846
4773
4801
4801
4753
4707
4651
4675
4672
4774
4759
4804
4752
4748
4809
4813
4782
4819
4812
4755
4747
4759
4726
4658
4696
4685
4674
4694
4694
4758
4876
4880
4811
4811
4811
4719
4680
4745
4742
4807
4826
4792
4850
4910
4900
4888
4839
4813
4874
4848
4866
4865
4868
4933
4969
4880
4773
4778
4778
4773
4796
4848
4848
4848
4848
4814
4845
4838
4781
4864
4767
4767
4841
4761
4761
4775
4775
4743
4733
4738
4783
4751
4726
4796
4765
4755
4669
4669
4681
4681
4681
4651
4606
4623
4708
4737
4737
4828
4776
4779
4771
4797
4923
4905
4901
4901
4986
4965
5058
5034
5034
5025
5090
5152
5074
5074
5040
5086
5074
5022
4961
4997
5045
5080
5048
5000
5018
4949
4965
4977
5011
4895
4885
4908
4960
4965
4965
4971
5102
5156
5156
5102
5095
5095
5036
5036
5047
4985
4957
4923
4983
5044
4946
4970
4970
4966
4967
4967
4967
4898
4946
4894
4864
4825
4972
4977
4901
4893
4934
4781
4747
4768
4750
4727
4785
4788
4785
4754
4807
4811
4810
4812
4778
4760
4734
4737
4802
4802
4787
4782
4782
4782
4759
4759
4759
4812
4864
4734
4749
4749
4785
4754
4733
4799
4756
4833
4760
4746
4746
4721
4758
4845
4805
4797
4858
4851
4837
4837
4861
4861
4813
4828
4883
4885
4963
5019
5019
4944
4994
5044
5077
5036
5010
5064
4845
4722
4722
4722
4725
4748
4777
4777
4777
4851
4885
4891
4884
4899
4908
4828
4724
4771
4779
4717
4686
4686
4754
4820
4810
4809
4748
4702
4725
4750
4760
4785
4767
4766
4769
4831
4834
4804
4757
4777
4781
4813
4884
4884
4899
4899
4899
4853
4779
4873
4900
4836
4788
4819
4889
4855
4864
4881
4878
4868
4935
5006
5061
5054
4987
5048
5084
5072
5101
5070
5109
5076
5174
5046
5079
5125
5196
5149
5149
5184
5140
5091
4991
4992
4983
5073
5146
5131
5154
5152
5068
5054
5075
5064
5016
4979
4947
4981
4961
4961
4964
4872
4901
4899
4901
4881
4900
4867
4867
4827
4844
4838
4744
4699
4741
4772
4802
4852
4878
4923
4840
4823
4828
4746
4733
4781
4781
4800
4877
4888
4905
4896
4916
4920
4877
4809
4809
4797
4797
4771
4771
4760
4802
4848
4837
4823
4870
4861
4885
4925
4925
4891
4946
4912
4912
4912
5001
5008
5047
4998
4957
5015
5043
4965
4912
4909
4893
4859
4884
4913
4927
4963
4925
4927
4930
4967
4956
5040
5050
5032
5030
5013
5030
5052
5117
5115
5036
4971
4968
5036
5057
4992
5031
5034
5061
5003
5002
4967
4967
5036
4974
4974
5025
5048
4911
4847
4850
4769
4724
4791
4781
4809
4768
4822
4847
4800
4757
4872
4808
4826
4766
4851
4788
4746
4672
4814
4916
4916
4949
4899
4839
4839
4815
4825
4893
4874
4879
4883
4953
4957
4954
4881
4894
4889
4958
4964
5019
5019
4944
4912
4922
4922
4881
4869
4877
4931
5028
4979
4990
5013
5032
5078
5126
5104
5028
5028
5037
4963
4966
4964
5022
4999
4999
5036
5023
5023
4992
5060
5168
5140
5147
5112
5112
5066
5073
5073
5003
4972
4981
4953
4938
4961
4955
4926
4926
4928
4990
4980
4963
4991
4932
4932
4932
4932
4934
4984
4984
4984
4936
4963
4963
4996
5023
5023
5023
5045
4982
4873
4868
4786
4876
4830
4870
4864
4838
4838
4846
4771
4785
4778
4790
4778
4763
4860
4890
4902
4859
4848
4847
4847
4855
4855
4852
4847
4869
4925
4847
4929
4857
4874
4913
4957
4982
4904
4927
5059
4991
4936
4982
4927
4968
4966
4981
4931
4931
5029
5048
5101
4977
5003
4933
4947
4990
4972
4972
5009
4954
4971
4957
4928
4963
4974
4983
5094
4958
4958
4967
4985
4974
4966
4966
4979
4950
4927
4890
4910
4874
4918
4884
4884
4896
4858
4858
4832
4866
4924
4999
5013
4957
4962
5023
5023
5050
5048
4971
4995
4948
4972
5059
5059
5059
5022
5104
5091
5042
5129
5089
5046
5041
5010
5010
5022
5065
5095
5078
5063
5080
5143
5130
5115
5150
5198
5198
5160
5107
5107
5129
5214
5211
5075
5097
5150
5205
5193
5129
5148
5148
5047
4997
4992
5090
5098
5149
5113
5054
4954
4978
5015
4999
4942
5038
4990
5011
4945
4936
5021
4950
4916
4902
4909
4974
5019
4996
5005
5045
5138
5143
5048
5071
5074
5089
5047
5112
5112
5098
5157
5142
5140
5103
5079
5096
5066
5066
4953
4928
4925
4922
4966
4972
5049
5012
4959
4933
4871
4937
4919
4919
4941
4845
4849
4896
4914
4912
4924
4899
4915
4927
4963
5002
4948
4923
4962
4940
4925
5011
4982
4876
4826
4803
4794
4724
4741
4716
4749
4838
4838
4779
4788
4791
4773
4762
4654
4595
4626
4663
4671
4657
4729
4765
4746
4842
4836
4911
4897
4844
4753
4709
4709
4750
4702
4707
4759
4740
4693
4666
4781
4786
4826
4727
4727
4669
4636
4690
4701
4751
4701
4729
4775
4812
4820
4916
4947
4947
4882
4862
4836
4797
4781
4779
4788
4781
4724
4745
4717
4666
4610
4610
4593
4712
4831
4818
4800
4796
4856
4861
4869
4840
4884
4903
4939
4951
4958
4954
4982
4981
4958
4972
4971
4998
4940
4952
4989
5081
4994
4989
4954
4954
4861
4807
4807
4784
4841
4881
4868
4929
4836
4861
4861
4904
4904
4922
4920
4922
4877
4868
4932
4892
4931
4870
4939
4910
4870
4921
4921
4907
4930
4901
4885
4810
4757
4777
4737
4794
4749
4785
4785
4786
4786
4856
4811
4760
4733
4706
4659
4673
4767
4800
4809
4882
4842
4804
4745
4722
4705
4705
4705
4705
4780
4802
4726
4769
4751
4680
4740
4796
4733
4729
4770
4770
4792
4752
4739
4662
4684
4675
4670
4685
4665
4725
4733
4827
4845
4848
4848
4822
4803
4923
4963
4919
4919
4883
4843
4827
4799
4799
4819
4819
4819
4819
4799
4783
4783
4750
4763
4737
4820
4828
4819
4833
4907
4845
4838
4967
4951
4909
4879
4892
4841
4865
4856
4832
4827
4854
4843
4808
4787
4752
4814
4814
4873
4873
4852
4845
4899
4921
4909
4895
4826
4842
4818
4748
4781
4749
4738
4778
4743
4761
4788
4805
4796
4794
4782
4838
4836
4779
4779
4813
4813
4739
4772
4961
4983
4975
5040
5040
5151
5222
5132
5206
5290
5248
5246
5255
5255
5099
5039
5034
5001
4885
4883
4918
4899
4918
4973
4997
4977
4986
5029
5061
5024
5054
5034
5036
5081
5076
5070
4993
4970
4982
4949
4949
4958
4944
4918
4931
4920
4986
5006
4993
4996
5016
4955
4924
4876
4822
4826
4842
4884
4766
4775
4840
4850
4842
4841
4814
4827
4839
4794
4732
4808
4764
4761
4761
4668
4668
4684
4646
4677
4677
4689
4763
4749
4666
4619
4672
4646
4599
4687
4729
4801
4723
4748
4751
4715
4797
4750
4715
4734
4747
4688
4720
4743
4702
4707
4723
4725
4681
4738
4725
4751
4786
4784
4784
4828
4801
4802
4912
4951
4951
4937
4955
4990
4989
4951
5011
4989
4912
4898
4898
4959
4987
5048
5050
5008
5008
5008
4950
4935
4912
4946
4963
4922
4868
4940
4922
4874
4900
4934
4879
4879
4942
4875
4868
4937
4996
4909
4954
5020
5004
5006
4957
4968
4960
4960
5056
4944
4993
4952
4967
5011
4992
5037
4980
5003
4950
4869
4869
4869
4866
4872
4896
4940
4850
4857
4907
4832
4852
4906
4917
4902
4855
4841
4841
4848
4864
4864
4869
4897
4897
4897
4888
4921
4874
4924
4924
4895
4912
4998
5010
4977
4960
4978
4983
5014
5066
5026
5003
5114
5114
5054
5021
5056
5139
5124
5103
5131
5232
5188
5187
5166
5168
5140
5136
5095
4984
5001
5001
4994
5000
5024
5029
5072
5021
5052
5014
5003
4958
5019
4957
4937
4916
4914
4949
4918
4993
4951
4893
4900
4900
4893
4858
4930
4918
4918
4918
4892
4912
4889
4854
4817
4817
4817
4860
4881
4853
4851
4851
4837
4849
4915
4957
4965
4965
4965
5019
5019
5019
4996
4997
4990
4946
4949
4859
4903
4911
4902
4917
4909
4872
4910
4965
5006
4987
4931
4893
4956
4909
4950
4960
4966
4930
4966
4933
4901
4889
4950
4943
4978
4978
4963
4877
4886
4901
4823
4799
4787
4790
4839
4863
4925
4977
5000
4901
4901
4901
4975
4937
4997
4963
4964
4926
4998
5001
4976
5007
4976
5002
5025
5004
5070
5063
5048
5007
4938
4959
4970
4955
4970
4991
5031
5070
4982
4982
4956
4956
4974
4957
4898
4973
5014
4988
4935
4933
4955
4878
4887
4967
4973
4937
4914
4921
4931
4995
4979
5000
4915
4900
4891
4891
4871
4863
4824
4775
4819
4775
4742
4749
4778
4731
4814
4886
4876
4814
4851
4851
4826
4882
4843
4834
4834
4862
4862
4823
4806
4873
4812
4823
4775
4764
4773
4778
4795
4818
4768
4778
4807
4769
4766
4788
4842
4943
4934
4976
4976
5060
5082
5108
5017
4998
4967
4968
4981
5016
4974
4876
4919
4918
4982
4984
4984
4925
4937
4859
4809
4857
4827
4789
4700
4739
4734
4791
4791
4905
4943
4973
5004
4941
4880
4880
4899
5017
4937
4895
4960
5029
5021
5004
5004
4982
4948
4888
4846
4924
4913
4937
4916
4929
4859
4840
4854
4856
4856
4944
4944
4934
4982
4957
4893
4823
4795
4801
4827
4745
4863
4729
4729
4747
4747
4772
4751
4745
4807
4810
4838
4816
4815
4775
4735
4695
4689
4750
4807
4806
4744
4745
4828
4800
4763
4717
4769
4731
4800
4858
4876
4819
4773
4753
4753
4835
4902
4852
4851
4748
4802
4733
4725
4673
4653
4715
4705
4705
4742
4745
4833
4839
4828
4849
4749
4698
4686
4673
4686
4793
4806
4818
4765
4738
4725
4759
4743
4738
4793
4870
4792
4808
4863
4880
4898
4885
4854
4898
4834
4831
4856
4922
4926
4902
4920
4864
4942
4988
4863
4834
4853
4908
4920
4913
4880
4866
4890
4827
4915
4894
4913
4858
4895
4895
4852
4852
4866
4915
4868
4839
4809
4864
4874
4829
4860
4883
4931
4892
4896
4871
4886
4880
4895
4895
4846
4848
4787
4807
4791
4778
4778
4738
4783
4783
4789
4812
4954
4921
4933
4933
4953
4888
4934
4890
4927
4927
4927
4927
4895
4800
4826
4826
4713
4773
4773
4824
4817
4817
4806
4806
4806
4822
4832
4868
4860
4872
4911
4911
4920
4920
4876
4867
4896
4722
4799
4812
4831
4865
4865
4905
4937
4876
4871
4864
4815
4767
4772
4767
4763
4811
4807
4807
4719
4745
4730
4730
4827
4773
4825
4869
4869
4876
4893
4930
4892
4832
4858
4797
4851
4823
4823
4823
4840
4854
4833
4867
4881
4881
4966
4901
4873
4920
4947
4934
4949
4924
4886
4854
4862
4862
4862
4862
4820
4829
4829
4843
4899
4861
4927
4962
4867
4800
4819
4841
4826
4839
4839
4793
4796
4858
4919
4861
4820
4804
4779
4763
4787
4688
4663
4736
4668
4668
4738
4707
4636
4665
4665
4668
4662
4712
4712
4717
4759
4742
4710
4711
4722
4733
4735
4808
4836
4835
4813
4824
4779
4834
4935
4883
4984
4922
4942
4893
4852
4843
4919
4888
4918
4968
4955
4895
4893
4891
4929
4885
4875
4848
4848
4718
4720
4763
4715
4736
4739
4637
4637
4637
4673
4673
4673
4756
4704
4702
4689
4656
4662
4662
4750
4754
4799
4853
4826
4831
4785
4785
4729
4729
4771
4786
4813
4790
4767
4767
4788
4701
4795
4798
4894
4851
4868
4832
4835
4805
4827
4890
4909
4931
4920
4956
5017
5016
4934
4909
4831
4844
4864
4889
4889
4788
4793
4793
4850
4861
4805
4771
4772
4778
4854
4825
4810
4799
4770
4817
4859
4841
4844
4811
4866
4903
4966
4931
4931
4880
4880
4880
4885
4873
4764
4768
4700
4688
4769
4787
4803
4803
4816
4897
4843
4843
4862
4945
4889
4889
4856
4856
4856
4827
4816
4816
4781
4839
4857
4840
4810
4800
4770
4706
4678
4709
4709
4742
4737
4731
4683
4705
4871
4804
4779
4798
4772
4734
4733
4733
4746
4746
4724
4783
4804
4823
4810
4809
4802
4792
4776
4729
4703
4709
4749
4797
4874
4884
4884
4890
4890
4861
4815
4853
4827
4838
4847
4837
4837
4785
4793
4789
4860
4863
4877
4910
4936
4864
4935
4907
4918
4941
5004
4930
4939
4959
4940
4929
4894
4881
4881
4957
4957
5009
4907
4879
4879
4831
4850
4769
4769
4747
4727
4748
4758
4822
4822
4856
4801
4817
4832
4832
4873
4906
4923
4928
4877
4830
4844
4819
4852
4855
4897
4847
4893
4818
4885
4887
4887
4817
4833
4833
4833
4870
4908
4890
4857
4856
4872
4758
4758
4705
4710
4728
4670
4670
4672
4681
4712
4765
4765
4790
4783
4788
4802
4849
4827
4844
4920
4907
4815
4850
4809
4809
4822
4812
4816
4842
4802
4858
4883
4883
4825
4825
4850
4892
4873
4873
4864
4864
4864
4871
4923
4751
4751
4828
4796
4771
4701
4712
4736
4736
4726
4699
4744
4786
4786
4745
4815
4815
4794
4794
4794
4793
4856
4820
4857
4811
4828
4782
4773
4773
4757
4763
4691
4742
4746
4761
4721
4721
4721
4744
4755
4728
4732
4762
4830
4903
4892
4937
4872
4912
4952
4933
4859
4848
4849
4868
4946
4907
4907
4862
4853
4845
4845
4756
4767
4742
4718
4709
4678
4678
4678
4760
4762
4822
4814
4782
4810
4891
4903
4911
4931
4854
4841
4852
4815
4755
4842
4840
4794
4749
4706
4681
4679
4644
4590
4590
4592
4662
4578
4595
4595
4621
4654
4654
4688
4642
4791
4727
4727
4727
4710
4721
4735
4784
4762
4798
4847
4847
4925
4953
5011
4977
4961
4961
4907
4905
4850
4953
5029
4983
5041
5051
5117
5096
5047
5032
5008
4946
5041
5054
4945
4912
4912
4912
4916
4959
4933
4916
4916
4892
4901
4896
4912
4958
4937
4977
4966
4904
4937
4885
4803
4817
4860
4886
4858
4830
4802
4830
4822
4800
4769
4784
4783
4814
4758
4853
4870
4845
4845
4912
4765
4751
4721
4710
4826
4795
4806
4657
4688
4698
4718
4753
4779
4748
4743
4706
4666
4745
4715
4671
4711
4711
4720
4722
4714
4714
4803
4803
4803
4787
4776
4777
4777
4809
4778
4811
4790
4805
4778
4769
4807
4840
4860
4878
4789
4789
4782
4799
4881
4817
4764
4836
4904
4904
4855
4856
4840
4863
4870
4878
4925
4968
4899
4899
4910
4932
4944
5008
4981
5017
5031
4950
4944
4928
4854
4851
4851
4862
4937
5039
4975
4983
4977
4989
5013
5055
5051
5007
5055
5055
5064
4954
5057
5057
5037
5055
5040
5123
5120
5061
5130
5144
5104
5106
5134
5086
5192
5133
4992
4916
5010
5028
5012
4956
5023
4976
5026
5076
5076
5058
5039
4980
4980
4980
4944
4946
4956
4956
4985
5028
5028
5035
4981
5040
5065
5015
4966
4959
4904
4918
4921
4939
4922
4971
4915
4946
4963
4955
4864
4852
4836
4836
4853
4811
4833
4833
4846
4841
4902
4841
4891
4883
4910
4947
5012
5017
4993
4983
5000
5076
5063
5063
5054
5066
5053
5030
5082
5027
4942
4963
4971
4971
4954
5049
5048
5067
5041
5038
5058
5018
4932
4863
4888
4846
4846
4856
4848
4790
4831
4831
4843
4821
4809
4844
4842
4836
4853
4864
4901
4775
4746
4721
4698
4797
4797
4797
4797
4856
4891
4920
4879
4846
4840
4805
4794
4840
4880
4880
4868
4868
4855
4826
4866
4866
4855
4799
4792
4767
4786
4764
4740
4725
4730
4730
4724
4770
4771
4771
4790
4825
4892
4915
4898
4948
4972
4948
4904
4894
4927
4929
4901
4867
4867
4795
4757
4721
4721
4760
4794
4867
4890
4804
4804
4804
4788
4788
4797
4804
4795
4795
4770
4807
4807
4826
4826
4777
4769
4771
4791
4730
4670
4695
4753
4662
4675
4680
4680
4680
4656
4672
4661
4762
4770
4655
4710
4701
4701
4675
4675
4675
4705
4729
4696
4696
4696
4717
4744
4766
4824
4745
4854
4854
4942
4891
4971
4934
4816
4795
4785
4735
4762
4793
4731
4817
4876
4835
4832
4741
4805
4805
4763
4769
4927
4958
4985
5068
4994
4975
4908
4930
4929
4996
4894
4916
4873
4826
4795
4830
4748
4718
4718
4775
4764
4708
4708
4719
4719
4720
4718
4808
4807
4835
4835
4780
4810
4767
4799
4827
4832
4848
4882
4855
4899
4936
4936
4872
4880
4838
4867
4925
4887
4962
4908
4901
4935
4916
4916
4916
4916
4958
4884
4884
4875
4848
4845
4822
4822
4779
4814
4846
4843
4835
4835
4817
4817
4786
4830
4800
4789
4800
4830
4730
4724
4803
4839
4804
4804
4853
4834
4847
4847
4821
4868
4852
4852
4807
4760
4801
4888
4809
4810
4810
4810
4791
4829
4821
4797
4772
4854
4899
4742
4737
4802
4802
4802
4809
4821
4806
4820
4820
4865
4865
4850
4857
4857
4751
4728
4728
4714
4632
4670
4670
4637
4637
4687
4650
4661
4632
4693
4704
4690
4719
4680
4622
4631
4677
4726
4725
4751
4707
4683
4698
4702
4702
4717
4760
4735
4735
4735
4735
4714
4730
4677
4709
4708
4757
4757
4760
4721
4790
4790
4799
4775
4738
4713
4795
4832
4774
4774
4800
4787
4827
4827
4779
4788
4761
4723
4749
4728
4740
4740
4744
4792
4870
4870
4851
4851
4851
4892
4892
4892
4870
4852
4857
4758
4750
4750
4750
4700
4733
4707
4711
4711
4771
4764
4822
4847
4924
4886
4839
4830
4807
4807
4783
4833
4858
4866
4751
4735
4754
4786
4784
4784
4828
4852
4907
4914
4947
4917
4809
4795
4787
4856
4813
4814
4909
4917
4917
4994
4953
4959
4969
4971
5001
4967
4976
4964
4887
4849
4849
4849
4849
4853
4833
4802
4926
4904
4904
4877
4912
4948
4938
4938
4956
4951
4900
4940
4918
4918
4946
4908
4983
4971
4885
4876
4843
4843
4843
4798
4833
4798
4785
4827
4857
4847
4862
4817
4832
4843
4843
4912
4952
4959
4938
4957
4899
4899
4944
4994
5033
5048
4976
4988
4981
4923
4885
4955
4898
4907
4907
4907
4865
4874
4885
4905
4907
4907
4889
4857
4837
4813
4855
4798
4820
4788
4788
4837
4849
4821
4865
4809
4767
4826
4744
4711
4692
4703
4759
4779
4779
4694
4673
4685
4783
4811
4830
4833
4837
4837
4806
4827
4773
4737
4736
4698
4630
4636
4636
4708
4708
4706
4726
4739
4780
4824
4842
4842
4842
4797
4797
4732
4735
4735
4735
4744
4732
4815
4815
4783
4800
4799
4774
4774
4809
4841
4892
4905
4952
4987
5060
5060
5012
4963
4882
4827
4865
4865
4891
4891
4881
4783
4783
4783
4859
4741
4776
4829
4743
4829
4786
4733
4733
4774
4774
4703
4729
4768
4768
4746
4736
4795
4856
4716
4716
4716
4681
4678
4678
4701
4688
4647
4621
4621
4678
4678
4610
4676
4656
4685
4712
4696
4696
4696
4695
4769
4769
4831
4821
4849
4843
4858
4875
4925
4855
4822
4807
4847
4847
4858
4893
4873
4887
4936
4873
4873
4929
4853
4810
4775
4775
4775
4841
4851
4824
4866
4838
4867
4856
4781
4781
4781
4752
4752
4752
4773
4917
4814
4814
4851
4867
4819
4819
4805
4856
4829
4757
4802
4803
4803
4816
4832
4832
4821
4819
4849
4849
4871
4848
4848
4862
4855
4862
4854
4850
4860
4930
4973
4986
4978
4976
4976
4970
4928
4928
4878
4801
4863
4863
4838
4788
4817
4817
4843
4825
4892
4849
4849
4849
4875
4877
4831
4900
4890
4937
4916
4915
4980
4971
4907
4907
4907
4907
4857
4857
4845
4812
4858
4825
4825
4825
4825
4825
4917
4917
4930
4875
4938
4902
4873
4849
4846
4846
4819
4778
4821
4792
4779
4816
4816
4768
4741
4778
4789
4826
4756
4756
4807
4723
4722
4777
4788
4788
4815
4815
4780
4786
4743
4832
4810
4833
4866
4893
4840
4850
4771
4651
4635
4635
4591
4591
4591
4587
4589
4589
4659
4620
4677
4684
4729
4754
4767
4767
4810
4810
4889
4902
5002
5002
4912
4917
4884
4735
4735
4735
4682
4691
4695
4658
4684
4691
4691
4711
4751
4787
4773
4852
4847
4792
4755
4798
4818
4818
4801
4772
4790
4757
4757
4757
4757
4761
4789
4797
4769
4773
4777
4765
4765
4780
4784
4746
4795
4725
4651
4700
4737
4690
4686
4588
4619
4619
4632
4692
4665
4664
4630
4684
4658
4677
4705
4781
4817
4827
4810
4818
4920
4920
5020
5034
5034
4947
4952
4939
4907
4907
5038
4988
4984
4940
4940
4943
4943
4960
4875
4875
4875
4875
4936
4889
4889
4889
4854
4854
4847
4803
4795
4787
4831
4805
4851
4876
4842
4853
4792
4772
4774
4742
4742
4739
4739
4712
4662
4662
4707
4742
4742
4694
4661
4661
4641
4641
4627
4636
4636
4636
4636
4636
4639
4632
4632
4630
4773
4776
4776
4753
4753
4753
4750
4786
4802
4814
4814
4713
4714
4790
4742
4670
4741
4741
4690
4690
4673
4602
4602
4602
4589
4589
4589
4589
4588
4588
4588
4596
4596
4596
4596
4629
4614
4648
4648
4654
4734
4734
4734
4711
4710
4710
4683
4683
4683
4683
4675
4675
4675
4717
4717
4663
4663
4691
4667
4667
4691
4720
4728
4728
4804
4845
4891
4938
4910
4903
4830
4868
4906
4896
4896
4955
4955
4927
4876
4894
4800
4848
4868
4923
4914
4902
4903
4903
4907
4907
4951
4938
4938
4950
4950
4939
4951
4926
4912
4905
4905
4930
4891
4858
4842
4812
4846
4836
4854
4832
4832
4785
4744
4758
4737
4776
4778
4797
4813
4909
4926
4907
4907
4907
4907
4868
4856
4838
4838
4868
4846
4884
4911
4945
4964
4943
4937
4940
4875
4875
4879
4810
4810
4783
4769
4728
4739
4754
4714
4708
4710
4710
4777
4776
4776
4784
4784
4773
4795
4789
4802
4804
4818
4826
4796
4845
4872
4869
4869
4869
4842
4848
4862
4836
4836
4742
4768
4732
4857
4818
4818
4779
4779
4787
4762
4766
4784
4768
4811
4842
4837
4899
4889
4888
4877
4877
4890
4910
4849
4849
4802
4802
4812
4809
4796
4796
4808
4808
4792
4785
4776
4842
4855
4858
4858
4900
4918
4884
4884
4884
4867
4858
4858
4858
4865
4828
4855
4855
4785
4785
4781
4834
4845
4859
4827
4827
4831
4859
4853
4853
4918
4878
4855
4855
4855
4849
4849
4810
4849
4896
4903
4848
4856
4782
4782
4802
4805
4887
4842
4858
4858
4874
4878
4840
4883
4895
4906
4901
4901
4900
4900
4827
4808
4782
4782
4782
4812
4800
4800
4803
4751
4747
4733
4733
4786
4747
4655
4624
4670
4670
4688
4669
4732
4725
4725
4715
4732
4703
4707
4685
4647
4657
4641
4609
4609
4609
4687
4687
4687
4687
4701
4701
4678
4746
4746
4717
4757
4855
4837
4739
4739
4773
4807
4757
4757
4795
4809
4809
4760
4760
4777
4779
4779
4802
4807
4731
4756
4709
4732
4821
4779
4752
4741
4741
4726
4719
4681
4681
4657
4657
4657
4695
4748
4748
4643
4643
4624
4591
4591
4627
4649
4649
4649
4592
4564
4614
4614
4536
4536
4516
4573
4661
4790
4790
4773
4753
4813
4836
4831
4821
4753
4780
4736
4736
4708
4669
4640
4605
4586
4600
4663
4663
4697
4713
4727
4727
4727
4700
4685
4685
4665
4745
4706
4677
4665
4701
4677
4677
4677
4677
4775
4787
4802
4749
4694
4734
4743
4733
4812
4824
4795
4815
4825
4884
4839
4842
4842
4860
4860
4860
4848
4863
4863
4829
4831
4831
4831
4742
4742
4731
4731
4766
4805
4788
4819
4787
4772
4772
4791
4749
4707
4689
4705
4689
4729
4714
4682
4811
4789
4785
4728
4725
4725
4748
4765
4765
4760
4762
4723
4722
4704
4801
4828
4870
4892
4922
4922
4902
4902
4878
4859
4859
4887
4892
4896
4896
4930
4788
4788
4788
4830
4767
4700
4700
4700
4741
4771
4756
4755
4802
4781
4781
4805
4812
4812
4777
4780
4780
4774
4774
4679
4703
4703
4703
4673
4673
4625
4635
4631
4646
4646
4652
4630
4630
4630
4641
4641
4655
4655
4689
4681
4681
4706
4678
4675
4675
4673
4673
4661
4693
4731
4720
4754
4800
4858
4823
4824
4835
4835
4856
4840
4732
4740
4734
4734
4774
4751
4751
4751
4751
4758
4766
4766
4766
4793
4759
4759
4718
4718
4718
4718
4785
4728
4716
4850
4842
4759
4765
4768
4768
4768
4806
4730
4695
4753
4750
4750
4800
4776
4750
4692
4692
4764
4781
4781
4786
4808
4834
4826
4818
4810
4747
4836
4803
4803
4806
4842
4827
4813
4862
4871
4848
4848
4851
4791
4742
4742
4737
4737
4769
4744
4729
4747
4752
4753
4748
4704
4626
4631
4631
4648
4648
4648
4648
4679
4703
4693
4671
4671
4664
4642
4642
4616
4646
4607
4607
4607
4590
4590
4692
4783
4816
4816
4834
4841
4808
4770
4786
4783
4783
4761
4761
4831
4766
4814
4814
4814
4790
4819
4809
4809
4809
4809
4824
4788
4817
4820
4816
4830
4851
4874
4916
5000
5004
4979
4945
4945
4847
4861
4865
4865
4868
4883
4860
4856
4860
4849
4880
4936
4962
4989
4989
4957
4930
4894
4894
4900
4900
4892
4879
4879
4891
4891
4891
4927
4927
4858
4842
4841
4841
4841
4789
4779
4779
4814
4814
4820
4801
4765
4762
4815
4766
4699
4694
4703
4703
4703
4685
4731
4806
4762
4762
4762
4812
4725
4725
4763
4763
4729
4777
4753
4753
4766
4766
4757
4716
4716
4716
4716
4726
4719
4721
4682
4682
4682
4682
4664
4654
4654
4688
4697
4724
4709
4721
4701
4782
4849
4839
4849
4827
4765
4720
4720
4789
4789
4789
4789
4747
4747
4708
4715
4738
4738
4744
4744
4744
4674
4674
4624
4624
4624
4624
4624
4624
4624
4700
4700
4691
4652
4652
4645
4657
4736
4736
4736
4810
4829
4821
4821
4801
4833
4873
4873
4905
4812
4889
4939
5019
5019
4954
4954
4954
4961
4950
4950
4950
4892
4858
4864
4849
4830
4821
4821
4785
4785
4890
4911
4836
4852
4892
4860
4860
4854
4901
4901
4872
4872
4841
4841
4852
4909
4870
4870
4848
4734
4734
4728
4728
4754
4849
4849
4849
4805
4805
4805
4805
4837
4837
4849
4842
4842
4837
4819
4804
4803
4826
4792
4792
4801
4801
4795
4811
4811
4791
4791
4762
4762
4835
4825
4825
4739
4749
4756
4741
4741
4741
4741
4754
4749
4716
4716
4694
4683
4683
4760
4713
4713
4660
4706
4713
4748
4760
4728
4728
4728
4720
4692
4809
4843
4843
4767
4763
4763
4757
4757
4745
4720
4720
4669
4665
4665
4640
4682
4682
4643
4726
4726
4763
4690
4707
4667
4667
4667
4667
4639
4639
4628
4627
4627
4627
4675
4689
4687
4687
4754
4784
4784
4784
4754
4753
4755
4755
4685
4668
4617
4617
4611
4634
4644
4644
4676
4710
4710
4710
4710
4710
4657
4650
4650
4668
4668
4757
4663
4663
4663
4663
4663
4696
4698
4748
4729
4729
4676
4676
4626
4626
4627
4627
4622
4622
4622
4622
4622
4622
4622
4622
4649
4649
4629
4598
4598
4598
4598
4580
4544
4544
4544
4617
4667
4656
4656
4648
4695
4695
4684
4684
4714
4690
4590
4590
4590
4590
4590
4620
4594
4594
4594
4594
4527
4527
4527
4530
4530
4534
4548
4548
4572
4614
4614
4614
4610
4582
4598
4598
4609
4609
4597
4592
4592
4582
4554
4554
4549
4541
4555
4503
4503
4503
4477
4477
4430
4430
4430
4450
4449
4451
4451
4449
4449
4449
4442
4419
4419
4468
4468
4480
4480
4480
4493
4482
4474
4532
4532
4508
4519
4496
4532
4533
4533
4520
4485
4557
4557
4580
4562
4562
4562
4567
4569
4577
4561
4561
4561
4541
4527
4439
4452
4452
4454
4558
4510
4510
4516
4470
4448
4493
4473
4546
4514
4514
4514
4514
4496
4530
4530
4530
4546
4537
4542
4550
4606
4606
4594
4594
4594
4579
4630
4573
4573
4582
4582
4582
4549
4549
4598
4607
4556
4573
4573
4625
4625
4573
4635
4635
4635
4640
4627
4550
4550
4550
4580
4580
4580
4638
4638
4694
4694
4696
4696
4692
4692
4687
4687
4687
4683
4693
4693
4629
4656
4616
4653
4653
4653
4676
4642
4667
4595
4595
4595
4618
4573
4573
4573
4579
4587
4609
4592
4609
4609
4609
4609
4559
4559
4566
4592
4585
4606
4613
4613
4649
4717
4717
4807
4772
4823
4781
4781
4703
4703
4716
4716
4702
4748
4716
4716
4716
4669
4637
4637
4637
4637
4637
4649
4649
4649
4649
4649
4649
4665
4575
4576
4576
4582
4565
4565
4565
4565
4565
4565
4565
4565
4581
4581
4581
4581
4545
4542
4564
4564
4585
4585
4585
4542
4542
4542
4571
4571
4571
4571
4571
4620
4624
4624
4624
4592
4592
4592
4592
4592
4592
4592
4570
4583
4589
4589
4589
4589
4608
4608
4614
4614
4614
4614
4614
4614
4614
4614
4626
4626
4614
4617
4617
4640
4640
4652
4652
4652
4652
4631
4631
4631
4631
4640
4636
4640
4654
4654
4656
4645
4625
4625
4594
4618
4582
4603
4603
4603
4603
4603
4644
4647
4599
4599
4611
4613
4613
4612
4612
4630
4609
4562
4579
4558
4558
4558
4618
4618
4588
4681
4666
4666
4675
4661
4661
4661
4661
4733
4722
4784
4784
4751
4706
4740
4710
4710
4710
4710
4713
4718
4718
4718
4705
4692
4693
4768
4792
4792
4728
4728
4707
4674
4674
4712
4726
4726
4726
4718
4718
4734
4734
4796
4796
4784
4784
4784
4784
4784
4772
4750
4754
4754
4754
4716
4716
4716
4726
4723
4723
4724
4784
4799
4863
4851
4793
4793
4836
4836
4835
4848
4848
4848
4767
4776
4777
4777
4680
4727
4739
4697
4697
4701
4701
4701
4713
4742
4742
4742
4699
4721
4721
4699
4663
4667
4622
4622
4622
4622
4622
4619
4619
4619
4622
4622
4616
4595
4595
4595
4595
4611
4611
4559
4558
4559
4559
4587
4595
4619
4611
4651
4651
4656
4634
4640
4652
4647
4639
4618
4618
4664
4664
4694
4673
4673
4697
4697
4670
4670
4670
4670
4706
4713
4714
4762
4762
4789
4760
4760
4761
4689
4693
4693
4693
4712
4712
4709
4709
4709
4709
4693
4690
4690
4690
4672
4655
4655
4676
4676
4636
4636
4629
4629
4639
4639
4639
4639
4639
4639
4647
4647
4652
4626
4626
4612
4612
4618
4624
4620
4620
4675
4601
4601
4601
4575
4541
4541
4544
4544
4544
4516
4503
4604
4604
4673
4664
4666
4698
4672
4662
4665
4665
4691
4692
4564
4568
4568
4568
4580
4563
4536
4536
4536
4536
4536
4536
4551
4551
4551
4602
4602
4602
4568
4524
4524
4524
4519
4542
4542
4542
4521
4521
4488
4484
4509
4509
4488
4488
4472
4472
4481
4536
4519
4578
4578
4578
4581
4581
4581
4581
4582
4603
4603
4612
4566
4557
4569
4569
4569
4569
4569
4569
4569
4569
4574
4576
4544
4549
4549
4571
4562
4566
4566
4566
4556
4583
4583
4583
4583
4574
4574
4574
4574
4627
4594
4567
4567
4592
4592
4592
4592
4592
4564
4581
4581
4581
4581
4581
4581
4581
4593
4567
4567
4533
4525
4540
4477
4457
4452
4452
4452
4452
4452
4452
4452
4452
4452
4452
4438
4438
4438
4455
4455
4455
4455
4451
4451
4451
4451
4451
4451
4451
4468
4468
4468
4468
4468
4489
4413
4413
4360
4360
4360
4360
4377
4405
4405
4398
4398
4398
4398
4385
4385
4414
4414
4430
4430
4430
4355
4361
4361
4361
4360
4360
4378
4378
4407
4407
4407
4362
4374
4374
4374
4374
4374
4374
4372
4371
4351
4351
4445
4445
4403
4429
4425
4418
4418
4393
4393
4394
4395
4395
4395
4395
4395
4395
4440
4440
4501
4562
4562
4621
4574
4574
4574
4527
4479
4478
4468
4469
4469
4469
4469
4474
4474
4474
4474
4542
4542
4560
4560
4560
4583
4574
4574
4573
4567
4567
4520
4520
4515
4515
4515
4515
4467
4467
4465
4465
4465
4465
4465
4465
4465
4459
4459
4459
4452
4452
4455
4435
4435
4446
4446
4463
4479
4479
4483
4483
4458
4458
4458
4536
4531
4501
4544
4547
4547
4533
4533
4533
4573
4618
4618
4618
4648
4600
4551
4551
4551
4551
4551
4526
4492
4466
4488
4488
4488
4488
4488
4488
4534
4498
4498
4498
4498
4439
4439
4439
4439
4439
4407
4398
4388
4388
4388
4392
4392
4392
4392
4405
4405
4405
4409
4406
4401
4427
4427
4427
4427
4427
4427
4427
4427
4441
4441
4441
4407
4407
4407
4407
4395
4414
4414
4414
4394
4394
4394
4394
4394
4394
4394
4394
4394
4399
4399
4399
4380
4340
4340
4340
4340
4340
4367
4367
4367
4381
4381
4381
4381
4381
4444
4444
4444
4444
4444
4447
4447
4442
4442
4440
4440
4488
4486
4486
4489
4453
4438
4438
4438
4412
4412
4413
4400
4400
4400
4400
4421
4444
4454
4385
4388
4414
4414
4414
4414
4406
4406
4425
4425
4425
4440
4440
4440
4411
4411
4411
4411
4411
4409
4435
4435
4435
4435
4435
4435
4435
4496
4498
4498
4498
4527
4575
4540
4540
4580
4622
4622
4622
4710
4710
4738
4692
4650
4623
4623
4623
4623
4616
4605
4605
4609
4609
4609
4599
4599
4599
4613
4613
4599
4600
4589
4546
4546
4569
4573
4573
4573
4573
4573
4573
4573
4573
4573
4573
4573
4573
4566
4566
4566
4556
4552
4552
4552
4552
4552
4552
4512
4512
4546
4546
4541
4541
4541
4541
4541
4541
4541
4541
4541
4541
4522
4522
4522
4522
4518
4525
4528
4528
4526
4526
4526
4526
4567
4547
4547
4547
4547
4547
4547
4547
4547
4494
4494
4512
4514
4514
4514
4514
4514
4503
4503
4503
4503
4503
4503
4503
4503
4503
4503
4500
4500
4500
4500
4500
4500
4565
4565
4565
4565
4565
4565
4558
4558
4542
4523
4523
4523
4557
4557
4508
4508
4508
4508
4552
4552
4552
4552
4548
4497
4497
4496
4496
4496
4496
4496
4496
4496
4496
4496
4483
4471
4471
4471
4471
4513
4411
4411
4409
4396
4377
4429
4431
4426
4401
4401
4401
4380
4380
4314
4314
4323
4323
4323
4329
4329
4329
4401
4401
4401
4401
4401
4438
4461
4461
4469
4469
4471
4471
4465
4465
4506
4480
4503
4503
4503
4508
4508
4483
4429
4423
4423
4423
4427
4427
4423
4423
4418
4404
4403
4416
4416
4416
4416
4416
4417
4412
4412
4412
4412
4412
4412
4422
4413
4413
4440
4440
4440
4442
4441
4440
4481
4481
4457
4486
4470
4470
4470
4408
4402
4402
4402
4420
4420
4420
4420
4420
4404
4404
4456
4464
4461
4461
4454
4460
4460
4460
4460
4460
4460
4460
4460
4460
4460
4450
4426
4426
4426
4426
4426
4426
4426
4364
4364
4364
4364
4364
4364
4413
4413
4413
4413
4413
4413
4413
4413
4413
4413
4413
4413
4413
4413
4413
4427
4427
4407
4407
4407
4407
4407
4407
4407
4407
4407
4407
4407
4427
4427
4427
4427
4427
4412
4412
4412
4412
4412
4412
4412
4425
4425
4425
4425
4425
4425
4442
4442
4442
4442
4442
4442
4442
4424
4428
4421
4421
4434
4434
4483
4483
4467
4467
4467
4537
4537
4537
4537
4546
4541
4541
4541
4527
4526
4526
4492
4497
4497
4497
4497
4517
4553
4553
4553
4553
4553
4553
4553
4526
4526
4526
4526
4511
4516
4501
4501
4501
4492
4463
4455
4463
4463
4463
4463
4463
4463
4463
4463
4473
4473
4473
4454
4465
4465
4465
4466
4477
4477
4477
4470
4491
4473
4473
4473
4473
4473
4473
4495
4476
4462
4452
4406
4406
4406
4406
4406
4406
4406
4406
4406
4436
4436
4463
4463
4462
4446
4446
4471
4469
4469
4469
4469
4469
4469
4469
4444
4444
4444
4444
4432
4432
4432
4438
4458
4458
4458
4458
4451
4451
4451
4451
4451
4451
4451
4451
4473
4468
4468
4468
4481
4481
4468
4468
4468
4489
4489
4489
4448
4448
4448
4448
4448
4437
4437
4437
4437
4437
4427
4474
4483
4483
4483
4483
4472
4472
4472
4450
4434
4423
4423
4423
4423
4367
4367
4383
4383
4383
4383
4383
4383
4383
4350
4344
4344
4341
4341
4341
4329
4329
4329
4329
4329
4329
4329
4335
4335
4335
4335
4335
4335
4335
4335
4335
4335
4330
4330
4330
4330
4390
4390
4390
4390
4379
4379
4379
4379
4379
4379
4379
4379
4379
4379
4379
4379
4379
4379
4384
4384
4384
4384
4384
4384
4384
4384
4384
4384
4384
4384
4384
4370
4370
4370
4370
4367
4367
4367
4367
4367
4385
4385
4385
4385
4385
4385
4377
4334
4334
4334
4332
4332
4332
4332
4332
4332
4332
4332
4332
4332
4332
4332
4382
4382
4366
4366
4366
4366
4366
4366
4366
4366
4330
4330
4330
4330
4322
4322
4322
4322
4322
4322
4322
4325
4325
4325
4325
4325
4325
4325
4325
4325
4325
4325
4325
4325
4325
4359
4361
4371
4371
4371
4371
4371
4371
4371
4375
4375
4375
4366
4366
4366
4366
4366
4366
4366
4368
4368
4380
4400
4400
4400
4396
4396
4396
4396
4396
4396
4396
4396
4396
4396
4396
4396
4396
4396
4396
4396
4376
4376
4376
4376
4393
4393
4393
4393
4393
4403
4386
4378
4378
4378
4378
4378
4378
4378
4378
4370
4370
4370
4370
4362
4362
4358
4358
4358
4358
4358
4358
4358
4358
4358
4358
4358
4342
4342
4374
4381
4381
4381
4381
4381
4381
4381
4374
4374
4374
4374
4374
4374
4405
4405
4405
4420
4420
4420
4420
4420
4420
4420
4420
4420
4420
4420
4410
4410
4410
4410
4410
4410
4410
4410
4410
4410
4424
4424
4424
4424
4424
4424
4424
4424
4413
4407
4407
4407
4407
4407
4407
4407
4407
4407
4407
4407
4407
4407
4407
4407
4407
4407
4407
4407
4407
4407
4407
4407
4407
4407
4407
4407
4407
4407
4407
4407
4401
4401
4401
4401
4401
4332
4332
4332
4332
4332
4332
4332
4332
4332
4332
4332
4332
4332
4332
4332
4332
4332
4332
4332
4332
4332
4332
4332
4332
4332
4332
4332
4332
4332
4332
4332
4332
4332
4332
4332
4332
4332
4332
4319
4319
4319
4319
4319
4319
4319
4319
4360
4325
4325
4325
4325
4325
4324
4324
4324
4320
4320
4320
4320
4320
4320
4320
4336
4340
4340
4340
4338
4338
4338
4347
4347
4347
4347
4347
4347
4340
4340
4340
4327
4327
4327
4327
4327
4327
4327
4323
4323
4332
4332
4332
4322
4322
4322
4322
4322
4322
4322
4316
4316
4316
4316
4316
4359
4359
4359
4356
4356
4378
4378
4378
4378
4360
4360
4360
4360
4319
4319
4319
4319
4319
4319
4319
4319
4319
4319
4319
4319
4319
4319
4319
4319
4319
4319
4335
4335
4337
4337
4337
4337
4354
4354
4344
4344
4344
4344
4344
4355
4358
4358
4358
4358
4358
4371
4371
4384
4382
4382
4382
4371
4371
4371
4371
4371
4371
4371
4371
4371
4335
4335
4323
4323
4323
4323
4323
4323
4323
4323
4322
4322
4322
4322
4322
4322
4322
4322
4322
4322
4322
4322
4322
4322
4322
4322
4335
4335
4335
4307
4307
4307
4299
4299
4299
4299
4299
4299
4299
4299
4299
4299
4299
4295
4295
4295
4295
4295
4295
4295
4295
4295
4295
4295
4295
4295
4295
4295
4295
4295
4295
4295
4298
4298
4298
4298
4298
4311
4311
4311
4311
4311
4311
4311
4298
4298
4298
4305
4310
4310
4310
4310
4310
4310
4310
4310
4310
4310
4310
4310
4303
4303
4303
4303
4303
4306
4306
4306
4306
4306
4306
4295
4280
4280
4280
4280
4280
4280
4295
4295
4295
4295
4295
4295
4295
4295
4295
4295
4295
4295
4310
4310
4318
4318
4318
4318
4318
4318
4318
4321
4295
4295
4305
4305
4305
4305
4305
4305
4305
4305
4305
4305
4301
4302
4302
4302
4302
4302
4302
4288
4288
4288
4306
4306
4306
4306
4306
4306
4306
4306
4306
4306
4298
4298
4301
4301
4301
4301
4301
4301
4301
4301
4301
4300
4300
4300
4300
4300
4300
4300
4300
4300
4300
4300
4300
4300
4300
4300
4300
4326
4326
4326
4326
4326
4335
4335
4335
4335
4335
4335
4341
4341
4341
4341
4341
4341
4341
4341
4341
4341
4335
4335
4335
4335
4319
4319
4319
4319
4319
4328
4328
4328
4328
4328
4322
4322
4322
4322
4322
4322
4322
4322
4322
4328
4328
4276
4276
4276
4276
4276
4276
4276
4276
4276
4276
4276
4276
4278
4278
4274
4274
4274
4274
4269
4269
4269
4269
4278
4278
4278
4261
4261
4261
4261
4261
4261
4261
4257
4257
4257
4257
4257
4229
4229
4229
4229
4229
4229
4230
4230
4230
4230
4230
4230
4230
4230
4230
4230
4230
4230
4230
4230
4230
4230
4226
4226
4226
4234
4234
4234
4229
4241
4241
4241
4241
4241
4241
4232
4232
4232
4232
4232
4232
4232
4232
4247
4247
4247
4249
4249
4249
4249
4249
4249
4249
4249
4249
4249
4249
4249
4255
4255
4255
4255
4254
4254
4254
4254
4254
4254
4254
4254
4254
4257
4257
4257
4257
4257
4257
4257
4257
4257
4257
4257
4257
4257
4249
4249
4249
4252
4252
4252
4252
4252
4252
4252
4252
4252
4252
4252
4252
4257
4269
4269
4280
4280
4280
4280
4282
4282
4282
4282
4282
4282
4282
4282
4280
4280
4280
4280
4280
4280
4290
4290
4262
4262
4262
4262
4262
4262
4262
4262
4262
4262
4289
4289
4321
4321
4321
4320
4328
4328
4328
4302
4302
4302
4302
4302
4302
4296
4296
4296
4296
4296
4296
4296
4296
4296
4296
4296
4296
4296
4296
4296
4296
4296
4282
4282
4282
4296
4296
4296
4296
4296
4296
4295
4295
4308
4293
4293
4293
4285
4285
4285
4243
4243
4243
4243
4243
4243
4228
4185
4185
4185
4185
4185
4185
4185
4185
4185
4185
4185
4185
4185
4185
4185
4185
4185
4185
4185
4185
4185
4185
4185
4185
4185
4185
4185
4185
4185
4185
4185
4185
4185
4185
4185
4185
4185
4185
4185
4185
4185
4185
4185
4185
4185
4185
4185
4185
4185
4185
4185
4185
4211
4211
4211
4211
4211
4211
4211
4211
4211
4211
4211
4211
4211
4211
4211
4211
4211
4211
4211
4211
4211
4211
4211
4211
4211
4211
4211
4211
4211
4211
4211
4211
4211
4211
4211
4211
4211
4211
4211
4211
4211
4211
4211
4211
4211
4211
4211
4211
4209
4209
4209
4209
4209
4209
4213
4213
4213
4213
4213
4213
4213
4213
4213
4213
4213
4213
4213
4195
4195
4195
4195
4195
4195
4195
4195
4195
4195
4195
4195
4195
4195
4195
4195
4195
4195
4195
4195
4195
4199
4199
4199
4199
4199
4199
4199
4199
4199
4199
4199
4199
4199
4199
4199
4199
4199
4199
4199
4199
4199
4199
4199
4199
4199
4199
4199
4199
4199
4199
4199
4199
4199
4199
4199
4197
4197
4197
4197
4190
4190
4190
4193
4193
4193
4193
4193
4193
4193
4193
4193
4193
4193
4193
4193
4193
4193
4193
4193
4193
4193
4193
4193
4193
4193
4193
4193
4197
4197
4197
4197
4197
4197
4196
4196
4196
4196
4196
4196
4196
4196
4196
4196
4196
4196
4196
4196
4196
4196
4176
4176
4176
4176
4176
4176
4176
4176
4176
4176
4176
4176
4176
4176
4176
4176
4176
4176
4176
4176
4176
4176
4176
4176
4176
4176
4176
4176
4176
4176
4176
4176
4176
4176
4176
4176
4176
4176
4176
4176
4176
4176
4176
4176
4176
4176
4176
4176
4176
4176
4176
4176
4176
4176
4176
4176
4176
4176
4176
4176
4176
4176
4176
4176
4176
4176
4176
4176
4176
4176
4176
4176
4176
4176
4176
4176
4176
4176
4176
4176
4179
4179
4179
4179
4179
4179
4179
4179
4179
4179
4179
4179
4179
4179
4179
4179
4179
4179
4179
4179
4179
4179
4179
4179
4178
4178
4178
4178
4178
4178
4178
4178
4178
4178
4178
4178
4178
4178
4178
4178
4178
4178
4178
4178
4178
4178
4178
4178
4178
4178
4178
4178
4178
4178
4178
4178
4178
4178
4178
4178
4178
4178
4178
4178
4178
4178
4178
4178
4178
4178
4178
4178
4178
4178
4178
4178
4178
4178
4178
4178
4178
4174
4174
4174
4174
4174
4174
4174
4174
4174
4174
4174
4174
4174
4174
4174
4174
4174
4174
4174
4174
4174
4174
4174
4174
4174
4174
4174
4174
4174
4174
4174
4174
4174
4174
4174
4174
4174
4174
4174
4174
4175
4175
4175
4175
4175
4175
4175
4175
4175
4175
4175
4175
4175
4175
4175
4175
4175
4175
4175
4175
4175
4175
4175
4175
4175
4175
4175
4175
4175
4175
4175
4175
4175
4175
4175
4175
4175
4175
4175
4175
4175
4175
4175
4175
4175
4175
4175
4175
4175
4175
4175
4175
4175
4175
4175
4175
4175
4175
4175
4175
4175
4175
4175
4175
4175
4175
4175
4175
4175
4175
4175
4175
4175
4175
4175
4175
4175
4175
4175
4175
4175
4175
4175
4175
4175
4175
4175
4175
4175
4175
4175
4175
4178
4178
4178
4178
4178
4178
4178
4178
4181
4179
4179
4179
4179
4179
4179
4179
4179
4179
4179
4179
4179
4179
4179
4179
4179
4179
4179
4179
4179
4179
4179
4179
4179
4179
4179
4179
4179
4179
4179
4179
4179
4179
4179
4179
4179
4179
4182
4182
4182
4182
4182
4182
4182
4182
4182
4182
4182
4182
4182
4182
4182
4182
4182
4182
4182
4182
4182
4182
4182
4182
4182
4182
4182
4182
4182
4182
4182
4182
4182
4182
4182
4182
4182
4182
4182
4182
4182
4182
4182
4182
4182
4182
4182
4182
4182
4182
4182
4182
4182
4182
4182
4182
4182
4182
4182
4182
4182
4182
4182
4182
4182
4182
4182
4182
4182
4182
4182
4182
4182
4182
4182
4182
4182
4182
4182
4182
4182
4182
4179
4179
4179
4169
4169
4169
4169
4169
4169
4169
4169
4169
4169
4169
4169
4169
4169
4169
4169
4169
4169
4169
4169
4169
4169
4169
4169
4169
4169
4169
4169
4169
4169
4169
4169
4169
4169
4169
4169
4169
4169
4169
4169
4169
4169
4169
4169
4169
4169
4169
4169
4169
4169
4169
4169
4169
4169
4169
4163
4163
4163
4163
4163
4163
4163
4163
4163
4163
4163
4163
4163
4163
4163
4163
4163
4163
4163
4163
4163
4161
4161
4161
4161
4161
4161
4161
4161
4161
4161
4161
4161
4161
4161
4161
4161
4161
4161
4161
4161
4161
4161
4161
4161
4161
4161
4161
4161
4161
4161
4161
4161
4161
4161
4161
4161
4161
4161
4161
4161
4161
4172
4172
4172
4172
4172
4172
4172
4172
4172
4172
4172
4172
4172
4172
4172
4172
4172
4172
4172
4172
4172
4179
4179
4179
4179
4179
4179
4179
4179
4179
4170
4170
4170
4170
4170
4170
4170
4170
4170
4170
4170
4170
4170
4170
4170
4170
4174
4174
4174
4174
4174
4174
4174
4174
4174
4174
4174
4174
4174
4174
4174
4174
4174
4174
4174
4174
4174
4174
4174
4174
4174
4174
4174
4174
4174
4174
4175
4175
4175
4175
4175
4175
4175
4175
4175
4175
4175
4175
4175
4175
4175
4174
4172
4172
4172
4172
4161
4161
4161
4161
4161
4161
4161
4161
4161
4161
4161
4162
4162
4162
4162
4162
4162
4162
4162
4162
4162
4162
4162
4162
4162
4162
4162
4162
4162
4162
4162
4162
4162
4162
4162
4162
4161
4161
4161
4161
4161
4161
4161
4161
4161
4161
4161
4161
4161
4161
4161
4161
4161
4161
4161
4161
4161
4161
4161
4161
4161
4161
4161
4161
4161
4161
4161
4161
4161
4161
4161
4161
4161
4161
4161
4161
4161
4161
4161
4161
4161
4161
4161
4161
4161
4161
4161
4161
4161
4161
4161
4161
4161
4161
4161
4161
4161
4161
4161
4161
4161
4161
4161
4161
4161
4161
4161
4161
4161
4161
4161
4161
4162
4162
4162
4162
4162
4162
4162
4162
4162
4162
4162
4162
4162
4162
4174
4174
4174
4174
4174
4174
4174
4174
4174
4174
4174
4174
4174
4174
4174
4174
4174
4174
4174
4174
4174
4174
4174
4174
4174
4174
4174
4174
4174
4174
4174
4174
4174
4174
4174
4174
4174
4174
4174
4174
4174
4174
4174
4174
4174
4174
4174
4174
4174
4174
4171
4171
4171
4171
4171
4171
4171
4171
4171
4171
4171
4171
4171
4171
4171
4171
4171
4171
4171
4171
4171
4171
4171
4171
4171
4171
4171
4171
4171
4171
4171
4171
4171
4171
4171
4171
4171
4171
4171
4171
4171
4171
4171
4171
4171
4171
4171
4171
4171
4171
4171
4171
4171
4171
4171
4171
4171
4171
4171
4171
4171
4171
4171
4171
4171
4171
4171
4171
4171
4171
4171
4171
4171
4171
4171
4171
4171
4171
4171
4171
4171
4171
4171
4171
4171
4171
4171
4171
4171
4171
4171
4171
4171
4171
4171
4171
4171
4171
4171
4171
4171
4171
4171
4171
4171
4155
4155
4155
4155
4155
4155
4155
4155
4155
4155
4155
4155
4155
4155
4155
4155
4155
4155
4155
4155
4155
4155
4155
4155
4155
4155
4155
4155
4155
4155
4155
4155
4155
4155
4155
4155
4155
4155
4155
4155
4155
4155
4155
4155
4155
4155
4155
4155
4155
4155
4155
4155
4155
4155
4155
4155
4155
4155
4155
4155
4155
4155
4155
4155
4155
4155
4155
4155
4155
4153
4153
4153
4153
4153
4153
4153
4153
4153
4153
4153
4153
4153
4153
4153
4153
4153
4153
4153
4153
4153
4153
4153
4153
4153
4153
4153
4153
4153
4153
4153
4153
4153
4153
4153
4153
4153
4153
4153
4153
4153
4153
4153
4153
4153
4153
4153
4153
4153
4153
4153
4153
4153
4153
4153
4145
4145
4145
4145
4145
4145
4145
4145
4145
4145
4145
4145
4145
4145
4145
4145
4145
4145
4145
4145
4145
4145
4153
4153
4153
4153
4153
4153
4153
4153
4153
4153
4153
4153
4153
4153
4153
4153
4153
4153
4153
4153
4153
4153
4153
4153
4153
4153
4153
4153
4153
4153
4153
4153
4153
4153
4153
4153
4153
4153
4153
4153
4153
4153
4153
4153
4153
4153
4153
4153
4153
4153
4145
4145
4145
4145
4145
4145
4145
4145
4145
4145
4145
4145
4145
4145
4145
4145
4145
4145
4145
4145
4145
4145
4145
4145
4145
4145
4145
4145
4145
4145
4145
4145
4145
4145
4145
4145
4145
4145
4145
4145
4145
4145
4145
4145
4145
4145
4145
4145
4145
4145
4145
4145
4145
4145
4145
4145
4145
4145
4145
4145
4145
4141
4141
4141
4141
4141
4141
4141
4141
4141
4141
4141
4141
4141
4141
4141
4141
4141
4141
4141
4141
4141
4141
4141
4141
4141
4141
4141
4141
4141
4141
4141
4141
4141
4141
4141
4141
4141
4141
4141
4141
4141
4141
4141
4141
4141
4141
4141
4141
4141
4141
4141
4141
4141
4141
4141
4141
4141
4141
4141
4141
4141
4141
4141
4141
4141
4141
4141
4141
4141
4141
4141
4141
4141
4141
4141
4141
4141
4141
4141
4141
4141
4141
4141
4141
4141
4141
4141
4141
4141
4141
4141
4141
4141
4141
4141
4141
4141
4141
4141
4141
4141
4141
4141
4141
4141
4141
4141
4141
4141
4141
4141
4141
4141
4141
4141
4141
4141
4141
4141
4141
4141
4141
4141
4141
4141
4141
4141
4141
4141
4141
4141
4141
4141
4141
4141
4141
4141
4141
4141
4141
4141
4141
4141
4141
4141
4141
4141
4141
4141
4141
4141
4141
4141
4141
4141
4141
4141
4141
4141
4141
4141
4141
4141
4141
4141
4141
4141
4141
4141
4141
4141
4141
4141
4141
4141
4141
4141
4141
4141
4141
4141
4141
4141
4141
4141
4141
4141
4141
4141
4141
4141
4141
4141
4141
4141
4141
4141
4141
4141
4141
4141
4141
4141
4141
4141
4141
4141
4141
4141
4141
4141
4141
4141
4141
4141
4141
4141
4141
4141
4141
4141
4141
4141
4141
4141
4141
4141
4141
4141
4141
4141
4141
4141
4141
4141
4141
4141
4141
4141
4141
4141
4141
4141
4141
4141
4141
4141
4141
4141
4141
4141
4141
4141
4141
4141
4141
4141
4141
4141
4141
4141
4141
4141
4141
4141
4141
4141
4141
4141
4144
4144
4144
4144
4144
4144
4144
4144
4144
4144
4144
4144
4144
4144
4144
4144
4144
4144
4144
4144
4144
4144
4144
4144
4144
4144
4144
4144
4144
4144
4144
4144
4144
4144
4144
4144
4144
4144
4144
4144
4144
4144
4144
4144
4144
4144
4144
4144
4144
4144
4144
4144
4144
4142
4142
4142
4142
4142
4142
4142
4142
4142
4142
4142
4142
4142
4142
4142
4142
4142
4142
4142
4142
4142
4142
4142
4142
4142
4142
4142
4142
4124
4124
4124
4124
4124
4124
4124
4124
4124
4124
4124
4124
4124
4124
4124
4124
4124
4124
4124
4124
4124
4124
4124
4124
4124
4124
4124
4124
4124
4124
4124
4124
4124
4124
4124
4124
4124
4124
4124
4124
4124
4124
4124
4124
4124
4124
4124
4124
4124
4124
4124
4124
4124
4124
4124
4124
4124
4124
4124
4124
4124
4124
4124
4124
4124
4124
4124
4124
4124
4124
4124
4124
4124
4124
4124
4124
4124
4124
4124
4124
4124
4124
4124
4124
4124
4124
4124
4124
4124
4124
4124
4124
4124
4124
4124
4124
4124
4124
4124
4124
4124
4124
4124
4124
4124
4124
4124
4124
4121
4121
4121
4121
4121
4121
4121
4121
4121
4121
4121
4121
4121
4121
4121
4121
4121
4121
4121
4121
4121
4121
4121
4121
4121
4121
4121
4121
4121
4121
4121
4121
4121
4121
4121
4121
4121
4121
4121
4121
4121
4121
4121
4121
4121
4121
4121
4121
4121
4121
4121
4121
4121
4121
4121
4121
4121
4121
4121
4121
4121
4121
4121
4121
4121
4121
4121
4121
4121
4121
4121
4121
4121
4121
4121
4121
4121
4121
4121
4121
4121
4121
4121
4121
4121
4121
4121
4121
4121
4121
4121
4121
4121
4121
4121
4121
4121
4121
4121
4121
4121
4121
4121
4121
4121
4121
4121
4121
4121
4121
4121
4121
4121
4121
4121
4121
4121
4121
4121
4121
4121
4121
4121
4121
4121
4121
4121
4121
4121
4121
4121
4121
4121
4121
4121
4121
4121
4121
4121
4121
4121
4121
4121
4121
4121
4121
4121
4121
4121
4121
4121
4121
4121
4121
4121
4121
4121
4121
4121
4121
4121
4121
4121
4121
4121
4121
4121
4121
4121
4121
4121
4121
4121
4121
4121
4121
4121
4121
4121
4121
4121
4121
4121
4121
4121
4121
4121
4121
4121
4121
4121
4121
4121
4121
4121
4121
4121
4121
4121
4121
4121
4121
4121
4121
4121
4121
4121
4121
4121
4121
4121
4121
4121
4121
4121
4121
4121
4121
4121
4121
4121
4121
4121
4123
4123
4123
4123
4123
4123
4123
4123
4123
4123
4123
4123
4123
4123
4123
4123
4123
4123
4123
4123
4123
4123
4123
4123
4123
4123
4123
4123
4123
4123
4123
4123
4123
4123
4123
4123
4123
4123
4123
4123
4123
4123
4123
4123
4123
4123
4123
4123
4123
4123
4123
4123
4123
4123
4123
4123
4123
4123
4123
4123
4123
4123
4123
4123
4123
4123
4123
4123
4123
4123
4123
4123
4123
4123
4123
4123
4123
4123
4123
4123
4123
4123
4123
4123
4123
4123
4123
4123
4135
4135
4135
4135
4135
4135
4135
4135
4135
4135
4135
4135
4135
4135
4135
4135
4135
4135
4135
4135
4135
4135
4135
4135
4135
4135
4135
4135
4135
4135
4135
4135
4135
4135
4135
4135
4135
4135
4135
4135
4135
4135
4135
4135
4135
4135
4135
4135
4135
4135
4135
4135
4135
4135
4135
4135
4135
4135
4135
4135
4135
4135
4135
4135
4135
4135
4135
4135
4135
4135
4135
4135
4135
4135
4135
4135
4135
4135
4135
4135
4135
4135
4135
4135
4135
4135
4135
4135
4135
4135
4135
4135
4135
4135
4135
4135
4135
4135
4135
4135
4135
4135
4135
4135
4135
4135
4135
4135
4135
4135
4135
4135
4135
4135
4135
4135
4135
4135
4135
4135
4135
4135
4135
4135
4135
4135
4135
4135
4135
4135
4135
4135
4135
4135
4135
4135
4135
4135
4135
4135
4135
4135
4135
4135
4134
4134
4134
4134
4134
4134
4134
4134
4134
4134
4134
4134
4134
4134
4134
4134
4134
4134
4134
4134
4134
4134
4134
4134
4134
4134
4134
4134
4134
4134
4134
4133
4133
4133
4133
4133
4133
4133
4133
4133
4133
4133
4134
4134
4134
4134
4134
4134
4134
4134
4134
4134
4134
4134
4134
4134
4134
4134
4134
4134
4134
4134
4134
4134
4134
4134
4134
4134
4134
4134
4134
4134
4134
4134
4134
4134
4134
4134
4134
4134
4134
4134
4134
4134
4134
4134
4134
4134
4134
4134
4134
4134
4134
4134
4134
4134
4134
4134
4134
4134
4134
4134
4134
4134
4134
4134
4134
4134
4134
4134
4134
4134
4134
4134
4134
4134
4134
4134
4134
4134
4134
4134
4134
4134
4134
4134
4134
4134
4134
4134
4134
4134
4134
4134
4134
4134
4134
4134
4134
4134
4134
4134
4134
4134
4134
4134
4134
4134
4134
4134
4134
4134
4134
4134
4134
4134
4134
4134
4134
4134
4134
4134
4134
4134
4134
4134
4134
4134
4134
4134
4134
4134
4134
4134
4134
4134
4134
4134
4134
4134
4134
4134
4134
4134
4134
4134
4134
4134
4134
4134
4134
4134
4134
4134
4134
4134
4134
4134
4134
4134
4134
4134
4134
4134
4134
4134
4134
4134
4134
4134
4134
4134
4134
4134
4134
4134
4134
4134
4134
4134
4134
4115
4115
4115
4115
4115
4115
4094
4094
4094
4094
4094
4094
4094
4094
4094
4094
4094
4094
4094
4094
4094
4094
4094
4094
4094
4094
4094
4094
4094
4094
4094
4094
4094
4094
4094
4094
4094
4094
4094
4094
4094
4094
4094
4094
4094
4094
4094
4094
4094
4094
4094
4094
4094
4094
4094
4094
4094
4094
4094
4094
4094
4094
4094
4094
4094
4094
4094
4094
4094
4094
4094
4094
4094
4094
4094
4094
4094
4094
4094
4094
4094
4094
4094
4094
4094
4094
4094
4094
4094
4094
4094
4094
4094
4094
4094
4094
4094
4094
4094
4094
4094
4094
4094
4094
4094
4094
4094
4094
4094
4094
4094
4094
4094
4094
4094
4094
4094
4094
4094
4094
4094
4094
4094
4094
4094
4094
4094
4094
4094
4094
4094
4094
4094
4094
4094
4094
4094
4094
4094
4094
4094
4094
4094
4094
4094
4094
4094
4094
4094
4094
4094
4094
4094
4094
4094
4094
4094
4094
4094
4094
4094
4094
4094
4094
4094
4094
4094
4094
4094
4095
4095
4095
4095
4095
4095
4095
4095
4095
4095
4095
4095
4095
4095
4095
4095
4095
4095
4095
4095
4095
4095
4095
4095
4095
4095
4095
4095
4095
4095
4095
4095
4095
4095
4095
4095
4095
4095
4095
4095
4095
4095
4095
4095
4095
4095
4095
4095
4095
4095
4095
4095
4095
4095
4095
4095
4095
4095
4095
4095
4095
4095
4095
4095
4095
4095
4095
4095
4095
4095
4095
4095
4095
4095
4095
4095
4095
4095
4095
4095
4095
4095
4095
4095
4095
4095
4095
4095
4095
4095
4095
4095
4095
4095
4095
4095
4095
4095
4095
4095
4095
4095
4095
4095
4095
4095
4095
4095
4095
4095
4095
4095
4095
4095
4095
4095
4095
4095
4095
4095
4095
4095
4095
4095
4095
4095
4095
4095
4095
4095
4095
4095
4095
4095
4095
4095
4095
4095
4095
4095
4095
4095
4095
4095
4095
4095
4095
4095
4095
4095
4095
4095
4095
4095
4095
4095
4095
4095
4095
4095
4095
4095
4095
4095
4095
4095
4095
4095
4095
4095
4095
4095
4095
4095
4095
4095
4095
4095
4095
4095
4095
4095
4095
4095
4095
4086
4086
4086
4086
4086
4086
4086
4086
4086
4086
4086
4086
4086
4086
4086
4086
4086
4086
4086
4086
4086
4086
4086
4086
4086
4086
4086
4086
4086
4086
4086
4086
4086
4086
4086
4086
4086
4086
4086
4086
4086
4086
4086
4086
4086
4086
4086
4086
4086
4086
4086
4086
4086
4087
4087
4087
4087
