5002
5016
4876
4837
4783
4818
4818
4830
4764
4972
4992
4971
4896
4895
4881
4936
4926
4901
4914
4914
4795
4840
4883
4965
4965
5012
4985
4985
4985
4889
4903
4860
4854
4857
4845
4860
4860
4860
4852
4868
4869
4866
4907
4913
4877
4883
4879
4877
4896
4896
4860
4822
4854
4835
4775
4775
4724
4721
4711
4752
4752
4779
4798
4755
4847
4892
4893
4855
4828
4828
4889
4897
4932
4943
4924
4842
4906
4916
4937
4827
4802
4790
4793
4786
4781
4794
4800
4878
4860
4836
4821
4794
4842
4867
4867
4855
4771
4799
4753
4804
4825
4860
4896
4855
4821
4878
4800
4775
4792
4792
4851
4837
4800
4810
4726
4666
4701
4721
4788
4807
4845
4896
4879
4875
4795
4843
4874
4840
4867
4913
4896
4809
4857
4864
4859
4811
4760
4795
4795
4800
4783
4812
4838
4784
4896
4896
4894
4917
4849
4957
4975
4975
4975
5021
5054
5031
4928
4955
4870
4935
4942
4895
4913
4924
4861
4858
4848
4853
4765
4854
4898
4898
4865
4946
4951
4911
4853
4853
4866
4864
4964
4841
4841
4805
4800
4839
4869
4923
4899
4927
4857
4939
4889
4889
4884
4960
4908
4977
4872
4872
4796
4810
4807
4739
4780
4803
4745
4792
4826
4820
4801
4852
4863
4879
4783
4799
4765
4840
4888
4902
4903
4900
4910
4898
4900
4923
4861
4890
4890
4875
4847
4737
4680
4748
4821
4888
4842
4842
4866
4864
4925
4791
4847
4826
4853
4843
4798
4753
4819
4847
4871
4834
4817
4784
4818
4781
4757
4792
4835
4838
4829
4780
4820
4762
4717
4724
4738
4693
4678
4704
4724
4673
4689
4755
4772
4768
4772
4738
4819
4749
4686
4732
4816
4812
4812
4848
4880
4836
4818
4818
4778
4744
4756
4810
4852
4861
4861
4800
4807
4855
4789
4819
4799
4860
4900
4933
4939
4910
4902
4832
4783
4911
4912
4972
4953
4954
4984
4979
4957
4900
4899
4872
4927
4899
4960
4921
4905
4972
5012
5012
4904
4894
4902
4939
4912
4912
4947
4971
4983
5026
4990
4969
4969
4885
4843
4760
4763
4796
4789
4778
4724
4754
4683
4709
4700
4783
4845
4816
4917
4937
4973
4922
4922
4859
4910
4883
4913
4996
4999
4987
4974
4882
4929
4912
4914
4964
4933
4898
4846
4813
4810
4851
4882
4876
4876
4827
4842
4797
4738
4727
4727
4763
4785
4858
4893
4893
4835
4879
5035
5035
5017
4954
4944
5013
5013
4991
4939
5018
5046
5012
4990
4928
4928
4876
4904
4904
4889
4914
4863
4796
4844
4850
4850
4868
4890
4904
4805
4821
4790
4745
4705
4702
4817
4870
4834
4792
4790
4779
4782
4685
4636
4623
4625
4568
4595
4586
4623
4682
4754
4790
4852
4857
4836
4841
4786
4849
4902
4942
4933
4867
4845
4875
4873
4951
4896
4964
4972
5045
5091
5091
5092
5075
5084
5114
5114
5032
5082
5078
5121
5109
5138
5095
5061
5131
5094
5073
5073
5073
5039
5005
4999
4957
4927
4944
4889
4974
4919
4919
4837
4781
4786
4777
4762
4787
4757
4796
4796
4828
4828
4828
4850
4854
4854
4843
4798
4816
4771
4754
4759
4798
4817
4857
4857
4789
4752
4801
4803
4801
4814
4813
4846
4862
4761
4790
4851
4854
4845
4853
4933
4900
4911
4891
4848
4828
4884
4934
4893
4898
4863
4863
4931
4956
4962
4962
4948
4959
4799
4785
4831
4828
4788
4860
4937
4915
4937
4900
4889
4905
4900
4877
4877
4919
4884
4918
4918
4931
4988
4950
4971
4959
4935
4918
4918
4903
4921
4902
4915
4938
4928
4928
4912
4906
4896
4968
4972
4964
4969
5000
5000
5062
4980
4977
4956
4955
4791
4787
4827
4840
4837
4877
4868
4873
4931
4931
4919
4919
4949
4983
4971
4862
4926
4949
5000
5036
5036
5015
5067
5048
5048
5006
4963
4963
5006
5052
5038
4953
4953
5002
5031
4976
4976
4894
4818
4862
4902
4936
4964
4943
4966
4877
4892
4908
4886
4885
4885
4849
4804
4750
4784
4707
4738
4869
4843
4797
4737
4732
4719
4751
4754
4780
4797
4786
4681
4710
4710
4689
4668
4687
4607
4656
4624
4662
4662
4710
4649
4634
4634
4677
4666
4738
4697
4757
4661
4642
4692
4731
4659
4679
4679
4706
4753
4817
4811
4835
4749
4785
4781
4736
4692
4724
4698
4711
4785
4810
4781
4872
4950
4915
4837
4845
4780
4876
4884
4969
4987
4909
4875
4868
4866
4839
4756
4813
4887
4909
4907
4893
4918
4973
4996
4902
4901
4932
4949
4909
4897
4910
4910
5024
5024
5104
5120
5053
4977
4937
4884
4884
4884
4836
4836
4870
4882
4928
4928
4930
4930
4922
4895
4895
4901
4935
4919
4928
4919
4928
4922
4928
4814
4812
4854
4786
4786
4854
4847
4841
4851
4881
4883
4889
4892
4937
5008
5031
4959
4948
4949
4938
4927
4833
4794
4794
4798
4716
4716
4724
4723
4737
4775
4716
4717
4730
4777
4801
4807
4804
4795
4753
4848
4821
4848
4788
4784
4764
4798
4821
4853
4878
4784
4784
4864
4801
4801
4834
4850
4850
4762
4812
4841
4859
4913
4927
4888
4888
4932
4915
4891
4883
4818
4818
4856
4859
4859
4859
4767
4801
4834
4838
4891
4867
4870
4879
4871
4884
4827
4814
4825
4825
4814
4773
4908
4943
4988
4988
4961
4961
5020
5020
4971
5011
5025
5067
5083
5030
4911
4926
4891
4934
4939
4901
4958
4886
4897
4887
4851
4815
4842
4811
4880
4867
4898
4898
4861
4861
4785
4752
4675
4657
4657
4657
4628
4750
4733
4784
4842
4860
4850
4796
4763
4845
4851
4867
4867
4891
4835
4805
4789
4802
4859
4788
4874
4857
4874
4914
4939
4910
4850
4839
4848
4895
4861
4838
4850
4894
4901
4845
4911
4963
4971
4890
4838
4859
4875
4869
4907
4896
4817
4834
4917
4917
4905
4905
4929
4857
4813
4814
4871
4908
4958
4941
4990
4957
4957
4912
4920
4745
4783
4779
4757
4763
4763
4793
4719
4681
4681
4653
4574
4746
4754
4698
4782
4799
4688
4611
4633
4654
4675
4719
4669
4788
4788
4845
4967
5008
5042
5085
5007
5006
4929
4924
4808
4815
4817
4817
4808
4863
4851
4854
4912
4944
4966
4939
4931
5017
5001
5021
4996
4981
4981
4981
4988
4937
4894
4895
4944
4951
4892
4898
4989
5045
5058
5012
4981
4973
4948
4829
4829
4843
4843
4825
4880
4899
4876
4851
4891
4957
5055
5026
5007
5048
5049
5017
5076
5101
5117
5147
5060
5093
5093
5108
5066
5066
5070
4973
4946
4946
4992
4992
4978
5000
4913
4878
4934
4934
4951
4980
4979
4979
4979
4960
4990
5023
4975
4975
5032
5012
4988
4988
4871
4820
4832
4798
4818
4818
4765
4773
4829
4834
4915
4965
4920
4922
4940
4922
4870
4825
4845
4874
5003
5044
4968
4982
5000
4987
4950
4979
4942
4943
4887
4856
4822
4875
4890
4853
4868
4977
4931
4901
4864
4857
4774
4784
4740
4740
4740
4744
4704
4736
4748
4852
4850
4878
4810
4811
4818
4875
4877
4917
4917
4911
4995
4924
4924
4882
4879
4946
4978
4929
4929
4951
4962
4981
4957
4893
4834
4894
4962
4905
4941
4967
4974
5013
5080
5122
5069
5069
5065
5006
5065
5041
5061
5051
4980
4980
5004
5037
5052
4985
4989
4974
4991
4915
4878
4834
4784
4844
4811
4819
4826
4711
4781
4814
4767
4805
4839
4769
4841
4769
4775
4777
4777
4881
4881
4847
4763
4789
4769
4833
4753
4775
4855
4855
4917
4832
4832
4784
4778
4758
4809
4774
4808
4810
4874
4874
4894
4889
4800
4771
4827
4820
4820
4786
4824
4815
4873
4864
4787
4881
4792
4820
4854
4803
4785
4795
4840
4840
4825
4817
4842
4828
4828
4815
4815
4796
4827
4868
4851
4904
4805
4859
4839
4903
4879
4950
4917
5001
4950
4950
4928
4984
4948
4944
4957
4864
4877
4877
4866
4804
4824
4790
4761
4694
4704
4760
4775
4762
4761
4739
4734
4743
4745
4745
4756
4753
4709
4680
4698
4729
4754
4762
4795
4795
4792
4808
4700
4820
4820
4820
4759
4754
4754
4763
4827
4842
4842
4845
4792
4788
4786
4780
4794
4798
4833
4860
4879
4859
4877
4877
4861
4843
4813
4751
4791
4710
4721
4735
4729
4772
4690
4728
4701
4787
4739
4714
4743
4793
4753
4774
4774
4681
4694
4647
4695
4731
4824
4723
4719
4745
4738
4726
4742
4781
4781
4771
4765
4789
4722
4767
4862
4831
4860
4906
4876
4842
4870
4822
4852
4812
4777
4783
4780
4765
4751
4775
4775
4786
4795
4819
4831
4873
4876
4922
4825
4795
4795
4779
4771
4791
4666
4629
4668
4715
4694
4694
4650
4635
4619
4619
4641
4706
4863
4923
4924
4910
4880
4869
4813
4797
4790
4814
4789
4811
4804
4782
4763
4785
4861
4793
4717
4727
4727
4773
4773
4794
4771
4859
4851
4851
4869
4869
4859
4885
4848
4857
4857
4844
4815
4794
4710
4650
4714
4755
4789
4786
4786
4814
4772
4726
4728
4739
4786
4779
4786
4790
4850
4827
4752
4772
4792
4760
4847
4868
4835
4883
4829
4825
4868
4905
4945
4945
4986
4958
4908
4908
4888
4867
4875
4900
4900
4885
4905
4886
4862
4900
4893
4899
4886
4936
4924
4951
4959
5003
5002
4979
4937
4937
4825
4900
4947
4873
4938
4939
4851
4865
4798
4798
4830
4805
4788
4877
4830
4844
4809
4809
4780
4780
4779
4829
4813
4816
4796
4794
4786
4805
4851
4806
4769
4807
4786
4813
4929
4902
4888
4913
4913
4890
4862
5021
4916
4882
4864
4850
4859
4939
4949
4938
4933
5001
4960
4934
4955
4962
4945
4925
4871
4871
4938
4938
4840
4765
4752
4829
4885
4869
4869
4880
4880
4913
4956
4917
4917
4928
4960
4966
5017
4981
4981
5009
5147
5047
4960
4909
4953
4953
4931
4854
4822
4770
4777
4742
4672
4716
4782
4739
4740
4742
4741
4782
4773
4773
4747
4719
4689
4683
4667
4738
4795
4797
4825
4878
4804
4822
4822
4801
4783
4783
4771
4743
4750
4693
4650
4719
4779
4779
4775
4763
4841
4878
4886
4770
4809
4733
4701
4748
4730
4774
4725
4727
4712
4801
4869
4869
4815
4755
4721
4799
4777
4858
4905
4909
4909
4922
4924
4913
4920
4840
4737
4702
4693
4736
4685
4747
4682
4682
4637
4635
4665
4770
4784
4784
4784
4799
4821
4821
4875
4875
4841
4831
4832
4840
4822
4718
4718
4738
4705
4740
4744
4665
4648
4648
4715
4790
4812
4809
4809
4819
4785
4808
4832
4795
4858
4826
4862
4918
4916
4932
4799
4799
4704
4716
4865
4831
4829
4829
4762
4704
4752
4712
4763
4797
4668
4668
4669
4676
4676
4792
4745
4722
4709
4765
4783
4767
4789
4700
4726
4803
4891
4831
4863
4748
4726
4736
4771
4755
4721
4690
4690
4653
4653
4653
4672
4706
4635
4628
4628
4610
4576
4606
4606
4618
4614
4641
4674
4717
4786
4864
4867
4917
4897
5010
4957
4917
4971
4924
4939
4939
4920
4835
4825
4825
4844
4880
4880
4968
4966
4957
4877
4872
4821
4906
4882
4909
4908
4904
4904
4904
4904
4768
4802
4816
4762
4765
4835
4781
4794
4802
4784
4731
4731
4645
4633
4657
4691
4731
4710
4710
4722
4752
4817
4821
4707
4839
4766
4759
4747
4747
4745
4745
4762
4749
4755
4743
4746
4746
4740
4761
4792
4794
4751
4836
4832
4846
4846
4808
4672
4701
4694
4652
4655
4697
4697
4709
4780
4807
4849
4809
4781
4855
4826
4853
4796
4791
4726
4712
4694
4760
4751
4768
4796
4767
4767
4785
4706
4706
4706
4667
4679
4671
4661
4680
4683
4688
4681
4665
4658
4626
4673
4672
4708
4704
4689
4711
4711
4736
4736
4708
4679
4701
4671
4700
4654
4654
4654
4714
4738
4738
4738
4689
4724
4734
4706
4689
4698
4739
4803
4754
4745
4730
4741
4741
4722
4707
4710
4747
4752
4761
4725
4725
4725
4725
4722
4761
4736
4735
4735
4731
4810
4813
4786
4887
4903
4902
4902
4874
4880
4966
4900
4923
4923
4919
4917
4903
4899
4914
4989
4926
4926
4879
4879
4815
4866
4861
4832
4760
4760
4699
4770
4717
4833
4895
5035
4941
4941
4941
5009
4979
5004
5004
4972
4972
4981
5008
4979
4971
4985
4900
4900
4877
4877
4948
4949
4888
4874
4844
4832
4821
4832
4848
4847
4871
4871
4895
4799
4817
4778
4796
4900
4850
4830
4776
4736
4736
4687
4701
4824
4842
4927
4910
4908
4908
4929
4934
4957
4919
4919
4881
4881
4833
4864
4844
4844
4835
4835
4811
4757
4736
4789
4815
4805
4795
4778
4764
4774
4768
4819
4825
4895
4754
4759
4759
4704
4604
4652
4612
4642
4689
4694
4760
4751
4726
4706
4755
4781
4725
4675
4644
4697
4697
4771
4772
4762
4952
4894
4894
4855
4909
4895
4904
4926
4945
4852
4821
4801
4878
4883
4917
4954
4989
4989
5043
5046
4984
4984
4923
4887
4896
4878
4841
4759
4733
4801
4733
4733
4742
4770
4886
4877
4866
4828
4705
4753
4787
4793
4857
4875
4901
4819
4782
4865
4830
4815
4802
4804
4804
4812
4783
4824
4820
4801
4816
4780
4846
4892
4869
4916
4887
4833
4781
4754
4658
4640
4569
4569
4614
4589
4549
4509
4532
4579
4586
4638
4677
4677
4694
4694
4709
4713
4733
4694
4659
4688
4727
4717
4810
4854
4851
4821
4769
4750
4706
4732
4732
4717
4711
4734
4734
4733
4741
4741
4741
4651
4675
4710
4673
4734
4734
4727
4758
4774
4819
4803
4815
4742
4742
4742
4762
4772
4722
4696
4739
4832
4832
4833
4833
4855
4869
4862
4781
4899
4828
4912
4943
4968
4937
4963
4934
4873
4967
4919
4893
4877
4919
4937
4950
4950
4950
4964
4944
4907
4907
4988
4996
4990
4990
5064
5068
5068
5046
5076
5050
5039
5013
5069
5047
5105
5102
5066
5066
5062
5114
5058
5027
5021
5047
5029
5023
5106
5090
5136
5150
5147
5119
5109
5093
5131
5131
5102
5066
5014
4966
5015
4983
4879
4879
4943
4927
4927
4858
4846
4858
4858
4860
4782
4783
4745
4769
4736
4735
4712
4718
4720
4719
4676
4664
4668
4646
4646
4667
4667
4664
4622
4616
4642
4617
4635
4662
4662
4662
4637
4618
4657
4652
4665
4789
4775
4817
4817
4788
4787
4825
4781
4840
4823
4764
4752
4772
4752
4747
4826
4753
4699
4699
4681
4709
4765
4779
4779
4760
4792
4711
4712
4703
4703
4673
4673
4749
4807
4806
4813
4813
4813
4662
4662
4718
4668
4682
4683
4708
4703
4693
4727
4792
4888
4956
4956
5033
4959
4922
4878
4878
4844
4766
4757
4752
4757
4817
4781
4781
4754
4764
4763
4779
4750
4707
4707
4707
4748
4876
4871
4869
4932
4959
4988
4988
4988
4969
4967
4906
4949
5009
5006
5036
5024
5040
4978
4978
4954
4954
4888
4884
4860
4814
4757
4782
4777
4718
4718
4707
4806
4772
4772
4739
4772
4798
4821
4821
4842
4842
4833
4833
4900
4898
4910
4892
4797
4800
4792
4856
4849
4865
4904
4863
4833
4833
4804
4854
4840
4825
4825
4794
4792
4792
4792
4802
4861
4822
4806
4729
4763
4724
4705
4705
4761
4828
4849
4848
4818
4802
4813
4819
4819
4873
4949
4978
4978
4925
4887
4905
4968
4991
5004
5003
4959
4959
5018
5025
5053
4985
5039
5039
5032
5033
5110
5191
5191
5093
5029
5113
5118
5098
5013
4992
4955
4941
4953
4944
4959
4980
4925
4880
4880
4896
4891
4886
4860
4806
4806
4806
4780
4787
4832
4832
4770
4739
4698
4675
4740
4769
4762
4718
4757
4778
4850
4901
4880
4865
4875
4862
4850
4842
4855
4859
4842
4865
4831
4831
4785
4821
4821
4821
4839
4839
4807
4853
4842
4831
4767
4825
4818
4871
4825
4799
4756
4806
4782
4742
4742
4783
4717
4717
4751
4730
4726
4715
4703
4728
4771
4791
4737
4689
4674
4768
4755
4723
4723
4702
4725
4777
4763
4743
4819
4784
4818
4843
4813
4857
4847
4876
4853
4833
4886
4895
4949
4941
4849
4849
4856
4868
4925
4975
4935
4944
4886
4990
4980
4985
5024
5039
4975
5087
5128
5125
5136
5136
5136
5145
5159
5159
5085
5172
5043
5062
5018
5018
4872
4834
4826
4803
4803
4780
4863
4809
4867
4934
4891
4891
4893
4847
4834
4907
4820
4820
4820
4802
4774
4809
4816
4777
4768
4850
4831
4762
4749
4716
4716
4675
4616
4648
4648
4683
4808
4882
4899
4871
4775
4744
4801
4797
4797
4797
4851
4833
4828
4829
4871
4854
4854
4854
4908
4908
4881
4892
4892
4911
4868
4927
4919
4898
4873
4792
4792
4710
4680
4739
4767
4797
4794
4839
4827
4818
4872
4950
4998
4966
5037
5007
5010
5010
4972
5016
5003
5028
4993
5005
4945
4971
4980
5043
5026
5003
5135
5164
5133
5059
5049
5016
4983
5059
5008
5024
5045
5045
5066
5043
4984
4942
4927
4969
4954
4954
4972
4986
5038
4997
4997
4951
4960
5002
5027
5006
5006
4998
4978
4941
4953
4963
4931
4933
4933
4872
4839
4870
4840
4799
4820
4810
4834
4814
4826
4947
4993
4979
4949
4916
4908
4893
4906
4906
4906
4906
4891
4832
4820
4904
4889
4889
4889
4928
4956
5015
5098
5118
5101
5083
5090
5090
5007
4982
5093
5151
5017
5044
5075
5127
5151
5185
5173
5149
5085
5102
5095
5095
5193
5193
5214
5210
5187
5106
5069
5048
4955
4909
4889
4889
4889
4876
4830
4830
4861
4856
4799
4829
4799
4826
4840
4835
4827
4866
4864
4886
4886
4892
4885
4901
5029
4981
4929
4858
4852
4845
4845
4804
4835
4818
4829
4879
4836
4836
4836
4850
4775
4822
4804
4846
4846
4893
4893
4926
4876
4846
4782
4788
4819
4837
4822
4796
4750
4821
4850
4828
4866
4840
4798
4882
4882
4814
4786
4786
4787
4773
4836
4836
4836
4848
4832
4828
4828
4844
4857
4887
4888
4926
4930
4905
4930
4933
4935
4841
4866
4866
4821
4843
4907
4844
4814
4814
4920
4892
4850
4774
4727
4759
4718
4653
4670
4658
4617
4666
4669
4669
4731
4790
4823
4848
4848
4899
4905
4901
4901
4851
4842
4785
4835
4843
4860
4919
4952
4952
4954
4834
4833
4846
4770
4773
4804
4804
4804
4805
4805
4805
4824
4804
4737
4755
4670
4693
4655
4663
4659
4731
4731
4693
4638
4670
4651
4651
4682
4608
4635
4635
4621
4710
4756
4657
4637
4644
4644
4625
4625
4707
4662
4691
4678
4701
4673
4695
4702
4743
4797
4805
4843
4806
4806
4743
4743
4704
4722
4753
4717
4788
4788
4783
4798
4798
4811
4831
4790
4790
4827
4830
4790
4804
4824
4856
4882
4873
4837
4918
4918
4923
4871
4857
4903
4845
4845
4840
4840
4850
4771
4834
4753
4741
4741
4684
4684
4684
4681
4681
4702
4702
4685
4769
4686
4736
4736
4820
4803
4839
4780
4812
4944
4823
4845
4812
4812
4799
4778
4757
4757
4887
4932
4932
4896
4903
4823
4803
4849
4849
4788
4853
4814
4915
4915
4915
4902
4850
4773
4740
4740
4782
4782
4776
4814
4871
4871
4884
4884
4885
4906
4789
4789
4759
4751
4819
4735
4735
4735
4735
4735
4776
4776
4799
4760
4786
4746
4764
4765
4706
4678
4694
4694
4694
4690
4703
4703
4682
4686
4664
4669
4698
4706
4746
4765
4753
4753
4769
4724
4724
4681
4721
4809
4774
4775
4796
4777
4759
4796
4817
4811
4802
4854
4825
4867
4867
4782
4786
4786
4781
4744
4744
4779
4779
4779
4773
4823
4826
4775
4893
4892
4896
4909
4925
4925
4925
4952
4919
4919
4901
4914
4889
4868
4809
4792
4792
4768
4768
4804
4788
4803
4791
4791
4722
4722
4770
4749
4835
4794
4689
4689
4690
4701
4713
4728
4741
4732
4707
4729
4804
4757
4782
4754
4730
4730
4778
4688
4662
4723
4700
4700
4616
4700
4700
4700
4705
4733
4724
4753
4760
4760
4773
4860
4901
4947
4895
4827
4791
4715
4754
4754
4754
4754
4754
4827
4897
4938
4976
4957
4964
4964
4893
4845
4872
4804
4824
4842
4810
4835
4835
4835
4854
4770
4783
4808
4776
4776
4774
4774
4743
4770
4777
4786
4721
4721
4701
4689
4730
4696
4696
4674
4683
4725
4778
4741
4693
4622
4635
4635
4628
4628
4688
4780
4758
4790
4760
4733
4720
4705
4679
4681
4711
4711
4711
4705
4744
4744
4685
4692
4698
4698
4698
4665
4719
4719
4739
4739
4765
4765
4831
4830
4755
4773
4773
4882
4993
4975
4978
4990
5028
4984
4980
4980
4980
4980
5014
5005
4996
4994
4994
4955
4955
4955
4955
5057
4997
4949
4915
4909
4887
4898
4893
4893
4804
4783
4759
4795
4847
4869
4869
4869
4834
4797
4791
4791
4721
4689
4632
4669
4669
4692
4692
4692
4661
4683
4649
4649
4657
4646
4636
4647
4648
4638
4583
4656
4677
4680
4680
4655
4646
4682
4710
4710
4764
4725
4778
4778
4736
4736
4795
4752
4787
4757
4694
4672
4701
4690
4693
4697
4687
4687
4743
4720
4720
4712
4712
4667
4745
4707
4745
4746
4706
4644
4734
4731
4689
4698
4669
4669
4757
4783
4783
4783
4783
4837
4870
4874
4856
4826
4904
4880
4870
4870
4897
4910
4910
4855
4799
4810
4892
4831
4770
4769
4802
4802
4820
4782
4787
4810
4828
4856
4838
4838
4785
4785
4732
4740
4832
4862
4879
4949
4949
4890
4890
4894
4894
4899
4892
4868
4824
4925
4950
4910
4902
4851
4766
4716
4725
4653
4726
4692
4692
4712
4758
4725
4824
4884
4813
4864
4856
4856
4840
4864
4871
4871
4881
4881
4881
4881
4841
4852
4818
4807
4780
4796
4832
4874
4874
4833
4753
4715
4774
4775
4775
4787
4775
4775
4775
4704
4704
4704
4711
4743
4779
4779
4779
4779
4779
4755
4752
4752
4717
4744
4764
4746
4761
4763
4818
4740
4723
4710
4710
4734
4734
4740
4787
4787
4777
4834
4753
4753
4736
4736
4688
4723
4723
4766
4773
4750
4755
4798
4773
4798
4883
4883
4910
4913
4922
4925
4925
4935
4916
4908
4879
4857
4894
4819
4889
4854
4876
4855
4884
4867
4829
4908
4871
4786
4786
4786
4749
4788
4733
4733
4750
4712
4712
4712
4712
4712
4714
4706
4682
4688
4688
4688
4688
4709
4719
4719
4739
4739
4739
4739
4739
4739
4760
4822
4811
4791
4791
4791
4791
4708
4708
4780
4825
4825
4824
4809
4732
4732
4755
4755
4821
4731
4709
4693
4667
4677
4677
4665
4650
4678
4662
4662
4764
4713
4713
4690
4678
4678
4678
4645
4645
4690
4772
4780
4763
4761
4757
4753
4753
4731
4731
4741
4679
4717
4699
4594
4607
4607
4637
4570
4578
4578
4633
4620
4590
4632
4611
4611
4683
4683
4615
4689
4673
4641
4641
4613
4613
4621
4703
4703
4703
4772
4785
4638
4629
4642
4740
4750
4735
4698
4645
4707
4707
4707
4681
4681
4708
4708
4731
4731
4692
4675
4675
4681
4655
4653
4568
4616
4586
4584
4586
4630
4626
4626
4665
4665
4671
4671
4671
4680
4659
4702
4762
4752
4752
4752
4790
4796
4796
4814
4810
4800
4809
4809
4809
4808
4808
4802
4783
4783
4783
4783
4804
4761
4761
4764
4767
4767
4752
4798
4786
4761
4730
4730
4730
4730
4849
4849
4849
4803
4803
4697
4746
4746
4704
4698
4777
4782
4782
4782
4812
4738
4707
4757
4757
4757
4737
4737
4747
4768
4768
4767
4769
4769
4745
4747
4686
4688
4713
4693
4693
4693
4693
4669
4688
4688
4688
4714
4714
4714
4682
4682
4733
4704
4699
4699
4763
4705
4705
4681
4677
4720
4711
4699
4720
4722
4790
4779
4744
4700
4708
4656
4645
4655
4669
4573
4553
4581
4593
4593
4593
4658
4688
4688
4665
4668
4608
4622
4611
4674
4764
4753
4801
4842
4826
4761
4759
4723
4743
4746
4758
4758
4758
4758
4758
4738
4738
4738
4823
4885
4912
4912
4912
4917
4848
4848
4801
4849
4849
4857
4854
4854
4861
4861
4810
4824
4786
4810
4810
4853
4850
4842
4904
4906
4906
4993
4931
4818
4815
4815
4811
4801
4767
4857
4826
4763
4771
4771
4776
4762
4762
4762
4762
4801
4773
4764
4795
4795
4792
4792
4783
4813
4796
4865
4865
4839
4828
4867
4772
4786
4815
4802
4758
4816
4816
4808
4813
4849
4849
4905
4843
4843
4866
4846
4846
4830
4749
4733
4759
4762
4812
4812
4776
4828
4763
4813
4863
4863
4855
4852
4861
4861
4882
4919
4840
4855
4795
4766
4807
4792
4871
4872
4881
4881
4901
4783
4819
4720
4733
4739
4778
4833
4771
4787
4784
4775
4775
4778
4797
4797
4768
4786
4841
4828
4828
4758
4758
4707
4731
4606
4630
4675
4680
4651
4666
4672
4660
4685
4671
4671
4671
4671
4671
4682
4730
4710
4703
4676
4676
4663
4750
4715
4642
4642
4593
4576
4581
4571
4560
4573
4552
4522
4554
4580
4524
4524
4524
4527
4562
4566
4566
4599
4565
4515
4503
4520
4554
4534
4534
4534
4534
4573
4573
4573
4573
4573
4641
4636
4636
4609
4581
4539
4667
4697
4745
4737
4773
4773
4759
4757
4757
4757
4781
4787
4746
4792
4817
4899
4899
4866
4872
4833
4833
4775
4775
4734
4734
4734
4679
4709
4709
4709
4747
4750
4755
4755
4755
4631
4621
4641
4638
4645
4545
4543
4568
4568
4592
4601
4584
4588
4591
4518
4581
4614
4595
4549
4511
4539
4566
4566
4702
4702
4667
4727
4708
4678
4714
4714
4679
4650
4650
4650
4689
4719
4701
4701
4754
4754
4754
4754
4754
4724
4724
4724
4724
4749
4749
4779
4780
4790
4771
4767
4805
4774
4774
4774
4813
4832
4859
4807
4812
4797
4797
4747
4786
4799
4846
4844
4819
4847
4827
4826
4836
4836
4844
4740
4793
4768
4803
4803
4845
4800
4820
4811
4770
4790
4788
4786
4813
4844
4836
4836
4836
4810
4815
4779
4788
4788
4788
4788
4790
4790
4790
4790
4758
4758
4758
4751
4741
4745
4741
4715
4694
4693
4689
4685
4685
4711
4657
4671
4681
4681
4681
4702
4680
4736
4727
4691
4689
4689
4666
4656
4670
4682
4651
4677
4708
4735
4699
4738
4732
4732
4612
4576
4576
4576
4611
4611
4611
4619
4612
4622
4661
4701
4673
4657
4657
4675
4675
4674
4632
4632
4649
4649
4666
4622
4622
4627
4627
4629
4659
4704
4704
4704
4758
4811
4829
4822
4797
4833
4845
4845
4845
4872
4872
4844
4781
4717
4656
4656
4652
4679
4693
4693
4615
4615
4640
4640
4640
4640
4577
4577
4576
4576
4592
4555
4555
4551
4553
4556
4652
4665
4622
4622
4622
4622
4619
4639
4711
4724
4755
4717
4701
4648
4648
4620
4635
4667
4672
4672
4672
4759
4727
4739
4730
4690
4721
4721
4744
4755
4765
4770
4769
4743
4733
4711
4711
4711
4711
4711
4688
4666
4683
4667
4699
4699
4739
4687
4790
4791
4792
4832
4828
4814
4804
4817
4833
4793
4761
4773
4773
4831
4863
4855
4767
4788
4812
4816
4760
4760
4774
4799
4759
4759
4726
4728
4720
4801
4759
4796
4853
4845
4869
4855
4843
4836
4801
4799
4756
4792
4734
4748
4721
4714
4714
4737
4737
4849
4883
4883
4883
4873
4873
4868
4936
4936
4914
4914
4856
4856
4922
4895
4960
4954
5003
4975
4884
4884
4880
4881
4881
4881
4881
4881
4881
4840
4842
4842
4842
4829
4829
4896
4906
4915
4939
4839
4826
4813
4732
4715
4702
4680
4708
4708
4708
4760
4760
4760
4724
4777
4777
4781
4833
4814
4843
4843
4848
4702
4686
4714
4714
4714
4699
4695
4702
4706
4655
4655
4655
4671
4671
4695
4671
4709
4726
4726
4726
4726
4705
4705
4705
4725
4725
4725
4756
4761
4754
4754
4733
4733
4695
4695
4643
4658
4658
4658
4658
4645
4645
4629
4674
4623
4660
4660
4657
4657
4657
4636
4636
4636
4636
4726
4726
4708
4708
4708
4615
4614
4591
4618
4618
4618
4618
4615
4615
4615
4607
4631
4653
4628
4628
4628
4591
4624
4624
4753
4722
4709
4793
4793
4807
4720
4662
4662
4603
4603
4603
4586
4584
4628
4652
4652
4652
4703
4677
4667
4695
4695
4695
4695
4647
4684
4677
4653
4692
4692
4702
4670
4683
4683
4683
4683
4725
4727
4712
4712
4642
4642
4624
4622
4622
4612
4603
4639
4634
4683
4645
4645
4645
4566
4617
4617
4617
4640
4640
4640
4640
4640
4640
4653
4599
4645
4645
4645
4645
4690
4690
4690
4714
4710
4710
4710
4707
4698
4590
4572
4572
4572
4572
4545
4549
4554
4585
4589
4589
4565
4565
4565
4615
4615
4615
4671
4667
4667
4667
4658
4617
4644
4615
4629
4647
4563
4590
4590
4623
4623
4626
4610
4610
4610
4596
4632
4603
4603
4611
4611
4611
4611
4611
4611
4588
4588
4588
4588
4609
4609
4599
4657
4689
4680
4672
4631
4631
4631
4551
4550
4550
4550
4555
4555
4532
4475
4523
4538
4513
4532
4574
4630
4669
4690
4724
4712
4693
4699
4637
4644
4644
4637
4664
4639
4664
4693
4683
4680
4706
4679
4753
4819
4802
4802
4802
4802
4810
4810
4810
4798
4762
4762
4774
4770
4751
4714
4714
4640
4672
4666
4666
4649
4674
4674
4673
4657
4657
4657
4657
4609
4562
4562
4598
4598
4556
4569
4594
4594
4594
4594
4594
4594
4594
4598
4598
4598
4598
4598
4598
4631
4606
4633
4633
4633
4658
4675
4675
4675
4675
4689
4634
4644
4627
4624
4503
4490
4462
4457
4457
4457
4464
4453
4453
4463
4489
4489
4489
4505
4527
4493
4493
4493
4493
4535
4557
4568
4568
4568
4581
4581
4581
4581
4570
4660
4614
4631
4637
4646
4638
4638
4695
4714
4722
4722
4673
4662
4662
4630
4588
4593
4548
4551
4551
4563
4563
4542
4575
4628
4617
4629
4643
4643
4643
4643
4643
4651
4651
4646
4646
4665
4643
4620
4622
4654
4654
4685
4683
4683
4683
4683
4663
4663
4690
4672
4672
4662
4669
4694
4694
4657
4657
4627
4627
4640
4640
4640
4640
4640
4696
4686
4686
4686
4686
4594
4633
4648
4648
4648
4666
4675
4675
4624
4631
4617
4720
4667
4645
4597
4584
4584
4572
4572
4572
4572
4572
4572
4572
4578
4565
4565
4562
4560
4645
4618
4637
4596
4596
4576
4670
4731
4684
4704
4732
4703
4703
4703
4673
4672
4678
4678
4669
4669
4669
4742
4742
4738
4748
4688
4648
4720
4672
4672
4652
4652
4652
4637
4637
4637
4637
4588
4605
4605
4607
4607
4621
4621
4630
4633
4633
4632
4625
4621
4673
4559
4535
4535
4535
4601
4601
4597
4596
4596
4596
4561
4547
4547
4495
4564
4564
4564
4564
4565
4520
4573
4625
4655
4645
4645
4645
4645
4645
4600
4577
4568
4567
4510
4519
4519
4542
4542
4525
4525
4525
4525
4521
4512
4512
4487
4502
4497
4498
4498
4442
4415
4436
4436
4436
4436
4436
4439
4439
4405
4393
4409
4409
4403
4403
4424
4419
4382
4348
4348
4348
4350
4383
4378
4378
4378
4378
4378
4378
4410
4405
4405
4405
4371
4371
4365
4365
4394
4394
4394
4394
4400
4425
4384
4361
4361
4361
4361
4361
4427
4427
4427
4438
4374
4374
4374
4374
4359
4328
4328
4328
4328
4339
4339
4339
4339
4339
4373
4373
4412
4371
4454
4444
4444
4444
4444
4444
4476
4476
4476
4475
4475
4475
4449
4449
4491
4491
4491
4491
4491
4491
4491
4491
4473
4469
4469
4508
4508
4510
4483
4483
4468
4468
4468
4468
4468
4468
4468
4432
4432
4432
4432
4432
4432
4432
4465
4465
4465
4450
4424
4424
4424
4441
4466
4432
4438
4466
4470
4470
4470
4472
4473
4473
4481
4481
4481
4481
4481
4513
4513
4513
4508
4577
4577
4577
4615
4615
4661
4652
4652
4671
4701
4701
4681
4656
4648
4604
4604
4604
4661
4661
4661
4643
4588
4626
4570
4570
4578
4569
4578
4578
4578
4578
4555
4520
4520
4489
4489
4489
4492
4492
4492
4492
4492
4433
4482
4482
4488
4488
4488
4488
4488
4488
4475
4475
4442
4442
4442
4355
4355
4355
4355
4355
4365
4381
4427
4427
4427
4370
4370
4438
4460
4460
4460
4482
4504
4504
4504
4504
4504
4504
4481
4487
4487
4487
4487
4474
4488
4468
4470
4510
4506
4520
4520
4520
4520
4511
4497
4497
4497
4497
4541
4541
4540
4540
4525
4525
4489
4516
4530
4505
4502
4502
4502
4502
4562
4562
4586
4586
4586
4593
4555
4555
4569
4575
4575
4575
4575
4575
4581
4587
4587
4582
4555
4548
4580
4580
4580
4589
4596
4601
4587
4585
4547
4547
4545
4532
4529
4529
4538
4546
4542
4542
4542
4542
4542
4528
4505
4486
4486
4486
4501
4501
4547
4547
4547
4556
4556
4556
4556
4500
4500
4497
4492
4492
4492
4474
4537
4524
4558
4553
4553
4553
4553
4570
4613
4633
4621
4659
4572
4652
4624
4560
4531
4531
4569
4595
4632
4632
4634
4635
4567
4567
4538
4474
4474
4474
4474
4474
4452
4452
4452
4452
4452
4452
4452
4452
4395
4395
4395
4395
4395
4408
4408
4403
4403
4430
4430
4430
4472
4472
4472
4472
4472
4472
4488
4488
4488
4488
4536
4552
4538
4503
4503
4503
4503
4508
4508
4508
4508
4508
4508
4508
4508
4508
4519
4516
4516
4516
4540
4540
4521
4550
4567
4567
4567
4567
4567
4573
4573
4573
4573
4538
4538
4538
4538
4549
4547
4538
4538
4510
4510
4510
4514
4514
4514
4515
4515
4528
4528
4517
4526
4526
4526
4565
4594
4594
4608
4644
4660
4660
4660
4660
4634
4643
4617
4597
4597
4553
4546
4513
4513
4513
4513
4495
4495
4495
4495
4533
4533
4533
4533
4533
4533
4551
4518
4518
4518
4518
4518
4482
4482
4468
4468
4536
4549
4515
4516
4516
4516
4516
4516
4519
4526
4534
4534
4534
4534
4534
4596
4596
4621
4621
4634
4622
4622
4637
4637
4634
4634
4634
4590
4590
4590
4566
4566
4566
4566
4546
4527
4531
4531
4531
4531
4504
4482
4467
4491
4506
4506
4539
4539
4539
4539
4523
4523
4550
4531
4535
4654
4654
4654
4654
4640
4617
4617
4576
4576
4576
4568
4558
4558
4558
4561
4544
4544
4549
4549
4549
4549
4549
4565
4565
4565
4583
4583
4583
4530
4530
4530
4530
4530
4530
4539
4587
4587
4595
4595
4595
4595
4584
4557
4557
4571
4571
4571
4571
4520
4582
4582
4582
4548
4566
4564
4542
4553
4553
4562
4539
4539
4509
4445
4445
4444
4444
4472
4499
4516
4475
4475
4475
4475
4475
4501
4475
4467
4467
4467
4467
4495
4550
4550
4550
4550
4525
4525
4525
4493
4493
4493
4493
4493
4497
4499
4499
4499
4488
4497
4497
4497
4497
4497
4429
4429
4429
4429
4427
4427
4427
4427
4427
4427
4427
4428
4411
4421
4457
4457
4457
4457
4457
4457
4457
4529
4491
4491
4505
4505
4526
4500
4518
4551
4580
4580
4504
4503
4503
4503
4503
4503
4503
4503
4503
4503
4503
4503
4503
4503
4478
4478
4471
4471
4480
4480
4466
4466
4484
4484
4484
4484
4501
4501
4481
4481
4481
4471
4471
4513
4513
4513
4513
4513
4513
4518
4518
4525
4501
4501
4474
4474
4474
4470
4439
4439
4386
4386
4358
4358
4359
4359
4359
4359
4359
4355
4371
4370
4377
4332
4332
4332
4332
4332
4323
4323
4332
4344
4344
4344
4390
4396
4396
4388
4373
4349
4349
4365
4365
4365
4384
4384
4384
4384
4402
4402
4402
4402
4405
4411
4411
4411
4411
4411
4411
4411
4396
4396
4396
4418
4418
4418
4437
4427
4440
4439
4422
4422
4422
4422
4422
4422
4422
4422
4422
4422
4422
4422
4422
4422
4422
4441
4441
4441
4441
4375
4360
4360
4360
4360
4360
4360
4360
4372
4372
4372
4372
4372
4358
4358
4358
4358
4358
4358
4358
4358
4358
4358
4358
4360
4360
4358
4358
4358
4358
4358
4356
4356
4356
4348
4369
4369
4371
4371
4371
4371
4371
4371
4371
4371
4371
4371
4371
4399
4393
4393
4393
4386
4386
4379
4379
4344
4344
4344
4349
4353
4353
4353
4353
4353
4339
4339
4369
4369
4369
4369
4369
4369
4369
4369
4369
4369
4369
4369
4369
4369
4415
4394
4394
4392
4430
4411
4409
4410
4411
4411
4411
4411
4411
4408
4408
4408
4408
4431
4392
4392
4392
4392
4356
4356
4356
4356
4356
4387
4387
4419
4419
4419
4419
4409
4409
4409
4409
4424
4424
4424
4397
4397
4397
4460
4458
4515
4481
4504
4507
4507
4507
4466
4470
4445
4445
4494
4452
4452
4462
4462
4474
4475
4475
4479
4439
4439
4439
4450
4450
4420
4420
4413
4421
4421
4395
4395
4395
4395
4395
4395
4395
4393
4393
4406
4406
4406
4393
4405
4405
4407
4407
4407
4407
4401
4452
4452
4452
4452
4444
4444
4434
4434
4452
4452
4452
4466
4466
4466
4470
4470
4484
4484
4484
4431
4431
4431
4431
4451
4451
4444
4444
4444
4422
4422
4422
4422
4432
4432
4432
4462
4462
4462
4462
4413
4413
4413
4413
4413
4413
4413
4413
4382
4355
4355
4355
4355
4393
4393
4393
4393
4393
4393
4444
4444
4444
4444
4442
4442
4463
4434
4425
4425
4421
4421
4492
4488
4488
4449
4449
4449
4438
4438
4413
4413
4413
4383
4383
4391
4398
4398
4464
4464
4464
4464
4464
4464
4464
4464
4464
4464
4459
4468
4468
4468
4468
4468
4468
4494
4442
4442
4442
4442
4426
4426
4426
4431
4431
4431
4431
4431
4431
4431
4410
4410
4410
4410
4410
4414
4414
4414
4414
4414
4414
4414
4437
4439
4439
4439
4440
4447
4402
4397
4397
4397
4397
4397
4397
4397
4397
4394
4394
4394
4394
4394
4389
4389
4389
4389
4369
4369
4369
4369
4369
4369
4369
4353
4364
4364
4364
4357
4329
4329
4329
4329
4327
4327
4327
4327
4327
4327
4327
4327
4327
4327
4328
4328
4328
4377
4377
4377
4377
4377
4385
4382
4382
4384
4384
4384
4384
4392
4387
4387
4365
4365
4365
4365
4365
4365
4367
4367
4367
4367
4367
4367
4367
4367
4367
4338
4318
4318
4329
4329
4329
4329
4329
4329
4363
4363
4363
4363
4363
4366
4366
4366
4366
4366
4383
4383
4383
4383
4383
4382
4382
4449
4461
4428
4402
4402
4402
4403
4404
4470
4405
4442
4442
4442
4415
4415
4416
4416
4431
4431
4431
4431
4413
4440
4440
4440
4440
4440
4440
4470
4470
4470
4470
4470
4470
4470
4470
4470
4470
4492
4492
4492
4492
4492
4492
4492
4492
4492
4506
4506
4526
4526
4526
4526
4490
4490
4490
4488
4488
4488
4488
4488
4488
4486
4505
4505
4505
4505
4505
4505
4504
4504
4467
4467
4467
4467
4467
4444
4378
4378
4378
4378
4378
4378
4378
4378
4378
4378
4378
4359
4359
4359
4359
4359
4359
4359
4359
4359
4359
4359
4359
4391
4402
4402
4402
4402
4402
4402
4413
4413
4413
4401
4401
4401
4401
4401
4401
4401
4401
4401
4401
4401
4419
4419
4419
4419
4419
4419
4419
4419
4419
4419
4419
4419
4419
4419
4381
4381
4381
4381
4382
4382
4382
4382
4382
4382
4382
4382
4382
4382
4382
4382
4382
4382
4382
4382
4382
4382
4382
4382
4382
4402
4402
4390
4390
4390
4390
4390
4390
4423
4423
4423
4423
4457
4424
4424
4424
4424
4424
4424
4424
4424
4424
4424
4424
4424
4424
4425
4425
4388
4388
4388
4388
4388
4388
4388
4388
4388
4388
4388
4381
4381
4381
4381
4381
4381
4386
4386
4386
4386
4386
4386
4386
4341
4341
4341
4341
4341
4341
4341
4341
4341
4341
4341
4341
4341
4341
4341
4341
4341
4341
4341
4341
4341
4341
4341
4341
4341
4341
4341
4341
4341
4341
4341
4341
4382
4382
4382
4382
4382
4382
4382
4382
4382
4382
4383
4383
4378
4378
4378
4378
4378
4378
4360
4360
4360
4360
4360
4360
4360
4387
4384
4384
4384
4384
4384
4384
4390
4390
4415
4415
4399
4399
4399
4364
4364
4388
4381
4381
4390
4390
4360
4360
4360
4360
4360
4360
4346
4346
4346
4346
4346
4346
4346
4346
4346
4346
4346
4346
4346
4346
4346
4346
4346
4346
4346
4346
4367
4367
4367
4367
4367
4367
4367
4367
4367
4367
4367
4367
4367
4367
4363
4383
4383
4353
4353
4353
4354
4354
4354
4354
4354
4354
4354
4354
4382
4386
4359
4359
4359
4359
4359
4359
4359
4378
4378
4378
4378
4378
4378
4378
4378
4378
4383
4379
4379
4379
4359
4359
4359
4359
4359
4359
4359
4359
4359
4359
4359
4359
4359
4359
4359
4359
4359
4359
4359
4374
4374
4374
4374
4374
4374
4374
4374
4350
4350
4350
4350
4350
4350
4350
4350
4350
4350
4350
4350
4350
4350
4350
4350
4350
4350
4345
4345
4331
4336
4336
4336
4345
4345
4345
4345
4345
4345
4345
4345
4345
4345
4345
4349
4349
4349
4349
4349
4349
4349
4349
4349
4349
4349
4349
4312
4312
4312
4321
4321
4321
4321
4321
4321
4321
4321
4309
4309
4309
4297
4297
4297
4297
4306
4306
4306
4306
4306
4306
4303
4303
4294
4294
4294
4294
4294
4294
4294
4294
4294
4294
4294
4290
4290
4290
4290
4290
4290
4290
4290
4290
4290
4290
4290
4290
4290
4290
4290
4290
4290
4290
4290
4290
4290
4290
4290
4290
4290
4290
4290
4290
4290
4290
4290
4299
4299
4299
4299
4299
4299
4299
4299
4299
4299
4299
4299
4299
4299
4299
4299
4299
4299
4299
4299
4299
4299
4299
4299
4299
4299
4306
4306
4306
4306
4306
4306
4306
4306
4306
4316
4316
4316
4326
4326
4326
4326
4326
4326
4326
4323
4323
4287
4287
4287
4287
4287
4287
4287
4287
4287
4287
4287
4287
4287
4287
4287
4287
4292
4292
4292
4292
4267
4267
4267
4267
4267
4267
4267
4267
4267
4267
4267
4267
4267
4267
4267
4267
4267
4267
4267
4267
4267
4267
4267
4267
4267
4267
4267
4267
4267
4267
4267
4267
4267
4267
4267
4267
4267
4267
4267
4267
4267
4267
4267
4279
4279
4279
4279
4279
4279
4279
4279
4279
4279
4272
4272
4272
4272
4272
4272
4272
4272
4272
4272
4272
4272
4285
4285
4285
4285
4308
4308
4308
4324
4324
4328
4328
4327
4327
4327
4327
4327
4327
4327
4327
4327
4327
4327
4327
4327
4327
4327
4335
4340
4324
4355
4355
4355
4355
4355
4355
4351
4351
4351
4351
4351
4351
4351
4353
4353
4353
4324
4324
4324
4324
4324
4324
4324
4324
4324
4324
4321
4321
4321
4321
4321
4316
4316
4316
4316
4316
4316
4316
4316
4316
4316
4286
4286
4283
4283
4283
4283
4283
4283
4283
4283
4283
4283
4283
4283
4283
4283
4283
4283
4283
4283
4283
4281
4271
4271
4271
4271
4271
4271
4264
4264
4264
4264
4264
4264
4264
4264
4264
4271
4268
4268
4268
4268
4268
4268
4268
4268
4268
4268
4268
4261
4261
4261
4261
4261
4261
4261
4261
4261
4261
4261
4261
4261
4261
4261
4261
4261
4261
4261
4261
4261
4261
4261
4261
4261
4261
4261
4261
4261
4261
4261
4261
4261
4261
4261
4261
4261
4262
4262
4262
4262
4262
4262
4262
4262
4262
4262
4262
4262
4262
4262
4262
4262
4262
4262
4262
4262
4262
4262
4262
4262
4262
4262
4262
4262
4262
4262
4262
4262
4262
4262
4262
4262
4262
4262
4262
4262
4262
4262
4262
4262
4262
4262
4262
4262
4262
4262
4262
4262
4262
4262
4262
4262
4262
4262
4262
4262
4262
4262
4262
4262
4262
4262
4262
4262
4262
4262
4262
4262
4262
4262
4262
4262
4262
4262
4262
4260
4260
4260
4260
4260
4260
4260
4260
4260
4260
4260
4260
4276
4276
4276
4267
4267
4267
4267
4259
4259
4259
4259
4259
4259
4257
4257
4257
4257
4256
4256
4256
4256
4256
4256
4256
4254
4254
4254
4254
4254
4254
4254
4254
4256
4252
4247
4247
4247
4247
4247
4247
4247
4247
4247
4265
4265
4265
4265
4263
4263
4263
4263
4263
4252
4252
4252
4252
4252
4252
4252
4252
4252
4252
4252
4252
4260
4260
4260
4260
4260
4260
4260
4266
4266
4266
4266
4266
4266
4266
4266
4266
4266
4266
4266
4266
4266
4266
4266
4266
4266
4266
4266
4266
4266
4266
4266
4239
4239
4239
4239
4239
4239
4239
4239
4239
4239
4239
4239
4239
4239
4239
4239
4239
4239
4239
4239
4239
4239
4239
4239
4239
4239
4239
4239
4239
4239
4239
4238
4238
4238
4238
4238
4238
4223
4223
4223
4212
4212
4212
4212
4212
4212
4212
4212
4212
4212
4212
4212
4212
4212
4212
4212
4212
4212
4212
4212
4212
4212
4212
4212
4212
4212
4212
4212
4212
4212
4212
4212
4212
4212
4215
4215
4215
4215
4215
4215
4215
4215
4215
4215
4215
4215
4215
4215
4215
4215
4215
4215
4215
4215
4215
4215
4215
4215
4215
4215
4215
4215
4215
4215
4215
4215
4215
4215
4215
4215
4215
4215
4215
4215
4215
4215
4215
4215
4215
4215
4215
4215
4215
4215
4215
4215
4215
4215
4215
4215
4215
4215
4215
4215
4215
4215
4215
4215
4215
4215
4215
4215
4215
4215
4215
4215
4215
4215
4215
4197
4197
4197
4197
4197
4197
4197
4197
4197
4197
4197
4197
4197
4197
4197
4193
4193
4193
4193
4193
4193
4193
4193
4193
4193
4211
4211
4211
4211
4211
4211
4211
4211
4211
4211
4211
4205
4205
4205
4205
4205
4205
4205
4205
4205
4207
4207
4207
4207
4207
4207
4207
4207
4184
4184
4184
4184
4184
4184
4184
4184
4184
4184
4184
4184
4184
4184
4184
4184
4184
4184
4184
4184
4184
4184
4184
4184
4184
4179
4179
4179
4179
4179
4179
4179
4179
4179
4179
4179
4179
4179
4179
4179
4179
4179
4179
4179
4179
4179
4179
4179
4179
4179
4179
4179
4179
4218
4218
4218
4218
4218
4218
4218
4218
4213
4213
4213
4213
4213
4213
4213
4213
4213
4213
4205
4205
4207
4201
4201
4199
4199
4199
4199
4199
4199
4199
4199
4199
4199
4199
4199
4199
4199
4199
4199
4199
4199
4199
4199
4199
4199
4199
4199
4199
4199
4199
4199
4199
4199
4199
4199
4199
4199
4199
4199
4199
4199
4199
4199
4199
4199
4199
4199
4199
4199
4199
4199
4199
4199
4199
4199
4199
4199
4199
4199
4199
4199
4199
4199
4199
4199
4199
4199
4204
4204
4204
4204
4204
4204
4204
4204
4204
4204
4204
4204
4204
4204
4204
4204
4204
4204
4204
4204
4204
4204
4204
4204
4204
4204
4204
4204
4204
4204
4204
4204
4204
4204
4203
4203
4203
4203
4203
4203
4203
4203
4203
4203
4203
4203
4203
4203
4203
4203
4182
4182
4182
4182
4182
4182
4182
4182
4182
4182
4182
4182
4182
4182
4182
4182
4182
4182
4182
4182
4182
4182
4182
4182
4182
4182
4182
4182
4182
4184
4184
4184
4184
4184
4184
4184
4184
4184
4184
4184
4184
4184
4184
4184
4184
4184
4184
4184
4184
4184
4184
4184
4184
4184
4183
4183
4183
4183
4183
4183
4183
4183
4183
4183
4183
4183
4183
4183
4183
4183
4183
4183
4183
4183
4183
4183
4183
4183
4183
4183
4183
4183
4188
4188
4188
4188
4186
4186
4186
4186
4186
4186
4186
4186
4186
4186
4186
4186
4186
4186
4186
4186
4186
4186
4186
4186
4186
4186
4186
4186
4184
4184
4184
4184
4184
4184
4184
4184
4184
4184
4184
4184
4184
4184
4184
4184
4184
4184
4184
4184
4184
4184
4184
4184
4184
4178
4178
4178
4178
4178
4178
4178
4178
4178
4178
4178
4178
4178
4178
4178
4178
4178
4178
4178
4178
4178
4178
4178
4178
4178
4178
4178
4178
4178
4178
4178
4178
4178
4178
4178
4178
4178
4178
4178
4179
4179
4179
4179
4179
4179
4179
4179
4179
4179
4179
4179
4179
4179
4179
4179
4179
4179
4179
4179
4179
4179
4179
4179
4179
4179
4179
4179
4179
4179
4179
4179
4179
4179
4179
4179
4179
4179
4179
4179
4179
4179
4179
4179
4179
4179
4179
4179
4179
4179
4179
4179
4179
4179
4179
4179
4179
4179
4179
4179
4179
4179
4179
4179
4179
4179
4179
4179
4179
4179
4179
4179
4179
4179
4179
4179
4179
4179
4179
4179
4179
4179
4179
4179
4179
4179
4179
4179
4179
4179
4179
4179
4179
4179
4179
4179
4179
4179
4179
4179
4179
4179
4179
4179
4179
4179
4179
4179
4179
4179
4179
4179
4179
4179
4179
4179
4179
4180
4180
4180
4180
4180
4180
4180
4180
4180
4180
4180
4180
4180
4180
4180
4180
4180
4180
4180
4180
4180
4180
4180
4180
4180
4180
4180
4180
4179
4179
4179
4179
4179
4179
4179
4179
4179
4179
4179
4179
4179
4176
4176
4176
4176
4176
4176
4176
4176
4176
4176
4176
4176
4176
4176
4176
4176
4176
4176
4176
4176
4176
4176
4176
4176
4176
4176
4176
4176
4176
4176
4176
4176
4176
4176
4176
4176
4176
4176
4176
4176
4176
4176
4176
4176
4176
4176
4176
4176
4176
4176
4176
4176
4176
4176
4176
4176
4176
4176
4176
4176
4176
4176
4176
4176
4176
4176
4176
4176
4176
4176
4176
4176
4176
4176
4176
4176
4176
4176
4176
4176
4176
4176
4176
4176
4176
4176
4176
4176
4176
4176
4176
4176
4176
4176
4176
4176
4176
4176
4176
4176
4176
4176
4176
4176
4176
4176
4176
4176
4176
4176
4176
4176
4176
4176
4176
4176
4176
4176
4176
4176
4176
4176
4176
4176
4176
4176
4176
4176
4176
4176
4176
4176
4176
4176
4176
4176
4176
4176
4176
4176
4176
4176
4176
4176
4176
4176
4176
4176
4176
4176
4176
4176
4176
4176
4176
4176
4176
4176
4176
4176
4176
4176
4176
4176
4176
4176
4176
4176
4176
4176
4176
4176
4176
4176
4176
4176
4176
4176
4176
4176
4176
4176
4176
4176
4176
4176
4176
4176
4176
4176
4176
4176
4176
4176
4176
4176
4176
4176
4176
4176
4176
4176
4176
4176
4176
4176
4176
4176
4176
4176
4176
4176
4176
4176
4165
4165
4165
4165
4165
4165
4165
4165
4165
4165
4165
4165
4165
4165
4171
4171
4171
4171
4171
4171
4171
4171
4171
4171
4171
4171
4171
4171
4171
4171
4171
4171
4171
4171
4171
4171
4171
4171
4171
4171
4171
4171
4171
4171
4171
4171
4171
4171
4171
4171
4171
4171
4171
4171
4171
4171
4171
4164
4164
4164
4169
4169
4169
4169
4174
4174
4174
4174
4174
4174
4174
4174
4174
4174
4174
4174
4174
4174
4174
4176
4176
4176
4176
4176
4176
4176
4176
4176
4176
4176
4176
4176
4176
4173
4173
4173
4173
4173
4173
4173
4173
4173
4173
4173
4173
4173
4173
4173
4173
4173
4173
4173
4173
4173
4173
4173
4173
4173
4173
4173
4173
4173
4173
4173
4165
4165
4165
4165
4165
4165
4165
4165
4165
4165
4165
4165
4165
4165
4165
4165
4165
4165
4165
4165
4165
4165
4165
4165
4165
4165
4165
4165
4165
4165
4165
4165
4165
4165
4165
4165
4165
4165
4165
4165
4165
4165
4165
4165
4165
4165
4165
4165
4165
4173
4173
4173
4173
4173
4173
4173
4173
4173
4173
4173
4173
4173
4173
4173
4173
4173
4173
4173
4173
4173
4173
4165
4165
4165
4165
4155
4155
4155
4155
4155
4155
4155
4155
4155
4152
4152
4152
4152
4152
4152
4152
4152
4152
4152
4137
4137
4137
4137
4137
4137
4137
4137
4137
4137
4137
4137
4137
4137
4137
4137
4137
4137
4137
4137
4137
4137
4137
4137
4137
4137
4137
4137
4137
4137
4137
4137
4137
4137
4137
4137
4137
4137
4137
4137
4137
4137
4137
4137
4137
4137
4137
4137
4137
4137
4137
4137
4137
4137
4137
4137
4137
4137
4137
4137
4137
4137
4137
4137
4137
4137
4137
4137
4137
4137
4137
4137
4137
4137
4137
4137
4137
4137
4137
4135
4135
4135
4135
4135
4135
4135
4135
4135
4135
4135
4135
4135
4133
4133
4133
4133
4133
4133
4133
4134
4134
4134
4134
4134
4134
4134
4134
4134
4134
4134
4134
4134
4134
4134
4134
4134
4134
4134
4134
4134
4134
4134
4134
4134
4134
4134
4134
4134
4134
4134
4134
4134
4134
4134
4134
4134
4134
4134
4134
4134
4134
4134
4134
4134
4134
4134
4134
4134
4134
4134
4134
4134
4134
4134
4134
4134
4134
4134
4134
4134
4134
4134
4134
4134
4134
4134
4134
4134
4134
4134
4134
4134
4134
4134
4134
4134
4134
4134
4134
4134
4134
4134
4134
4134
4134
4134
4134
4134
4134
4134
4134
4134
4134
4134
4134
4134
4134
4134
4134
4134
4134
4134
4134
4134
4134
4135
4135
4135
4135
4135
4135
4135
4135
4135
4135
4135
4135
4135
4135
4135
4135
4135
4135
4135
4135
4135
4135
4135
4135
4135
4135
4135
4135
4135
4135
4135
4135
4135
4135
4135
4135
4135
4135
4135
4135
4135
4135
4135
4135
4135
4135
4135
4135
4135
4135
4135
4135
4135
4135
4135
4135
4135
4135
4135
4135
4135
4135
4135
4135
4135
4135
4135
4135
4135
4135
4135
4135
4135
4135
4135
4135
4135
4134
4134
4134
4134
4134
4134
4134
4134
4134
4134
4134
4134
4134
4134
4134
4134
4134
4134
4134
4134
4134
4134
4134
4134
4134
4134
4134
4134
4134
4134
4134
4134
4134
4134
4118
4118
4118
4118
4118
4118
4118
4118
4118
4118
4118
4118
4118
4118
4118
4118
4118
4118
4118
4118
4118
4118
4118
4118
4118
4118
4118
4118
4118
4118
4118
4118
4118
4118
4118
4118
4118
4118
4118
4118
4118
4118
4118
4118
4118
4118
4118
4118
4118
4118
4118
4118
4118
4118
4118
4118
4118
4118
4118
4118
4118
4118
4118
4118
4118
4118
4118
4118
4118
4118
4118
4118
4118
4118
4118
4118
4118
4118
4118
4118
4118
4118
4118
4118
4118
4118
4118
4118
4118
4118
4118
4118
4118
4118
4118
4118
4118
4118
4118
4118
4118
4118
4118
4118
4118
4118
4118
4118
4118
4118
4118
4113
4113
4113
4113
4113
4113
4113
4113
4113
4113
4113
4113
4113
4113
4113
4113
4113
4113
4113
4113
4113
4113
4113
4113
4113
4113
4113
4113
4113
4113
4113
4113
4113
4113
4113
4113
4113
4113
4113
4113
4113
4113
4113
4113
4113
4113
4113
4113
4113
4113
4113
4113
4113
4113
4113
4113
4113
4113
4113
4113
4113
4113
4113
4113
4113
4113
4113
4113
4113
4113
4113
4113
4113
4113
4113
4113
4113
4113
4113
4113
4113
4113
4113
4113
4113
4113
4113
4113
4113
4113
4113
4113
4113
4113
4113
4113
4113
4113
4113
4113
4113
4113
4113
4113
4113
4113
4113
4113
4113
4113
4113
4113
4113
4113
4113
4113
4113
4113
4113
4113
4113
4113
4113
4113
4113
4113
4113
4113
4113
4113
4113
4113
4113
4113
4113
4113
4113
4113
4113
4113
4113
4113
4113
4113
4113
4113
4113
4113
4113
4113
4113
4113
4113
4113
4113
4113
4113
4113
4113
4113
4113
4113
4113
4113
4113
4113
4113
4113
4113
4113
4113
4113
4113
4113
4113
4113
4113
4113
4113
4113
4113
4113
4113
4113
4113
4113
4113
4113
4113
4113
4113
4113
4113
4113
4113
4113
4113
4113
4113
4113
4113
4113
4113
4113
4113
4113
4113
4113
4113
4113
4113
4113
4113
4113
4113
4113
4113
4113
4113
4113
4113
4113
4113
4113
4113
4113
4113
4113
4113
4113
4113
4113
4113
4113
4113
4113
4113
4113
4113
4113
4113
4113
4113
4113
4113
4113
4113
4113
4113
4113
4113
4113
4113
4113
4113
4113
4113
4113
4113
4113
4113
4113
4113
4113
4113
4113
4113
4113
4113
4113
4113
4113
4113
4113
4113
4113
4113
4113
4113
4113
4113
4113
4113
4113
4113
4113
4113
4113
4113
4113
4113
4113
4113
4113
4113
4113
4113
4113
4113
4113
4113
4113
4113
4113
4113
4113
4113
4113
4113
4113
4113
4113
4113
4113
4113
4113
4113
4113
4113
4113
4113
4113
4113
4113
4113
4113
4113
4113
4113
4113
4113
4113
4113
4113
4113
4113
4113
4113
4113
4113
4113
4113
4113
4113
4113
4113
4113
4113
4113
4113
4113
4113
4113
4113
4113
4113
4113
4113
4113
4113
4113
4113
4113
4113
4113
4113
4113
4113
4113
4113
4113
4113
4113
4113
4113
4113
4113
4113
4113
4113
4113
4113
4113
4113
4113
4113
4113
4113
4113
4113
4113
4113
4113
4113
4113
4113
4113
4113
4113
4113
4113
4113
4113
4113
4113
4113
4113
4113
4113
4113
4113
4113
4113
4113
4113
4113
4113
4113
4113
4113
4113
4113
4113
4113
4113
4113
4113
4113
4113
4113
4113
4113
4113
4116
4116
4116
4116
4116
4116
4116
4116
4116
4116
4116
4116
4116
4116
4116
4116
4116
4116
4116
4116
4116
4116
4116
4116
4116
4116
4116
4116
4116
4116
4116
4116
4116
4116
4116
4116
4116
4116
4116
4116
4116
4116
4116
4116
4116
4116
4116
4116
4116
4116
4116
4116
4116
4116
4116
4116
4116
4116
4116
4116
4116
4116
4116
4116
4116
4116
4116
4116
4116
4116
4116
4116
4116
4116
4116
4116
4116
4116
4116
4116
4116
4116
4116
4116
4116
4116
4116
4116
4113
4113
4113
4113
4113
4113
4113
4113
4113
4113
4113
4113
4113
4113
4113
4113
4113
4113
4113
4113
4113
4113
4113
4113
4113
4113
4113
4113
4113
4113
4113
4113
4113
4113
4113
4113
4113
4113
4113
4113
4113
4113
4113
4113
4113
4113
4113
4113
4113
4113
4113
4113
4113
4113
4113
4113
4113
4113
4113
4113
4113
4113
4113
4113
4113
4113
4113
4113
4113
4113
4113
4113
4113
4113
4113
4113
4113
4113
4113
4113
4113
4113
4113
4113
4113
4113
4113
4113
4113
4113
4113
4113
4113
4113
4113
4113
4113
4113
4113
4113
4113
4113
4113
4113
4113
4113
4113
4113
4113
4113
4113
4113
4113
4113
4113
4113
4113
4113
4113
4113
4113
4113
4113
4113
4113
4113
4113
4113
4113
4113
4113
4113
4113
4113
4113
4113
4113
4113
4113
4113
4113
4113
4113
4113
4113
4113
4113
4113
4113
4113
4113
4113
4113
4113
4113
4113
4113
4113
4113
4113
4113
4113
4113
4113
4113
4113
4113
4113
4113
4113
4114
4114
4114
4114
4114
4114
4114
4114
4114
4114
4114
4114
4114
4114
4114
4114
4114
4114
4114
4114
4114
4114
4114
4114
4114
4114
4114
4114
4114
4114
4114
4114
4114
4114
4114
4114
4114
4114
4114
4114
4114
4114
4114
4114
4114
4114
4114
4114
4114
4114
4114
4114
4114
4114
4114
4114
4114
4114
4114
4114
4114
4114
4114
4114
4114
4114
4113
4113
4113
4113
4113
4113
4113
4113
4113
4113
4113
4113
4113
4113
4113
4113
4113
4113
4113
4113
4113
4113
4113
4113
4113
4113
4113
4113
4113
4113
4113
4113
4113
4113
4113
4113
4113
4113
4113
4113
4113
4113
4113
4113
4113
4113
4113
4113
4113
4113
4113
4113
4113
4113
4113
4113
4113
4113
4113
4113
4113
4113
4113
4113
4113
4113
4113
4113
4113
4113
4113
4113
4113
4113
4113
4113
4113
4113
4113
4113
4113
4113
4113
4113
4113
4113
4113
4113
4113
4113
4113
4113
4113
4113
4113
4113
4113
4113
4113
4113
4113
4113
4113
4113
4113
4113
4113
4113
4113
4113
4113
4113
4113
4113
4113
4113
4113
4113
4113
4113
4113
4113
4113
4113
4113
4113
4113
4113
4113
4113
4113
4113
4113
4113
4113
4113
4113
4113
4113
4113
4113
4113
4113
4113
4113
4113
4113
4113
4113
4113
4113
4113
4113
4113
4113
4113
4113
4113
4113
4113
4113
4113
4113
4113
4113
4113
4113
4113
4113
4113
4113
4113
4113
4113
4113
4113
4113
4113
4113
4113
4113
4113
4113
4113
4113
4113
4113
4113
4113
4113
4113
4113
4113
4113
4113
4113
4113
4113
4113
4113
4113
4113
4113
4113
4113
4113
4125
4125
4125
4125
4125
4125
4125
4125
4125
4125
4125
4125
4125
4125
4125
4126
4126
4126
4126
4126
4126
4126
4126
4126
4126
4126
4126
4126
4126
4126
4126
4126
4126
4126
4126
4126
4125
4125
4126
4126
4126
4126
4126
4126
4126
4126
4126
4126
4126
4126
4126
4126
4126
4126
4126
4126
4126
4126
4126
4126
4126
4126
4126
4126
4126
4130
4130
4130
4130
4130
4130
4130
4130
4130
4130
4130
4130
4130
4130
4130
4130
4130
4130
4130
4130
4130
4130
4130
4130
4130
4130
4130
4130
4130
4130
4130
4130
4130
4130
4130
4130
4130
4130
4130
4130
4130
4130
4130
4130
4130
4130
4130
4130
4130
4130
4130
4130
4126
4126
4126
4126
4126
4126
4126
4126
4126
4126
4126
4126
4126
4126
4126
4126
4126
4126
4126
4126
4126
4126
4126
4126
4126
4126
4126
4126
4126
4126
4126
4126
4126
4126
4126
4126
4126
4126
4126
4126
4126
4126
4126
4126
4126
4126
4126
4126
4126
4126
4126
4126
4126
4126
4126
4126
4126
4126
4126
4126
4126
4126
4126
4126
4126
4126
4126
4126
4126
4126
4126
4126
4126
4126
4123
4123
4123
4123
4123
4123
4123
4123
4123
4123
4123
4123
4123
4123
4123
4123
4123
