3187
3149
3149
3162
3069
3024
3024
3012
3012
3056
3081
3192
3115
3220
3278
3230
3193
3114
3106
3137
3185
3206
3177
3283
3283
3300
3300
3283
3337
3316
3357
3379
3379
3333
3333
3391
3348
3348
3342
3342
3379
3352
3317
3292
3295
3295
3229
3229
3229
3229
3321
3226
3182
3178
3178
3221
3277
3322
3322
3250
3250
3185
3185
3185
3180
3265
3265
3265
3300
3300
3215
3215
3215
3222
3210
3210
3194
3301
3229
3229
3309
3312
3275
3235
3234
3198
3131
3218
3228
3288
3213
3175
3139
3106
3133
3065
3078
3139
3139
3203
3301
3438
3404
3415
3394
3254
3254
3236
3295
3176
3167
3175
3148
3145
3144
3205
3257
3257
3312
3283
3269
3344
3307
3288
3328
3328
3278
3248
3135
3175
3189
3266
3266
3315
3315
3313
3202
3225
3231
3177
3177
3161
3147
3125
3053
3090
3067
3067
3068
3120
3146
3146
3146
3146
3114
3114
3114
3114
3092
3092
3156
3132
3111
3025
3025
3025
3025
3040
3040
3068
3080
3080
3080
3080
3082
3082
3059
3059
3050
3050
3050
3065
3065
3050
3050
3050
3064
3050
3050
3011
3014
3014
3037
3034
3109
3109
3109
3109
3109
3109
3104
3104
3183
3242
3242
3242
3207
3205
3254
3205
3213
3169
3234
3346
3355
3323
3327
3352
3359
3483
3416
3343
3479
3479
3380
3405
3410
3430
3430
3411
3350
3390
3374
3414
3430
3472
3541
3501
3529
3578
3578
3505
3475
3475
3549
3549
3493
3537
3530
3443
3406
3406
3376
3303
3303
3303
3303
3347
3347
3294
3236
3288
3239
3217
3217
3267
3267
3278
3355
3303
3297
3319
3319
3319
3285
3251
3135
3205
3210
3210
3211
3182
3182
3234
3247
3203
3265
3235
3248
3194
3240
3254
3254
3281
3347
3274
3278
3237
3323
3299
3310
3277
3303
3303
3393
3353
3347
3340
3249
3256
3252
3250
3250
3250
3228
3156
3156
3149
3145
3268
3391
3309
3353
3436
3424
3560
3472
3404
3355
3399
3341
3387
3390
3390
3390
3390
3453
3449
3449
3338
3330
3315
3310
3293
3202
3202
3128
3128
3128
3165
3080
3062
3070
3070
3022
3053
3097
3097
3108
3080
3080
3080
3065
3130
3147
3136
3095
3095
3114
3122
3122
3114
3128
3128
3128
3128
3128
3128
3128
3128
3070
3070
3092
3092
3092
3092
3092
3132
3092
3092
3092
3057
3050
3052
3069
3068
3030
3041
3062
3062
3062
3062
3062
3083
3085
3085
3085
3085
3085
3094
3094
3178
3215
3215
3305
3255
3255
3267
3231
3231
3231
3293
3242
3211
3180
3180
3241
3256
3322
3322
3307
3247
3324
3324
3324
3318
3248
3195
3176
3170
3170
3166
3166
3170
3222
3222
3214
3175
3175
3175
3186
3203
3203
3253
3280
3280
3195
3201
3146
3252
3234
3256
3330
3330
3330
3330
3330
3234
3234
3234
3172
3150
3134
3064
3064
3071
3071
3071
3071
3071
3071
3146
3189
3189
3189
3197
3197
3197
3167
3167
3167
3167
3128
3136
3195
3191
3188
3188
3231
3258
3258
3326
3349
3349
3349
3278
3278
3191
3190
3187
3170
3174
3170
3170
3170
3152
3152
3152
3165
3244
3242
3276
3242
3218
3258
3388
3305
3340
3420
3420
3382
3329
3319
3319
3319
3319
3330
3330
3241
3241
3195
3195
3195
3195
3204
3200
3200
3201
3207
3130
3084
3084
3084
3084
3017
3017
3017
3017
3017
3017
3017
3017
3017
3068
3068
3064
3064
3021
3090
3144
3103
3128
3128
3128
3095
3127
3044
3058
3081
3081
3098
3098
3098
3098
3111
3119
3084
3084
3133
3133
3133
3142
3151
3151
3148
3105
3183
3116
3116
3085
3071
3137
3137
3162
3058
3074
3098
3098
3083
3099
3083
3136
3093
3143
3114
3114
3114
3114
3196
3196
3196
3196
3196
3242
3276
3330
3319
3319
3342
3342
3350
3332
3312
3339
3235
3228
3152
3152
3217
3239
3337
3337
3370
3277
3412
3344
3373
3373
3348
3270
3165
3167
3117
3113
3198
3198
3198
3079
3185
3169
3172
3236
3279
3279
3164
3127
3127
3127
3143
3154
3264
3264
3250
3264
3211
3191
3283
3279
3211
3211
3182
3243
3204
3204
3269
3269
3269
3260
3185
3185
3185
3280
3265
3265
3362
3369
3411
3338
3338
3338
3353
3323
3308
3352
3283
3284
3284
3242
3242
3171
3171
3180
3184
3267
3267
3264
3267
3125
3125
3184
3184
3184
3189
3200
3188
3141
3141
3141
3159
3159
3213
3213
3132
3132
3132
3147
3093
3178
3194
3160
3155
3197
3221
3167
3206
3138
3031
3017
3025
3025
3007
3007
3007
3007
3007
3007
3067
3067
3067
3067
3061
3061
3071
3071
2985
2985
3039
3050
3017
3042
3047
3095
3095
3095
3166
3130
3141
3141
3015
3054
3054
2982
3033
3033
3083
3070
3060
3076
3076
3076
3076
3076
3076
3089
3092
3120
3120
3120
3130
3120
3124
3124
3181
3167
3167
3159
3184
3232
3232
3232
3216
3190
3232
3252
3179
3179
3128
3128
3155
3155
3155
3155
3101
3108
3109
3173
3147
3147
3185
3134
3132
3116
3087
3070
3070
3057
3057
3057
3141
3141
3166
3166
3100
3100
3135
3078
3093
3099
3089
3044
3130
3041
3100
3065
3055
3200
3113
3133
3144
3131
3105
3110
3065
3065
3109
3094
3021
3042
3042
3050
3058
3058
3067
3107
3124
3103
3103
3103
3085
3085
3101
3045
3045
3027
3027
3038
2995
3028
3028
3029
3089
3092
3132
3136
3188
3219
3137
3137
3137
3149
3149
3149
3202
3202
3200
3149
3136
3136
3198
3102
3089
3176
3176
3176
3176
3108
3068
3068
3074
3116
3220
3190
3182
3213
3225
3170
3251
3237
3237
3237
3174
3174
3172
3172
3121
3079
3079
3102
3102
3102
3102
3105
3105
3105
3157
3157
3157
3083
3050
3015
3015
3058
3058
3080
3067
3067
3067
3067
3067
3067
3067
3067
3067
3068
3142
3100
3183
3205
3212
3212
3200
3178
3184
3166
3166
3169
3169
3248
3248
3251
3182
3169
3169
3130
3130
3110
3139
3109
3145
3093
3093
3093
3093
3093
3093
3087
3150
3150
3150
3092
3047
3047
3047
2983
2983
2983
3044
2971
3088
3188
3188
3105
3105
3059
2982
2959
2997
2997
2986
2974
3074
3063
3063
3063
3063
3071
3071
3071
3071
3053
3095
3085
3180
3157
3120
3090
3208
3238
3256
3258
3326
3326
3392
3392
3403
3443
3415
3427
3427
3415
3396
3396
3396
3335
3335
3308
3330
3330
3351
3351
3356
3333
3364
3338
3320
3274
3253
3257
3207
3192
3165
3222
3255
3282
3306
3325
3319
3328
3260
3280
3280
3280
3280
3280
3280
3280
3284
3283
3301
3288
3177
3139
3110
3101
3091
3091
3156
3078
3078
3078
3018
3027
3041
3055
3018
3018
3059
3032
3003
3021
3035
3024
2965
3010
3002
3017
3040
3011
3049
3049
3187
3182
3108
3151
3166
3216
3216
3176
3184
3251
3270
3270
3270
3328
3389
3389
3343
3222
3152
3199
3239
3200
3173
3144
3323
3239
3338
3331
3239
3175
3100
3195
3219
3219
3281
3278
3222
3222
3222
3222
3225
3354
3354
3354
3355
3334
3424
3357
3338
3338
3263
3262
3262
3262
3262
3262
3262
3241
3324
3378
3429
3321
3360
3309
3309
3278
3241
3236
3249
3269
3205
3284
3191
3151
3151
3151
3151
3151
3212
3210
3170
3109
3157
3197
3156
3156
3149
3058
3081
3152
3216
3229
3229
3335
3279
3258
3258
3258
3216
3216
3236
3200
3280
3280
3164
3172
3156
3227
3243
3243
3164
3164
3224
3224
3224
3213
3175
3237
3210
3248
3266
3233
3222
3202
3134
3065
3069
3113
3124
3105
3104
3149
3149
3149
3149
3236
3297
3255
3272
3332
3332
3332
3313
3334
3334
3358
3315
3287
3351
3241
3241
3241
3201
3240
3240
3240
3316
3316
3316
3313
3199
3175
3175
3230
3230
3195
3161
3161
3138
3195
3327
3327
3326
3264
3242
3182
3141
3057
3048
2981
3052
3025
3044
3083
3083
3102
3102
3102
3102
3135
3111
3159
3245
3245
3257
3169
3116
3083
3092
3092
3092
3062
3062
3100
3100
3075
3075
3014
3014
3091
3084
3084
3079
3087
3087
3087
3087
3104
3072
3072
3132
3120
3226
3263
3263
3263
3220
3254
3254
3290
3350
3221
3291
3291
3291
3292
3291
3291
3245
3197
3197
3123
3078
3126
3055
3055
3076
3075
3057
3106
3098
3093
3124
3157
3183
3283
3286
3280
3280
3223
3223
3223
3179
3268
3268
3268
3170
3234
3270
3270
3270
3274
3350
3350
3367
3367
3348
3348
3281
3329
3259
3259
3259
3265
3265
3265
3276
3279
3278
3229
3229
3212
3217
3217
3178
3178
3178
3178
3194
3200
3200
3107
3138
3138
3138
3138
3138
3190
3201
3201
3238
3225
3250
3235
3272
3272
3231
3237
3275
3280
3217
3139
3139
3153
3153
3152
3088
3123
3144
3154
3058
3152
3152
3105
3105
3146
3167
3166
3249
3249
3140
3140
3160
3104
3104
3138
3092
3040
3020
3020
3020
3020
3006
3106
3098
3067
3067
3110
3110
3086
3135
3136
3059
3059
3026
3036
3043
3043
3043
3045
3045
3045
3045
3109
3068
3038
3038
3021
3021
3095
3225
3230
3289
3289
3192
3152
3152
3152
3152
3152
3038
3050
3073
3075
3066
3066
3066
3060
3113
3118
3210
3187
3152
3178
3099
3099
3096
3096
3096
3101
3101
3113
3155
3149
3081
3108
3119
3038
3083
3083
3090
3090
3069
3069
3019
3019
3040
3054
3054
3076
3076
3076
3096
3085
3108
3232
3232
3232
3232
3232
3377
3377
3377
3337
3337
3256
3256
3256
3156
3156
3180
3194
3194
3194
3194
3272
3272
3272
3272
3272
3177
3177
3177
3177
3177
3169
3169
3169
3169
3169
3173
3137
3152
3133
3164
3082
3082
3123
3125
3138
3125
3158
3158
3164
3164
3164
3098
3098
3098
3098
3173
3173
3214
3247
3247
3247
3239
3266
3266
3266
3266
3202
3272
3223
3223
3216
3216
3261
3273
3350
3350
3239
3239
3239
3206
3176
3176
3145
3242
3242
3282
3282
3201
3201
3155
3100
3100
3076
3076
3033
3033
3033
3033
3029
3039
3039
3039
3000
3030
3049
3027
3027
3027
3130
3061
3061
3132
3132
3140
3129
3129
3129
3107
3107
3170
3167
3226
3259
3259
3248
3248
3301
3301
3275
3275
3275
3275
3252
3259
3247
3219
3216
3225
3304
3304
3288
3288
3254
3190
3190
3190
3262
3262
3313
3285
3285
3211
3210
3098
3116
3114
3124
3124
3127
3105
3105
3128
3128
3128
3128
3128
3114
3114
3102
3102
3102
3030
3030
3030
3030
3030
3030
3046
3094
3106
3140
3162
3117
3136
3137
3231
3231
3231
3231
3231
3231
3231
3260
3275
3251
3230
3234
3234
3213
3213
3217
3240
3218
3218
3218
3218
3202
3222
3222
3222
3182
3182
3183
3146
3146
3146
3146
3146
3146
3132
3157
3201
3201
3241
3200
3166
3220
3122
3052
3190
3183
3183
3193
3193
3202
3202
3193
3226
3166
3251
3251
3174
3084
3029
3064
3008
3008
3008
3025
3030
3110
3118
3118
3118
3151
3151
3156
3112
3168
3152
3152
3153
3153
3206
3122
3037
3037
3051
3067
3083
3083
3083
3083
3070
3116
3063
3063
3063
3105
3100
3117
3137
3137
3126
3104
3164
3230
3256
3256
3324
3355
3294
3287
3299
3299
3182
3170
3170
3170
3222
3273
3273
3324
3343
3306
3306
3350
3239
3198
3217
3208
3147
3150
3150
3150
3150
3150
3150
3133
3133
3065
3076
3041
3041
3041
3051
3051
3000
3027
3027
3059
3005
2989
3053
3053
3019
3111
3111
3041
3084
3055
3084
3084
2991
3079
3078
3122
3134
3134
3096
3096
3152
3236
3205
3184
3277
3205
3205
3219
3205
3179
3103
3195
3046
3046
3046
3046
3038
3038
3017
3017
3080
3080
3085
3101
3148
3180
3166
3150
3186
3186
3209
3275
3306
3306
3306
3233
3233
3235
3283
3294
3152
3096
3078
3078
3081
3046
3169
3201
3201
3219
3219
3293
3266
3208
3276
3224
3224
3122
3200
3200
3200
3201
3201
3201
3273
3270
3270
3284
3332
3332
3349
3220
3218
3199
3202
3264
3252
3186
3167
3089
3089
3089
3089
3089
3089
3089
3089
3117
3117
3036
3036
3036
3046
3046
3046
3079
3081
3079
3079
3079
3079
3143
3054
3095
3066
3066
2985
3007
3118
3176
3112
3112
3112
3112
3112
3112
3099
3058
3058
3046
3013
2954
3065
3050
3058
3028
2995
2954
3039
2991
3010
2987
2987
3007
3001
3001
3013
3006
2974
2974
2973
2923
2927
2902
2902
2867
2867
2867
2914
2904
3050
3050
3050
3145
3145
3135
3135
3135
3097
3159
3159
3159
3165
3160
3160
3172
3111
3111
3111
3111
3119
3044
3083
3083
3129
3073
3053
3198
3198
3098
3085
3158
3158
3158
3165
3181
3135
3135
3197
3081
3093
3108
3096
3084
3080
3021
3021
3075
3075
3098
3066
3043
3043
3000
3037
3037
3037
3000
3000
3058
3036
3000
3000
3140
3140
3140
3149
3134
3134
3134
3134
3134
3134
3134
3144
3144
3152
3047
3037
3074
3062
3062
3062
3059
3119
3135
3162
3157
3157
3157
3149
3148
3148
3025
3038
2994
3002
2977
2977
2980
2980
2980
2980
2980
2977
2977
2869
2895
2878
2854
2854
2979
2918
2957
2957
2979
2979
2957
2948
2948
2981
2956
2956
3013
3025
2989
2950
3008
3059
3040
2977
3017
3090
3090
3090
3090
3090
3159
3159
3159
3192
3181
3181
3181
3082
3134
3110
3104
3058
3086
3039
3039
3080
3110
3108
3111
3178
3178
3178
3178
3168
3149
3138
3168
3168
3168
3168
3294
3248
3147
3135
3135
3135
3102
3102
3102
3092
3119
3092
3092
3092
3092
3060
3032
3032
3032
3032
3032
2976
2976
2965
2965
2923
2923
2973
2907
2928
2955
2926
2926
2896
2896
2896
2896
2988
2988
2988
2929
3004
3004
3011
3004
3004
3029
3036
3066
3012
3012
3077
3064
3024
3024
3024
3078
3086
3170
3169
3169
3170
3170
3170
3170
3170
3170
3149
3151
3151
3147
3139
3177
3177
3177
3177
3208
3195
3177
3171
3225
3221
3221
3221
3311
3271
3244
3158
3189
3156
3163
3189
3225
3263
3263
3233
3233
3224
3224
3148
3139
3160
3166
3166
3218
3175
3175
3175
3139
3185
3185
3185
3185
3185
3185
3148
3148
3155
3148
3141
3141
3141
3141
3141
3141
3178
3178
3213
3223
3213
3141
3141
3222
3222
3162
3241
3241
3257
3281
3342
3354
3335
3280
3280
3203
3204
3193
3162
3162
3162
3171
3171
3255
3255
3257
3306
3156
3096
3096
3087
3087
3077
3077
3053
3108
3108
3104
3104
3042
3040
3040
3040
3040
3023
3023
3040
3040
3040
3040
3040
3040
3040
3040
3040
3040
3017
3044
3017
3017
3047
3047
3047
3047
3047
3047
3035
3035
3035
3035
3060
3060
3081
3125
3134
3134
3112
3112
3112
3082
3082
3132
3132
3069
3069
3063
3080
3095
3095
3132
3132
3180
3132
3167
3167
3163
3163
3151
3128
3128
3128
3076
3112
3128
3128
3162
3146
3190
3177
3102
3102
3116
3118
3118
3185
3185
3266
3266
3252
3252
3247
3247
3247
3247
3221
3206
3206
3189
3189
3189
3189
3189
3268
3237
3260
3286
3207
3207
3219
3219
3219
3219
3240
3177
3177
3177
3177
3084
3084
3084
3101
3101
3109
3150
3150
3217
3218
3218
3234
3234
3131
3131
3133
3194
3194
3188
3236
3295
3295
3337
3337
3317
3368
3302
3302
3302
3265
3169
3172
3172
3172
3077
3115
3115
3081
3158
3158
3107
3246
3155
3099
3070
3001
3026
3063
3063
3063
3063
3046
3046
3039
3039
3079
3079
3079
3085
3048
3040
3040
2941
2941
2954
2954
2941
2941
2957
2957
2966
2951
2951
3052
3052
3052
3052
3052
3085
3085
3085
3059
3059
3044
3098
3124
3124
3139
3125
3110
3110
3131
3131
3131
3143
3092
3092
3092
3108
3141
3127
3127
3207
3207
3189
3189
3211
3108
3135
3107
3033
3136
3130
3114
3114
3114
3109
3087
3114
3086
3052
2982
2982
3021
3021
3031
3031
3024
3024
3133
3133
3149
3149
3225
3154
3103
3027
3027
3027
3027
3027
3027
3027
3027
3027
3027
3034
3111
3053
3053
3039
3033
3033
3003
3003
3003
3003
3001
3007
3007
3007
3007
2939
2954
2954
2963
2954
2959
2959
2999
2999
3013
3024
3024
3024
3029
3029
3029
3012
3012
2995
2993
3060
3060
3051
3051
3177
3108
3115
3115
3115
3115
3062
3062
3062
2936
2928
2928
2892
2987
2987
3003
3003
2986
2986
2986
2986
3019
3085
3085
3073
3056
2990
3004
3003
3003
2977
2986
2978
2985
2985
3051
3051
3010
3008
3008
3008
3008
3008
3008
3075
3069
3069
3110
3110
3089
3064
3064
3064
3072
3009
3029
3076
3078
3116
3116
3115
3115
3047
3011
3048
2993
2982
2982
2991
3032
2982
2982
2982
3030
3097
3097
3025
3040
3016
2994
2992
2992
3066
3100
3130
3102
3127
3140
3243
3235
3219
3226
3251
3242
3242
3275
3275
3275
3221
3214
3211
3211
3167
3167
3130
3130
3140
3094
3094
3161
3194
3192
3254
3254
3254
3232
3173
3127
3136
3181
3214
3285
3175
3175
3149
3158
3217
3217
3285
3285
3264
3264
3188
3148
3186
3186
3170
3192
3192
3214
3282
3282
3282
3282
3249
3236
3236
3236
3236
3296
3296
3296
3296
3200
3166
3036
3036
3036
3036
3064
3067
3064
3064
3148
3148
3148
3148
3155
3155
3149
3149
3149
3149
3149
3149
3134
3134
3062
3009
3009
3123
3138
3181
3230
3188
3160
3111
3085
3112
3112
3130
2999
3044
3044
3041
3041
3097
2997
2997
2997
2997
2997
2997
2964
2964
2976
2992
2976
2968
2968
2968
3015
3048
3085
3085
3035
2978
3036
3046
3046
3046
3046
3046
3018
3018
3018
2995
2982
3026
3026
3069
3032
3053
3094
3094
3135
3135
3135
3075
3075
3006
3105
3082
3082
3082
3061
3061
3061
3036
3046
3046
3052
3052
3066
3066
3052
3052
3076
3076
3006
2997
2997
3007
3007
3007
3035
3035
3094
3039
3039
3035
3017
3040
3017
3017
3017
2958
2958
2909
2866
2891
2885
2904
2960
3000
3033
3033
3063
3063
3098
3098
3126
3074
3074
3074
2998
2998
2929
2884
2884
3000
3000
3000
3016
3000
2899
2899
2905
2942
2908
2901
2896
2896
2969
2977
2977
2947
2905
2905
2905
3034
3034
2980
2980
2980
2980
3011
3011
3011
3011
3011
3011
3011
3125
3125
3125
3125
3125
3125
3171
3088
3088
3088
3088
3076
3122
3122
3179
3177
3177
3118
3118
3118
3104
3091
3104
3104
3104
3087
3087
3087
3087
3087
3004
3002
3061
3080
3080
3046
3046
2989
3004
2968
2961
2961
3016
3016
3016
3018
3046
3046
3125
3084
3084
3139
3230
3182
3182
3182
3182
3100
3101
3155
3148
3148
3189
3189
3189
3190
3304
3304
3304
3304
3304
3207
3207
3207
3207
3207
3212
3212
3212
3237
3232
3232
3232
3135
3135
3072
3072
3017
3011
3011
3082
3082
3132
3093
3107
3107
3107
3107
3080
3080
3095
3203
3203
3159
3181
3181
3174
3076
3076
3086
3086
3086
3063
3099
3132
3132
3061
3099
3063
3030
3033
3040
3040
2959
2992
3018
3050
3160
3177
3139
3139
3139
3114
3158
3079
3035
3035
2985
2985
2985
2985
2985
2985
2985
2936
2936
2922
2922
2933
2933
2922
2902
2911
2911
2874
2874
2874
2877
2864
2864
2864
2887
2871
2871
2866
2866
2963
2969
3032
3018
3018
3001
3001
3001
3001
3009
3096
3230
3192
3192
3206
3206
3153
3153
3153
3240
3240
3221
3221
3221
3221
3310
3234
3234
3246
3246
3269
3269
3299
3267
3225
3257
3204
3204
3204
3174
3138
3138
3138
3057
3083
3083
3083
3098
3118
3118
3118
3118
3099
3067
2988
2961
2961
2957
2957
2919
2925
2925
3024
3048
3033
3082
3082
3082
3082
3082
3082
3078
3078
3078
3065
3065
3022
3022
3044
3044
3022
3022
3022
3002
2957
2951
2975
2975
2975
2945
2955
2955
2967
3017
3005
3005
3005
3005
2904
2904
2946
2933
2972
2913
2876
2876
2914
2876
2893
2893
2908
2939
2959
2959
2959
2963
2988
2988
2988
2947
3000
3000
3009
3009
2953
2953
3019
3005
3024
3040
3004
3022
3022
3022
2981
2965
2965
2962
2962
2991
2991
2991
3002
3028
3028
3015
3015
3063
3019
3019
2959
3081
3081
3040
3040
3120
3120
3120
3120
3106
3123
3133
3133
3133
3152
3152
3152
3152
3152
3084
3057
3057
3057
3056
3124
3186
3186
3186
3140
3140
3149
3149
3149
3126
3126
3126
3118
3118
3118
3118
3118
3123
3123
3118
3118
3118
3118
3118
3118
3118
3051
3087
3065
3065
3063
3063
3055
3055
3055
3134
3134
3144
3061
3086
3086
3031
3051
3057
3042
3044
2994
2994
2994
2969
3106
3106
2963
2963
2963
2935
3003
2982
3019
2996
3068
3058
2991
2991
2961
3030
3050
3050
3050
3050
3050
2981
3072
3093
3093
3044
3085
3085
3046
2951
2951
2951
2951
2951
3018
3018
3018
3018
3058
3134
3134
3134
3134
3097
3048
3048
3048
3125
3128
3128
3093
3075
3044
3044
3044
3068
3098
3098
3098
3058
3058
3095
3077
3071
3071
2958
2958
2958
2958
2958
2958
2958
2958
2958
2983
2964
2964
2964
2964
2955
2997
2947
2953
3081
3098
3098
3099
3007
3007
3007
3007
2979
2972
2900
2900
2933
2933
2984
3007
3025
3005
3005
3005
3060
3060
3100
3133
3133
3184
3175
3234
3242
3321
3321
3321
3292
3226
3226
3226
3226
3226
3226
3280
3284
3282
3282
3274
3324
3324
3324
3324
3339
3330
3375
3390
3423
3356
3356
3356
3267
3212
3212
3212
3212
3212
3162
3162
3022
3077
3077
3077
3077
3140
3083
3083
3083
3108
3195
3195
3253
3213
3127
3127
3127
3049
3024
3077
3102
3102
3115
3115
3055
3055
2978
2978
3036
3073
3119
3144
3153
3164
3245
3245
3245
3137
3055
3055
3055
3055
3021
3056
3053
3055
3055
3046
3046
3046
3016
3016
3005
2995
3013
2993
2993
2993
2993
2993
2993
2993
2993
3044
2936
2922
2922
2982
2982
3016
3013
3013
3013
3001
3013
3013
3053
3030
3030
3028
3003
3003
3003
3051
3051
3051
3051
3059
3059
3092
3092
3092
3097
3007
3007
2969
2969
2952
2975
2975
2975
3026
2978
2978
2958
2958
3008
3008
3077
3077
3124
3139
3077
3073
3073
3067
3067
3067
3083
3064
3100
3100
3062
3077
3077
3077
2986
2986
3075
3075
3075
3030
3030
3060
3030
3042
3042
3024
3024
3024
3024
3045
3099
3078
3078
3078
3083
3083
3119
3072
3072
3072
3072
3060
3060
3085
2953
2909
2920
2982
2982
2982
2948
2948
2980
3039
2985
3051
3051
3023
3000
3000
3023
3058
3058
3068
3068
3068
3068
3063
3063
3063
3063
3063
3059
3059
3051
3043
3043
3043
3043
3043
3043
3022
3003
3003
3126
3126
3126
3126
3126
3126
3126
3175
3239
3240
3240
3242
3200
3145
3149
3226
3195
3126
3154
3167
3163
3146
3084
3209
3231
3209
3077
3050
3050
3052
3052
3052
3052
3067
3067
3083
3083
3050
3136
3136
3136
3136
3153
3153
3215
3215
3215
3270
3240
3240
3240
3240
3240
3271
3260
3155
3155
3155
3088
3035
3035
3048
3041
2992
2999
3049
3049
3012
2952
3087
3055
3055
3119
3119
3119
3177
3178
3166
3164
3151
3151
3140
3140
3034
2999
2999
2999
2962
2962
2962
2962
2962
2962
2962
2997
2997
2998
2998
2946
2946
2956
2984
2984
2984
2984
2984
2984
2984
3045
3119
3119
3119
3145
3145
3161
3161
3161
3161
3161
3161
3208
3171
3145
3213
3213
3261
3261
3211
3193
3193
3193
3204
3204
3191
3120
3133
3133
3133
3137
3137
3137
3133
3133
3147
3109
3109
3109
3112
3112
3112
3116
3116
3116
3128
3145
3112
3112
3112
3112
3112
3120
3117
3106
3106
3106
3106
3106
3055
3055
3055
3097
3077
3077
3080
3080
3080
3080
3012
2997
2997
2997
3003
2999
2999
2999
3019
3015
3015
3044
2947
2930
2930
2936
2936
2936
3049
3049
3120
3097
3070
3070
3070
3070
2970
2970
2970
2970
2967
2950
2950
2921
2921
2913
2913
2913
2976
3048
3048
3061
3050
3050
2993
2993
2920
2920
2897
2897
2900
2900
2969
2969
2993
2921
2921
2911
2911
2911
2911
2911
2911
2913
2913
2911
2968
2968
2968
2968
2968
2968
2968
2968
2970
3004
3047
3047
3047
3097
3097
3092
3127
3072
3072
3039
3054
3054
3105
3146
3130
3018
3018
3018
3023
3038
3041
3092
3092
3082
3088
3088
3088
3021
3050
3018
3018
3034
3030
3054
3080
3064
3060
3044
3030
3096
3077
3077
3139
3139
3139
3141
3141
3141
3141
3141
3141
3192
3182
3182
3116
3202
3190
3190
3190
3190
3197
3258
3240
3184
3184
3154
3215
3201
3220
3234
3285
3145
3145
3145
3145
3043
3043
3010
3010
3010
2993
2998
2998
2998
3009
3009
3036
3069
3043
3061
2997
2997
2997
2997
3025
3019
3019
3019
2991
2984
2992
2974
2974
2974
3009
3005
2986
2986
3027
2999
3067
3027
3049
3049
3049
3049
3063
3054
3059
3043
3061
3061
3125
3125
3053
3058
3062
3062
2984
2995
3009
3031
3006
3006
2998
3006
3006
2998
2975
2995
3047
2996
2996
2996
2973
2973
2947
2965
2965
2965
2965
2947
2947
3013
2947
2947
2947
2954
2958
2958
2958
2947
3061
3005
3078
3086
3068
3088
3150
3145
3145
3216
3187
3160
3160
3160
3175
3175
3122
3083
3083
3083
3101
3099
3127
3118
3118
3118
3118
3138
3180
3156
3165
3218
3134
3141
3132
3059
3059
3002
3002
3002
2958
2965
2972
2972
2972
2957
2955
2955
2955
2970
2962
2962
2962
2962
2962
2974
2974
2926
2926
2926
2926
2926
2926
2926
2926
2926
2926
2926
2926
2926
2926
2926
2926
2926
2926
2926
2926
2926
3007
2987
2983
2983
2983
3029
3042
3042
3042
3048
3042
3029
3029
3029
3014
3014
3014
3013
3045
3045
3023
3023
3015
3009
3009
3009
3016
3016
3034
3034
3034
3059
3059
3059
3059
3009
3013
3013
3013
3072
3072
3072
3090
3123
3123
3123
3114
3144
3104
3067
3067
3077
3024
3038
3045
3045
3065
3092
3093
3093
3071
3006
2991
2991
2991
2991
3043
3028
3028
3081
3109
3130
3130
3139
3140
3124
3192
3172
3189
3184
3162
3084
3084
3084
3085
3085
3029
3029
3029
3029
3087
3087
3092
3117
3117
3084
3084
3084
3101
3101
3101
3208
3153
3111
3064
3064
3064
3064
3064
3064
3064
3064
3106
3106
3106
3106
3134
3105
3105
3105
3026
3026
3026
3026
3026
3012
3004
3004
3013
3013
2990
2990
3081
3081
3081
3081
3114
3084
3084
3084
3084
3084
3084
3084
3066
3081
3066
3033
3051
3033
2960
3032
2968
3012
2983
2980
2980
2974
2974
2962
2962
2962
2962
2962
2962
2933
2930
2914
2914
2914
2914
2917
2955
2938
2938
2930
2930
2930
2930
2937
3001
3001
2951
2951
2951
2945
2945
2945
2945
2945
2945
2931
2958
3011
2995
2995
2994
2994
2994
2994
2959
2959
2959
2959
2959
2956
2956
2978
3002
2980
2983
2983
3001
3001
2998
2998
2998
2994
2994
2981
3037
2971
2971
2970
2970
2970
2970
2970
3001
2954
2954
2954
3031
2971
2971
2956
2956
2975
2988
2988
2952
2922
2934
2934
2934
2876
2862
2862
2862
2857
2857
2857
2857
2857
2860
2860
2914
2963
2956
2931
2925
2925
2925
2925
2928
2928
2928
2876
2897
2897
2897
2897
2897
2931
2912
2912
2912
2912
2917
2936
2972
2972
2972
2972
2972
3098
3098
2972
2972
2937
2956
2969
2969
3000
2968
2968
2968
2957
2966
2966
2966
2955
2969
2969
2969
2969
3046
3046
3046
3046
3046
3046
3028
3028
2983
2989
2951
2946
2950
2993
3036
3036
3020
3020
3020
3020
3020
3020
3087
3098
3093
3093
3159
3159
3159
3128
3088
3015
2957
2957
2957
2957
2957
2974
2974
2974
2974
2974
2974
2979
2958
2899
2935
2935
2972
2935
2935
2935
2935
2935
2935
2935
2935
2959
2959
2911
2911
2911
2906
2964
2964
2995
2962
2946
2946
2946
2982
2982
2982
3001
2931
2931
2931
2931
2931
2931
2987
2987
2987
2953
2953
2968
2898
2954
2954
2954
2987
3012
3009
3033
3033
3010
3020
3025
3025
3012
3012
2996
2996
3026
3033
3033
3005
3005
3005
3040
3010
3010
3020
3020
3020
3020
3020
2996
3059
3102
3102
3094
3094
3094
3104
3104
3104
3104
3030
3005
3005
2950
2950
2945
2965
2957
2957
2957
2957
2957
2945
2945
2853
2853
2845
2845
2845
2825
2825
2825
2910
2892
2892
2875
2875
2881
2881
2881
2885
2885
2890
2890
2890
2890
2907
2907
2907
2922
2948
2948
2948
2948
2948
2948
2948
2948
2948
2957
2957
2957
2957
3010
3010
3010
2953
2953
2953
2953
2953
2953
2953
2953
2953
2953
2953
2953
2979
2952
2952
2994
2994
2970
2970
2970
2968
2968
2970
2935
2926
2940
2940
2940
2940
2914
2914
2908
2900
2900
2900
2900
2885
2885
2885
2885
2885
2885
2891
2891
2891
2891
2891
2918
2918
2918
2918
2918
2918
2918
2912
2912
2905
2988
2988
3008
3008
3008
3008
3008
3008
3047
3047
3047
3047
3012
3024
3024
3026
3026
3026
3026
3018
3018
3018
3042
3042
3074
3074
3074
3074
2982
2982
2982
2982
2982
2983
3026
2946
2946
3019
3019
3019
3057
3050
3033
3033
3041
3025
3030
2995
2995
2994
3042
3035
3035
3035
3035
3011
3039
3039
3038
3038
3057
3029
3029
3029
3029
3029
3029
2941
2941
2979
2979
2975
2917
2917
2923
2923
2892
2892
2892
2892
2895
2895
2895
2892
2892
2919
2919
2919
2919
2919
2919
2919
2946
2946
2946
2968
2968
2968
2968
2968
2910
2910
2859
2859
2859
2859
2859
2859
2859
2859
2859
2874
2882
2917
2917
2917
2917
2917
2917
2917
2917
2917
2918
2887
2887
2885
2885
2885
2885
2878
2877
2895
2895
2895
2895
2895
2895
2895
2918
2918
2918
2904
2904
2904
2904
2899
2850
2872
2855
2855
2849
2849
2849
2841
2827
2827
2827
2799
2799
2799
2799
2799
2799
2799
2800
2800
2799
2799
2799
2817
2799
2799
2829
2829
2829
2815
2815
2857
2915
2880
2880
2880
2885
2885
2858
2929
2935
2935
2935
2886
2883
2883
2894
2881
2881
2881
2857
2857
2890
2896
2896
2880
2880
2880
2889
2896
2896
2896
2896
2887
2887
2889
2889
2935
2935
2935
2942
2905
2905
2894
2888
2888
2879
2879
2885
2879
2879
2879
2879
2879
2879
2879
2879
2879
2879
2879
2915
2912
2912
2912
2912
2912
2879
2879
2879
2902
2936
2938
2954
2954
2939
2938
2938
2938
2938
2978
2935
2987
2953
2953
2953
2953
3008
3025
3006
3006
3006
3006
3006
3006
3006
2990
2922
2922
2922
2939
2967
2967
2967
2967
2967
2970
2973
2977
2977
2977
2977
2977
2977
2881
2945
2943
2985
2940
2940
2954
2954
2897
2897
2897
2897
2891
2891
2891
2891
2891
2970
2970
2970
2891
2891
2863
2863
2863
2863
2891
2891
2891
2865
2865
2865
2865
2863
2863
2863
2863
2863
2867
2867
2867
2863
2875
2939
2939
2939
2902
2902
2902
2902
2902
2902
2902
2902
2896
2896
2909
2909
2894
2894
2894
2894
2910
2924
2924
2967
2967
2967
2993
3008
3019
3001
3001
3001
3001
3001
2998
2998
2998
3026
2997
2997
2957
2957
2957
2907
2907
2896
2896
2896
2879
2879
2879
2880
2875
2875
2875
2875
2875
2883
2883
2883
2906
2899
2899
2899
2899
2899
2899
2899
2899
2909
2909
2909
2909
2909
2905
2912
2912
2912
2912
2912
2912
2925
2925
2925
3026
3026
3037
3037
3037
3053
3053
3078
3078
3078
3078
3078
3031
3004
3004
3015
3015
3037
3024
3024
3028
3028
3028
3028
3028
3028
3036
3036
3036
3064
3033
3033
3028
2991
2991
2991
2991
2991
2991
2993
2993
2993
2993
3073
3073
3002
2952
2889
2848
2848
2848
2848
2863
2856
2856
2856
2874
2968
2968
2968
2968
2968
2968
2968
2968
2991
2991
2991
2991
2991
2998
2998
3001
3001
2986
2986
2986
2986
2981
2988
2988
2988
2988
2988
2988
2988
2986
2986
2986
2986
2986
2995
2987
2987
2987
2991
2991
2979
2979
2979
2972
2938
2965
2965
2965
2965
2938
2938
2938
2971
2971
2971
2971
2940
2940
2940
2940
2932
2930
2930
2930
2930
2930
2930
2930
2930
2930
2930
2930
2930
2930
2930
2930
2954
2954
3038
3038
3038
2930
2930
2930
2930
2930
2995
2995
2969
2970
2985
3004
2991
2991
2991
2991
2991
2991
2991
2984
2984
2984
2989
2984
3012
2979
2887
2887
2878
2849
2849
2849
2849
2894
2914
2892
2892
2892
2901
2912
2912
2912
2892
2892
2892
2892
2892
2892
2892
2892
2892
2892
2892
2892
2892
2888
2888
2888
2888
2888
2888
2888
2888
2888
2888
2898
2898
2898
2898
2898
2888
2888
2888
2888
2888
2888
2901
2896
2896
2898
2898
2898
2898
2898
2910
2910
2880
2880
2880
2880
2892
2892
2859
2859
2852
2852
2844
2844
2844
2844
2844
2844
2773
2773
2773
2773
2773
2773
2773
2773
2773
2762
2762
2762
2762
2762
2762
2769
2769
2769
2769
2769
2769
2762
2762
2762
2762
2762
2762
2769
2769
2769
2769
2803
2805
2805
2805
2805
2805
2762
2815
2762
2762
2762
2762
2758
2758
2758
2758
2758
2758
2783
2783
2783
2783
2783
2797
2804
2804
2804
2804
2804
2853
2835
2835
2835
2835
2835
2835
2830
2830
2830
2824
2824
2824
2824
2824
2824
2824
2824
2824
2824
2824
2824
2835
2836
2858
2858
2858
2839
2839
2839
2824
2824
2824
2824
2824
2846
2824
2810
2810
2810
2810
2810
2810
2810
2835
2835
2835
2835
2835
2835
2835
2835
2848
2848
2848
2848
2848
2848
2848
2848
2848
2848
2848
2848
2848
2848
2848
2848
2848
2848
2848
2848
2848
2848
2848
2864
2864
2864
2850
2881
2868
2810
2810
2810
2810
2810
2810
2810
2810
2810
2810
2810
2810
2810
2810
2810
2826
2826
2810
2810
2816
2816
2816
2816
2845
2845
2855
2851
2851
2851
2850
2850
2850
2850
2850
2850
2850
2850
2850
2850
2850
2850
2850
2850
2850
2849
2833
2888
2888
2888
2888
2888
2888
2824
2824
2824
2824
2824
2824
2814
2814
2814
2814
2814
2814
2814
2814
2814
2814
2814
2814
2814
2814
2814
2825
2825
2825
2825
2825
2825
2825
2825
2825
2825
2811
2811
2814
2814
2814
2830
2830
2830
2830
2830
2814
2814
2814
2814
2814
2814
2814
2867
2867
2867
2843
2843
2843
2814
2814
2814
2829
2829
2829
2829
2829
2829
2829
2829
2838
2827
2827
2827
2827
2827
2827
2846
2846
2917
2917
2922
2922
2922
2922
2922
2922
2922
2924
2924
2940
2940
2924
2924
2924
2924
2924
2924
2924
2908
2908
2908
2917
2917
2955
2999
2999
2999
2999
2999
3079
3106
3106
3072
3072
3122
3122
3022
3022
3022
3022
3022
3022
3022
3031
3031
3031
3022
2988
2988
2988
3039
3039
3039
3039
3039
2981
2981
2994
2994
2994
2994
2994
2994
2994
2994
2994
3039
3039
3037
3037
3037
2984
2984
2984
2984
2984
3024
3024
3024
3024
3024
3007
3048
3048
3055
3046
3046
2984
3013
3013
2988
2988
2988
2988
2988
2988
2988
2988
3005
3005
3005
3001
3001
3001
3001
3003
3001
3001
3001
3020
3020
3001
3001
3001
3001
3047
3001
3001
3001
3021
3021
3021
3021
3021
3021
3021
3021
3021
3021
3021
3021
3021
2933
2933
2933
2933
2933
2933
2933
2933
2926
2926
2946
2961
2944
2966
2966
2966
2966
2966
2966
2966
2966
3008
3008
3008
3008
3008
3008
2960
2960
2960
2960
2960
2960
2992
2992
3023
3023
3023
3023
3002
2978
2996
2935
2935
2935
2935
2938
2938
2946
2946
2946
2946
2946
2946
2946
2946
2946
2946
2943
2943
2943
2943
2943
2943
2943
2943
2943
2943
2930
2930
2930
2930
2930
2930
2930
2930
2930
2930
2930
2930
2930
2930
2941
2941
2922
2922
2922
2922
2915
2915
2917
2917
2913
2913
2913
2913
2913
2928
2917
2917
2917
2917
2917
2915
2915
2915
2915
2915
2896
2924
2924
2953
2934
2939
2930
2939
2959
2965
2936
2936
2948
2962
2962
2962
2970
2970
2954
2954
2954
2954
2954
3018
3018
3018
3025
3038
3038
3024
3016
3016
3016
3001
3006
3006
3002
3001
3003
3003
3003
3003
3003
3003
3003
2975
2975
2975
2975
2975
2975
2975
2968
2968
2968
2968
2968
2978
2975
2975
2975
2979
2979
2979
2979
2979
2980
2993
2993
2993
2993
2979
2979
2979
2957
2957
2948
2948
2941
2958
2941
2944
2944
2944
2944
2944
2944
2944
2959
2963
2963
2959
2996
2996
2972
2972
2972
2972
2915
2915
2915
2915
2915
2915
2915
2915
2915
2915
2915
2915
2915
2915
2915
2915
2915
2915
2915
2915
2912
2912
2912
2912
2904
2904
2904
2904
2904
2904
2904
2904
2918
2929
2908
2896
2896
2880
2863
2874
2874
2874
2874
2863
2863
2863
2869
2869
2869
2879
2884
2884
2884
2884
2875
2875
2884
2884
2884
2925
2925
2925
2925
2925
2925
2925
2929
2929
2929
2929
2929
2929
2929
2929
2862
2862
2862
2862
2862
2890
2890
2890
2890
2890
2874
2873
2873
2873
2873
2873
2873
2873
2873
2869
2869
2869
2869
2867
2867
2862
2862
2862
2862
2913
2913
2913
2913
2913
2915
2915
2915
2915
2915
2915
2952
2952
2981
2981
2981
2981
2981
2952
2952
2960
2960
2951
2951
2951
2951
2951
2951
2951
2951
2951
2951
2951
2951
2943
2943
2943
2943
2943
2943
2907
2907
2937
2952
2952
2952
2953
2953
2953
2918
2918
2916
2916
2916
2891
2891
2891
2897
2897
2882
2882
2882
2901
2901
2932
2932
2932
2932
2932
2875
2842
2839
2839
2839
2839
2839
2839
2799
2799
2799
2780
2808
2808
2808
2808
2808
2808
2808
2808
2808
2838
2801
2786
2786
2786
2786
2786
2786
2786
2786
2786
2786
2786
2786
2786
2786
2786
2786
2786
2786
2786
2786
2786
2771
2771
2771
2771
2771
2771
2771
2771
2771
2771
2771
2796
2796
2796
2796
2796
2796
2796
2796
2796
2796
2782
2782
2782
2782
2782
2782
2782
2782
2782
2783
2783
2783
2783
2783
2783
2783
2783
2783
2783
2783
2783
2783
2783
2783
2783
2779
2777
2777
2792
2792
2792
2792
2792
2791
2791
2791
2791
2791
2791
2791
2791
2791
2791
2791
2817
2817
2817
2791
2791
2791
2791
2791
2791
2791
2791
2791
2791
2791
2791
2791
2791
2791
2791
2791
2791
2791
2791
2791
2791
2791
2791
2791
2791
2791
2791
2791
2791
2791
2791
2791
2791
2791
2791
2791
2791
2791
2791
2826
2827
2827
2827
2827
2833
2833
2814
2820
2820
2839
2833
2826
2807
2807
2807
2838
2838
2832
2832
2832
2832
2832
2832
2813
2813
2813
2813
2813
2832
2832
2823
2823
2823
2821
2821
2813
2813
2813
2813
2813
2813
2813
2813
2813
2813
2813
2813
2813
2820
2820
2820
2820
2820
2820
2835
2835
2835
2835
2835
2835
2835
2794
2794
2794
2795
2795
2795
2795
2795
2807
2807
2799
2799
2799
2799
2799
2799
2799
2799
2799
2799
2799
2805
2797
2797
2797
2797
2797
2797
2797
2806
2797
2791
2791
2791
2791
2791
2791
2791
2791
2791
2791
2791
2791
2791
2791
2791
2791
2791
2795
2795
2824
2850
2841
2841
2863
2863
2863
2797
2797
2797
2802
2794
2794
2794
2794
2794
2794
2794
2794
2794
2794
2794
2794
2794
2794
2794
2794
2796
2796
2796
2796
2793
2793
2793
2787
2787
2787
2770
2770
2770
2770
2770
2770
2770
2770
2770
2770
2770
2770
2770
2770
2770
2770
2770
2770
2770
2770
2777
2777
2770
2770
2790
2790
2790
2790
2770
2770
2770
2770
2770
2770
2770
2770
2797
2800
2800
2800
2800
2800
2795
2795
2795
2795
2795
2801
2801
2801
2801
2801
2806
2806
2806
2806
2795
2795
2795
2795
2795
2795
2795
2795
2795
2795
2795
2795
2795
2795
2795
2795
2795
2795
2795
2795
2795
2795
2795
2795
2812
2786
2786
2786
2786
2786
2786
2786
2792
2792
2792
2792
2792
2792
2792
2792
2792
2792
2792
2792
2792
2792
2792
2792
2786
2786
2786
2786
2786
2786
2786
2786
2786
2786
2786
2786
2786
2786
2786
2786
2786
2786
2786
2786
2786
2786
2786
2786
2786
2786
2786
2786
2786
2786
2786
2786
2786
2786
2786
2786
2786
2786
2786
2786
2789
2789
2789
2786
2786
2786
2786
2786
2786
2788
2788
2788
2788
2788
2788
2788
2788
2788
2788
2788
2788
2788
2788
2788
2788
2788
2788
2788
2788
2792
2792
2792
2792
2794
2794
2794
2794
2794
2794
2789
2789
2789
2789
2789
2789
2789
2789
2789
2789
2789
2789
2789
2798
2798
2798
2798
2798
2798
2798
2798
2798
2802
2802
2798
2798
2798
2798
2798
2798
2798
2798
2798
2798
2798
2798
2798
2795
2795
2795
2795
2795
2795
2803
2803
2803
2795
2791
2791
2796
2796
2791
2790
2787
2787
2787
2784
2784
2784
2784
2784
2784
2784
2784
2784
2784
2784
2784
2784
2784
2784
2791
2791
2791
2791
2791
2791
2791
2791
2791
2791
2791
2791
2791
2791
2791
2791
2829
2829
2829
2829
2829
2829
2829
2823
2811
2811
2817
2817
2816
2816
2816
2816
2816
2816
2816
2816
2816
2816
2816
2816
2816
2816
2816
2816
2816
2815
2815
2815
2815
2815
2815
2815
2815
2815
2815
2815
2815
2815
2815
2815
2815
2815
2815
2815
2815
2815
2815
2815
2815
2816
2816
2807
2807
2807
2807
2807
2807
2807
2807
2807
2807
2817
2817
2817
2817
2817
2817
2817
2817
2817
2808
2808
2808
2808
2808
2808
2808
2808
2808
2808
2808
2808
2808
2808
2808
2808
2808
2808
2815
2815
2815
2808
2808
2817
2814
2814
2814
2814
2814
2814
2814
2814
2814
2814
2814
2814
2814
2814
2814
2814
2814
2814
2814
2814
2814
2814
2810
2810
2810
2810
2810
2810
2810
2810
2810
2810
2810
2806
2806
2806
2806
2806
2806
2806
2806
2806
2806
2806
2810
2810
2810
2799
2799
2799
2799
2799
2799
2799
2799
2799
2799
2799
2799
2799
2799
2799
2799
2799
2796
2796
2796
2799
2799
2799
2802
2802
2802
2802
2802
2802
2772
2772
2772
2772
2772
2772
2772
2772
2772
2772
2772
2772
2772
2772
2772
2772
2772
2772
2772
2772
2772
2772
2772
2772
2772
2772
2772
2770
2770
2770
2770
2770
2770
2770
2770
2770
2770
2770
2770
2770
2770
2770
2770
2770
2770
2770
2770
2770
2770
2770
2770
2770
2770
2770
2770
2770
2770
2770
2770
2770
2770
2776
2776
2776
2776
2776
2776
2770
2770
2770
2770
2770
2770
2764
2764
2764
2777
2772
2764
2764
2764
2764
2764
2764
2764
2764
2764
2775
2775
2775
2775
2775
2775
2775
2775
2775
2775
2775
2775
2775
2775
2775
2775
2775
2775
2775
2775
2775
2775
2775
2775
2775
2775
2775
2775
2775
2775
2775
2775
2775
2767
2767
2767
2767
2767
2767
2767
2767
2767
2767
2767
2767
2767
2767
2767
2767
2767
2767
2767
2767
2767
2767
2767
2767
2767
2767
2767
2767
2767
2767
2767
2767
2767
2767
2767
2767
2767
2764
2764
2764
2764
2764
2764
2764
2764
2764
2764
2764
2764
2764
2764
2786
2786
2786
2786
2786
2786
2797
2797
2797
2797
2797
2797
2797
2786
2786
2786
2786
2786
2786
2786
2791
2791
2791
2791
2791
2803
2803
2781
2781
2769
2769
2769
2769
2769
2769
2769
2769
2769
2769
2769
2769
2769
2769
2769
2769
2769
2769
2769
2769
2769
2769
2769
2769
2769
2763
2763
2763
2765
2765
2765
2765
2765
2765
2765
2765
2766
2766
2766
2772
2772
2772
2772
2772
2772
2772
2772
2772
2772
2772
2772
2772
2772
2772
2772
2772
2772
2772
2772
2772
2772
2772
2772
2772
2772
2772
2772
2772
2772
2772
2772
2772
2772
2772
2772
2772
2772
2773
2773
2773
2773
2773
2773
2773
2773
2773
2773
2773
2773
2773
2773
2773
2774
2770
2770
2770
2770
2770
2770
2770
2770
2770
2770
2770
2770
2770
2770
2770
2770
2770
2770
2770
2770
2770
2770
2770
2770
2774
2774
2774
2774
2774
2774
2774
2774
2774
2774
2774
2774
2774
2774
2771
2771
2771
2771
2771
2771
2771
2771
2771
2771
2771
2771
2771
2763
2763
2763
2763
2763
2763
2763
2763
2763
2763
2763
2763
2763
2763
2763
2763
2763
2763
2763
2763
2763
2763
2763
2763
2763
2763
2763
2763
2763
2763
2763
2763
2763
2763
2763
2763
2763
2763
2763
2763
2763
2763
2763
2763
2763
2763
2763
2763
2763
2763
2763
2763
2763
2763
2763
2763
2763
2763
2763
2763
2763
2763
2763
2763
2763
2763
2763
2763
2763
2763
2763
2763
2763
2763
2763
2763
2763
2763
2763
2763
2763
2763
2763
2763
2763
2763
2763
2763
2763
2763
2763
2763
2763
2763
2763
2763
2763
2763
2763
2763
2763
2763
2763
2763
2763
2763
2763
2763
2763
2763
2763
2763
2763
2763
2763
2763
2764
2764
2764
2764
2764
2764
2763
2763
2763
2763
2763
2763
2763
2763
2763
2763
2763
2763
2763
2763
2763
2763
2763
2763
2763
2763
2763
2763
2763
2763
2763
2763
2763
2763
2763
2763
2763
2763
2763
2763
2763
2763
2763
2763
2763
2763
2763
2764
2764
2764
2763
2763
2763
2763
2763
2768
2768
2768
2768
2768
2768
2773
2773
2773
2773
2773
2773
2773
2773
2773
2773
2768
2768
2768
2768
2768
2774
2774
2768
2768
2768
2768
2768
2768
2768
2768
2768
2768
2768
2768
2768
2768
2768
2768
2768
2768
2768
2769
2782
2785
2785
2785
2785
2785
2785
2785
2785
2785
2785
2785
2785
2785
2785
2787
2787
2787
2787
2787
2787
2787
2787
2787
2787
2787
2787
2787
2787
2787
2787
2787
2787
2782
2782
2782
2782
2780
2780
2780
2779
2779
2782
2779
2779
2779
2777
2776
2776
2776
2776
2776
2776
2776
2776
2776
2776
2776
2776
2776
2776
2776
2776
2776
2776
2776
2776
2776
2776
2776
2776
2773
2773
2773
2773
2777
2775
2775
2775
2768
2768
2768
2768
2768
2768
2768
2768
2768
2768
2768
2768
2768
2768
2768
2768
2768
2768
2768
2768
2768
2768
2768
2768
2768
2768
2768
2768
2768
2768
2768
2768
2768
2768
2768
2768
2768
2768
2768
2768
2772
2768
2768
2768
2771
2771
2771
2771
2771
2771
2771
2768
2768
2768
2768
2768
2768
2768
2768
2768
2768
2768
2768
2773
2775
2775
2775
2773
2773
2773
2773
2773
2773
2773
2772
2771
2771
2771
2771
2771
2771
2771
2771
2771
2771
2771
2771
2771
2771
2771
2771
2771
2771
2771
2771
2771
2771
2768
2768
2768
2768
2768
2768
2768
2768
2768
2768
2768
2768
2768
2768
2768
2768
2768
2768
2768
2768
2768
2768
2768
2768
2752
2752
2752
2752
2752
2752
2752
2752
2752
2752
2752
2752
2752
2752
2752
2752
2752
2755
2754
2754
2754
2754
2754
2757
2757
2757
2752
2752
2752
2752
2752
2752
2752
2752
2752
2752
2752
2752
2752
2752
2752
2752
2755
2755
2755
2755
2755
2755
2755
2755
2755
2755
2755
2755
2755
2755
2755
2755
2755
2755
2755
2755
2755
2755
2755
2756
2756
2756
2756
2756
2752
2752
2752
2752
2752
2752
2752
2752
2752
2752
2752
2752
2752
2752
2752
2752
2752
2752
2752
2752
2752
2752
2752
2752
2752
2752
2752
2752
2752
2752
2767
2761
2761
2761
2761
2761
2761
2761
2761
2761
2761
2761
2761
2761
2761
2761
2761
2761
2752
2752
2752
2752
2752
2752
2752
2752
2752
2752
2753
2753
2753
2753
2753
2753
2753
2753
2752
2752
2752
2752
2752
2752
2752
2752
2752
2752
2752
2752
2752
2752
2752
2752
2752
2752
2752
2752
2752
2752
2752
2752
2752
2752
2752
2752
2752
2752
2752
2752
2752
2752
2752
2752
2752
2752
2752
2752
2752
2752
2752
2752
2752
2752
2752
2752
2752
2752
2752
2752
2752
2752
2752
2752
2752
2752
2752
2752
2752
2752
2752
2752
2752
2752
2752
2752
2752
2752
2752
2752
2752
2752
2752
2752
2752
2752
2752
2755
2755
2752
2752
2752
2752
2752
2752
2752
2752
2752
2752
2752
2752
2752
2752
2752
2752
2752
2752
2752
2752
2752
2752
2752
2752
2752
2752
2752
2752
2752
2752
2752
2752
2752
2754
2754
2754
2754
2754
2754
2754
2754
2754
2754
2752
2752
2752
2752
2752
2752
2752
2752
2752
2752
2752
2752
2752
2752
2752
2752
2752
2752
2752
2752
2752
2752
2752
2752
2752
2752
2752
2752
2752
2752
2752
2752
2752
2752
2752
2752
2752
2752
2752
2752
2752
2752
2752
2752
2752
2752
2752
2752
2752
2752
2752
2752
2752
2752
2752
2752
2752
2752
2752
2752
2752
2752
2752
2752
2752
2752
2752
2752
2752
2752
2752
2752
2752
2752
2754
2754
2754
2754
2752
2752
2752
2752
2752
2752
2752
2754
2754
2754
2754
2754
2754
2754
2754
2754
2754
2754
2754
2754
2754
2754
2754
2754
2754
2754
2752
2752
2752
2752
2752
2752
2752
2752
2752
2752
2752
2752
2752
2752
2752
2752
2752
2752
2752
2752
2752
2752
2752
2752
2752
2752
2752
2752
2752
2752
2752
2752
2752
2752
2752
2752
2752
2752
2752
2752
2752
2752
2752
2752
2752
2752
2752
2752
2752
2752
2752
2752
2752
2752
2752
2752
2752
2752
2752
2752
2752
2752
2752
2752
2752
2752
2752
2752
2752
2752
2752
2752
2752
2752
2752
2752
2752
2752
2752
2752
2752
2752
2752
2752
2752
2752
2752
2752
2752
2752
2752
2752
2752
2752
2752
2752
2752
2752
2752
2752
2752
2752
2752
2752
2752
2752
2752
2752
2752
2752
2752
2752
2752
2752
2752
2752
2752
2752
2752
2752
2752
2752
2752
2752
2752
2752
2752
2752
2752
2753
2752
2752
2752
2752
2752
2752
2752
2759
2759
2759
2759
2759
2759
2759
2759
2759
2759
2759
2752
2752
2752
2752
2752
2752
2752
2752
2752
2752
2752
2752
2752
2752
2752
2752
2752
2752
2752
2752
2752
2752
2752
2752
2752
2752
2752
2752
2752
2752
2752
2752
2752
2752
2752
2752
2752
2752
2752
2752
2752
2752
2752
2752
2752
2752
2752
2752
2752
2752
2752
2752
2752
2752
2752
2752
2753
2753
2753
2753
2752
2752
2752
2752
2752
2752
2752
2752
2752
2752
2752
2752
2752
2752
2752
2752
2752
2752
2752
2752
2752
2752
2752
2752
2752
2752
2752
2752
2752
2752
2752
2752
2752
2752
2752
2752
2752
2752
2752
2752
2752
2752
2752
2752
2752
2752
2752
2752
2752
2752
2752
2752
2752
2752
2752
2752
2752
2752
2752
2752
2752
2752
2752
2752
2752
2752
2752
2752
2752
2752
2752
2752
2752
2752
2752
2752
2752
2752
2752
2752
2752
2752
2752
2752
2752
2752
2752
2752
2752
2752
2752
2752
2752
2752
2752
2752
2752
2752
2752
2752
2752
2752
2752
2753
2753
2753
2753
2752
2752
2752
2752
2752
2752
2752
2752
2752
2752
2752
2752
2752
2752
2752
2752
2752
2752
2752
2752
2752
2752
2752
2752
2752
2752
2752
2752
2752
2752
2752
2752
2752
2752
2752
2752
2757
2757
2757
2757
2757
2757
2757
2752
2752
2752
2754
2753
2753
2753
2753
2753
2753
2752
2752
2752
2752
2752
2752
2752
2752
2752
2752
2752
2752
2752
2752
2752
2752
2752
2752
2752
2752
2752
2752
2752
2752
2752
2752
2752
2752
2752
2752
2752
2752
2752
2752
2752
2752
2752
2752
2752
2752
2752
2752
2752
2752
2752
2752
2752
2752
2752
2752
2752
2752
2752
2752
2752
2752
2752
2752
2752
2752
2752
2752
2752
2752
2752
2752
2752
2752
2752
2752
2752
2752
2752
2752
2752
2752
2752
2752
2752
2752
2752
2752
2752
2752
2752
2752
2752
2752
2752
2752
2752
2752
2752
2752
2752
2752
2752
2752
2752
2752
2752
2752
2752
2752
2752
2752
2752
2752
2752
2752
2752
2752
2752
2752
2752
2752
2752
2752
2752
2752
2752
2752
2752
2752
2752
2752
2752
2752
2752
2752
2752
2752
2752
2752
2752
2752
2752
2752
2752
2752
2752
2752
2752
2754
2754
2754
2754
2754
2754
2754
2754
2754
2754
2754
2754
2754
2754
2754
2752
2752
2752
2752
2752
2752
2752
2752
2752
2752
2752
2752
2752
2752
2752
2752
2752
2752
2752
2752
2752
2755
2755
2755
2752
2752
2752
2752
2752
2752
2752
2752
2752
2752
2752
2752
2752
2752
2752
2752
2752
2752
2752
2752
2752
2752
2752
2752
2752
2752
2752
2752
2752
2752
2755
2755
2755
2755
2755
2755
2755
2755
2755
2755
2753
2753
2753
2753
2753
2753
2753
2753
2753
2753
2753
2753
2753
2752
2753
2753
2752
2752
2752
2752
2752
2752
2752
2752
2752
2752
2752
2752
2752
2752
2752
2752
2752
2752
2752
2752
2752
2752
2752
2752
2752
2758
2758
2758
2752
2752
2752
2752
2752
2752
2752
2752
2752
2752
2752
2752
2752
2752
2752
2752
2752
2752
2752
2752
2752
2752
2752
2752
2752
2752
2752
2752
2752
2752
2752
2752
2752
2752
2752
2752
2752
2752
2752
2752
2752
2752
2752
2752
2752
2752
2752
2752
2752
2752
2754
2754
2754
2754
2754
2754
2754
2754
2754
2754
2754
2754
2754
2754
2754
2754
2754
2754
2754
2754
2754
2754
2754
2754
2754
2754
2754
2754
2754
2754
2754
2754
2754
2754
2754
2754
2752
2752
2752
2752
2752
2752
2752
2752
2752
2752
2752
2752
2752
2752
2752
2752
2752
2752
2752
2752
2752
2752
2752
2752
2752
2752
2752
2752
2752
2752
2752
2752
2752
2752
2752
2752
2752
2752
2752
2752
2752
2752
2752
2752
2752
2752
2752
2752
2752
2752
2752
2752
2752
2752
2752
2752
2752
2752
2752
2752
2752
2752
2752
2752
2752
2752
2752
2752
2752
2752
2752
2752
2752
2752
2752
2752
2752
2752
2752
2752
2752
2752
2752
2752
2752
2752
2752
2752
2752
2752
2752
2752
2752
2752
2752
2752
2752
2752
2752
2752
2752
2752
2752
2752
2752
2752
2752
2752
2752
2752
2752
2752
2752
2752
2752
2752
2752
2752
2752
2752
2752
2752
2754
2754
2754
2754
2754
2754
2754
2754
2754
2754
2754
2754
2754
2754
2754
2752
2752
2752
2752
2752
2752
2752
2752
2752
2752
2752
2752
2752
2752
2752
2752
2752
2752
2752
2752
2752
2752
2752
2752
2752
2752
2752
2752
2752
2752
2752
2752
2752
2752
2752
2752
2752
2752
2752
2752
2752
2752
2752
2752
2752
2752
2752
2752
2752
2752
2752
2752
2752
2752
2752
2752
2752
2752
2752
2752
2752
2752
2752
2752
2752
2752
2752
2752
2752
2752
2752
2752
2752
2752
2752
2752
2752
2752
2752
2752
2752
2752
2752
2752
2752
2752
2752
2752
2752
2752
2752
2752
2752
2752
2754
2754
2754
2752
2752
2752
2752
2752
2752
2752
2752
2752
2752
2752
2752
2752
2752
2752
2752
2752
2752
2752
2752
2752
2752
2752
2752
2752
2752
2752
2752
2752
2752
2752
2752
2752
2752
2752
2752
2752
2752
2752
2754
2754
2754
2754
2754
2754
2754
2754
2752
2752
2752
2752
2752
2752
2753
2753
2753
2753
2753
2753
2753
2753
2753
2753
2753
2753
2753
2753
2753
2753
2753
2758
2758
2758
2758
2758
2758
2758
2758
2758
2758
2758
2758
2758
2758
2758
2758
2758
2758
2758
2758
2758
2758
2758
2758
2758
2758
2758
2753
2753
2753
2753
2753
2753
2753
2753
2753
2753
2753
2753
2753
2753
2753
2753
2753
2753
2753
2753
2753
2753
2753
2753
2753
2753
2753
2753
2753
2753
2753
2752
2752
2752
2752
2752
2752
2752
2752
2752
2752
2756
2756
2756
2756
2756
2756
2752
2752
2752
2752
2752
2752
2752
2752
2752
2752
2752
2752
2752
2752
2752
2752
2752
2752
2752
2752
2752
2752
2752
2752
2752
2752
2752
2752
2752
2752
2752
2752
2752
2752
2752
2752
2752
2752
2752
2752
2752
2752
2752
2752
2752
2752
2752
2752
2752
2752
2752
2752
2752
2752
2752
2752
2752
2752
2752
2752
2752
2752
2752
2752
2752
2752
2752
2752
2752
2752
2752
2752
2752
2752
2752
2752
2752
2752
2752
2752
2752
2752
2752
2752
2752
2752
2752
2752
2752
2752
2752
2752
2752
2752
2752
2752
2752
2752
2752
2752
2752
2752
2752
2752
2752
2752
2752
2752
2752
2752
2752
2752
2752
2752
2752
2752
2752
2752
2752
2752
2752
2752
2752
2752
2752
2752
2752
2753
2753
2753
2753
2753
2753
2753
2753
2753
2753
2753
2753
2752
2752
2752
2752
2752
2752
2752
2752
2752
2752
2752
2752
2752
2752
2752
2752
2752
2752
2752
2757
2752
2752
2752
2752
2752
2752
2752
2752
2752
2752
2752
2752
2752
2752
2752
2752
2752
2752
2752
2752
2752
2752
2752
2752
2752
2752
2752
2752
2752
2752
2752
2752
2752
2752
2752
2752
2752
2752
2752
2752
2752
2752
2752
2752
2752
2752
2752
2752
2752
2752
2752
2752
2752
2752
2752
2752
2752
2752
2755
2755
2755
2752
2752
2752
2752
2752
2752
2752
2752
2753
2753
2753
2752
2752
2752
2752
2752
2752
2752
2752
2752
2752
2752
2752
2752
2752
2752
2752
2752
2752
2752
2752
2752
2752
2752
2752
2752
2752
2752
2752
2752
2752
2752
2752
2752
2752
2752
2752
2752
2752
2752
2752
2752
2752
2752
2752
2752
2752
2752
2752
2752
2752
2752
2752
2752
2752
2752
2752
2752
2752
2752
2752
2752
2752
2752
2752
2752
2752
2752
2752
2752
2752
2752
2752
2752
2752
2752
2752
2752
2752
2752
2752
2752
2752
2753
2753
2752
2752
2755
2755
2755
2752
2752
2752
2752
2752
2752
2752
2752
2752
2752
2752
2752
2752
2752
2752
2752
2752
2752
2752
2752
2752
2752
2752
2752
2752
2752
2752
2752
2752
2752
2752
2752
2752
2752
2752
2752
2752
2752
2752
2752
2752
2755
2755
2752
2752
2752
2752
2752
2752
2752
2752
2752
2752
2752
2752
2752
2752
2752
2752
2752
2752
2752
2752
2752
2752
2752
2752
2752
2755
2755
2755
2755
2755
2755
2755
2755
2752
2752
2752
2752
2752
2752
2752
2752
2752
2752
2752
2752
2752
2752
2752
2752
2752
2752
2752
2752
2752
2752
2752
2752
2752
2752
2752
2752
2752
2752
2752
2752
2752
2752
2752
2752
2752
2752
2752
2757
2757
2757
2757
2757
2757
2752
2752
2752
2757
2757
2752
2752
2752
2752
2752
2752
2752
2752
2752
2752
2752
2752
2752
2753
2753
2753
2753
2753
2753
2753
2753
2753
2753
2753
2753
2752
2752
2752
2752
2752
2752
2752
2752
2752
2752
2752
2752
2752
2752
2752
2752
2752
2752
2752
2752
2752
2752
2752
2752
2752
2752
2752
2752
2752
2752
2752
2752
2752
2752
2752
2752
2752
2752
2752
2752
2752
2752
2752
2752
2752
2752
2752
2752
2752
2752
2752
2752
2752
2752
2752
2752
2752
2752
2752
2760
2760
2760
2760
2760
2760
2760
2760
2760
2760
2760
2760
2760
2760
2760
2760
2760
2760
2760
2760
2760
2760
2760
2760
2760
2760
2760
2760
2760
2760
2760
2760
2760
2760
2760
2760
2760
2760
2760
2760
2760
2760
2760
2760
2760
2760
2760
2760
2760
2760
2760
2760
2760
2760
2760
2760
2760
2760
2760
2760
2760
2760
2760
2760
2760
2760
2760
2760
2760
2760
2760
2760
2760
2760
2760
2760
2760
2765
2765
2765
2765
2765
2765
2765
2765
2765
2765
2765
2765
2765
2765
2765
2765
2765
2765
2765
2765
2765
2765
2765
2770
2770
2770
2770
2765
2765
2765
2765
2765
2765
2765
2761
2761
2761
2761
2761
2761
2761
2761
2761
2761
2761
2761
2761
2761
2761
2761
2761
2761
2761
2761
2761
2761
2761
2761
2752
2752
2752
2752
2752
2752
2752
2752
2752
2752
2752
2752
2752
2752
2752
2752
2752
2752
2752
2752
2752
2752
2752
2752
2752
2752
2752
2752
2752
2752
2752
2752
2735
2735
2735
2735
2735
2735
2737
2732
2732
2732
2732
2732
2732
2732
2732
2732
2732
2732
2732
2732
2732
2732
2732
2732
2732
2732
2732
2732
2732
2732
2732
2732
2732
2732
2732
2732
2732
2732
2732
2732
2732
2732
2732
2732
2732
2732
2732
2732
2732
2732
2732
2732
2732
2732
2732
2732
2732
2732
2732
2732
2732
2732
2732
2735
2735
2735
2735
2735
2735
2735
2735
2735
2735
2735
2735
2735
2735
2735
2735
2735
2735
2735
2735
2735
2735
2735
2735
2735
2735
2735
2733
2733
2733
2733
2733
2733
2733
2733
2733
2732
2732
2732
2732
2732
2732
2732
2732
2732
2732
2732
2732
2732
2732
2732
2732
