4813
4898
4827
4807
4870
4759
4763
4790
4786
4749
4725
4692
4698
4698
4737
4798
4818
4861
4820
4837
4823
4823
4823
4883
4888
4906
5006
5029
5064
5060
5035
5013
5027
4975
4894
4881
4843
4848
4876
4914
4946
4881
4906
4874
4897
4935
4924
4935
4882
4872
4848
4817
4805
4778
4769
4764
4764
4721
4713
4765
4765
4762
4732
4830
4830
4843
4783
4830
4766
4811
4844
4874
4892
4770
4740
4771
4733
4698
4732
4781
4762
4762
4762
4713
4770
4764
4797
4797
4822
4817
4817
4821
4801
4780
4840
4848
4924
4960
4960
4831
4832
4768
4741
4678
4716
4720
4771
4727
4835
4801
4669
4740
4785
4734
4821
4853
4853
4822
4822
4822
4722
4722
4710
4710
4709
4709
4795
4818
4771
4755
4819
4758
4758
4785
4788
4831
4831
4807
4808
4742
4724
4784
4717
4667
4635
4628
4637
4590
4605
4652
4667
4716
4717
4681
4697
4722
4697
4772
4716
4718
4675
4654
4626
4605
4668
4681
4701
4707
4666
4653
4653
4594
4625
4628
4630
4630
4673
4752
4750
4733
4733
4835
4748
4759
4748
4745
4739
4620
4686
4633
4691
4700
4693
4715
4787
4787
4814
4832
4866
4848
4903
4972
5054
5036
5015
5003
5000
4977
5001
5001
5037
4990
4990
4945
4966
4966
4951
4892
4913
4965
4932
5003
4904
4886
4914
4914
4919
4887
4882
4927
4990
4924
4901
4818
4818
4852
4878
4814
4784
4764
4752
4789
4797
4783
4907
4924
4908
4919
4998
4988
4907
4907
4966
4956
4965
4889
4943
4920
4937
4925
4990
4951
4974
4974
4946
4969
4973
4998
4998
4917
4866
4834
4789
4789
4866
4838
4853
4847
4874
4906
4994
4966
4942
4936
4903
4871
4932
4941
4935
4926
4948
4944
4936
4891
4860
4860
4860
4857
4866
4889
4849
4833
4809
4780
4813
4774
4759
4745
4724
4714
4745
4784
4728
4827
4791
4873
4862
4798
4863
4784
4795
4834
4803
4750
4771
4756
4747
4730
4745
4745
4745
4790
4762
4786
4792
4769
4787
4783
4839
4803
4843
4816
4877
4966
4849
4855
4907
4872
4892
4847
4838
4879
4912
4848
4896
4943
4973
4950
4974
5015
5051
5110
5035
5055
5044
5080
5095
5042
4981
4925
4809
4740
4740
4705
4723
4772
4700
4690
4708
4708
4666
4752
4705
4692
4738
4841
4798
4784
4757
4736
4829
4796
4829
4854
4901
4934
4908
4963
4906
4886
4830
4828
4809
4833
4856
4829
4846
4943
4962
4901
4893
4887
4922
4808
4799
4800
4781
4794
4844
4844
4780
4810
4834
4790
4802
4776
4789
4799
4826
4781
4821
4821
4770
4837
4784
4710
4701
4780
4801
4752
4804
4795
4763
4820
4833
4789
4798
4819
4806
4857
4773
4728
4732
4712
4750
4796
4767
4772
4723
4754
4697
4806
4830
4836
4821
4849
4886
4843
4858
4847
4847
4827
4863
4863
4838
4838
4880
4834
4834
4815
4850
4850
4786
4840
4840
4840
4861
4856
4901
4935
4896
4894
4851
4831
4747
4715
4784
4773
4773
4722
4727
4790
4796
4903
4862
4858
4814
4853
4807
4773
4757
4738
4770
4771
4747
4752
4782
4795
4873
4873
4822
4777
4804
4762
4789
4738
4776
4795
4878
4887
4848
4805
4802
4835
4751
4637
4633
4566
4566
4570
4599
4657
4661
4690
4690
4774
4690
4677
4663
4636
4707
4707
4679
4699
4699
4699
4699
4724
4737
4771
4821
4777
4883
4881
4821
4893
4890
4888
4925
4945
4945
5031
4980
4980
4968
4944
4941
4906
4869
4884
4819
4879
4920
4920
4859
4831
4831
4826
4787
4745
4717
4713
4669
4669
4644
4667
4708
4680
4660
4638
4658
4664
4722
4712
4708
4708
4708
4735
4690
4748
4789
4789
4768
4698
4704
4683
4700
4726
4740
4877
4865
4865
4852
4832
4889
4904
4867
4857
4825
4834
4835
4698
4833
4863
4794
4807
4870
4884
4901
4884
4888
4900
4902
4863
4825
4707
4707
4696
4713
4730
4767
4863
4830
4821
4893
4905
4947
4929
4952
4913
4981
4905
4905
4926
4847
4774
4752
4815
4862
4895
4915
4902
4969
4867
4865
4921
4972
5027
5027
4979
4979
5019
5013
5062
5083
5094
5069
5066
5006
5003
4999
4945
4966
4947
4985
4910
4889
4885
4877
4906
4917
4978
4926
5029
5029
5040
5017
5011
5021
5061
5012
5003
4946
4928
4902
4902
5029
4969
5019
5002
4960
4939
4972
4972
5027
5025
5024
5031
5031
4934
4926
4875
4911
4899
4880
4874
4898
4937
4934
4935
4803
4840
4783
4723
4704
4754
4709
4709
4672
4693
4712
4719
4683
4690
4701
4715
4742
4826
4821
4883
4883
4883
4951
4866
4835
4829
4805
4940
4858
4815
4835
4859
4876
4878
4772
4775
4772
4760
4718
4787
4845
4822
4831
4904
4871
4871
4907
4988
4986
4944
5044
5042
5029
5024
5024
5011
4971
5027
5015
4911
4935
4930
4892
4964
4961
4985
4943
4995
4968
4968
5069
5069
5106
5156
5094
5056
4932
5016
5085
5020
5055
5046
5097
5123
5006
5057
5038
5071
5020
5024
4959
4946
4884
4848
4843
4900
4896
4923
4858
4840
4907
4938
4884
4907
4852
4891
4814
4814
4809
4735
4754
4754
4681
4681
4668
4713
4795
4795
4748
4748
4762
4802
4861
4861
4823
4743
4758
4810
4857
4863
4933
4934
4925
4889
4955
5012
4945
4949
4911
4885
4809
4745
4743
4679
4686
4669
4660
4698
4684
4722
4599
4644
4592
4653
4621
4649
4682
4691
4705
4720
4734
4749
4701
4739
4710
4716
4710
4737
4763
4763
4743
4756
4707
4783
4764
4815
4810
4809
4792
4868
4856
4857
4816
4884
4820
4772
4875
4804
4852
4828
4759
4716
4748
4751
4694
4679
4706
4706
4697
4773
4761
4761
4648
4648
4627
4661
4691
4691
4669
4669
4616
4626
4570
4611
4611
4658
4658
4756
4821
4750
4864
4864
4858
4858
4802
4711
4762
4762
4714
4726
4727
4757
4612
4613
4613
4666
4637
4668
4676
4671
4671
4658
4658
4603
4706
4811
4693
4761
4761
4761
4771
4772
4819
4865
4802
4795
4842
4887
4934
4871
4836
4826
4840
4840
4833
4890
4880
4885
4879
4873
4890
4870
4883
4867
4803
4819
4842
4888
4898
4902
4864
4888
4841
4808
4819
4907
4905
4818
4728
4764
4754
4845
4906
4882
4868
4787
4836
4830
4804
4881
4803
4744
4771
4742
4767
4769
4773
4782
4731
4775
4711
4678
4678
4755
4673
4719
4711
4689
4680
4687
4728
4796
4834
4870
4855
4863
4863
4865
4803
4740
4759
4785
4777
4829
4761
4750
4815
4815
4801
4781
4804
4812
4814
4794
4770
4711
4757
4818
4843
4896
4896
4903
4897
4947
4947
4947
4916
4859
4822
4787
4708
4733
4678
4678
4637
4637
4708
4708
4689
4712
4731
4715
4777
4735
4694
4690
4668
4725
4725
4702
4655
4651
4695
4763
4680
4736
4736
4693
4750
4774
4747
4752
4783
4799
4810
4810
4826
4789
4855
4858
4864
4815
4777
4806
4879
4879
4879
4895
4831
4836
4833
4829
4845
4906
4894
4884
4850
4857
4874
4868
4871
4854
4798
4798
4739
4731
4799
4816
4788
4788
4788
4755
4736
4835
4835
4909
4917
4939
4932
4985
4987
4963
4974
4989
4989
4974
4947
4834
4855
4841
4847
4859
4886
4790
4731
4740
4745
4760
4863
4982
4976
4972
4927
4927
4927
4925
4876
4855
4855
4859
4878
4917
4880
4910
4894
4881
4886
4898
5006
5003
5134
5124
5195
5166
5117
5071
5122
5122
5122
5015
4997
4981
4916
4929
4929
4918
4827
4848
4848
4846
4856
4914
4898
4860
4899
4884
4884
4923
4915
5004
5062
5107
5057
5120
5079
5123
5037
5014
4963
4964
4961
4914
4898
4928
4883
4866
4866
4873
4779
4758
4755
4746
4746
4746
4723
4715
4717
4717
4721
4692
4621
4678
4678
4716
4795
4776
4812
4761
4767
4778
4734
4737
4737
4716
4655
4651
4634
4620
4654
4725
4742
4742
4742
4725
4751
4790
4726
4739
4731
4643
4603
4581
4585
4649
4616
4683
4683
4694
4763
4667
4650
4698
4763
4702
4845
4781
4801
4760
4747
4731
4675
4645
4656
4708
4712
4743
4777
4747
4765
4734
4757
4760
4701
4701
4689
4691
4672
4648
4588
4581
4581
4585
4585
4646
4680
4680
4728
4783
4787
4909
4909
4889
4863
4863
4919
4935
4955
4956
4956
4940
4911
4911
4828
4706
4684
4694
4709
4784
4761
4710
4717
4724
4724
4822
4822
4856
4832
4935
4927
4924
4930
4930
4868
4876
4927
4930
4874
4904
4891
4891
4915
4879
4853
4902
4905
4939
4876
4891
5016
4993
4923
4923
4944
4918
4941
4985
4998
4987
4989
5055
5104
5066
4947
5016
4993
5007
5027
5140
5140
4980
5007
4907
4920
4920
4938
4930
4941
4984
5036
4961
5018
5022
5022
5020
5083
4972
4972
4951
4999
4960
4983
5050
5050
5033
5045
5003
5003
4946
4946
4934
4879
4923
4858
4876
4877
4857
4869
4869
4852
4837
4892
4892
4926
4928
4928
4924
4991
4989
4935
4907
4949
4985
4953
4988
5030
4994
4992
5000
5009
5040
4987
4987
5012
5009
4922
4983
4923
4953
4923
4922
4903
4897
4886
4890
4742
4771
4781
4759
4769
4848
4837
4870
4896
4858
4809
4857
4839
4871
4786
4802
4800
4725
4686
4741
4755
4761
4744
4816
4867
4929
4906
4894
4933
4951
4957
4933
4984
4964
4976
4931
4941
4935
4904
4824
4814
4839
4848
4805
4857
4825
4913
4857
4857
4929
4907
4913
4969
4991
4963
4961
4902
4868
4765
4881
4910
4910
4875
4860
4815
4870
4860
4862
4882
4939
4939
4993
4993
4921
4923
4944
4951
4951
4943
4957
4956
4954
5004
4974
4973
4937
4952
4929
4977
4977
5017
5059
5059
5059
5033
4975
4979
4994
4986
4986
4995
4995
4970
4995
4995
4927
4918
5002
4930
4863
4802
4808
4828
4902
4895
4920
4959
4949
4936
4883
4851
4811
4811
4907
4848
4963
4940
4946
4919
4940
4919
4866
4918
4913
4768
4790
4762
4792
4752
4807
4880
4884
4856
4839
4870
4913
4742
4837
4837
4859
4858
4860
4860
4795
4826
4761
4766
4753
4748
4773
4816
4825
4786
4769
4727
4722
4675
4675
4760
4770
4770
4690
4701
4676
4706
4733
4740
4651
4670
4731
4783
4808
4810
4770
4858
4850
4850
4847
4803
4800
4806
4834
4834
4947
4947
4882
4781
4825
4887
4778
4804
4850
4856
4969
5039
4971
4980
5028
5049
5082
5129
5161
5171
5105
5112
5046
5043
5010
4927
4916
4888
4883
4851
4840
4873
4919
4945
4925
4922
4959
4953
4858
4889
4919
4927
4897
4852
4941
4893
4934
4952
4971
4957
4864
4864
4864
4898
4988
5010
4883
4860
4860
4738
4850
4847
4797
4722
4782
4770
4816
4865
4929
4934
4821
4821
4805
4883
4837
4861
4834
4793
4787
4847
4910
4959
4970
5024
4985
5007
4965
4931
4967
4987
4979
4939
4958
4984
4883
4809
4767
4758
4800
4841
4869
4949
4906
4875
4842
4815
4831
4737
4801
4799
4783
4884
4830
4870
4870
4807
4807
4797
4783
4805
4786
4832
4845
4800
4769
4710
4710
4753
4727
4795
4771
4777
4865
4927
4927
4863
4885
4909
4875
4801
4790
4762
4762
4685
4670
4670
4678
4716
4769
4698
4727
4718
4662
4659
4743
4729
4774
4772
4773
4846
4868
4852
4887
4890
4890
4882
4938
4926
4937
4960
4899
4865
4865
4871
4871
4829
4845
4857
4846
4830
4838
4905
4934
4844
4762
4815
4753
4753
4753
4760
4773
4818
4798
4761
4756
4743
4796
4867
4845
4855
4912
4928
4854
4818
4837
4826
4826
4826
4812
4781
4779
4834
4719
4748
4750
4759
4719
4655
4691
4643
4667
4608
4647
4659
4709
4719
4678
4685
4699
4721
4744
4631
4638
4618
4658
4671
4536
4583
4611
4661
4672
4702
4696
4749
4853
4853
4845
4845
4901
4921
4933
4936
4972
4905
4895
4895
4856
4885
4859
4947
4935
4935
4914
4882
4847
4847
4901
4908
4902
4917
4860
4973
4963
4947
4985
4876
4862
4844
4844
4844
4854
4894
4946
4887
4960
4880
4829
4804
4794
4778
4804
4810
4868
4948
4919
4961
4969
4981
4986
5035
5068
5059
5084
5126
5109
5073
5101
5101
5086
5034
5030
5076
5051
5060
5086
5082
5114
5081
5079
5037
5001
5046
5028
5069
5104
5009
4966
4948
4946
4874
4816
4737
4787
4769
4769
4781
4781
4901
4897
4858
4926
4940
4933
5004
5046
5024
5012
5009
4994
4983
5025
4965
5000
5005
5029
5020
4941
4921
4906
4911
4902
4902
4839
4863
4904
4879
4933
4933
4933
4933
4882
4877
4870
4870
4956
4816
4811
4811
4842
4800
4729
4729
4767
4835
4831
4835
4788
4788
4788
4755
4853
4819
4828
4838
4840
4842
4944
4936
4954
4918
4918
4946
4962
4894
4789
4785
4783
4811
4828
4954
4937
4888
4893
4825
4873
4879
4808
4824
4793
4793
4816
4903
4956
4874
4813
4842
4824
4918
4905
4864
4837
4848
4890
4824
4789
4739
4776
4776
4817
4817
4829
4828
4828
4810
4810
4780
4789
4845
4892
4875
4948
4936
4950
4954
4926
4926
4931
4903
4924
4924
4954
4891
4926
4906
4940
4822
4841
4770
4753
4744
4746
4766
4771
4792
4793
4745
4772
4768
4826
4793
4880
4868
4937
4946
4943
4924
5000
5001
4972
4972
5028
4979
5040
4990
4990
4981
5073
5138
5093
5113
5113
5059
5059
5075
5018
4995
4956
4871
4908
4881
4860
4837
4835
4867
4958
4958
4983
4963
4963
4863
4808
4818
4784
4796
4872
4888
4848
4835
4755
4784
4784
4777
4810
4797
4773
4791
4802
4847
4839
4847
4899
4882
4894
4812
4775
4743
4716
4832
4840
4820
4820
4889
4901
4872
4907
4925
4925
4897
4855
4844
4922
4898
4824
4853
4822
4730
4789
4789
4795
4795
4802
4751
4745
4745
4736
4695
4666
4666
4698
4642
4661
4661
4664
4592
4658
4629
4646
4646
4650
4647
4738
4766
4619
4619
4620
4634
4658
4678
4653
4652
4620
4629
4595
4564
4545
4614
4612
4590
4572
4572
4630
4636
4637
4637
4637
4670
4711
4711
4647
4601
4580
4611
4689
4655
4669
4767
4762
4739
4765
4756
4756
4756
4783
4876
4847
4814
4765
4816
4863
4832
4833
4817
4815
4815
4780
4802
4825
4779
4841
4865
4882
4882
4842
4829
4830
4768
4768
4754
4810
4854
4854
4854
4847
4863
4925
4965
4976
4976
4978
4940
4928
4928
4890
4840
4840
4819
4837
4745
4745
4745
4745
4725
4623
4669
4692
4692
4728
4693
4716
4761
4742
4758
4880
4880
4980
4807
4799
4816
4765
4765
4837
4775
4775
4779
4759
4782
4782
4687
4687
4717
4741
4756
4754
4667
4655
4663
4634
4686
4704
4749
4714
4692
4710
4712
4725
4720
4699
4699
4822
4853
4853
4853
4889
4908
4949
4923
4968
4968
4968
4911
4875
4875
4861
4895
4957
4969
4967
4969
4864
4836
4836
4832
4832
4808
4846
4857
4848
4848
4912
4912
4979
4979
4974
5024
4931
4931
4919
4929
4964
4964
4947
4967
4894
4890
4895
4912
4913
4913
4968
4961
4911
4927
4944
4894
4881
4881
4961
4942
4928
4945
4912
4926
4971
4876
4863
4914
4903
4932
4933
4893
4847
4898
4912
4992
4970
4966
4966
4876
4891
4902
4823
4864
4864
4864
4797
4816
4816
4759
4764
4815
4815
4815
4816
4816
4855
4766
4748
4698
4698
4672
4662
4726
4762
4776
4711
4711
4652
4592
4620
4604
4604
4592
4625
4625
4599
4618
4621
4678
4628
4621
4675
4675
4587
4674
4645
4672
4702
4772
4769
4776
4742
4742
4741
4698
4663
4714
4682
4719
4704
4680
4691
4654
4694
4717
4721
4712
4694
4747
4747
4727
4700
4731
4731
4713
4755
4755
4787
4783
4889
4992
4967
4974
4882
4853
4864
4792
4690
4690
4675
4693
4707
4728
4728
4728
4728
4723
4718
4718
4788
4773
4796
4816
4827
4787
4738
4803
4799
4740
4707
4716
4766
4766
4732
4778
4765
4759
4759
4719
4756
4765
4784
4787
4804
4749
4749
4763
4770
4767
4788
4898
4900
4900
4900
4937
4952
4913
4881
4948
5056
5099
5168
5168
5168
5168
5169
5080
5109
5102
5124
5110
5111
5108
5077
5024
4988
4986
5023
5015
4936
4953
4953
4861
4835
4883
4839
4832
4832
4813
4773
4849
4881
4881
4881
4904
4952
5036
4993
4931
4900
4900
4871
4893
4932
5008
5028
4927
4893
4852
4834
4836
4906
4954
4982
4916
4959
5031
4942
4971
4971
4907
4859
4752
4861
4861
4946
4946
4882
4933
4854
4809
4859
4851
4881
4897
4883
4883
4937
5034
5034
4931
4931
4902
4979
4825
4840
4833
4862
4844
4828
4828
4805
4822
4856
4855
4972
4984
4943
4926
4865
4806
4835
4835
4816
4853
4841
4841
4813
4841
4792
4820
4808
4812
4795
4797
4746
4755
4838
4786
4744
4796
4735
4742
4801
4801
4816
4816
4816
4778
4778
4778
4747
4759
4856
4856
4842
4847
4785
4785
4760
4778
4794
4732
4722
4722
4738
4759
4764
4787
4735
4736
4758
4758
4733
4710
4710
4688
4688
4714
4739
4776
4768
4827
4749
4749
4744
4728
4762
4746
4737
4739
4748
4748
4765
4799
4799
4799
4799
4801
4847
4901
4911
4896
4896
4873
4873
4873
4848
4835
4822
4834
4807
4861
4861
4859
4892
4862
4841
4936
4946
4933
4970
4984
4945
4982
4938
4872
4896
4883
4883
4833
4833
4819
4784
4762
4762
4760
4699
4699
4742
4742
4742
4744
4696
4740
4770
4836
4737
4701
4700
4599
4651
4614
4644
4651
4619
4619
4635
4627
4737
4765
4845
4875
4919
4929
4858
4845
4918
4890
4857
4857
4941
4951
4906
4855
4855
4793
4814
4783
4753
4784
4791
4862
4862
4845
4806
4806
4861
4861
4886
4886
4889
4889
4857
4797
4797
4797
4744
4745
4764
4797
4774
4819
4795
4954
4895
4905
4870
4827
4827
4821
4751
4738
4738
4793
4797
4857
4836
4843
4803
4816
4820
4813
4754
4720
4670
4742
4760
4760
4760
4736
4805
4890
4832
4849
4849
4900
4924
4940
4913
4969
4954
4922
4903
4891
4876
4856
4823
4831
4831
4847
4901
4837
4846
4891
4801
4729
4729
4707
4691
4648
4648
4692
4685
4688
4753
4709
4789
4789
4801
4786
4704
4715
4683
4677
4719
4729
4729
4758
4800
4848
4846
4853
4862
4901
4901
4976
4981
4987
4940
4860
4861
4845
4825
4783
4863
4863
4838
4840
4773
4824
4847
4950
4841
4844
4857
4880
4904
4904
4914
4890
4943
4943
4943
4943
4943
4956
4956
4956
4956
5002
5023
5042
5066
5066
5066
5066
5066
5036
5111
5111
5101
5083
4944
4944
5031
5059
5117
5117
5109
5115
5135
5135
5153
5119
5066
5043
5081
5115
5094
5094
5047
4996
4917
4824
4968
4978
4974
4952
4952
4988
5021
5024
4973
4967
5019
4994
5102
5161
5111
5124
5096
5069
5076
5048
5068
5003
5012
4943
4960
4960
4960
4957
4959
4987
4964
4974
4975
4871
4852
4854
4787
4792
4778
4770
4770
4695
4718
4760
4765
4741
4683
4683
4728
4738
4573
4573
4570
4564
4649
4666
4679
4679
4659
4709
4751
4773
4745
4745
4758
4758
4758
4794
4805
4805
4784
4792
4770
4770
4751
4715
4715
4712
4712
4714
4728
4728
4789
4835
4840
4793
4777
4777
4783
4794
4794
4799
4799
4865
4856
4877
4877
4877
4877
4882
4915
4915
4917
4909
4907
4876
4923
4943
4869
4808
4811
4871
4809
4858
4773
4730
4730
4668
4668
4668
4668
4693
4723
4723
4639
4727
4760
4855
4825
4785
4811
4845
4781
4804
4749
4780
4763
4808
4767
4810
4805
4806
4866
4866
4862
4862
4860
4869
4862
4869
4871
4879
4903
4873
4873
4856
4823
4823
4823
4823
4776
4681
4692
4688
4808
4808
4728
4756
4682
4683
4656
4656
4743
4743
4761
4752
4769
4809
4838
4864
4854
4865
4868
4917
4867
4856
4830
4828
4825
4878
4852
4824
4824
4748
4792
4842
4829
4833
4833
4833
4773
4773
4768
4820
4803
4760
4770
4790
4784
4744
4685
4699
4646
4677
4667
4662
4694
4706
4706
4706
4633
4611
4645
4645
4653
4653
4625
4646
4626
4626
4601
4539
4605
4605
4605
4629
4633
4633
4650
4650
4617
4617
4617
4618
4618
4625
4749
4653
4668
4612
4603
4662
4749
4725
4739
4739
4739
4733
4798
4798
4754
4724
4772
4763
4816
4755
4737
4803
4798
4719
4687
4719
4728
4797
4753
4753
4753
4710
4673
4673
4800
4798
4769
4760
4781
4784
4788
4788
4759
4789
4795
4839
4806
4800
4803
4876
4873
4907
4903
4776
4776
4776
4750
4750
4800
4787
4823
4768
4768
4738
4740
4740
4778
4841
4828
4794
4812
4823
4894
4894
4909
4833
4831
4848
4848
4815
4815
4869
4852
4843
4818
4854
4854
4854
4862
4868
4850
4855
4855
4816
4819
4852
4852
4852
4799
4776
4776
4713
4756
4756
4737
4712
4650
4665
4655
4614
4620
4631
4631
4636
4664
4685
4693
4756
4756
4702
4711
4694
4696
4671
4659
4605
4669
4656
4611
4611
4657
4705
4706
4706
4716
4716
4716
4723
4723
4723
4765
4758
4758
4758
4758
4693
4716
4661
4661
4661
4696
4684
4713
4713
4725
4725
4753
4753
4753
4753
4753
4711
4688
4687
4687
4716
4745
4727
4716
4720
4693
4707
4643
4631
4666
4726
4618
4618
4603
4644
4676
4697
4681
4751
4853
4785
4754
4740
4754
4774
4774
4784
4728
4728
4732
4732
4721
4721
4671
4656
4727
4703
4703
4727
4727
4716
4683
4668
4663
4663
4663
4656
4656
4756
4756
4833
4833
4864
4909
4866
4854
4854
4783
4708
4708
4647
4662
4665
4581
4624
4619
4650
4650
4629
4661
4698
4696
4534
4493
4493
4555
4539
4539
4544
4536
4536
4536
4536
4536
4536
4617
4650
4633
4633
4636
4559
4557
4583
4583
4576
4583
4554
4581
4581
4581
4651
4651
4651
4598
4586
4605
4605
4691
4679
4632
4632
4632
4650
4666
4643
4628
4603
4591
4618
4610
4660
4732
4741
4784
4765
4765
4779
4779
4779
4755
4820
4755
4802
4824
4805
4782
4826
4811
4800
4813
4783
4729
4729
4690
4638
4682
4682
4682
4723
4723
4726
4747
4748
4797
4785
4817
4799
4820
4814
4810
4882
4895
4876
4845
4774
4784
4786
4742
4742
4723
4727
4727
4795
4789
4750
4754
4730
4730
4765
4765
4751
4744
4733
4691
4714
4723
4771
4731
4727
4727
4754
4732
4714
4723
4723
4715
4715
4745
4745
4720
4718
4694
4721
4739
4739
4732
4721
4715
4695
4679
4731
4745
4772
4772
4737
4674
4658
4668
4656
4643
4643
4594
4552
4530
4590
4590
4595
4595
4570
4570
4570
4565
4565
4620
4653
4653
4653
4652
4621
4579
4579
4579
4646
4646
4658
4718
4669
4669
4669
4679
4679
4758
4758
4685
4714
4741
4741
4641
4641
4665
4665
4670
4612
4679
4735
4745
4708
4676
4680
4687
4708
4708
4702
4696
4666
4666
4699
4690
4706
4706
4729
4712
4786
4844
4844
4837
4817
4805
4748
4757
4758
4789
4769
4769
4793
4797
4788
4795
4787
4808
4740
4740
4806
4785
4751
4751
4709
4724
4771
4753
4727
4802
4765
4794
4691
4632
4689
4689
4707
4737
4696
4696
4657
4657
4657
4723
4723
4708
4697
4650
4631
4639
4535
4535
4535
4535
4535
4573
4645
4645
4660
4660
4656
4723
4723
4704
4721
4771
4747
4749
4789
4795
4756
4755
4755
4729
4783
4783
4830
4849
4832
4787
4718
4696
4714
4714
4705
4705
4708
4689
4786
4836
4836
4810
4802
4783
4760
4765
4765
4811
4775
4747
4735
4746
4703
4752
4752
4752
4752
4752
4721
4732
4728
4728
4790
4752
4818
4818
4818
4787
4829
4821
4837
4750
4731
4729
4660
4660
4674
4691
4657
4607
4661
4667
4667
4666
4755
4736
4783
4791
4782
4837
4763
4756
4784
4823
4817
4774
4778
4739
4780
4780
4806
4814
4800
4800
4766
4755
4755
4754
4770
4761
4765
4765
4799
4788
4788
4849
4814
4801
4769
4722
4805
4761
4754
4806
4830
4793
4762
4798
4750
4815
4798
4851
4817
4811
4795
4791
4791
4729
4729
4759
4795
4755
4755
4757
4757
4857
4864
4776
4776
4776
4728
4728
4728
4728
4728
4729
4738
4738
4738
4773
4773
4812
4839
4839
4839
4832
4775
4803
4807
4807
4816
4857
4857
4894
4840
4840
4868
4868
4868
4868
4834
4860
4829
4853
4848
4848
4831
4803
4795
4734
4790
4726
4710
4652
4652
4652
4709
4709
4709
4709
4713
4690
4765
4782
4756
4741
4731
4801
4801
4734
4695
4695
4746
4747
4774
4754
4737
4727
4726
4731
4675
4675
4680
4679
4679
4679
4648
4625
4625
4625
4661
4693
4711
4711
4735
4735
4658
4667
4716
4716
4669
4666
4790
4804
4799
4748
4709
4733
4757
4757
4778
4822
4868
4910
4927
4874
4927
4842
4839
4920
4894
4825
4845
4852
4858
4848
4812
4812
4856
4854
4854
4868
4868
4878
4918
4832
4856
4892
4892
4925
4894
4894
4903
4903
4903
4887
4815
4815
4823
4766
4766
4766
4820
4802
4812
4744
4729
4735
4717
4714
4763
4768
4772
4763
4782
4778
4778
4778
4778
4759
4796
4796
4763
4735
4773
4789
4775
4790
4752
4758
4750
4719
4752
4752
4789
4789
4783
4799
4799
4798
4798
4798
4774
4869
4838
4838
4838
4838
4838
4838
4823
4823
4812
4782
4740
4742
4742
4765
4752
4735
4784
4774
4774
4774
4813
4799
4767
4737
4737
4734
4716
4690
4646
4688
4732
4732
4761
4761
4761
4770
4726
4611
4659
4634
4642
4657
4658
4650
4734
4734
4734
4734
4737
4697
4709
4709
4720
4730
4753
4753
4795
4795
4795
4787
4791
4822
4822
4821
4881
4881
4861
4847
4847
4847
4804
4808
4790
4809
4809
4783
4867
4796
4806
4678
4722
4697
4629
4642
4670
4688
4707
4696
4696
4696
4660
4660
4687
4688
4690
4688
4701
4701
4689
4701
4701
4628
4646
4733
4672
4641
4696
4680
4680
4703
4713
4713
4713
4748
4761
4743
4715
4715
4715
4715
4717
4725
4753
4753
4739
4677
4713
4713
4686
4708
4708
4694
4698
4706
4728
4686
4686
4684
4684
4706
4784
4794
4806
4781
4781
4781
4781
4768
4768
4776
4770
4762
4789
4728
4683
4683
4715
4730
4706
4706
4682
4682
4682
4682
4680
4680
4662
4646
4646
4635
4635
4668
4664
4609
4634
4634
4645
4609
4592
4592
4592
4594
4570
4570
4574
4574
4567
4567
4555
4498
4498
4480
4530
4599
4599
4599
4599
4631
4631
4630
4644
4644
4644
4644
4628
4628
4624
4546
4546
4581
4581
4581
4585
4585
4572
4501
4501
4501
4501
4529
4558
4558
4558
4559
4543
4543
4543
4564
4491
4491
4497
4497
4497
4538
4539
4522
4522
4499
4575
4575
4575
4575
4600
4595
4655
4655
4669
4653
4706
4715
4715
4814
4816
4845
4801
4649
4644
4644
4644
4649
4649
4649
4585
4585
4585
4585
4611
4650
4667
4739
4735
4735
4707
4707
4708
4672
4664
4695
4653
4621
4616
4616
4616
4616
4646
4643
4674
4702
4702
4752
4854
4844
4865
4865
4835
4735
4735
4731
4732
4705
4732
4732
4732
4721
4710
4710
4710
4710
4685
4707
4707
4707
4685
4688
4688
4688
4688
4682
4682
4682
4682
4682
4682
4682
4735
4669
4669
4669
4659
4645
4677
4611
4664
4664
4664
4664
4669
4670
4669
4626
4626
4626
4621
4609
4625
4639
4656
4676
4676
4676
4676
4762
4840
4886
4886
4892
4764
4713
4713
4713
4713
4713
4639
4639
4682
4685
4741
4679
4650
4650
4650
4650
4697
4700
4692
4680
4728
4655
4655
4655
4651
4651
4682
4611
4541
4566
4566
4499
4494
4483
4522
4522
4610
4594
4630
4584
4584
4527
4527
4527
4566
4566
4577
4577
4542
4542
4542
4542
4590
4687
4688
4699
4692
4692
4696
4696
4716
4716
4716
4716
4740
4718
4718
4801
4804
4841
4849
4802
4774
4759
4759
4759
4759
4718
4726
4726
4713
4713
4713
4721
4833
4803
4803
4803
4795
4799
4838
4893
4833
4783
4879
4825
4825
4825
4825
4784
4727
4727
4727
4748
4748
4705
4706
4709
4674
4643
4643
4617
4603
4585
4589
4589
4665
4669
4669
4655
4680
4719
4718
4712
4744
4748
4730
4730
4736
4736
4720
4720
4720
4749
4831
4829
4802
4808
4827
4800
4776
4758
4699
4733
4719
4695
4656
4656
4656
4694
4704
4679
4679
4674
4674
4699
4695
4680
4695
4629
4570
4570
4592
4520
4520
4516
4519
4519
4516
4505
4505
4505
4505
4486
4478
4478
4498
4498
4498
4488
4488
4499
4499
4499
4499
4509
4506
4506
4506
4509
4509
4506
4466
4466
4466
4449
4449
4440
4448
4448
4462
4463
4467
4465
4465
4450
4437
4440
4446
4446
4451
4499
4516
4516
4547
4547
4547
4547
4547
4508
4488
4486
4486
4486
4483
4483
4530
4530
4530
4530
4530
4530
4530
4594
4572
4572
4582
4604
4604
4608
4623
4623
4614
4616
4616
4664
4600
4600
4600
4608
4599
4583
4509
4509
4472
4472
4409
4409
4452
4452
4452
4460
4582
4582
4582
4649
4661
4661
4639
4638
4594
4594
4612
4600
4600
4594
4603
4603
4603
4610
4610
4594
4594
4631
4631
4606
4606
4610
4533
4533
4533
4608
4608
4658
4658
4658
4658
4653
4659
4659
4669
4669
4707
4696
4696
4696
4716
4716
4706
4670
4653
4653
4653
4653
4665
4695
4695
4695
4706
4754
4754
4677
4677
4714
4714
4708
4708
4667
4667
4784
4784
4771
4820
4820
4775
4793
4793
4793
4904
4904
4861
4899
4906
4810
4810
4810
4810
4788
4743
4743
4806
4808
4808
4785
4785
4772
4735
4706
4725
4725
4672
4636
4636
4636
4663
4663
4663
4663
4663
4676
4673
4673
4644
4667
4667
4692
4652
4652
4740
4740
4740
4796
4789
4794
4765
4765
4738
4738
4794
4768
4773
4775
4825
4825
4825
4834
4790
4785
4736
4767
4767
4743
4751
4662
4670
4632
4593
4513
4513
4467
4467
4467
4467
4467
4467
4467
4468
4468
4468
4543
4543
4543
4539
4529
4529
4536
4536
4536
4536
4525
4525
4525
4567
4567
4581
4572
4549
4547
4514
4563
4494
4485
4485
4485
4484
4506
4506
4506
4524
4562
4550
4542
4542
4488
4488
4452
4443
4478
4478
4479
4546
4577
4534
4550
4550
4493
4493
4494
4499
4486
4486
4486
4470
4492
4564
4564
4475
4475
4475
4475
4475
4531
4531
4531
4531
4513
4513
4541
4530
4573
4589
4596
4596
4596
4596
4596
4596
4612
4612
4612
4623
4623
4616
4616
4616
4655
4655
4669
4676
4672
4672
4672
4686
4686
4716
4722
4678
4678
4678
4678
4657
4657
4657
4657
4655
4675
4675
4654
4654
4654
4637
4635
4635
4635
4650
4684
4659
4659
4643
4697
4697
4697
4697
4697
4685
4681
4681
4681
4688
4688
4740
4738
4650
4650
4650
4628
4627
4620
4620
4637
4637
4637
4635
4590
4597
4597
4560
4560
4560
4583
4587
4587
4587
4496
4514
4540
4595
4580
4645
4648
4716
4716
4699
4699
4687
4638
4638
4560
4560
4541
4542
4542
4542
4542
4542
4542
4579
4579
4579
4579
4578
4578
4589
4567
4576
4582
4579
4555
4525
4485
4470
4447
4447
4447
4453
4438
4438
4432
4432
4432
4405
4405
4440
4445
4445
4527
4527
4527
4499
4499
4520
4527
4505
4526
4526
4509
4490
4490
4490
4490
4490
4490
4501
4497
4482
4497
4497
4497
4497
4497
4497
4503
4549
4594
4594
4572
4572
4600
4597
4567
4567
4594
4530
4531
4531
4531
4564
4594
4585
4585
4585
4585
4582
4582
4493
4493
4493
4493
4493
4493
4493
4492
4492
4476
4476
4442
4460
4460
4460
4529
4503
4492
4525
4525
4517
4517
4512
4504
4489
4544
4508
4508
4508
4508
4508
4508
4487
4491
4491
4491
4491
4491
4491
4502
4502
4504
4504
4504
4559
4559
4559
4593
4672
4688
4688
4635
4689
4636
4636
4636
4636
4625
4585
4629
4633
4548
4548
4574
4574
4574
4532
4532
4520
4554
4554
4597
4569
4569
4621
4621
4621
4647
4588
4538
4538
4538
4533
4533
4550
4569
4569
4580
4584
4584
4586
4586
4611
4611
4583
4563
4583
4556
4509
4509
4551
4551
4590
4612
4578
4578
4578
4578
4578
4574
4574
4575
4575
4575
4575
4598
4598
4598
4605
4587
4587
4587
4635
4635
4716
4716
4701
4690
4689
4681
4674
4683
4678
4654
4654
4689
4711
4711
4712
4730
4742
4756
4756
4756
4774
4774
4774
4774
4716
4749
4793
4787
4828
4820
4820
4804
4804
4804
4803
4742
4688
4688
4688
4678
4678
4687
4616
4616
4616
4616
4641
4594
4594
4617
4601
4601
4601
4631
4631
4596
4596
4552
4552
4471
4471
4471
4471
4486
4455
4475
4500
4500
4492
4492
4492
4499
4487
4467
4467
4467
4462
4462
4446
4446
4446
4446
4446
4446
4446
4446
4446
4446
4484
4472
4513
4513
4522
4524
4524
4524
4524
4551
4544
4506
4511
4506
4522
4528
4528
4519
4526
4498
4498
4498
4515
4515
4515
4498
4498
4484
4461
4432
4432
4432
4432
4411
4411
4411
4411
4411
4429
4429
4429
4429
4430
4430
4430
4421
4421
4421
4423
4423
4380
4380
4380
4327
4327
4327
4327
4327
4327
4327
4327
4327
4327
4327
4327
4331
4331
4348
4348
4387
4381
4401
4401
4401
4416
4416
4449
4470
4470
4470
4470
4470
4439
4462
4465
4465
4414
4414
4414
4414
4414
4391
4391
4391
4391
4391
4391
4391
4391
4468
4468
4473
4473
4473
4473
4513
4513
4513
4513
4513
4513
4505
4462
4462
4462
4468
4480
4494
4461
4463
4479
4479
4482
4491
4484
4484
4489
4456
4456
4456
4457
4543
4550
4550
4550
4522
4522
4522
4522
4522
4522
4568
4511
4511
4541
4513
4513
4555
4555
4524
4483
4483
4488
4488
4488
4495
4498
4481
4481
4481
4479
4454
4454
4454
4446
4421
4461
4461
4461
4461
4461
4461
4461
4461
4461
4497
4484
4484
4435
4435
4435
4435
4435
4433
4470
4481
4501
4501
4501
4508
4561
4574
4535
4535
4535
4518
4489
4489
4494
4476
4508
4572
4565
4565
4602
4602
4622
4622
4609
4526
4558
4558
4551
4547
4547
4547
4553
4553
4553
4548
4548
4548
4548
4580
4580
4570
4569
4603
4603
4585
4564
4564
4593
4612
4612
4562
4562
4562
4562
4562
4562
4544
4544
4586
4586
4549
4524
4524
4557
4557
4614
4603
4603
4616
4596
4596
4563
4563
4558
4612
4612
4612
4599
4599
4599
4594
4575
4575
4575
4575
4586
4586
4581
4572
4572
4572
4573
4573
4536
4539
4539
4539
4557
4557
4557
4530
4530
4530
4530
4556
4556
4565
4565
4533
4533
4539
4561
4561
4579
4579
4579
4579
4579
4558
4558
4544
4530
4530
4537
4537
4537
4537
4537
4580
4580
4580
4567
4567
4588
4588
4588
4588
4616
4616
4657
4667
4667
4658
4658
4658
4652
4627
4627
4627
4602
4602
4602
4602
4592
4621
4621
4621
4618
4622
4622
4615
4615
4615
4606
4606
4628
4628
4628
4648
4648
4648
4580
4565
4565
4565
4566
4566
4585
4585
4585
4583
4554
4554
4615
4634
4631
4574
4574
4574
4574
4574
4588
4588
4547
4550
4553
4553
4553
4553
4556
4556
4575
4575
4575
4590
4590
4590
4590
4590
4590
4594
4594
4594
4594
4604
4604
4588
4593
4585
4633
4633
4633
4633
4633
4633
4633
4675
4675
4675
4675
4708
4708
4707
4707
4707
4707
4707
4669
4669
4669
4691
4691
4681
4695
4695
4695
4695
4693
4684
4683
4683
4683
4683
4659
4648
4648
4648
4648
4646
4646
4646
4646
4646
4654
4654
4668
4668
4667
4667
4640
4640
4664
4715
4715
4715
4725
4725
4725
4725
4739
4748
4748
4714
4714
4717
4747
4751
4751
4787
4747
4747
4730
4730
4727
4766
4766
4802
4796
4750
4700
4620
4620
4607
4607
4607
4607
4587
4614
4614
4614
4614
4614
4571
4571
4571
4571
4571
4571
4571
4571
4627
4627
4643
4661
4661
4654
4654
4685
4685
4685
4690
4690
4690
4720
4709
4727
4727
4756
4756
4756
4756
4756
4756
4779
4774
4762
4762
4730
4730
4737
4737
4737
4751
4751
4756
4756
4756
4756
4756
4756
4689
4744
4724
4696
4696
4696
4696
4696
4696
4680
4680
4680
4680
4680
4680
4636
4636
4636
4627
4627
4627
4645
4636
4636
4641
4641
4626
4626
4626
4626
4610
4610
4610
4573
4573
4573
4524
4551
4551
4551
4551
4551
4502
4511
4495
4495
4476
4476
4476
4467
4467
4467
4467
4467
4475
4475
4475
4475
4475
4475
4475
4461
4461
4465
4432
4448
4448
4448
4448
4448
4503
4503
4503
4496
4496
4484
4484
4484
4484
4492
4492
4464
4464
4464
4464
4464
4464
4464
4464
4464
4508
4508
4508
4508
4508
4508
4508
4508
4508
4507
4507
4507
4518
4518
4518
4518
4518
4518
4543
4543
4543
4543
4543
4543
4543
4543
4585
4557
4557
4555
4555
4557
4519
4532
4532
4532
4522
4522
4522
4522
4522
4522
4522
4522
4534
4534
4542
4536
4536
4536
4536
4536
4536
4536
4533
4533
4533
4533
4533
4453
4453
4442
4442
4442
4449
4449
4449
4468
4468
4468
4468
4468
4463
4463
4458
4458
4458
4460
4460
4460
4460
4460
4460
4460
4460
4460
4460
4460
4460
4460
4460
4460
4460
4460
4460
4460
4460
4460
4460
4460
4465
4507
4507
4507
4507
4507
4507
4474
4474
4472
4472
4472
4472
4472
4472
4472
4472
4473
4473
4486
4486
4486
4489
4489
4489
4489
4497
4497
4497
4513
4513
4513
4513
4513
4513
4513
4513
4513
4513
4513
4513
4513
4520
4528
4528
4528
4517
4517
4517
4511
4511
4511
4511
4511
4511
4536
4536
4536
4536
4536
4536
4536
4536
4532
4532
4532
4532
4532
4532
4532
4532
4532
4532
4532
4532
4532
4532
4513
4513
4513
4513
4518
4518
4518
4518
4518
4518
4518
4518
4518
4518
4530
4530
4530
4566
4566
4501
4501
4501
4501
4501
4510
4510
4510
4510
4510
4510
4511
4511
4511
4519
4519
4519
4519
4519
4524
4524
4524
4524
4524
4524
4521
4521
4521
4521
4521
4521
4521
4521
4521
4521
4521
4521
4521
4521
4506
4519
4510
4510
4510
4510
4510
4510
4510
4510
4510
4514
4514
4495
4495
4495
4498
4497
4497
4497
4497
4520
4520
4520
4544
4559
4559
4559
4559
4559
4559
4559
4559
4559
4559
4508
4509
4503
4503
4495
4547
4547
4547
4547
4547
4547
4547
4547
4547
4547
4547
4527
4527
4527
4511
4511
4511
4513
4513
4513
4511
4511
4547
4547
4547
4553
4553
4553
4553
4553
4553
4553
4553
4553
4547
4539
4539
4539
4539
4539
4539
4501
4501
4501
4501
4501
4501
4501
4501
4501
4470
4470
4470
4478
4478
4478
4478
4478
4510
4516
4498
4497
4497
4497
4529
4529
4529
4522
4522
4522
4522
4522
4522
4522
4522
4522
4522
4497
4497
4497
4497
4513
4513
4513
4513
4513
4513
4513
4513
4513
4453
4453
4441
4441
4441
4441
4441
4389
4389
4389
4389
4389
4389
4389
4389
4390
4366
4366
4370
4370
4370
4379
4379
4377
4377
4389
4389
4389
4377
4376
4376
4360
4347
4347
4354
4354
4354
4354
4333
4333
4333
4333
4333
4366
4366
4366
4357
4386
4386
4386
4386
4373
4373
4373
4373
4373
4373
4391
4391
4404
4431
4431
4431
4418
4389
4389
4389
4358
4358
4358
4358
4358
4358
4358
4358
4358
4378
4378
4378
4378
4378
4424
4424
4424
4424
4424
4392
4392
4392
4392
4392
4392
4392
4392
4392
4392
4381
4420
4420
4420
4420
4420
4420
4420
4433
4433
4438
4438
4438
4426
4426
4426
4426
4426
4426
4426
4426
4409
4409
4409
4396
4379
4378
4375
4375
4375
4375
4375
4374
4374
4374
4374
4374
4374
4374
4374
4374
4374
4374
4374
4374
4374
4374
4374
4374
4374
4374
4374
4374
4374
4374
4348
4348
4315
4315
4315
4316
4348
4348
4348
4348
4348
4348
4348
4348
4348
4348
4348
4341
4341
4341
4341
4341
4341
4327
4326
4326
4326
4326
4358
4358
4358
4358
4358
4358
4358
4360
4360
4360
4360
4360
4360
4360
4366
4385
4385
4385
4385
4385
4366
4366
4366
4366
4366
4366
4366
4366
4366
4366
4366
4366
4366
4366
4366
4366
4366
4366
4366
4366
4367
4386
4386
4386
4386
4386
4386
4353
4353
4353
4353
4353
4353
4353
4353
4353
4353
4363
4387
4387
4387
4387
4387
4387
4387
4354
4354
4348
4348
4348
4357
4357
4357
4368
4368
4368
4378
4378
4378
4378
4378
4378
4378
4378
4378
4378
4378
4378
4378
4378
4378
4368
4368
4368
4359
4359
4359
4359
4359
4359
4359
4359
4359
4359
4382
4382
4383
4383
4383
4383
4383
4383
4370
4370
4369
4369
4369
4369
4369
4355
4355
4352
4352
4352
4349
4349
4321
4321
4317
4317
4317
4317
4317
4317
4317
4314
4314
4314
4314
4302
4307
4307
4307
4307
4303
4299
4299
4294
4294
4294
4294
4300
4300
4300
4300
4300
4300
4300
4300
4300
4300
4300
4288
4288
4288
4302
4302
4302
4302
4302
4302
4302
4302
4302
4302
4302
4296
4301
4301
4301
4301
4301
4301
4301
4301
4301
4314
4314
4314
4314
4314
4313
4313
4301
4302
4302
4302
4302
4302
4302
4302
4302
4302
4302
4302
4302
4302
4302
4338
4338
4353
4353
4355
4349
4349
4348
4348
4348
4348
4348
4348
4348
4348
4348
4348
4348
4339
4339
4339
4339
4339
4349
4349
4349
4349
4349
4349
4349
4349
4349
4349
4325
4325
4325
4325
4325
4325
4325
4329
4329
4329
4329
4329
4329
4329
4329
4329
4329
4329
4329
4327
4327
4327
4321
4321
4321
4321
4321
4321
4292
4292
4285
4285
4285
4285
4285
4285
4285
4285
4285
4285
4285
4285
4285
4285
4285
4285
4285
4285
4285
4285
4285
4285
4285
4285
4303
4293
4293
4293
4293
4293
4293
4293
4293
4293
4293
4293
4293
4293
4284
4284
4284
4271
4271
4265
4265
4265
4281
4281
4281
4281
4281
4281
4281
4281
4281
4296
4296
4287
4287
4287
4287
4291
4291
4291
4291
4291
4291
4291
4291
4291
4291
4291
4291
4291
4291
4272
4272
4275
4275
4275
4266
4266
4266
4266
4266
4266
4266
4271
4271
4271
4271
4271
4271
4271
4271
4271
4271
4271
4271
4271
4271
4271
4271
4271
4271
4271
4271
4271
4271
4271
4271
4271
4257
4257
4257
4257
4257
4249
4249
4249
4249
4249
4249
4249
4249
4249
4249
4249
4249
4249
4249
4232
4232
4232
4232
4233
4233
4233
4226
4226
4226
4226
4226
4226
4226
4226
4226
4226
4227
4227
4227
4227
4227
4227
4227
4227
4227
4247
4255
4255
4202
4202
4202
4202
4202
4202
4202
4202
4202
4202
4204
4208
4207
4207
4207
4207
4207
4207
4207
4207
4207
4207
4207
4207
4207
4207
4207
4207
4207
4207
4207
4207
4207
4207
4207
4207
4207
4207
4207
4207
4207
4207
4196
4196
4196
4196
4196
4196
4196
4196
4196
4196
4196
4196
4196
4196
4196
4196
4196
4196
4196
4187
4187
4187
4187
4187
4187
4187
4187
4187
4187
4187
4187
4187
4187
4187
4187
4187
4187
4187
4187
4187
4187
4187
4187
4187
4187
4187
4187
4187
4187
4187
4187
4187
4187
4187
4187
4187
4187
4187
4187
4187
4187
4187
4187
4187
4187
4187
4187
4187
4187
4187
4187
4187
4187
4187
4187
4187
4187
4187
4187
4187
4187
4187
4187
4187
4187
4187
4187
4187
4187
4196
4196
4194
4194
4194
4194
4194
4194
4194
4194
4194
4190
4190
4190
4190
4190
4190
4190
4190
4190
4190
4190
4190
4190
4190
4190
4190
4190
4190
4190
4190
4190
4190
4190
4190
4190
4190
4190
4190
4190
4190
4190
4190
4190
4190
4190
4190
4188
4188
4188
4188
4188
4188
4188
4188
4188
4188
4188
4188
4188
4188
4188
4188
4188
4188
4188
4183
4183
4183
4183
4183
4183
4183
4183
4183
4183
4183
4183
4183
4183
4183
4183
4183
4183
4183
4183
4183
4183
4183
4183
4166
4166
4166
4166
4166
4166
4166
4166
4166
4166
4166
4166
4166
4166
4166
4166
4166
4166
4166
4166
4166
4166
4166
4166
4166
4166
4166
4166
4166
4166
4166
4166
4166
4166
4166
4171
4171
4171
4171
4171
4171
4171
4171
4171
4171
4171
4171
4171
4171
4171
4171
4171
4171
4171
4171
4171
4171
4171
4171
4171
4171
4171
4171
4171
4171
4171
4171
4171
4171
4171
4171
4171
4171
4171
4171
4171
4171
4171
4171
4171
4171
4171
4171
4171
4171
4171
4171
4171
4171
4171
4171
4171
4171
4184
4184
4184
4184
4184
4184
4184
4184
4184
4184
4184
4184
4184
4192
4192
4192
4192
4192
4192
4192
4192
4192
4192
4192
4192
4192
4192
4192
4192
4192
4192
4192
4192
4192
4192
4192
4192
4192
4192
4192
4192
4192
4192
4192
4192
4192
4192
4192
4192
4192
4192
4192
4192
4192
4192
4192
4192
4192
4192
4192
4192
4192
4192
4192
4192
4192
4192
4192
4192
4192
4192
4192
4192
4192
4192
4192
4188
4188
4188
4188
4188
4188
4188
4188
4188
4188
4188
4188
4188
4188
4188
4188
4188
4188
4188
4188
4188
4188
4188
4188
4188
4188
4188
4188
4188
4188
4188
4188
4188
4188
4188
4188
4188
4188
4188
4188
4188
4188
4188
4188
4188
4187
4187
4187
4187
4187
4187
4187
4187
4187
4185
4185
4185
4185
4185
4185
4185
4185
4185
4185
4185
4185
4185
4185
4185
4185
4185
4185
4185
4185
4185
4185
4185
4185
4185
4185
4185
4185
4185
4185
4185
4185
4185
4185
4185
4187
4187
4187
4187
4187
4187
4187
4187
4187
4187
4187
4187
4187
4187
4187
4171
4171
4171
4171
4171
4171
4171
4171
4171
4171
4171
4171
4171
4171
4171
4171
4171
4171
4171
4171
4171
4171
4171
4171
4171
4171
4171
4171
4171
4171
4171
4171
4171
4171
4171
4171
4171
4171
4171
4171
4171
4171
4171
4171
4171
4171
4171
4171
4171
4171
4171
4171
4171
4171
4171
4171
4171
4171
4171
4171
4179
4179
4179
4179
4179
4179
4179
4179
4179
4179
4179
4179
4179
4179
4179
4178
4178
4178
4178
4178
4178
4178
4178
4178
4178
4178
4178
4178
4178
4178
4178
4178
4178
4178
4178
4178
4178
4178
4178
4178
4178
4178
4178
4178
4178
4178
4178
4178
4178
4178
4178
4178
4178
4183
4183
4183
4183
4183
4183
4183
4183
4183
4183
4183
4183
4194
4194
4194
4194
4194
4194
4194
4194
4194
4194
4194
4194
4194
4194
4194
4194
4194
4194
4194
4194
4194
4194
4194
4194
4194
4194
4194
4194
4194
4194
4194
4194
4194
4194
4194
4194
4194
4194
4194
4194
4194
4194
4194
4194
4194
4194
4194
4194
4194
4194
4194
4194
4194
4194
4194
4194
4194
4194
4194
4194
4194
4194
4194
4194
4194
4194
4194
4194
4194
4194
4194
4194
4194
4194
4194
4194
4194
4194
4180
4180
4180
4180
4180
4180
4180
4180
4180
4180
4180
4180
4180
4180
4180
4180
4180
4180
4180
4180
4180
4180
4180
4180
4180
4180
4180
4180
4180
4180
4171
4171
4171
4171
4171
4171
4171
4171
4171
4171
4171
4171
4171
4171
4171
4171
4171
4171
4171
4171
4171
4171
4171
4171
4171
4171
4171
4171
4171
4171
4171
4171
4171
4171
4171
4171
4171
4171
4171
4171
4171
4171
4159
4159
4159
4159
4159
4159
4159
4159
4159
4159
4159
4159
4159
4159
4159
4159
4159
4159
4159
4159
4159
4159
4159
4159
4159
4159
4159
4159
4159
4159
4159
4159
4159
4159
4159
4159
4159
4159
4159
4159
4159
4156
4158
4158
4158
4158
4158
4158
4158
4158
4158
4158
4158
4158
4158
4158
4158
4158
4158
4158
4158
4158
4158
4158
4158
4158
4158
4158
4158
4158
4158
4158
4158
4158
4158
4158
4158
4158
4158
4158
4158
4158
4158
4158
4158
4158
4158
4158
4158
4158
4158
4158
4158
4158
4158
4158
4158
4158
4158
4158
4158
4158
4158
4158
4158
4158
4158
4158
4158
4158
4158
4158
4158
4158
4158
4158
4158
4158
4158
4158
4158
4158
4158
4158
4159
4159
4159
4159
4159
4159
4159
4159
4159
4159
4159
4159
4159
4159
4159
4159
4159
4159
4159
4159
4159
4159
4159
4159
4159
4159
4159
4159
4159
4159
4159
4159
4159
4159
4159
4159
4159
4159
4159
4159
4159
4159
4159
4159
4159
4159
4159
4159
4159
4159
4159
4158
4158
4158
4158
4158
4158
4158
4158
4158
4158
4158
4158
4158
4158
4158
4158
4158
4158
4158
4158
4158
4158
4158
4158
4158
4158
4158
4158
4158
4158
4158
4158
4158
4158
4158
4158
4158
4158
4158
4158
4158
4158
4158
4158
4158
4158
4158
4158
4158
4158
4158
4158
4158
4158
4158
4158
4158
4158
4162
4162
4162
4162
4167
4167
4167
4167
4167
4166
4166
4166
4166
4166
4166
4166
4166
4166
4166
4166
4166
4166
4166
4166
4166
4166
4166
4166
4166
4166
4166
4166
4166
4166
4166
4166
4166
4166
4166
4166
4166
4166
4166
4166
4166
4166
4166
4166
4166
4166
4199
4199
4199
4199
4199
4199
4199
4199
4199
4199
4199
4199
4199
4199
4199
4199
4199
4198
4198
4198
4198
4198
4198
4198
4198
4198
4198
4198
4198
4198
4198
4198
4198
4198
4198
4198
4198
4198
4198
4198
4198
4198
4198
4198
4198
4198
4198
4198
4198
4198
4198
4198
4198
4198
4198
4198
4198
4198
4198
4198
4198
4198
4198
4198
4198
4198
4198
4198
4198
4198
4198
4198
4198
4198
4198
4198
4198
4198
4198
4198
4198
4198
4196
4196
4196
4196
4196
4196
4196
4196
4196
4196
4196
4196
4196
4196
4196
4196
4192
4192
4192
4192
4192
4192
4192
4189
4189
4189
4189
4189
4189
4189
4189
4190
4190
4190
4190
4190
4185
4185
4185
4185
4185
4185
4185
4185
4185
4185
4185
4185
4185
4185
4185
4185
4185
4185
4185
4185
4185
4185
4185
4182
4182
4182
4182
4182
4182
4182
4182
4182
4182
4182
4182
4182
4182
4182
4182
4182
4182
4182
4182
4182
4182
4182
4182
4182
4182
4182
4182
4187
4187
4187
4188
4188
4188
4188
4188
4188
4188
4188
4188
4188
4188
4188
4188
4188
4188
4188
4188
4188
4188
4188
4188
4188
4188
4171
4171
4171
4171
4171
4171
4171
4171
4171
4171
4171
4171
4171
4171
4171
4171
4171
4171
4171
4171
4171
4171
4171
4161
4161
4161
4161
4161
4161
4161
4161
4161
4161
4161
4161
4161
4161
4161
4161
4161
4161
4161
4161
4161
4161
4161
4161
4161
4161
4161
4161
4161
4161
4161
4161
4161
4161
4161
4161
4161
4161
4161
4161
4161
4161
4161
4161
4161
4161
4161
4161
4161
4161
4161
4161
4161
4161
4161
4161
4161
4161
4161
4161
4161
4161
4161
4161
4161
4161
4161
4161
4161
4161
4161
4161
4161
4161
4161
4161
4161
4161
4158
4158
4158
4158
4158
4158
4158
4158
4158
4158
4158
4158
4158
4158
4158
4158
4158
4158
4158
4158
4158
4158
4158
4158
4158
4158
4158
4158
4158
4158
4158
4158
4158
4158
4158
4158
4158
4158
4158
4158
4158
4158
4158
4158
4158
4158
4158
4158
4158
4158
4158
4158
4158
4158
4158
4158
4158
4158
4158
4158
4158
4158
4158
4158
4158
4158
4158
4158
4158
4158
4158
4158
4158
4158
4158
4143
4143
4143
4143
4143
4143
4143
4143
4143
4143
4143
4143
4143
4143
4143
4143
4143
4143
4143
4143
4143
4143
4143
4136
4136
4136
4136
4136
4136
4136
4136
4136
4136
4136
4136
4136
4136
4136
4136
4136
4136
4136
4136
4136
4136
4136
4136
4136
4136
4136
4136
4136
4136
4136
4136
4136
4136
4136
4136
4136
4136
4136
4136
4136
4136
4136
4136
4136
4136
4136
4136
4136
4136
4136
4138
4138
4139
4139
4139
4139
4139
4139
4139
4138
4138
4138
4138
4138
4138
4138
4138
4138
4138
4138
4138
4138
4138
4138
4138
4138
4138
4138
4138
4138
4138
4138
4132
4132
4132
4132
4127
4127
4127
4127
4127
4127
4127
4127
4127
4127
4127
4127
4127
4127
4127
4127
4127
4127
4127
4127
4127
4127
4127
4127
4127
4127
4127
4127
4127
4127
4127
4127
4127
4127
4127
4127
4127
4127
4127
4127
4127
4127
4127
4127
4127
4127
4127
4127
4127
4127
4127
4127
4127
4127
4127
4127
4127
4127
4127
4127
4127
4127
4127
4127
4127
4127
4127
4127
4127
4127
4127
4127
4127
4127
4127
4127
4127
4127
4127
4127
4127
4127
4127
4127
4127
4127
4127
4127
4127
4127
4127
4127
4127
4127
4127
4127
4127
4127
4127
4127
4127
4127
4127
4127
4127
4127
4127
4127
4127
4127
4114
4114
4114
4114
4114
4114
4114
4114
4114
4114
4114
4114
4114
4114
4114
4114
4114
4114
4114
4114
4114
4114
4114
4114
4114
4114
4114
4114
4114
4114
4114
4114
4114
4114
4106
4106
4106
4106
4106
4106
4106
4106
4106
4106
4106
4106
4106
4106
4106
4106
4106
4106
4106
4106
4106
4106
4106
4106
4106
4106
4106
4106
4106
4106
4111
4111
4111
4111
4111
4111
4111
4111
4111
4111
4111
4111
4111
4111
4111
4111
4111
4111
4111
4111
4111
4111
4111
4111
4111
4111
4111
4111
4111
4111
4111
4111
4111
4111
4111
4111
4111
4111
4111
4111
4111
4111
4111
4111
4111
4111
4111
4111
4111
4111
4111
4111
4111
4111
4111
4111
4111
4111
4111
4111
4119
4119
4119
4119
4119
4119
4119
4119
4119
4119
4119
4119
4119
4119
4119
4119
4119
4119
4119
4119
4119
4119
4119
4119
4119
4119
4119
4119
4119
4119
4119
4119
4119
4119
4119
4119
4119
4119
4119
4119
4119
4119
4119
4119
4119
4119
4119
4119
4119
4119
4119
4119
4119
4119
4119
4119
4119
4119
4119
4119
4119
4119
4119
4119
4119
4119
4119
4119
4119
4119
4119
4119
4119
4119
4119
4119
4119
4119
4119
4119
4119
4119
4119
4119
4119
4119
4119
4119
4119
4119
4119
4119
4119
4119
4119
4119
4119
4119
4119
4119
4119
4119
4119
4119
4119
4119
4119
4119
4119
4119
4119
4119
4119
4119
4111
4111
4111
4111
4111
4111
4111
4111
4111
4111
4111
4111
4111
4111
4111
4111
4111
4111
4111
4111
4111
4111
4111
4111
4111
4111
4111
4111
4111
4111
4111
4115
4115
4115
4115
4115
4115
4115
4115
4115
4115
4115
4115
4115
4115
4115
4115
4115
4115
4115
4115
4115
4115
4115
4115
4115
4115
4115
4115
4115
4115
4115
4115
4115
4115
4115
4115
4115
4115
4115
4115
4115
4115
4115
4115
4115
4115
4115
4115
4115
4115
4115
4115
4115
4115
4115
4115
4115
4115
4115
4115
4115
4115
4115
4115
4115
4115
4115
4115
4115
4115
4115
4115
4115
4115
4115
4115
4115
4115
4115
4115
4115
4115
4115
4115
4115
4115
4115
4115
4115
4115
4115
4115
4115
4115
4115
4115
4115
4115
4115
4115
4115
4115
4115
4115
4115
4115
4115
4115
4115
4115
4115
4115
4115
4115
4115
4115
4115
4115
4115
4115
4115
4115
4125
4125
4125
4125
4125
4125
4122
4122
4122
4122
4122
4122
4122
4122
4122
4122
4122
4122
4122
4122
4122
4122
4122
4122
4122
4122
4122
4122
4122
4122
4122
4122
4122
4122
4122
4122
4122
4122
4122
4122
4122
4122
4122
4122
4122
4122
4122
4122
4122
4122
4122
4122
4122
4122
4122
4122
4122
4122
4122
4122
4122
4122
4122
4122
4122
4122
4122
4122
4122
4135
4135
4135
4135
4135
4135
4135
4135
4135
4135
4107
4107
4107
4107
4107
4107
4107
4107
4107
4107
4107
4107
4107
4107
4107
4107
4107
4107
4107
4107
4107
4107
4107
4107
4107
4107
4107
4107
4107
4107
4107
4107
4107
4105
4105
4105
4105
4105
4105
4105
4105
4105
4105
4105
4105
4105
4105
4105
4105
4105
4105
4105
4105
4105
4105
4105
4105
4105
4105
4105
4105
4105
4105
4105
4105
4105
4105
4105
4105
4105
4105
4105
4105
4105
4105
4105
4105
4105
4105
4105
4105
4105
4105
4105
4105
4105
4105
4105
4105
4105
4105
4105
4105
4105
4105
4105
4105
4103
4103
4103
4103
4103
4103
4103
4103
4103
4103
4103
4103
4103
4103
4103
4103
4103
4103
4103
4103
4103
4103
4103
4103
4103
4103
4103
4103
4103
4103
4103
4103
4103
4103
4103
4103
4098
4098
4098
4098
4098
4098
4098
4098
4098
4098
4098
4098
4098
4098
4098
4098
4098
4098
4098
4098
4098
4098
4098
4098
4098
4098
4098
4098
4098
4098
4098
4098
4098
4098
4098
4098
4098
4098
4098
4098
4103
4103
4103
4103
4103
4103
4103
4103
4103
4103
4103
4103
4103
4103
4103
4103
4103
4093
4093
4093
4093
4093
4093
4093
4093
4093
4093
4093
4093
4093
4093
4093
4093
4093
4086
4086
4086
4086
4086
4086
4086
4086
4086
4086
4086
4086
4086
4086
4086
4086
4086
4086
4086
4086
4086
4086
4086
4086
4086
4086
4086
4086
4086
4086
4086
4086
4086
4086
4086
4086
4086
4086
4086
4086
4086
4086
4086
4086
4086
4086
4086
4086
4086
4086
4086
4086
4086
4086
4086
4086
4086
4086
4086
4086
4086
4086
4086
4086
4086
4086
4086
4086
4086
4086
4086
4086
4086
4086
4086
4086
4086
4086
4086
4086
4086
4086
4086
4086
4086
4086
4086
4086
4086
4086
4086
4086
4086
4086
4086
4086
4086
4086
4086
4086
4086
4086
4086
4086
4086
4086
4086
4086
4086
4086
4086
4086
4086
4086
4086
4086
4086
4086
4086
4086
4086
4086
4086
4086
4100
4100
4100
4100
4100
4100
4100
4100
4100
4100
4100
4100
4100
4100
4100
4100
4100
4100
4100
4100
4100
4100
4100
4100
4100
4100
4100
4100
4100
4100
4100
4100
4100
4100
4100
4100
4100
4100
4100
4100
4100
4100
4100
4100
4100
4100
4100
4100
4100
4100
4100
4100
4100
4100
4100
4100
4100
4100
4100
4100
4100
4100
4100
4100
4100
4100
4100
4100
4100
4100
4100
4100
4100
4100
4100
4100
4100
4100
4100
4100
4100
4100
4100
4100
4100
4100
4100
4100
4100
4100
4100
4100
4100
4100
4100
4100
4100
4100
4100
4100
4100
4100
4100
4100
4100
4100
4100
4100
4100
4100
4100
4100
4100
4100
4100
4100
4100
4100
4100
4100
4100
4100
4100
4100
4100
4100
4100
4100
4100
4100
4100
4100
4100
4100
4100
4100
4100
4100
4100
4100
4100
4100
4100
4100
4100
4100
4100
4100
4100
4100
4100
4100
4100
4100
4100
4100
4100
4100
4100
4100
4100
4100
4100
4100
4100
4100
4100
4100
4100
4088
4088
4088
4088
4088
4088
4088
4088
4088
4088
4088
4088
4088
4088
4088
4088
4088
4088
4088
4088
4088
4088
4088
4088
4088
4088
4088
4088
4088
4088
4088
4088
4088
4088
4088
4088
4088
4088
4088
4088
4088
4088
4088
4088
4088
4088
4088
4088
4088
4088
4088
4088
4088
4088
4088
4088
4088
4088
4088
4088
4088
4088
4088
4088
4088
4088
4088
4088
4088
4088
4088
4088
4088
4088
4088
4088
4088
4088
4088
4088
4088
4088
4088
4088
4088
4088
4088
4088
4088
4088
4088
4088
4088
4088
4088
4088
4088
4088
4088
4088
4088
4086
4086
4070
4070
4070
4070
4070
4070
4070
4070
4070
4070
4070
4070
4070
4070
4070
4070
4070
4070
4070
4070
4070
4070
4070
4070
4070
4070
4070
4070
4070
4070
4070
4070
4070
4070
4070
4070
4070
4070
4070
4070
4070
4070
4070
4070
4070
4070
4070
4070
4070
4081
4081
4081
4081
4081
4081
4081
4081
4081
4081
4081
4081
4081
4081
4081
4081
4081
4081
4081
4081
4081
4083
4083
4083
4083
4083
4083
4083
4083
4083
4083
4083
4083
4083
4083
4083
4083
4083
4083
4083
4083
4083
4083
4083
4083
4083
4083
4083
4083
4083
4083
4083
4083
4083
4083
4083
4083
4083
4083
4083
4083
4083
4083
4083
4083
4083
4083
4083
4083
4083
4083
4083
4083
4083
4083
4083
4083
4083
4083
4083
4083
4083
4083
4075
4075
4075
4075
4075
4075
4075
4075
4075
4075
4075
4075
4075
4075
4075
4075
4075
4075
4075
4075
4075
4075
4075
4075
4075
4075
4075
4075
4075
4075
4075
4075
4075
4075
4075
4075
4075
4075
4075
4075
4075
4075
4075
4075
4075
4075
4075
4075
4075
4075
4075
4075
4075
4075
4075
4075
4075
4075
4075
4075
4075
4075
4075
4075
4075
4075
4075
4075
4075
4075
4075
4075
4075
4075
4075
4075
4075
4075
4075
4075
4075
4075
4075
4075
4075
4075
4075
4075
4075
4075
4075
4075
4075
4075
4075
4075
4075
4075
4075
4075
4075
4075
4075
4075
4075
4075
4075
4075
4075
4075
4075
4075
4075
4075
4075
4075
4075
4075
4075
4075
4075
4075
4075
4075
4075
4075
4075
4075
4075
4075
4075
4075
4075
4075
4075
4075
4075
4075
4075
4075
4075
4075
4075
