4798
4788
4762
4729
4723
4728
4742
4690
4668
4743
4787
4799
4727
4773
4754
4800
4799
4750
4722
4722
4780
4731
4817
4790
4735
4796
4781
4748
4752
4752
4809
4857
4857
4859
4830
4859
4846
4832
4807
4848
4814
4782
4801
4774
4754
4770
4766
4740
4740
4720
4744
4681
4750
4750
4765
4816
4816
4800
4784
4694
4717
4697
4721
4660
4660
4759
4738
4738
4684
4710
4716
4727
4751
4736
4714
4737
4809
4809
4816
4814
4834
4863
4846
4855
4950
4943
4903
4866
4880
4917
4905
4956
5077
4998
4951
4936
5029
5091
5038
5058
4914
4908
4908
4968
4989
4930
4831
4872
4845
4847
4809
4749
4729
4696
4708
4676
4676
4672
4706
4617
4664
4659
4632
4749
4767
4884
4892
4815
4847
4871
4911
4945
4881
4866
4905
4924
4924
4921
4974
4979
4925
4944
4962
4953
4872
4828
4828
4807
4824
4774
4809
4795
4803
4835
4845
4780
4821
4906
5006
4989
4972
4970
4947
4997
4907
4851
4851
4877
4889
4963
4940
4824
4951
4883
4830
4830
4769
4831
4863
4840
4775
4815
4848
4870
4884
4886
4869
4838
4835
4790
4797
4813
4741
4740
4722
4750
4826
4865
4823
4898
4888
4780
4831
4851
4958
4911
4966
4934
4935
5001
5033
5033
4943
4999
5012
4959
4959
4840
4791
4797
4792
4695
4700
4654
4611
4601
4578
4601
4627
4670
4694
4736
4740
4775
4796
4756
4764
4782
4809
4763
4763
4834
4750
4750
4655
4671
4676
4676
4676
4614
4635
4655
4648
4691
4884
4916
4834
4914
4865
4850
4888
4883
4869
4886
4907
4877
4847
4847
4766
4782
4780
4802
4709
4850
4803
4819
4768
4832
4842
4846
4790
4789
4803
4768
4787
4748
4789
4782
4790
4792
4743
4749
4869
4797
4877
4886
4996
4977
4947
4913
4908
4882
4882
4945
4881
4864
4864
4854
4870
4891
4828
4808
4753
4792
4815
4831
4843
4843
4855
4931
4964
5009
5013
4877
4802
4836
4922
4930
4866
4866
4881
4836
4927
4901
4881
4908
4871
4876
4888
4959
4904
4941
4926
4919
4874
4885
4873
4872
4834
4834
4834
4863
4871
4953
5005
5057
5049
5031
5010
4978
4975
5004
4986
4974
4977
5043
4965
4943
4890
4930
4893
4885
4925
4809
4803
4803
4802
4819
4861
4808
4847
4866
4818
4828
4822
4852
4877
4829
4843
4854
4860
4816
4885
4894
4839
4897
4916
4944
4944
4914
4943
4990
5034
5100
5100
5085
5020
5075
5058
5049
5012
5029
5029
4977
4962
4994
4943
4929
4929
4900
4895
4928
4927
4943
4986
4895
4926
4953
4989
4989
4989
5000
5047
4989
4989
4974
4974
4914
4860
4846
4876
4863
4900
4885
4940
5006
4952
4942
4985
4994
4928
4951
4931
4912
4868
4868
4882
4820
4873
4812
4808
4817
4811
4862
4841
4836
4882
4886
4784
4809
4839
4856
4849
4849
4849
4849
4924
4912
4935
4926
4919
4882
4882
4882
4830
4830
4812
4782
4779
4761
4711
4658
4658
4765
4738
4760
4829
4728
4723
4700
4743
4743
4781
4830
4859
4830
4880
4880
4915
4909
4932
4902
4824
4850
4845
4874
4734
4750
4795
4860
4820
4927
4921
4921
4895
4965
5015
4990
4857
4842
4799
4801
4753
4795
4791
4753
4776
4761
4821
4821
4797
4787
4899
4859
4828
4828
4837
4806
4840
4833
4857
4849
4875
4878
4911
4911
4799
4752
4792
4792
4792
4815
4785
4778
4824
4824
4827
4782
4812
4785
4788
4799
4800
4824
4829
4820
4807
4798
4856
4795
4795
4881
4843
4825
4784
4772
4819
4763
4754
4739
4807
4802
4765
4690
4657
4678
4662
4735
4735
4749
4778
4850
4872
4831
4903
5047
5047
4988
5002
4934
5009
4918
4841
4893
4881
4909
4916
4847
4839
4839
4804
4803
4828
4846
4805
4825
4835
4850
4759
4818
4798
4788
4859
4912
4895
4862
4927
4927
4927
4993
5042
5042
5004
5048
5029
5048
5048
5048
5074
5038
5062
5023
4960
4934
4863
4913
4968
4998
4949
4903
4794
4767
4767
4788
4749
4815
4942
4960
4998
4998
4980
4966
4981
4936
4936
4932
4872
4888
4875
4943
4879
4875
4911
4841
4814
4887
4853
4789
4739
4678
4671
4638
4622
4622
4645
4684
4720
4695
4695
4772
4800
4743
4861
4776
4862
4909
4900
4936
4936
4928
4871
4876
4876
4842
4833
4840
4771
4747
4747
4857
4926
4930
4906
4906
4899
4856
4870
4945
4947
4986
4918
4954
4954
4954
4935
4906
4865
4816
4844
4907
4903
4846
4872
4885
4887
4936
4885
4890
4928
4894
4872
4826
4833
4834
4814
4804
4737
4745
4741
4748
4761
4792
4725
4762
4762
4763
4759
4748
4688
4699
4688
4688
4688
4684
4649
4649
4685
4710
4745
4755
4745
4763
4780
4823
4808
4811
4794
4794
4813
4786
4786
4887
4925
4836
4836
4874
4872
4878
4854
4918
5008
4930
4925
4904
4816
4793
4831
4820
4865
4910
4909
4825
4844
4825
4825
4746
4833
4817
4879
4821
4833
4837
4933
4870
4812
4805
4828
4819
4854
4856
4918
4928
4878
4846
4846
4836
4804
4870
4798
4788
4778
4707
4653
4653
4642
4709
4762
4782
4709
4707
4707
4775
4739
4684
4665
4702
4702
4706
4697
4663
4651
4695
4723
4731
4772
4720
4712
4786
4711
4609
4609
4615
4573
4569
4585
4609
4679
4664
4686
4720
4766
4780
4773
4736
4736
4744
4731
4776
4794
4750
4756
4804
4792
4788
4775
4722
4672
4639
4636
4725
4727
4756
4758
4758
4716
4710
4710
4707
4708
4730
4702
4716
4722
4782
4872
4818
4734
4736
4815
4795
4759
4787
4820
4777
4810
4867
4853
4825
4804
4839
4846
4811
4770
4839
4878
4863
4893
4872
4834
4797
4774
4820
4820
4747
4765
4699
4718
4714
4706
4751
4797
4843
4811
4811
4777
4716
4679
4699
4707
4707
4707
4770
4770
4841
4914
4849
4967
4923
4895
4854
4925
4947
4998
4885
4896
4840
4832
4805
4806
4811
4853
4874
4813
4813
4856
4851
4851
4851
4840
4793
4792
4711
4740
4729
4793
4749
4851
4865
4842
4767
4776
4795
4808
4915
4822
4898
4889
4831
4832
4849
4849
4859
4816
4768
4810
4861
4931
4980
4988
5021
5043
4992
5012
4999
4926
4890
4852
4853
4871
4782
4855
4840
4874
4875
4985
5106
5075
5009
4923
4842
4838
4857
4805
4766
4789
4789
4805
4816
4795
4843
4927
4920
4917
4901
4833
4833
4765
4789
4847
4913
4852
4811
4770
4825
4754
4756
4653
4695
4724
4764
4782
4794
4854
4790
4794
4754
4731
4830
4848
4852
4913
4890
4851
4793
4840
4711
4705
4752
4747
4759
4779
4741
4741
4752
4839
4879
4860
4790
4808
4808
4797
4894
5042
4953
5012
4973
4984
4984
5037
5019
5006
5023
5023
5041
4998
4965
4951
4902
4953
4915
4861
4836
4891
4847
4847
4823
4814
4713
4738
4748
4784
4706
4737
4737
4688
4720
4728
4731
4730
4730
4777
4751
4820
4824
4781
4755
4760
4784
4826
4772
4727
4708
4755
4794
4706
4696
4626
4654
4727
4717
4795
4802
4802
4762
4735
4692
4673
4711
4719
4705
4762
4853
4839
4831
4797
4772
4770
4816
4821
4812
4812
4812
4785
4796
4812
4775
4791
4740
4692
4754
4709
4734
4712
4677
4561
4585
4581
4638
4581
4601
4600
4582
4607
4621
4671
4672
4704
4711
4646
4646
4700
4720
4708
4647
4699
4673
4715
4780
4747
4785
4820
4814
4811
4811
4778
4838
4853
4853
4719
4719
4739
4694
4686
4748
4738
4731
4731
4741
4744
4744
4801
4801
4791
4817
4817
4892
4908
4831
4887
4847
4838
4856
4845
4897
4895
4849
4934
4998
5027
5027
4857
4843
4843
4793
4720
4716
4822
4792
4812
4769
4812
4769
4796
4808
4758
4742
4755
4787
4764
4771
4771
4696
4689
4669
4676
4651
4722
4731
4713
4721
4715
4685
4683
4706
4725
4642
4702
4635
4635
4731
4763
4809
4815
4818
4843
4830
4795
4795
4871
4802
4819
4875
4846
4847
4831
4772
4772
4794
4823
4712
4718
4768
4742
4796
4838
4888
4888
4915
4912
5083
5013
4951
4951
4951
4887
4826
4804
4810
4790
4823
4854
4871
4956
4937
4898
4930
4939
4908
4866
4898
4953
4899
4903
4905
4918
4875
4955
4922
4922
4971
4998
4976
4976
4865
4895
4859
4778
4758
4703
4703
4833
4832
4744
4798
4931
4897
4924
4930
4932
4918
4895
4895
4933
4966
4924
4917
4898
4837
4852
4812
4846
4874
4836
4836
4873
4887
4875
4937
5001
4921
4921
4921
4878
4865
4825
4746
4723
4739
4735
4730
4764
4828
4834
4832
4863
4836
4815
4791
4753
4742
4789
4817
4903
4915
4881
4844
4799
4793
4799
4799
4882
4868
4902
4902
4885
4883
4869
4843
4805
4803
4758
4854
4897
4845
4845
4816
4780
4803
4805
4799
4784
4779
4808
4779
4779
4802
4797
4838
4800
4761
4766
4825
4825
4779
4754
4766
4782
4820
4792
4791
4761
4763
4798
4785
4798
4806
4790
4738
4742
4663
4704
4704
4740
4788
4784
4788
4790
4827
4859
4762
4762
4761
4758
4869
4865
4868
4837
4847
4837
4779
4802
4886
4917
4892
4816
4770
4766
4766
4761
4753
4740
4782
4726
4718
4684
4684
4723
4757
4794
4760
4744
4764
4754
4781
4759
4729
4682
4735
4765
4728
4706
4801
4713
4719
4786
4833
4776
4744
4743
4779
4787
4777
4777
4740
4813
4791
4711
4724
4678
4686
4776
4817
4817
4832
4829
4837
4856
4867
4905
4949
4916
4838
4855
4821
4813
4776
4796
4809
4819
4722
4732
4670
4670
4698
4668
4765
4740
4735
4696
4755
4719
4691
4733
4786
4749
4827
4811
4851
4841
4818
4786
4859
4885
4790
4790
4885
4891
4891
4830
4790
4823
4762
4784
4839
4851
4792
4731
4764
4764
4822
4781
4760
4838
4882
4855
4820
4799
4780
4821
4827
4855
4834
4790
4823
4876
4912
4885
4877
4877
4819
4816
4855
4892
4880
4880
4875
4850
4866
4917
4917
5027
5053
5041
5013
5059
5082
5082
4996
4995
5041
4990
4928
4902
4804
4865
4895
4860
4783
4870
4840
4863
4827
4827
4769
4934
4935
4918
4911
4883
4879
4929
4941
4948
4974
4974
4916
4916
4990
4951
4921
4907
4970
4951
5010
5069
5012
5015
5015
4971
4935
4935
4929
4895
4918
4918
4981
4920
4920
4920
4980
5048
5010
4913
4949
4889
4919
4931
4905
4899
4890
4890
4962
4957
4953
4934
5004
4901
4889
4888
4930
4924
4913
4959
4957
4944
4962
4944
4944
4878
4856
4825
4755
4825
4825
4783
4840
4856
4886
4893
4842
4802
4827
4873
4846
4810
4826
4830
4861
4887
4892
4892
4874
4886
4967
4914
5025
5034
5044
5097
5114
5028
5052
5076
5076
5038
4947
5012
4986
4932
4962
5045
5078
5086
5220
5107
5083
5073
5117
5078
5200
5147
5097
5092
5074
5150
5199
5199
5244
5238
5192
5174
5094
5094
4999
4999
4956
4948
4986
4973
4961
4943
4941
4950
4967
5054
5054
5021
4994
4942
4903
4903
4941
4938
5032
5032
5032
4984
4990
4994
4958
4928
4860
4860
4807
4867
4854
4854
4833
4836
4765
4766
4766
4824
4771
4771
4890
4818
4818
4855
4869
4895
4883
4866
4799
4806
4754
4729
4729
4729
4735
4747
4745
4774
4742
4802
4769
4693
4607
4643
4726
4709
4690
4674
4665
4665
4665
4668
4639
4676
4633
4656
4714
4748
4729
4706
4747
4659
4620
4717
4710
4756
4718
4718
4738
4763
4829
4840
4907
4889
4825
4825
4804
4804
4824
4930
4982
4982
4875
4875
4873
4868
4854
4818
4812
4819
4803
4763
4867
4855
4948
4994
5034
5032
4955
4999
4994
5055
5009
5004
4972
4918
4923
4896
4802
4793
4793
4771
4787
4819
4786
4794
4822
4803
4814
4782
4766
4854
4884
4819
4845
4815
4858
4877
4871
4821
4837
4887
4897
4946
4908
4918
4881
4927
4921
4921
4922
4898
4838
4823
4841
4803
4818
4809
4815
4842
4831
4841
4855
4802
4819
4864
4895
4856
4765
4749
4778
4778
4713
4745
4739
4655
4586
4656
4730
4730
4730
4741
4686
4727
4796
4816
4809
4831
4855
4898
4895
4857
4831
4826
4883
4821
4860
4922
4943
4947
4947
4929
4936
4886
4882
4831
4815
4870
4967
4919
4970
4983
4976
4930
4878
4872
4898
4886
4897
4895
4906
4906
4944
4915
4874
4919
4999
5013
5013
5018
4976
4880
4794
4794
4817
4764
4715
4748
4713
4743
4811
4811
4795
4719
4719
4719
4719
4728
4726
4696
4676
4691
4685
4621
4667
4697
4697
4723
4649
4632
4635
4635
4661
4642
4734
4728
4757
4768
4760
4739
4862
4828
4922
4995
5139
5085
5031
5037
5004
5004
5010
5038
5016
5014
5014
5026
4983
4957
4897
4913
4846
4828
4828
4930
4930
4940
4940
4979
4984
4965
4953
4958
4988
4894
4879
4842
4859
4842
4842
4895
4915
4877
4865
4866
4947
4993
4985
4920
4920
4805
4814
4814
4822
4802
4792
4769
4791
4772
4762
4798
4756
4760
4819
4879
4895
4856
4811
4811
4765
4737
4714
4714
4735
4738
4799
4696
4696
4688
4714
4714
4714
4724
4702
4702
4723
4739
4690
4747
4728
4728
4794
4835
4799
4720
4720
4729
4729
4735
4740
4812
4870
4853
4812
4819
4761
4763
4748
4750
4762
4778
4819
4780
4767
4767
4800
4833
4866
4837
4836
4836
4768
4733
4794
4809
4787
4792
4838
4806
4809
4809
4813
4813
4805
4837
4843
4761
4732
4753
4842
4847
4759
4725
4778
4726
4729
4763
4838
4926
4926
4881
4881
4859
4827
4810
4803
4803
4788
4796
4811
4805
4707
4707
4696
4683
4708
4669
4673
4616
4661
4639
4665
4697
4719
4693
4693
4762
4835
4823
4882
4871
4829
4813
4756
4876
4812
4815
4757
4760
4683
4678
4715
4753
4747
4806
4841
4848
4800
4741
4750
4858
4858
4791
4797
4828
4830
4876
4895
4900
4860
4860
4861
4777
4782
4646
4712
4734
4793
4759
4830
4837
4849
4856
4826
4803
4727
4637
4669
4748
4780
4777
4790
4730
4715
4672
4672
4694
4753
4776
4794
4743
4686
4714
4678
4761
4770
4770
4770
4814
4819
4704
4716
4678
4753
4756
4761
4780
4802
4708
4785
4641
4662
4655
4669
4636
4643
4719
4728
4754
4762
4805
4746
4718
4711
4742
4732
4850
4852
4862
4906
4800
4845
4837
4858
4869
4869
4895
4892
4854
4889
4857
4769
4763
4716
4666
4734
4824
4841
4942
4930
4931
4894
4895
4881
4851
4809
4722
4722
4722
4709
4691
4691
4706
4707
4740
4740
4740
4725
4720
4744
4780
4775
4730
4812
4841
4833
4843
4898
4872
4872
4791
4799
4806
4805
4849
4849
4791
4794
4871
4926
4935
4900
4900
4929
4931
4931
4964
4976
4976
4921
4851
4868
4867
4866
4817
4856
4863
4901
4963
4916
4917
4772
4772
4770
4762
4762
4777
4824
4990
5029
5035
4942
4915
4916
4942
4874
4849
4860
4850
4850
4826
4924
4958
4948
4953
4953
4939
4908
4857
4755
4764
4762
4725
4722
4655
4638
4684
4720
4658
4686
4646
4634
4634
4641
4646
4646
4802
4806
4881
4858
4836
4836
4770
4783
4783
4783
4744
4722
4746
4698
4667
4725
4675
4675
4675
4721
4721
4727
4727
4695
4729
4704
4718
4728
4728
4743
4756
4799
4804
4779
4779
4703
4703
4709
4697
4805
4818
4822
4765
4810
4803
4836
4813
4858
4788
4798
4780
4771
4771
4790
4801
4855
4842
4816
4831
4856
4872
4872
4857
4857
4837
4867
4841
4753
4769
4745
4697
4697
4721
4721
4693
4693
4765
4756
4717
4715
4688
4695
4830
4770
4750
4669
4653
4623
4699
4684
4773
4780
4762
4663
4663
4626
4644
4644
4607
4633
4629
4616
4629
4615
4637
4707
4707
4638
4592
4620
4700
4700
4715
4764
4726
4722
4759
4708
4708
4664
4697
4695
4729
4838
4838
4858
4899
4862
4876
4853
4853
4896
5002
5022
5083
5086
5064
5027
4959
4909
4869
4905
4944
4968
4970
4992
5021
5005
4986
5007
5015
5015
5020
4954
4950
4908
4857
4824
4824
4861
4851
4868
4901
4835
4835
4835
4854
4797
4793
4777
4761
4761
4761
4775
4823
4801
4803
4847
4789
4804
4791
4816
4806
4806
4806
4790
4814
4728
4719
4783
4850
4867
4844
4851
4875
4846
4846
4885
4927
4943
4860
4938
4980
4920
4920
4908
4903
4903
4975
4926
4921
4943
4934
4934
4925
4925
4945
4945
4945
4938
4919
4935
4902
4902
4920
4962
4945
4894
4930
4926
4918
4918
4864
4864
4791
4715
4726
4755
4755
4859
4883
4819
4812
4863
4859
4782
4795
4766
4772
4730
4747
4710
4717
4735
4809
4849
4808
4760
4747
4724
4698
4731
4778
4788
4798
4751
4823
4857
4866
4945
4872
4829
4806
4836
4858
4858
4793
4897
4927
4899
4899
4857
4881
4798
4768
4768
4782
4674
4726
4726
4726
4693
4725
4725
4725
4743
4781
4731
4731
4731
4722
4722
4729
4687
4716
4714
4691
4634
4634
4659
4635
4635
4677
4622
4599
4589
4651
4662
4662
4609
4691
4691
4701
4701
4698
4741
4757
4795
4795
4868
4825
4844
4835
4780
4772
4751
4791
4678
4703
4711
4692
4668
4698
4745
4713
4775
4684
4712
4708
4708
4760
4760
4737
4737
4704
4726
4802
4754
4809
4866
4900
4881
4949
4961
4975
4975
5036
4991
4976
4976
5013
4987
4892
4853
4886
4892
4820
4810
4796
4797
4797
4742
4707
4726
4832
4754
4813
4803
4792
4740
4844
4791
4791
4787
4711
4672
4692
4745
4755
4774
4873
4844
4843
4864
4865
4868
4868
4868
4868
4862
4809
4831
4831
4805
4762
4767
4780
4733
4648
4667
4686
4675
4752
4704
4735
4735
4742
4772
4683
4665
4701
4690
4690
4766
4714
4714
4740
4731
4813
4845
4837
4865
4865
4890
4910
4840
4823
4820
4694
4694
4718
4689
4689
4705
4677
4677
4646
4646
4614
4595
4602
4724
4724
4679
4732
4690
4690
4666
4666
4638
4638
4638
4697
4723
4743
4726
4723
4723
4723
4729
4656
4655
4647
4661
4667
4667
4654
4649
4657
4657
4652
4704
4667
4667
4655
4661
4664
4670
4690
4690
4727
4707
4739
4772
4677
4698
4715
4689
4681
4681
4665
4665
4665
4724
4771
4761
4753
4753
4753
4754
4771
4771
4764
4715
4763
4744
4744
4744
4685
4685
4733
4785
4828
4828
4825
4853
4804
4804
4804
4804
4812
4774
4758
4770
4741
4753
4709
4691
4705
4675
4677
4673
4637
4634
4693
4643
4706
4715
4720
4772
4722
4715
4724
4724
4702
4805
4847
4838
4838
4804
4799
4851
4936
4905
4956
5020
5062
5023
5086
4980
4935
4931
4970
4908
4958
4964
4947
4957
4958
4985
4985
4929
4912
4950
4950
4964
5058
5064
5095
5078
5012
5084
5048
5028
4977
4919
4926
4926
4926
4913
4900
4928
5033
4994
5013
4973
4965
4961
5025
5045
4978
4995
5011
5014
4972
4948
4948
4948
4948
4993
4978
4927
4921
4903
4903
4871
4871
4825
4857
4857
4955
4955
4972
4934
4874
4758
4732
4810
4796
4845
4845
4809
4872
4854
4864
4898
4892
4892
4816
4905
4833
4895
4853
4913
4861
4931
4931
4960
4936
4936
4936
4987
4976
4957
4988
5003
4999
4911
4977
5007
5028
5012
4995
4977
4970
4998
5016
5019
4974
5025
5041
5001
4977
4977
4908
4933
4925
4917
4978
4978
4951
4986
4970
4978
4978
5012
5066
5058
5042
5039
5039
4982
4958
4953
4879
4830
4854
4857
4836
4932
4918
4924
4928
4917
4859
4921
4951
4975
4910
4900
4900
5027
4962
4875
4877
4877
4854
4891
4802
4891
4890
4934
4951
4987
4999
4999
5081
5068
5068
5116
5143
5020
5082
5114
5054
4960
5013
5030
5051
5051
5053
5037
5003
5003
5010
5011
5013
5063
5003
4967
4937
4943
4897
4857
4857
4868
4952
4970
4945
4887
4947
4923
4870
4870
4824
4919
4951
4959
4935
4913
4898
4894
4948
4971
4926
4926
4944
4935
4935
4922
4944
4936
4996
5004
4938
4974
4974
4977
4900
4900
4965
4929
4962
4962
4922
4957
4876
4900
4907
4907
4907
4813
4804
4806
4867
4877
4879
4828
4851
4857
4857
4849
4824
4824
4851
4823
4823
4852
4912
5043
5122
5068
5071
5038
4984
4950
4909
4842
4840
4818
4842
4774
4774
4789
4814
4858
4827
4797
4846
4846
4846
4846
4900
4899
4899
4899
4899
4879
4872
4859
4813
4769
4760
4835
4842
4863
4833
4797
4812
4812
4812
4806
4806
4806
4806
4777
4743
4731
4735
4782
4784
4784
4822
4821
4804
4828
4828
4803
4803
4780
4846
4917
4919
4840
4832
4762
4762
4762
4743
4713
4795
4801
4800
4800
4800
4804
4804
4798
4798
4798
4826
4826
4784
4784
4769
4769
4769
4795
4818
4728
4728
4728
4727
4722
4808
4818
4854
4854
4854
4854
4894
4879
4882
4925
4844
4844
4756
4803
4892
4924
4924
5009
5009
5007
5051
5055
5053
5053
5021
5022
4999
5025
5046
5004
4984
5020
4995
4985
4948
4935
4995
4956
4908
4886
4906
4869
4916
4916
4915
4874
4897
4959
4917
4934
4934
4922
4853
4814
4842
4801
4731
4733
4727
4776
4780
4793
4846
4855
4855
4827
4710
4725
4726
4709
4709
4768
4709
4709
4692
4741
4692
4731
4731
4747
4615
4605
4681
4649
4662
4662
4662
4694
4666
4673
4675
4623
4623
4528
4528
4537
4537
4540
4570
4570
4590
4590
4568
4640
4606
4606
4629
4618
4588
4539
4539
4534
4534
4623
4625
4632
4632
4632
4630
4696
4632
4620
4620
4645
4622
4628
4674
4674
4705
4675
4675
4666
4703
4716
4669
4651
4623
4623
4607
4657
4625
4712
4722
4768
4769
4769
4763
4754
4742
4769
4779
4832
4758
4756
4641
4641
4667
4725
4739
4734
4692
4675
4675
4675
4675
4733
4711
4718
4721
4705
4727
4742
4751
4700
4698
4711
4724
4800
4837
4823
4804
4776
4812
4860
4776
4776
4776
4756
4746
4801
4881
4874
4842
4793
4803
4792
4773
4721
4670
4650
4650
4650
4646
4658
4658
4677
4698
4698
4698
4717
4776
4724
4771
4752
4771
4771
4798
4798
4813
4818
4800
4791
4791
4731
4731
4736
4709
4717
4717
4717
4717
4703
4705
4705
4746
4772
4743
4743
4756
4739
4718
4706
4706
4737
4738
4738
4734
4731
4731
4731
4730
4797
4817
4826
4824
4824
4819
4787
4739
4834
4843
4843
4819
4834
4811
4707
4707
4798
4822
4853
4824
4790
4793
4793
4831
4843
4810
4840
4833
4833
4909
4932
4854
4798
4701
4705
4705
4717
4748
4703
4705
4620
4581
4596
4568
4607
4683
4632
4632
4632
4633
4626
4631
4646
4601
4667
4702
4735
4735
4750
4843
4773
4777
4797
4804
4740
4706
4706
4774
4817
4797
4846
4845
4895
4906
4835
4809
4758
4761
4749
4724
4692
4695
4695
4695
4695
4719
4719
4719
4766
4766
4766
4794
4846
4841
4812
4812
4812
4808
4808
4766
4802
4802
4812
4787
4789
4789
4869
4912
4825
4838
4875
4875
4830
4857
4895
4905
4890
4875
4837
4857
4857
4857
4857
4847
4859
4859
4840
4834
4824
4804
4847
4847
4834
4834
4784
4723
4723
4742
4767
4765
4765
4765
4748
4748
4750
4751
4751
4772
4811
4830
4795
4833
4882
4932
4870
4884
4797
4797
4774
4779
4779
4797
4801
4801
4831
4808
4808
4822
4736
4761
4761
4743
4726
4701
4643
4643
4584
4584
4565
4613
4639
4656
4646
4646
4646
4582
4582
4577
4567
4606
4625
4706
4720
4686
4646
4635
4646
4675
4676
4676
4676
4676
4649
4650
4650
4688
4674
4674
4674
4674
4674
4674
4674
4699
4716
4745
4764
4752
4766
4796
4851
4856
4827
4827
4827
4800
4783
4799
4751
4768
4768
4748
4772
4750
4671
4650
4650
4645
4645
4683
4683
4683
4729
4729
4774
4715
4729
4704
4704
4704
4717
4762
4903
4907
4886
4819
4829
4903
4877
4873
4873
4856
4861
4870
4867
4853
4923
4909
4866
4866
4864
4895
4887
4876
4953
4990
4904
4869
4874
4811
4825
4796
4824
4784
4829
4731
4731
4726
4771
4724
4707
4707
4712
4692
4726
4726
4730
4738
4738
4738
4738
4738
4738
4738
4746
4725
4725
4681
4681
4681
4689
4689
4701
4730
4756
4786
4839
4839
4728
4731
4731
4755
4783
4796
4842
4846
4838
4843
4894
4853
4910
4958
4957
4945
4945
4932
4860
4851
4851
4875
4855
4888
4826
4815
4823
4853
4828
4828
4828
4868
4868
4868
4773
4773
4739
4739
4709
4748
4748
4748
4654
4654
4668
4648
4612
4612
4612
4666
4662
4662
4674
4731
4737
4769
4769
4769
4769
4769
4834
4919
4850
4850
4818
4776
4788
4788
4802
4849
4856
4881
4817
4678
4673
4662
4692
4701
4701
4763
4773
4721
4721
4721
4779
4786
4812
4963
4857
4837
4872
4779
4791
4791
4811
4811
4769
4784
4784
4778
4778
4786
4819
4819
4899
4888
4896
4818
4905
4905
4885
4873
4899
4899
4899
4899
4844
4844
4844
4803
4810
4818
4818
4818
4818
4826
4817
4817
4923
4923
4897
4927
4947
4910
4889
4874
4796
4810
4810
4828
4791
4744
4744
4744
4718
4614
4629
4617
4582
4561
4635
4577
4567
4567
4549
4562
4638
4615
4615
4599
4599
4626
4627
4627
4611
4663
4663
4663
4551
4551
4590
4554
4485
4485
4496
4475
4453
4449
4471
4471
4528
4528
4469
4469
4477
4466
4466
4528
4523
4539
4556
4556
4493
4506
4578
4564
4538
4521
4484
4484
4484
4510
4510
4510
4513
4525
4525
4566
4551
4548
4548
4524
4524
4535
4535
4599
4599
4599
4606
4580
4580
4580
4580
4603
4603
4603
4565
4558
4558
4556
4556
4556
4625
4625
4625
4625
4625
4673
4680
4680
4680
4612
4612
4606
4645
4653
4610
4626
4621
4607
4646
4603
4603
4595
4586
4570
4588
4586
4592
4592
4586
4586
4569
4568
4559
4583
4541
4545
4545
4515
4515
4537
4537
4575
4575
4582
4585
4686
4696
4659
4659
4679
4741
4759
4762
4762
4773
4857
4906
4866
4782
4758
4800
4796
4796
4808
4808
4758
4749
4765
4781
4809
4822
4868
4871
4861
4863
4860
4886
4886
4884
4767
4762
4885
4903
4864
4842
4782
4782
4804
4832
4904
4919
4913
4917
4883
4850
4846
4846
4846
4801
4823
4840
4788
4770
4778
4778
4852
4871
4790
4801
4801
4809
4809
4832
4832
4758
4751
4777
4753
4753
4753
4691
4691
4691
4691
4611
4611
4611
4650
4688
4692
4692
4715
4715
4815
4751
4803
4809
4689
4681
4681
4703
4651
4651
4603
4603
4631
4631
4564
4583
4617
4627
4693
4728
4728
4735
4741
4735
4735
4735
4722
4714
4714
4730
4724
4721
4738
4738
4746
4760
4787
4818
4818
4777
4780
4792
4765
4835
4771
4771
4771
4807
4867
4897
4906
4909
4909
4866
4865
4871
4871
4874
4883
4890
4890
4915
4915
4915
4899
4872
4859
4815
4806
4834
4844
4844
4853
4849
4846
4846
4846
4844
4847
4872
4893
4882
4868
4755
4744
4768
4755
4755
4755
4755
4755
4786
4782
4782
4782
4769
4764
4743
4798
4798
4825
4928
4924
4849
4869
4869
4816
4861
4890
4864
4866
4868
4879
4895
4945
4945
4922
4922
4902
4874
4843
4850
4940
4938
4925
4925
4925
4918
4901
4901
4881
4794
4775
4844
4798
4850
4822
4822
4815
4815
4815
4813
4822
4824
4824
4824
4780
4780
4866
4863
4849
4875
4811
4811
4811
4811
4841
4836
4856
4817
4817
4732
4732
4732
4732
4732
4732
4708
4703
4703
4703
4703
4703
4709
4733
4733
4763
4785
4769
4769
4722
4722
4711
4700
4700
4700
4723
4723
4723
4757
4757
4761
4724
4735
4735
4808
4774
4802
4813
4796
4796
4755
4748
4748
4748
4745
4800
4800
4800
4800
4790
4785
4767
4719
4719
4621
4621
4590
4572
4562
4558
4545
4578
4578
4542
4542
4542
4542
4556
4556
4556
4608
4618
4646
4646
4698
4674
4728
4763
4790
4790
4749
4749
4711
4711
4684
4684
4684
4689
4689
4775
4775
4780
4780
4784
4797
4747
4747
4761
4761
4761
4712
4712
4702
4702
4690
4672
4672
4651
4651
4651
4676
4668
4694
4694
4635
4635
4635
4635
4579
4604
4595
4595
4595
4587
4587
4587
4587
4587
4587
4565
4565
4580
4664
4664
4664
4664
4664
4664
4664
4659
4687
4687
4683
4700
4700
4700
4738
4735
4735
4735
4706
4724
4724
4686
4686
4686
4660
4719
4732
4588
4632
4611
4613
4613
4613
4617
4617
4620
4620
4630
4630
4643
4675
4616
4630
4621
4621
4598
4598
4598
4603
4618
4618
4618
4614
4589
4589
4540
4561
4561
4570
4585
4517
4598
4591
4666
4666
4666
4666
4666
4657
4705
4631
4631
4665
4665
4702
4622
4622
4622
4622
4622
4607
4607
4567
4644
4654
4657
4698
4714
4714
4712
4698
4685
4685
4713
4675
4660
4660
4673
4709
4698
4716
4716
4716
4746
4771
4755
4755
4790
4762
4740
4740
4740
4811
4853
4798
4797
4797
4797
4797
4797
4797
4746
4746
4685
4696
4696
4696
4696
4725
4719
4710
4710
4710
4710
4721
4734
4755
4755
4752
4752
4752
4733
4737
4757
4741
4765
4765
4731
4731
4731
4731
4693
4697
4697
4706
4706
4706
4730
4780
4859
4781
4779
4757
4757
4821
4825
4825
4808
4777
4777
4787
4809
4809
4790
4694
4664
4660
4660
4660
4609
4595
4566
4581
4579
4579
4579
4578
4617
4617
4617
4617
4617
4617
4617
4617
4647
4690
4658
4658
4658
4629
4733
4716
4655
4655
4655
4627
4657
4657
4663
4663
4663
4663
4676
4676
4676
4696
4680
4724
4754
4804
4857
4866
4866
4866
4866
4779
4741
4689
4689
4748
4714
4714
4673
4669
4754
4773
4749
4731
4731
4731
4731
4731
4727
4727
4682
4683
4682
4682
4707
4715
4715
4675
4723
4686
4691
4686
4694
4673
4652
4670
4644
4657
4666
4666
4666
4667
4667
4699
4699
4734
4645
4654
4576
4576
4521
4521
4521
4552
4433
4451
4460
4460
4443
4443
4443
4461
4461
4474
4454
4456
4445
4445
4470
4470
4560
4503
4503
4486
4467
4466
4549
4549
4607
4629
4629
4629
4629
4639
4559
4559
4559
4559
4567
4572
4601
4539
4539
4581
4572
4594
4594
4591
4579
4633
4605
4601
4601
4601
4601
4611
4635
4621
4637
4637
4637
4642
4629
4656
4656
4623
4623
4623
4620
4596
4525
4525
4492
4492
4492
4492
4476
4476
4476
4476
4476
4528
4528
4525
4525
4525
4525
4581
4639
4638
4638
4614
4650
4650
4659
4659
4637
4601
4567
4573
4573
4564
4564
4564
4578
4578
4578
4578
4580
4554
4554
4554
4635
4635
4635
4610
4580
4589
4589
4611
4582
4582
4582
4582
4582
4582
4582
4582
4562
4566
4566
4520
4476
4476
4476
4488
4461
4461
4461
4474
4474
4474
4474
4474
4474
4481
4481
4480
4528
4505
4505
4505
4503
4542
4549
4582
4582
4583
4583
4573
4573
4587
4562
4565
4564
4564
4567
4554
4554
4554
4533
4533
4533
4598
4598
4598
4634
4634
4560
4560
4562
4562
4600
4572
4572
4572
4571
4588
4626
4626
4630
4623
4592
4623
4623
4590
4590
4590
4590
4594
4548
4548
4548
4547
4540
4540
4540
4540
4540
4540
4540
4547
4572
4572
4548
4548
4599
4599
4599
4599
4552
4552
4552
4573
4634
4657
4657
4644
4583
4589
4589
4591
4587
4587
4587
4587
4586
4589
4589
4614
4614
4614
4626
4589
4589
4574
4569
4569
4558
4558
4558
4546
4558
4545
4530
4530
4556
4582
4582
4582
4582
4496
4496
4496
4496
4514
4496
4496
4496
4475
4475
4470
4467
4554
4554
4526
4526
4526
4526
4536
4518
4642
4619
4619
4653
4647
4647
4633
4633
4633
4613
4613
4626
4626
4626
4604
4608
4601
4641
4641
4641
4641
4665
4665
4665
4664
4643
4613
4640
4640
4609
4616
4616
4616
4616
4615
4635
4630
4630
4630
4631
4615
4610
4610
4624
4624
4676
4676
4665
4661
4666
4666
4663
4719
4719
4699
4741
4763
4701
4634
4637
4637
4672
4672
4672
4672
4672
4654
4654
4689
4737
4689
4729
4731
4787
4713
4707
4707
4707
4736
4716
4716
4703
4626
4630
4605
4614
4614
4640
4640
4691
4646
4633
4633
4680
4627
4627
4698
4698
4664
4627
4627
4636
4612
4612
4612
4612
4612
4612
4612
4623
4614
4592
4558
4558
4558
4574
4554
4554
4543
4511
4511
4511
4511
4522
4522
4522
4522
4521
4563
4563
4560
4560
4560
4558
4570
4612
4628
4637
4637
4637
4678
4678
4700
4700
4684
4684
4684
4684
4684
4722
4703
4715
4670
4657
4627
4582
4582
4582
4582
4610
4577
4577
4577
4577
4577
4588
4588
4588
4588
4595
4595
4588
4588
4588
4595
4595
4595
4595
4616
4616
4616
4634
4634
4635
4635
4671
4671
4679
4679
4679
4679
4617
4617
4620
4620
4620
4610
4597
4551
4551
4551
4554
4562
4619
4619
4677
4670
4636
4612
4612
4612
4612
4610
4641
4641
4641
4641
4719
4664
4664
4694
4676
4676
4676
4654
4654
4632
4645
4645
4568
4568
4568
4568
4568
4568
4605
4620
4651
4651
4641
4641
4646
4646
4616
4616
4661
4631
4631
4623
4623
4623
4598
4598
4598
4571
4571
4571
4571
4572
4583
4583
4583
4572
4572
4545
4545
4545
4513
4500
4509
4509
4516
4516
4516
4491
4491
4501
4501
4501
4501
4501
4501
4501
4501
4501
4501
4483
4476
4476
4522
4534
4534
4534
4543
4543
4543
4549
4515
4515
4515
4515
4515
4552
4530
4530
4530
4539
4538
4538
4566
4557
4557
4512
4512
4512
4512
4512
4508
4508
4508
4508
4508
4553
4553
4508
4510
4510
4551
4551
4532
4532
4546
4546
4546
4546
4546
4546
4546
4573
4573
4573
4565
4571
4603
4588
4588
4618
4544
4549
4546
4484
4484
4442
4442
4442
4442
4442
4442
4442
4517
4517
4517
4517
4501
4501
4512
4512
4500
4554
4554
4524
4524
4524
4524
4524
4524
4524
4524
4535
4575
4494
4480
4480
4480
4497
4508
4508
4508
4493
4550
4550
4546
4507
4463
4463
4463
4463
4463
4463
4506
4438
4439
4449
4447
4459
4459
4459
4459
4459
4459
4459
4459
4459
4459
4467
4467
4468
4468
4461
4461
4434
4434
4434
4423
4424
4441
4441
4401
4390
4390
4390
4428
4491
4493
4494
4494
4486
4486
4486
4484
4484
4484
4484
4463
4463
4463
4463
4463
4470
4470
4470
4470
4475
4475
4475
4387
4387
4387
4387
4387
4387
4427
4427
4432
4432
4420
4420
4420
4432
4432
4422
4422
4422
4422
4422
4422
4422
4422
4422
4422
4422
4422
4478
4459
4461
4461
4421
4421
4421
4421
4436
4464
4471
4471
4471
4433
4433
4433
4457
4457
4457
4457
4457
4457
4457
4457
4457
4457
4457
4457
4457
4442
4442
4443
4443
4479
4479
4479
4487
4484
4484
4496
4496
4497
4497
4524
4524
4524
4524
4524
4524
4494
4491
4491
4491
4491
4491
4491
4491
4491
4509
4523
4523
4523
4523
4523
4523
4499
4499
4487
4512
4484
4484
4455
4455
4489
4505
4476
4476
4485
4485
4485
4500
4500
4552
4552
4552
4552
4500
4500
4500
4500
4500
4471
4485
4485
4485
4485
4485
4489
4489
4506
4506
4506
4508
4508
4508
4508
4508
4508
4508
4508
4508
4518
4518
4518
4518
4518
4518
4516
4516
4517
4517
4517
4517
4517
4517
4532
4539
4539
4539
4553
4553
4553
4553
4532
4531
4531
4512
4453
4479
4479
4427
4427
4427
4479
4479
4500
4487
4487
4487
4487
4487
4498
4508
4445
4445
4445
4445
4445
4389
4389
4389
4402
4402
4402
4402
4402
4411
4411
4411
4386
4386
4386
4382
4382
4407
4407
4407
4407
4407
4448
4448
4448
4448
4459
4461
4479
4539
4539
4539
4539
4539
4478
4478
4478
4466
4466
4457
4457
4413
4422
4390
4390
4390
4390
4390
4390
4390
4390
4390
4390
4379
4379
4379
4352
4352
4352
4373
4373
4373
4373
4373
4373
4401
4401
4401
4401
4401
4401
4401
4401
4401
4401
4462
4435
4435
4435
4435
4435
4435
4410
4410
4410
4410
4410
4410
4410
4429
4429
4429
4429
4429
4429
4429
4430
4430
4430
4470
4470
4470
4470
4540
4540
4503
4525
4577
4584
4584
4584
4584
4584
4584
4584
4541
4539
4539
4539
4539
4539
4539
4539
4539
4539
4500
4497
4518
4518
4518
4518
4518
4518
4480
4470
4470
4479
4479
4479
4481
4477
4477
4444
4444
4449
4449
4448
4448
4448
4448
4452
4452
4452
4452
4452
4452
4452
4439
4423
4423
4423
4423
4423
4405
4405
4405
4405
4405
4430
4430
4430
4430
4420
4420
4420
4420
4420
4420
4420
4420
4406
4406
4406
4394
4394
4394
4394
4402
4402
4402
4419
4419
4419
4401
4401
4401
4401
4401
4448
4448
4425
4435
4435
4445
4445
4444
4444
4464
4415
4415
4415
4399
4399
4358
4358
4358
4358
4358
4358
4358
4358
4358
4352
4352
4352
4374
4374
4374
4374
4374
4405
4405
4405
4405
4405
4400
4378
4378
4378
4378
4378
4378
4378
4378
4378
4378
4366
4366
4366
4366
4374
4374
4374
4374
4374
4374
4374
4390
4390
4390
4390
4390
4390
4368
4368
4368
4368
4368
4368
4361
4344
4344
4344
4344
4344
4344
4344
4317
4317
4317
4317
4317
4317
4317
4317
4323
4323
4337
4325
4325
4325
4345
4345
4345
4345
4345
4323
4323
4323
4323
4343
4343
4343
4343
4343
4343
4343
4343
4343
4343
4343
4333
4333
4321
4332
4355
4355
4355
4355
4355
4355
4355
4355
4355
4355
4355
4355
4372
4372
4383
4383
4383
4383
4370
4370
4370
4371
4367
4367
4367
4367
4367
4367
4367
4367
4367
4367
4381
4381
4381
4381
4381
4381
4381
4394
4394
4422
4422
4422
4422
4422
4422
4422
4422
4422
4422
4404
4402
4402
4402
4398
4373
4373
4373
4373
4373
4373
4373
4373
4354
4371
4371
4371
4371
4371
4371
4371
4371
4371
4371
4371
4371
4349
4349
4349
4349
4349
4349
4349
4349
4349
4349
4349
4373
4373
4391
4330
4330
4330
4330
4330
4330
4330
4330
4330
4352
4352
4357
4357
4357
4357
4357
4364
4367
4367
4367
4389
4389
4389
4393
4386
4355
4355
4355
4355
4355
4355
4355
4355
4355
4355
4355
4355
4355
4355
4355
4364
4364
4364
4364
4364
4371
4371
4371
4357
4357
4357
4357
4349
4349
4349
4330
4330
4327
4327
4327
4327
4327
4327
4327
4327
4327
4327
4327
4314
4314
4314
4314
4314
4314
4314
4306
4306
4306
4306
4306
4306
4353
4353
4353
4325
4325
4325
4312
4312
4270
4270
4270
4270
4270
4270
4270
4288
4288
4288
4288
4288
4289
4289
4289
4289
4289
4289
4289
4289
4312
4312
4312
4312
4359
4359
4359
4359
4359
4357
4357
4357
4357
4357
4357
4357
4357
4335
4335
4335
4347
4317
4317
4307
4307
4307
4339
4339
4339
4333
4333
4333
4353
4353
4353
4353
4353
4353
4353
4353
4353
4353
4353
4353
4353
4353
4353
4370
4370
4370
4370
4380
4380
4380
4380
4380
4380
4365
4365
4365
4365
4365
4365
4365
4365
4365
4365
4365
4365
4365
4365
4365
4380
4380
4380
4380
4380
4380
4380
4380
4380
4376
4376
4376
4364
4364
4364
4364
4364
4364
4364
4364
4364
4364
4364
4364
4346
4346
4346
4346
4346
4340
4340
4340
4340
4340
4340
4340
4340
4336
4336
4336
4337
4336
4336
4336
4328
4267
4267
4267
4267
4267
4283
4283
4282
4282
4282
4282
4285
4285
4285
4315
4329
4329
4322
4322
4307
4307
4307
4307
4307
4307
4307
4307
4307
4307
4307
4307
4307
4307
4307
4307
4307
4307
4307
4327
4340
4356
4356
4356
4356
4356
4356
4356
4356
4356
4360
4364
4364
4364
4400
4405
4405
4349
4349
4349
4337
4337
4337
4337
4333
4333
4333
4333
4333
4333
4308
4308
4308
4308
4308
4308
4308
4308
4308
4308
4308
4308
4305
4305
4305
4305
4305
4305
4305
4305
4305
4305
4305
4305
4305
4320
4320
4320
4348
4348
4348
4348
4348
4348
4348
4348
4348
4348
4348
4348
4342
4342
4342
4342
4342
4342
4342
4342
4342
4342
4342
4357
4357
4357
4357
4357
4367
4367
4367
4367
4367
4367
4367
4367
4367
4367
4367
4367
4367
4367
4367
4314
4323
4323
4323
4323
4316
4316
4316
4316
4316
4316
4316
4316
4316
4316
4316
4316
4316
4316
4316
4316
4316
4320
4320
4320
4320
4327
4327
4327
4327
4327
4327
4327
4327
4327
4327
4327
4327
4327
4327
4327
4327
4327
4327
4327
4327
4327
4327
4327
4327
4327
4327
4327
4327
4327
4327
4327
4327
4327
4327
4327
4327
4327
4327
4327
4327
4327
4327
4327
4327
4305
4305
4305
4305
4305
4305
4305
4305
4305
4305
4305
4305
4305
4305
4305
4305
4305
4305
4305
4305
4304
4304
4304
4304
4304
4304
4338
4338
4338
4333
4333
4333
4333
4333
4333
4333
4333
4333
4333
4333
4333
4333
4333
4333
4333
4333
4333
4333
4333
4333
4333
4329
4329
4329
4329
4329
4329
4329
4329
4329
4329
4329
4329
4329
4329
4345
4345
4345
4374
4374
4377
4377
4377
4377
4377
4377
4372
4372
4372
4361
4361
4361
4361
4361
4361
4361
4361
4361
4355
4355
4355
4355
4355
4355
4355
4355
4355
4355
4355
4355
4355
4355
4369
4369
4369
4369
4369
4376
4376
4376
4376
4376
4376
4376
4376
4376
4355
4355
4355
4355
4355
4343
4343
4343
4357
4357
4357
4357
4357
4357
4357
4357
4357
4357
4357
4357
4357
4357
4360
4360
4360
4360
4382
4382
4376
4378
4378
4375
4375
4387
4381
4381
4381
4369
4369
4369
4369
4369
4369
4369
4369
4369
4369
4369
4369
4369
4369
4369
4369
4369
4369
4369
4383
4384
4384
4384
4384
4405
4392
4392
4394
4394
4394
4394
4394
4394
4392
4392
4392
4371
4371
4371
4371
4371
4371
4380
4380
4380
4380
4380
4380
4380
4380
4380
4380
4382
4382
4382
4389
4389
4389
4389
4389
4389
4389
4393
4393
4393
4393
4353
4353
4353
4353
4362
4367
4367
4367
4367
4325
4325
4325
4325
4325
4325
4325
4325
4326
4326
4326
4326
4326
4326
4326
4326
4326
4326
4326
4326
4326
4326
4326
4327
4327
4329
4329
4329
4329
4329
4344
4344
4344
4344
4344
4344
4344
4344
4344
4324
4274
4274
4274
4274
4274
4274
4274
4274
4274
4274
4274
4274
4274
4274
4274
4274
4268
4268
4268
4275
4275
4275
4275
4275
4275
4275
4275
4275
4290
4290
4290
4290
4290
4290
4290
4290
4290
4290
4290
4290
4290
4290
4290
4290
4290
4290
4290
4278
4287
4287
4287
4287
4288
4276
4276
4276
4276
4276
4276
4276
4276
4276
4276
4272
4272
4272
4272
4272
4272
4272
4272
4272
4272
4272
4272
4272
4272
4272
4272
4272
4272
4272
4272
4272
4272
4272
4272
4272
4272
4272
4272
4272
4272
4272
4272
4272
4272
4272
4272
4272
4272
4272
4272
4272
4275
4275
4275
4275
4275
4275
4275
4272
4272
4272
4272
4272
4272
4271
4271
4271
4271
4271
4271
4271
4271
4271
4271
4271
4271
4271
4271
4271
4271
4271
4271
4271
4271
4271
4271
4271
4271
4271
4271
4271
4271
4271
4271
4268
4268
4268
4268
4268
4268
4268
4268
4268
4268
4268
4268
4264
4258
4258
4258
4258
4268
4268
4268
4268
4268
4268
4279
4279
4279
4279
4279
4279
4279
4279
4279
4279
4279
4279
4279
4279
4279
4279
4279
4279
4279
4279
4279
4279
4268
4268
4268
4268
4268
4268
4268
4268
4268
4268
4268
4268
4268
4268
4268
4268
4268
4281
4281
4281
4281
4281
4281
4281
4281
4267
4267
4267
4267
4267
4268
4268
4268
4268
4268
4266
4250
4250
4250
4250
4250
4250
4250
4250
4250
4250
4250
4250
4250
4250
4250
4250
4250
4250
4250
4250
4250
4245
4245
4245
4245
4245
4245
4245
4245
4245
4245
4245
4245
4245
4245
4245
4245
4245
4245
4245
4245
4245
4245
4245
4245
4245
4245
4245
4251
4251
4251
4251
4251
4251
4251
4251
4251
4251
4251
4251
4251
4251
4251
4251
4251
4251
4251
4236
4236
4236
4236
4236
4236
4241
4241
4241
4241
4241
4241
4231
4231
4231
4231
4228
4228
4228
4228
4228
4228
4228
4228
4228
4228
4228
4228
4228
4228
4228
4228
4228
4228
4228
4228
4228
4221
4221
4221
4221
4221
4221
4221
4221
4221
4221
4221
4221
4215
4215
4215
4215
4215
4215
4215
4215
4215
4215
4215
4215
4215
4215
4208
4208
4208
4208
4208
4208
4208
4208
4208
4208
4208
4208
4208
4208
4208
4208
4208
4208
4208
4208
4208
4208
4208
4208
4208
4208
4208
4208
4208
4208
4208
4208
4259
4259
4243
4243
4243
4243
4253
4253
4253
4253
4253
4253
4253
4253
4253
4253
4253
4253
4253
4253
4253
4253
4253
4198
4206
4206
4206
4206
4206
4206
4205
4205
4205
4205
4205
4205
4205
4205
4205
4205
4205
4205
4205
4205
4205
4208
4202
4202
4202
4202
4202
4202
4202
4202
4202
4202
4202
4202
4202
4202
4202
4202
4202
4202
4202
4202
4202
4202
4202
4202
4202
4202
4202
4206
4206
4206
4206
4206
4206
4206
4192
4192
4192
4192
4192
4192
4192
4192
4192
4192
4192
4192
4192
4192
4192
4192
4192
4192
4192
4192
4192
4192
4192
4192
4192
4192
4192
4192
4192
4192
4192
4192
4192
4192
4192
4192
4192
4192
4192
4192
4192
4192
4192
4184
4184
4184
4184
4184
4184
4184
4184
4184
4184
4184
4182
4182
4182
4182
4182
4179
4179
4179
4179
4179
4179
4179
4179
4179
4179
4179
4179
4179
4179
4177
4177
4177
4177
4177
4177
4177
4177
4177
4177
4177
4177
4177
4177
4177
4177
4177
4177
4177
4177
4189
4189
4189
4189
4189
4189
4189
4189
4189
4189
4184
4184
4184
4184
4184
4184
4180
4182
4182
4182
4182
4182
4182
4182
4182
4182
4182
4182
4182
4182
4182
4182
4182
4182
4182
4182
4182
4181
4181
4181
4181
4181
4174
4174
4174
4169
4169
4169
4169
4169
4169
4167
4167
4167
4167
4167
4167
4167
4167
4167
4167
4167
4167
4167
4167
4167
4167
4167
4167
4167
4167
4167
4167
4167
4167
4167
4167
4167
4167
4167
4167
4167
4167
4167
4167
4167
4167
4167
4167
4167
4167
4167
4170
4170
4168
4168
4168
4168
4168
4168
4168
4168
4168
4163
4163
4163
4163
4163
4163
4163
4159
4159
4159
4159
4159
4159
4159
4159
4159
4159
4159
4159
4159
4159
4159
4159
4159
4159
4159
4159
4159
4159
4159
4159
4159
4159
4159
4159
4159
4159
4159
4159
4159
4159
4159
4159
4159
4159
4159
4159
4159
4159
4159
4159
4159
4159
4159
4159
4159
4159
4159
4159
4159
4159
4159
4159
4159
4159
4159
4159
4159
4159
4159
4159
4159
4159
4159
4159
4159
4159
4159
4159
4159
4159
4159
4159
4159
4159
4159
4159
4159
4159
4159
4159
4159
4159
4159
4159
4159
4159
4159
4159
4159
4159
4159
4159
4159
4157
4157
4157
4157
4157
4157
4157
4157
4157
4157
4157
4157
4157
4157
4157
4157
4157
4157
4157
4157
4157
4157
4157
4157
4157
4157
4157
4157
4157
4157
4157
4157
4157
4157
4157
4157
4157
4157
4157
4157
4157
4157
4157
4157
4157
4157
4157
4157
4157
4157
4157
4157
4157
4157
4157
4157
4157
4157
4157
4157
4157
4157
4157
4157
4157
4157
4157
4157
4157
4157
4159
4157
4157
4157
4157
4157
4157
4157
4157
4157
4157
4157
4157
4157
4157
4157
4157
4157
4157
4157
4157
4157
4157
4157
4157
4157
4157
4157
4165
4165
4165
4165
4165
4165
4165
4165
4165
4165
4165
4165
4165
4158
4158
4158
4158
4158
4150
4150
4150
4150
4150
4150
4150
4150
4150
4150
4150
4150
4150
4150
4150
4150
4150
4150
4150
4150
4150
4150
4150
4152
4152
4152
4152
4152
4152
4152
4152
4152
4152
4152
4152
4151
4151
4151
4151
4151
4151
4151
4151
4151
4151
4151
4151
4151
4151
4151
4151
4151
4151
4151
4151
4151
4151
4151
4151
4151
4151
4151
4151
4151
4151
4151
4151
4151
4151
4151
4151
4151
4151
4151
4151
4151
4151
4151
4151
4151
4151
4151
4151
4151
4151
4151
4151
4151
4151
4152
4152
4152
4152
4152
4152
4152
4152
4152
4152
4152
4152
4152
4152
4152
4152
4152
4152
4152
4152
4152
4152
4152
4152
4152
4152
4152
4152
4152
4152
4152
4152
4152
4152
4152
4152
4152
4152
4152
4152
4152
4152
4152
4152
4152
4152
4152
4152
4152
4152
4152
4152
4152
4152
4152
4152
4152
4152
4152
4152
4152
4152
4152
4152
4152
4152
4152
4152
4144
4144
4144
4144
4144
4144
4144
4144
4144
4144
4144
4144
4144
4144
4144
4144
4144
4144
4144
4144
4144
4144
4144
4144
4144
4144
4144
4144
4144
4147
4147
4147
4147
4147
4147
4147
4147
4147
4147
4147
4147
4147
4147
4147
4147
4147
4147
4147
4147
4147
4147
4147
4147
4147
4147
4147
4147
4147
4147
4147
4147
4147
4147
4147
4147
4147
4147
4147
4147
4147
4147
4147
4165
4165
4165
4165
4165
4165
4165
4165
4165
4165
4165
4165
4165
4165
4165
4165
4165
4165
4165
4165
4165
4165
4165
4160
4160
4160
4160
4160
4160
4160
4160
4160
4160
4158
4158
4158
4158
4158
4158
4158
4158
4158
4158
4158
4158
4158
4158
4158
4158
4157
4154
4154
4154
4154
4154
4154
4154
4154
4154
4154
4154
4154
4154
4154
4154
4154
4154
4154
4154
4154
4154
4154
4154
4154
4154
4154
4154
4154
4154
4154
4154
4154
4154
4154
4154
4154
4154
4154
4154
4154
4154
4154
4154
4154
4154
4154
4154
4154
4154
4154
4154
4154
4154
4154
4154
4154
4154
4154
4154
4154
4154
4154
4154
4154
4154
4154
4154
4154
4154
4154
4154
4154
4154
4154
4154
4154
4154
4154
4154
4154
4154
4154
4154
4154
4154
4154
4154
4154
4154
4154
4154
4154
4154
4154
4154
4154
4154
4154
4154
4154
4154
4154
4154
4154
4154
4154
4154
4154
4154
4154
4154
4154
4154
4154
4154
4154
4154
4154
4154
4154
4154
4154
4154
4154
4154
4154
4154
4154
4154
4154
4154
4154
4154
4154
4154
4154
4154
4154
4154
4154
4154
4154
4154
4154
4154
4154
4154
4154
4154
4154
4154
4154
4154
4154
4154
4154
4154
4154
4154
4154
4154
4154
4154
4154
4154
4154
4154
4154
4154
4154
4154
4154
4154
4154
4154
4154
4154
4154
4154
4154
4154
4154
4154
4154
4154
4154
4154
4154
4154
4154
4159
4159
4159
4159
4159
4159
4159
4159
4159
4159
4159
4159
4159
4159
4159
4159
4159
4159
4159
4159
4159
4159
4159
4159
4159
4159
4159
4159
4159
4159
4170
4170
4170
4170
4170
4170
4170
4170
4170
4170
4170
4170
4170
4170
4170
4170
4170
4170
4170
4170
4170
4170
4170
4170
4170
4170
4170
4170
4170
4170
4170
4170
4170
4170
4170
4170
4170
4170
4170
4175
4175
4175
4151
4151
4151
4151
4151
4151
4151
4151
4151
4151
4151
4151
4151
4151
4151
4151
4151
4151
4151
4151
4151
4151
4151
4151
4151
4151
4151
4151
4151
4151
4151
4151
4151
4151
4151
4151
4151
4151
4151
4151
4151
4151
4151
4151
4151
4157
4157
4157
4157
4157
4157
4157
4157
4157
4137
4137
4137
4137
4137
4137
4137
4137
4137
4137
4137
4137
4137
4137
4137
4137
4137
4137
4131
4131
4131
4131
4131
4131
4131
4131
4131
4131
4131
4131
4131
4131
4131
4125
4125
4125
4125
4125
4125
4125
4125
4125
4125
4125
4125
4125
4125
4125
4125
4125
4125
4125
4125
4125
4125
4125
4125
4125
4125
4125
4125
4125
4125
4125
4125
4125
4125
4125
4125
4125
4125
4125
4125
4125
4125
4125
4125
4125
4125
4125
4125
4125
4125
4125
4125
4125
4125
4125
4125
4125
4125
4125
4125
4125
4125
4125
4125
4125
4125
4125
4125
4125
4125
4125
4125
4125
4125
4125
4125
4125
4125
4125
4125
4125
4125
4125
4125
4125
4125
4125
4125
4125
4125
4125
4125
4125
4125
4125
4125
4125
4125
4125
4125
4125
4125
4125
4125
4125
4125
4125
4125
4125
4125
4125
4125
4125
4125
4125
4125
4125
4125
4125
4125
4125
4125
4125
4125
4125
4125
4116
4116
4116
4116
4116
4116
4116
4116
4116
4116
4116
4116
4116
4116
4116
4116
4116
4116
4116
4116
4116
4116
4116
4116
4116
4116
4116
4116
4116
4116
4116
4116
4116
4116
4116
4116
4116
4116
4116
4116
4116
4116
4116
4116
4116
4116
4116
4116
4116
4116
4116
4116
4116
4116
4116
4116
4116
4116
4116
4116
4116
4116
4116
4116
4122
4122
4122
4122
4122
4122
4122
4122
4122
4122
4122
4122
4122
4122
4122
4122
4122
4122
4122
4122
4122
4122
4122
4122
4122
4122
4122
4122
4122
4122
4122
4105
4105
4105
4105
4105
4105
4105
4105
4105
4105
4105
4105
4105
4105
4105
4105
4105
4105
4105
4105
4105
4105
4105
4105
4105
4105
4105
4105
4105
4105
4105
4105
4105
4105
4105
4105
4105
4105
4105
4105
4105
4105
4105
4105
4105
4105
4105
4105
4105
4105
4105
4105
4105
4105
4105
4105
4105
4105
4105
4105
4105
4105
4105
4105
4105
4105
4105
4105
4105
4105
4105
4105
4105
4105
4105
4105
4105
4105
4105
4105
4105
4105
4105
4105
4105
4105
4105
4105
4105
4105
4105
4105
4105
4105
4105
4105
4105
4105
4105
4105
4105
4105
4105
4105
4105
4105
4105
4105
4105
4105
4105
4105
4105
4105
4105
4105
4105
4105
4105
4105
4105
4105
4105
4105
4105
4105
4105
4105
4105
4105
4105
4105
4105
4105
4105
4105
4105
4105
4105
4105
4105
4105
4105
4105
4105
4105
4105
4105
4105
4105
4105
4105
4105
4109
4109
4109
4109
4109
4109
4109
4109
4109
4109
4109
4109
4109
4109
4109
4109
4109
4109
4109
4109
4109
4109
4109
4109
4109
4109
4109
4109
4109
4109
4109
4109
4109
4109
4109
4109
4109
4109
4109
4109
4109
4109
4109
4109
4109
4109
4109
4109
4109
4109
4109
4109
4109
4109
4109
4109
4109
4109
4109
4109
4109
4109
4109
4109
4109
4109
4109
4109
4102
4102
4102
4102
4102
4102
4102
4102
4102
4102
4102
4102
4102
4102
4102
4102
4102
4102
4098
4098
4098
4098
4098
4098
4098
4098
4098
4098
4098
4098
4098
4098
4098
4098
4098
4098
4098
4098
4098
4098
4098
4098
4098
4098
4098
4098
4098
4098
4098
4098
4098
4098
4098
4098
4098
4098
4098
4098
4098
4098
4098
4098
4096
4095
4095
4095
4095
4095
4095
4095
4095
4095
4095
4095
4095
4095
4095
4095
4095
4095
4095
4095
4095
4095
4095
4095
4095
4095
4095
4095
4095
4095
4095
4095
4095
4095
4095
4095
4095
4095
4098
4098
4098
4098
4098
4098
4098
4098
4095
4095
4095
4095
4095
4095
4095
4095
4095
4095
4095
4095
4095
4095
4095
4095
4102
4102
4102
4095
4095
4095
4095
4095
4095
4095
4095
4095
4095
4095
4095
4095
4095
4095
4095
4095
4095
4095
4095
4095
4095
4095
4095
4091
4091
4091
4091
4091
4091
4091
4091
4091
4091
4091
4091
4091
4091
4091
4091
4091
4091
4091
4091
4091
4091
4091
4091
4091
4091
4091
4091
4091
4091
4091
4091
4091
4091
4091
4091
4091
4091
4091
4091
4091
4091
4091
4091
4091
4091
4091
4091
4091
4091
4091
4091
4091
4091
4091
4091
4091
4091
4091
4091
4091
4091
4091
4091
4091
4091
4091
4091
4091
4091
4091
4091
4091
4091
4091
4098
4098
4098
4098
4098
4098
4098
4098
4098
4098
4098
4098
4098
4098
4098
4098
4098
4098
4098
4098
4098
4098
4098
4098
4098
4098
4098
4098
4098
4098
4098
4098
4098
4098
4098
4098
4098
4098
4098
4098
4098
4098
4098
4098
4098
4098
4098
4097
4097
4093
4093
4093
4093
4093
4093
4093
4093
4093
4093
4093
4093
4093
4093
4093
4093
4093
4093
4093
4093
4093
4093
4093
4093
4093
4093
4093
4093
4093
4093
4093
4093
4093
4093
4093
4093
4093
4093
4093
4093
4093
4093
4093
4093
4093
4093
4091
4091
4091
4091
4091
4091
4091
4091
4091
4091
4091
4091
4091
4091
4091
4091
4091
4091
4091
4091
4091
4079
4079
4079
4079
4079
4079
4079
4079
4079
4079
4079
4079
4079
4079
4079
4079
4079
4079
4079
4079
4079
4079
4079
4079
4079
4079
4079
4079
4079
4079
4079
4079
4079
4079
4079
4079
4079
4079
4079
4079
4079
4079
4079
4079
4079
4083
4083
4083
4083
4083
4083
4083
4083
4083
4083
4083
4083
4083
4083
4083
4083
4083
4083
4083
4083
4083
4083
4083
4083
4083
4083
4083
4083
4083
4083
4083
4083
4083
4083
4083
4083
4083
4083
4083
4083
4083
4083
4083
4083
4083
4083
4083
4083
4083
4082
4082
4082
4082
4082
4082
4082
4082
4082
4082
4082
4082
4082
4082
4082
4082
4082
4082
4082
4082
4082
4082
4082
4082
4089
4089
4089
4089
4089
4089
4089
4089
4089
4089
4089
4073
4073
4073
4073
4073
4073
4073
4073
4073
4073
4073
4073
4073
4073
4073
4073
4073
4073
4073
4073
4073
4073
4073
4073
4073
4073
4073
4073
4073
4073
4073
4066
4066
4066
4066
4066
4066
4066
4066
4066
4066
4066
4066
4066
4066
4066
4066
4066
4066
4066
4066
4066
4066
4066
4066
4066
4066
4066
4066
4066
4066
4066
4066
4066
4066
4066
4066
4066
4066
4066
4066
4066
4066
4066
4066
4066
4066
4066
4066
4066
4066
4066
4066
4066
4066
4066
4066
4066
4066
4066
4066
4066
4066
4066
4066
4066
4066
4066
4066
4066
4066
4066
4066
4066
4066
4066
4066
4066
4066
4066
4066
4066
4066
4066
4066
4066
4066
4066
4066
4066
4066
4066
4066
4066
4066
4066
4066
4066
4066
4066
4066
4066
4066
4066
4066
4066
4066
4066
4066
4066
4066
4066
4066
4066
4066
4066
4066
4066
4066
4066
4066
4066
4066
4066
4066
4066
4066
4066
4066
4066
4066
4066
4066
4066
4066
4066
4066
4066
4066
4066
4066
4066
4066
4066
4066
4066
4066
4066
4066
4066
4066
4066
4066
4066
4066
4066
4066
4066
4066
4066
4066
4066
4066
4066
4066
4066
4066
4066
4066
4066
4066
4066
4066
4066
4066
4066
4066
4066
4066
4066
4066
4066
4066
4066
4066
4066
4066
4066
4066
4066
4066
4066
4066
4066
4066
4066
4066
4066
4066
4066
4066
4066
4066
4066
4066
4066
4066
4066
4066
4066
4071
4071
4071
4071
4071
4074
4074
4074
4074
4074
4074
4074
4074
4074
4074
4074
4074
4074
4074
4074
4074
4074
4074
4074
4074
4074
4074
4074
4074
4074
4074
4074
4074
4074
4074
4074
4074
4074
4074
4074
4074
4074
4074
4074
4074
4074
4074
4074
4074
4074
4074
4074
4074
4074
4074
4074
4074
4074
4074
4074
4074
4074
4074
4074
4074
4074
4074
4074
4074
4074
4074
4074
4074
4074
4066
4066
4066
4066
4066
4066
4066
4066
4066
4066
4066
4066
4066
4066
4066
4066
4066
4066
4066
4066
4066
4066
4066
4066
4066
4066
4066
4066
4066
4066
4066
4066
4066
4066
4066
4066
4066
4066
4066
4066
4066
4066
4066
4066
4066
4066
4066
4066
4066
4066
4066
4066
4066
4066
4066
4066
4066
4066
4066
4066
4066
4066
4066
4066
4066
4066
4066
4066
4066
4066
4068
4068
4068
4068
4068
4068
4068
4067
4067
4067
4067
4067
4067
4067
4067
4067
4067
4067
4067
4067
4067
4067
4067
4067
4067
4068
4068
4068
4068
4068
4068
4068
4068
4068
4055
4055
4055
4055
4055
4055
4055
4055
4055
4055
4055
4055
4055
4055
4055
4055
4055
4055
4055
4055
4055
4055
4055
4055
4055
4055
4055
4055
4055
4055
4055
4055
4055
4055
4055
4055
4055
4055
4055
4055
4055
4055
4055
4055
4055
4055
4055
4055
4055
4055
4055
4055
4055
4055
4055
4055
4055
4055
4055
4055
4055
4055
4055
4055
4055
4055
4055
4055
4058
4058
4058
4058
4058
4058
4058
4058
4058
4058
4058
4058
4058
4058
4058
4058
4058
4058
4058
4058
4058
4058
4048
4048
4048
4060
4060
4060
4060
4060
4060
4060
4060
4060
4060
4060
4060
4060
4060
4060
4060
4060
4060
4060
4060
4060
4060
4060
4060
4060
4060
4060
4060
4060
4060
4060
4060
4060
4060
4060
4060
4060
4060
4060
4060
4060
4060
4060
4060
4060
4060
4060
4060
4060
4060
4060
4060
4060
4060
4060
4060
4060
4060
4060
4060
4060
4060
4060
4060
4060
4060
4060
4060
4060
4060
4060
4060
4060
4060
4060
4060
4060
4060
4060
4060
4060
4060
4060
4060
4060
4060
4060
4060
4060
4060
4060
4060
4060
4060
4060
4060
4060
4060
4060
4060
4060
4060
4060
4060
4060
4060
4060
4060
4060
4060
4060
4060
4060
4060
4060
4060
4060
