4919
4926
4966
5020
5048
5005
4994
5002
4918
4955
4941
4909
4909
4909
4956
4956
4956
4927
4894
4775
4850
4850
4804
4804
4804
4778
4848
4781
4811
4794
4759
4822
4813
4927
4902
4877
4857
4909
4943
4858
4863
4821
4764
4776
4820
4855
4935
4909
4991
4993
4903
4902
4970
4857
4778
4777
4785
4799
4804
4788
4788
4807
4810
4769
4774
4747
4691
4727
4784
4784
4801
4928
4908
4887
4887
4865
4865
4845
4842
4910
4990
4993
4954
4954
4942
4915
4915
4881
4861
4835
4831
4818
4851
4845
4810
4738
4776
4803
4782
4843
4855
4949
4984
4990
4982
4992
4979
4977
4983
4999
5059
5059
5043
5050
5014
4920
4979
5043
5033
5021
5009
5020
5013
5044
5011
5040
5066
5097
4943
4982
4971
4983
4904
4895
4849
4875
4971
4969
4972
5032
5024
5018
4998
5079
5066
5113
5148
5183
5142
5098
5099
5078
5048
4979
4949
4914
4850
4863
4830
4977
4957
4951
5005
4968
4906
4866
4852
4804
4752
4753
4751
4768
4852
4913
4826
4746
4746
4760
4769
4746
4700
4711
4720
4720
4736
4719
4766
4862
4842
4836
4762
4763
4763
4787
4844
4848
4807
4863
4842
4882
4817
4790
4726
4795
4851
4883
4860
4867
4867
4836
4798
4808
4770
4806
4746
4848
4846
4800
4799
4747
4731
4758
4794
4794
4872
4861
4825
4825
4749
4764
4764
4760
4832
4833
4746
4771
4771
4774
4823
4828
4794
4822
4865
4760
4760
4680
4761
4777
4778
4747
4791
4828
4856
4856
4887
4875
4779
4785
4842
4820
4788
4738
4786
4761
4834
4806
4856
4875
4847
4759
4723
4723
4661
4647
4656
4636
4595
4678
4719
4749
4749
4754
4754
4704
4757
4754
4758
4794
4843
4844
4799
4766
4881
4881
4860
4739
4841
4813
4756
4693
4727
4790
4714
4785
4872
4883
4879
4931
4843
4767
4752
4739
4772
4771
4681
4588
4588
4608
4690
4663
4701
4808
4743
4743
4709
4696
4646
4692
4765
4814
4883
4823
4821
4866
4760
4844
4862
4856
4854
4854
4892
4981
4936
4861
4855
4861
4824
4815
4793
4805
4809
4852
4852
4868
4897
4947
4847
4878
4922
4994
4927
4894
4874
4999
4973
4917
4939
4906
4851
4793
4761
4729
4762
4768
4767
4729
4743
4736
4752
4769
4796
4771
4830
4850
4833
4892
4939
4940
4967
4953
4881
4891
4886
4957
4927
4949
4874
4852
4891
4787
4781
4811
4839
4860
4882
4838
4838
4831
4797
4800
4807
4898
4886
4883
4939
4939
4939
4918
4903
4935
4837
4934
4932
4968
4941
4941
4924
4919
4891
4877
4907
4856
4881
4919
4973
4973
5013
4987
4997
4974
4954
5037
5037
4992
5003
4902
4940
4946
4924
4954
4986
4934
4904
4806
4795
4831
4828
4866
4893
4904
4854
4792
4738
4801
4801
4831
4858
4782
4775
4770
4770
4917
4881
4900
4902
4937
4962
4909
4842
4839
4792
4792
4800
4796
4758
4802
4821
4841
4855
4862
4826
4710
4701
4758
4869
4857
4905
4848
4867
4904
4935
4957
4878
4866
4850
4781
4754
4791
4881
4835
4774
4760
4745
4769
4798
4744
4744
4725
4764
4790
4859
4857
4873
4844
4832
4897
4825
4834
4762
4762
4770
4855
4874
4785
4805
4840
4840
4840
4771
4773
4891
4859
4860
4850
4962
4943
5028
5044
5047
5089
5095
5068
5122
5122
5174
5198
5198
5091
5177
5106
5037
5101
5172
5176
5057
5057
4961
4941
4964
4882
4911
5006
5002
5035
5028
5081
5039
4915
4894
4852
4873
4955
5013
4980
4944
4941
4889
4918
4851
4908
4967
4956
4935
4972
4947
4909
4920
4859
4845
5009
4937
4998
4945
4891
4943
4993
5026
5089
5050
5039
5003
5036
5100
5100
5102
5194
5149
5135
5086
5025
5004
5014
5084
5149
5081
5075
4995
5001
5063
4982
4963
4963
4974
4974
5009
4983
4915
4982
4969
4869
4854
4913
4897
4899
4887
4930
4926
4926
4917
4988
4961
4932
4950
4950
4973
4957
4973
4973
5002
5035
4924
4924
4952
4952
4955
4928
4928
4917
4918
4951
4927
4937
4937
4847
4906
4953
4941
4926
4926
4880
4880
4795
4803
4881
4828
4835
4823
4818
4808
4831
4803
4781
4737
4739
4791
4791
4843
4789
4818
4850
4884
4914
4905
4888
4875
4813
4762
4783
4818
4886
4843
4759
4763
4803
4790
4760
4788
4788
4788
4856
4835
4901
4914
4896
4896
4791
4791
4779
4779
4786
4778
4828
4927
4988
5027
5027
5084
5150
5088
5088
5088
5130
5002
5037
5079
5036
4987
4978
4994
4975
4988
5013
4949
4903
4913
4961
4930
4871
4871
4873
4827
4892
4883
4886
4870
4917
4917
4877
4960
5033
4952
4887
4916
4871
4857
4739
4780
4730
4719
4776
4776
4878
4878
4889
4889
4889
4865
4901
4890
4926
4859
4780
4784
4848
4935
4935
4885
4894
4925
5012
5090
5145
5160
5169
5155
5164
5150
5131
5103
5098
4980
4958
4980
4913
4779
4780
4783
4679
4729
4706
4719
4719
4677
4724
4785
4831
4767
4697
4733
4701
4671
4735
4772
4723
4738
4734
4763
4754
4712
4814
4821
4832
4835
4879
4843
4838
4766
4766
4766
4666
4711
4660
4660
4644
4740
4769
4778
4709
4688
4636
4668
4621
4638
4636
4645
4722
4695
4725
4745
4786
4726
4743
4744
4675
4669
4678
4692
4742
4718
4645
4645
4661
4662
4686
4794
4794
4794
4796
4762
4815
4828
4739
4739
4707
4724
4744
4727
4739
4732
4752
4774
4718
4714
4718
4723
4746
4680
4680
4717
4677
4683
4773
4773
4658
4658
4667
4661
4560
4624
4681
4681
4680
4671
4651
4632
4654
4715
4721
4750
4714
4736
4792
4774
4825
4793
4698
4731
4642
4642
4690
4685
4649
4651
4636
4645
4665
4635
4641
4605
4646
4662
4752
4752
4726
4756
4850
4836
4833
4834
4836
4737
4685
4697
4656
4669
4729
4771
4771
4737
4727
4723
4834
4793
4841
4837
4725
4794
4794
4807
4803
4852
4856
4856
4906
4949
4952
4872
4813
4809
4809
4809
4751
4809
4800
4892
4867
4831
4796
4824
4884
4858
4882
4918
4893
4834
4843
4859
4836
4856
4848
4861
4851
4891
4891
4854
4844
4851
4803
4736
4746
4797
4782
4785
4743
4744
4720
4720
4701
4709
4708
4681
4681
4689
4689
4816
4805
4816
4816
4756
4743
4715
4715
4753
4711
4711
4821
4819
4795
4795
4822
4864
4855
4808
4732
4705
4708
4698
4671
4687
4734
4693
4639
4681
4681
4711
4768
4782
4863
4770
4759
4755
4704
4729
4737
4808
4808
4887
4812
4816
4837
4837
4852
4852
4852
4895
4855
4801
4801
4791
4808
4829
4868
4868
4831
4804
4804
4759
4759
4776
4828
4924
4922
4854
4863
4898
4823
4820
4837
4837
4886
4845
4932
4923
4904
4928
4969
5021
5047
5050
4986
5032
4998
4936
4936
4936
4923
4864
4891
4891
4927
4942
4943
4875
4914
4915
4915
4915
4837
4830
4830
4788
4788
4748
4767
4742
4753
4758
4720
4701
4746
4767
4752
4772
4888
4816
4806
4853
4826
4773
4747
4701
4741
4669
4700
4680
4820
4814
4806
4820
4857
4855
4821
4792
4811
4786
4826
4839
4903
4902
4904
4815
4803
4754
4770
4770
4722
4722
4714
4719
4678
4678
4678
4679
4679
4673
4699
4697
4745
4749
4673
4690
4718
4667
4662
4713
4784
4742
4683
4705
4733
4653
4634
4662
4645
4647
4569
4622
4563
4656
4709
4704
4742
4688
4667
4673
4748
4772
4723
4765
4703
4685
4692
4692
4746
4786
4851
4816
4786
4813
4813
4885
4865
4890
4890
4888
4940
5032
4985
5011
4994
4979
4979
4950
4950
4948
4923
4891
4948
4948
4927
4945
4924
4873
4873
4875
4873
4804
4804
4775
4775
4848
4917
4984
4984
4955
4981
4981
4981
4981
4986
4939
4993
5016
5014
4967
4958
4918
4922
4940
4845
4845
4861
4867
4822
4732
4734
4753
4775
4808
4856
4856
4836
4820
4820
4760
4766
4766
4831
4846
4846
4841
4761
4786
4781
4844
4830
4874
4867
4890
4862
4842
4944
5046
5023
5023
4938
4979
4984
4891
4877
4876
4836
4828
4811
4809
4805
4814
4880
4878
4846
4885
4838
4703
4808
4871
4832
4859
4859
4951
5036
5066
5091
5133
5001
5088
5048
5006
4864
4930
4941
4942
4881
4958
4943
4898
4914
4860
4875
4820
4782
4826
4858
4882
4954
5006
5014
4885
4885
4909
4837
4841
4842
4842
4810
4799
4806
4822
4822
4803
4820
4787
4774
4747
4742
4750
4753
4735
4763
4736
4730
4730
4738
4792
4817
4817
4868
4868
4925
4886
4901
4830
4743
4723
4774
4839
4801
4732
4732
4689
4781
4839
4863
4856
4928
4864
4883
4869
4830
4785
4795
4808
4786
4836
4830
4796
4824
4840
4939
4939
4881
4864
4779
4813
4803
4758
4786
4826
4836
4854
4818
4905
4940
4943
4902
4883
4865
4860
4829
4819
4901
4876
5008
5004
5051
5079
5079
5079
4986
4986
4937
4889
4892
4825
4850
4798
4726
4731
4715
4715
4752
4752
4725
4853
4885
4908
4970
4949
4908
4947
4916
4987
4981
4953
4993
4901
4989
5068
5027
5052
4995
5025
5028
5027
5083
5005
4952
4937
4952
4952
4995
5006
5006
5013
5013
4955
4913
4857
4841
4893
4893
4893
4869
4918
4934
4913
4913
4878
4846
4903
4913
4937
4895
4918
4893
4928
4887
4837
4843
4849
4970
4966
5015
4981
4979
4955
4936
4945
4949
5022
4972
5030
4923
4945
5032
5001
4984
4973
4939
4979
4932
4932
4915
5023
5046
5063
5013
4993
5002
5012
5016
4985
4997
5010
4928
4932
4948
4871
4788
4732
4711
4654
4630
4636
4726
4725
4782
4782
4782
4736
4780
4765
4808
4785
4792
4768
4744
4738
4742
4736
4839
4816
4804
4849
4812
4830
4897
4900
4902
4910
4944
4931
4965
4998
5002
4991
5062
5062
4973
4973
4956
4969
5053
5087
4999
5009
4998
4991
5007
5032
5006
4925
4930
4891
4891
4813
4813
4779
4779
4781
4823
4770
4812
4804
4684
4688
4719
4769
4816
4816
4716
4654
4713
4734
4632
4638
4715
4671
4693
4691
4756
4773
4773
4773
4726
4642
4634
4653
4653
4597
4610
4641
4652
4652
4659
4703
4727
4737
4666
4659
4833
4833
4833
4821
4822
4794
4866
4847
4867
4896
4891
4891
4882
4975
4869
4846
4911
4932
4911
5031
5037
4993
5001
5008
5024
5024
5024
4999
4937
4930
4964
4938
4895
4935
4935
4870
4887
4935
4830
4906
4906
4873
4811
4775
4787
4839
4871
4813
4841
4841
4749
4694
4695
4695
4724
4738
4738
4736
4770
4773
4846
4846
4846
4819
4842
4854
4828
4844
4906
4846
4867
4867
4821
4806
4849
4869
4906
4952
4996
5098
5041
4934
4916
4886
4954
4982
5068
5068
5007
5011
5016
4984
4987
5039
4961
4888
4891
4894
4900
4845
4872
4909
4909
4909
4937
4888
4930
4930
4852
4867
4858
4847
4846
4813
4813
4747
4752
4755
4737
4748
4770
4769
4786
4832
4750
4763
4763
4852
4917
4931
4931
4891
4910
4860
4821
4827
4817
4922
4939
4970
4970
4970
5018
4967
4961
4978
4978
4968
4931
4931
4935
4965
4982
4896
4923
4923
4900
4918
4925
4922
5027
5099
5090
5043
5096
5096
5030
5030
4999
4996
4961
4915
4928
4928
4929
4974
4983
4962
5067
5071
5046
5063
5189
5198
5252
5212
5291
5323
5279
5274
5263
5263
5266
5217
5197
5131
5120
5087
5055
5123
5167
5171
5132
5136
5113
5139
5130
5109
5158
5213
5238
5128
5063
5050
4987
4991
4982
5030
5030
5027
4998
4948
4923
4923
4830
4879
4925
5001
4942
4904
4929
4987
5028
5017
4942
4879
4892
4957
4957
4870
4856
4873
4855
4858
4742
4742
4690
4749
4779
4784
4774
4720
4717
4645
4646
4666
4696
4689
4686
4748
4674
4675
4667
4638
4682
4693
4599
4647
4744
4752
4755
4696
4711
4748
4695
4692
4700
4790
4784
4744
4746
4827
4798
4765
4787
4817
4845
4759
4819
4743
4709
4739
4750
4833
4850
4869
4857
4918
5023
4967
4878
4897
4880
4851
4851
4805
4794
4768
4768
4756
4848
4870
4870
4828
4798
4820
4820
4827
4794
4794
4801
4811
4896
4896
4914
4859
4799
4831
4887
4780
4780
4890
4926
4903
4781
4803
4803
4782
4815
4826
4826
4826
4869
4834
4770
4827
4871
4888
4929
4838
4886
4887
4916
4892
4892
4894
4813
4839
4859
4951
4989
4944
4978
4957
4927
4975
4971
5015
4963
4963
4980
4942
5046
5011
5089
5084
5084
5044
5099
5010
4969
4909
4865
4865
4826
4840
4752
4802
4805
4754
4802
4849
4890
4874
4908
4843
4816
4836
4892
4849
4867
4842
4836
4836
4784
4789
4747
4694
4681
4678
4678
4678
4649
4629
4610
4704
4675
4675
4686
4686
4744
4756
4809
4830
4805
4783
4780
4766
4766
4766
4786
4840
4835
4831
4884
4902
4902
4960
4938
4933
4978
4948
4911
4871
4894
4891
4889
4889
4835
4835
4838
4844
4834
4863
4863
4794
4878
4881
4836
4828
4750
4750
4872
4879
4891
4846
4770
4757
4797
4791
4802
4780
4780
4739
4806
4826
4783
4684
4658
4660
4711
4706
4748
4729
4746
4800
4792
4794
4767
4825
4818
4792
4782
4808
4844
4878
4888
4844
4782
4831
4840
4877
4940
4898
4874
4890
4814
4776
4767
4767
4767
4767
4769
4786
4762
4775
4830
4800
4743
4742
4700
4631
4650
4650
4610
4610
4599
4617
4654
4654
4650
4665
4744
4714
4714
4708
4690
4689
4677
4677
4717
4703
4724
4792
4824
4824
4826
4800
4688
4684
4684
4683
4713
4713
4724
4705
4803
4756
4737
4761
4760
4821
4809
4809
4854
4866
4864
4794
4818
4767
4767
4767
4767
4786
4739
4747
4787
4764
4838
4848
4786
4786
4753
4797
4856
4840
4883
4931
4931
4976
4966
4981
4969
4969
4892
4891
4915
4862
4818
4818
4791
4784
4760
4683
4685
4651
4699
4665
4715
4733
4711
4736
4780
4772
4757
4799
4778
4761
4789
4796
4806
4862
4861
4861
4815
4850
4884
4759
4740
4740
4787
4959
4959
4959
4967
4967
4967
4962
4875
4877
4892
4914
4894
4866
4911
4904
4904
4867
4939
4939
4926
4958
4925
4948
4930
4920
4885
4906
4900
4919
4987
5048
5093
5055
5012
4952
4976
5004
4977
4906
4879
4898
4949
4985
5051
5056
5042
4966
4966
4942
4952
4973
5055
5018
4969
4969
5020
4964
4938
4942
4942
4987
4967
4915
4893
4893
4893
4927
4861
4861
4895
4889
4881
4882
4882
4911
4881
4892
4919
4903
4847
4823
4823
4823
4821
4827
4888
4879
4885
4911
4882
4971
5019
4944
4893
4833
4833
4821
4768
4840
4790
4750
4724
4708
4761
4790
4800
4800
4805
4798
4815
4876
4876
4869
4876
4903
4881
4907
4960
4960
4901
4790
4799
4790
4794
4889
4925
4808
4835
4835
4871
4896
4871
4902
4910
4839
4834
4814
4814
4778
4765
4741
4810
4827
4732
4745
4764
4790
4775
4789
4817
4817
4816
4818
4818
4762
4761
4761
4763
4946
4756
4794
4742
4756
4743
4704
4768
4684
4651
4768
4801
4845
4845
4894
4959
4960
5007
4905
4965
4965
4961
4958
4972
4972
4921
4921
4921
4909
4858
4845
4871
4871
4827
4827
4827
4865
4792
4792
4850
4850
4963
4963
4951
4980
4933
4981
5006
5048
5078
5019
4951
4898
4901
4845
4927
4912
4912
4912
4932
4914
4940
4940
4867
4896
4905
4908
4899
4858
4881
4879
4944
4914
4947
4947
4957
4947
4926
4891
5017
4970
4963
4960
4960
4969
4955
4955
4919
4943
4944
4895
4944
4982
4982
5060
5055
5014
5017
5031
5041
5071
5107
5033
5008
5039
5057
5018
5020
4977
5096
5076
5029
5003
4951
4969
5001
4953
4921
5009
4977
4897
4879
4888
5001
4968
4906
4910
4910
4901
4860
4859
4821
4837
4871
4871
4831
4796
4830
4830
4848
4848
4862
4816
4710
4757
4878
4974
4918
4935
4935
4935
4908
4951
4927
4976
4932
4918
4918
4949
4938
4931
4874
4845
4895
4833
4790
4767
4770
4733
4702
4707
4697
4697
4724
4682
4731
4710
4805
4878
4878
4826
4862
4786
4784
4745
4765
4757
4784
4784
4784
4767
4748
4753
4731
4726
4812
4799
4678
4672
4663
4679
4799
4759
4785
4744
4782
4685
4652
4663
4776
4798
4837
4827
4849
4828
4801
4814
4795
4796
4761
4719
4717
4748
4816
4791
4799
4795
4757
4767
4767
4750
4828
4773
4773
4778
4828
4855
4919
4899
4959
4931
4900
4793
4793
4824
4824
4824
4759
4733
4711
4735
4737
4740
4740
4808
4869
4838
4838
4838
4890
4888
4874
4905
4861
4861
4846
4878
4916
4932
4928
4935
5027
5027
4974
4973
4988
4982
4969
4882
4886
4916
4835
4840
4840
4878
4865
4810
4807
4872
4901
4833
4842
4899
4899
4891
4895
4846
4826
4779
4815
4792
4792
4709
4743
4723
4737
4737
4768
4729
4763
4705
4697
4697
4725
4759
4713
4721
4675
4675
4650
4662
4678
4718
4760
4694
4747
4701
4701
4701
4809
4809
4834
4814
4728
4728
4702
4702
4702
4702
4702
4702
4719
4719
4826
4802
4792
4687
4687
4647
4645
4584
4581
4577
4576
4583
4583
4603
4603
4607
4600
4582
4594
4612
4566
4566
4566
4661
4661
4645
4645
4663
4649
4614
4613
4634
4618
4593
4653
4588
4621
4749
4749
4749
4753
4753
4699
4735
4706
4720
4771
4771
4755
4772
4855
4832
4912
4944
4891
4822
4866
4816
4816
4875
4869
4798
4694
4702
4702
4702
4702
4737
4688
4721
4721
4685
4733
4729
4726
4636
4634
4634
4601
4578
4561
4555
4555
4609
4609
4631
4631
4620
4636
4656
4656
4656
4656
4700
4643
4619
4619
4619
4716
4695
4678
4678
4741
4741
4700
4700
4700
4700
4706
4737
4717
4717
4661
4726
4718
4718
4747
4740
4741
4741
4728
4798
4798
4775
4717
4775
4744
4750
4750
4841
4833
4833
4833
4832
4888
4851
4907
4882
4882
4895
4819
4831
4827
4932
4966
4908
4908
4895
4895
4828
4809
4941
4952
4931
4919
4876
4856
4849
4821
4821
4844
4904
4913
4950
4954
4986
4986
4925
4894
4790
4825
4947
4928
4926
4897
4868
4861
4886
4869
4853
4898
4942
4884
4884
4885
4885
4882
4882
4809
4815
4770
4795
4740
4745
4711
4761
4682
4704
4715
4700
4700
4739
4765
4792
4792
4792
4829
4906
4939
4939
4875
4875
4945
4905
5000
5027
4917
4953
4902
4916
4916
4873
4853
4832
4838
4794
4791
4784
4789
4760
4763
4763
4748
4805
4741
4741
4854
4854
4854
4815
4798
4845
4846
4843
4843
4933
4933
4822
4822
4822
4767
4915
4875
4812
4808
4805
4782
4782
4782
4864
4859
4851
4846
4841
4841
4854
4820
4789
4874
4874
4853
4853
4849
4891
4891
4883
4883
4907
4879
4899
4959
5010
5045
5045
5048
5012
4998
5003
4957
4945
4945
4927
5018
4943
4864
4926
4956
4914
4868
4913
4874
4901
4955
4947
4968
5017
4983
4983
4955
4912
4937
4880
4854
4816
4827
4827
4827
4860
4883
4889
4865
4865
4866
4906
4899
4940
4930
4930
4894
4863
4870
4870
4870
4841
4798
4752
4831
4831
4684
4727
4727
4807
4803
4859
4881
4950
4978
4925
4954
4947
4905
4970
4902
4888
4835
4883
4768
4761
4690
4680
4719
4678
4678
4679
4679
4702
4702
4778
4781
4762
4813
4818
4803
4746
4703
4703
4703
4747
4690
4751
4752
4737
4795
4751
4762
4765
4790
4825
4831
4794
4827
4778
4777
4772
4753
4794
4794
4805
4805
4805
4805
4805
4821
4921
4921
4880
4859
4846
4839
4788
4758
4764
4784
4797
4790
4759
4715
4756
4756
4738
4738
4755
4755
4679
4715
4715
4715
4735
4773
4711
4760
4742
4717
4708
4722
4714
4758
4740
4720
4701
4701
4701
4775
4761
4704
4702
4733
4733
4626
4709
4732
4738
4748
4748
4757
4757
4700
4692
4692
4683
4705
4723
4676
4692
4727
4709
4717
4722
4758
4780
4780
4780
4849
4769
4777
4708
4773
4723
4723
4738
4734
4734
4749
4749
4736
4805
4833
4835
4797
4807
4807
4807
4803
4794
4749
4751
4783
4722
4702
4663
4691
4687
4647
4613
4613
4613
4581
4614
4678
4636
4636
4649
4641
4699
4771
4801
4801
4826
4824
4933
4904
4794
4794
4747
4678
4720
4739
4739
4730
4743
4788
4860
4859
4859
4859
4838
4838
4855
4855
4811
4784
4852
4842
4788
4798
4731
4731
4762
4745
4816
4791
4766
4762
4693
4629
4620
4626
4652
4683
4683
4683
4594
4594
4642
4667
4749
4742
4685
4673
4682
4670
4701
4745
4715
4694
4697
4684
4652
4639
4635
4639
4646
4646
4624
4624
4624
4620
4652
4699
4699
4699
4766
4798
4753
4753
4726
4753
4781
4807
4823
4849
4828
4803
4773
4773
4773
4754
4736
4736
4714
4727
4696
4677
4677
4596
4627
4627
4627
4645
4726
4672
4653
4661
4697
4754
4707
4693
4727
4751
4762
4762
4762
4740
4740
4740
4772
4759
4739
4757
4776
4739
4732
4732
4732
4704
4753
4738
4738
4738
4738
4805
4805
4862
4903
4903
4855
4880
4900
4804
4833
4840
4823
4824
4738
4742
4741
4764
4764
4778
4775
4818
4818
4772
4773
4773
4795
4769
4769
4764
4784
4778
4794
4800
4830
4830
4829
4829
4812
4761
4820
4718
4760
4760
4795
4755
4873
4859
4877
4788
4832
4842
4864
4873
4899
4899
4880
4886
4889
4828
4869
4849
4843
4794
4794
4734
4639
4672
4672
4672
4658
4617
4648
4648
4724
4731
4773
4773
4793
4884
4905
5015
5095
5082
5004
5007
5002
4943
4982
4966
5007
4973
4875
4875
4921
4872
4924
4924
4959
4930
4930
4966
4981
4934
4885
4842
4848
4858
4901
4901
4883
4883
4838
4838
4867
4856
4818
4752
4884
4882
4784
4812
4802
4776
4776
4775
4774
4754
4776
4776
4838
4849
4847
4848
4861
4801
4831
4836
4828
4800
4733
4755
4755
4835
4830
4830
4813
4840
4840
4771
4763
4763
4764
4763
4763
4762
4762
4715
4710
4679
4701
4715
4729
4820
4757
4757
4757
4755
4732
4730
4730
4730
4719
4724
4738
4745
4745
4727
4727
4795
4788
4788
4778
4778
4827
4824
4824
4826
4784
4742
4742
4729
4739
4673
4705
4705
4725
4808
4826
4826
4807
4812
4820
4806
4840
4816
4722
4781
4791
4791
4796
4756
4807
4807
4763
4775
4690
4692
4649
4623
4653
4689
4669
4641
4641
4605
4605
4605
4629
4756
4756
4749
4727
4644
4625
4625
4626
4626
4663
4662
4685
4720
4720
4710
4625
4625
4642
4643
4591
4591
4581
4575
4575
4508
4567
4571
4559
4518
4480
4480
4480
4547
4549
4547
4567
4574
4612
4612
4612
4643
4609
4652
4652
4652
4637
4626
4626
4653
4618
4618
4618
4618
4618
4663
4628
4600
4611
4646
4582
4587
4528
4609
4620
4577
4583
4638
4638
4638
4590
4592
4633
4633
4580
4623
4623
4623
4623
4619
4636
4604
4596
4664
4688
4661
4616
4622
4637
4678
4649
4660
4730
4725
4716
4716
4706
4691
4691
4733
4739
4761
4749
4702
4727
4694
4662
4670
4652
4639
4626
4637
4672
4589
4571
4585
4585
4543
4618
4556
4485
4485
4469
4476
4518
4518
4487
4487
4487
4538
4543
4543
4543
4561
4631
4675
4691
4706
4706
4757
4757
4807
4807
4767
4728
4728
4728
4675
4675
4635
4615
4615
4644
4644
4644
4622
4582
4582
4597
4639
4696
4699
4682
4672
4648
4648
4648
4667
4697
4669
4649
4701
4637
4610
4594
4632
4658
4658
4653
4600
4659
4646
4624
4629
4660
4649
4684
4684
4779
4854
4716
4649
4731
4731
4642
4642
4642
4613
4617
4593
4703
4709
4674
4728
4702
4709
4721
4732
4737
4743
4686
4645
4635
4624
4599
4599
4599
4599
4586
4586
4586
4586
4583
4650
4647
4654
4689
4610
4534
4534
4534
4570
4649
4649
4649
4616
4622
4592
4592
4646
4639
4646
4577
4577
4571
4675
4684
4596
4625
4577
4535
4534
4581
4543
4547
4547
4547
4547
4553
4571
4569
4576
4576
4576
4576
4723
4723
4723
4743
4648
4646
4646
4656
4686
4678
4688
4675
4675
4675
4675
4713
4619
4620
4620
4618
4616
4616
4624
4730
4730
4720
4779
4749
4769
4693
4739
4787
4765
4765
4765
4739
4739
4717
4706
4707
4707
4707
4714
4674
4698
4664
4740
4740
4740
4722
4690
4663
4667
4667
4686
4691
4681
4635
4739
4740
4718
4730
4715
4715
4737
4767
4753
4846
4896
4951
4951
4894
4890
4903
4880
4880
4831
4803
4832
4768
4768
4792
4755
4843
4825
4825
4829
4776
4763
4695
4709
4714
4736
4713
4703
4703
4666
4580
4580
4580
4609
4617
4617
4691
4695
4660
4650
4667
4667
4685
4636
4575
4554
4541
4534
4534
4512
4512
4512
4512
4590
4545
4545
4545
4528
4528
4501
4501
4501
4495
4495
4500
4472
4482
4482
4482
4482
4482
4518
4518
4546
4503
4482
4471
4473
4473
4448
4448
4448
4491
4496
4458
4458
4458
4458
4490
4513
4511
4499
4499
4499
4589
4589
4589
4589
4644
4638
4701
4673
4663
4663
4736
4729
4729
4755
4711
4711
4711
4679
4679
4720
4720
4662
4602
4595
4672
4685
4685
4727
4779
4764
4718
4688
4662
4654
4637
4637
4681
4842
4832
4832
4840
4840
4795
4744
4729
4710
4691
4636
4623
4618
4655
4584
4556
4556
4556
4556
4589
4653
4653
4653
4590
4592
4493
4551
4536
4536
4532
4584
4565
4565
4542
4491
4515
4514
4514
4540
4540
4540
4558
4605
4605
4554
4554
4554
4554
4601
4601
4600
4600
4624
4624
4624
4656
4656
4625
4667
4738
4750
4750
4763
4762
4785
4826
4856
4748
4826
4746
4746
4696
4703
4687
4658
4636
4636
4607
4633
4633
4636
4654
4654
4687
4696
4703
4749
4749
4749
4756
4697
4674
4674
4726
4733
4729
4729
4772
4789
4749
4749
4770
4705
4694
4694
4679
4700
4705
4660
4660
4660
4660
4660
4614
4609
4574
4617
4616
4627
4633
4638
4585
4591
4614
4614
4618
4618
4619
4641
4658
4632
4593
4657
4619
4593
4682
4653
4639
4719
4666
4666
4659
4661
4747
4747
4747
4717
4687
4643
4642
4701
4699
4766
4693
4675
4728
4749
4726
4730
4746
4746
4734
4734
4734
4730
4748
4748
4744
4779
4759
4737
4723
4820
4791
4795
4761
4720
4705
4742
4742
4725
4691
4685
4712
4744
4744
4723
4675
4704
4781
4739
4768
4777
4889
4889
4889
4880
4899
4922
4917
4917
4890
4911
4925
4884
4884
4727
4754
4754
4800
4800
4797
4861
4869
4843
4885
4885
4885
4885
4903
4903
4903
4925
4890
4944
4969
4959
4959
4959
4863
4873
4916
4940
4940
4884
4884
4884
4886
4886
4821
4797
4773
4732
4763
4783
4828
4828
4780
4780
4780
4733
4733
4717
4717
4717
4777
4793
4718
4718
4718
4718
4741
4685
4685
4702
4733
4719
4712
4702
4662
4659
4618
4592
4592
4642
4656
4652
4690
4737
4715
4715
4715
4729
4654
4634
4611
4611
4628
4627
4666
4666
4666
4644
4644
4632
4632
4688
4688
4698
4698
4698
4682
4639
4627
4627
4649
4649
4649
4691
4686
4730
4730
4666
4643
4575
4575
4577
4577
4509
4537
4537
4552
4533
4534
4600
4600
4518
4510
4510
4510
4510
4510
4510
4469
4469
4467
4531
4531
4527
4522
4522
4563
4571
4564
4587
4526
4526
4526
4526
4526
4526
4626
4660
4663
4631
4662
4662
4662
4679
4679
4679
4698
4725
4725
4725
4725
4705
4705
4705
4705
4748
4734
4734
4705
4705
4683
4641
4625
4625
4557
4557
4560
4530
4542
4500
4521
4521
4571
4571
4607
4607
4623
4596
4587
4595
4641
4641
4641
4641
4618
4603
4603
4603
4590
4590
4583
4634
4656
4770
4774
4720
4704
4700
4700
4700
4714
4714
4698
4698
4669
4682
4682
4682
4692
4722
4722
4677
4677
4687
4672
4672
4691
4691
4767
4767
4767
4803
4795
4763
4739
4725
4733
4718
4731
4770
4770
4746
4746
4757
4753
4784
4800
4807
4807
4781
4850
4792
4770
4770
4803
4819
4797
4745
4724
4746
4709
4677
4677
4677
4692
4667
4675
4675
4675
4694
4681
4646
4683
4683
4683
4742
4752
4754
4754
4754
4754
4744
4678
4678
4681
4702
4659
4685
4685
4700
4700
4626
4664
4704
4743
4743
4661
4661
4681
4681
4681
4689
4689
4689
4757
4757
4757
4808
4808
4785
4789
4711
4633
4633
4729
4729
4799
4853
4838
4862
4866
4964
4894
4875
4875
4888
4860
4814
4814
4814
4831
4829
4829
4804
4804
4804
4780
4787
4787
4742
4746
4746
4726
4732
4732
4705
4719
4700
4630
4630
4680
4669
4613
4613
4616
4560
4623
4570
4596
4596
4596
4588
4588
4588
4631
4601
4572
4572
4618
4618
4618
4647
4664
4621
4621
4621
4621
4621
4604
4587
4529
4462
4483
4483
4479
4479
4479
4479
4512
4505
4559
4588
4599
4599
4595
4543
4543
4540
4555
4551
4550
4601
4601
4601
4559
4528
4528
4528
4577
4508
4526
4505
4505
4505
4526
4526
4510
4490
4490
4498
4498
4522
4522
4589
4582
4580
4580
4579
4579
4579
4586
4586
4641
4641
4688
4643
4593
4593
4628
4627
4627
4673
4673
4649
4644
4621
4632
4632
4632
4632
4531
4487
4487
4536
4592
4592
4612
4649
4649
4573
4573
4573
4573
4573
4573
4689
4678
4688
4688
4688
4681
4761
4713
4713
4617
4617
4596
4596
4555
4555
4532
4532
4507
4507
4507
4518
4535
4535
4574
4615
4615
4615
4710
4681
4681
4681
4681
4707
4707
4702
4702
4794
4794
4772
4772
4743
4754
4733
4748
4685
4679
4646
4635
4636
4607
4607
4499
4499
4546
4559
4559
4559
4559
4580
4602
4633
4564
4530
4498
4495
4508
4498
4498
4497
4519
4545
4522
4503
4524
4524
4534
4498
4498
4495
4495
4449
4446
4446
4454
4475
4464
4464
4512
4491
4512
4514
4493
4493
4534
4526
4526
4526
4526
4482
4446
4456
4456
4456
4468
4508
4508
4499
4507
4559
4559
4559
4556
4556
4556
4612
4605
4630
4546
4507
4507
4507
4515
4515
4519
4519
4524
4593
4593
4638
4738
4718
4692
4664
4664
4689
4802
4848
4761
4633
4633
4644
4644
4644
4644
4644
4592
4592
4605
4653
4642
4642
4586
4569
4569
4569
4569
4548
4548
4548
4548
4554
4586
4586
4586
4580
4580
4563
4539
4539
4539
4549
4549
4441
4436
4450
4450
4450
4450
4473
4473
4504
4504
4504
4504
4504
4504
4504
4504
4471
4471
4471
4485
4485
4557
4550
4550
4550
4550
4501
4501
4594
4594
4672
4695
4658
4658
4682
4682
4655
4633
4633
4621
4630
4662
4675
4675
4675
4675
4665
4626
4661
4661
4609
4588
4588
4596
4597
4592
4595
4575
4575
4575
4554
4543
4542
4542
4529
4529
4560
4560
4560
4574
4580
4580
4553
4555
4537
4537
4502
4503
4503
4503
4503
4503
4509
4540
4540
4540
4625
4631
4631
4590
4605
4605
4601
4623
4644
4644
4644
4644
4644
4643
4643
4634
4623
4595
4595
4595
4597
4620
4620
4620
4639
4631
4631
4641
4649
4649
4559
4611
4611
4611
4625
4626
4626
4626
4647
4679
4679
4691
4691
4691
4688
4705
4619
4619
4619
4601
4601
4601
4601
4601
4601
4576
4532
4532
4534
4534
4534
4534
4516
4516
4500
4500
4494
4494
4494
4494
4494
4494
4494
4494
4494
4494
4488
4496
4512
4512
4573
4573
4555
4575
4575
4575
4535
4535
4535
4535
4534
4534
4534
4534
4534
4534
4543
4603
4622
4622
4641
4667
4677
4672
4691
4691
4691
4691
4632
4634
4634
4622
4667
4695
4695
4695
4707
4707
4683
4683
4683
4683
4704
4642
4642
4642
4646
4597
4597
4597
4597
4597
4597
4597
4641
4633
4651
4665
4665
4665
4616
4616
4654
4654
4654
4654
4654
4654
4654
4654
4644
4644
4685
4631
4606
4606
4606
4606
4598
4598
4598
4598
4598
4598
4598
4598
4598
4598
4641
4661
4651
4659
4659
4659
4659
4638
4638
4638
4647
4647
4647
4663
4650
4650
4650
4650
4650
4650
4650
4650
4738
4808
4815
4815
4862
4862
4745
4733
4676
4679
4641
4641
4641
4641
4641
4679
4700
4700
4700
4715
4708
4708
4681
4681
4680
4680
4616
4605
4605
4605
4557
4561
4561
4561
4613
4565
4565
4565
4588
4596
4596
4596
4596
4596
4596
4596
4596
4596
4596
4643
4643
4643
4643
4635
4635
4666
4666
4666
4702
4702
4698
4659
4667
4723
4723
4717
4710
4658
4658
4658
4652
4652
4631
4631
4631
4595
4595
4595
4595
4591
4610
4610
4610
4640
4644
4644
4644
4644
4646
4646
4646
4703
4746
4746
4731
4709
4759
4660
4653
4593
4576
4571
4571
4571
4571
4571
4560
4580
4580
4575
4575
4547
4547
4569
4569
4569
4587
4587
4587
4587
4587
4603
4603
4591
4591
4594
4594
4594
4552
4527
4553
4530
4493
4439
4439
4439
4452
4452
4451
4491
4529
4529
4524
4524
4515
4530
4530
4533
4533
4539
4565
4565
4577
4577
4577
4579
4567
4558
4574
4574
4574
4539
4539
4541
4556
4556
4556
4556
4583
4583
4583
4583
4583
4583
4573
4573
4590
4590
4590
4590
4590
4590
4590
4598
4598
4568
4568
4569
4569
4602
4602
4602
4616
4616
4606
4591
4591
4583
4552
4523
4524
4594
4611
4611
4564
4564
4564
4557
4557
4531
4529
4529
4592
4577
4577
4577
4577
4577
4619
4609
4609
4577
4597
4549
4549
4516
4520
4520
4586
4578
4578
4595
4595
4595
4633
4594
4512
4495
4495
4495
4495
4495
4495
4495
4495
4495
4495
4494
4494
4532
4532
4547
4547
4524
4509
4509
4509
4480
4480
4480
4480
4480
4480
4480
4457
4452
4462
4481
4417
4417
4417
4417
4417
4417
4378
4354
4386
4330
4330
4330
4430
4405
4420
4420
4420
4420
4451
4451
4473
4467
4467
4467
4467
4560
4560
4560
4537
4535
4555
4555
4539
4539
4569
4569
4569
4569
4569
4569
4569
4606
4606
4574
4521
4521
4520
4520
4544
4544
4544
4567
4570
4570
4570
4570
4570
4570
4579
4566
4573
4573
4573
4570
4570
4570
4562
4505
4505
4466
4483
4483
4483
4483
4516
4516
4516
4516
4517
4517
4517
4487
4432
4432
4432
4432
4421
4412
4399
4391
4391
4391
4391
4391
4391
4391
4391
4391
4391
4391
4391
4391
4413
4413
4413
4413
4442
4442
4471
4471
4472
4434
4434
4434
4434
4434
4434
4434
4441
4441
4441
4441
4441
4441
4441
4441
4441
4441
4441
4441
4478
4478
4483
4483
4437
4437
4437
4458
4458
4458
4458
4430
4430
4430
4430
4430
4436
4436
4436
4436
4436
4436
4436
4436
4436
4436
4436
4436
4436
4436
4436
4436
4435
4435
4435
4466
4470
4433
4433
4433
4525
4524
4524
4524
4524
4488
4484
4484
4480
4480
4478
4478
4478
4478
4478
4487
4467
4467
4467
4467
4507
4507
4497
4497
4497
4497
4497
4487
4487
4436
4436
4436
4449
4489
4489
4509
4509
4486
4486
4534
4545
4506
4509
4495
4495
4495
4495
4495
4495
4457
4457
4457
4457
4460
4462
4465
4469
4472
4472
4472
4468
4468
4468
4468
4461
4473
4502
4466
4466
4466
4466
4472
4472
4472
4472
4490
4482
4483
4483
4483
4483
4479
4479
4474
4475
4475
4490
4497
4497
4497
4497
4497
4492
4492
4492
4492
4472
4472
4472
4452
4452
4452
4452
4452
4491
4469
4469
4489
4489
4496
4496
4496
4496
4512
4497
4497
4497
4497
4516
4516
4513
4483
4483
4483
4483
4483
4483
4483
4522
4522
4469
4439
4439
4427
4427
4427
4442
4442
4480
4480
4480
4451
4451
4432
4432
4470
4470
4470
4470
4470
4480
4472
4480
4480
4480
4445
4445
4408
4408
4408
4408
4405
4405
4395
4376
4364
4364
4364
4313
4313
4313
4313
4313
4313
4313
4313
4313
4313
4313
4313
4313
4305
4295
4295
4295
4295
4295
4299
4269
4269
4269
4269
4278
4278
4278
4294
4321
4321
4329
4329
4327
4327
4327
4327
4327
4327
4327
4327
4327
4327
4327
4327
4330
4330
4330
4330
4330
4330
4330
4373
4373
4373
4373
4373
4382
4425
4413
4413
4483
4483
4483
4483
4419
4419
4419
4401
4376
4377
4360
4360
4360
4372
4372
4372
4372
4372
4372
4364
4364
4364
4364
4364
4356
4356
4356
4356
4356
4356
4356
4356
4374
4374
4374
4374
4374
4374
4374
4374
4374
4374
4374
4374
4374
4353
4358
4358
4358
4358
4358
4361
4364
4400
4400
4400
4398
4398
4363
4363
4363
4363
4363
4374
4381
4381
4381
4381
4381
4359
4333
4333
4333
4333
4333
4321
4321
4321
4321
4342
4336
4336
4336
4336
4336
4336
4336
4346
4346
4346
4346
4306
4306
4306
4306
4306
4279
4279
4279
4279
4303
4303
4273
4273
4273
4273
4273
4273
4273
4273
4273
4283
4283
4283
4283
4283
4283
4283
4283
4283
4283
4283
4283
4283
4283
4310
4330
4330
4330
4330
4336
4336
4336
4402
4394
4394
4414
4377
4378
4401
4401
4401
4401
4401
4404
4377
4399
4399
4399
4339
4339
4339
4330
4353
4353
4353
4336
4336
4336
4336
4336
4351
4366
4366
4386
4386
4386
4386
4378
4378
4378
4378
4378
4378
4378
4378
4378
4385
4385
4401
4399
4400
4400
4400
4400
4400
4400
4400
4400
4421
4421
4418
4418
4419
4386
4398
4398
4388
4388
4386
4386
4386
4410
4410
4410
4410
4410
4407
4403
4431
4431
4431
4431
4436
4436
4436
4452
4438
4436
4436
4436
4436
4439
4439
4439
4445
4445
4445
4460
4470
4470
4470
4471
4471
4471
4471
4471
4445
4443
4443
4443
4443
4443
4443
4443
4468
4468
4473
4441
4441
4441
4441
4441
4453
4453
4419
4419
4419
4419
4423
4423
4430
4412
4412
4412
4412
4412
4412
4414
4414
4414
4445
4445
4414
4414
4414
4414
4414
4414
4414
4442
4445
4445
4445
4445
4455
4459
4469
4461
4461
4461
4461
4461
4461
4461
4461
4461
4394
4394
4394
4394
4394
4394
4394
4398
4398
4413
4366
4366
4366
4366
4366
4366
4366
4351
4351
4351
4351
4351
4322
4322
4331
4331
4331
4331
4331
4331
4331
4331
4331
4336
4336
4336
4336
4336
4336
4336
4336
4336
4320
4320
4320
4320
4320
4320
4320
4320
4316
4312
4312
4312
4312
4312
4312
4312
4312
4312
4312
4320
4320
4320
4320
4320
4320
4320
4320
4320
4318
4318
4323
4323
4323
4323
4323
4319
4319
4319
4319
4336
4336
4336
4336
4336
4336
4336
4336
4336
4336
4350
4331
4331
4331
4331
4305
4305
4305
4305
4305
4305
4305
4305
4305
4305
4288
4288
4288
4288
4288
4288
4288
4288
4288
4288
4288
4288
4288
4288
4288
4310
4310
4310
4310
4310
4260
4260
4260
4262
4262
4262
4262
4262
4262
4262
4263
4267
4267
4267
4267
4267
4267
4267
4267
4267
4267
4267
4267
4267
4267
4267
4267
4267
4265
4276
4272
4286
4286
4286
4286
4286
4286
4326
4326
4326
4326
4326
4326
4326
4326
4342
4335
4329
4329
4329
4322
4322
4322
4322
4322
4325
4325
4324
4324
4324
4324
4325
4325
4325
4325
4325
4325
4328
4328
4328
4328
4328
4328
4328
4328
4328
4328
4328
4328
4328
4312
4312
4312
4316
4316
4316
4316
4315
4315
4315
4315
4315
4315
4315
4312
4312
4314
4314
4314
4314
4314
4314
4314
4314
4321
4322
4346
4346
4365
4365
4365
4365
4368
4368
4342
4342
4342
4342
4342
4342
4342
4330
4330
4330
4330
4330
4335
4335
4335
4335
4335
4335
4335
4335
4335
4335
4335
4345
4345
4345
4333
4333
4333
4333
4333
4333
4333
4333
4333
4333
4333
4333
4333
4333
4333
4333
4320
4320
4313
4313
4313
4313
4313
4306
4308
4308
4308
4308
4308
4305
4305
4305
4305
4305
4305
4305
4305
4305
4305
4307
4303
4303
4303
4303
4303
4303
4303
4303
4303
4303
4303
4303
4303
4303
4306
4306
4306
4306
4306
4306
4306
4306
4306
4306
4306
4306
4306
4306
4306
4306
4330
4297
4297
4297
4297
4313
4310
4310
4310
4310
4310
4310
4312
4312
4312
4316
4316
4316
4321
4321
4321
4318
4310
4310
4310
4310
4310
4310
4310
4310
4310
4310
4310
4310
4310
4310
4310
4310
4310
4310
4310
4310
4310
4310
4310
4310
4310
4310
4327
4327
4327
4327
4327
4321
4321
4321
4321
4321
4321
4321
4321
4321
4321
4321
4321
4321
4321
4321
4321
4321
4321
4321
4321
4321
4322
4322
4322
4322
4322
4322
4322
4322
4322
4322
4322
4322
4322
4322
4322
4322
4322
4322
4322
4322
4322
4322
4322
4322
4322
4322
4322
4322
4335
4335
4335
4345
4313
4313
4313
4313
4292
4292
4292
4292
4292
4292
4280
4280
4280
4280
4280
4280
4280
4280
4280
4280
4280
4280
4280
4280
4280
4280
4280
4280
4280
4280
4285
4285
4285
4285
4291
4291
4291
4291
4291
4291
4291
4291
4291
4291
4291
4291
4291
4291
4291
4291
4291
4291
4291
4291
4291
4291
4291
4291
4277
4277
4277
4278
4270
4270
4270
4270
4270
4270
4270
4270
4270
4270
4270
4270
4270
4270
4270
4270
4270
4270
4270
4270
4270
4270
4270
4270
4270
4270
4270
4270
4270
4270
4270
4270
4270
4270
4270
4270
4270
4270
4270
4270
4270
4270
4270
4270
4270
4270
4270
4270
4270
4270
4270
4270
4253
4253
4253
4253
4253
4253
4253
4253
4253
4253
4253
4253
4261
4252
4252
4252
4252
4252
4252
4252
4252
4252
4252
4252
4252
4252
4252
4252
4252
4252
4252
4252
4252
4245
4245
4245
4245
4245
4245
4245
4245
4245
4245
4245
4245
4245
4245
4245
4245
4245
4234
4234
4234
4234
4234
4234
4234
4234
4234
4234
4234
4234
4234
4234
4234
4234
4234
4234
4234
4234
4234
4234
4234
4234
4234
4234
4234
4234
4234
4234
4234
4234
4234
4234
4234
4234
4234
4234
4234
4234
4234
4234
4234
4234
4234
4234
4234
4239
4239
4239
4239
4239
4239
4239
4239
4239
4239
4239
4239
4239
4239
4239
4239
4239
4241
4241
4241
4241
4241
4233
4233
4233
4233
4233
4233
4233
4233
4233
4233
4233
4233
4233
4233
4233
4233
4233
4233
4233
4233
4233
4233
4233
4247
4247
4247
4247
4247
4243
4284
4284
4284
4275
4275
4298
4298
4298
4275
4275
4275
4275
4275
4275
4275
4275
4275
4275
4275
4275
4275
4275
4275
4275
4275
4275
4275
4275
4275
4275
4275
4275
4275
4275
4275
4275
4275
4275
4275
4275
4275
4275
4275
4275
4275
4275
4275
4253
4253
4253
4253
4253
4253
4253
4249
4249
4249
4249
4249
4249
4249
4249
4249
4249
4249
4249
4249
4249
4249
4249
4249
4249
4249
4249
4249
4249
4249
4249
4249
4249
4249
4249
4248
4248
4248
4248
4248
4248
4248
4248
4248
4248
4248
4248
4248
4248
4248
4248
4248
4248
4248
4248
4238
4238
4287
4287
4287
4287
4287
4287
4287
4287
4287
4287
4287
4287
4287
4287
4287
4287
4287
4287
4287
4287
4276
4276
4276
4276
4276
4276
4276
4276
4276
4276
4276
4276
4276
4276
4276
4276
4276
4276
4276
4276
4276
4276
4276
4276
4276
4276
4276
4276
4276
4276
4276
4276
4276
4276
4278
4278
4278
4278
4278
4278
4278
4278
4285
4283
4272
4272
4298
4298
4298
4298
4294
4294
4294
4294
4294
4294
4294
4290
4290
4290
4290
4290
4290
4290
4290
4259
4259
4259
4259
4259
4259
4259
4259
4259
4259
4258
4258
4258
4258
4258
4258
4258
4241
4241
4241
4241
4241
4241
4241
4241
4241
4241
4241
4241
4241
4241
4241
4241
4241
4241
4241
4241
4243
4243
4243
4243
4243
4243
4243
4243
4243
4243
4236
4236
4236
4236
4236
4236
4236
4236
4236
4236
4239
4239
4239
4239
4239
4239
4239
4239
4239
4239
4239
4239
4239
4239
4239
4239
4239
4239
4239
4239
4239
4239
4239
4239
4239
4239
4239
4239
4239
4239
4239
4239
4239
4239
4239
4239
4239
4234
4234
4188
4188
4188
4203
4203
4203
4203
4203
4203
4203
4203
4203
4203
4203
4203
4203
4203
4223
4223
4223
4223
4223
4223
4229
4229
4229
4229
4229
4229
4229
4229
4229
4224
4249
4249
4249
4249
4249
4249
4249
4249
4249
4249
4249
4249
4249
4249
4249
4249
4249
4249
4249
4249
4249
4249
4240
4240
4240
4240
4240
4240
4219
4219
4219
4219
4219
4219
4219
4219
4219
4219
4219
4219
4219
4219
4206
4191
4191
4191
4191
4183
4183
4183
4183
4183
4183
4183
4183
4183
4183
4183
4183
4183
4183
4183
4183
4183
4183
4183
4183
4183
4183
4183
4183
4183
4183
4183
4183
4183
4183
4183
4183
4183
4183
4192
4192
4192
4192
4192
4192
4192
4192
4153
4153
4153
4153
4153
4153
4153
4153
4153
4153
4153
4153
4153
4153
4153
4153
4153
4153
4153
4153
4153
4153
4153
4153
4153
4153
4153
4153
4153
4150
4150
4150
4150
4150
4150
4150
4150
4150
4150
4150
4150
4150
4150
4150
4150
4150
4150
4150
4150
4150
4150
4150
4150
4150
4150
4150
4150
4147
4147
4147
4147
4147
4147
4147
4147
4155
4155
4155
4155
4155
4155
4155
4155
4155
4155
4155
4155
4155
4155
4155
4155
4155
4155
4155
4155
4155
4155
4155
4155
4165
4165
4165
4165
4165
4165
4165
4165
4165
4165
4165
4144
4144
4144
4144
4144
4144
4144
4144
4144
4144
4144
4144
4144
4144
4144
4144
4144
4144
4144
4144
4144
4144
4144
4144
4144
4144
4144
4144
4144
4144
4144
4144
4144
4144
4144
4144
4144
4144
4144
4144
4144
4144
4144
4144
4144
4144
4144
4144
4144
4144
4144
4144
4144
4144
4144
4144
4144
4144
4144
4144
4144
4144
4144
4144
4144
4144
4144
4144
4144
4144
4144
4144
4157
4157
4157
4157
4152
4152
4152
4152
4152
4152
4152
4152
4152
4152
4152
4151
4151
4151
4151
4151
4151
4151
4151
4151
4151
4151
4151
4151
4151
4151
4151
4151
4151
4151
4151
4151
4151
4151
4151
4151
4151
4151
4154
4154
4154
4154
4154
4154
4154
4154
4154
4154
4154
4154
4156
4156
4156
4156
4156
4156
4156
4156
4156
4156
4156
4156
4156
4156
4156
4156
4156
4156
4156
4156
4156
4156
4156
4156
4156
4156
4156
4156
4156
4156
4156
4156
4156
4156
4156
4156
4156
4156
4156
4156
4156
4156
4156
4158
4158
4158
4158
4158
4158
4145
4145
4145
4145
4145
4145
4145
4145
4145
4145
4145
4145
4145
4145
4145
4145
4145
4145
4145
4145
4145
4145
4145
4145
4145
4145
4145
4145
4144
4144
4141
4141
4141
4141
4141
4141
4141
4141
4141
4141
4141
4141
4141
4141
4141
4141
4141
4141
4141
4141
4141
4141
4141
4141
4141
4141
4141
4141
4141
4141
4141
4141
4141
4141
4141
4141
4141
4141
4141
4141
4141
4141
4141
4141
4141
4141
4141
4141
4141
4141
4141
4141
4141
4141
4141
4141
4141
4141
4141
4141
4141
4141
4139
4139
4139
4139
4139
4139
4139
4139
4139
4139
4139
4139
4139
4139
4139
4139
4139
4139
4139
4139
4139
4139
4139
4139
4139
4139
4139
4139
4139
4139
4139
4139
4139
4139
4139
4139
4139
4139
4140
4140
4140
4140
4140
4140
4140
4140
4140
4140
4140
4140
4140
4140
4140
4140
4140
4140
4140
4140
4140
4140
4139
4139
4139
4139
4139
4139
4139
4139
4139
4139
4139
4139
4139
4132
4132
4132
4132
4132
4132
4136
4137
4137
4137
4137
4137
4137
4137
4137
4137
4137
4137
4137
4137
4137
4137
4137
4137
4137
4137
4137
4137
4137
4137
4137
4137
4137
4137
4137
4137
4137
4137
4137
4137
4137
4137
4137
4137
4137
4137
4137
4137
4137
4137
4137
4137
4137
4137
4137
4137
4137
4137
4137
4137
4137
4137
4137
4137
4137
4137
4137
4137
4137
4137
4137
4137
4137
4137
4137
4137
4137
4137
4137
4137
4137
4137
4137
4137
4137
4137
4137
4137
4137
4137
4137
4137
4137
4137
4137
4137
4136
4136
4136
4136
4136
4136
4136
4136
4136
4136
4136
4136
4136
4136
4136
4136
4136
4136
4136
4136
4136
4136
4136
4136
4136
4136
4136
4136
4131
4131
4131
4131
4131
4131
4131
4131
4131
4131
4131
4131
4131
4131
4131
4131
4131
4121
4121
4121
4121
4121
4121
4121
4121
4121
4121
4121
4121
4121
4121
4121
4121
4121
4121
4121
4121
4121
4121
4121
4121
4121
4121
4121
4121
4121
4121
4121
4121
4121
4121
4121
4121
4119
4119
4119
4119
4119
4119
4119
4119
4119
4119
4119
4119
4119
4119
4119
4119
4119
4119
4119
4119
4127
4127
4127
4127
4127
4127
4127
4127
4127
4127
4127
4127
4127
4127
4127
4127
4127
4127
4127
4127
4127
4127
4127
4127
4127
4127
4127
4127
4127
4127
4127
4127
4127
4127
4127
4127
4127
4127
4127
4127
4127
4127
4127
4127
4127
4128
4128
4128
4128
4128
4128
4128
4128
4128
4128
4128
4128
4128
4128
4128
4128
4128
4128
4128
4128
4128
4128
4128
4128
4128
4128
4128
4128
4128
4128
4128
4128
4128
4128
4128
4128
4128
4128
4128
4128
4128
4128
4128
4128
4128
4128
4128
4128
4128
4128
4128
4128
4128
4128
4128
4128
4128
4128
4128
4128
4125
4125
4125
4125
4125
4125
4125
4125
4125
4125
4125
4125
4125
4125
4125
4125
4125
4125
4125
4125
4125
4125
4125
4125
4125
4125
4125
4125
4125
4125
4125
4125
4125
4125
4125
4125
4125
4125
4125
4125
4125
4125
4125
4125
4125
4125
4125
4125
4125
4125
4125
4125
4125
4125
4125
4125
4125
4125
4125
4125
4125
4125
4125
4125
4125
4125
4125
4125
4125
4125
4125
4125
4125
4125
4125
4131
4131
4131
4131
4131
4131
4131
4131
4131
4131
4131
4131
4131
4131
4131
4131
4131
4131
4131
4131
4131
4131
4131
4131
4131
4131
4131
4131
4131
4131
4131
4131
4131
4131
4131
4131
4131
4131
4131
4131
4131
4131
4131
4131
4131
4131
4132
4132
4132
4132
4132
4132
4132
4132
4132
4132
4132
4132
4132
4132
4132
4132
4132
4132
4132
4132
4132
4132
4132
4132
4132
4132
4132
4132
4132
4132
4132
4132
4132
4132
4132
4132
4132
4132
4132
4132
4132
4132
4132
4132
4132
4132
4132
4132
4132
4132
4132
4132
4132
4132
4132
4132
4132
4132
4132
4132
4132
4132
4132
4132
4132
4132
4132
4132
4132
4132
4132
4132
4132
4132
4132
4132
4132
4132
4132
4132
4132
4132
4132
4132
4132
4132
4132
4132
4129
4129
4129
4129
4129
4129
4129
4129
4129
4129
4129
4129
4129
4129
4129
4129
4129
4129
4129
4129
4129
4129
4129
4129
4129
4129
4129
4129
4129
4129
4129
4129
4129
4129
4129
4129
4129
4129
4129
4129
4129
4129
4129
4129
4129
4129
4129
4129
4129
4129
4129
4129
4129
4129
4129
4129
4129
4129
4129
4129
4129
4129
4129
4129
4129
4129
4129
4129
4129
4129
4129
4129
4129
4129
4129
4129
4129
4129
4129
4129
4129
4129
4129
4129
4129
4129
4129
4129
4129
4129
4129
4129
4129
4129
4129
4129
4129
4129
4129
4129
4129
4129
4129
4129
4129
4129
4129
4129
4129
4129
4129
4129
4129
4129
4129
4129
4129
4129
4129
4129
4129
4133
4133
4133
4133
4133
4133
4133
4133
4133
4133
4133
4133
4133
4133
4133
4133
4133
4133
4133
4133
4133
4133
4133
4133
4133
4133
4133
4133
4133
4133
4133
4133
4133
4133
4133
4133
4133
4133
4133
4133
4133
4133
4133
4133
4133
4133
4133
4133
4133
4133
4133
4133
4133
4133
4133
4133
4133
4133
4133
4133
4133
4133
4133
4133
4133
4133
4133
4133
4133
4133
4133
4133
4133
4133
4133
4133
4133
4133
4133
4133
4133
4133
4133
4133
4133
4133
4133
4133
4133
4133
4133
4133
4133
4133
4133
4133
4133
4133
4133
4133
4133
4133
4133
4133
4133
4133
4133
4133
4133
4133
4133
4133
4133
4133
4133
4133
4133
4133
4121
4121
4097
4097
4097
4097
4097
4097
4097
4097
4097
4097
4097
4097
4097
4097
4097
4097
4097
4097
4097
4097
4097
4097
4097
4097
4097
4097
4097
4097
4097
4097
4097
4097
4097
4097
4097
4097
4097
4097
4097
4097
4097
4097
4097
4097
4097
4097
4097
4097
4097
4097
4097
4097
4097
4097
4097
4097
4097
4097
4097
4097
4097
4097
4097
4097
4097
4097
4097
4097
4097
4097
4097
4097
4102
4102
4102
4102
4102
4102
4102
4102
4102
4102
4102
4102
4102
4102
4102
4102
4102
4102
4102
4102
4102
4102
4102
4102
4102
4102
4102
4102
4102
4102
4102
4102
4102
4102
4102
4102
4102
4102
4102
4102
4102
4102
4102
4102
4102
4102
4102
4102
4102
4102
4102
4102
4102
4102
4102
4102
4102
4102
4102
4102
4102
4102
4102
4102
4102
4100
4100
4100
4100
4100
4100
4100
4100
4100
4100
4100
4100
4100
4100
4100
4100
4100
4100
4100
4100
4100
4099
4099
4099
4099
4099
4100
4100
4100
4100
4100
4100
4100
4100
4100
4100
4100
4100
4100
4100
4100
4100
4100
4100
4100
4100
4100
4100
4100
4100
4100
4100
4100
4100
4100
4100
4100
4100
4100
4100
4100
4100
4100
4100
4100
4100
4100
4100
4100
4100
4100
4100
4100
4100
4100
4100
4100
4100
4100
4100
4100
4100
4100
4100
4100
4100
4100
4100
4100
4100
4100
4100
4100
4100
4100
4100
4100
4100
4100
4100
4100
4100
4100
4100
4100
4100
4100
4100
4100
4100
4100
4100
4100
4100
4100
4100
4100
4100
4100
4100
4100
4100
4100
4100
4100
4100
4100
4100
4100
4100
4100
4100
4100
4100
4100
4100
4100
4100
4100
4100
4100
4100
4100
4100
4100
4100
4100
4100
4100
4100
4100
4100
4100
4100
4100
4100
4100
4100
4100
4100
4100
4100
4100
4100
4100
4100
4100
4100
4100
4100
4100
4100
4100
4100
4099
4099
4099
4099
4099
4099
4099
4099
4099
4099
4099
4099
4099
4099
4099
4099
4099
4106
4106
4106
4106
4106
4106
4106
4106
4106
4106
4106
4106
4106
4106
4106
4106
4106
4106
4106
4106
4106
4106
4106
4106
4106
4106
4106
4106
4106
4106
4106
4106
4106
4106
4106
4106
4106
4106
4106
4106
4106
4106
4106
4106
4106
4106
4106
4106
4106
4106
4106
4106
4106
4106
4106
4106
4104
4104
4104
4104
4104
4104
4104
4104
4104
4104
4104
4104
4104
4104
4104
4104
4104
4104
4104
4104
4104
4104
4104
4104
4104
4104
4104
4104
4104
4104
4104
4104
4104
4104
4104
4104
4104
4104
4104
4104
4104
4104
4104
4104
4104
4104
4104
4104
4104
4104
4104
4104
4104
4104
4104
4104
4104
4104
4104
4104
4104
4104
4104
4104
4104
4104
4104
4104
4104
4104
4104
4104
4104
4104
4104
4104
4104
4104
4104
4104
4104
4104
4104
4104
4104
4104
4104
4104
4104
4104
4104
4104
4104
4104
4104
4104
4104
4104
4104
4104
4104
4104
4104
4104
4104
4104
4104
4104
4104
4104
4104
4104
4102
4102
4102
4102
4102
4102
4102
4102
4102
4102
4102
4102
4102
4102
4102
4102
4102
4102
4102
4102
4102
4099
4099
4099
4099
4099
4099
4099
4099
4099
4099
4099
4099
4099
4099
4099
4099
4099
4099
4099
4099
4099
4099
4099
4099
4099
4099
4099
4099
4099
4099
4099
4099
4099
4099
4099
4099
4099
4099
4099
4099
4099
4099
4099
4099
4099
4099
4099
4099
4099
4099
4099
4099
4099
4099
4099
4099
4099
4099
4099
4099
4099
4099
4099
4099
4099
4099
4099
4099
4099
4099
4099
4099
4099
4099
4099
4099
4099
4099
4099
4099
4099
4099
4099
4099
4099
4099
4099
4099
4099
4099
4099
4099
4099
4099
4099
4099
4099
4099
4099
4099
4099
4099
4099
4099
4099
4099
4099
4099
4099
4099
4099
4099
4099
4099
4099
4099
4099
4099
4099
4099
4099
4099
4099
4099
4099
4099
4099
4099
4099
4099
4099
4099
4099
4097
4097
4097
4097
4097
4097
4097
4097
4097
4097
4097
4097
4097
4097
4097
4097
4097
4097
4097
4097
4097
4097
4097
4097
4097
4097
4097
4097
4097
4097
4097
4097
4097
4097
4097
4097
4097
4097
4097
4097
4097
4097
4097
4097
4097
4097
4097
4097
4097
4097
4097
4097
4097
4097
4097
4097
4097
4097
4097
4097
4097
4097
4097
4097
4097
4097
4097
4097
4097
4097
4097
4097
4097
4097
4097
4097
4097
4097
4097
4097
4097
4097
4097
4097
4097
4097
4097
4097
4097
4097
4097
4097
4097
4097
4097
4097
4097
4097
4097
4097
4097
4097
4097
4097
4097
4097
4097
4097
4097
4097
4097
4097
4097
4097
4097
4097
4097
4097
4097
4097
4097
4097
4097
4097
4097
4097
4097
4097
4097
4097
4097
4097
4097
4097
4097
4097
4097
4097
4097
4097
4097
4097
4097
4092
4092
4092
4092
4092
4092
4092
4092
4092
4092
4092
4092
4092
4092
4092
4092
4092
4092
4092
4092
4092
4092
4092
4092
4092
4092
4092
4092
4092
4092
4092
4092
4092
4092
4092
4092
4092
4092
4092
4092
4092
4092
4092
4092
4092
4092
4092
4092
4092
4092
4092
4092
4092
4092
4092
4092
4092
4092
4092
4092
4092
4092
4092
4092
4092
4092
4092
4092
4092
4092
4092
4092
4092
4092
4092
4092
4092
4092
4092
4092
4092
4092
4092
4092
4092
4092
4092
4092
4092
4092
4092
4092
4092
4092
4092
4092
4092
4092
4092
4092
4092
4092
4092
4092
4092
4092
4092
4092
4092
4092
4092
4092
4092
4092
4092
4092
4092
4092
4092
4092
4092
4092
4092
4092
4092
4092
4092
4092
4092
4092
4092
4092
4092
4092
4092
4092
4092
4092
4092
4092
4092
4092
4092
4092
4092
4092
4092
4092
4092
4092
4092
4092
4092
4092
4092
4092
4092
4092
4092
4092
4092
4092
4092
4092
4092
4092
4092
4092
4092
4092
4092
4092
4092
4092
4092
4092
4092
4092
4092
4092
4092
4092
4092
4092
4092
4092
4092
4092
4092
4092
4092
4092
4092
4092
4092
4092
4092
4092
4092
4092
4092
4092
4092
4092
4092
4092
4092
4092
4092
4092
4092
4092
4092
4092
4092
4092
4092
4092
4091
4091
4091
4091
4091
4091
4091
4091
4091
4091
4091
4091
4091
4091
4091
4091
4091
4091
4091
4091
4091
4091
4091
4091
4091
4091
4091
4091
4091
4091
4091
4091
4091
4091
4091
4091
4091
4091
4091
4091
4091
4091
4091
4091
4091
4087
4087
4087
4087
4087
4087
4087
4087
4087
4087
4087
4087
4087
4087
4087
4087
4087
4087
4087
4087
4087
4087
4087
4087
4087
4089
4089
4089
4089
4089
4089
4089
4089
4089
4089
4089
4089
4089
4089
4089
4089
4090
4090
4090
4090
4090
4090
4090
4090
4090
4090
4090
4090
4090
4090
4090
4090
4090
4090
4090
4090
4090
4090
4090
4090
4090
4090
4090
4090
4090
4090
4090
4090
4090
4090
4090
4090
4090
4090
4090
4090
4090
4090
4090
4090
4090
4090
4090
4090
4090
4090
4090
4090
4090
4090
4090
4090
4090
4090
4090
4090
4090
4090
4090
4090
4090
4090
4090
4090
4090
4090
4090
4090
4090
4090
4090
4090
4090
4090
4090
4090
4090
4090
4090
4090
4090
4090
4090
4090
4090
4090
4090
4090
4090
4090
4090
4090
4090
4090
4090
4090
4090
4090
4090
4090
4090
4090
4090
4090
4090
4090
4090
4090
4090
4090
4090
4090
4090
4090
4090
4090
4090
4090
4090
4090
4090
4090
4090
4090
4090
4090
4090
4090
4090
4090
4090
4090
4090
4090
4090
4090
4090
4090
4090
4090
4090
4090
4090
4090
4090
4090
4090
4090
4090
4090
4090
4090
4090
4090
4090
4090
4090
4090
4090
4090
4090
4090
4090
4090
4090
4090
4090
4090
4090
4090
4090
4090
4090
4090
4090
4090
4090
4090
4090
4084
4084
4084
4084
4084
4084
4084
4084
4084
4084
4084
4084
4084
4084
4084
4084
4084
4084
4084
4084
4084
4084
4084
4084
4084
4084
4084
4084
4084
4084
4084
4084
4084
4084
4084
4084
4084
4084
4084
4084
4084
4084
4084
4084
4084
4084
4084
4084
4084
4084
4087
4087
4087
4087
4087
4087
4087
4087
4087
4087
4087
4087
4087
4087
4087
4087
4087
4087
4087
4087
4087
4087
4087
4087
4087
4087
4087
4087
4087
4087
4087
4087
4087
4087
4087
4087
4087
4087
4087
4087
4087
4087
4087
4087
4087
4087
4087
4087
4087
4087
4087
4087
4087
4087
4087
4087
4087
4087
4087
4087
4087
4087
4087
4087
4087
4087
4087
4087
4087
4087
4087
4087
4087
4087
4087
4087
4087
4087
4087
4087
4087
4087
4087
4087
4087
4087
4087
4087
4087
4087
4087
4087
4087
4087
4087
4087
4087
4087
4087
4087
4087
4087
4087
4087
4087
4087
4087
4087
4087
4087
4087
4087
4087
4087
4087
4087
4087
4087
4087
4087
4087
4087
4087
4087
4087
4087
4087
4087
4087
4087
4087
4087
4087
4087
4087
4087
