4769
4725
4725
4698
4711
4741
4726
4816
4886
4883
4885
4885
4885
4898
4959
4965
4965
4869
4859
4871
4871
4881
4949
5031
5007
5065
5095
5096
5151
5046
5035
5058
5144
5102
5101
5049
4999
5004
5004
4943
4919
4837
4876
4877
4937
4876
4826
4829
4777
4834
4808
4838
4903
4932
4932
5078
5014
5016
5036
5092
5032
5014
5058
4971
4971
5038
4954
4907
4994
4994
4994
5018
4957
5015
4927
4925
4925
4903
4843
4927
4881
4823
4796
4796
4796
4786
4795
4769
4792
4757
4757
4758
4801
4786
4822
4822
4842
4842
4841
4824
4782
4809
4808
4744
4773
4785
4785
4822
4874
4882
4992
4964
4989
4950
4969
5010
5033
5019
5016
5009
4995
4988
5030
5033
5018
5018
5018
5018
4961
5060
5007
5070
5031
5036
4983
4983
4981
5056
5028
4985
4956
4928
4928
4969
4977
4977
5027
4950
4940
4940
4942
4924
4887
4838
4874
4803
4838
4831
4831
4857
4867
4922
4951
4888
4887
4872
4898
4874
4893
4917
4969
4969
4919
4902
4862
4799
4799
4701
4720
4717
4753
4678
4681
4724
4656
4673
4647
4665
4653
4672
4694
4694
4758
4821
4773
4771
4771
4756
4751
4770
4754
4780
4784
4830
4886
4928
4892
4891
4939
4904
4988
4929
4929
4926
4939
4903
4918
4953
4954
4973
5003
4942
4983
4927
4927
5003
5006
4997
4991
4989
4942
4919
4890
4922
4878
4878
4838
4877
4773
4767
4746
4787
4780
4835
4878
4901
4992
4970
4968
4950
4950
4974
4974
4975
4975
4927
4898
4891
4825
4802
4793
4808
4822
4852
4818
4807
4807
4837
4815
4903
4875
4845
4794
4874
4925
4862
4904
4905
4898
4992
4917
4922
4902
4902
4877
4834
4840
4848
4836
4863
4947
4975
4982
4964
4857
4832
4817
4815
4815
4805
4805
4805
4852
4740
4837
4833
4833
4734
4639
4653
4693
4693
4677
4723
4761
4706
4777
4744
4676
4707
4707
4607
4629
4629
4657
4627
4627
4642
4710
4619
4622
4601
4646
4641
4652
4706
4712
4745
4738
4738
4732
4653
4761
4796
4726
4767
4771
4799
4767
4776
4771
4835
4803
4794
4746
4708
4618
4632
4622
4614
4693
4776
4810
4809
4764
4759
4788
4791
4773
4806
4783
4772
4790
4793
4793
4793
4770
4783
4762
4762
4717
4750
4727
4698
4750
4750
4757
4786
4830
4789
4847
4865
4876
4856
4896
4903
4898
4893
4957
4940
5004
4957
4972
4899
4918
4843
4831
4896
4916
4946
4897
4963
4857
4872
4877
4826
4868
4806
4824
4820
4820
4797
4723
4671
4671
4696
4696
4757
4768
4774
4854
4836
4816
4746
4746
4794
4728
4767
4848
4858
4804
4808
4815
4819
4754
4711
4778
4784
4818
4837
4827
4734
4684
4722
4717
4721
4700
4670
4694
4638
4761
4746
4734
4830
4822
4790
4790
4829
4785
4781
4793
4756
4795
4833
4857
4821
4817
4789
4756
4800
4769
4753
4777
4846
4857
4833
4867
4812
4831
4796
4804
4869
4830
4830
4881
4794
4770
4798
4832
4798
4823
4832
4861
4811
4889
4818
4779
4760
4794
4794
4794
4794
4802
4745
4760
4747
4743
4607
4607
4624
4730
4746
4794
4800
4810
4911
4933
5029
5063
5036
4980
4917
4919
4870
4868
4927
4987
4987
4966
4991
4987
5061
5103
4986
4971
4989
5015
5051
5075
4995
4976
4994
4994
5044
5061
5062
5062
5062
5016
5059
5050
4953
4886
4900
4929
4882
4879
4879
4943
4943
4897
4959
5002
5002
5015
5020
5018
5041
5033
4994
5001
5016
4984
4958
4977
4984
4982
5035
5038
4993
4953
4994
4925
4912
4986
4945
4938
4938
4964
4933
4933
4918
4914
4915
4866
4866
4875
4934
4874
4864
4956
4920
4886
4886
4906
4846
4839
4800
4891
4928
4949
5029
5008
4908
4912
4909
4903
4890
4853
4834
4771
4771
4808
4808
4797
4797
4794
4763
4740
4720
4711
4711
4698
4700
4761
4801
4884
4884
4884
4923
4923
4923
4923
4982
4966
4943
5029
5017
5024
4916
4927
4965
4940
4898
4957
4957
4969
4987
5020
5061
5047
5049
5068
4958
4932
4894
4930
4961
4848
4887
4845
4802
4832
4850
4862
4948
4973
4911
4907
4904
4905
4910
4901
4909
4938
4948
5033
4987
5007
5008
5008
4983
4983
5009
4994
5016
4991
4934
5012
5012
5007
4985
4985
4971
4994
4983
4863
4933
4887
4915
4919
4956
4939
4939
4929
4905
4827
4827
4817
4836
4815
4863
4822
4883
4803
4799
4837
4793
4793
4913
4966
4971
4945
4891
4907
4875
4916
4903
4903
4958
4988
4988
4904
4904
4896
4886
4886
4898
4898
4898
4933
4933
4922
4933
4905
4905
4890
4972
4972
4954
4967
4964
4980
4945
4972
5046
5039
5049
5051
4968
4968
4957
4956
4981
5000
5045
5027
5038
4935
4847
4835
4850
4838
4834
4832
4884
4884
4828
4913
4913
4961
4961
4961
4929
4995
4915
4915
4984
4923
4891
4949
4979
4959
4917
4944
4897
4858
4848
4876
4876
4879
4930
4930
4974
4974
4969
4969
4930
4874
4874
4868
4890
4890
4873
4784
4793
4807
4845
4878
4878
4850
4856
4728
4794
4831
4885
4853
4955
5001
4957
4935
4848
4817
4728
4728
4759
4727
4719
4863
4902
4913
4947
5026
4979
4954
4868
4822
4739
4778
4757
4757
4727
4781
4807
4786
4846
4845
4837
4909
4929
4985
5016
4993
4898
4962
4971
4942
4922
4922
5020
5035
5008
4991
4887
4881
4881
4934
4839
4900
4940
4940
4858
4923
4950
4969
4905
4963
4901
4893
4893
4881
4891
4865
4865
4924
4864
4832
4832
4831
4902
4927
4895
4963
4991
5021
5012
4979
4883
4906
4833
4801
4888
4815
4859
4896
4896
4909
4900
4858
4865
4752
4752
4817
4823
4830
4878
4940
4984
4936
4973
4892
4865
4928
4970
5020
5020
5047
5078
5065
4970
4918
4892
4942
5031
4954
4913
4938
4938
4865
4846
4886
4800
4845
4907
4918
4882
4900
4950
4924
4993
5012
4938
4930
4963
4992
4940
4900
4910
4889
4873
4873
4850
4866
4866
4871
4867
4885
4916
4965
4897
4900
4919
4949
5001
5019
4965
4977
4970
4984
4930
4906
4892
4827
4871
4763
4760
4760
4743
4782
4792
4777
4894
4923
4939
4939
4831
4847
4836
4735
4762
4783
4805
4841
4752
4697
4609
4605
4691
4661
4684
4719
4724
4739
4764
4817
4869
4916
4912
4912
4776
4778
4793
4705
4667
4608
4673
4727
4801
4807
4794
4816
4798
4733
4724
4726
4706
4716
4788
4756
4734
4739
4688
4766
4761
4764
4766
4810
4777
4903
4856
4853
4865
4800
4866
4811
4758
4811
4811
4817
4817
4731
4698
4681
4705
4725
4698
4736
4666
4662
4666
4715
4704
4699
4695
4722
4733
4739
4751
4796
4805
4987
4896
4875
4966
4966
4997
4948
4966
4966
5050
5014
5001
4932
4918
4859
4866
4941
4967
4957
4977
5036
5047
5074
5055
5065
5081
5060
5061
4942
4957
4927
4970
4982
5012
4982
4976
4961
4987
4953
4978
4899
4931
4889
4903
4906
4954
4964
4942
4936
4971
4821
4823
4869
4869
4863
4863
4913
4858
4871
4812
4874
4827
4829
4838
4892
4940
4984
4950
4895
4895
4856
4901
4924
4953
5061
5016
4959
4941
4978
4967
4943
4935
4957
4875
4887
4876
4806
4811
4898
4899
4899
4806
4843
4804
4812
4810
4842
4844
4844
4774
4774
4709
4705
4701
4726
4765
4717
4714
4743
4751
4699
4708
4749
4707
4688
4602
4632
4669
4614
4663
4633
4690
4690
4714
4765
4765
4785
4794
4863
4885
4885
4895
4803
4774
4774
4771
4742
4693
4681
4726
4677
4759
4842
4851
4869
4872
4974
5031
4999
5003
4992
4916
5018
4961
4930
4903
4888
4948
4830
4821
4843
4815
4805
4849
4897
4925
4866
4768
4786
4723
4714
4755
4771
4829
4790
4796
4804
4713
4764
4738
4800
4775
4775
4762
4762
4808
4834
4856
4822
4901
4937
4852
4789
4753
4723
4728
4667
4678
4640
4675
4671
4696
4723
4726
4723
4711
4711
4786
4857
4851
4891
4932
4972
5017
5048
5004
4879
4812
4855
4804
4840
4813
4755
4763
4744
4722
4722
4779
4779
4804
4778
4918
4930
4824
4806
4805
4763
4763
4784
4853
4870
4877
4853
4911
4900
4900
4892
4880
4785
4810
4756
4662
4662
4662
4725
4812
4762
4730
4754
4789
4753
4717
4717
4692
4701
4701
4831
4758
4740
4746
4746
4741
4734
4767
4794
4801
4801
4800
4776
4744
4709
4735
4717
4663
4666
4736
4734
4750
4770
4806
4817
4795
4763
4784
4865
4797
4755
4819
4800
4718
4754
4691
4691
4700
4608
4608
4589
4560
4582
4567
4583
4698
4673
4778
4699
4695
4681
4632
4645
4634
4676
4680
4657
4708
4714
4663
4753
4666
4666
4663
4677
4651
4669
4675
4675
4656
4739
4734
4683
4667
4664
4700
4750
4850
4768
4832
4833
4764
4775
4790
4849
4806
4842
4876
4769
4774
4781
4796
4846
4816
4792
4701
4781
4781
4756
4782
4797
4739
4752
4752
4758
4745
4816
4780
4755
4757
4732
4724
4709
4843
4843
4910
4864
4933
4932
4957
4862
4808
4836
4860
4828
4790
4797
4768
4802
4849
4914
4889
4858
4882
4912
4912
4926
4840
4859
4859
4867
4802
4708
4708
4729
4703
4703
4795
4854
4797
4797
4795
4801
4816
4773
4747
4728
4721
4802
4802
4903
4903
4923
4923
4855
4802
4718
4756
4790
4739
4739
4826
4753
4750
4817
4863
4834
4853
4843
4843
4843
4844
4864
4914
4919
4926
4948
5051
5022
5022
4896
4896
4929
4918
4864
4820
4840
4845
4813
4806
4795
4751
4769
4762
4766
4715
4715
4715
4847
4867
4867
4823
4823
4806
4764
4763
4763
4793
4849
4875
4838
4783
4733
4781
4795
4832
4746
4746
4746
4754
4800
4750
4747
4747
4741
4748
4692
4674
4665
4694
4694
4679
4727
4788
4757
4757
4724
4820
4820
4784
4803
4797
4906
4886
4880
4880
4847
4811
4811
4794
4707
4653
4628
4603
4667
4617
4617
4689
4774
4803
4798
4888
4845
4838
4868
4810
4810
4761
4761
4759
4802
4795
4749
4900
4854
4854
4826
4810
4815
4831
4805
4888
4823
4844
4844
4815
4820
4820
4868
4851
4859
4821
4821
4835
4880
4879
4910
4892
4962
4949
4990
4985
4989
4980
4922
4873
4957
4953
4875
4875
4875
4880
4913
4955
4997
4986
4986
4992
4992
4998
5001
5022
5029
5011
4973
4900
4906
4906
4882
4882
4882
4807
4814
4800
4800
4755
4735
4714
4726
4744
4739
4750
4745
4745
4745
4769
4748
4793
4805
4799
4799
4800
4800
4858
4865
4820
4845
4861
4791
4816
4835
4799
4742
4770
4786
4796
4797
4797
4847
4822
4768
4822
4870
4870
4911
4941
4908
4932
4931
4979
4979
4987
4987
4960
4961
4922
4815
4882
4882
4829
4829
4826
4873
4885
4957
4975
4997
4977
4890
4890
4857
4801
4739
4739
4758
4713
4678
4700
4679
4681
4662
4658
4670
4672
4693
4665
4750
4768
4764
4872
4813
4910
4888
4891
4795
4778
4779
4806
4790
4830
4789
4790
4794
4794
4766
4766
4766
4766
4797
4797
4770
4770
4731
4756
4733
4733
4733
4763
4756
4846
4830
4796
4796
4803
4827
4977
4879
4898
4922
4944
4989
4944
4976
4968
4989
5094
5085
5185
5132
5132
5184
5110
5110
5071
5051
5095
5143
5106
5134
5084
5126
5101
5121
5055
4986
4986
4927
4857
4891
4932
4932
4921
4941
4944
4918
4944
4944
4922
4881
4943
5021
5041
5020
5058
5002
4907
4859
4836
4742
4742
4827
4891
4954
4954
4991
5019
5003
4954
4901
4898
4882
4816
4820
4869
4847
4770
4796
4823
4844
4785
4757
4800
4846
4829
4826
4826
4833
4776
4807
4829
4804
4836
4940
4983
5014
4921
4861
4954
5025
5007
4942
4989
4935
4939
4933
4884
4855
4803
4836
4798
4766
4700
4652
4711
4690
4674
4702
4798
4855
4869
4974
4940
4976
4920
4946
4919
4898
4895
4836
4814
4814
4814
4751
4814
4820
4723
4710
4725
4719
4706
4706
4749
4724
4787
4778
4795
4804
4828
4828
4926
4901
4768
4828
4837
4799
4849
4746
4743
4675
4750
4750
4741
4788
4730
4696
4696
4782
4782
4832
4832
4851
4900
4851
4814
4749
4749
4746
4773
4744
4768
4711
4764
4764
4746
4784
4795
4831
4809
4761
4750
4819
4819
4872
4819
4854
4956
4959
4865
4837
4787
4867
4815
4800
4679
4679
4682
4704
4782
4790
4763
4754
4875
4850
4781
4726
4726
4694
4761
4814
4798
4703
4617
4683
4780
4844
4844
4765
4737
4714
4714
4766
4782
4844
4794
4748
4793
4756
4741
4755
4749
4735
4744
4800
4815
4828
4789
4825
4825
4844
4826
4906
4874
4861
4915
4871
4853
4796
4849
4903
4909
4952
5027
4965
4993
4971
4985
4959
4990
4882
4916
5012
5009
5071
4994
4988
5004
5045
5091
5013
5045
5045
5037
5006
4875
4926
4880
4854
4885
4954
4984
5040
4932
4985
4996
4992
5041
5041
5039
4999
4961
4961
4926
4956
4966
4956
4935
4956
4882
4847
4847
4809
4851
4851
4851
4841
4834
4847
4817
4809
4814
4841
4935
4853
4834
4766
4766
4766
4744
4732
4732
4711
4722
4671
4700
4676
4625
4686
4636
4614
4569
4569
4587
4622
4663
4703
4687
4687
4642
4671
4646
4613
4587
4606
4613
4654
4616
4643
4630
4700
4745
4795
4781
4769
4801
4792
4760
4734
4742
4788
4796
4779
4779
4808
4735
4735
4743
4759
4743
4784
4818
4803
4768
4768
4774
4735
4818
4795
4885
4881
4922
4873
4798
4798
4816
4797
4811
4811
4783
4794
4801
4801
4804
4797
4797
4783
4771
4771
4749
4793
4849
4826
4879
4885
4804
4755
4742
4756
4791
4708
4723
4733
4713
4685
4676
4684
4750
4823
4772
4851
4824
4874
4875
4774
4783
4819
4833
4775
4863
4880
4835
4865
4824
4877
4877
4939
4954
4907
4958
4963
5033
5024
5008
4999
4940
4970
4896
4949
4942
4882
4874
4912
4870
5012
5012
5008
4988
4939
4939
4932
4935
5012
5036
5026
4993
4931
4931
4881
4881
4889
4783
4755
4800
4825
4898
4934
4934
4901
4840
4929
4878
4892
4910
4922
4931
4933
4903
4955
4985
4936
4915
4840
4810
4714
4674
4667
4667
4667
4719
4705
4785
4666
4704
4726
4726
4736
4727
4820
4884
4864
4858
4839
4898
4878
4866
4793
4793
4793
4793
4800
4853
4824
4892
4895
4831
4831
4796
4764
4764
4793
4789
4820
4773
4745
4745
4824
4768
4724
4724
4676
4742
4715
4717
4667
4660
4724
4729
4779
4817
4790
4756
4901
4950
4989
4973
4890
4853
4714
4725
4727
4780
4882
4874
4804
4804
4867
4859
4867
4887
4951
4915
4911
5021
5021
5052
5001
4944
4944
4976
4904
4919
4815
4779
4844
4861
4850
4857
4879
4858
4873
4873
4804
4804
4817
4827
4754
4821
4925
4931
4901
4893
4870
4873
4903
4873
4804
4804
4832
4866
4853
4879
4910
4961
4914
4927
4925
4930
4954
4916
4853
4905
4905
4887
4971
4923
4887
4888
4942
4858
4911
4899
4930
4973
4973
4981
4981
5035
5030
4985
5081
5109
5114
5087
5077
5048
5075
5121
5128
5157
5119
5102
5051
4959
4927
4882
4874
4798
4757
4730
4730
4809
4879
4838
4851
4919
4899
4899
4916
4916
4936
4922
4902
4886
4879
4831
4881
4887
4947
4947
4915
4938
4869
4846
4780
4748
4744
4744
4774
4774
4793
4808
4828
4763
4773
4832
4681
4785
4785
4798
4821
4854
4756
4707
4790
4774
4692
4742
4742
4740
4740
4739
4775
4765
4765
4743
4804
4768
4779
4820
4828
4749
4726
4748
4748
4681
4696
4706
4738
4738
4829
4829
4814
4802
4810
4869
4846
4877
4879
4957
4931
4924
4924
4848
4816
4780
4754
4734
4742
4756
4691
4734
4726
4709
4694
4674
4727
4757
4785
4914
4884
4817
4817
4820
4808
4880
4892
4817
4831
4899
4907
4791
4828
4816
4780
4816
4784
4776
4779
4779
4854
4854
4809
4757
4703
4650
4650
4677
4680
4666
4696
4711
4717
4726
4727
4665
4641
4615
4579
4540
4562
4562
4567
4515
4674
4658
4657
4649
4649
4708
4710
4726
4735
4735
4693
4720
4720
4751
4786
4858
4824
4824
4757
4691
4607
4607
4607
4663
4663
4672
4678
4677
4677
4644
4685
4714
4749
4722
4806
4795
4862
4853
4782
4779
4808
4860
4815
4865
4865
4862
4819
4810
4877
4907
4837
4832
4787
4813
4837
4869
4840
4803
4803
4873
4833
4833
4751
4741
4744
4704
4796
4837
4777
4783
4783
4800
4824
4855
4895
4848
4836
4869
4863
4898
4795
4808
4808
4778
4778
4762
4762
4822
4925
4999
4999
4940
4908
4830
4830
4830
4830
4879
4842
4839
4777
4851
4851
4831
4757
4783
4752
4845
4852
4855
4825
4802
4879
4879
4877
4880
4873
4873
4867
4866
4809
4824
4772
4691
4658
4655
4676
4644
4662
4662
4658
4658
4679
4679
4745
4747
4745
4720
4748
4819
4745
4716
4755
4755
4845
4868
4868
4915
4889
4800
4783
4783
4887
4865
4900
4996
4961
4911
4896
4870
4902
4924
4942
4880
4867
4832
4832
4796
4741
4724
4774
4705
4785
4823
4769
4769
4779
4809
4809
4781
4757
4724
4724
4724
4717
4749
4737
4741
4798
4781
4847
4753
4764
4811
4819
4812
4822
4846
4789
4785
4773
4714
4714
4687
4687
4687
4743
4793
4771
4748
4716
4716
4680
4647
4647
4732
4717
4666
4728
4728
4832
4849
4849
4818
4778
4778
4757
4757
4752
4752
4803
4833
4860
4820
4816
4877
4904
4893
4845
4853
4867
4830
4858
4858
4876
4828
4868
4874
4902
4929
4876
4907
4898
4897
4830
4830
4799
4827
4845
4927
4886
4937
4930
5015
5015
4923
4931
4928
4974
4974
5066
5047
4967
4957
4901
4965
4918
4913
4913
4932
4880
4885
4870
4840
4840
4808
4801
4845
4837
4904
4904
4905
4910
4909
4923
4884
4858
4893
4885
4904
4904
4935
5020
4994
4975
4912
4824
4856
4803
4792
4796
4758
4770
4758
4780
4780
4781
4781
4798
4878
4814
4814
4834
4834
4775
4801
4770
4801
4748
4740
4729
4736
4808
4818
4818
4867
4881
4924
4984
4984
5019
5019
4965
5014
4948
4889
4855
4740
4773
4819
4819
4825
4795
4758
4710
4710
4663
4663
4713
4703
4703
4678
4798
4798
4768
4810
4791
4791
4781
4817
4666
4666
4702
4668
4668
4676
4743
4741
4740
4737
4737
4671
4687
4682
4682
4666
4702
4702
4712
4668
4665
4620
4620
4665
4639
4661
4648
4618
4598
4587
4592
4610
4637
4637
4637
4637
4759
4689
4695
4718
4699
4671
4664
4669
4678
4657
4611
4672
4637
4708
4708
4659
4659
4665
4765
4759
4759
4767
4706
4719
4681
4678
4678
4578
4578
4704
4680
4679
4752
4791
4795
4763
4763
4739
4739
4683
4683
4745
4746
4745
4745
4731
4711
4771
4771
4724
4759
4746
4853
4811
4800
4800
4800
4784
4727
4674
4667
4667
4713
4698
4656
4656
4640
4640
4704
4704
4799
4790
4785
4779
4767
4866
4912
4912
4908
4908
4910
4831
4842
4861
4861
4888
4813
4720
4772
4836
4788
4775
4752
4691
4720
4780
4827
4786
4786
4783
4791
4804
4807
4841
4818
4833
4789
4743
4724
4722
4675
4653
4620
4626
4608
4588
4588
4609
4578
4568
4568
4557
4523
4529
4614
4624
4675
4654
4654
4673
4673
4673
4672
4725
4707
4700
4687
4687
4687
4711
4724
4707
4731
4724
4773
4794
4712
4712
4712
4749
4769
4838
4784
4780
4780
4780
4802
4720
4737
4733
4728
4697
4763
4806
4780
4842
4881
4874
4776
4803
4776
4730
4769
4769
4769
4875
4868
4820
4812
4800
4800
4800
4839
4837
4753
4753
4759
4830
4877
4877
4830
4835
4860
4830
4788
4802
4717
4719
4719
4719
4740
4798
4796
4741
4741
4799
4799
4753
4804
4800
4817
4765
4768
4768
4709
4783
4783
4817
4817
4817
4817
4811
4834
4775
4766
4811
4811
4768
4753
4766
4774
4753
4753
4756
4763
4771
4771
4780
4815
4810
4846
4846
4845
4848
4852
4886
4886
4886
4948
4945
4953
4924
4837
4839
4839
4839
4839
4816
4854
4877
4871
4883
4883
4877
4863
4863
4863
4863
4892
4926
4922
4945
4941
4899
4878
4897
4920
4934
5002
4971
4925
4911
4847
4892
4845
4845
4871
4844
4924
4924
4912
4897
4901
4901
4902
4933
4953
4949
4897
4916
4941
4941
4947
4885
4849
4831
4819
4826
4826
4861
4870
4859
4859
4792
4849
4805
4805
4777
4794
4766
4681
4723
4732
4790
4790
4793
4775
4806
4744
4744
4744
4704
4707
4674
4704
4704
4659
4750
4745
4750
4779
4780
4747
4839
4855
4849
4877
4877
4877
4877
4887
4848
4908
4886
4890
4909
4893
4858
4901
4887
4815
4828
4822
4783
4785
4785
4802
4786
4752
4823
4881
4862
4846
4861
4830
4838
4838
4786
4816
4795
4742
4738
4701
4713
4809
4856
4835
4871
4944
5025
5016
5016
4984
4994
4994
5133
5097
5104
5069
5001
4973
4890
4941
4876
4907
4990
4931
4829
4829
4756
4756
4869
4824
4824
4820
4879
4890
4839
4782
4782
4795
4795
4795
4795
4795
4761
4758
4758
4758
4680
4680
4711
4737
4814
4814
4774
4772
4772
4835
4843
4773
4837
4872
4789
4901
4890
4882
4891
4883
4883
4883
4870
4899
4899
4820
4846
4688
4587
4589
4614
4614
4678
4657
4695
4680
4699
4765
4765
4790
4829
4829
4835
4835
4875
4835
4937
4922
4923
4910
4884
4850
4874
4905
4905
4860
4860
4790
4790
4867
4867
4831
4833
4870
4909
5004
5004
4954
4923
4903
4838
4889
4799
4806
4806
4806
4806
4823
4854
4891
4906
4796
4789
4791
4806
4784
4798
4798
4798
4798
4788
4703
4703
4724
4686
4693
4671
4671
4671
4671
4671
4676
4671
4713
4713
4669
4669
4632
4665
4745
4763
4783
4787
4787
4759
4773
4809
4801
4801
4827
4827
4820
4820
4867
4837
4812
4812
4824
4942
4942
4828
4822
4847
4793
4793
4789
4834
4808
4789
4780
4780
4813
4812
4761
4800
4800
4782
4869
4869
4928
4928
4933
4869
4812
4823
4757
4814
4774
4733
4766
4769
4726
4687
4771
4819
4819
4805
4805
4805
4874
4883
4801
4833
4779
4868
4868
4779
4779
4749
4743
4641
4650
4647
4634
4679
4679
4671
4681
4732
4711
4711
4711
4711
4711
4684
4707
4705
4688
4694
4632
4646
4646
4707
4673
4598
4592
4592
4592
4592
4595
4595
4595
4587
4587
4587
4656
4656
4668
4630
4653
4620
4693
4711
4711
4712
4721
4725
4725
4725
4725
4734
4750
4769
4700
4726
4713
4731
4715
4715
4715
4708
4718
4733
4746
4746
4743
4741
4741
4802
4802
4786
4814
4802
4782
4776
4776
4776
4776
4752
4743
4730
4758
4732
4732
4731
4762
4860
4839
4818
4870
4870
4907
4907
4940
4954
4887
4946
4937
4929
4919
4905
4863
4902
4902
4813
4780
4782
4807
4807
4748
4828
4807
4814
4814
4769
4769
4769
4852
4816
4798
4882
4909
4885
4829
4825
4763
4762
4762
4734
4719
4676
4651
4667
4677
4582
4582
4582
4582
4582
4577
4706
4706
4818
4839
4770
4722
4799
4814
4814
4916
4935
4901
4850
4858
4834
4814
4822
4819
4819
4939
4917
4904
4897
4906
4936
4936
4934
4919
4907
4847
4809
4809
4922
4886
4929
4891
4846
4840
4884
4870
4870
4870
4838
4831
4831
4825
4829
4880
4819
4866
4848
4836
4831
4831
4830
4797
4775
4711
4667
4667
4707
4660
4660
4688
4655
4655
4655
4655
4655
4655
4627
4627
4627
4627
4683
4696
4683
4689
4689
4671
4643
4625
4625
4574
4550
4550
4548
4604
4593
4593
4627
4560
4560
4540
4556
4556
4583
4567
4543
4543
4541
4517
4500
4555
4531
4531
4659
4607
4607
4606
4595
4597
4597
4597
4597
4592
4592
4615
4554
4577
4577
4577
4577
4664
4659
4690
4583
4647
4632
4619
4691
4691
4691
4691
4678
4678
4683
4653
4653
4653
4618
4559
4559
4542
4542
4542
4566
4566
4519
4580
4533
4530
4542
4614
4614
4610
4599
4599
4645
4643
4643
4646
4646
4646
4646
4646
4689
4689
4728
4709
4717
4717
4720
4736
4669
4633
4633
4620
4635
4665
4665
4679
4679
4772
4863
4904
4858
4833
4844
4825
4767
4767
4747
4757
4757
4738
4726
4677
4708
4708
4656
4669
4669
4669
4654
4721
4686
4625
4668
4632
4632
4632
4632
4523
4609
4604
4654
4666
4719
4708
4718
4642
4673
4673
4658
4638
4651
4651
4636
4636
4636
4678
4678
4688
4740
4737
4768
4801
4847
4876
4876
4914
4889
4822
4857
4843
4885
4810
4819
4862
4824
4806
4806
4806
4806
4773
4773
4789
4808
4808
4780
4757
4757
4746
4746
4749
4749
4749
4730
4775
4780
4780
4766
4761
4714
4692
4695
4745
4750
4740
4706
4706
4707
4707
4715
4715
4733
4812
4809
4745
4786
4786
4786
4799
4734
4734
4734
4689
4689
4723
4723
4698
4698
4670
4670
4774
4774
4821
4693
4693
4695
4721
4766
4748
4748
4745
4771
4771
4740
4724
4763
4746
4746
4746
4746
4746
4790
4790
4839
4851
4857
4860
4886
4795
4870
4828
4791
4848
4848
4848
4870
4870
4901
4865
4865
4870
4826
4779
4808
4809
4774
4837
4806
4839
4836
4836
4824
4837
4835
4827
4827
4827
4735
4735
4735
4724
4724
4724
4754
4754
4754
4761
4761
4750
4750
4778
4782
4782
4789
4789
4793
4732
4732
4723
4728
4728
4715
4729
4729
4737
4777
4759
4763
4776
4735
4688
4688
4682
4702
4707
4678
4711
4721
4720
4679
4679
4716
4721
4743
4743
4790
4830
4830
4830
4851
4866
4879
4845
4845
4845
4803
4813
4809
4845
4840
4840
4840
4784
4738
4738
4684
4684
4684
4684
4734
4746
4736
4736
4741
4714
4713
4756
4749
4749
4740
4730
4683
4683
4624
4656
4670
4696
4664
4645
4645
4645
4659
4659
4656
4603
4624
4624
4624
4615
4587
4587
4601
4614
4614
4614
4622
4597
4597
4581
4558
4558
4558
4558
4550
4566
4572
4572
4572
4578
4578
4578
4581
4608
4608
4629
4615
4598
4598
4606
4633
4633
4690
4699
4699
4699
4741
4711
4790
4790
4800
4800
4800
4829
4847
4861
4884
4867
4867
4861
4843
4774
4752
4768
4664
4721
4732
4732
4732
4785
4721
4716
4716
4716
4751
4760
4733
4681
4681
4681
4681
4681
4628
4674
4674
4675
4675
4675
4715
4715
4728
4723
4757
4757
4757
4706
4695
4695
4730
4752
4726
4678
4702
4746
4746
4717
4715
4643
4638
4672
4664
4664
4663
4663
4639
4639
4676
4679
4683
4683
4653
4653
4653
4716
4716
4724
4724
4690
4709
4730
4761
4740
4740
4740
4723
4775
4775
4775
4754
4747
4735
4735
4704
4680
4680
4680
4652
4599
4592
4689
4665
4675
4671
4675
4664
4602
4602
4579
4579
4579
4579
4579
4551
4551
4551
4551
4632
4678
4628
4628
4628
4599
4606
4606
4609
4613
4613
4613
4587
4587
4587
4587
4602
4603
4690
4674
4667
4723
4723
4723
4723
4702
4671
4665
4662
4662
4662
4662
4699
4743
4743
4752
4693
4666
4666
4666
4666
4669
4674
4674
4674
4674
4702
4679
4623
4623
4639
4661
4661
4661
4653
4672
4672
4771
4728
4682
4698
4696
4703
4703
4691
4697
4696
4696
4666
4694
4679
4679
4681
4629
4629
4629
4606
4611
4611
4686
4686
4701
4653
4627
4627
4685
4703
4724
4724
4734
4714
4714
4691
4744
4721
4711
4646
4664
4664
4664
4640
4719
4677
4746
4706
4638
4621
4621
4605
4650
4650
4663
4663
4663
4663
4663
4665
4678
4678
4660
4660
4660
4660
4714
4712
4712
4747
4739
4718
4718
4751
4774
4803
4781
4744
4741
4741
4760
4686
4652
4661
4661
4677
4740
4669
4669
4669
4665
4665
4660
4699
4702
4642
4639
4639
4636
4636
4669
4669
4689
4689
4689
4663
4607
4607
4631
4660
4656
4695
4612
4655
4671
4653
4653
4682
4689
4648
4632
4632
4617
4617
4608
4607
4617
4617
4631
4631
4631
4615
4615
4648
4657
4663
4662
4604
4635
4635
4662
4636
4586
4586
4586
4606
4573
4573
4573
4559
4559
4559
4569
4563
4609
4609
4609
4621
4602
4602
4602
4614
4622
4618
4738
4750
4698
4698
4677
4677
4677
4559
4559
4559
4559
4561
4561
4543
4583
4583
4577
4577
4590
4590
4624
4594
4617
4617
4594
4594
4594
4594
4597
4561
4573
4573
4643
4643
4652
4671
4635
4694
4697
4696
4690
4633
4691
4723
4723
4704
4704
4779
4747
4747
4753
4724
4742
4742
4742
4742
4715
4658
4658
4658
4658
4690
4712
4712
4712
4712
4640
4641
4641
4641
4641
4597
4588
4597
4560
4612
4633
4618
4618
4618
4669
4593
4593
4553
4588
4627
4617
4617
4617
4652
4662
4664
4664
4664
4678
4678
4643
4599
4608
4556
4554
4554
4554
4554
4554
4554
4540
4580
4550
4563
4629
4599
4599
4583
4583
4583
4583
4570
4565
4610
4638
4633
4633
4618
4618
4611
4604
4617
4667
4643
4643
4647
4647
4630
4598
4598
4614
4654
4654
4654
4630
4630
4630
4658
4656
4630
4630
4683
4590
4642
4642
4642
4642
4642
4653
4744
4648
4623
4664
4632
4636
4636
4667
4654
4654
4667
4667
4583
4608
4616
4616
4659
4662
4642
4592
4592
4633
4694
4711
4703
4681
4686
4684
4684
4684
4684
4690
4690
4690
4690
4690
4654
4670
4726
4726
4673
4716
4716
4716
4716
4648
4704
4607
4578
4556
4521
4574
4574
4531
4531
4531
4531
4539
4539
4622
4624
4646
4646
4706
4764
4811
4811
4777
4777
4781
4729
4638
4695
4695
4653
4596
4596
4596
4596
4596
4591
4591
4591
4539
4545
4507
4544
4553
4587
4565
4565
4565
4565
4505
4522
4551
4534
4484
4498
4528
4519
4546
4525
4525
4551
4551
4551
4529
4518
4496
4496
4524
4521
4521
4521
4504
4504
4511
4511
4511
4511
4504
4453
4480
4460
4418
4394
4394
4397
4397
4458
4439
4445
4445
4445
4448
4448
4400
4400
4400
4475
4436
4436
4436
4436
4436
4457
4469
4469
4496
4468
4527
4526
4510
4510
4510
4510
4536
4536
4536
4536
4536
4535
4537
4537
4537
4543
4541
4500
4500
4500
4472
4472
4472
4472
4472
4472
4472
4472
4472
4472
4470
4454
4509
4506
4506
4487
4487
4487
4444
4492
4526
4542
4529
4584
4584
4584
4584
4584
4584
4596
4630
4630
4649
4697
4713
4713
4694
4694
4694
4647
4647
4647
4583
4588
4588
4588
4588
4588
4588
4612
4612
4556
4555
4555
4534
4500
4512
4516
4516
4561
4517
4517
4525
4543
4543
4543
4543
4523
4547
4540
4471
4471
4471
4471
4471
4471
4471
4493
4493
4493
4493
4493
4493
4493
4493
4506
4512
4573
4563
4563
4596
4574
4574
4478
4478
4486
4487
4487
4479
4479
4501
4501
4509
4550
4550
4565
4565
4565
4571
4571
4580
4580
4578
4572
4572
4566
4566
4586
4586
4626
4635
4635
4600
4644
4644
4671
4656
4667
4670
4670
4670
4684
4684
4684
4680
4664
4669
4712
4730
4730
4746
4736
4721
4696
4769
4773
4782
4782
4774
4827
4753
4753
4731
4731
4701
4701
4759
4691
4691
4679
4679
4679
4650
4643
4643
4643
4653
4653
4653
4653
4665
4665
4665
4583
4601
4643
4643
4651
4629
4653
4653
4671
4671
4684
4684
4685
4696
4686
4685
4675
4663
4663
4658
4658
4628
4619
4588
4598
4570
4570
4578
4578
4578
4578
4595
4595
4595
4595
4595
4617
4589
4589
4554
4554
4554
4552
4552
4552
4552
4552
4552
4657
4657
4640
4623
4623
4558
4558
4558
4558
4558
4558
4558
4543
4565
4583
4633
4630
4630
4630
4633
4633
4650
4647
4647
4647
4647
4647
4662
4662
4682
4682
4672
4672
4718
4696
4664
4664
4636
4647
4647
4678
4703
4713
4713
4693
4693
4740
4727
4749
4774
4809
4795
4806
4780
4710
4714
4648
4682
4669
4663
4680
4680
4680
4728
4728
4700
4700
4700
4751
4751
4751
4751
4721
4721
4685
4609
4609
4609
4609
4607
4607
4677
4637
4564
4564
4571
4571
4571
4560
4595
4598
4605
4584
4597
4597
4591
4600
4579
4532
4532
4532
4532
4567
4576
4576
4604
4604
4604
4565
4574
4573
4579
4579
4579
4574
4527
4527
4529
4529
4529
4530
4532
4532
4532
4526
4526
4526
4497
4497
4497
4497
4497
4472
4472
4472
4472
4470
4470
4470
4503
4469
4443
4443
4449
4426
4426
4426
4368
4393
4409
4409
4409
4409
4409
4409
4409
4426
4426
4426
4426
4426
4426
4426
4426
4412
4412
4412
4412
4412
4412
4412
4412
4412
4412
4412
4412
4412
4412
4412
4412
4412
4371
4372
4334
4334
4334
4334
4349
4349
4355
4379
4379
4362
4363
4363
4410
4410
4449
4428
4418
4376
4376
4384
4384
4408
4408
4408
4423
4423
4381
4381
4381
4364
4364
4364
4364
4364
4364
4364
4424
4405
4405
4416
4416
4416
4418
4418
4471
4471
4471
4538
4538
4538
4538
4548
4618
4618
4618
4649
4649
4561
4561
4529
4524
4551
4551
4551
4554
4554
4554
4554
4561
4565
4565
4533
4533
4533
4533
4533
4533
4503
4518
4518
4501
4501
4525
4494
4494
4452
4440
4440
4440
4440
4440
4498
4498
4498
4508
4508
4471
4469
4469
4469
4469
4469
4469
4486
4486
4486
4491
4468
4468
4468
4468
4468
4468
4493
4493
4468
4468
4468
4468
4468
4468
4473
4473
4467
4496
4504
4504
4504
4526
4526
4575
4570
4570
4535
4535
4535
4535
4552
4552
4522
4522
4522
4526
4507
4455
4455
4455
4455
4460
4423
4427
4427
4427
4467
4439
4458
4446
4446
4414
4414
4414
4414
4414
4422
4417
4414
4414
4414
4441
4428
4449
4407
4407
4407
4406
4406
4406
4406
4406
4406
4406
4425
4462
4405
4405
4405
4405
4405
4452
4452
4452
4453
4453
4400
4417
4429
4429
4429
4429
4429
4429
4414
4414
4412
4379
4379
4379
4383
4383
4383
4397
4397
4397
4397
4397
4397
4397
4409
4409
4409
4399
4399
4399
4399
4412
4412
4412
4407
4403
4403
4403
4403
4403
4403
4403
4403
4403
4403
4403
4403
4403
4403
4403
4403
4405
4403
4403
4403
4403
4431
4431
4431
4431
4431
4431
4430
4448
4439
4460
4460
4460
4452
4473
4473
4473
4473
4473
4473
4473
4486
4486
4441
4441
4441
4391
4374
4374
4374
4374
4315
4315
4315
4315
4315
4315
4305
4305
4305
4276
4309
4302
4273
4273
4358
4358
4358
4358
4358
4358
4358
4430
4499
4508
4508
4508
4508
4519
4519
4459
4461
4461
4461
4558
4578
4495
4493
4493
4494
4527
4527
4527
4541
4518
4518
4518
4518
4518
4575
4575
4585
4538
4426
4411
4411
4377
4382
4382
4399
4399
4399
4399
4410
4406
4381
4430
4430
4430
4430
4404
4404
4404
4404
4404
4404
4392
4420
4431
4419
4419
4419
4419
4400
4400
4395
4395
4395
4393
4393
4393
4393
4393
4339
4339
4339
4339
4339
4407
4407
4407
4407
4407
4407
4407
4407
4407
4407
4407
4407
4407
4431
4431
4431
4431
4431
4431
4431
4431
4431
4431
4431
4431
4431
4431
4405
4405
4405
4405
4387
4352
4352
4352
4352
4352
4352
4352
4352
4346
4346
4346
4346
4346
4346
4345
4345
4345
4345
4345
4387
4366
4366
4366
4444
4444
4444
4435
4407
4407
4416
4416
4416
4416
4416
4416
4416
4435
4386
4386
4364
4364
4364
4364
4364
4364
4364
4364
4364
4364
4364
4364
4364
4364
4364
4364
4364
4364
4387
4387
4387
4387
4387
4333
4333
4305
4305
4305
4305
4305
4344
4344
4344
4345
4345
4345
4347
4347
4385
4385
4385
4399
4395
4386
4386
4363
4363
4363
4363
4363
4363
4354
4344
4344
4370
4370
4370
4425
4384
4384
4381
4381
4356
4356
4356
4318
4318
4318
4318
4318
4318
4312
4312
4312
4312
4312
4312
4312
4312
4323
4323
4323
4323
4323
4323
4313
4313
4313
4282
4282
4282
4282
4282
4282
4282
4282
4282
4282
4282
4284
4280
4289
4289
4289
4289
4328
4328
4328
4328
4328
4328
4335
4297
4297
4297
4297
4330
4330
4330
4330
4344
4344
4334
4334
4334
4344
4344
4344
4344
4349
4347
4347
4347
4303
4318
4318
4318
4318
4318
4318
4318
4318
4318
4274
4274
4274
4274
4274
4274
4274
4266
4267
4267
4267
4267
4267
4271
4271
4300
4300
4300
4300
4300
4300
4300
4274
4274
4285
4285
4285
4285
4285
4285
4285
4285
4285
4285
4297
4297
4299
4302
4305
4305
4305
4305
4304
4304
4304
4304
4304
4304
4304
4304
4304
4304
4333
4333
4332
4358
4358
4348
4333
4356
4354
4354
4354
4354
4354
4357
4357
4357
4357
4357
4357
4357
4334
4334
4334
4334
4334
4372
4372
4351
4351
4351
4351
4351
4351
4338
4338
4338
4338
4338
4307
4307
4307
4307
4307
4307
4307
4307
4308
4289
4289
4289
4289
4289
4289
4272
4272
4272
4272
4272
4272
4272
4272
4272
4272
4267
4267
4287
4287
4287
4287
4320
4320
4320
4310
4310
4310
4310
4310
4310
4309
4309
4309
4309
4309
4309
4309
4309
4309
4309
4309
4309
4309
4309
4311
4306
4306
4306
4300
4289
4289
4289
4289
4289
4289
4289
4289
4289
4289
4289
4289
4289
4289
4289
4289
4276
4276
4276
4282
4282
4269
4269
4269
4269
4269
4269
4269
4269
4269
4269
4269
4265
4265
4265
4265
4265
4276
4276
4276
4276
4276
4276
4276
4276
4276
4276
4276
4276
4276
4276
4276
4276
4278
4270
4270
4270
4270
4270
4270
4270
4270
4270
4270
4270
4270
4270
4270
4270
4270
4270
4270
4270
4267
4267
4258
4258
4258
4258
4258
4258
4258
4258
4258
4258
4258
4258
4258
4304
4304
4304
4304
4304
4304
4304
4304
4304
4304
4304
4304
4304
4304
4304
4304
4304
4323
4323
4307
4297
4303
4303
4298
4280
4280
4293
4293
4293
4293
4293
4293
4293
4293
4293
4293
4293
4293
4293
4293
4293
4289
4289
4289
4289
4292
4292
4292
4292
4292
4292
4292
4292
4292
4292
4332
4326
4320
4327
4316
4328
4328
4328
4370
4356
4356
4356
4356
4356
4356
4397
4397
4397
4397
4397
4397
4409
4411
4411
4411
4411
4387
4387
4372
4372
4372
4381
4381
4381
4381
4381
4381
4393
4421
4421
4421
4328
4328
4328
4328
4328
4328
4328
4328
4328
4328
4327
4327
4327
4327
4327
4327
4327
4327
4327
4327
4327
4327
4327
4327
4327
4327
4327
4327
4327
4327
4327
4327
4327
4327
4327
4327
4327
4327
4327
4327
4327
4327
4327
4327
4327
4327
4327
4327
4327
4327
4327
4327
4327
4327
4327
4327
4327
4327
4327
4327
4327
4327
4327
4327
4329
4329
4329
4329
4329
4329
4329
4329
4329
4329
4329
4329
4372
4424
4424
4424
4424
4413
4397
4397
4397
4397
4357
4357
4357
4357
4357
4357
4357
4357
4357
4357
4357
4394
4401
4395
4396
4396
4396
4364
4338
4338
4338
4338
4338
4326
4326
4326
4326
4326
4326
4326
4326
4326
4326
4326
4326
4326
4326
4326
4317
4317
4317
4330
4324
4314
4314
4314
4314
4314
4314
4314
4314
4314
4314
4314
4314
4314
4314
4314
4314
4314
4314
4314
4314
4314
4314
4314
4314
4314
4314
4314
4314
4314
4314
4304
4304
4304
4304
4304
4304
4304
4304
4304
4286
4286
4286
4286
4286
4286
4286
4274
4274
4274
4274
4274
4274
4274
4274
4274
4274
4274
4274
4274
4300
4300
4300
4300
4300
4300
4300
4300
4300
4300
4300
4300
4304
4304
4304
4304
4304
4304
4303
4303
4303
4303
4303
4303
4303
4303
4305
4305
4305
4305
4305
4305
4305
4305
4305
4305
4305
4292
4292
4292
4292
4292
4292
4292
4292
4292
4287
4286
4286
4286
4286
4286
4288
4288
4288
4288
4288
4288
4282
4282
4282
4282
4292
4292
4292
4286
4286
4286
4286
4286
4304
4304
4313
4313
4313
4313
4335
4335
4335
4335
4311
4311
4311
4311
4311
4311
4311
4311
4311
4311
4311
4311
4311
4297
4297
4297
4297
4297
4247
4247
4247
4247
4247
4247
4247
4247
4247
4247
4247
4238
4238
4238
4238
4238
4238
4238
4238
4238
4238
4238
4234
4234
4219
4219
4219
4219
4219
4219
4219
4219
4219
4219
4219
4219
4219
4219
4219
4219
4219
4203
4203
4203
4203
4203
4203
4203
4203
4203
4203
4203
4203
4216
4216
4216
4216
4216
4216
4216
4223
4223
4223
4223
4223
4223
4223
4223
4223
4223
4223
4223
4223
4223
4223
4223
4223
4223
4223
4223
4223
4223
4216
4216
4216
4216
4216
4216
4216
4216
4216
4216
4216
4217
4217
4217
4217
4217
4217
4217
4217
4217
4225
4225
4225
4225
4225
4225
4225
4225
4225
4225
4225
4225
4225
4225
4225
4225
4225
4225
4225
4237
4237
4237
4237
4237
4237
4216
4216
4216
4216
4216
4216
4216
4216
4216
4216
4216
4216
4216
4216
4216
4216
4216
4216
4216
4216
4216
4216
4216
4216
4216
4216
4216
4216
4218
4218
4218
4218
4219
4219
4219
4219
4219
4219
4219
4219
4219
4219
4212
4212
4212
4212
4212
4212
4212
4212
4212
4212
4212
4212
4212
4212
4212
4212
4212
4212
4212
4212
4212
4212
4212
4212
4212
4212
4212
4212
4212
4212
4212
4217
4217
4210
4210
4210
4210
4210
4210
4210
4210
4210
4210
4210
4210
4210
4210
4210
4210
4205
4205
4205
4205
4205
4205
4205
4205
4205
4205
4216
4211
4211
4211
4211
4213
4213
4213
4213
4213
4213
4213
4213
4236
4236
4236
4236
4236
4236
4236
4236
4236
4236
4236
4236
4236
4236
4236
4236
4236
4236
4243
4243
4243
4243
4243
4243
4243
4243
4243
4243
4243
4273
4273
4273
4273
4273
4273
4270
4270
4270
4222
4222
4222
4222
4222
4222
4222
4222
4222
4222
4222
4222
4222
4222
4222
4222
4222
4222
4235
4235
4235
4235
4235
4235
4235
4235
4235
4235
4235
4235
4235
4235
4248
4264
4264
4264
4264
4264
4264
4264
4264
4264
4264
4259
4259
4259
4259
4259
4259
4259
4259
4259
4259
4259
4259
4259
4259
4259
4259
4259
4259
4259
4259
4259
4259
4259
4259
4259
4259
4259
4259
4259
4259
4259
4259
4259
4259
4259
4259
4259
4259
4259
4259
4259
4259
4259
4259
4259
4259
4259
4261
4261
4261
4261
4261
4261
4261
4261
4261
4261
4261
4261
4261
4261
4261
4261
4261
4262
4262
4262
4262
4262
4262
4262
4262
4262
4262
4262
4262
4262
4262
4262
4262
4262
4262
4262
4262
4262
4262
4262
4262
4259
4259
4259
4259
4250
4250
4250
4250
4250
4250
4250
4235
4235
4235
4235
4235
4235
4235
4235
4235
4235
4235
4235
4235
4235
4235
4235
4235
4235
4223
4223
4223
4229
4229
4229
4229
4229
4229
4229
4229
4229
4229
4229
4217
4210
4210
4210
4210
4210
4210
4210
4210
4210
4184
4184
4184
4184
4184
4184
4184
4184
4184
4163
4163
4163
4163
4163
4163
4163
4168
4151
4151
4151
4151
4151
4151
4169
4169
4169
4169
4169
4169
4169
4169
4169
4169
4169
4169
4169
4169
4169
4163
4163
4163
4163
4163
4163
4159
4159
4159
4159
4159
4159
4159
4159
4159
4159
4159
4159
4159
4159
4159
4159
4159
4159
4159
4159
4159
4159
4159
4159
4159
4159
4159
4159
4159
4159
4159
4159
4159
4159
4159
4159
4159
4159
4159
4159
4156
4156
4156
4156
4156
4156
4156
4156
4156
4156
4156
4156
4156
4156
4156
4156
4156
4156
4156
4156
4156
4156
4156
4156
4156
4156
4151
4151
4151
4151
4151
4151
4151
4151
4151
4151
4151
4151
4151
4151
4151
4151
4151
4151
4151
4151
4151
4151
4151
4151
4151
4151
4151
4151
4151
4151
4151
4151
4146
4146
4146
4146
4146
4147
4147
4147
4147
4147
4147
4147
4147
4147
4147
4147
4147
4147
4147
4147
4147
4147
4147
4147
4147
4147
4147
4147
4147
4147
4147
4147
4147
4147
4147
4147
4147
4147
4147
4147
4154
4154
4154
4154
4154
4154
4154
4154
4154
4154
4154
4154
4154
4154
4154
4154
4154
4167
4167
4167
4167
4167
4167
4167
4167
4167
4167
4167
4167
4167
4167
4167
4167
4167
4167
4167
4167
4162
4162
4162
4162
4162
4162
4162
4162
4162
4162
4162
4160
4160
4160
4160
4160
4160
4160
4160
4160
4160
4160
4160
4160
4160
4160
4160
4160
4160
4160
4160
4163
4163
4163
4163
4163
4163
4163
4163
4163
4160
4160
4160
4160
4160
4160
4160
4160
4160
4160
4160
4160
4160
4160
4160
4160
4160
4160
4160
4160
4160
4160
4160
4160
4160
4160
4160
4160
4160
4160
4160
4160
4160
4160
4160
4160
4160
4160
4160
4160
4160
4160
4160
4160
4160
4160
4160
4160
4160
4160
4160
4160
4160
4160
4160
4160
4163
4163
4163
4163
4163
4163
4154
4154
4154
4154
4154
4154
4154
4154
4154
4154
4154
4154
4154
4152
4152
4152
4152
4152
4152
4152
4152
4152
4152
4152
4152
4152
4152
4156
4156
4156
4156
4156
4156
4156
4156
4156
4156
4156
4156
4156
4156
4157
4157
4157
4150
4150
4150
4150
4150
4150
4148
4148
4148
4148
4148
4148
4148
4148
4148
4148
4148
4148
4148
4148
4148
4148
4148
4148
4148
4148
4148
4148
4148
4148
4148
4148
4148
4148
4148
4148
4148
4148
4148
4148
4148
4148
4148
4148
4148
4148
4148
4148
4148
4148
4148
4148
4148
4148
4148
4148
4148
4148
4148
4148
4148
4148
4148
4148
4148
4148
4148
4148
4148
4148
4148
4148
4148
4148
4150
4150
4150
4150
4150
4150
4150
4150
4150
4150
4150
4150
4150
4150
4150
4150
4150
4150
4150
4150
4150
4150
4150
4150
4150
4150
4150
4150
4150
4150
4150
4150
4150
4150
4150
4150
4150
4150
4150
4150
4150
4150
4150
4150
4150
4150
4150
4150
4150
4150
4150
4150
4153
4153
4153
4148
4148
4148
4148
4148
4148
4148
4148
4148
4148
4148
4148
4148
4148
4148
4148
4148
4148
4148
4148
4148
4148
4148
4148
4144
4144
4136
4136
4136
4136
4136
4136
4136
4136
4136
4136
4136
4136
4136
4136
4136
4136
4136
4136
4136
4136
4136
4136
4136
4136
4136
4136
4136
4136
4136
4136
4136
4136
4136
4136
4136
4136
4136
4136
4136
4136
4136
4136
4136
4136
4136
4136
4136
4136
4136
4136
4136
4136
4136
4136
4136
4136
4136
4136
4136
4136
4114
4114
4114
4114
4114
4114
4114
4114
4114
4114
4114
4114
4114
4114
4114
4114
4114
4114
4114
4114
4114
4114
4114
4114
4114
4114
4114
4114
4114
4114
4114
4114
4114
4114
4114
4114
4114
4114
4114
4114
4114
4114
4114
4114
4114
4114
4114
4114
4114
4114
4114
4114
4114
4114
4114
4114
4114
4111
4111
4111
4111
4111
4111
4111
4111
4111
4111
4111
4111
4111
4111
4111
4102
4102
4102
4102
4102
4102
4102
4102
4102
4102
4102
4102
4102
4102
4102
4102
4102
4102
4102
4102
4102
4102
4103
4103
4107
4107
4107
4107
4107
4107
4107
4107
4107
4107
4107
4107
4108
4108
4108
4108
4108
4108
4108
4108
4108
4108
4108
4108
4108
4108
4108
4108
4108
4108
4108
4108
4108
4108
4108
4108
4108
4108
4108
4108
4108
4108
4108
4108
4108
4108
4108
4108
4108
4108
4108
4108
4108
4108
4108
4108
4108
4108
4108
4108
4108
4108
4108
4108
4108
4108
4108
4108
4108
4105
4105
4105
4105
4105
4105
4105
4105
4105
4105
4105
4105
4105
4105
4105
4105
4105
4105
4105
4105
4105
4105
4105
4105
4105
4105
4105
4105
4105
4105
4105
4105
4105
4105
4105
4105
4105
4105
4105
4105
4105
4105
4105
4105
4105
4105
4105
4105
4105
4105
4105
4105
4105
4105
4105
4105
4105
4094
4094
4094
4094
4094
4094
4094
4094
4094
4094
4094
4094
4094
4094
4094
4094
4094
4094
4094
4094
4094
4094
4094
4094
4094
4094
4094
4094
4094
4094
4094
4094
4094
4094
4094
4094
4094
4094
4094
4094
4094
4094
4094
4094
4094
4094
4094
4094
4094
4094
4094
4094
4094
4094
4094
4094
4094
4094
4094
4094
4094
4094
4094
4094
4094
4094
4094
4094
4094
4094
4094
4094
4094
4094
4094
4094
4094
4094
4094
4094
4084
4084
4084
4084
4084
4084
4084
4084
4084
4084
4084
4084
4084
4084
4084
4084
4084
4084
4084
4084
4084
4084
4084
4084
4084
4084
4084
4084
4084
4084
4084
4084
4084
4084
4096
4096
4096
4096
4089
4089
4089
4089
4089
4089
4089
4089
4089
4089
4089
4089
4089
4084
4084
4084
4084
4084
4084
4084
4084
4084
4084
4084
4084
4084
4084
4084
4084
4084
4084
4084
4084
4084
4084
4084
4084
4084
4084
4084
4084
4084
4084
4084
4084
4084
4084
4084
4084
4084
4084
4084
4084
4084
4084
4084
4084
4084
4084
4084
4084
4084
4084
4084
4084
4084
4084
4084
4084
4084
4084
4084
4084
4084
4084
4084
4084
4084
4084
4084
4084
4084
4084
4084
4084
4084
4084
4084
4084
4084
4084
4084
4084
4084
4084
4084
4084
4084
4084
4084
4084
4084
4084
4084
4084
4084
4084
4084
4084
4084
4084
4084
4084
4087
4087
4087
4087
4087
4087
4087
4087
4087
4087
4087
4087
4087
4087
4087
4087
4087
4087
4087
4087
4087
4087
4087
4087
4087
4087
4087
4087
4087
4087
4087
4087
4087
4087
4087
4087
4087
4087
4087
4087
4087
4087
4085
4085
4085
4085
4085
4085
4085
4085
4085
4085
4085
4085
4085
4085
4085
4085
4085
4085
4085
4085
4085
4085
4085
4085
4085
4085
4085
4085
4085
4085
4085
4085
4085
4085
4085
4085
4085
4085
4085
4085
4085
4085
4085
4085
4085
4085
4085
4085
4085
4085
4085
4085
4085
4085
4085
4085
4085
4085
4085
4085
4085
4085
4085
4085
4085
4085
4085
4085
4085
4085
4085
4085
4085
4085
4085
4085
4085
4085
4085
4085
4085
4085
4085
4085
4085
4085
4085
4085
4085
4085
4085
4085
4085
4085
4085
4085
4085
4085
4085
4085
4085
4085
4085
4085
4085
4085
4085
4085
4085
4085
4085
4085
4085
4085
4085
4085
4085
4085
4085
4085
4085
4085
4085
4085
4085
4085
4085
4085
4085
4085
4085
4085
4085
4085
4085
4085
4085
4085
4085
4085
4085
4085
4085
4085
4085
4085
4085
4084
4084
4084
4084
4084
4084
4084
4084
4084
4084
4084
4084
4084
4084
4084
4084
4084
4084
4084
4084
4084
4084
4084
4084
4084
4084
4084
4084
4084
4084
4084
4084
4084
4084
4084
4084
4084
4084
4084
4084
4084
4084
4084
4084
4084
4084
4084
4084
4084
4084
4084
4084
4084
4084
4084
4084
4084
4084
4084
4084
4084
4084
4084
4084
4084
4084
4084
4084
4084
4084
4084
4084
4084
4084
4084
4084
4084
4084
4084
4084
4084
4084
4084
4084
4084
4084
4084
4084
4084
4084
4084
4084
4084
4084
4084
4084
4084
4084
4084
4084
4084
4084
4084
4084
4084
4084
4084
4084
4084
4084
4084
4084
4084
4084
4084
4084
4084
4084
4086
4086
4086
4086
4086
4086
4086
4086
4086
4086
4086
4086
4086
4086
4086
4086
4086
4086
4086
4086
4086
4086
4086
4086
4086
4086
4086
4086
4086
4086
4086
4086
4086
4086
4086
4086
4086
4086
4086
4086
4086
4086
4086
4086
4086
4086
4086
4086
4086
4086
4086
4086
4086
4086
4086
4086
4086
4086
4086
4086
4086
4086
4086
4086
4086
4086
4086
4086
4086
4084
4084
4084
4084
4084
4084
4084
4084
4084
4084
4084
4084
4084
4084
4084
4084
4084
4084
4084
4084
4084
4084
4084
4084
4084
4084
4084
4084
4084
4084
4084
4084
4084
4084
4084
4084
4084
4084
4084
4084
4084
4084
4084
4084
4087
4087
4087
4087
4087
4087
4087
4087
4087
4087
4087
4087
4087
4087
4087
4087
4087
4087
4087
4087
4087
4087
4087
4087
4087
4087
4087
4087
4087
4087
4087
4087
4087
4087
4087
4087
4087
4087
4087
4087
4087
4087
4087
4087
4087
4087
4087
4087
4087
4087
4087
4087
4087
4087
4087
4087
4087
4087
4087
4087
4087
4087
4087
4087
4087
4087
4087
4087
4087
4087
4087
4087
4087
4087
4087
4087
4087
4087
4087
4087
4087
4087
4087
4087
4087
4087
4087
4087
4087
4087
4087
4087
4087
4087
4087
4087
4087
4087
4087
4087
4087
4087
4087
4087
4087
4087
4087
4087
4087
4087
4087
4087
4087
4087
4087
4087
4087
4087
4087
4087
4087
4087
4087
4087
4087
4087
4087
4087
4087
4087
4087
4087
4087
4087
4087
4087
4087
4087
4087
4087
4087
4087
4087
4087
4087
4087
4087
4087
4087
4087
4087
4087
4087
4087
4087
4087
4087
4087
4087
4087
4087
4087
4087
4087
4087
4087
4087
4087
4087
4087
4087
4087
4087
4087
4087
4087
4087
4087
4087
4087
4087
4087
4087
4087
4087
4087
4087
4087
4087
4087
4087
4087
4087
4087
4087
4087
4087
4087
4087
4087
4087
4086
4086
4086
4086
4086
4086
4086
4086
4086
4086
4086
4086
4086
4086
4086
4086
4086
4086
4086
4086
4086
4086
4086
4086
4086
4086
4086
4086
4086
4086
4086
4086
4086
4086
4086
4086
4086
4086
4081
4081
4081
4081
4081
4081
4081
4081
4081
4081
4081
4081
4081
4081
4081
4081
4081
4081
4081
4081
4081
4081
4081
4081
4081
4081
4081
4081
4081
4081
4081
4081
4081
4081
4081
4081
4081
4081
4081
4081
4081
4081
4081
4081
4081
4081
4081
4081
4081
4081
4068
4068
4068
4068
4068
4068
4068
4068
4068
4068
4068
4068
4068
4068
4068
4068
4068
4068
4068
4068
4068
4068
4068
4068
4068
4068
4068
4068
4068
4068
4068
4068
4068
4068
4068
4068
4068
4068
4068
4068
4068
4068
4068
4068
4068
4068
4068
4068
4068
4068
4068
4068
4068
4068
4068
4068
4068
4068
4068
4068
4068
4068
4068
4068
4068
4068
4068
4068
4068
4068
4068
4068
4068
4068
4068
4068
4068
4068
4068
4068
4068
4068
4068
4068
4068
4068
4068
4068
4068
4068
4068
4068
4068
4068
4068
4068
4068
4068
4068
4068
4068
4068
4068
4068
4068
4068
4068
4068
4068
4068
4068
4068
4068
4068
4068
4068
4068
4068
4068
4068
4068
4068
4068
4068
4068
4068
4068
4068
4068
4068
4068
4068
4068
4068
4068
4068
4068
4068
4068
4068
4068
4068
4068
4068
4068
4068
4068
4068
4068
4068
4068
4068
4068
4068
4068
4068
4068
4068
4068
4068
4068
4068
4068
4068
4068
4068
4068
4068
4068
4068
4068
4068
4068
4068
4068
4068
4068
4068
4068
4068
4068
4068
4068
4068
4068
4068
4068
4068
4068
4068
4068
4068
4068
4068
4068
4068
4068
4068
4068
4068
4068
4068
4068
4068
4068
4068
4068
4068
4060
4060
4060
4060
4060
4060
4060
4060
4060
4060
4060
4060
4060
4060
4060
4060
4060
4060
4060
4060
4060
4060
4060
4060
4060
4060
4060
4060
4060
4060
4060
4060
4060
4060
4060
4060
4060
4060
4060
4060
4060
4060
4060
4060
4060
4060
4060
4060
4060
4060
4060
4060
4060
4060
4060
4060
4060
4060
4060
4060
4060
4060
4060
4060
4060
4060
4060
4060
4060
4060
4060
4060
4060
4060
4060
4060
4060
4060
4060
4060
4060
4060
4060
4060
4060
4060
4060
4060
4060
4060
4060
4060
4060
4060
4060
4060
4060
4060
4060
4060
4060
4060
4060
4060
4060
4060
4060
4060
4060
4060
4060
4060
4060
4060
4060
4060
4060
4060
4060
4060
4060
4060
4060
4060
4060
4060
4060
4060
4060
4060
4060
4060
4060
4060
4060
4060
4060
4060
4060
4060
4060
4060
4060
4060
4060
4060
4060
4060
4060
4060
4060
4060
4060
4060
4060
4060
4060
4060
4060
4060
4060
4060
4060
4060
4060
4060
4060
4060
4060
4060
4060
4060
4060
4060
4060
4060
4060
4060
4068
4068
4062
4062
4062
4062
4062
4062
4062
4062
4062
4062
4062
4062
4062
4062
4062
4062
4062
4062
4062
4062
4062
4062
4062
4062
4062
4062
4062
4062
4062
4062
4062
4062
4062
4062
4062
4062
4062
4062
4062
4062
4062
4062
4062
4062
4062
4062
4062
4062
4062
4062
4062
4062
4062
4062
4062
4062
4062
4062
4062
4062
4062
4062
4062
4062
4062
4062
4062
4062
4062
4062
4062
4062
4062
4062
4062
4062
4062
4062
4062
4062
4062
4062
4062
4062
4062
4062
4062
4062
4062
4062
4062
4062
4062
4062
4062
4062
4062
4062
4062
4062
4062
4062
4062
4062
4062
4062
4062
4062
4062
4062
4062
4062
4062
4062
4062
4062
4062
4062
4062
4062
4062
4062
4062
4062
4062
4062
4062
4062
4062
4062
4062
4062
4062
4062
4062
4062
4062
4062
4062
4062
4062
4062
4062
4062
4062
4062
4062
4062
4062
4062
4062
4062
4062
4062
4062
4062
4062
4062
4062
4062
4062
4062
4062
4062
4062
4062
4062
4062
4062
4062
4062
4062
4062
4062
4062
4062
4062
4062
4062
4062
4062
4062
4062
4062
4062
4062
4062
4062
4062
4062
4062
4062
4062
4062
4062
4062
4062
4062
4062
4062
4062
4062
4062
4062
4062
4062
4062
4062
4062
4062
4062
4062
4062
4062
4062
4062
4062
4062
4062
4062
4062
4062
4062
4062
4062
4062
4062
4062
4062
4062
4062
4062
4062
4062
4062
4062
4062
4062
4062
4062
4062
4062
4062
4062
4062
4062
4062
4062
4062
4062
4062
4062
4062
4062
4062
4062
4062
4062
4062
4062
4062
4062
4062
4062
4062
4062
4062
4062
4062
4062
4062
4062
4062
4062
4062
4062
4062
4062
4062
4062
4062
4062
4062
4062
4062
4062
4062
4062
4062
4062
4062
4062
4062
4062
4062
4062
4062
4062
4062
4062
4062
4062
4062
4062
4062
4056
4056
4056
4056
4056
4056
4056
4056
4056
4056
4056
4056
4056
4056
4056
4056
4056
4056
4056
4056
4056
4056
4056
4056
4056
4056
4056
4056
4056
4056
4056
4056
4056
4056
4056
4056
4056
4056
4056
4056
4056
4056
4056
4056
4056
4056
4056
4056
4056
4056
4056
4056
4056
4056
4056
4056
4056
4056
4056
4056
4056
4056
4056
4056
4056
4056
4056
4056
4056
4056
4056
4056
4056
4056
4056
4056
4056
4056
4056
4056
4056
4056
4056
4056
4056
4056
4056
4056
4056
4056
4056
4056
4056
4056
4056
4056
4056
4056
4056
4056
4056
4056
4056
4056
4056
4056
4056
4056
4056
4056
4056
4056
4056
4056
4056
4056
4056
4056
4056
4056
4056
4056
4056
4056
4056
4056
4056
4056
4056
4056
4056
4056
4056
4056
4056
4056
4056
4056
4056
4056
4056
4056
4056
4056
4056
4056
4056
4056
4056
4056
4056
4056
4056
4056
4056
4056
4056
4056
4056
4056
4056
4056
4056
4056
4056
4056
4056
4056
4056
4056
4056
4056
4055
4055
4055
4055
4055
4055
4055
4055
4055
4055
4055
4055
4055
4055
4055
4055
4055
4055
4055
4055
4055
4055
4055
4055
4055
4055
4055
4055
4055
4055
4055
4055
4055
4055
4055
4055
4055
4055
4055
4055
4055
4055
4055
4055
4055
4055
4055
4055
4055
4055
4055
4055
4055
4055
4055
4055
4055
4055
4055
4055
4055
4055
4055
4055
4055
4055
4055
4055
4055
4055
4055
4055
4055
4055
4055
4055
4055
4055
4055
4055
4055
4055
4055
4055
4055
4055
4055
4055
4055
4055
4055
4055
4055
4055
4055
4055
4055
4055
4055
4055
4055
4055
4055
4055
4055
4055
4055
4055
4055
4055
4055
4055
4055
4055
4055
4055
4055
4055
4055
4055
4055
4055
4055
4055
4055
4055
4055
4055
4055
4055
4055
4055
4055
4055
4055
4055
4055
4055
4055
4055
4055
4055
4055
4055
4055
4055
4055
4055
4055
4055
4055
4055
4055
4055
4055
4055
4055
4055
4055
4055
4055
4055
4055
4055
4055
4055
4055
4044
4044
4044
4044
4044
4044
4044
4044
4044
4044
4044
4044
4044
4044
4044
4044
4044
4044
4044
4044
4044
4044
4044
4044
4044
4044
4044
4044
4044
4044
4044
4044
4044
4044
4044
4044
4044
4044
4044
4044
4044
4044
4044
4044
4044
4044
4044
4044
4044
4044
4044
4044
4044
4044
4044
4044
4044
4044
4044
4044
4044
4044
4044
4044
4044
4044
4044
4044
4044
4044
4044
4044
4044
4044
4044
4044
4044
4044
4044
4044
4044
4044
4044
4044
4044
4044
4044
4044
4044
4044
4044
4037
4037
4037
4037
4037
4037
4037
4037
4037
4037
4037
4037
4037
4037
4037
4037
4037
4037
4037
4037
4037
4037
4037
4037
4037
4037
4037
4037
4037
4037
4037
4037
4037
4037
4037
4037
4037
4037
4037
4037
4037
4037
4037
4037
4037
4037
4037
4037
4037
4037
4037
4037
4037
4037
4037
4037
4037
4037
4037
4037
4037
4037
4037
4037
4037
4037
4037
4037
4037
4037
4037
4037
4037
4037
4037
4037
4037
4037
4037
4037
4037
4037
4037
4037
4037
4037
4037
4037
4037
4037
