2996
2940
2940
2940
2938
2970
2997
2997
2997
2997
2997
3071
3071
3089
3177
3185
3185
3185
3185
3185
3134
3113
3039
3009
3009
3060
3079
3032
3032
3032
3056
3050
3050
3032
3032
3032
3038
3038
3038
3055
3116
3116
3115
3115
3115
3074
3090
3090
3102
3151
3136
3127
3160
3160
3123
3123
3123
3123
3158
3196
3251
3320
3333
3333
3314
3226
3226
3219
3219
3219
3219
3222
3181
3088
3088
3097
3096
3096
3131
3131
3046
3080
3080
3080
3007
3009
3072
3096
3096
3096
3022
3077
3092
3094
3091
3187
3187
3214
3166
3152
3188
3188
3188
3188
3188
3222
3243
3344
3271
3337
3337
3254
3364
3377
3402
3331
3294
3280
3280
3178
3178
3178
3160
3170
3232
3211
3211
3217
3128
3128
3131
3077
3169
3156
3187
3187
3187
3155
3139
3206
3206
3188
3188
3188
3202
3202
3271
3271
3271
3285
3308
3260
3273
3273
3251
3276
3246
3200
3180
3309
3263
3263
3285
3247
3247
3247
3190
3205
3205
3205
3205
3263
3299
3299
3345
3419
3477
3477
3407
3407
3405
3405
3405
3405
3405
3405
3357
3357
3405
3405
3405
3422
3448
3448
3288
3326
3341
3315
3362
3368
3368
3368
3271
3245
3289
3324
3379
3307
3295
3295
3275
3275
3275
3295
3240
3252
3240
3217
3212
3270
3256
3256
3260
3223
3254
3278
3278
3170
3151
3176
3176
3137
3220
3238
3169
3169
3169
3169
3165
3212
3212
3215
3269
3169
3169
3169
3169
3169
3246
3246
3288
3209
3144
3147
3183
3316
3280
3280
3156
3106
3078
3076
3139
3142
3175
3175
3215
3215
3267
3237
3236
3230
3230
3314
3267
3225
3208
3247
3247
3272
3167
3037
3022
3015
3015
3015
2971
2971
2969
3107
3140
3128
3158
3158
3158
3158
3325
3325
3325
3363
3353
3353
3353
3353
3353
3353
3220
3159
3124
3124
3112
3112
3112
3210
3212
3195
3096
3096
3042
3042
3033
3032
3032
3032
3012
3012
3067
3067
3157
3159
3159
3205
3268
3234
3149
3092
3092
3140
3140
3140
3140
3140
3140
3159
3064
3064
2961
2990
2990
3012
3062
3062
3062
3062
3024
3024
3062
3089
2961
2926
3026
3026
2987
2948
2948
2944
2974
2893
3038
3038
3047
3047
3001
3001
3001
3038
3092
3062
2990
2990
2953
3015
3015
3037
3060
3060
3133
3031
3031
3044
3084
3074
3074
3087
3083
3147
3033
3033
3033
3088
3088
3065
3065
3065
3062
3077
3148
3150
3135
3131
3110
3191
3166
3166
3193
3218
3218
3261
3271
3246
3219
3127
3202
3344
3421
3421
3503
3487
3446
3375
3375
3292
3260
3213
3143
3050
3037
3221
3095
3145
3213
3305
3305
3305
3288
3266
3228
3228
3116
3116
3137
3080
3208
3208
3237
3181
3197
3197
3256
3245
3294
3121
3134
3105
3091
3094
3103
3167
3166
3164
3164
3121
3097
3049
3049
3056
3056
3014
3014
3016
3076
3073
3085
3135
3117
3117
3121
3195
3195
3189
3239
3239
3291
3291
3282
3258
3250
3263
3263
3313
3201
3201
3229
3229
3229
3229
3168
3215
3154
3154
3104
3118
3233
3100
3216
3180
3180
3180
3180
3186
3186
3286
3286
3284
3350
3321
3271
3271
3343
3413
3334
3370
3365
3403
3360
3412
3379
3371
3371
3371
3387
3365
3365
3308
3338
3399
3399
3340
3324
3223
3278
3278
3278
3283
3277
3269
3264
3264
3359
3389
3389
3389
3358
3324
3324
3324
3281
3288
3325
3316
3351
3282
3341
3306
3280
3237
3325
3287
3253
3253
3172
3172
3172
3172
3172
3172
3102
3073
3102
3066
3033
3065
3175
3175
3175
3222
3222
3222
3222
3175
3090
3060
3088
3206
3206
3114
3114
3066
3066
3105
3105
3105
3154
3231
3170
3170
3170
3193
3151
3124
3124
3124
3052
3052
3052
3037
3082
3043
3026
3040
3069
3101
3101
3101
3095
3130
3130
3130
3184
3163
3163
3163
3146
3146
3217
3171
3092
3082
3082
3183
3183
3191
3085
3102
3141
3109
3109
3109
3160
3160
3160
3213
3205
3158
3163
3197
3186
3186
3137
3075
3075
3096
3096
3076
3076
3076
3076
3055
3100
3100
3100
3089
3089
3089
3117
3117
3117
3174
3164
3209
3209
3175
3208
3198
3198
3198
3198
3198
3130
3117
3117
3117
3117
3151
3210
3193
3225
3193
3133
3122
3105
3184
3064
3125
3164
3097
3150
3117
3231
3209
3188
3188
3245
3185
3185
3185
3114
3077
3143
3128
3174
3088
3173
3254
3295
3369
3385
3498
3492
3466
3481
3481
3543
3472
3435
3435
3438
3436
3403
3361
3361
3289
3289
3284
3236
3307
3342
3385
3234
3234
3177
3177
3177
3107
3124
3124
3117
3173
3086
3091
3091
3091
3130
3130
3157
3141
3172
3159
3159
3154
3154
3194
3176
3286
3324
3326
3221
3264
3330
3361
3316
3316
3242
3187
3187
3109
3089
3084
3068
3058
3096
3187
3187
3187
3096
3020
3096
3095
3146
3157
3157
3188
3172
3172
3157
3061
3061
3061
3028
3024
3024
3039
3131
3131
3081
3104
3089
3073
3215
3267
3267
3267
3267
3288
3202
3205
3205
3205
3166
3216
3095
3117
3119
3119
3119
3119
3115
3073
3205
3211
3211
3232
3172
3183
3216
3216
3257
3225
3192
3266
3266
3266
3266
3297
3286
3286
3366
3366
3306
3234
3234
3234
3276
3276
3277
3351
3368
3368
3368
3273
3273
3273
3333
3288
3328
3328
3336
3304
3304
3351
3313
3364
3364
3364
3446
3451
3345
3453
3403
3307
3281
3347
3347
3347
3368
3368
3415
3517
3526
3499
3499
3516
3502
3502
3467
3356
3356
3247
3190
3190
3258
3299
3178
3186
3153
3151
3250
3282
3282
3282
3282
3250
3250
3250
3258
3235
3235
3283
3216
3216
3213
3251
3254
3254
3160
3138
3152
3110
3178
3167
3261
3261
3261
3198
3183
3205
3210
3329
3343
3343
3339
3331
3331
3383
3381
3381
3360
3277
3261
3261
3256
3240
3126
3089
3089
3139
3133
3133
3174
3174
3192
3192
3133
3133
3133
3161
3134
3134
3134
3134
3095
3095
3095
3095
3095
3098
3095
3095
3103
3103
3087
3087
3087
3087
3087
3087
3087
3043
3084
2984
2984
2984
2984
2947
2947
2947
2925
2925
2925
2956
2967
2969
2996
3024
3022
3014
3001
2955
2955
3039
3039
3032
3064
3056
3100
3104
3149
3143
3084
3053
3134
3227
3246
3166
3188
3188
3171
3171
3181
3197
3176
3176
3176
3195
3175
3167
3129
3155
3192
3144
3155
3155
3155
3155
3151
3100
3100
3024
3039
3068
3024
3024
3100
3089
3089
3089
3089
3089
3100
3133
3133
3079
3079
3079
3129
3142
3142
3142
3060
3069
3069
3105
3133
3194
3261
3181
3134
3134
3134
3161
3161
3161
3161
3184
3129
3172
3122
3135
3077
3077
3077
3077
3082
3051
3051
3051
3017
3017
3017
3019
3035
3053
3032
3076
3088
3127
3113
3113
3157
3157
3088
3153
3215
3215
3150
3118
3118
3088
3165
3138
3162
3138
3199
3252
3230
3205
3104
3078
3188
3208
3208
3208
3224
3236
3229
3214
3183
3183
3183
3183
3183
3131
3097
3129
3129
3206
3206
3192
3159
3217
3217
3217
3217
3345
3328
3322
3322
3322
3343
3343
3343
3273
3273
3240
3218
3218
3209
3167
3243
3243
3243
3187
3190
3172
3296
3296
3279
3252
3252
3303
3303
3314
3300
3358
3358
3392
3392
3392
3392
3392
3392
3346
3348
3326
3277
3286
3232
3181
3160
3034
3034
3056
3056
3056
3056
3079
3079
3147
3056
3071
3071
3152
3152
3152
3063
3063
3063
3063
3080
3080
3121
3219
3219
3219
3126
3126
3126
3077
3077
3112
2995
3029
3046
3073
3056
3202
3236
3193
3140
3140
3144
3189
3177
3133
3135
3210
3135
3028
3036
3041
3035
3050
3045
3042
3133
3108
3179
3179
3179
3232
3291
3236
3236
3236
3236
3250
3166
3104
3095
3029
3029
3039
3018
3018
3018
3092
3000
3146
3146
3297
3267
3260
3266
3266
3283
3294
3294
3294
3246
3246
3246
3255
3188
3209
3246
3271
3209
3209
3209
3289
3296
3296
3296
3214
3223
3223
3223
3227
3289
3289
3289
3289
3246
3246
3246
3246
3246
3293
3210
3210
3118
3118
3146
3108
3119
3119
3104
3106
3117
3106
3106
3106
2995
3021
3074
3090
3090
3129
3142
3142
3189
3198
3124
3124
3135
3092
3092
3092
3092
3123
3123
3123
3034
3034
3034
3034
3003
3130
3009
3061
3061
3061
3061
2883
2883
2889
2910
2883
2883
2883
2917
2929
2972
2972
2921
2921
2913
2913
2943
2936
2939
2939
3058
3034
3034
3123
3002
3002
2991
2991
3031
3031
3015
3051
3057
3040
3111
3111
3111
3135
3061
3104
3104
3192
3177
3243
3243
3254
3159
3159
3159
3159
3099
3081
3075
3069
3058
3058
3035
3010
3143
3216
3230
3230
3230
3259
3259
3233
3320
3240
3197
3197
3207
3207
3160
3279
3276
3276
3276
3216
3216
3214
3271
3300
3300
3300
3300
3300
3300
3285
3156
3134
3134
3134
3134
3134
3134
3134
3134
3134
3125
3125
3125
3122
3149
3149
3134
3168
3168
3226
3226
3226
3209
3209
3201
3141
3121
3097
3097
3097
3097
3097
3059
3008
3008
3008
3078
3078
3010
3064
2998
3060
3029
3029
2998
2998
2998
3012
3012
3012
3012
3012
3012
3012
3012
3029
3104
3104
3154
3154
3154
3154
3149
3186
3186
3186
3177
3090
3090
3090
3090
3094
3094
3192
3171
3280
3280
3210
3210
3210
3241
3241
3275
3221
3261
3269
3269
3285
3285
3285
3278
3205
3205
3214
3058
3058
3033
3008
3008
3018
2975
2983
2997
2997
2989
2989
2989
2970
2949
2939
2939
2939
2973
2973
2973
2973
2973
3035
3035
3035
3035
3035
3035
3035
3035
3035
3065
3065
3056
3056
3070
3070
3038
3038
3030
3030
3030
3030
3030
3040
3062
3079
3145
3123
3164
3164
3164
3164
3120
3107
3011
3029
3029
3029
3032
3032
3071
3068
3074
3065
3093
3103
3109
3109
3109
3136
3184
3184
3184
3112
3044
3013
3074
3074
3100
3100
3101
3101
3127
3056
3044
3062
3062
3105
3150
3100
3063
3057
3015
3015
3022
3022
3022
3022
3022
3022
3094
3099
3123
3123
3123
3123
3171
3196
3236
3194
3143
3160
3160
3160
3160
3137
3176
3176
3045
3108
3108
3108
3154
3170
2997
2984
2984
2984
2984
2989
2989
3001
3001
2961
2963
2963
3031
3031
3042
3025
3025
2982
3024
3024
3035
3035
3035
3031
3031
3034
3034
3010
3010
3010
3071
3099
3084
2997
2975
3006
3040
3040
2960
2977
2976
2918
2925
2925
3010
3010
3010
3010
3010
3010
3010
3010
3010
3010
3010
3041
3041
3041
3081
3133
3133
3133
3133
3133
3133
3083
3083
3083
3083
3083
3083
2996
2996
2982
2982
3012
3035
3035
2991
2991
2991
2991
2991
2991
2991
2982
3039
3039
3039
3039
3062
3017
3153
3106
3115
3115
3115
3115
3006
3041
3124
3130
3120
3123
3120
3117
3119
3140
3267
3262
3262
3246
3245
3320
3320
3238
3224
3224
3196
3216
3233
3167
3167
3167
3135
3135
3198
3101
3101
3148
3148
3134
3154
3207
3207
3207
3281
3281
3281
3281
3281
3281
3281
3283
3280
3223
3223
3223
3223
3223
3223
3220
3220
3220
3182
3182
3182
3149
3202
3202
3202
3202
3202
3202
3214
3203
3202
3202
3205
3170
3180
3170
3170
3141
3141
3141
3251
3216
3206
3206
3206
3206
3206
3318
3348
3294
3354
3333
3366
3276
3276
3279
3279
3190
3190
3206
3217
3217
3317
3317
3358
3358
3336
3336
3355
3394
3358
3358
3299
3226
3185
3185
3071
3087
3087
3073
3042
3042
3070
3147
3163
3189
3192
3209
3138
3165
3204
3230
3215
3170
3143
3189
3189
3189
3239
3191
3191
3115
3117
3117
3121
3121
3121
3121
3121
3121
3156
3160
3160
3186
3199
3199
3199
3199
3199
3199
3146
3133
3133
3133
3133
3283
3259
3259
3259
3175
3223
3223
3223
3223
3268
3335
3299
3301
3243
3216
3120
3228
3152
3152
3067
3067
3067
3054
3054
3058
3022
3022
3102
3138
3145
3157
3157
3152
3152
3066
3093
3125
3164
3164
3164
3144
3228
3157
3157
3157
3157
3157
3066
3089
3089
3095
3095
3036
3036
3088
3043
3130
3136
3127
3200
3180
3084
3084
3084
3084
3135
3162
3301
3315
3332
3332
3347
3347
3347
3347
3322
3311
3237
3231
3189
3189
3189
3164
3164
3145
3154
3174
3174
3259
3198
3198
3175
3108
3078
3046
3046
3046
3100
3165
3105
3086
3086
3038
2993
2993
2993
3023
3023
3023
3065
3065
3023
3052
3071
3039
3079
3140
3129
3212
3212
3212
3212
3212
3220
3220
3220
3209
3237
3156
3189
3199
3199
3093
3116
3108
3108
3093
3126
3083
3239
3271
3263
3258
3317
3375
3375
3289
3176
3105
3065
3065
3065
3178
3141
3130
3248
3365
3375
3375
3384
3374
3344
3303
3303
3296
3296
3212
3212
3212
3212
3212
3278
3278
3218
3296
3240
3240
3170
3165
3172
3135
3088
3088
3173
3185
3203
3182
3182
3213
3253
3253
3293
3293
3202
3142
3142
3114
3120
3150
3058
3039
3039
3039
3053
3053
3081
3081
3042
3036
3110
3110
3146
3191
3280
3280
3280
3266
3265
3265
3304
3229
3191
3191
3191
3200
3200
3191
3188
3188
3145
3211
3140
3130
3109
3106
3106
3068
3068
3063
2980
2989
3013
3013
3068
3144
3026
3016
3038
3038
3038
3038
2974
2944
2892
2892
2995
2995
2995
3032
3019
3010
3010
2983
2983
2983
2932
2952
2952
2952
3009
2988
2988
2988
3111
3111
3097
3158
3158
3158
3147
3146
3146
3141
3175
3085
3158
3085
3144
3077
3077
3025
3036
3036
3023
3051
3126
3134
3009
3009
3026
3026
3026
3064
3064
3000
2950
3061
3079
3079
3079
3080
3080
3080
3080
3080
3080
3080
3080
3080
3080
3078
3103
3189
3214
3153
3153
3153
3154
3154
3154
3048
3137
3086
3036
3036
3036
3076
3122
3113
3113
2970
2982
3076
2967
2976
2976
3047
3134
3134
3146
3146
3146
3200
3159
3124
3105
3155
3203
3203
3150
3150
3171
3171
3142
3142
3142
3149
3121
3121
3169
3104
3132
3104
3089
3139
3139
3136
3136
3197
3203
3234
3242
3244
3239
3239
3239
3311
3311
3252
3335
3292
3292
3380
3380
3380
3411
3411
3381
3390
3391
3387
3387
3301
3301
3301
3288
3223
3223
3223
3223
3363
3398
3318
3245
3225
3225
3221
3339
3327
3310
3310
3264
3250
3263
3263
3263
3227
3251
3253
3216
3189
3229
3229
3114
3117
3117
3117
3200
3184
3041
3044
3046
3046
3051
3069
3071
3095
3061
3061
3051
3020
3049
3150
3139
3232
3232
3243
3305
3316
3239
3249
3176
3164
3191
3113
3113
3113
3113
3094
3094
3094
3094
3094
3068
3068
3068
3040
3083
3083
3101
3098
3154
3101
3132
3215
3147
3147
3147
3110
3110
3029
3038
3077
3096
3085
3085
3082
3060
3073
3073
3083
3145
3123
3123
3123
3079
3090
3155
3155
3160
3160
3186
3186
3186
3225
3226
3231
3150
3174
3174
3174
3174
3174
3135
3135
3143
3164
3104
3104
3042
3065
3109
3109
3065
3065
3071
3035
3100
3100
3100
3100
3100
3075
3075
3088
3088
3103
3066
3066
3040
3040
3159
3220
3220
3166
3088
3081
3060
3097
3151
3189
3189
3189
3275
3275
3293
3336
3336
3336
3290
3290
3257
3219
3130
3129
3129
3129
3129
3129
3129
3129
3129
3041
3067
3066
3066
3066
3066
3034
3034
3034
3034
3034
3034
3056
3056
3056
3056
3057
3075
3063
3093
3155
3168
3141
3133
3134
3159
3241
3241
3324
3313
3460
3429
3429
3445
3448
3429
3380
3380
3281
3281
3349
3349
3297
3289
3184
3235
3235
3235
3235
3235
3235
3235
3195
3259
3242
3242
3236
3209
3209
3200
3200
3200
3200
3200
3216
3216
3240
3240
3254
3254
3254
3254
3254
3254
3184
3165
3219
3260
3119
3119
3119
3119
3120
3085
3085
3114
3025
3023
3023
2998
2998
2998
2998
2988
2988
2988
2988
3065
3025
2997
2997
2997
3000
3004
3024
3024
2900
3030
3073
3073
3060
3044
3044
3044
3044
3084
3084
3023
2910
2910
2897
3004
2988
2988
2988
2988
2916
2916
2935
2935
2935
2916
2970
2970
3001
3003
3003
3003
2976
2952
2952
2978
2933
2933
2924
2924
2924
2924
2850
2847
2847
2842
2842
2924
2973
2937
2940
2927
2924
2989
3007
3007
2997
3007
2996
3028
3028
3062
3066
3024
2990
3052
3052
3052
3030
3030
3030
3021
3036
3036
3046
3140
3151
3056
3053
3053
3008
2942
2942
2892
2892
2892
2892
2961
2953
2953
2967
2985
2985
2985
2985
2985
2987
3001
3001
3001
3031
3001
3001
3084
3082
3054
3094
2964
2964
2941
3012
3012
3012
3012
3012
2994
2979
3061
3061
3061
3061
3009
2997
2976
2995
2995
2994
3058
2947
3020
2975
2999
2920
2976
2976
2934
2934
2934
2990
2965
3043
2970
2976
2987
3063
3063
3063
3065
3011
3011
3011
3007
3007
2959
2930
2901
2920
2916
2916
2837
2837
2837
2837
2837
2863
2863
2892
3028
3066
3066
3051
3051
3110
3110
3104
3059
3012
3015
2986
2986
2982
2982
2987
3049
3049
3049
3038
3038
3118
3034
3043
3043
3054
2949
2949
3013
3013
3013
2940
2940
2951
3029
3029
3029
3085
3089
3077
3150
3150
3150
3101
3101
3158
3113
3181
3181
3244
3351
3288
3225
3225
3251
3251
3194
3185
3210
3199
3135
3135
3135
3135
3159
3159
3159
3159
3108
3108
3161
3203
3203
3221
3221
3221
3268
3268
3262
3262
3262
3262
3274
3274
3269
3269
3300
3172
3172
3196
3196
3187
3207
3232
3134
3124
3106
3131
3131
3131
3131
3171
3188
3188
3188
3188
3158
3212
3212
3222
3222
3222
3272
3228
3228
3228
3228
3176
3176
3102
2988
2988
2974
2939
2939
2939
2977
3005
3005
2949
3006
3006
3006
3006
3006
3076
3076
3032
3085
3083
3134
3134
3179
3179
3226
3226
3213
3213
3158
3158
3184
3182
3211
3211
3261
3237
3265
3233
3171
3216
3216
3232
3243
3270
3288
3288
3186
3186
3186
3258
3354
3247
3212
3211
3211
3255
3255
3235
3235
3235
3235
3249
3259
3261
3261
3246
3246
3184
3200
3246
3246
3239
3255
3212
3212
3212
3212
3212
3209
3226
3226
3201
3201
3283
3232
3191
3176
3176
3161
3161
3188
3191
3178
3178
3199
3238
3280
3280
3310
3310
3285
3292
3220
3220
3233
3235
3235
3235
3235
3306
3369
3307
3307
3307
3307
3425
3425
3425
3444
3444
3338
3338
3293
3293
3228
3228
3228
3228
3228
3238
3238
3278
3267
3225
3147
3200
3197
3177
3190
3221
3221
3221
3212
3184
3210
3184
3184
3087
3072
3040
3148
3149
3149
3131
3153
3153
3146
3146
3146
3140
3155
3155
3159
3127
3076
3016
3016
3055
3047
3047
3047
2956
2978
2978
2949
2949
2949
2949
2965
2965
2974
2965
2949
2949
2949
2949
2972
2972
3007
3015
3015
3015
3015
3029
3029
3029
3029
3029
3029
3079
3074
3046
3084
3084
3117
3117
3117
3117
3124
3120
3137
3137
3137
3063
3181
3209
3274
3274
3183
3233
3233
3242
3231
3256
3212
3192
3160
3160
3247
3247
3201
3278
3280
3185
3184
3184
3184
3240
3240
3240
3240
3240
3240
3272
3272
3272
3139
3072
3072
3072
3072
3105
3105
3092
3116
3065
3069
3069
3069
3047
3009
3044
3044
2981
2981
2981
2981
3100
3131
3172
3210
3218
3218
3218
3242
3214
3214
3221
3221
3221
3221
3173
3129
3085
3084
3062
2999
2982
2982
2982
3056
3070
3019
3103
3102
3102
3046
3046
3046
3041
3054
3097
3077
3082
3082
3032
3032
3143
3115
3080
3080
3080
3080
3068
3106
3114
3103
3141
3153
3153
3074
3074
3074
3096
3096
3096
3074
2997
2977
2959
2959
2959
2959
2959
2928
2944
2944
3010
3104
3104
3104
3064
3040
3040
3040
3040
3040
2937
2937
2937
2937
2970
2970
3006
3006
3011
3019
3019
3019
2988
2988
3040
3040
3040
3000
3000
3000
2936
2936
2936
2986
3006
3006
3006
3006
3006
3011
3011
3027
3011
3011
3006
3006
3015
3015
3015
3089
3089
3126
3181
3181
3181
3261
3261
3208
3146
3146
3098
3007
2985
2985
2985
2985
2998
3066
3066
3108
3108
3053
3053
3053
3053
2997
2997
3015
3042
3042
3014
2956
2956
2993
2993
2993
2993
2993
3019
3019
3020
3052
3043
2967
2910
2927
2949
3025
3000
3037
3000
2980
2980
2980
2980
2982
2971
2971
2947
2952
2952
2952
2993
2980
2942
2943
2943
2937
2937
2964
2964
2964
3071
3071
3071
3073
3073
3161
3218
3230
3282
3281
3245
3250
3264
3264
3309
3309
3289
3277
3273
3273
3273
3273
3273
3308
3298
3192
3173
3152
3197
3237
3237
3247
3248
3248
3248
3298
3297
3270
3204
3169
3128
3081
3081
3092
3175
3184
3184
3134
3127
3115
3115
3115
3157
3147
3146
3146
3132
3132
3109
3109
3109
3109
3120
3114
3114
3114
3112
3107
3058
3154
3154
3169
3134
3213
3043
3043
3010
3012
3012
2945
2925
2975
2975
2975
2977
2980
2980
2980
2980
2980
2980
2985
2980
2958
2940
2948
2948
2998
2976
2996
2996
2996
2996
3014
2981
2957
2957
2957
2957
2951
2951
2951
2951
2951
2955
3021
3036
2983
3075
3075
3184
3184
3075
3087
3100
3164
3164
3178
3178
3184
3184
3096
3096
3116
3136
3136
3138
3097
3130
3130
3130
3112
3151
3234
3295
3295
3295
3295
3295
3242
3242
3242
3242
3242
3260
3260
3272
3272
3267
3235
3153
3098
3157
3012
3012
3131
3023
3011
2964
2995
2941
2961
2961
2961
2931
2931
2931
2997
2906
2902
2952
2952
2952
2952
2952
2974
3000
3000
2978
2978
3026
2973
2863
2863
2863
2863
2863
2863
2863
2987
3004
2974
2974
2961
2961
2898
2898
2930
2898
2898
2898
2898
2898
2898
2898
2898
2898
2935
2935
2935
2963
2956
2956
2956
2956
2956
2956
2956
3000
3035
3010
2997
3055
3082
3093
3061
3039
3039
2972
2974
3015
3029
3029
3019
3019
3030
2985
3041
3041
3028
3028
3028
3028
3028
3028
3081
3073
3073
3073
3047
3047
2982
3118
3045
3068
3068
3045
3057
3057
3045
3043
3063
3051
3091
3070
3118
3199
3117
3117
3080
3082
3082
3082
3132
3148
3164
3164
3103
3148
3148
3148
3148
3148
3148
3065
3077
3077
3065
3065
3112
3165
3219
3166
3166
3166
3166
3148
3148
3122
3048
3101
3125
3154
3144
3144
3144
3144
3144
3144
3144
3144
3128
3128
3128
3128
3123
3123
3123
3123
3123
3123
3123
3004
3004
3004
3007
3007
3006
3006
3051
3029
3029
3029
3030
3124
3195
3195
3195
3240
3148
3148
3148
3148
3148
3148
3200
3200
3200
3148
3162
3143
3143
3176
3176
3176
3176
3176
3176
3176
3176
3176
3176
3176
3167
3167
3167
3177
3177
3177
3177
3198
3198
3198
3198
3201
3132
3132
3132
3132
3113
3113
3113
3085
3085
3085
3085
3054
3054
3054
3054
3054
3052
3076
3085
3085
3022
3022
3054
3054
3029
3060
3029
3029
3029
3029
3029
3029
3063
3086
3038
3038
3038
3038
3061
3061
3061
3081
3081
3078
3078
3083
3083
3043
3086
3078
3078
3020
3110
3141
3146
3105
3008
3025
3089
3089
3063
3098
3098
3078
3078
3078
3079
3051
3028
3028
2974
2974
2974
2996
2998
2986
2913
2913
2913
2980
2977
2977
3023
3042
2984
2984
2973
2977
2952
2952
2966
2967
2997
3008
3008
3008
3008
3008
3010
3049
3070
3125
3125
3125
3125
3121
3121
3121
3121
3075
3075
3075
3075
3137
3075
3075
3075
3077
3077
3077
3136
3112
3082
3101
3101
3105
3105
3159
3156
3105
3121
3113
3076
3076
3061
3142
3124
3104
3006
3006
3032
2992
2992
2992
2992
3015
3008
3008
2997
2997
2997
2990
2908
2908
2937
3018
2955
2955
2955
2963
2947
2948
2948
2954
2954
2954
2954
3006
3036
3036
3116
3146
3043
3043
3043
3051
3032
3032
3092
3092
3108
3101
3059
3055
3043
3043
3041
3041
3067
3093
3093
3093
3108
3106
3106
3047
3061
3051
3051
2983
2983
2983
2983
2985
2985
3054
3032
3034
3035
3035
3140
3140
3140
3034
3034
3075
3075
3075
3007
2991
2991
2991
2991
3019
3021
3021
2998
2979
2979
3034
3034
3022
3017
3071
3013
3007
3007
3033
3018
3018
3018
3018
3018
3020
3020
3020
3020
3037
3093
3093
3093
3093
3089
3089
3089
3089
3089
3089
3070
3070
3070
3064
2984
2984
2984
2984
2984
2984
2984
3007
3007
3007
3007
3007
2876
2911
2911
2890
2890
2903
2954
3091
3091
3141
3141
3141
3141
3080
3080
3080
3073
3016
2995
2995
2995
2995
3013
2984
2984
2984
2932
2932
2969
2932
2928
2928
2928
2893
2893
2893
2970
2970
2970
2970
2984
2984
2984
2984
2984
2984
2976
2954
2895
2895
2924
2924
2960
2953
2994
2994
2994
2994
2977
2977
2977
2936
2946
2943
2943
2943
2943
2943
2943
2943
2943
2971
2971
2971
2971
2960
2973
2973
2973
2969
2969
2977
2977
3100
3088
3088
3067
3005
2960
2981
3015
3015
2973
2973
2973
3055
3055
2978
2991
2991
3016
3056
3056
2981
2981
2981
2962
2975
2938
2957
2957
2957
2957
2957
2957
2974
2962
2962
2962
2962
2962
2962
2962
2962
2962
3003
3009
3009
3003
3003
3003
3003
2977
2977
2977
3016
2977
3071
3067
3044
3044
2973
3002
2993
2993
3015
3003
3003
3003
3058
3009
3008
3008
3008
3008
3016
2987
2987
2981
3031
3031
3031
3044
3023
3021
3021
3021
3052
3013
3013
2992
2986
3047
3059
3073
3066
3066
3066
3066
3066
3082
3082
3007
3007
2993
3003
3003
3003
3003
3003
3003
3005
2997
2937
2946
2953
2951
3022
3033
3033
3011
2985
2985
2985
2985
2983
2983
2977
2957
2956
2975
2938
2938
2918
2918
2918
2907
2907
2907
2907
2916
2916
2916
2908
2908
2922
2908
2908
2908
2908
2908
2908
2908
2926
2951
2951
2957
2961
2961
2961
2963
2953
2953
2953
2950
2950
2950
2950
2950
2950
2950
2950
2950
2956
2956
2956
2947
3022
3018
3018
2995
2995
2996
2996
2996
3012
3103
3103
3053
3053
3075
3075
3053
3053
3053
3089
3089
3089
3089
3089
3089
3089
3089
3089
3049
3049
3043
3043
3043
3043
3043
2995
2939
2945
2983
2982
2982
3012
3033
2999
2988
2963
2919
2902
2965
2965
2965
2914
2914
2914
2914
2963
2963
2978
3080
3080
3000
3018
3018
2956
2956
2956
2952
2940
2940
2936
2932
2904
2904
2911
2911
2908
2908
2908
2908
2941
2941
2934
2934
2934
2934
2934
2934
2934
2934
2934
2934
2939
2939
2939
2939
2939
2939
2939
2957
2957
2957
2957
2957
2957
2957
2957
2937
2937
2928
2928
2928
2967
2967
2967
2967
2984
2981
2981
2989
2967
2967
2967
2981
2981
3025
3024
3024
3015
3044
3044
3017
3021
3017
3053
3053
2991
3021
3021
2996
2994
2982
2968
2970
2935
2935
2983
2971
2985
2985
2985
3041
3077
3057
3081
3063
3063
3063
3039
3039
3032
3042
3042
2997
2997
2997
2997
2997
2997
2997
2956
2956
2961
2961
2961
2961
2985
2985
2983
2983
2998
2998
2998
3025
3025
3025
2980
2980
2948
2948
3037
3026
3026
3026
3017
3012
2996
2996
2949
2949
2976
3031
3039
3067
3067
3077
3077
3077
3077
3078
2976
2976
2981
2981
2945
2945
2924
2924
2924
2897
2897
2884
2884
2878
2878
2878
2878
2878
2878
2878
2834
2856
2856
2817
2817
2817
2817
2817
2817
2817
2817
2817
2817
2817
2896
2896
2912
2912
2907
2907
2907
2907
2907
2907
2907
2907
2907
2919
2919
2919
2963
2956
2948
2948
2948
2948
2924
2909
2909
2909
2909
2909
2909
2909
2929
2929
2929
2929
2899
2941
2990
2990
2993
2993
2993
2993
2888
2885
2951
2991
2965
3013
3009
3009
3006
3006
3006
3006
3044
3002
3032
3032
3032
3020
3055
3116
3116
3059
3067
3067
3072
3065
3065
3067
3006
3006
2978
2978
2970
2906
2917
2917
2917
2917
2917
2921
2921
2921
2928
2928
2928
2928
2921
2931
2931
2931
2965
2965
2957
2957
2926
2926
2926
2926
2934
2936
2936
2936
2937
2914
2914
3044
3044
3044
3044
3044
3044
3044
3044
3044
3044
3044
3044
3044
3044
3044
3071
3044
3092
3092
3092
3105
3105
3105
3105
3105
3105
3100
3108
3147
3147
3100
3100
3072
3072
3072
3072
3051
3072
3034
3034
3034
3040
3040
3040
3133
3133
3133
3133
3133
3098
3098
3098
3098
3098
3098
3152
3151
3151
3136
3085
3085
3085
3085
3085
3085
3085
2982
2982
2982
2982
2955
2955
2955
2955
2955
2955
2955
2955
2964
2964
2964
2964
2964
2964
2964
2955
2955
2955
2969
2969
2969
2969
2955
2955
2976
2955
2955
2955
2955
2955
2975
2943
2943
2943
2943
2944
2949
2949
2943
2943
2943
3012
3010
3010
3010
3010
2950
2950
2851
2851
2855
2855
2855
2833
2833
2860
2860
2926
2847
2847
2918
2884
2891
2970
2970
2937
2987
3027
2951
2951
2951
2911
2941
2941
2900
2912
2912
2912
2912
2912
2912
2916
2912
2912
2912
2912
2947
2948
2948
2873
2873
2862
2870
2870
2853
2853
2855
2855
2855
2855
2855
2867
2867
2867
2901
2901
2901
2867
2870
2867
2867
2867
2870
2870
2870
2870
2870
2870
2927
2927
2937
2937
2882
2880
2880
2867
2854
2854
2854
2861
2861
2941
2941
2941
2941
2946
2946
2946
2946
2946
2946
2941
2941
2941
2941
2941
2941
2963
2963
2963
2991
2941
2941
2941
2965
2965
2965
2958
2958
2900
2900
3001
3021
3021
3021
3021
3021
3021
3021
3039
3032
3109
3036
3036
3046
3022
3012
3025
3025
3036
2998
2998
2968
2968
2965
2981
2959
2959
2976
2959
2959
2959
2959
2959
2959
2959
2979
3009
3009
3009
2979
2979
2979
2979
2979
2979
2995
2995
2995
2998
2998
3005
3005
3005
3002
3002
2976
2976
2976
2976
2976
3040
3040
3040
3040
3040
3023
3023
3048
3050
3074
3074
3074
3074
3074
3074
3057
3057
3111
3142
3142
3142
3142
3142
3037
3014
3014
3014
2974
2974
2974
2974
2974
2974
2974
2974
2974
2974
2974
2974
2974
2973
2973
2980
2980
2980
2980
2980
2980
2980
2980
2980
2980
2980
2980
2980
2980
2963
2963
2963
2963
2883
2883
2905
2905
2905
2905
2883
2883
2883
2883
2883
2883
2883
2851
2851
2862
2862
2862
2851
2851
2853
2853
2853
2932
2932
2932
2932
2962
2962
2962
2962
2962
2962
2995
2973
2994
2994
2994
2994
2994
2994
3001
2994
2994
2994
2994
2979
2971
2994
2994
2994
2967
2927
2927
2972
2972
3019
2994
2994
2948
2948
2932
2932
2932
2932
2942
2942
2942
2950
2925
2906
2953
2953
2957
2957
2971
2971
2937
2937
2937
2937
2937
2937
2937
2937
2958
2923
2923
2923
2923
2923
2923
2942
2942
2978
2967
2967
2967
2950
2950
2950
2950
2950
2950
2905
2905
2944
2899
2899
2927
2927
2980
2980
2980
2966
2966
2966
2948
2948
2968
2968
2968
2968
2968
2968
2968
2968
3014
3012
3009
3017
3017
3017
3017
3017
3003
3003
3003
2992
2992
2979
3004
3004
3004
3004
2986
3015
3015
3020
3020
3020
3048
3048
3048
3048
2964
2968
2917
2917
2917
2952
3003
2934
2911
2911
2911
2911
2911
2886
2886
2886
2884
2884
2884
2884
2884
2884
2884
2893
2893
2893
2893
2893
2893
2893
2994
2994
2992
2975
2975
2984
2984
2984
2993
2972
2962
2924
2924
2924
2924
2912
2912
2912
2912
2950
3016
3016
2963
2932
2932
2932
3000
2997
2947
2947
2947
2947
2947
2962
2976
2956
2979
2927
2927
2927
2927
2927
2927
2927
2927
2930
2955
2953
2953
2953
2942
2942
2942
2942
2942
2942
2942
2942
2947
2947
2942
2942
2942
2942
2961
2961
2942
2942
2942
2942
2942
2942
2951
2984
2984
2984
2984
2984
2984
2985
2985
2985
2984
2984
2984
2984
3070
3070
3070
3070
3089
3081
3081
3085
3077
3075
3075
3049
3007
3007
3007
3027
2998
2998
2990
2961
2961
2963
2963
2961
2961
2961
2961
2961
2951
2951
2951
2951
2951
2951
2951
2951
2951
2951
2951
2951
2951
2951
2951
2951
2951
2951
2951
2968
2985
2985
2985
2951
2951
2951
2951
2951
2986
2986
2986
2979
2979
2882
2882
2874
2864
2865
2878
2878
2878
2878
2920
2914
2941
2941
2933
2933
2933
2933
2933
2933
2933
2933
2933
2933
2933
2952
2952
2952
2952
2952
2950
2950
2921
2921
2921
2921
2921
2945
2945
2945
2974
2974
2945
2945
2957
2957
2957
2957
2957
2957
2957
2945
2945
2945
2945
2945
2945
2945
2945
2860
2860
2860
2860
2860
2860
2860
2860
2860
2860
2860
2860
2860
2860
2860
2868
2868
2868
2860
2865
2865
2899
2899
2899
2899
2869
2908
2933
2917
2917
2910
2911
2882
2882
2891
2891
2933
2917
2883
2883
2883
2883
2883
2923
2923
2923
2923
2925
2956
2956
2956
2956
2968
2968
2971
2971
2969
2969
2969
2969
2969
2969
2979
2979
2961
2875
2875
2875
2822
2822
2822
2822
2812
2831
2831
2831
2831
2831
2801
2812
2812
2812
2812
2812
2812
2812
2812
2824
2841
2868
2868
2804
2867
2844
2844
2844
2846
2839
2839
2832
2832
2832
2832
2832
2832
2832
2832
2824
2824
2824
2824
2824
2833
2824
2824
2807
2807
2807
2807
2805
2785
2808
2808
2785
2785
2785
2785
2785
2785
2785
2785
2785
2785
2785
2785
2785
2785
2785
2793
2821
2821
2822
2822
2877
2877
2877
2877
2877
2877
2886
2886
2838
2883
2846
2846
2862
2862
2862
2879
2879
2880
2880
2880
2880
2880
2880
2880
2880
2880
2880
2857
2857
2857
2857
2857
2857
2817
2817
2817
2817
2817
2817
2817
2817
2809
2809
2809
2809
2809
2809
2809
2885
2830
2830
2830
2830
2830
2830
2830
2830
2830
2830
2830
2830
2849
2849
2849
2830
2830
2830
2858
2858
2880
2880
2880
2880
2880
2880
2880
2880
2880
2880
2864
2864
2864
2864
2856
2856
2856
2856
2856
2856
2856
2856
2856
2856
2901
2901
2901
2901
2901
2901
2901
2901
2901
2901
2856
2856
2856
2858
2858
2858
2867
2867
2867
2867
2867
2858
2859
2859
2859
2859
2859
2876
2876
2876
2876
2892
2892
2892
2892
2864
2864
2855
2855
2855
2855
2862
2862
2862
2846
2846
2845
2845
2872
2884
2884
2884
2883
2897
2900
2886
2886
2886
2886
2899
2910
2911
2911
2911
2873
2873
2873
2873
2873
2873
2873
2870
2870
2870
2870
2870
2870
2870
2870
2883
2883
2882
2882
2882
2882
2882
2882
2882
2882
2882
2882
2882
2882
2882
2882
2870
2870
2870
2870
2870
2870
2870
2870
2870
2870
2870
2903
2920
2930
2930
2930
2976
2976
2976
2976
2976
2932
2932
2932
2932
2932
2932
2935
2935
2935
2935
2935
2914
2914
2914
2914
2872
2872
2850
2850
2850
2850
2850
2850
2850
2850
2843
2860
2860
2860
2860
2890
2890
2890
2890
2890
2890
2890
2879
2871
2871
2869
2845
2869
2869
2869
2869
2869
2869
2869
2869
2869
2880
2880
2880
2880
2898
2898
2911
2924
2924
2924
2924
2924
2834
2834
2834
2834
2834
2834
2834
2834
2834
2834
2834
2834
2876
2876
2876
2876
2876
2876
2877
2877
2877
2878
2869
2869
2869
2869
2869
2869
2869
2859
2863
2883
2883
2883
2883
2882
2882
2882
2882
2882
2882
2882
2882
2882
2882
2882
2882
2863
2863
2863
2863
2863
2863
2848
2848
2848
2848
2848
2897
2897
2883
2883
2883
2883
2883
2883
2883
2883
2883
2899
2899
2899
2899
2899
2920
2920
2920
2920
2920
2920
2962
2917
2917
2924
2926
2926
2926
2926
2926
2926
2947
2947
2947
2947
2947
2957
2957
2957
2980
2980
2980
2980
2980
2980
2978
2978
3014
3014
3014
3016
3016
3016
3016
3015
2992
2992
2992
2992
2992
2992
2966
2958
2958
2958
2958
2958
2958
2955
2955
2957
2959
2959
2872
2872
2872
2872
2872
2872
2872
2872
2853
2853
2853
2853
2851
2851
2851
2851
2851
2851
2851
2840
2840
2840
2840
2850
2835
2857
2857
2880
2901
2880
2880
2889
2889
2889
2892
2892
2892
2892
2889
2889
2889
2889
2889
2889
2889
2889
2889
2889
2889
2889
2916
2916
2916
2916
2916
2903
2908
2908
2908
2908
2908
2908
2908
2908
2908
2903
2903
2903
2901
2941
2941
2941
2927
2893
2893
2893
2893
2893
2893
2962
2924
2916
2916
2916
2911
2911
2911
2911
2911
2911
2911
2911
2911
2903
2903
2903
2903
2903
2928
2928
2928
2928
2928
2931
2931
2931
2931
2931
2931
2928
2928
2928
2928
2928
2928
2931
2945
2945
2945
2945
2945
2945
2976
2976
2976
2976
3034
3034
3034
3034
3034
3034
3034
2973
2972
2987
2987
2987
2987
2970
2970
2953
2953
2953
2942
2942
2942
2873
2873
2873
2873
2873
2873
2873
2873
2873
2873
2873
2873
2873
2873
2873
2873
2910
2878
2878
2915
2915
2915
2915
2915
2921
2921
2921
2921
2921
2921
2921
2921
2921
2921
2873
2873
2873
2873
2873
2873
2884
2895
2896
2895
2895
2895
2895
2887
2853
2853
2853
2848
2848
2848
2848
2848
2848
2848
2848
2848
2842
2856
2856
2856
2856
2849
2849
2885
2885
2885
2885
2885
2885
2885
2885
2899
2899
2910
2910
2910
2898
2898
2885
2852
2886
2886
2868
2868
2891
2891
2891
2891
2891
2891
2891
2891
2891
2891
2902
2902
2892
2898
2898
2898
2898
2898
2898
2861
2861
2861
2861
2861
2861
2861
2861
2861
2861
2861
2861
2861
2861
2861
2861
2861
2856
2856
2872
2872
2872
2872
2846
2846
2846
2846
2846
2846
2846
2846
2846
2846
2846
2846
2846
2849
2849
2849
2849
2849
2849
2853
2853
2853
2853
2853
2850
2846
2846
2846
2846
2859
2859
2859
2871
2871
2871
2859
2859
2859
2835
2835
2835
2855
2835
2835
2835
2835
2841
2841
2835
2835
2858
2858
2865
2865
2851
2851
2851
2851
2851
2851
2851
2851
2891
2891
2891
2891
2891
2891
2891
2891
2891
2891
2891
2891
2891
2891
2891
2891
2891
2901
2901
2901
2901
2901
2898
2878
2878
2878
2878
2878
2878
2878
2878
2878
2878
2878
2878
2878
2878
2878
2878
2878
2878
2878
2878
2878
2878
2878
2878
2878
2878
2878
2878
2878
2878
2878
2878
2878
2878
2878
2878
2851
2851
2862
2862
2862
2862
2862
2855
2861
2851
2851
2854
2854
2854
2854
2854
2854
2854
2854
2854
2854
2854
2854
2854
2854
2851
2851
2851
2851
2851
2851
2851
2851
2851
2851
2851
2851
2851
2851
2851
2851
2851
2851
2851
2851
2851
2851
2851
2851
2851
2851
2851
2851
2861
2851
2851
2851
2851
2851
2851
2851
2851
2851
2851
2851
2851
2853
2853
2851
2851
2851
2851
2851
2851
2851
2851
2851
2851
2851
2851
2851
2851
2844
2844
2844
2844
2844
2844
2844
2844
2855
2844
2844
2844
2844
2844
2844
2844
2844
2844
2844
2844
2844
2844
2844
2844
2844
2844
2844
2844
2844
2844
2844
2844
2844
2844
2844
2844
2844
2844
2844
2844
2844
2844
2844
2844
2844
2844
2844
2844
2844
2844
2844
2844
2844
2844
2844
2844
2844
2844
2844
2844
2844
2844
2844
2844
2851
2861
2861
2861
2861
2861
2861
2871
2871
2871
2871
2861
2861
2869
2869
2869
2869
2845
2845
2845
2845
2845
2845
2845
2845
2845
2850
2850
2850
2850
2850
2850
2850
2844
2844
2844
2844
2844
2844
2844
2844
2844
2844
2844
2844
2844
2844
2844
2844
2844
2844
2844
2844
2844
2844
2844
2844
2844
2844
2844
2844
2863
2844
2848
2844
2844
2844
2844
2844
2844
2844
2844
2844
2844
2844
2844
2844
2844
2844
2844
2844
2844
2862
2862
2862
2857
2857
2857
2857
2896
2878
2878
2855
2855
2855
2855
2844
2844
2844
2844
2844
2844
2844
2844
2844
2844
2844
2844
2871
2886
2886
2886
2886
2886
2886
2886
2886
2886
2886
2965
2965
2965
2930
2930
2908
2908
2890
2890
2890
2846
2846
2846
2846
2846
2846
2844
2846
2846
2846
2846
2846
2846
2846
2846
2846
2846
2846
2844
2844
2844
2844
2844
2844
2844
2844
2844
2844
2845
2845
2845
2844
2844
2844
2844
2844
2844
2844
2844
2844
2844
2844
2844
2844
2844
2844
2844
2844
2844
2844
2844
2844
2844
2844
2844
2844
2844
2855
2855
2855
2844
2844
2861
2861
2861
2844
2844
2844
2844
2844
2844
2844
2844
2844
2844
2844
2844
2844
2844
2844
2844
2844
2844
2844
2844
2844
2844
2844
2844
2844
2844
2844
2844
2844
2844
2844
2844
2844
2844
2844
2844
2844
2844
2844
2844
2844
2844
2844
2844
2844
2844
2844
2844
2846
2846
2846
2846
2844
2844
2844
2861
2861
2844
2844
2844
2844
2844
2844
2844
2844
2844
2844
2844
2844
2844
2844
2844
2844
2844
2844
2844
2844
2844
2844
2844
2844
2849
2849
2849
2847
2847
2844
2844
2844
2844
2844
2844
2844
2844
2844
2844
2844
2844
2844
2858
2844
2844
2844
2844
2844
2844
2844
2844
2844
2844
2844
2844
2844
2844
2844
2855
2855
2844
2844
2844
2844
2844
2844
2844
2844
2844
2844
2844
2844
2844
2844
2844
2844
2844
2844
2844
2844
2844
2844
2844
2844
2844
2844
2844
2844
2844
2844
2844
2844
2844
2844
2844
2844
2844
2844
2844
2869
2870
2870
2870
2870
2870
2853
2853
2853
2853
2853
2853
2853
2853
2853
2853
2862
2862
2844
2849
2849
2849
2849
2849
2859
2859
2859
2859
2859
2859
2859
2844
2844
2844
2844
2844
2844
2844
2844
2844
2844
2844
2844
2844
2844
2844
2844
2844
2844
2844
2844
2844
2844
2844
2844
2844
2844
2844
2844
2844
2844
2844
2844
2844
2844
2844
2844
2844
2844
2844
2844
2844
2844
2844
2847
2847
2847
2867
2867
2867
2850
2850
2844
2844
2858
2858
2844
2844
2844
2844
2844
2844
2844
2844
2844
2844
2844
2758
2758
2758
2758
2758
2758
2758
2758
2758
2758
2758
2758
2758
2758
2800
2800
2800
2800
2800
2800
2799
2796
2796
2796
2796
2796
2796
2793
2793
2793
2793
2793
2793
2789
2789
2789
2789
2789
2789
2789
2789
2789
2789
2789
2789
2789
2789
2791
2789
2789
2789
2789
2789
2789
2789
2789
2789
2789
2789
2789
2789
2789
2789
2789
2789
2789
2789
2789
2789
2789
2789
2789
2789
2789
2789
2789
2789
2789
2789
2789
2789
2789
2789
2789
2789
2789
2789
2789
2789
2789
2789
2789
2780
2780
2782
2782
2782
2781
2781
2781
2781
2781
2784
2784
2784
2784
2784
2784
2784
2784
2784
2784
2784
2784
2780
2780
2780
2785
2785
2785
2785
2785
2785
2785
2785
2785
2785
2785
2785
2785
2785
2785
2785
2785
2785
2785
2808
2808
2785
2785
2785
2785
2785
2785
2785
2787
2787
2798
2798
2798
2796
2796
2786
2786
2786
2786
2765
2765
2765
2765
2774
2765
2765
2765
2765
2765
2765
2765
2765
2765
2765
2765
2765
2765
2765
2765
2765
2765
2765
2765
2765
2765
2765
2765
2765
2765
2765
2772
2772
2772
2772
2772
2772
2772
2772
2772
2772
2772
2772
2772
2772
2772
2772
2772
2772
2772
2772
2772
2772
2772
2765
2765
2765
2765
2765
2765
2765
2765
2765
2765
2765
2765
2765
2765
2765
2765
2765
2765
2765
2765
2765
2765
2765
2765
2765
2765
2765
2765
2765
2765
2765
2765
2765
2765
2765
2765
2765
2765
2765
2770
2770
2770
2770
2770
2770
2770
2770
2770
2770
2770
2770
2770
2770
2770
2770
2770
2770
2770
2770
2770
2765
2765
2765
2765
2765
2765
2765
2765
2765
2765
2765
2765
2765
2765
2765
2765
2765
2765
2765
2765
2765
2765
2765
2765
2765
2765
2765
2765
2765
2765
2765
2765
2765
2765
2765
2765
2765
2765
2765
2765
2765
2765
2765
2765
2765
2765
2765
2765
2765
2765
2765
2765
2765
2765
2765
2765
2765
2765
2765
2765
2765
2765
2765
2773
2773
2765
2765
2765
2765
2765
2765
2765
2765
2765
2765
2765
2765
2765
2765
2765
2765
2765
2765
2765
2765
2765
2765
2765
2765
2765
2765
2765
2765
2768
2768
2768
2768
2768
2768
2768
2765
2765
2765
2765
2765
2765
2765
2765
2765
2765
2765
2765
2765
2765
2765
2765
2765
2765
2765
2765
2765
2765
2765
2765
2765
2765
2765
2765
2765
2765
2765
2766
2766
2766
2766
2766
2765
2765
2765
2765
2765
2765
2765
2765
2765
2765
2765
2765
2765
2765
2765
2765
2765
2765
2765
2765
2765
2765
2765
2765
2765
2765
2765
2765
2765
2765
2765
2765
2765
2765
2765
2765
2765
2765
2765
2765
2765
2765
2765
2765
2776
2776
2776
2785
2785
2785
2785
2785
2785
2790
2790
2790
2790
2790
2790
2790
2790
2790
2790
2790
2790
2790
2790
2790
2790
2790
2790
2790
2790
2790
2790
2790
2781
2768
2768
2768
2768
2768
2768
2768
2768
2765
2765
2765
2765
2765
2765
2765
2765
2765
2765
2765
2765
2765
2765
2765
2765
2765
2765
2765
2765
2765
2765
2765
2765
2765
2765
2765
2765
2765
2765
2765
2765
2765
2765
2765
2765
2765
2765
2765
2771
2771
2765
2765
2765
2765
2765
2765
2765
2765
2765
2765
2765
2765
2765
2765
2765
2765
2765
2765
2765
2765
2765
2765
2765
2765
2765
2765
2765
2765
2765
2765
2765
2765
2765
2765
2765
2765
2765
2765
2765
2765
2765
2765
2765
2765
2765
2765
2765
2765
2765
2765
2765
2765
2766
2766
2766
2765
2765
2765
2765
2765
2765
2765
2765
2765
2765
2765
2765
2771
2765
2765
2765
2765
2765
2765
2765
2765
2765
2765
2765
2765
2765
2765
2765
2765
2765
2765
2765
2765
2765
2765
2765
2765
2765
2765
2765
2765
2765
2765
2765
2765
2765
2765
2765
2765
2765
2769
2769
2769
2769
2769
2769
2769
2769
2765
2765
2765
2765
2765
2769
2769
2769
2769
2769
2769
2769
2769
2769
2769
2769
2769
2769
2769
2769
2769
2769
2769
2769
2769
2769
2769
2769
2769
2769
2769
2765
2765
2765
2765
2765
2765
2765
2765
2765
2765
2765
2765
2765
2766
2766
2766
2767
2765
2765
2765
2765
2765
2765
2765
2765
2765
2765
2765
2765
2765
2765
2765
2765
2765
2765
2765
2765
2765
2765
2765
2765
2765
2765
2765
2765
2765
2765
2765
2765
2765
2765
2765
2765
2765
2765
2765
2765
2765
2765
2765
2765
2765
2765
2765
2765
2765
2765
2765
2765
2765
2765
2765
2765
2765
2765
2766
2766
2766
2766
2766
2766
2766
2765
2765
2765
2765
2767
2767
2770
2770
2770
2770
2770
2770
2770
2765
2765
2765
2765
2765
2765
2765
2765
2765
2765
2765
2765
2765
2765
2765
2765
2765
2765
2765
2765
2765
2765
2765
2765
2765
2765
2765
2765
2765
2765
2765
2765
2765
2765
2765
2765
2765
2765
2765
2765
2765
2765
2765
2765
2765
2765
2765
2765
2765
2765
2765
2765
2765
2765
2765
2765
2765
2765
2765
2765
2765
2765
2765
2765
2765
2765
2765
2765
2765
2765
2765
2765
2765
2765
2765
2765
2765
2765
2765
2765
2765
2765
2765
2765
2765
2765
2765
2765
2765
2765
2765
2765
2765
2765
2765
2765
2765
2765
2765
2765
2765
2765
2765
2765
2765
2765
2765
2765
2765
2765
2765
2765
2765
2765
2765
2765
2765
2765
2765
2765
2765
2765
2765
2765
2765
2765
2765
2765
2765
2765
2765
2765
2765
2765
2765
2765
2765
2765
2765
2765
2765
2765
2765
2766
2766
2766
2766
2766
2766
2766
2766
2766
2766
2766
2769
2769
2769
2769
2769
2769
2769
2769
2769
2769
2769
2769
2769
2767
2767
2765
2765
2765
2765
2765
2765
2765
2765
2765
2765
2765
2765
2765
2765
2765
2765
2767
2767
2767
2767
2767
2767
2767
2765
2765
2765
2765
2765
2765
2765
2765
2765
2770
2770
2770
2770
2770
2770
2770
2770
2770
2770
2770
2770
2770
2770
2770
2770
2775
2775
2775
2775
2775
2775
2775
2776
2776
2776
2776
2776
2776
2775
2775
2775
2775
2775
2775
2775
2775
2775
2775
2775
2775
2775
2775
2775
2775
2775
2778
2778
2778
2778
2778
2778
2778
2778
2775
2775
2775
2775
2775
2775
2775
2775
2775
2775
2775
2775
2775
2775
2775
2775
2775
2775
2775
2775
2775
2775
2775
2775
2775
2775
2775
2775
2775
2775
2775
2775
2775
2775
2775
2775
2775
2775
2775
2775
2775
2775
2775
2775
2775
2775
2775
2775
2775
2775
2775
2775
2775
2775
2775
2775
2775
2775
2775
2771
2771
2771
2771
2771
2771
2771
2771
2771
2771
2775
2775
2775
2775
2775
2775
2775
2775
2775
2775
2775
2775
2775
2775
2775
2775
2775
2775
2775
2775
2775
2775
2775
2775
2775
2775
2775
2775
2775
2775
2776
2775
2775
2775
2775
2775
2775
2775
2775
2775
2775
2775
2775
2775
2775
2775
2775
2775
2775
2775
2775
2775
2775
2775
2775
2775
2775
2775
2775
2775
2775
2775
2775
2775
2775
2775
2775
2775
2775
2775
2775
2775
2775
2775
2775
2775
2775
2775
2775
2775
2775
2775
2775
2775
2775
2775
2775
2775
2775
2775
2775
2775
2775
2775
2775
2775
2775
2775
2775
2775
2775
2775
2775
2775
2775
2775
2775
2775
2775
2775
2775
2775
2775
2775
2775
2775
2775
2775
2775
2775
2775
2775
2775
2775
2775
2775
2775
2775
2775
2775
2775
2775
2775
2775
2785
2785
2785
2775
2775
2775
2775
2775
2775
2775
2775
2775
2775
2775
2775
2775
2775
2775
2775
2775
2775
2775
2775
2775
2775
2775
2775
2775
2775
2775
2775
2775
2775
2775
2775
2775
2775
2775
2775
2775
2775
2775
2775
2775
2775
2775
2775
2775
2775
2775
2775
2775
2775
2775
2775
2775
2775
2775
2775
2775
2775
2775
2775
2775
2775
2775
2775
2775
2775
2775
2775
2775
2775
2775
2775
2775
2775
2775
2775
2775
2775
2775
2775
2775
2775
2775
2775
2775
2760
2760
2760
2760
2760
2760
2760
2760
2760
2760
2760
2760
2752
2752
2752
2752
2752
2752
2752
2752
2752
2752
2752
2752
2752
2752
2752
2752
2752
2752
2752
2752
2752
2752
2752
2752
2752
2752
2752
2752
2752
2752
2752
2752
2752
2752
2752
2752
2752
2752
2752
2752
2752
2752
2752
2752
2752
2752
2752
2752
2752
2752
2752
2752
2752
2752
2752
2752
2752
2752
2752
2752
2752
2752
2752
2752
2752
2752
2752
2752
2752
2752
2752
2752
2752
2752
2752
2752
2752
2752
2752
2752
2752
2754
2754
2754
2754
2754
2754
2754
2754
2754
2754
2754
2754
2754
2754
2754
2754
2754
2754
2754
2754
2754
2754
2754
2754
2754
2754
2754
2754
2754
2754
2754
2754
2754
2754
2754
2754
2754
2754
2754
2754
2754
2754
2754
2754
2754
2754
2754
2754
2754
2754
2754
2754
2754
2754
2754
2754
2754
2754
2754
2754
2754
2754
2754
2754
2754
2754
2754
2754
2754
2754
2754
2754
2754
2754
2754
2754
2754
2754
2754
2754
2754
2754
2754
2754
2754
2754
2754
2754
2754
2754
2754
2754
2754
2754
2754
2754
2754
2754
2754
2754
2754
2754
2754
2754
2754
2754
2754
2754
2754
2754
2754
2754
2754
2754
2754
2754
2754
2754
2754
2754
2754
2754
2754
2754
2754
2754
2754
2754
2754
2754
2754
2754
2754
2754
2754
2754
2754
2754
2754
2754
2754
2754
2754
2754
2754
2754
2754
2754
2754
2754
2754
2754
2754
2754
2754
2754
2754
2754
2754
2754
2754
2754
2754
2754
2754
2754
2754
2754
2754
2754
2754
2754
2754
2754
2756
2756
2756
2756
2756
2756
2756
2756
2756
2756
2756
2756
2756
2756
2756
2756
2756
2756
2756
2756
2756
2756
2756
2756
2756
2756
2756
2756
2756
2756
2756
2756
2756
2756
2756
2756
2756
2756
2756
2756
2756
2756
2756
2756
2756
2756
2756
2756
2756
2756
2756
2756
2756
2756
2756
2756
2756
2756
2756
2756
2756
2756
2756
2756
2756
2756
2756
2756
2756
2756
2756
2756
2756
2756
2756
2756
2756
2756
2756
2756
2756
2756
2756
2756
2756
2756
2756
2756
2756
2756
2756
2756
2756
2756
2756
2756
2756
2756
2756
2756
2756
2756
2756
2756
2756
2756
2756
2756
2756
2756
2756
2756
2756
2756
2756
2756
2756
2762
2756
2756
2756
2756
2756
2756
2756
2756
2756
2756
2756
2756
2756
2756
2756
2756
2756
2756
2756
2756
2756
2756
2756
2756
2756
2756
2756
2756
2756
2756
2756
2752
2752
2752
2752
2752
2752
2752
2752
2752
2752
2752
2752
2752
2752
2752
2752
2752
2752
2752
2752
2752
2752
2752
2752
2752
2752
2752
2752
2752
2752
2752
2752
2752
2752
2752
2752
2752
2752
2752
2752
2752
2752
2752
2752
2752
2752
2752
2752
2752
2752
2752
2752
2752
2752
2752
2752
2752
2752
2752
2752
2752
2752
2752
2752
2752
2752
2752
2752
2752
2752
2752
2752
2752
2752
2752
2752
2752
2752
2752
2754
2754
2754
2754
2754
2754
2754
2754
2754
2754
2754
2754
2754
2754
2754
2754
2754
2754
2754
2752
2752
2752
2752
2752
2752
2752
2752
2752
2752
2752
2752
2752
2752
2752
2752
2752
2752
2752
2752
2752
2752
2752
2752
2752
2752
2752
2752
2752
2752
2752
2752
2752
2752
2752
2752
2752
2752
2752
2752
2752
2752
2752
2752
2752
2752
2752
2752
2752
2752
2752
2752
2752
2752
2752
2752
2752
2752
2752
2752
2752
2752
2752
2752
2752
2752
2752
2752
2752
2752
2752
2752
2752
2752
2752
2752
2752
2752
2752
2752
2752
2752
2752
2752
2752
2752
2752
2752
2752
2752
2752
2752
2752
2752
2752
2752
2752
2752
2752
2752
2752
2752
2753
2753
2753
2753
2753
2754
2754
2752
2752
2752
2752
2752
2752
2752
2752
2752
2752
2752
2752
2752
2752
2752
2752
2752
2752
2752
2752
2752
2752
2752
2752
2752
2752
2752
2752
2752
2752
2752
2752
2752
2752
2752
2752
2752
2752
2752
2752
2752
2752
2752
2752
2752
2752
2752
2752
2752
2752
2752
2752
2752
2752
2752
2752
2752
2752
2752
2752
2752
2752
2752
2752
2752
2752
2752
2752
2752
2752
2752
2752
2752
2752
2752
2752
2752
2752
2752
2752
2752
2752
2752
2752
2752
2752
2752
2752
2752
2752
2752
2752
2752
2752
2752
2752
2752
2752
2752
2752
2752
2752
2752
2752
2752
2752
2752
2752
2752
2752
2752
2752
2752
2752
2752
2752
2752
2752
2752
2752
2752
2752
2752
2752
2752
2752
2752
2752
2752
2752
2752
2752
2752
2752
2752
2752
2752
2752
2752
2752
2752
2752
2752
2752
2752
2752
2752
2752
2755
2755
2755
2755
2755
2755
2755
2755
2755
2755
2755
2755
2755
2755
2755
2755
2755
2755
2755
2755
2755
2755
2755
2755
2755
2755
2755
2755
2755
2755
2755
2755
2755
2755
2755
2755
2755
2755
2755
2752
2752
2756
2756
2756
2756
2756
2752
2752
2752
2752
2752
2752
2752
2752
2752
2752
2752
2752
2752
2752
2752
2752
2752
2755
2755
2752
2752
2752
2752
2752
2752
2752
2752
2752
2752
2752
2752
2752
2752
2752
2752
2752
2752
2752
2752
2752
2752
2752
2752
2752
2752
2752
2752
2752
2752
2752
2752
2752
2752
2752
2752
2752
2752
2752
2752
2752
2752
2752
2752
2752
2752
2752
2752
2752
2752
2752
2752
2752
2752
2752
2752
2752
2752
2752
2752
2752
2752
2752
2752
2752
2752
2752
2752
2752
2752
2752
2752
2752
2752
2752
2752
2752
2752
2752
2752
2752
2752
2752
2752
2752
2752
2752
2752
2752
2752
2752
2752
2752
2752
2752
2752
2752
2752
2752
2752
2752
2752
2752
2752
2752
2752
2752
2752
2752
2752
2752
2752
2752
2752
2752
2752
2752
2752
2753
2753
2753
2753
2753
2753
2753
2753
2752
2752
2752
2752
2752
2752
2752
2752
2752
2752
2752
2752
2752
2752
2752
2752
2752
2752
2752
2752
2752
2752
2752
2752
2752
2752
2752
2752
2752
2752
2752
2752
2752
2752
2752
2752
2752
2752
2752
2752
2752
2752
2752
2752
2752
2752
2752
2752
2752
2757
2752
2752
2752
2752
2752
2752
2752
2752
2752
2752
2752
2752
2752
2752
2752
2752
2752
2752
2752
2752
2752
2752
2752
2752
2752
2752
2752
2752
2752
2752
2752
2752
2752
2752
2752
2752
2752
2752
2753
2753
2753
2753
2753
2753
2753
2753
2753
2753
2752
2752
2752
2752
2752
2752
2752
2752
2752
2752
2752
2752
2752
2752
2752
2752
2752
2752
2752
2752
2752
2752
2752
2752
2752
2752
2752
2752
2752
2752
2752
2752
2752
2752
2752
2752
2752
2752
2752
2752
2752
2752
2752
2752
2752
2752
2752
2752
2752
2752
2752
2752
2752
2752
2752
2752
2752
2752
2752
2752
2752
2752
2752
2752
2752
2752
2752
2752
2752
2752
2752
2752
2752
2752
2752
2752
2752
2752
2752
2752
2752
2752
2752
2752
2758
2758
2758
2758
2758
2758
2758
2758
2758
2758
2758
2758
2759
2758
2758
2758
2758
2758
2758
2758
2758
2758
2758
2758
2758
2758
2758
2758
2758
2758
2758
2758
2758
2758
2758
2758
2758
2758
2758
2758
2758
2758
2758
2761
2761
2761
2761
2761
2761
2761
2761
2761
2761
2761
2761
2761
2761
2761
2761
2761
2761
2761
2761
2761
2761
2761
2761
2761
2761
2761
2761
2761
2761
2761
2761
2761
2761
2761
2761
2758
2758
2758
2758
2758
2758
2758
2758
2758
2758
2758
2758
2758
2758
2758
2758
2758
2758
2758
2758
2758
2758
2758
2758
2758
2758
2758
2758
2758
2758
2758
2758
2764
2764
2764
2764
2764
2764
2764
2764
2764
2764
2764
2764
2764
2758
2758
2758
2758
2758
2758
2758
2758
2758
2758
2758
2758
2758
2758
2758
2758
2758
2758
2758
2758
2758
2758
2758
2758
2758
2758
2758
2758
2758
2760
2760
2758
2758
2758
2758
2758
2758
2758
2758
2758
2758
2758
2758
2758
2758
2758
2758
2758
2758
2758
2758
2758
2758
2758
2758
2773
2773
2773
2758
2758
2758
2758
2758
2758
2758
2758
2758
2758
2758
2758
2758
2758
2758
2754
2754
2754
2754
2754
2754
2754
2754
2754
2754
2754
2754
2754
2754
2754
2754
2754
2754
2754
2754
2754
2754
2754
2754
2754
2754
2754
2754
2754
2754
2754
2754
2754
2754
2754
2754
2754
2754
2754
2754
2754
2754
2754
2754
2754
2754
2754
2754
2754
2754
2754
2754
2754
2754
2754
2754
2754
2754
2754
2754
2754
2754
2754
2754
2754
2755
2755
2755
2755
2755
2755
2755
2755
2755
2755
2755
2755
2755
2755
2762
2762
2762
2762
2762
2762
2762
2762
2762
2762
2762
2762
2762
2762
2762
2762
2762
2762
2766
2764
2764
2764
2764
2764
2764
2764
2764
2764
2764
2764
2764
2764
2764
2764
2764
2764
2764
2764
2762
2762
2762
2762
2762
2764
2764
2764
2756
2756
2756
2756
2756
2755
2754
2754
2754
2754
2754
2754
2754
2757
2757
2757
2757
2757
2757
2757
2757
2757
2757
2757
2757
2757
2757
2757
2757
2757
2757
2757
2757
2757
2757
2757
2757
2757
2757
2757
2757
2757
2757
2758
2758
2758
2758
2758
2758
2758
2758
2757
2757
2757
2757
2757
2757
2752
2752
2752
2752
2752
2752
2752
2752
2752
2752
2752
2752
2752
2752
2752
2752
2752
2752
2752
2752
2752
2752
2752
2752
2752
2752
2752
2752
2752
2752
2752
2752
2752
2752
2752
2752
2752
2752
2752
2752
2752
2752
2752
2752
2752
2752
2752
2752
2752
2752
2752
2752
2752
2752
2752
2752
2752
2752
2752
2752
2752
2752
2752
2752
2752
2752
2752
2752
2752
2752
2752
2752
2752
2752
2752
2752
2752
2752
2752
2752
2752
2752
2752
2752
2752
2752
2752
2752
2752
2752
2752
2752
2752
2752
2752
2752
2752
2752
2752
2752
2752
2752
2752
2752
2752
2752
2752
2752
2752
2752
2752
2752
2752
2752
2754
2754
2754
2754
2754
2754
2754
2754
2754
2754
2754
2754
2754
2754
2754
2754
2754
2754
2754
2754
2754
2754
2754
2754
2754
2754
2754
2754
2754
2754
2754
2754
2754
2754
2754
2754
2754
2754
2754
2754
2754
2754
2754
2754
2754
2754
2754
2754
2754
2754
2754
2754
2754
2754
2754
2754
2754
2754
2754
2754
2754
2754
2754
2754
2754
2754
2754
2754
2754
2754
2754
2754
2754
2754
2758
2758
2758
2756
2758
2758
2758
2758
2758
2758
2758
2758
2758
2758
2758
2758
2758
2758
2758
2758
2758
2758
2758
2754
2754
2754
2754
2754
2754
2754
2754
2754
2754
2754
2754
2754
2754
2754
2754
2754
2754
2754
2754
2754
