3186
3246
3184
3258
3256
3203
3278
3278
3278
3262
3180
3277
3327
3327
3275
3275
3163
3168
3202
3115
3113
3113
3048
3076
3076
3063
3063
3063
3063
3023
3108
3108
3108
3076
3076
3076
3102
3012
3061
3053
3043
2988
2988
3002
2965
3007
3075
3075
3075
3095
3095
3095
3095
3106
3237
3252
3184
3144
3274
3306
3206
3138
3121
3148
3148
3148
3080
3033
3033
3026
3026
3029
3016
3033
3033
3113
3089
3089
3089
3089
3089
3076
3163
3153
3153
3326
3299
3261
3286
3286
3285
3315
3333
3397
3383
3462
3419
3419
3422
3414
3414
3436
3436
3365
3313
3313
3313
3322
3254
3302
3313
3265
3265
3256
3256
3333
3386
3387
3484
3363
3304
3304
3308
3393
3485
3424
3429
3344
3220
3220
3179
3243
3243
3201
3177
3206
3173
3167
3103
3044
3043
3070
3054
3054
3052
3064
3064
3064
3011
3011
3124
3165
3165
3165
3155
3155
3181
3181
3181
3169
3142
3142
3142
3142
3205
3178
3178
3170
3170
3156
3193
3122
3122
3056
3052
3080
3083
3087
3087
3143
3221
3216
3176
3176
3145
3227
3292
3265
3197
3197
3263
3310
3265
3265
3265
3377
3408
3406
3253
3198
3198
3164
3204
3200
3195
3153
3182
3182
3219
3185
3227
3227
3227
3234
3215
3118
3260
3306
3283
3207
3162
3254
3254
3225
3245
3161
3046
3020
2990
2990
2990
3015
3015
3015
3052
2877
2877
3039
3051
3120
3120
3129
3040
3148
3108
3097
3161
3177
3177
3161
3161
3194
3194
3163
3158
3158
3105
3192
3117
3190
3190
3215
3233
3279
3263
3263
3193
3124
3142
3148
3148
3100
3096
3091
3091
3100
3101
3122
3122
3063
3074
3079
3114
3149
3179
3143
3121
3043
3079
3106
3106
3196
3182
3185
3183
3280
3249
3249
3287
3316
3344
3344
3248
3212
3251
3262
3227
3285
3285
3285
3340
3212
3313
3313
3282
3335
3310
3307
3222
3177
3177
3059
3101
3101
3116
3103
3068
3104
3104
3104
3024
3069
3099
3066
3066
3066
3075
3066
3066
3146
3107
3133
3137
3137
3139
3126
3126
3126
3157
3157
3159
3159
3159
3165
3174
3189
3189
3189
3159
3167
3167
3167
3167
3160
3160
3160
3240
3162
3155
3143
3097
3097
3122
3122
3121
3158
3241
3241
3186
3186
3252
3195
3155
3155
3087
3087
3087
3142
3142
3142
3117
3095
3095
3108
3119
3124
3119
3163
3258
3258
3176
3183
3183
3183
3183
3161
3161
3161
3161
3161
3161
3161
3171
3189
3189
3255
3255
3189
3241
3166
3152
3152
3095
3072
3072
3081
3212
3212
3200
3200
3199
3145
3095
3107
3107
3087
3147
3154
3192
3142
3116
3194
3195
3195
3195
3162
3125
3125
3183
3134
3161
3157
3141
3132
3200
3164
3170
3123
3141
3213
3095
3093
3132
3132
3133
3133
3038
3096
3096
3096
3083
3083
3066
3119
3119
3119
3143
3143
3092
3092
3144
3120
3132
3166
3220
3220
3220
3283
3283
3283
3204
3207
3157
3138
3057
3057
3090
3114
3114
3112
3100
3072
3122
3142
3142
3166
3207
3164
3191
3122
3210
3210
3215
3176
3176
3176
3149
3234
3234
3195
3140
3148
3148
3148
3189
3189
3197
3188
3183
3256
3286
3248
3248
3125
3162
3154
3055
3055
3026
3026
2977
3056
3056
3056
3056
3107
3052
3042
3081
3204
3047
3047
3046
3046
3046
3050
3105
3105
3090
3107
3068
3108
3108
3108
3108
3201
3098
2960
2990
3029
3063
3029
3029
3029
3006
3074
3074
3032
3044
3044
3029
3083
3083
3083
3004
3005
2960
3004
3004
3052
3052
3052
3052
3136
3135
3259
3295
3276
3276
3276
3282
3282
3282
3282
3282
3282
3282
3282
3282
3227
3227
3227
3227
3300
3271
3271
3271
3271
3258
3258
3258
3258
3258
3258
3280
3280
3259
3268
3268
3208
3134
3166
3166
3166
3166
3168
3168
3168
3168
3168
3087
3110
3159
3159
3159
3207
3207
3175
3175
3175
3069
3163
3161
3161
3161
3161
3246
3269
3298
3335
3246
3290
3249
3226
3183
3121
3121
3099
3095
3084
3084
3035
2987
2983
2990
3018
3018
3071
3071
3021
3031
3058
3058
3058
3093
3093
3085
3062
3081
3094
3109
3101
3119
3104
3076
3141
3127
3084
3084
3084
3079
3088
3128
3128
3206
3206
3206
3237
3237
3194
3200
3200
3218
3187
3187
3187
3187
3187
3171
3171
3175
3201
3236
3255
3255
3220
3179
3179
3179
3148
3146
3146
3234
3295
3295
3228
3221
3191
3153
3184
3153
3167
3167
3137
3137
3160
3231
3254
3151
3233
3220
3138
3167
3167
3097
3084
3103
3112
3036
3043
3026
3104
3136
3163
3218
3284
3284
3284
3344
3344
3344
3370
3410
3477
3477
3465
3357
3335
3335
3335
3335
3335
3414
3334
3334
3334
3338
3249
3249
3361
3301
3301
3286
3246
3250
3241
3241
3241
3245
3245
3316
3305
3217
3217
3230
3214
3214
3146
3115
3057
3057
3057
3057
3057
3054
3125
3131
3131
3125
3070
3070
3070
3070
3070
3078
3020
3020
3020
3097
3016
3016
3017
3051
3133
3133
3082
3063
3063
3063
3124
3146
3267
3245
3245
3219
3224
3224
3224
3224
3224
3227
3224
3212
3139
3139
3139
3139
3178
3190
3190
3208
3127
3063
3104
3092
3092
3089
3139
3139
3139
3117
3112
3119
3099
3103
3103
3029
3029
3056
3054
3075
3054
3054
3114
3166
3166
3158
3158
3158
3083
2988
2988
2988
2988
2988
2988
2988
3027
3066
3067
3085
3040
3040
3002
3002
3041
3044
3044
2988
2988
3060
2987
3019
3019
3019
2973
2973
2973
2973
2975
3022
3022
3022
3022
3030
3030
3027
3027
3027
3027
3039
3022
3022
3022
3022
3022
3071
3059
3059
3105
3105
3105
3138
3138
3113
3082
3092
3095
3095
3168
3168
3198
3175
3155
3155
3193
3152
3273
3293
3293
3293
3290
3232
3183
3183
3183
3152
3152
3182
3182
3182
3182
3182
3182
3182
3199
3199
3199
3149
3087
3115
3103
3103
3103
3107
3107
3081
3060
3060
3030
3027
2957
2970
2973
2950
2950
3052
3100
2994
2994
2916
2916
2924
2924
2843
2863
2856
2856
2856
2856
2856
2889
2881
2921
2921
2921
2921
2910
2926
2963
2926
2960
2960
2960
2960
2960
2960
2960
3010
3010
3094
3097
3060
3029
3029
3037
3037
3034
3038
3060
3056
3021
3021
3047
3047
3075
3075
3200
3200
3200
3254
3269
3220
3180
3180
3130
3130
3130
3130
3073
3092
3092
3092
3190
3190
3190
3182
3182
3223
3229
3229
3229
3231
3292
3189
3189
3209
3120
3163
3211
3270
3180
3181
3180
3132
3132
3104
3104
3104
3143
3161
3161
3215
3215
3236
3158
3217
3217
3189
3253
3243
3243
3253
3253
3173
3173
3150
3239
3239
3180
3157
3188
3222
3140
3094
3032
3078
3241
3267
3341
3250
3159
3057
3041
3086
3103
3086
3117
3036
3063
2949
3023
3025
3010
3022
3106
3064
3075
3121
3055
3055
3047
3009
3018
3106
3106
3139
3146
3105
3055
3027
2973
2973
2973
2973
3060
3087
3236
3160
3160
3152
3209
3258
3258
3171
3172
3235
3235
3235
3272
3273
3273
3220
3220
3187
3187
3225
3225
3225
3212
3212
3268
3268
3298
3296
3199
3191
3269
3242
3197
3197
3174
3226
3146
3146
3129
3129
3092
3136
3136
3085
2954
3052
3052
3052
3108
3152
3169
3169
3246
3246
3206
3128
3128
3128
3128
3128
3128
3145
3145
3145
3145
3145
3244
3244
3244
3373
3390
3400
3400
3400
3400
3390
3387
3350
3350
3350
3350
3394
3394
3298
3298
3298
3330
3409
3415
3415
3409
3409
3383
3420
3451
3438
3438
3438
3438
3410
3506
3464
3464
3346
3346
3346
3339
3304
3304
3304
3304
3324
3258
3248
3248
3248
3303
3270
3270
3247
3257
3266
3282
3282
3282
3282
3282
3200
3200
3231
3161
3161
3128
3208
3208
3238
3264
3227
3236
3236
3236
3236
3306
3306
3337
3337
3266
3279
3265
3265
3278
3224
3278
3260
3260
3313
3313
3313
3241
3170
3170
3198
3201
3066
3159
3159
3159
3153
3093
3128
3128
3151
3086
3086
3091
3091
3171
3182
3182
3182
3253
3253
3280
3280
3253
3188
3188
3188
3256
3256
3242
3242
3225
3198
3198
3198
3154
3154
3203
3197
3197
3162
3186
3195
3168
3149
3158
3140
3146
3146
3171
3167
3167
3142
3068
3104
3136
3084
3084
3084
3099
3108
3047
3200
3318
3283
3228
3161
3195
3208
3228
3201
3201
3342
3329
3277
3326
3289
3196
3271
3297
3297
3283
3295
3317
3341
3309
3235
3216
3155
3032
3032
3032
3115
3154
3164
3167
3208
3147
3227
3227
3221
3257
3313
3168
3168
3160
3156
3163
3191
3197
3171
3171
3131
3121
3094
3133
3246
3246
3246
3246
3246
3246
3187
3187
3150
3150
3031
3056
3056
3056
3044
3158
3068
3133
3076
3056
3018
3018
3012
3012
3109
3027
2977
3066
3066
3066
3106
3150
3181
3181
3066
3048
3054
3054
3072
3061
3221
3200
3258
3208
3196
3196
3134
3134
3134
3069
3111
3092
3080
3080
3080
3080
2978
2978
2917
2917
2917
2945
2960
2960
2952
2965
2965
2965
2972
2979
2959
2980
3058
3058
3038
3038
3038
3038
3038
3087
3087
3056
3156
3156
3156
3268
3194
3109
3197
3197
3274
3274
3277
3277
3374
3280
3216
3240
3206
3165
3138
3148
3148
3148
3145
3222
3222
3222
3222
3231
3269
3269
3261
3261
3248
3248
3248
3252
3281
3345
3322
3322
3322
3322
3274
3103
3168
3231
3142
3142
3152
3183
3123
3123
3124
3006
2971
2973
2920
3046
3046
3155
3181
3169
3169
3230
3230
3155
3119
3091
3103
3128
3116
3116
3114
3114
3114
3092
3092
3092
3092
3172
3172
3172
3131
3184
3184
3184
3085
3138
3230
3134
3193
3081
3104
3104
3134
3097
3083
3083
3083
3094
3094
3061
3061
3061
3061
3107
3107
3055
3037
3052
3042
3056
3061
3014
3105
3105
3105
3105
3165
3176
3224
3224
3245
3225
3254
3197
3197
3145
3145
3229
3234
3190
3165
3165
3201
3201
3201
3087
3038
2987
3086
3086
3059
3059
3047
3047
3047
3045
3045
3150
3082
2989
3001
3001
3001
2999
2999
3086
3012
3014
3014
2970
2980
2980
2980
3074
3055
3015
3015
3002
3062
3062
3114
3033
3075
2992
2963
3026
2961
2938
3009
2958
3002
2933
2926
3010
2964
2964
3084
3156
3076
3091
3108
3149
3067
3120
3223
3190
3180
3199
3199
3105
3002
3002
2993
3059
3059
3180
3196
3196
3222
3205
3205
3205
3251
3185
3123
3123
3123
3098
3144
3095
3157
3157
3149
3149
3149
3157
3057
3088
3075
3007
3040
3040
3040
3040
3100
3100
3100
3100
3055
3029
3029
3029
3029
3029
3159
3091
3091
3011
3013
3136
3201
3206
3291
3291
3311
3210
3097
3097
3129
3129
3054
3128
3104
3104
3140
3153
3181
3181
3241
3270
3256
3308
3308
3308
3308
3308
3242
3154
3167
3167
3175
3105
3105
3105
3148
3148
3175
3175
3175
3186
3186
3258
3258
3258
3208
3208
3208
3124
3122
3077
3111
3131
3098
3052
3151
3151
3131
3169
3162
3003
3048
2979
3010
3012
3016
3016
2983
2999
2999
3026
3010
3098
3099
3099
3104
3104
3160
3210
3159
3057
3078
3120
3133
3155
3040
3029
2964
3012
3099
3120
3114
3114
3114
3114
3029
3015
3061
3067
3109
3109
3109
3109
3148
3176
3305
3195
3195
3224
3242
3242
3242
3242
3242
3242
3242
3171
3148
3113
3180
3176
3176
3176
3176
3176
3176
3176
3176
3176
3121
3121
3174
3186
3186
3186
3105
3115
3115
3141
3141
3141
3154
3154
3154
3154
3150
3150
3096
3087
3087
3148
3148
3097
3075
3075
3075
3075
3066
3066
3119
3092
3092
3091
3088
3100
3064
3079
3079
3079
3122
3122
3150
3150
3132
3132
3132
3132
3061
3107
3107
3061
3004
3004
3012
3020
3146
3146
3120
3126
3159
3159
3167
3184
3177
3177
3177
3215
3216
3165
3165
3241
3241
3241
3262
3302
3351
3351
3321
3357
3384
3362
3362
3340
3391
3455
3457
3350
3311
3246
3246
3253
3204
3318
3392
3393
3297
3211
3248
3243
3243
3161
3126
3125
3125
3113
3113
3127
3113
3089
3053
3053
3053
3053
3053
3089
3113
3113
3085
3085
3085
3085
3085
3085
3085
3093
3034
3005
3002
3006
3006
3037
3033
3033
3033
3098
3117
3134
3116
3263
3210
3276
3276
3276
3332
3332
3332
3332
3291
3314
3314
3350
3253
3262
3262
3264
3194
3194
3183
3183
3183
3183
3183
3119
3104
3027
3027
3027
3057
3057
2977
2977
2977
2977
2906
3014
3028
3008
3008
3042
3040
3040
2997
3096
3105
3105
3110
3110
3110
3093
3137
3108
3215
3236
3239
3224
3327
3306
3411
3390
3390
3344
3311
3290
3213
3176
3120
3160
3202
3202
3258
3275
3260
3260
3278
3271
3246
3224
3205
3205
3181
3252
3252
3252
3283
3352
3284
3273
3270
3270
3270
3331
3344
3315
3315
3282
3282
3266
3202
3160
3133
3162
3162
3079
3096
3096
3107
3213
3195
3209
3218
3218
3246
3246
3246
3215
3215
3238
3269
3269
3212
3239
3239
3214
3209
3209
3267
3238
3268
3287
3297
3283
3286
3286
3224
3224
3231
3238
3238
3250
3281
3243
3173
3176
3176
3182
3192
3119
3112
3110
3048
3048
3048
3080
3080
3176
3176
3176
3181
3246
3322
3322
3322
3322
3322
3322
3322
3322
3322
3295
3329
3341
3317
3317
3317
3349
3349
3349
3329
3324
3359
3333
3333
3451
3456
3427
3427
3449
3449
3449
3470
3443
3444
3406
3406
3408
3379
3478
3478
3440
3440
3302
3341
3341
3275
3341
3341
3288
3278
3278
3339
3339
3353
3356
3390
3390
3390
3326
3358
3263
3276
3276
3276
3242
3408
3313
3221
3217
3217
3309
3309
3309
3348
3385
3385
3449
3449
3449
3449
3412
3412
3405
3326
3238
3300
3300
3327
3290
3262
3260
3219
3239
3239
3243
3243
3243
3243
3229
3229
3229
3334
3331
3348
3289
3289
3289
3289
3269
3273
3296
3238
3213
3217
3214
3214
3181
3158
3197
3159
3159
3159
3159
3075
3088
3138
3138
3109
3109
3109
3109
3068
3115
3115
3115
3115
3115
3149
3149
3151
3114
3109
3109
3189
3189
3189
3205
3147
3214
3214
3180
3136
3225
3225
3198
3213
3212
3212
3212
3165
3137
3173
3174
3174
3142
3142
3142
3101
3061
3061
3061
3004
3065
3052
3052
3136
3178
3178
3233
3302
3302
3302
3328
3328
3329
3329
3317
3317
3317
3230
3224
3224
3074
3118
3118
3111
3134
3134
3134
3167
3187
3187
3198
3168
3168
3168
3221
3242
3233
3163
3163
3151
3069
3133
3137
3173
3165
3149
3110
3167
3167
3230
3129
3088
3088
3090
3145
3145
3139
3218
3218
3280
3268
3292
3292
3292
3297
3297
3288
3174
3174
3174
3174
3190
3190
3269
3212
3143
3118
3175
3175
3237
3222
3177
3177
3120
3045
3045
3079
3141
3129
3083
3083
3038
3007
3058
3012
2934
2939
2939
3069
3080
3069
3084
3182
3182
3182
3193
3234
3199
3199
3192
3178
3230
3214
3258
3258
3266
3266
3310
3319
3326
3287
3313
3359
3359
3322
3322
3322
3347
3316
3225
3236
3215
3225
3225
3225
3241
3245
3327
3325
3325
3325
3244
3243
3284
3284
3206
3206
3213
3181
3266
3250
3390
3390
3379
3369
3320
3350
3382
3424
3520
3520
3509
3564
3579
3605
3536
3520
3557
3557
3545
3571
3571
3525
3525
3525
3525
3514
3514
3514
3481
3466
3540
3582
3500
3550
3552
3462
3520
3520
3491
3446
3447
3452
3452
3452
3435
3399
3364
3364
3460
3353
3353
3421
3464
3465
3375
3335
3335
3398
3397
3360
3360
3294
3220
3177
3177
3177
3200
3200
3169
3169
3084
3096
3187
3246
3200
3253
3253
3187
3187
3276
3276
3276
3215
3221
3221
3221
3221
3221
3221
3195
3195
3195
3098
3067
3163
3163
3123
3152
3161
3058
3058
3100
3100
3195
3285
3325
3346
3346
3309
3275
3280
3204
3204
3292
3303
3303
3325
3398
3336
3336
3267
3267
3215
3215
3226
3182
3121
3121
3176
3108
3089
3079
3079
3079
3079
3068
3063
3063
3063
3063
3063
3055
3048
3035
3035
3035
3065
3107
3003
3003
3000
2976
3018
3018
3018
3160
3160
3160
3147
3177
3195
3195
3194
3192
3192
3192
3322
3328
3328
3328
3272
3272
3272
3272
3273
3273
3273
3273
3273
3273
3206
3241
3241
3241
3203
3147
3185
3073
3098
3098
3098
3098
3162
3056
3056
3065
3100
3100
3064
3064
3168
3165
3108
3104
3104
3135
3184
3207
3040
3102
3102
3102
3102
3124
3067
3068
3053
3083
3083
3056
3064
3064
3070
3070
3007
2979
2979
2979
2979
2971
2971
2971
2911
2911
3015
3015
3015
3066
3049
3049
3001
3025
3029
3094
3094
3119
3167
3140
3191
3191
3187
3151
3086
3086
3086
3086
3094
3141
3052
3052
3109
3109
3032
3092
3091
3091
3091
3137
3111
3111
3111
3111
3111
3168
3177
3167
3167
3276
3197
3197
3197
3191
3201
3201
3203
3171
3182
3205
3218
3218
3118
3118
3118
3118
3118
3114
3114
3114
3114
3138
3138
3204
3204
3204
3166
3166
3166
3230
3236
3108
3108
3108
3108
3108
3027
3049
3049
2964
2964
3093
3048
2962
2968
2968
3025
3083
3086
3083
3094
3108
3108
3108
3117
3117
3117
3117
3117
3117
3117
3061
3099
3030
3030
3086
2966
2988
3073
3065
3058
3055
3066
3039
3039
3039
3039
3039
3080
3093
3093
3084
3238
3201
3083
3147
3232
3212
3203
3129
3129
3129
3129
3089
3117
3240
3240
3240
3240
3151
3128
3150
3143
3020
3020
3018
3018
3018
3018
3018
3018
3047
3047
3094
3094
3054
3089
3089
3149
3269
3282
3227
3093
3093
3072
3072
3072
3095
3097
3015
3015
3042
2990
3006
2920
2920
2920
2905
2905
2924
2898
2898
2915
2868
2881
2889
2889
2889
2861
2861
2917
2917
2917
2917
2917
2990
2990
3019
3019
3019
3001
3001
3001
2934
2970
2970
2970
2894
2894
2883
2883
2857
2906
2906
2906
2906
2906
2888
2873
2873
2911
2880
2880
2880
2928
2921
2921
2902
2902
2902
2965
2987
2981
2981
2957
2957
2957
2957
3019
3019
3019
3019
3075
3063
3014
3014
2999
3033
3033
3047
3037
3037
3017
3115
3069
3090
3108
3108
3123
3132
3144
3136
3218
3168
3194
3163
3163
3197
3235
3201
3099
3103
3149
3130
3130
3114
3114
3054
3072
3072
3072
3046
3046
3040
3064
3064
3064
3064
3064
3133
3202
3202
3204
3217
3217
3209
3223
3223
3221
3176
3221
3243
3183
3183
3202
3202
3217
3217
3196
3200
3200
3200
3200
3139
3207
3297
3297
3297
3297
3297
3348
3301
3224
3251
3251
3245
3328
3328
3263
3211
3221
3251
3221
3226
3226
3226
3160
3197
3182
3136
3118
3188
3237
3173
3141
3078
3078
3078
3133
3167
3177
3127
3127
3127
3127
3127
3127
3127
3127
3172
3212
3212
3140
3140
3140
3140
3140
3178
3155
3231
3205
3231
3141
3138
3138
3162
3194
3194
3160
3154
3170
3170
3148
3148
3177
3177
3134
3225
3245
3245
3177
3177
3177
3158
3086
3086
3086
3086
3086
3017
3014
3078
3118
2991
2991
2988
2988
2993
3031
3080
3152
3152
3152
3200
3201
3201
3201
3150
3125
3125
3108
3108
3110
3106
3116
3108
3091
3055
3058
3026
3026
3026
3026
3026
3069
3069
3110
3060
3060
3060
3060
3006
3009
3009
3009
3019
3019
3014
3077
3045
3009
2965
3025
2957
2963
3096
3037
3052
3052
3045
3018
3005
3047
3047
3079
3048
3048
3037
3056
3056
3021
3021
3022
2982
2989
2957
2936
2936
2994
2994
2994
2990
2952
2952
2952
2909
2909
2909
2909
2870
2870
2870
2870
2935
2936
2859
2870
2870
2870
2831
2873
2873
2857
2857
2823
2823
2842
2870
2823
2823
2868
2823
2823
2823
2823
2825
2850
2850
2823
2823
2823
2823
2870
2889
2889
2889
2907
2961
3055
3008
3008
3008
2996
2996
3050
3050
3045
2975
2975
2975
3013
2982
2914
2924
2907
2899
2899
2899
2899
3025
3025
3025
3025
3025
3025
3025
3023
3023
3037
3037
3019
3019
3027
3027
2934
2934
2933
2988
2999
2999
3022
3010
3010
3054
3086
3086
3086
3136
3223
3098
3093
3093
3024
3024
3024
3024
3073
3073
3073
3059
3059
3049
3049
3049
3099
3099
3057
3057
3125
3139
3090
3105
3108
3108
3108
3147
3147
3146
3100
3100
3100
3109
3122
3122
3063
3066
3065
3120
3120
3120
3065
3065
3065
3062
3062
3040
3040
3040
3057
3034
3029
3034
3034
3034
3034
3046
3046
3046
3092
3092
3274
3274
3346
3312
3352
3377
3377
3391
3391
3391
3352
3318
3318
3318
3318
3318
3372
3372
3358
3344
3344
3344
3344
3344
3344
3344
3300
3300
3376
3362
3362
3362
3362
3362
3299
3239
3239
3152
3152
3152
3152
3152
3152
3152
3152
3148
3148
3148
3148
3211
3211
3268
3236
3295
3234
3201
3168
3160
3118
3111
3130
3130
3092
3067
3067
3052
3165
3165
3165
3167
3167
3167
3167
3112
3204
3192
3146
3146
3146
3102
3190
3168
3210
3286
3282
3236
3236
3192
3209
3216
3216
3261
3203
3209
3209
3197
3273
3273
3203
3203
3176
3171
3149
3161
3107
3107
3074
3038
2993
2993
2978
2978
2978
2979
2979
2979
2963
2963
2935
3022
3022
2996
2987
2972
2964
2944
2912
2885
2885
2885
2905
2905
2880
2880
2880
2880
2880
2880
2880
2880
2851
2921
2894
2895
3009
3017
2965
2961
2931
2931
2931
2969
2981
2981
2981
2970
2996
2996
2996
2996
2996
2996
2996
2996
2996
2996
2996
3005
3005
3022
3022
2963
2963
2963
2989
2989
2989
2989
3040
3040
3071
3071
3066
3094
3094
3058
3058
3116
3058
3058
2995
3005
3005
2986
2986
2986
2997
2997
2997
3046
3040
3040
3064
3064
3084
3076
3121
3121
3121
3182
3182
3161
3149
3149
3149
3185
3160
3160
3143
3143
3143
3199
3205
3205
3203
3159
3168
3168
3166
3166
3166
3166
3166
3160
3160
3160
3160
3176
3176
3135
3135
3135
3109
3109
3109
3122
3161
3132
3132
3164
3108
3108
3113
3113
3127
3127
3099
3108
3150
3150
3150
3189
3189
3189
3205
3244
3140
3140
3140
3219
3224
3190
3190
3143
3143
3159
3159
3159
3159
3154
3172
3151
3129
3131
3131
3125
3125
3127
3127
3091
3084
2979
2979
2974
2974
3040
3128
3082
3082
3215
3155
3155
3179
3182
3182
3250
3307
3334
3325
3325
3247
3333
3362
3335
3251
3256
3256
3237
3158
3171
3154
3159
3128
3202
3212
3212
3205
3139
3176
3176
3182
3171
3193
3189
3249
3249
3249
3217
3217
3189
3189
3196
3122
3122
3121
3121
3182
3182
3182
3171
3171
3171
3136
3125
3051
3075
3075
3013
3013
3013
2988
2988
3021
3021
3047
3047
3021
3021
3032
3089
3103
3031
2990
2989
3037
3037
3037
3037
3064
3053
3058
3058
3071
3053
3056
3056
3141
3141
3086
3031
3056
3056
3134
3140
3137
3137
3134
3134
3120
3120
3125
3125
3120
3157
3157
3157
3169
3109
3136
3107
3107
3111
3127
3242
3242
3231
3218
3215
3219
3189
3189
3164
3153
3153
3187
3229
3288
3305
3323
3323
3232
3232
3302
3270
3276
3297
3309
3309
3287
3210
3202
3202
3232
3232
3232
3243
3220
3224
3136
3090
3092
3092
3092
3092
3111
3116
3080
3080
3080
3080
3113
3137
3108
3081
3060
3060
3060
3069
3083
3083
3083
3060
3060
3074
3074
3074
3052
3117
3176
3176
3085
3034
3062
3062
3039
3039
3039
3052
3075
3066
3070
3171
3171
3171
3171
3171
3192
3192
3126
3121
3153
3153
3153
3153
3152
3153
3153
3153
3153
3153
3072
3072
3072
3051
3047
3075
3023
3023
3099
3099
3099
3099
3099
3099
3108
3108
3105
3105
3113
3113
3113
3113
3113
3052
3052
3060
3077
3094
3094
3094
3052
3135
3107
3107
3114
3114
3114
3114
3114
3114
3039
3039
3039
3039
3099
3099
3020
3066
3066
3066
3066
3149
3149
3149
3149
3149
3052
3047
3047
3055
3055
3055
3104
3110
3110
3110
3110
3110
3043
3009
3009
2900
2900
2901
2901
2917
2939
2997
2997
2997
2997
2997
2997
2997
2923
2930
2893
2937
2935
2935
2935
2927
2927
2969
2969
2953
2892
2892
2892
2892
2892
2954
2941
2981
3032
3032
3059
3107
3107
3126
3126
3183
3129
3082
3082
3082
3082
3136
3103
3073
3117
3073
3067
3079
3091
3091
3091
3084
3084
3084
3051
3049
3049
3049
3102
3102
3049
3049
3049
3049
3065
3065
3065
3065
2998
3037
3037
3037
3037
3037
3022
3060
3039
3049
3049
3049
3061
3036
3009
3018
2997
2997
2965
2929
2929
3024
3040
3040
3037
3070
3070
2967
2967
2967
2869
2861
2861
2861
2861
2861
2864
2937
2937
2937
2857
2857
2857
2857
2884
2958
2958
2958
2958
3004
3007
3007
3007
3020
3010
3010
3010
2945
2945
2945
3043
3043
3043
3029
3029
3029
2960
2960
2953
2953
2926
2911
2970
2970
2970
2970
2970
2970
2970
2970
2982
2982
2994
2994
2994
2996
2996
2996
2996
2996
3065
3037
3037
3037
3037
3027
3038
3089
3088
3088
3114
3114
3114
3114
3114
3146
3146
3016
3016
3016
3015
3015
3186
3186
3146
3146
3024
3024
3003
3003
3003
3002
3002
3002
3002
3055
3055
3055
3055
3062
3062
3062
3061
3061
3061
3010
3010
3010
2994
2978
2978
2978
2978
2978
2978
2978
2978
2978
2978
2978
2978
2978
2978
2978
2978
2978
2978
2990
3035
3035
3026
3026
3087
3043
3039
3039
3039
3030
3069
3069
3069
3069
3069
3069
3061
3061
3069
3069
3073
3073
3073
3073
3073
3028
3028
3028
3028
3028
3028
3043
3043
3043
3043
3043
3043
3043
3045
3045
3045
3045
3045
2978
2978
2978
2978
2978
2978
3037
3037
3037
3037
3037
3037
3037
3037
3037
3056
3056
3168
3121
3121
3112
3112
3112
3112
3111
3111
3111
3064
3064
3064
3064
3134
3134
3124
3088
3088
3088
3088
3115
3115
3115
3115
3172
3115
3115
3023
3023
3023
3023
3023
3023
3019
3019
3028
2998
2998
3063
3063
3145
3136
3186
3186
3075
3075
3075
3051
3051
3006
3041
3041
3048
3027
3027
3027
3027
3027
3027
3027
3028
3116
3110
3110
3110
3110
3107
3107
3107
3056
3056
3087
3068
3069
3076
3076
3076
3076
3042
3042
3056
3056
2989
2955
2947
2997
2997
2986
2986
2986
2988
2953
2953
2953
2953
2966
2966
2966
2965
2924
2924
2946
2946
2946
2946
2946
2960
2977
2986
2986
3038
2971
2971
3008
3008
3008
3002
3002
3050
3050
3050
2986
3060
3117
3054
3054
3054
3054
3054
3054
3052
3024
3024
2926
2982
3001
2995
3003
3003
3053
2974
2974
2974
3046
3055
3055
3055
3045
3020
3020
3074
3074
3072
3040
3040
3040
3040
2991
2991
2987
2979
2979
2979
2995
2997
3046
3000
3003
3009
2931
2994
3050
3050
3050
3050
3060
3060
3060
3091
3099
3099
3099
3099
3104
3104
3158
3158
3158
3150
3044
3043
3046
3046
3046
3046
3008
3008
3008
3008
3008
2975
3000
3000
3000
2969
2969
2982
2982
2962
2954
2956
2956
2956
2950
2965
2965
2967
2967
2952
2952
2952
2955
2950
2950
2950
2950
2982
2982
2982
2982
2982
2982
2982
2982
3023
2955
2985
2985
3034
3046
3034
3034
3034
3060
2989
2964
2975
2975
2975
2910
2910
2910
2954
2954
2954
2972
2958
2958
2958
2958
2975
2975
2991
2991
3026
2934
2934
2940
2940
2980
2983
2983
2999
3009
3009
3009
3022
2983
2983
3031
3031
3031
3067
3050
3050
3084
3084
3103
3103
3103
3103
3103
3171
3171
3202
3145
3148
3219
3222
3222
3231
3194
3220
3220
3215
3150
3150
3150
3137
3137
3137
3145
3205
3211
3209
3236
3197
3197
3197
3197
3178
3139
3139
3139
3139
3166
3166
3139
3122
3092
3092
3092
3092
3092
3092
3092
3106
3105
3105
3105
3063
3063
3063
3063
3063
3078
3085
3085
3085
3067
3067
3066
3010
3010
3010
3010
3022
3022
3008
2994
2985
2985
2985
3018
3018
3018
3018
3026
3006
3006
3006
3039
3080
3080
3080
3143
3087
3087
3087
3087
3087
3087
3029
3067
3067
2963
2963
2963
2963
2974
2963
2963
2963
2998
2998
3025
3025
3025
3025
3006
3079
3079
3079
3079
3039
3039
3073
3073
3073
3073
3130
3141
3141
3120
3027
3027
3081
3206
3206
3206
3169
3169
3149
3149
3082
3064
3064
3064
3064
3064
3064
3029
3053
3053
3044
3044
3044
3066
3066
3066
3030
3000
2995
2995
2995
2997
2968
2968
2868
2862
2862
2860
2860
2890
2932
2932
2932
2928
2923
2930
2930
2921
2899
2900
2900
2916
2916
2922
2922
2933
2933
2933
2933
2933
2933
2933
2928
2928
2922
2922
2922
2917
2917
2920
2920
2926
2991
2987
3018
3005
3048
3048
3052
3090
3090
3090
3035
3035
2996
2996
2996
3011
2953
2953
2968
2977
3009
3023
3041
3041
3041
3025
3033
2981
2981
2981
2970
2948
2948
2948
2948
2948
2948
2958
2967
2967
2999
2938
2938
2938
3039
3039
3039
3039
3039
3098
3081
3095
3095
3078
3106
3122
3122
3096
3096
3094
3045
3045
3045
3062
3055
3055
3055
3056
3049
3090
3051
3025
3025
3025
3031
3063
3063
3026
3026
3026
3026
3026
3026
3026
3026
3062
3055
3054
3054
3054
3054
3054
3054
3067
3095
3095
3067
3067
3112
3108
3124
3124
3108
3108
3108
3138
3138
3145
3088
3088
3088
3088
3102
3102
3102
3102
3111
3111
3116
3116
3090
3106
3090
3090
3090
3090
3088
3115
3115
3115
3066
3063
3063
3063
3088
3046
3040
3040
3040
3020
3047
3047
3047
3047
3047
3027
2984
2984
2984
2984
2935
2935
2935
2969
2969
2970
2970
3025
3025
3025
3035
3035
3035
3035
2991
2987
3002
3002
3000
2949
3022
3006
3006
2950
2950
2950
2950
2955
2947
2947
3035
3035
3035
3035
3035
3035
3035
3035
2985
2985
2985
3001
3059
3059
3059
3050
2971
3058
3058
3058
3047
3039
2984
2997
2997
2994
2994
2994
2994
2994
2994
2981
2986
2986
2981
2981
2981
2981
2981
2985
2998
2998
3000
3000
3000
3078
3078
3078
3092
3092
3090
3070
3026
3026
3026
3026
3002
2994
2970
2970
2982
2982
2982
2982
2982
2953
2953
2953
2953
2953
2976
2976
2976
2976
2976
2976
2976
2976
2976
2976
2976
2976
2976
2980
2980
2980
2980
2980
2978
3025
3025
3025
3025
2974
2974
2974
2974
2974
2987
3020
3020
3005
3005
3005
3005
3005
3018
2980
2980
2980
2980
2955
2955
2951
2951
2951
2951
2951
2987
2987
2987
2995
2995
2995
2995
3012
3012
3012
2982
2977
3036
3009
2998
2998
2998
3028
2986
2986
2946
2972
2972
2998
2998
3022
2983
2983
2984
2984
2992
2992
2992
2940
3023
3023
3018
3018
2956
2964
2964
2964
2950
2950
2850
2850
2850
2850
2850
2850
2850
2854
2854
2854
2854
2920
3015
3034
3034
2973
2973
2977
2982
3003
3003
2987
2980
2927
2927
2979
2945
2945
2963
2963
2973
2976
2976
2976
2955
2955
2955
2955
2968
2955
2955
3000
3006
3006
3006
3006
3006
3010
2995
2995
3028
3006
3006
3006
3006
3036
3038
3054
3038
3064
3064
3064
3064
3032
3032
3032
3032
3018
3015
3012
3012
3057
2985
2985
2985
2959
2951
2951
2926
3001
3001
3001
3001
3001
3001
3001
3001
3001
3001
2959
2959
2959
2959
2959
2959
2959
2959
2959
2959
2970
2970
3018
3018
3039
3039
3039
3039
3039
3039
3067
3053
3064
3064
3064
3064
3064
3081
3081
3081
3081
3081
3081
2933
2930
2959
2959
2959
2997
2997
2917
2917
2917
2917
2915
2915
2915
2915
2915
2915
2915
2919
2919
2986
2986
2994
2994
3001
3001
3014
3098
3037
3037
3067
3067
3067
3076
3076
3076
3003
2930
2930
2907
2950
2950
2950
2950
2950
2928
2940
2897
2922
2922
2922
2922
2922
2922
2922
2922
2922
2947
2940
2940
2940
2923
2923
2901
2878
2878
2878
2876
2876
2876
2876
2876
2876
2876
2882
2882
2879
2876
2876
2876
2876
2920
2920
2920
2920
2904
2904
2904
2904
2904
2904
2904
2904
2904
2904
2904
2891
2851
2844
2844
2844
2844
2844
2844
2844
2835
2835
2835
2835
2835
2858
2838
2838
2838
2838
2838
2836
2836
2836
2836
2836
2836
2836
2836
2836
2828
2828
2828
2853
2853
2853
2853
2821
2821
2821
2821
2821
2826
2826
2826
2821
2814
2814
2811
2811
2811
2814
2814
2814
2814
2811
2811
2811
2811
2822
2811
2826
2826
2826
2826
2826
2833
2833
2833
2811
2832
2820
2820
2824
2824
2824
2824
2824
2811
2811
2811
2811
2811
2811
2811
2811
2811
2811
2811
2811
2811
2811
2837
2837
2862
2862
2862
2862
2862
2884
2855
2818
2818
2818
2823
2823
2823
2811
2811
2827
2827
2827
2827
2827
2827
2823
2823
2823
2823
2823
2823
2823
2823
2823
2823
2835
2826
2826
2826
2826
2826
2826
2813
2813
2813
2810
2810
2810
2810
2810
2818
2818
2818
2831
2831
2833
2833
2833
2896
2896
2896
2896
2896
2896
2896
2896
2918
2918
2918
2931
2931
2931
2931
2931
2904
2904
2904
2904
2904
2901
2901
2901
2901
2901
2901
2901
2909
2886
2886
2886
2886
2886
2874
2896
2874
2875
2875
2879
2879
2853
2853
2853
2906
2906
2943
2902
2902
2902
2878
2878
2878
2878
2878
2923
2923
2923
2923
2923
2866
2867
2867
2867
2896
2867
2867
2873
2873
2873
2873
2873
2881
2881
2881
2881
2881
2881
2881
2873
2873
2873
2873
2937
2937
2937
2952
2889
2874
2874
2876
2867
2867
2867
2843
2855
2855
2840
2795
2782
2782
2782
2803
2803
2803
2814
2814
2814
2814
2814
2802
2815
2815
2815
2815
2815
2815
2789
2809
2809
2866
2862
2862
2868
2868
2868
2868
2868
2902
2902
2883
2856
2847
2847
2847
2898
2898
2898
2925
2925
2925
2857
2857
2857
2857
2857
2857
2857
2857
2833
2833
2833
2834
2834
2834
2834
2834
2834
2869
2869
2868
2891
2891
2891
2891
2863
2864
2877
2877
2877
2936
2936
2899
2899
2899
2925
2925
2908
2946
2946
2952
2960
2961
2961
2966
2966
2966
2966
2965
2965
2965
2965
2965
2965
2965
2965
2964
2964
2968
2968
2968
2933
2937
2901
2901
2889
2889
2889
2887
2887
2887
2887
2887
2887
2887
2887
2887
2887
2887
2887
2885
2885
2885
2885
2885
2885
2885
2883
2867
2867
2867
2867
2867
2867
2867
2867
2867
2867
2867
2867
2867
2867
2867
2867
2867
2867
2867
2867
2867
2867
2867
2867
2867
2867
2867
2867
2867
2867
2867
2867
2878
2878
2867
2867
2867
2867
2867
2867
2867
2867
2878
2878
2894
2894
2894
2894
2889
2894
2894
2920
2920
2963
2963
2963
2931
2931
2904
2899
2899
2899
2899
2899
2899
2899
2899
2899
2922
2922
2922
2956
2956
2956
2956
2956
2956
2956
2956
2956
2956
2928
2983
2983
2983
2983
2983
2983
2983
2983
2928
2928
2928
2928
2928
2928
2928
2928
2928
2928
2928
2937
2937
2937
2939
2939
2939
2939
2939
2928
2928
2928
2928
2937
2937
2937
2937
2937
2928
2928
2928
2928
2928
2928
2947
2947
2947
2947
2947
2947
2947
2947
2947
2948
2948
2948
2948
2948
2948
2948
2934
2934
2964
2964
2964
2964
2964
2964
2964
2946
2962
2962
2962
2976
2976
2976
2976
2976
2976
2976
2976
2976
2976
2976
2976
2976
2976
2976
2976
2976
2976
2976
2976
2973
2973
2916
2916
2916
2916
2916
2916
2916
2919
2919
2919
2918
2918
2918
2918
2918
2918
2916
2916
2916
2916
2916
2916
2916
2916
2916
2916
2916
2951
2951
2951
2951
2936
2936
2919
2927
2927
2908
2908
2908
2876
2876
2876
2876
2876
2876
2889
2889
2889
2896
2896
2890
2890
2890
2837
2837
2818
2818
2837
2837
2837
2853
2853
2876
2876
2876
2876
2876
2889
2889
2889
2882
2882
2883
2872
2880
2880
2911
2911
2911
2897
2897
2897
2897
2897
2893
2893
2874
2856
2856
2856
2836
2836
2836
2836
2830
2830
2830
2830
2831
2831
2831
2831
2831
2831
2817
2817
2817
2817
2817
2817
2817
2817
2817
2817
2817
2817
2812
2812
2812
2812
2812
2812
2812
2844
2844
2844
2844
2844
2844
2859
2859
2859
2859
2859
2859
2881
2881
2862
2862
2862
2939
2939
2939
2939
2913
2913
2866
2866
2866
2866
2866
2866
2866
2866
2866
2866
2866
2866
2866
2866
2866
2866
2868
2868
2868
2868
2868
2868
2868
2868
2868
2868
2868
2868
2868
2868
2882
2882
2882
2881
2881
2881
2881
2881
2881
2881
2881
2881
2828
2828
2828
2828
2828
2828
2822
2854
2854
2854
2876
2858
2805
2805
2805
2805
2805
2805
2805
2805
2805
2805
2805
2805
2805
2870
2870
2870
2872
2872
2879
2871
2880
2867
2867
2867
2867
2859
2859
2880
2880
2880
2880
2880
2859
2859
2859
2859
2859
2859
2864
2864
2864
2864
2864
2896
2896
2896
2896
2885
2885
2885
2885
2885
2885
2885
2885
2885
2885
2885
2885
2885
2844
2844
2844
2844
2844
2844
2830
2830
2830
2830
2865
2865
2865
2867
2867
2867
2870
2870
2870
2870
2863
2863
2863
2867
2867
2867
2867
2884
2873
2873
2873
2873
2882
2882
2882
2882
2882
2882
2882
2873
2873
2873
2873
2873
2857
2857
2865
2865
2862
2862
2851
2851
2862
2862
2855
2865
2865
2823
2800
2800
2800
2800
2800
2800
2800
2800
2800
2809
2809
2809
2809
2809
2809
2809
2823
2823
2823
2823
2823
2809
2809
2809
2809
2809
2809
2809
2809
2809
2891
2891
2885
2885
2843
2820
2821
2821
2821
2821
2821
2821
2821
2821
2833
2833
2833
2833
2829
2830
2830
2830
2830
2830
2830
2830
2830
2830
2844
2844
2844
2844
2844
2844
2844
2844
2844
2824
2824
2824
2821
2821
2821
2829
2829
2829
2906
2906
2906
2906
2906
2888
2888
2888
2888
2888
2888
2864
2864
2864
2864
2865
2865
2880
2880
2880
2880
2880
2880
2880
2904
2904
2905
2903
2903
2902
2902
2902
2902
2902
2902
2892
2892
2882
2882
2882
2898
2898
2898
2898
2898
2898
2898
2908
2908
2929
2945
2945
2945
2942
2932
2926
2926
2926
2904
2904
2904
2899
2899
2899
2889
2889
2889
2889
2889
2889
2889
2889
2889
2906
2906
2906
2906
2906
2906
2906
2906
2906
2906
2906
2906
2910
2917
2917
2917
2917
2917
2917
2923
2923
2923
2923
2923
2923
2923
2922
2922
2944
2988
3017
3031
3031
3015
3015
3015
2986
2986
2986
2986
3010
2960
2960
2944
2952
2919
2907
2907
2907
2907
2906
2906
2906
2906
2906
2906
2860
2860
2860
2860
2860
2860
2860
2860
2860
2860
2860
2860
2860
2860
2860
2833
2833
2838
2882
2870
2859
2859
2844
2844
2844
2844
2844
2888
2888
2888
2888
2888
2888
2888
2888
2888
2888
2888
2888
2888
2888
2888
2903
2931
2909
2909
2895
2895
2896
2893
2893
2893
2837
2837
2837
2837
2837
2837
2837
2837
2837
2837
2837
2837
2837
2837
2837
2837
2837
2837
2837
2837
2837
2837
2837
2837
2837
2837
2848
2837
2837
2837
2837
2825
2825
2825
2825
2825
2825
2855
2855
2855
2856
2856
2856
2856
2856
2830
2830
2825
2825
2825
2825
2825
2825
2825
2825
2825
2825
2825
2825
2825
2825
2825
2853
2853
2858
2858
2832
2832
2832
2832
2842
2842
2842
2842
2842
2819
2819
2819
2819
2819
2819
2819
2819
2819
2819
2823
2823
2823
2823
2823
2823
2823
2823
2840
2852
2840
2840
2840
2840
2840
2840
2840
2840
2840
2819
2819
2819
2819
2819
2819
2819
2819
2819
2819
2819
2819
2819
2819
2819
2819
2819
2837
2837
2837
2837
2837
2837
2819
2819
2819
2819
2819
2819
2819
2819
2819
2823
2823
2823
2823
2823
2823
2823
2823
2823
2823
2823
2823
2823
2823
2823
2823
2823
2823
2823
2823
2823
2880
2849
2849
2847
2847
2847
2847
2847
2854
2854
2854
2854
2854
2854
2854
2847
2847
2862
2854
2854
2854
2854
2854
2856
2856
2856
2856
2856
2856
2856
2856
2856
2856
2856
2856
2856
2856
2856
2856
2856
2856
2856
2856
2856
2856
2856
2856
2856
2856
2856
2856
2856
2856
2856
2858
2858
2858
2858
2856
2856
2856
2856
2856
2856
2856
2867
2867
2867
2867
2867
2867
2868
2868
2868
2868
2868
2867
2867
2867
2867
2867
2867
2867
2867
2867
2867
2875
2875
2875
2902
2875
2875
2875
2875
2875
2875
2875
2875
2875
2875
2875
2875
2875
2875
2875
2875
2875
2875
2875
2875
2875
2875
2875
2875
2875
2871
2871
2871
2871
2871
2871
2871
2871
2871
2858
2867
2867
2867
2851
2851
2861
2861
2861
2851
2856
2864
2864
2856
2851
2851
2851
2851
2851
2851
2851
2851
2851
2845
2845
2845
2845
2845
2845
2845
2858
2858
2858
2858
2858
2858
2858
2858
2858
2858
2858
2858
2858
2858
2858
2858
2858
2858
2858
2858
2858
2858
2858
2858
2858
2858
2858
2858
2858
2858
2858
2858
2858
2858
2858
2858
2858
2858
2858
2863
2863
2863
2863
2863
2863
2863
2863
2924
2848
2848
2848
2848
2848
2848
2848
2833
2833
2794
2794
2794
2794
2794
2789
2789
2789
2789
2789
2789
2789
2789
2789
2789
2789
2789
2789
2789
2789
2789
2789
2789
2789
2789
2789
2789
2789
2818
2818
2818
2818
2818
2818
2818
2818
2818
2818
2818
2818
2806
2806
2806
2806
2806
2806
2806
2806
2806
2806
2806
2806
2806
2806
2806
2806
2806
2806
2804
2804
2798
2797
2797
2797
2797
2789
2789
2806
2806
2806
2819
2821
2821
2821
2821
2815
2815
2815
2794
2796
2796
2789
2789
2789
2789
2789
2789
2789
2789
2789
2789
2789
2789
2789
2798
2800
2800
2800
2800
2813
2813
2813
2813
2813
2813
2823
2823
2823
2823
2823
2823
2823
2822
2834
2834
2834
2834
2834
2834
2834
2834
2834
2834
2834
2834
2827
2827
2827
2827
2827
2827
2827
2827
2827
2812
2812
2812
2812
2812
2812
2812
2812
2812
2812
2812
2812
2812
2812
2812
2812
2812
2812
2812
2812
2812
2812
2812
2849
2849
2849
2849
2849
2849
2849
2849
2849
2849
2849
2849
2849
2849
2849
2838
2838
2838
2838
2812
2812
2812
2821
2821
2821
2821
2821
2821
2821
2812
2812
2812
2812
2812
2812
2812
2812
2812
2812
2812
2812
2812
2812
2812
2812
2812
2812
2816
2812
2812
2812
2812
2812
2812
2812
2814
2814
2814
2814
2814
2814
2814
2814
2814
2814
2814
2814
2814
2814
2814
2814
2814
2814
2814
2814
2814
2814
2814
2814
2814
2814
2814
2808
2808
2808
2808
2808
2808
2789
2789
2789
2789
2789
2789
2789
2789
2789
2789
2789
2789
2789
2789
2789
2789
2789
2805
2805
2805
2805
2805
2805
2805
2806
2806
2809
2809
2809
2809
2809
2809
2809
2809
2805
2805
2805
2805
2805
2805
2805
2805
2805
2805
2805
2805
2805
2805
2805
2805
2805
2805
2805
2823
2823
2805
2805
2805
2805
2805
2805
2805
2805
2805
2805
2805
2805
2805
2805
2805
2805
2805
2805
2805
2808
2808
2808
2808
2808
2808
2808
2808
2808
2808
2808
2808
2808
2805
2805
2805
2805
2805
2805
2805
2805
2805
2805
2805
2805
2805
2805
2805
2805
2805
2805
2805
2805
2805
2807
2807
2807
2807
2807
2807
2807
2807
2807
2807
2807
2807
2807
2806
2806
2806
2806
2806
2806
2806
2806
2806
2806
2806
2806
2806
2806
2806
2806
2806
2806
2806
2806
2805
2805
2805
2805
2805
2805
2805
2805
2805
2805
2805
2789
2789
2789
2789
2789
2789
2789
2789
2789
2789
2789
2789
2789
2789
2789
2789
2786
2786
2786
2786
2786
2786
2786
2786
2786
2786
2786
2786
2786
2786
2786
2786
2786
2786
2786
2786
2786
2786
2786
2786
2786
2786
2786
2786
2786
2786
2786
2786
2786
2786
2786
2786
2788
2788
2788
2788
2788
2788
2788
2788
2788
2788
2788
2788
2788
2788
2788
2788
2788
2788
2788
2788
2788
2788
2788
2786
2786
2786
2786
2786
2786
2786
2791
2791
2791
2791
2798
2798
2798
2798
2798
2798
2798
2798
2798
2798
2786
2786
2791
2791
2791
2791
2791
2786
2786
2786
2786
2786
2786
2786
2786
2786
2786
2786
2786
2786
2786
2786
2786
2786
2786
2786
2786
2786
2786
2786
2786
2786
2786
2786
2786
2786
2786
2786
2786
2786
2786
2786
2786
2786
2786
2786
2786
2786
2786
2786
2786
2786
2786
2786
2786
2786
2786
2786
2786
2786
2786
2786
2786
2786
2786
2786
2786
2786
2786
2786
2786
2786
2786
2786
2786
2786
2786
2786
2786
2792
2792
2792
2792
2792
2792
2792
2792
2792
2792
2792
2792
2792
2792
2792
2792
2792
2792
2792
2792
2792
2792
2792
2792
2792
2792
2792
2792
2792
2792
2792
2766
2757
2752
2752
2752
2752
2752
2752
2752
2752
2752
2752
2752
2752
2752
2752
2752
2752
2752
2752
2752
2752
2752
2752
2752
2753
2752
2752
2752
2752
2752
2752
2752
2752
2752
2752
2752
2752
2752
2752
2769
2769
2769
2769
2769
2769
2769
2769
2769
2769
2769
2769
2769
2769
2778
2778
2769
2769
2769
2769
2769
2769
2769
2769
2769
2769
2769
2769
2769
2769
2769
2769
2769
2769
2769
2769
2769
2769
2769
2769
2769
2769
2769
2769
2769
2769
2769
2769
2769
2769
2769
2769
2769
2769
2769
2769
2769
2769
2769
2769
2769
2769
2769
2769
2769
2769
2769
2772
2772
2772
2772
2772
2772
2772
2772
2772
2772
2772
2772
2772
2772
2776
2769
2769
2769
2769
2769
2769
2769
2769
2769
2769
2769
2769
2769
2769
2769
2769
2772
2772
2772
2772
2772
2772
2772
2772
2772
2772
2772
2772
2772
2772
2772
2772
2772
2772
2772
2772
2772
2772
2772
2772
2772
2772
2772
2772
2772
2772
2772
2772
2772
2772
2772
2772
2773
2773
2773
2773
2773
2780
2780
2780
2773
2773
2773
2773
2773
2773
2773
2773
2773
2773
2773
2773
2773
2782
2782
2782
2782
2779
2779
2772
2772
2772
2769
2769
2769
2769
2769
2769
2769
2769
2769
2769
2769
2769
2769
2769
2769
2769
2769
2769
2769
2771
2771
2771
2769
2769
2769
2769
2769
2769
2769
2769
2769
2769
2769
2769
2769
2769
2769
2769
2769
2769
2769
2769
2769
2769
2769
2769
2769
2769
2769
2769
2769
2769
2769
2769
2769
2769
2769
2769
2769
2769
2769
2769
2769
2769
2769
2769
2769
2769
2769
2769
2769
2769
2769
2769
2769
2769
2769
2769
2769
2769
2769
2769
2769
2769
2769
2769
2769
2769
2769
2769
2769
2769
2769
2769
2769
2769
2769
2769
2769
2769
2769
2769
2769
2769
2769
2771
2769
2769
2769
2769
2769
2769
2769
2769
2769
2769
2769
2769
2769
2769
2769
2769
2769
2769
2769
2769
2769
2769
2769
2769
2769
2769
2769
2769
2769
2769
2769
2769
2769
2769
2769
2769
2769
2769
2769
2769
2769
2769
2769
2769
2769
2769
2769
2769
2769
2769
2769
2769
2769
2769
2769
2769
2769
2769
2769
2769
2769
2769
2769
2769
2769
2769
2769
2769
2769
2769
2769
2769
2769
2769
2769
2769
2769
2769
2769
2769
2769
2769
2769
2769
2769
2769
2769
2769
2769
2769
2769
2769
2769
2769
2769
2769
2769
2769
2769
2769
2769
2769
2769
2769
2769
2769
2769
2769
2769
2769
2769
2769
2769
2769
2769
2769
2769
2769
2769
2769
2769
2769
2769
2769
2769
2769
2769
2769
2769
2769
2769
2769
2769
2769
2769
2769
2769
2769
2769
2776
2776
2776
2776
2776
2776
2776
2776
2779
2779
2779
2779
2779
2779
2779
2779
2779
2779
2779
2779
2779
2779
2776
2776
2776
2776
2776
2776
2776
2776
2776
2776
2776
2776
2776
2776
2776
2776
2776
2776
2776
2776
2776
2776
2776
2776
2776
2776
2776
2776
2776
2776
2776
2776
2774
2774
2774
2774
2774
2774
2774
2774
2774
2774
2774
2774
2774
2774
2774
2774
2774
2774
2774
2774
2774
2774
2774
2774
2774
2774
2774
2774
2774
2774
2774
2774
2774
2774
2774
2774
2774
2774
2774
2774
2774
2774
2774
2774
2774
2774
2774
2774
2774
2774
2774
2774
2774
2774
2774
2774
2774
2774
2774
2774
2774
2774
2774
2774
2774
2774
2774
2774
2774
2774
2774
2774
2774
2774
2774
2774
2774
2774
2774
2774
2774
2774
2774
2774
2774
2774
2774
2774
2774
2774
2774
2774
2774
2774
2774
2774
2774
2774
2774
2774
2774
2774
2774
2774
2774
2774
2774
2768
2768
2768
2768
2768
2768
2768
2768
2768
2768
2768
2768
2768
2768
2768
2768
2768
2768
2768
2768
2751
2751
2751
2751
2751
2751
2751
2751
2751
2751
2751
2751
2751
2751
2751
2751
2751
2751
2751
2751
2751
2751
2751
2751
2751
2751
2751
2751
2751
2751
2751
2751
2751
2751
2751
2751
2751
2751
2751
2751
2751
2751
2751
2751
2754
2754
2754
2754
2754
2754
2754
2754
2751
2751
2751
2751
2751
2751
2751
2751
2751
2751
2751
2751
2751
2751
2751
2751
2751
2751
2751
2751
2751
2751
2751
2751
2751
2751
2751
2751
2751
2751
2751
2751
2751
2751
2751
2751
2751
2755
2755
2755
2751
2751
2751
2751
2751
2751
2751
2751
2751
2751
2751
2751
2751
2751
2751
2751
2751
2751
2751
2751
2751
2751
2751
2751
2751
2751
2751
2751
2751
2751
2751
2751
2751
2751
2751
2751
2751
2751
2751
2751
2751
2751
2751
2751
2751
2751
2751
2751
2751
2751
2751
2751
2751
2751
2751
2751
2751
2751
2751
2751
2751
2751
2751
2751
2751
2751
2751
2751
2751
2751
2751
2751
2751
2751
2751
2751
2751
2751
2751
2751
2751
2751
2751
2751
2751
2751
2751
2751
2751
2751
2751
2751
2751
2751
2751
2751
2751
2751
2751
2751
2753
2753
2751
2751
2751
2751
2751
2751
2751
2751
2751
2751
2751
2751
2751
2751
2751
2751
2751
2751
2751
2751
2751
2751
2751
2751
2751
2751
2751
2751
2751
2751
2751
2751
2751
2751
2751
2751
2751
2751
2751
2751
2751
2751
2751
2751
2751
2751
2751
2751
2751
2751
2751
2751
2751
2751
2751
2751
2751
2751
2751
2751
2751
2751
2751
2751
2751
2751
2751
2751
2751
2751
2751
2751
2751
2751
2751
2751
2751
2751
2751
2751
2751
2751
2751
2751
2751
2751
2751
2751
2751
2751
2751
2751
2751
2751
2751
2751
2751
2751
2751
2751
2751
2751
2751
2751
2751
2751
2751
2751
2751
2751
2751
2751
2751
2751
2751
2751
2751
2751
2751
2751
2751
2751
2751
2751
2751
2751
2755
2755
2755
2755
2755
2755
2755
2755
2755
2755
2755
2755
2755
2755
2755
2755
2755
2755
2755
2755
2755
2755
2755
2755
2755
2755
2751
2751
2751
2751
2751
2751
2751
2751
2751
2751
2751
2751
2751
2751
2751
2751
2751
2751
2751
2751
2751
2751
2751
2751
2751
2751
2751
2751
2751
2751
2751
2751
2751
2751
2751
2751
2751
2751
2751
2751
2751
2751
2751
2751
2751
2751
2752
2752
2752
2752
2751
2751
2751
2751
2754
2754
2754
2751
2751
2751
2751
2751
2751
2751
2751
2751
2751
2751
2751
2751
2751
2751
2751
2751
2751
2751
2751
2751
2751
2751
2751
2751
2751
2751
2751
2751
2751
2751
2751
2751
2751
2751
2751
2751
2751
2751
2751
2751
2751
2751
2751
2751
2751
2751
2751
2751
2751
2751
2751
2751
2751
2751
2751
2751
2751
2751
2751
2751
2751
2751
2751
2751
2751
2751
2751
2751
2751
2751
2751
2751
2751
2751
2751
2751
2751
2751
2751
2751
2751
2751
2751
2751
2751
2751
2751
2751
2751
2751
2751
2751
2751
2751
2751
2751
2751
2751
2751
2751
2751
2751
2751
2751
2751
2751
2751
2751
2751
2751
2751
2751
2751
2751
2751
2751
2751
2751
2751
2751
2751
2751
2751
2751
2751
2751
2751
2751
2751
2751
2751
2751
2751
2751
2751
2751
2751
2751
2751
2751
2751
2751
2751
2751
2751
2751
2751
2751
2751
2751
2751
2751
2751
2751
2751
2751
2751
2751
2751
2751
2753
2753
2753
2753
2753
2753
2753
2753
2753
2753
2753
2753
2753
2753
2753
2753
2753
2753
2753
2753
2754
2754
2754
2754
2754
2754
2754
2751
2751
2751
2751
2751
2751
2751
2751
2751
2751
2751
2751
2751
2751
2751
2751
2755
2755
2755
2755
2755
2755
2755
2755
2755
2755
2755
2755
2755
2755
2755
2755
2755
2755
2755
2755
2755
2755
2755
2755
2755
2755
2755
2755
2755
2755
2755
2755
2755
2755
2754
2754
2754
2751
2751
2751
2751
2751
2751
2751
2751
2751
2751
2751
2751
2751
2751
2751
2751
2751
2751
2751
2751
2752
2752
2751
2751
2751
2751
2751
2751
2751
2751
2751
2751
2751
2751
2751
2751
2751
2751
2751
2751
2751
2751
2751
2751
2751
2751
2751
2751
2751
2751
2751
2751
2751
2751
2751
2751
2751
2751
2751
2751
2751
2751
2751
2751
2753
2753
2753
2753
2761
2761
2761
2761
2761
2761
2762
2762
2762
2762
2762
2761
2761
2761
2761
2751
2751
2751
2751
2754
2754
2754
2754
2754
2754
2754
2751
2751
2751
2751
2751
2751
2751
2751
2751
2751
2751
2751
2751
2751
2751
2751
2751
2751
2751
2751
2758
2758
2758
2768
2768
2768
2751
2751
2751
2751
2751
2751
2751
2751
2751
2751
2751
2751
2751
2751
2751
2751
2751
2751
2751
2751
2751
2751
2751
2751
2751
2751
2751
2751
2751
2751
2751
2751
2751
2751
2751
2751
2751
2751
2751
2751
2751
2751
2751
2751
2751
2751
2751
2751
2751
2751
2751
2751
2751
2753
2753
2753
2753
2753
2753
2753
2753
2753
2753
2753
2753
2753
2753
2753
2753
2751
2751
2751
2751
2751
2751
2751
2751
2751
2751
2751
2751
2751
2751
2751
2751
2751
2751
2751
2751
2751
2751
2751
2751
2751
2751
2751
2755
2755
2755
2755
2755
2755
2755
2755
2755
2755
2760
2760
2755
2755
2755
2755
2755
2755
2755
2755
2755
2755
2755
2755
2755
2755
2755
2755
2755
2756
2756
2755
2755
2755
2755
2755
2755
2755
2755
2755
2755
2755
2755
2755
2755
2755
2755
2755
2755
2755
2755
2755
2755
2755
2755
2755
2755
2755
2755
2755
2755
2755
2755
2755
2755
2755
2755
2755
2755
2755
2755
2755
2755
2755
2755
2755
2755
2755
2755
2755
2763
2768
2768
2768
2768
2768
2768
2768
2768
2771
2771
2768
2768
2768
2768
2768
2768
2768
2768
2768
2768
2768
2768
2768
2768
2768
2768
2768
2768
2768
2768
2768
2755
2755
2755
2755
2755
2755
2755
2751
2751
2751
2751
2751
2751
2751
2751
2751
2751
2751
2751
2751
2751
2751
2751
2751
2751
2751
2751
2751
2751
2751
2751
2751
2751
2751
2751
2751
2751
2751
2751
2751
2751
2751
2751
2751
2751
2751
2751
2751
2751
2751
2751
2751
2751
2751
2751
2751
2751
2751
2751
2751
2751
2751
2751
2751
2751
2751
2751
2751
2751
2751
2751
2751
2751
2751
2751
2751
2751
2753
2753
2753
2753
2751
2751
2751
2751
2751
2751
2751
2751
2751
2751
2751
2751
2751
2751
2751
2751
2751
2751
2751
2751
2751
2751
2751
2751
2751
2751
2751
2751
2751
2751
2751
2751
2751
2758
2758
2758
2751
2751
2751
2751
2751
2751
2751
2751
2751
2751
2751
2751
2751
2751
2751
2751
2751
2751
2751
2751
2751
2751
2751
2751
2751
2751
2751
2751
2751
2751
2751
2751
2751
2751
2751
2751
2751
2751
2751
2751
2751
2751
2754
2754
2754
2754
2754
2754
2754
2754
2754
2754
2754
2754
2754
2756
2756
2756
2756
2756
2756
2756
2756
2757
2757
2757
2757
2757
2757
2757
2757
2756
2755
2755
2755
2751
2751
2751
2751
2751
2751
2751
2751
2751
2751
2751
2751
2751
2751
2751
2751
2751
2751
2751
2751
2751
2751
2751
2751
2751
2751
2751
2751
2751
2751
2751
2751
2751
2751
2751
2751
2751
2751
2751
2751
2751
2751
2751
2751
2751
2751
2751
2751
2751
2751
2751
2751
2751
2751
2751
2751
2751
2751
2751
2751
2751
2751
2751
2751
2751
2751
2751
2751
2751
2751
2751
2751
2757
2757
2757
2751
2751
2751
2751
2751
2751
2751
2757
2757
2757
2757
2757
2757
2757
2757
2757
2757
2757
2757
2757
2757
2757
2751
2751
2751
2751
2751
2751
2751
2751
2751
2751
2751
2751
2751
2751
2751
2751
2751
2751
2751
2751
2751
2751
2751
2751
2751
2751
2751
2751
2751
2751
2751
2751
2751
2751
2751
2751
2751
2751
2751
2751
2751
2751
2751
2751
2751
2751
2751
2751
2751
2751
2751
2751
2751
2751
2751
2751
2751
2751
2751
2751
2751
2751
2751
2751
2751
2751
2751
2751
2751
2751
2751
2751
2751
2751
2751
2751
2751
2751
2751
2751
2751
2751
2751
2751
2751
2751
2751
2751
2751
2751
2751
2751
2751
2751
2751
2751
2751
2751
2751
2751
2751
2751
2751
2751
2751
2751
2751
2751
2751
2751
2751
2751
2751
2751
2751
2751
2755
2755
2755
2755
2755
2755
2755
2755
2755
2755
2755
2755
2755
2755
2755
2755
2752
2752
2752
2752
2752
2752
2752
2752
2752
2752
2752
2752
2752
2752
2752
2752
2752
2752
2752
2752
2752
2752
2752
2752
2752
2752
2751
2751
2751
2751
2751
2751
2751
2751
2751
2751
2751
2751
2751
2751
2751
2751
2751
2751
2751
2751
2751
2751
2751
2751
2751
2751
2751
2751
2751
2751
2751
2751
2751
2751
2751
2751
2751
2751
2751
2751
2751
2751
2751
2751
2751
2751
2751
2751
2751
2751
2751
2751
2751
2751
2751
2751
2751
2751
2751
2751
2751
2751
2751
2751
2751
2751
2751
2753
2753
2753
2753
2753
2753
2751
2751
2751
2751
2751
2751
2751
2751
2751
2751
2751
2751
2751
2751
2751
2751
2751
2751
2751
2751
2751
2751
2751
2751
2751
2751
2751
2751
2751
2751
2751
2751
2751
2751
2751
2751
2751
2751
2751
2751
2751
2751
2751
2751
2751
2751
2751
2751
2751
2751
2751
2751
2751
2751
2751
2751
2751
2751
2751
2751
2751
2751
2751
2751
2751
2751
2751
2746
2746
2746
2746
2746
2746
2746
2746
2746
2746
2746
2746
2746
2746
2746
2746
2746
2746
2746
2746
2746
2746
2746
2746
2746
2746
2746
2746
2746
2746
2746
2746
2746
2746
2746
2746
2746
2746
2746
2746
2746
2748
2748
2748
2751
2744
2744
2744
2744
2744
2744
2744
2744
2744
2744
2744
2744
2744
2744
2744
2744
2744
2745
2745
2745
2745
2745
2744
2744
2744
2744
2744
2744
2744
2744
2745
2745
2745
2745
2745
2745
2745
2745
2745
2745
2745
2745
2745
2745
2745
2745
2745
2745
2745
2745
2745
2745
2745
2745
2745
2745
2745
2745
2745
2745
2745
2745
2745
2745
2745
2745
2745
2745
2745
2745
2745
2745
2745
2745
2745
2745
2745
2745
2745
2745
2745
2745
2745
2745
2745
2745
2745
2745
2745
2745
2745
2745
2745
2745
2745
2745
2745
2745
2745
2745
2745
2745
2745
2745
2745
2745
2745
2745
2745
2745
2745
2745
2745
2745
2745
2745
2745
2745
2745
2745
2745
2745
2745
2745
2745
2745
2745
2745
2745
2745
2745
2745
2745
2745
2745
2745
2745
2745
2745
2745
2745
2745
2746
2751
2745
2745
2748
2748
2748
2748
2748
2748
2748
2748
2748
2748
2748
2748
2748
2748
2748
2748
2748
2748
2748
2748
2748
2748
2748
2748
2748
2748
2748
2748
2748
2748
2748
2748
2748
2748
2748
2748
2748
2748
2748
2748
2744
2744
2744
2744
2744
2744
2744
2746
2746
2744
2744
2744
2744
2744
2744
2744
2744
2744
2744
2744
2744
2744
2744
2744
2744
2744
2744
2745
2745
2745
2745
2745
2745
2745
2745
2745
2745
2745
2745
2745
2745
2745
2745
2745
2745
2745
2745
2745
2745
2745
2745
2745
2745
2745
2745
2745
2745
2745
2745
2745
2745
2745
2745
2745
2745
2745
2745
2745
2745
2745
2745
2745
2745
2745
2745
2745
2744
2744
2744
2744
2744
2744
2744
2744
2744
2744
2744
2744
2744
2744
2744
2744
2744
2744
2744
2744
2744
2744
2744
2744
2744
2744
2744
2744
2744
2744
2744
2744
2744
2744
2744
2744
2744
2744
2744
2744
2744
2744
2744
2744
2744
2744
2744
2744
2744
2744
2744
2744
2744
2744
2744
2744
2744
2744
2744
2744
2744
2744
2744
2744
2744
2744
2744
2744
2744
2744
2744
2744
2744
2744
2744
2744
2744
2744
2744
2744
2744
2744
2744
2744
2744
2744
2744
2744
2744
2744
2744
2744
2744
2744
