3752
3739
3738
3715
3689
3689
3667
3687
3695
3662
3748
3778
3799
3827
3856
3831
3853
3899
3897
3856
3804
3835
3854
3854
3854
3837
3909
3897
3773
3796
3804
3860
3809
3809
3786
3786
3770
3621
3643
3607
3608
3591
3640
3798
3798
3782
3849
3817
3873
3875
3877
3892
3968
3958
3934
3863
3863
3830
3882
3929
3840
3837
3822
3893
3852
3849
3791
3873
3815
3815
3878
3905
3897
3893
3930
3801
3841
3795
3802
3774
3751
3751
3856
3847
3844
3860
3772
3887
3889
3873
3795
3795
3729
3729
3737
3737
3837
3844
3858
3858
3846
3788
3788
3937
3936
4007
4007
3937
3880
3856
3856
3835
3816
3869
3813
3738
3769
3741
3766
3722
3762
3690
3741
3698
3798
3816
3830
3819
3790
3743
3719
3719
3665
3656
3699
3734
3727
3705
3692
3692
3690
3744
3733
3676
3592
3581
3679
3690
3750
3773
3774
3793
3803
3796
3774
3811
3826
3753
3757
3841
3848
3836
3868
3911
3850
3771
3833
3833
3770
3776
3749
3753
3778
3755
3755
3815
3878
3878
3817
3919
3919
3904
3882
3965
4036
3981
4018
4009
3999
3999
3967
3971
3950
3951
4008
3973
3934
3934
3961
3935
3935
3944
3944
4013
4004
4103
4140
4183
4257
4150
4176
4192
4186
4094
4116
4123
4049
4035
4035
4054
4022
4025
4025
3978
3988
3877
3978
3978
3998
3979
3979
4014
4037
4087
4038
4043
3991
3945
3912
3888
3888
3888
3905
3894
3889
3890
3868
3957
3943
3977
4008
4008
4013
4043
4036
4036
3935
3935
3886
3849
3839
3839
3830
3790
3820
3745
3773
3819
3806
3741
3779
3801
3780
3815
3839
3856
3895
3820
3830
3774
3820
3828
3822
3776
3685
3693
3760
3760
3825
3841
3759
3748
3669
3669
3700
3700
3700
3692
3756
3825
3831
3787
3787
3829
3791
3728
3765
3787
3754
3713
3725
3675
3675
3799
3762
3762
3704
3704
3640
3682
3708
3708
3708
3737
3709
3714
3694
3681
3646
3639
3696
3729
3745
3757
3719
3719
3774
3756
3768
3787
3816
3814
3898
3871
3828
3863
3942
3942
3918
3935
3967
3967
3967
3941
3936
3881
3940
4020
3990
4072
4043
3976
3929
3985
3957
3948
3932
3880
3880
3779
3772
3807
3801
3869
3895
3883
3882
3979
4018
4095
4074
4130
4108
4086
4086
3998
4000
4000
3885
3885
3886
3897
3924
3831
3897
3836
3831
3823
3747
3774
3724
3724
3770
3823
3826
3852
3813
3797
3797
3797
3762
3762
3864
3855
3821
3821
3851
3881
3881
3876
3829
3844
3900
3831
3844
3849
3917
3942
3942
3942
3958
3863
3780
3869
3869
3969
3969
4061
4045
4025
3993
3919
3885
3854
3846
3798
3798
3798
3900
3908
3922
3924
3915
3915
3880
3835
3857
3857
3872
3956
3956
3902
3921
3921
3959
3934
3920
3920
3945
3945
3967
3927
3881
3857
3846
3790
3767
3848
3926
3915
3863
3895
3928
3875
3824
3888
3921
3819
3805
3832
3838
3952
3952
3870
3929
4012
3979
3921
3799
3855
3966
3966
3893
3772
3777
3809
3882
3895
3789
3878
3878
3897
3893
3894
3897
3897
3945
3984
4020
3968
3912
3971
3920
3983
3972
3986
3989
3996
3996
4025
3995
3953
3965
3943
3876
3842
3940
3824
3908
3954
3896
3912
3853
3891
3990
4018
3969
3901
3951
3888
3815
3815
3827
3815
3799
3812
3881
3868
3817
3829
3829
3960
3920
3877
3892
3800
3775
3775
3868
3884
3868
3840
3817
3873
3843
3867
3867
3813
3818
3842
3842
3807
3769
3837
3898
3871
3869
3781
3781
3786
3832
3781
3905
3844
3794
3844
3857
3799
3827
3804
3753
3713
3713
3733
3844
3844
3747
3705
3727
3774
3752
3757
3763
3761
3810
3880
3908
3927
3891
4001
4001
3974
3939
3959
3844
3839
3854
3785
3822
3849
3861
3894
3894
3913
3887
3873
3849
3820
3762
3811
3772
3730
3727
3716
3752
3726
3717
3742
3743
3743
3750
3749
3749
3751
3739
3799
3834
3838
3828
3753
3753
3722
3727
3750
3785
3785
3785
3807
3834
3776
3674
3719
3773
3753
3760
3746
3794
3911
3906
3895
3804
3679
3679
3679
3751
3713
3721
3742
3752
3739
3747
3747
3747
3773
3763
3689
3689
3676
3626
3638
3654
3633
3633
3633
3631
3795
3785
3793
3829
3829
3825
3825
3782
3732
3794
3788
3874
3806
3844
3733
3767
3805
3736
3668
3668
3683
3643
3650
3682
3590
3583
3583
3626
3661
3621
3633
3623
3623
3633
3624
3566
3648
3621
3650
3643
3648
3648
3586
3640
3688
3688
3670
3693
3693
3703
3676
3766
3766
3787
3762
3706
3733
3832
3815
3939
3938
3933
3843
3857
3817
3773
3792
3847
3838
3817
3846
3838
3762
3823
3869
3924
3924
3924
3929
3971
4000
3976
3996
3959
3990
4026
3949
3940
3931
3865
3865
3845
3807
3811
3794
3794
3876
3874
3873
3933
3889
3944
4103
4025
3983
3968
4019
3986
3902
3902
3858
3858
3938
3839
3793
3793
3731
3709
3727
3722
3684
3684
3725
3716
3734
3744
3741
3798
3870
3890
3884
3850
3799
3751
3687
3722
3739
3739
3749
3798
3792
3792
3800
3764
3764
3748
3777
3748
3792
3756
3756
3744
3744
3832
3829
3803
3836
3927
3872
3880
3855
3908
3926
3955
4018
4028
3947
3920
3958
3933
3794
3775
3838
3833
3766
3733
3733
3713
3713
3784
3812
3833
3833
3837
3847
3773
3798
3793
3801
3802
3794
3794
3801
3846
3886
3838
3744
3741
3736
3732
3711
3786
3786
3730
3742
3690
3690
3692
3629
3632
3653
3653
3626
3714
3660
3685
3619
3707
3619
3698
3715
3741
3741
3737
3737
3648
3682
3682
3762
3800
3789
3709
3709
3740
3732
3740
3707
3707
3699
3778
3768
3768
3719
3779
3641
3571
3559
3604
3621
3732
3729
3727
3727
3727
3727
3727
3708
3733
3747
3713
3750
3750
3830
3800
3800
3811
3770
3800
3718
3736
3713
3713
3697
3697
3697
3671
3687
3685
3682
3682
3692
3668
3726
3680
3680
3673
3673
3705
3712
3731
3774
3794
3765
3643
3652
3729
3776
3733
3833
3850
3850
3793
3799
3799
3885
3885
3948
3948
3862
3825
3787
3766
3766
3794
3849
3834
3780
3773
3773
3741
3789
3747
3747
3730
3730
3720
3671
3661
3653
3725
3772
3767
3876
3876
3876
3785
3763
3688
3674
3616
3636
3682
3690
3690
3690
3671
3698
3660
3670
3671
3679
3688
3647
3692
3806
3773
3780
3780
3772
3781
3818
3843
3843
3801
3801
3801
3782
3687
3679
3695
3731
3702
3731
3671
3720
3683
3615
3715
3744
3810
3812
3804
3732
3757
3772
3732
3751
3778
3853
3853
3796
3796
3709
3727
3727
3727
3727
3744
3755
3785
3801
3732
3707
3780
3821
3715
3767
3771
3771
3797
3797
3769
3828
3817
3817
3781
3811
3795
3818
3818
3795
3753
3776
3742
3742
3755
3792
3779
3779
3814
3821
3899
3864
3864
3826
3809
3809
3785
3753
3754
3826
3851
3825
3829
3806
3715
3710
3697
3763
3761
3772
3716
3750
3843
3846
3858
3858
3821
3779
3733
3725
3750
3683
3779
3811
3832
3832
3832
3832
3883
3883
3853
3938
3938
3925
3898
3915
3915
3935
3933
3908
3833
3825
3856
3815
3815
3876
3873
3873
3862
3854
3919
3875
3875
3957
3935
3927
3907
3907
3920
3892
3896
3933
3959
3956
3941
3995
3967
3963
3972
3975
3956
4009
3966
3936
3880
3868
3864
3903
3875
3823
3851
3859
3918
3918
3858
3821
3821
3799
3797
3797
3736
3736
3790
3790
3796
3784
3906
3949
3900
3888
3888
3903
3903
3903
3985
3938
3815
3801
3782
3709
3732
3743
3772
3739
3739
3802
3863
3873
3863
3833
3896
3908
3869
3862
3983
4055
4031
4068
3994
4076
4076
4139
4085
4101
4048
3961
4038
3986
3986
3995
3939
4061
4061
4038
4107
3995
3995
3945
3940
3861
3867
3844
3844
3915
3920
3934
3974
3992
4044
4079
4102
4110
4102
4026
3926
3925
3975
3939
3939
3945
3903
3845
3852
3802
3831
3839
3900
3889
3895
3895
3852
3914
3948
3852
3907
3907
3907
3935
3935
3870
3811
3787
3737
3668
3683
3689
3689
3770
3790
3790
3854
3851
3907
3922
3853
3847
3877
3877
3877
3877
3868
3882
3894
3867
3871
3871
3853
3836
3838
3910
3910
3931
3931
3946
3911
3927
3861
3861
3885
3955
3955
3931
3947
3947
3947
3972
3911
3954
3898
3898
3842
3924
3960
3998
3996
3885
3807
3752
3807
3898
3898
3898
3912
3965
3929
3908
3908
3926
3938
3926
3902
3868
3855
3876
3876
3838
3835
3861
3918
3841
3887
3887
3819
3814
3795
3740
3727
3727
3679
3741
3695
3649
3684
3684
3681
3718
3671
3663
3656
3645
3665
3665
3665
3633
3641
3634
3696
3676
3601
3601
3571
3571
3561
3561
3577
3571
3600
3647
3647
3686
3677
3779
3746
3706
3646
3631
3715
3702
3693
3693
3736
3720
3810
3810
3810
3810
3835
3860
3874
3873
3828
3828
3810
3768
3811
3811
3868
3827
3759
3757
3797
3797
3833
3778
3774
3823
3789
3754
3729
3732
3732
3732
3695
3695
3749
3799
3799
3869
3825
3837
3824
3824
3758
3787
3803
3803
3782
3769
3760
3731
3786
3802
3854
3841
3840
3827
3856
3829
3764
3829
3825
3825
3834
3856
3856
3796
3758
3742
3799
3814
3796
3811
3811
3783
3770
3789
3768
3775
3776
3763
3810
3851
3921
3921
3887
3845
3811
3778
3831
3884
3871
3927
3855
3814
3814
3814
3814
3814
3814
3908
3869
3810
3834
3834
3823
3932
3939
3939
3935
3935
3935
3935
3960
3935
3935
3935
3935
3884
3884
3884
3820
3726
3753
3743
3700
3700
3700
3728
3758
3758
3830
3884
3944
3931
3846
3919
3919
3966
3979
4056
3986
3858
3858
3858
3753
3836
3808
3738
3772
3772
3741
3706
3706
3745
3615
3678
3673
3679
3804
3789
3807
3871
3848
3770
3731
3743
3717
3626
3608
3643
3622
3622
3626
3678
3640
3644
3626
3598
3610
3684
3672
3709
3648
3708
3667
3692
3644
3641
3692
3627
3621
3599
3662
3701
3708
3746
3794
3759
3759
3830
3819
3858
3869
3958
3843
3826
3819
3808
3802
3817
3782
3791
3852
3805
3783
3783
3786
3765
3787
3689
3682
3695
3687
3687
3699
3762
3717
3764
3760
3804
3738
3738
3795
3799
3745
3745
3745
3833
3779
3811
3811
3780
3844
3844
3871
3871
3727
3727
3679
3679
3722
3711
3711
3681
3688
3792
3800
3775
3756
3738
3738
3818
3818
3821
3819
3768
3801
3857
3804
3741
3777
3784
3814
3882
3815
3817
3893
3911
3897
3877
3868
3791
3790
3790
3646
3664
3731
3713
3728
3755
3738
3738
3737
3737
3757
3785
3753
3776
3844
3865
3865
3858
3901
3883
3821
3915
3915
3849
3776
3750
3702
3702
3702
3732
3652
3709
3713
3694
3734
3818
3775
3736
3774
3694
3690
3677
3665
3744
3824
3782
3669
3700
3749
3785
3734
3682
3682
3759
3760
3760
3800
3916
3916
3916
3810
3856
3815
3826
3879
3883
3823
3767
3767
3803
3787
3787
3756
3807
3712
3719
3751
3796
3757
3737
3762
3721
3724
3742
3773
3773
3773
3755
3771
3762
3770
3797
3834
3813
3812
3779
3746
3683
3683
3639
3648
3709
3699
3713
3776
3790
3779
3786
3820
3799
3787
3787
3701
3682
3690
3751
3733
3822
3858
3774
3797
3838
3773
3806
3806
3786
3748
3755
3817
3811
3757
3701
3646
3746
3705
3693
3739
3801
3810
3810
3770
3700
3617
3615
3577
3584
3534
3564
3547
3656
3664
3664
3746
3804
3830
3794
3812
3764
3778
3775
3775
3775
3775
3775
3849
3888
3870
3889
3926
3926
3926
3926
4037
3938
3959
3959
3977
3970
3983
4022
3979
4041
4041
3991
3991
4026
4011
3978
3951
3993
4018
3960
4006
3960
3985
3939
3897
3896
3892
3836
3795
3880
3860
3860
3845
3857
3907
3884
3805
3727
3771
3788
3891
3860
3896
3923
3836
3787
3808
3804
3804
3792
3710
3710
3710
3710
3768
3922
3892
3768
3761
3761
3805
3837
3783
3752
3782
3696
3690
3745
3736
3736
3736
3738
3812
3703
3703
3607
3626
3689
3692
3535
3515
3497
3463
3525
3525
3501
3525
3525
3571
3571
3525
3525
3548
3588
3592
3576
3610
3610
3610
3610
3749
3749
3735
3706
3718
3691
3691
3691
3741
3770
3845
3845
3765
3759
3741
3729
3729
3699
3699
3690
3690
3739
3745
3731
3759
3811
3938
3914
3877
3855
3853
3853
3765
3756
3756
3756
3758
3758
3776
3763
3662
3662
3661
3745
3766
3688
3626
3624
3688
3688
3688
3669
3694
3694
3684
3770
3764
3716
3724
3655
3561
3533
3533
3607
3559
3538
3576
3559
3565
3565
3565
3575
3556
3604
3573
3660
3696
3709
3690
3724
3724
3759
3735
3762
3762
3730
3727
3727
3739
3827
3771
3731
3818
3837
3882
3864
3864
3822
3859
3873
3899
3911
3934
3934
3920
3941
3919
3866
3839
3850
3871
3871
3861
3896
3881
3857
3807
3847
3876
3851
3851
3838
3788
3694
3694
3680
3710
3682
3792
3729
3729
3799
3770
3834
3813
3764
3775
3775
3775
3775
3775
3765
3765
3718
3718
3647
3646
3642
3652
3656
3656
3656
3639
3575
3628
3605
3605
3637
3634
3669
3657
3657
3648
3635
3645
3661
3634
3659
3803
3778
3793
3770
3728
3745
3745
3745
3736
3787
3835
3830
3860
3826
3829
3852
3918
3834
3822
3872
3872
3913
3913
3947
4008
3989
4041
4018
3989
4029
4002
3905
3954
3954
3972
3908
3921
3900
3848
3816
3845
3837
3845
3829
3805
3812
3856
3920
3959
3946
3924
3925
3925
3925
3917
3909
3914
3881
3878
3914
3877
3877
3850
3818
3878
3821
3821
3838
3835
3820
3868
3822
3848
3842
3844
3898
3898
3898
3945
3909
3921
3819
3819
3840
3885
3900
3957
3961
4006
4033
4084
4084
4084
4094
4106
4078
4078
4004
4004
3976
3993
3983
4027
4040
4042
3965
3941
3909
3905
3927
4001
3969
4009
3995
3986
3986
3983
3917
3904
3842
3848
3843
3825
3837
3820
3843
3850
3894
3930
3891
3770
3780
3710
3760
3833
3833
3833
3825
3849
3818
3817
3817
3848
3822
3793
3833
3838
3793
3871
3871
3916
3865
3892
3892
3830
3925
3984
3937
3888
3893
3821
3821
3861
3856
3890
3765
3722
3709
3709
3709
3719
3685
3760
3803
3726
3717
3655
3666
3650
3630
3651
3651
3705
3671
3673
3673
3622
3622
3620
3631
3702
3668
3651
3653
3653
3653
3653
3653
3677
3677
3665
3781
3781
3781
3752
3752
3773
3773
3726
3727
3694
3705
3705
3755
3700
3691
3706
3736
3717
3768
3810
3789
3796
3700
3626
3569
3572
3619
3619
3622
3556
3556
3556
3593
3565
3587
3605
3553
3594
3594
3594
3594
3594
3611
3621
3618
3618
3612
3638
3719
3732
3707
3707
3698
3698
3751
3774
3758
3728
3716
3708
3717
3789
3802
3769
3745
3708
3712
3676
3675
3706
3811
3811
3784
3836
3866
3893
3859
3837
3861
3860
3860
3802
3789
3828
3783
3770
3770
3750
3809
3863
3846
3782
3782
3833
3833
3787
3787
3783
3681
3760
3667
3661
3592
3564
3633
3633
3626
3626
3626
3626
3626
3556
3597
3575
3664
3677
3677
3571
3651
3666
3695
3734
3734
3729
3766
3783
3760
3770
3770
3770
3741
3741
3721
3699
3694
3694
3694
3750
3750
3650
3632
3632
3621
3653
3680
3765
3783
3735
3735
3657
3707
3716
3716
3716
3716
3677
3665
3665
3694
3694
3714
3683
3742
3692
3692
3683
3690
3727
3749
3716
3749
3713
3713
3713
3701
3709
3737
3721
3748
3761
3761
3767
3787
3829
3902
3902
3905
3855
3884
3826
3826
3842
3850
3850
3800
3785
3782
3782
3764
3771
3771
3771
3771
3774
3816
3775
3793
3761
3810
3833
3820
3889
3870
3828
3874
3874
3778
3856
3856
3842
3886
3923
3891
3864
3864
3864
3922
3856
3859
3841
3907
3896
3896
3776
3776
3822
3827
3949
3925
3964
3863
3855
3974
3974
3851
3848
3821
3788
3819
3825
3861
3858
3858
3782
3782
3777
3725
3722
3718
3739
3725
3713
3690
3690
3691
3691
3710
3706
3687
3756
3772
3740
3813
3813
3861
3861
3922
3909
3819
3890
3881
3950
3950
3888
3818
3802
3801
3807
3804
3754
3754
3776
3776
3795
3769
3794
3754
3750
3746
3700
3705
3716
3702
3666
3666
3707
3707
3729
3670
3760
3765
3769
3835
3819
3818
3799
3882
3852
3889
3869
3869
3807
3807
3873
3833
3804
3767
3758
3742
3747
3785
3785
3801
3787
3813
3963
3972
3947
3947
3984
3932
3932
3891
3865
3848
3827
3866
3866
3831
3813
3838
3965
3844
3844
3815
3838
3798
3798
3798
3757
3785
3757
3648
3655
3645
3631
3601
3610
3661
3657
3657
3642
3641
3601
3601
3640
3659
3651
3651
3651
3659
3651
3659
3676
3732
3749
3749
3750
3686
3734
3746
3803
3754
3754
3754
3771
3699
3643
3564
3614
3625
3629
3629
3547
3547
3593
3559
3559
3599
3693
3693
3693
3659
3590
3590
3531
3531
3622
3573
3573
3649
3603
3589
3595
3595
3595
3595
3615
3664
3632
3632
3701
3728
3761
3761
3815
3813
3796
3825
3807
3807
3814
3777
3764
3764
3788
3788
3750
3748
3744
3727
3721
3703
3727
3727
3746
3746
3740
3774
3757
3757
3702
3702
3702
3671
3771
3734
3734
3700
3751
3790
3750
3780
3668
3642
3642
3587
3669
3648
3648
3648
3612
3612
3655
3651
3698
3714
3713
3713
3713
3713
3580
3638
3678
3686
3747
3676
3697
3704
3726
3658
3680
3634
3637
3608
3643
3676
3676
3638
3614
3614
3630
3629
3597
3597
3597
3611
3611
3556
3556
3655
3638
3615
3620
3620
3587
3626
3626
3652
3652
3652
3702
3749
3749
3749
3749
3749
3733
3752
3652
3582
3582
3672
3676
3655
3681
3681
3676
3633
3724
3763
3680
3763
3734
3734
3738
3713
3835
3730
3730
3708
3645
3703
3739
3746
3713
3651
3624
3646
3648
3698
3725
3658
3670
3755
3624
3624
3664
3690
3690
3668
3668
3723
3698
3648
3694
3694
3646
3588
3591
3591
3584
3594
3597
3572
3582
3586
3577
3577
3536
3536
3536
3536
3543
3543
3578
3634
3622
3702
3702
3691
3691
3655
3651
3644
3644
3689
3835
3834
3843
3843
3872
3851
3789
3779
3749
3757
3773
3773
3801
3770
3822
3818
3782
3781
3781
3718
3671
3693
3695
3684
3643
3679
3672
3698
3771
3771
3786
3736
3736
3729
3729
3729
3670
3776
3749
3749
3710
3823
3797
3797
3812
3811
3816
3816
3816
3833
3842
3814
3796
3788
3788
3783
3744
3687
3659
3659
3630
3707
3676
3677
3677
3670
3680
3672
3718
3686
3686
3673
3673
3684
3699
3719
3755
3674
3674
3676
3676
3669
3675
3601
3608
3608
3621
3640
3640
3720
3789
3789
3789
3831
3782
3794
3795
3820
3820
3820
3735
3735
3774
3842
3842
3842
3794
3762
3762
3763
3826
3826
3826
3850
3915
3915
3875
3890
3890
3879
3796
3776
3722
3721
3721
3698
3670
3670
3801
3845
3826
3833
3849
3826
3801
3801
3769
3842
3720
3768
3731
3718
3732
3732
3732
3732
3727
3705
3705
3697
3697
3724
3735
3668
3680
3680
3680
3680
3718
3680
3646
3648
3648
3648
3650
3610
3610
3610
3610
3610
3610
3636
3636
3569
3601
3657
3657
3633
3614
3595
3531
3531
3531
3531
3531
3527
3573
3592
3560
3560
3560
3579
3599
3599
3599
3663
3740
3740
3623
3621
3638
3674
3650
3696
3705
3700
3650
3650
3650
3675
3703
3660
3674
3688
3688
3688
3717
3669
3658
3658
3659
3618
3638
3575
3581
3597
3597
3680
3720
3759
3759
3734
3728
3638
3617
3601
3568
3582
3582
3524
3572
3555
3555
3581
3611
3597
3607
3659
3659
3641
3675
3655
3660
3630
3635
3788
3788
3862
3862
3843
3808
3766
3766
3766
3778
3745
3704
3704
3687
3687
3687
3764
3764
3767
3713
3713
3713
3732
3713
3696
3696
3696
3643
3663
3663
3671
3659
3659
3637
3637
3671
3633
3629
3629
3669
3695
3718
3776
3759
3768
3826
3826
3763
3763
3763
3763
3758
3758
3758
3721
3715
3718
3764
3747
3747
3747
3777
3820
3808
3737
3737
3702
3702
3704
3657
3716
3716
3712
3665
3665
3768
3748
3717
3717
3717
3707
3617
3704
3813
3779
3779
3749
3753
3778
3778
3782
3757
3757
3764
3714
3703
3690
3726
3680
3680
3680
3680
3655
3637
3677
3741
3741
3741
3741
3741
3741
3741
3741
3758
3693
3649
3625
3641
3641
3602
3620
3731
3768
3697
3697
3697
3661
3642
3618
3618
3618
3618
3603
3630
3661
3594
3594
3616
3642
3688
3718
3769
3758
3809
3784
3760
3718
3677
3689
3725
3711
3775
3834
3783
3734
3723
3723
3723
3791
3781
3767
3767
3726
3684
3695
3720
3719
3759
3778
3778
3812
3873
3890
3888
3899
3899
3888
3850
3926
3923
3928
3904
3844
3786
3786
3734
3728
3704
3703
3722
3690
3720
3720
3720
3659
3702
3710
3627
3627
3604
3598
3521
3528
3528
3540
3605
3578
3578
3648
3650
3650
3673
3673
3655
3667
3661
3575
3547
3525
3545
3545
3546
3546
3596
3615
3615
3655
3637
3684
3684
3676
3684
3687
3678
3627
3631
3668
3668
3708
3708
3723
3723
3702
3662
3756
3756
3811
3789
3759
3804
3790
3837
3837
3813
3807
3829
3844
3844
3789
3755
3705
3696
3781
3764
3815
3790
3871
3934
3934
3934
3934
3881
3841
3867
3914
3914
3886
3843
3824
3824
3829
3864
3866
3866
3900
3900
3807
3811
3771
3771
3771
3801
3802
3711
3696
3696
3696
3722
3722
3752
3737
3813
3813
3723
3715
3715
3659
3659
3686
3686
3728
3768
3796
3796
3714
3692
3725
3763
3723
3673
3700
3700
3647
3647
3647
3668
3682
3682
3663
3663
3681
3667
3667
3662
3709
3724
3719
3685
3770
3740
3768
3768
3666
3666
3666
3687
3729
3689
3689
3689
3698
3710
3701
3756
3756
3794
3786
3786
3725
3797
3833
3889
3889
3889
3911
3911
3911
3911
3911
3846
3790
3748
3748
3750
3747
3759
3759
3759
3759
3785
3785
3751
3771
3768
3741
3726
3724
3853
3882
3882
3824
3825
3825
3800
3704
3704
3668
3682
3682
3726
3726
3736
3691
3682
3735
3777
3757
3757
3772
3776
3737
3757
3791
3771
3626
3595
3605
3644
3645
3731
3735
3750
3755
3768
3789
3815
3832
3890
3816
3849
3849
3853
3871
3862
3841
3841
3841
3809
3753
3753
3768
3685
3685
3690
3690
3710
3710
3690
3793
3793
3775
3775
3775
3775
3832
3731
3746
3758
3754
3736
3736
3788
3779
3779
3726
3701
3761
3785
3776
3774
3731
3731
3731
3857
3829
3829
3821
3811
3811
3856
3887
3854
3854
3823
3782
3782
3782
3722
3749
3698
3696
3678
3679
3679
3678
3661
3661
3661
3661
3664
3664
3664
3650
3650
3650
3699
3699
3699
3699
3821
3821
3821
3821
3821
3821
3720
3666
3628
3622
3584
3573
3685
3685
3685
3728
3728
3821
3821
3821
3825
3790
3777
3777
3824
3815
3840
3840
3812
3853
3866
3817
3822
3822
3813
3849
3871
3962
3950
3911
3859
3856
3849
3785
3747
3747
3747
3747
3698
3698
3655
3640
3640
3667
3655
3714
3714
3686
3720
3686
3678
3678
3792
3757
3720
3720
3720
3782
3718
3718
3737
3737
3737
3751
3751
3706
3720
3803
3805
3775
3775
3775
3856
3856
3840
3902
3902
3877
3877
3877
3889
3859
3857
3857
3859
3859
3865
3838
3805
3763
3791
3723
3661
3684
3656
3633
3656
3656
3616
3636
3657
3595
3595
3648
3700
3700
3654
3707
3707
3707
3779
3651
3673
3673
3622
3549
3520
3520
3545
3545
3545
3545
3545
3542
3542
3497
3588
3588
3593
3547
3575
3598
3654
3654
3666
3663
3663
3663
3663
3673
3673
3673
3676
3757
3748
3740
3762
3762
3762
3791
3791
3791
3791
3720
3756
3798
3798
3782
3738
3799
3866
3897
3820
3819
3819
3840
3925
3925
3919
3873
3830
3830
3781
3773
3820
3820
3890
3890
3890
3819
3790
3790
3790
3769
3781
3711
3685
3685
3676
3660
3715
3693
3693
3760
3760
3778
3785
3785
3804
3811
3825
3818
3794
3788
3806
3883
3854
3854
3926
3896
3896
3896
3913
3951
3998
3960
3960
3918
3921
3912
3910
3919
3832
3846
3846
3846
3905
3911
3893
3900
3868
3868
3827
3827
3827
3838
3770
3773
3685
3662
3637
3631
3595
3628
3602
3602
3642
3635
3635
3659
3619
3619
3597
3652
3652
3652
3702
3690
3711
3711
3708
3708
3695
3697
3688
3692
3716
3730
3730
3730
3769
3769
3769
3772
3819
3825
3825
3825
3746
3706
3676
3727
3755
3755
3707
3756
3751
3816
3884
3884
3884
3766
3750
3787
3787
3750
3676
3598
3598
3586
3586
3586
3586
3687
3653
3654
3654
3654
3654
3601
3601
3557
3561
3561
3561
3561
3580
3580
3571
3571
3558
3603
3631
3632
3641
3641
3688
3680
3698
3662
3679
3660
3720
3676
3676
3695
3695
3660
3660
3667
3667
3667
3658
3677
3677
3712
3687
3670
3650
3650
3650
3676
3675
3645
3635
3621
3621
3621
3621
3595
3595
3595
3595
3606
3606
3606
3625
3625
3580
3545
3545
3545
3576
3576
3576
3576
3622
3636
3636
3636
3636
3641
3645
3646
3621
3579
3616
3616
3683
3683
3619
3627
3627
3565
3590
3590
3553
3553
3570
3570
3616
3616
3623
3623
3625
3645
3672
3688
3628
3667
3557
3557
3557
3551
3472
3472
3472
3489
3489
3489
3473
3534
3534
3555
3555
3570
3583
3583
3583
3583
3577
3582
3621
3621
3633
3629
3629
3603
3624
3592
3618
3618
3679
3661
3626
3563
3585
3702
3702
3702
3702
3702
3692
3692
3679
3711
3651
3597
3597
3710
3710
3753
3753
3772
3772
3702
3663
3663
3669
3643
3677
3677
3677
3699
3743
3743
3710
3710
3743
3771
3777
3848
3848
3848
3848
3776
3740
3679
3703
3760
3754
3754
3714
3689
3701
3669
3696
3666
3748
3767
3767
3747
3705
3664
3664
3664
3664
3664
3615
3615
3615
3673
3673
3673
3673
3665
3630
3629
3616
3521
3632
3660
3660
3660
3680
3648
3648
3620
3672
3564
3572
3628
3628
3688
3668
3690
3732
3673
3673
3681
3681
3681
3681
3681
3701
3674
3661
3665
3674
3665
3665
3665
3676
3676
3676
3676
3679
3759
3731
3759
3713
3677
3721
3721
3683
3609
3619
3619
3637
3637
3694
3694
3694
3761
3761
3730
3739
3677
3677
3677
3677
3677
3657
3657
3646
3562
3609
3609
3477
3472
3472
3549
3596
3596
3665
3584
3653
3603
3637
3637
3637
3624
3624
3624
3616
3616
3585
3585
3593
3583
3583
3583
3583
3583
3583
3583
3546
3546
3546
3591
3591
3539
3539
3550
3550
3525
3525
3525
3538
3538
3584
3584
3623
3597
3651
3647
3639
3639
3634
3634
3638
3699
3699
3690
3670
3631
3631
3694
3694
3629
3706
3681
3726
3726
3685
3728
3676
3654
3600
3608
3681
3640
3686
3714
3714
3693
3693
3693
3652
3641
3641
3641
3628
3628
3664
3705
3776
3741
3779
3779
3856
3814
3814
3854
3869
3841
3841
3835
3835
3798
3707
3708
3711
3705
3705
3705
3684
3684
3670
3670
3749
3741
3724
3821
3821
3696
3610
3661
3661
3661
3665
3683
3671
3691
3665
3665
3665
3622
3622
3622
3596
3596
3673
3690
3690
3619
3616
3599
3625
3615
3615
3615
3615
3650
3581
3502
3502
3502
3505
3505
3505
3505
3543
3543
3549
3549
3549
3549
3549
3535
3535
3535
3562
3562
3509
3554
3554
3565
3639
3587
3522
3572
3572
3584
3630
3676
3669
3710
3710
3710
3718
3701
3701
3768
3807
3807
3794
3732
3732
3732
3670
3670
3664
3688
3688
3684
3705
3765
3748
3686
3702
3715
3714
3677
3677
3677
3677
3690
3690
3688
3685
3685
3685
3685
3670
3670
3721
3721
3710
3688
3770
3758
3758
3686
3709
3709
3709
3709
3694
3694
3680
3596
3627
3605
3605
3577
3577
3577
3598
3598
3621
3552
3632
3590
3615
3585
3552
3572
3584
3584
3506
3509
3509
3509
3472
3472
3491
3444
3494
3520
3520
3547
3544
3544
3544
3544
3544
3539
3539
3539
3543
3518
3532
3548
3548
3540
3540
3540
3540
3594
3597
3582
3582
3570
3605
3605
3605
3556
3556
3556
3636
3622
3640
3627
3601
3636
3681
3667
3676
3666
3584
3550
3551
3551
3522
3522
3522
3522
3536
3481
3479
3487
3487
3487
3497
3497
3497
3484
3484
3513
3512
3517
3517
3517
3571
3571
3571
3557
3545
3545
3526
3579
3579
3563
3559
3559
3564
3564
3587
3593
3578
3578
3565
3565
3542
3574
3611
3606
3578
3575
3550
3600
3601
3592
3592
3592
3602
3626
3638
3658
3686
3686
3676
3667
3715
3715
3715
3702
3702
3653
3678
3725
3725
3716
3621
3618
3628
3643
3627
3633
3613
3637
3637
3637
3637
3637
3637
3640
3701
3701
3584
3580
3580
3580
3580
3610
3579
3582
3582
3582
3602
3567
3504
3504
3514
3514
3487
3470
3508
3508
3508
3508
3507
3480
3480
3480
3495
3470
3470
3470
3470
3511
3535
3535
3535
3509
3509
3509
3509
3509
3509
3504
3504
3504
3523
3523
3523
3523
3516
3516
3513
3476
3480
3484
3484
3484
3484
3484
3532
3571
3546
3546
3572
3572
3575
3575
3648
3669
3628
3614
3614
3572
3578
3578
3590
3590
3644
3648
3648
3697
3689
3728
3707
3736
3716
3703
3703
3728
3703
3703
3716
3676
3676
3639
3639
3639
3627
3645
3677
3621
3621
3610
3541
3536
3536
3536
3536
3544
3536
3536
3536
3536
3569
3569
3582
3582
3583
3583
3666
3666
3666
3638
3654
3654
3654
3651
3651
3651
3642
3681
3681
3681
3665
3619
3630
3630
3641
3671
3671
3596
3571
3575
3613
3619
3619
3668
3714
3714
3714
3714
3676
3699
3699
3699
3699
3708
3717
3717
3670
3674
3655
3655
3637
3644
3644
3588
3588
3557
3557
3557
3571
3561
3578
3560
3560
3551
3576
3576
3576
3576
3615
3615
3595
3580
3580
3580
3580
3615
3615
3615
3628
3615
3562
3546
3611
3574
3584
3578
3578
3578
3578
3615
3652
3652
3632
3632
3632
3632
3642
3648
3666
3666
3666
3763
3774
3774
3774
3774
3774
3710
3710
3710
3710
3751
3747
3738
3724
3760
3760
3716
3684
3676
3637
3637
3637
3670
3667
3727
3727
3665
3629
3634
3654
3654
3654
3667
3655
3672
3655
3656
3655
3655
3655
3652
3652
3652
3652
3720
3720
3720
3702
3702
3676
3677
3677
3677
3700
3700
3700
3624
3721
3695
3695
3665
3639
3706
3688
3688
3683
3736
3772
3744
3717
3717
3706
3706
3706
3651
3672
3672
3717
3717
3723
3723
3723
3723
3723
3731
3759
3759
3759
3759
3724
3717
3728
3728
3706
3696
3679
3655
3612
3608
3620
3620
3592
3569
3569
3569
3628
3622
3573
3597
3513
3546
3584
3535
3517
3517
3517
3517
3517
3516
3516
3516
3516
3509
3528
3528
3518
3518
3525
3525
3520
3520
3538
3523
3523
3492
3469
3469
3472
3472
3472
3472
3472
3445
3445
3428
3440
3440
3440
3440
3440
3440
3440
3431
3445
3445
3445
3445
3445
3445
3445
3445
3445
3445
3482
3482
3482
3473
3473
3455
3432
3432
3432
3513
3558
3532
3532
3467
3467
3467
3432
3432
3418
3437
3425
3425
3455
3455
3455
3469
3496
3496
3490
3490
3489
3489
3515
3515
3515
3529
3548
3551
3544
3497
3497
3504
3554
3554
3554
3530
3557
3557
3490
3499
3499
3499
3499
3499
3499
3499
3499
3499
3490
3453
3446
3446
3422
3422
3421
3421
3472
3417
3417
3446
3444
3444
3454
3471
3473
3473
3473
3473
3473
3473
3489
3489
3489
3489
3492
3470
3470
3470
3538
3484
3484
3484
3484
3484
3484
3484
3484
3521
3521
3553
3483
3504
3521
3521
3521
3521
3521
3521
3521
3509
3509
3509
3509
3515
3515
3515
3515
3515
3516
3516
3516
3592
3588
3573
3554
3554
3554
3529
3529
3529
3514
3514
3514
3514
3507
3498
3528
3528
3528
3528
3528
3528
3528
3553
3553
3543
3543
3543
3543
3543
3543
3543
3545
3545
3561
3583
3583
3628
3539
3539
3506
3506
3511
3509
3509
3597
3568
3568
3568
3581
3581
3604
3604
3604
3630
3628
3594
3594
3552
3526
3560
3477
3477
3446
3446
3446
3446
3446
3446
3446
3446
3446
3446
3475
3475
3475
3475
3475
3475
3475
3423
3423
3423
3439
3437
3437
3437
3450
3450
3450
3464
3480
3506
3506
3506
3525
3525
3505
3505
3505
3505
3480
3409
3409
3416
3416
3460
3460
3460
3450
3489
3521
3543
3543
3543
3519
3519
3555
3563
3563
3558
3527
3527
3528
3528
3528
3517
3516
3498
3506
3537
3561
3563
3563
3584
3584
3585
3585
3585
3585
3574
3585
3473
3518
3518
3518
3518
3518
3518
3518
3475
3475
3479
3479
3458
3458
3458
3472
3472
3472
3464
3458
3495
3495
3466
3466
3466
3466
3466
3465
3465
3513
3513
3513
3470
3480
3480
3505
3505
3479
3483
3483
3503
3511
3511
3597
3610
3548
3584
3586
3593
3593
3588
3569
3569
3569
3621
3621
3621
3624
3624
3555
3555
3555
3555
3555
3528
3528
3528
3556
3556
3556
3556
3556
3556
3556
3556
3556
3556
3556
3556
3556
3556
3525
3525
3531
3539
3539
3483
3483
3483
3483
3531
3522
3522
3519
3519
3494
3494
3494
3494
3505
3509
3509
3509
3509
3509
3557
3560
3560
3515
3515
3515
3515
3504
3504
3523
3522
3522
3522
3522
3522
3522
3557
3557
3563
3563
3549
3549
3549
3549
3549
3549
3518
3576
3586
3586
3610
3610
3610
3600
3600
3601
3640
3633
3659
3659
3659
3659
3654
3663
3689
3689
3689
3689
3689
3689
3644
3644
3676
3676
3676
3676
3676
3676
3676
3676
3676
3676
3676
3676
3676
3644
3644
3644
3644
3637
3625
3610
3610
3637
3626
3623
3623
3623
3623
3623
3623
3623
3623
3623
3616
3616
3615
3615
3605
3605
3586
3579
3579
3579
3579
3562
3562
3562
3570
3570
3570
3623
3678
3678
3678
3678
3679
3651
3651
3629
3629
3629
3638
3638
3638
3638
3638
3638
3632
3687
3687
3673
3673
3616
3616
3616
3623
3681
3575
3575
3575
3572
3602
3615
3615
3609
3609
3613
3613
3613
3554
3554
3554
3554
3554
3554
3554
3561
3554
3584
3585
3585
3585
3601
3616
3621
3612
3612
3612
3622
3622
3622
3622
3619
3675
3675
3677
3660
3660
3660
3617
3617
3604
3604
3604
3604
3604
3608
3610
3610
3610
3610
3610
3610
3554
3554
3554
3554
3554
3554
3554
3567
3569
3561
3528
3528
3528
3513
3501
3501
3501
3487
3472
3439
3439
3439
3439
3439
3439
3439
3439
3439
3439
3439
3439
3439
3435
3435
3435
3435
3438
3438
3438
3438
3438
3458
3458
3470
3470
3470
3470
3470
3470
3470
3510
3510
3561
3582
3582
3582
3582
3582
3582
3582
3582
3582
3582
3582
3592
3592
3592
3592
3592
3608
3608
3606
3606
3632
3632
3632
3632
3600
3600
3600
3614
3646
3627
3627
3618
3618
3618
3618
3618
3618
3618
3618
3618
3618
3618
3616
3616
3628
3653
3544
3536
3536
3536
3536
3536
3536
3536
3536
3536
3536
3536
3536
3536
3536
3536
3536
3536
3536
3508
3508
3508
3508
3508
3508
3508
3508
3508
3553
3553
3553
3553
3538
3538
3532
3532
3560
3560
3560
3567
3567
3567
3567
3576
3576
3603
3603
3603
3603
3580
3576
3576
3576
3576
3576
3576
3576
3576
3576
3576
3576
3576
3576
3576
3576
3576
3550
3556
3556
3559
3559
3524
3524
3524
3524
3524
3524
3524
3524
3558
3558
3558
3558
3558
3558
3558
3558
3558
3561
3561
3561
3561
3539
3539
3507
3543
3543
3543
3541
3541
3473
3473
3473
3473
3473
3473
3473
3473
3436
3436
3459
3462
3462
3462
3462
3462
3462
3462
3447
3447
3447
3447
3447
3447
3369
3399
3399
3406
3406
3406
3419
3419
3419
3419
3419
3419
3419
3425
3425
3438
3438
3408
3408
3408
3408
3408
3408
3408
3408
3408
3408
3408
3408
3429
3429
3380
3380
3380
3380
3380
3380
3396
3366
3366
3366
3397
3384
3384
3384
3384
3384
3384
3396
3376
3376
3376
3385
3382
3382
3382
3374
3387
3418
3412
3412
3412
3412
3412
3412
3412
3412
3422
3422
3422
3422
3377
3377
3377
3393
3393
3418
3418
3418
3418
3418
3407
3407
3407
3407
3407
3407
3416
3416
3416
3416
3432
3432
3432
3483
3483
3483
3538
3526
3526
3526
3526
3478
3484
3484
3484
3484
3489
3489
3489
3576
3576
3576
3547
3547
3547
3547
3547
3547
3547
3547
3547
3526
3481
3484
3484
3484
3484
3435
3435
3435
3435
3435
3430
3412
3383
3383
3383
3392
3392
3392
3384
3384
3384
3384
3383
3383
3383
3365
3384
3396
3415
3408
3408
3408
3408
3408
3408
3408
3408
3408
3408
3386
3386
3386
3386
3386
3386
3386
3386
3429
3429
3429
3429
3429
3437
3483
3483
3483
3464
3464
3464
3464
3464
3464
3466
3466
3466
3466
3466
3466
3466
3502
3510
3496
3496
3496
3496
3496
3496
3496
3496
3496
3525
3483
3483
3452
3452
3452
3452
3452
3452
3452
3452
3452
3427
3427
3427
3427
3427
3427
3427
3427
3427
3427
3427
3427
3427
3427
3427
3427
3427
3427
3429
3429
3429
3429
3429
3429
3429
3429
3429
3429
3429
3429
3429
3429
3429
3429
3429
3429
3429
3438
3438
3438
3429
3422
3422
3422
3422
3422
3422
3422
3422
3422
3422
3422
3422
3422
3438
3438
3438
3438
3444
3444
3444
3444
3444
3444
3444
3444
3430
3446
3446
3446
3446
3446
3446
3464
3464
3479
3479
3506
3451
3460
3385
3385
3385
3400
3400
3400
3400
3400
3400
3429
3429
3413
3413
3424
3382
3382
3382
3382
3382
3374
3374
3374
3374
3374
3374
3374
3374
3374
3374
3374
3381
3381
3382
3382
3382
3382
3382
3382
3382
3382
3382
3382
3382
3382
3382
3382
3382
3382
3404
3404
3404
3404
3358
3427
3435
3435
3398
3389
3389
3389
3392
3414
3414
3427
3427
3417
3429
3429
3429
3429
3429
3429
3376
3376
3376
3376
3376
3342
3342
3342
3342
3342
3342
3342
3356
3356
3356
3356
3356
3356
3362
3362
3362
3362
3362
3362
3362
3355
3355
3355
3355
3355
3355
3365
3365
3365
3365
3365
3367
3367
3367
3367
3367
3367
3367
3367
3371
3378
3378
3399
3391
3391
3391
3367
3361
3361
3361
3361
3361
3361
3387
3387
3387
3387
3376
3376
3376
3362
3362
3362
3362
3362
3362
3362
3362
3362
3362
3362
3400
3400
3397
3397
3375
3375
3375
3375
3375
3396
3396
3380
3380
3380
3369
3369
3369
3369
3369
3369
3369
3369
3369
3369
3369
3369
3369
3369
3381
3381
3381
3381
3381
3393
3393
3393
3408
3408
3408
3421
3421
3421
3421
3417
3417
3396
3396
3396
3396
3396
3396
3396
3396
3396
3396
3408
3408
3408
3408
3408
3408
3408
3408
3408
3408
3408
3408
3408
3408
3408
3408
3408
3402
3402
3402
3402
3402
3402
3402
3402
3439
3439
3439
3439
3439
3439
3439
3439
3439
3439
3439
3411
3411
3411
3411
3411
3411
3411
3411
3381
3372
3372
3372
3372
3372
3372
3372
3372
3372
3372
3372
3372
3372
3372
3372
3372
3383
3383
3383
3383
3383
3383
3401
3401
3401
3401
3401
3401
3401
3401
3401
3377
3377
3377
3377
3377
3377
3377
3377
3377
3396
3396
3402
3402
3402
3402
3402
3402
3402
3402
3402
3402
3402
3402
3402
3402
3402
3402
3402
3402
3402
3402
3402
3402
3402
3388
3388
3388
3388
3346
3346
3342
3342
3342
3342
3342
3347
3347
3347
3364
3364
3364
3364
3364
3376
3376
3376
3376
3376
3376
3376
3376
3376
3386
3386
3386
3386
3386
3386
3363
3363
3385
3385
3385
3385
3385
3385
3385
3385
3402
3402
3364
3364
3372
3372
3372
3372
3372
3372
3372
3374
3374
3374
3374
3364
3364
3364
3360
3360
3360
3360
3365
3365
3392
3392
3392
3401
3401
3386
3386
3386
3386
3389
3389
3389
3389
3389
3389
3389
3404
3404
3404
3404
3404
3404
3404
3404
3404
3404
3404
3404
3369
3369
3369
3369
3369
3369
3369
3366
3366
3366
3366
3354
3354
3354
3354
3354
3354
3354
3354
3354
3354
3354
3354
3359
3372
3372
3372
3359
3359
3359
3359
3369
3363
3363
3306
3306
3306
3306
3306
3306
3306
3306
3306
3306
3306
3306
3306
3306
3306
3306
3306
3306
3306
3306
3285
3269
3269
3269
3269
3269
3269
3269
3269
3269
3269
3315
3315
3315
3398
3398
3398
3369
3372
3358
3358
3368
3368
3362
3362
3362
3362
3367
3367
3367
3367
3334
3334
3334
3332
3337
3337
3337
3337
3337
3337
3337
3337
3337
3337
3337
3337
3337
3337
3337
3337
3337
3337
3337
3337
3337
3337
3337
3337
3337
3337
3326
3326
3326
3326
3326
3326
3326
3326
3326
3326
3326
3326
3326
3324
3324
3315
3315
3315
3315
3315
3315
3349
3349
3338
3338
3338
3338
3338
3338
3338
3338
3338
3338
3338
3338
3338
3338
3338
3338
3338
3313
3313
3313
3313
3313
3313
3313
3311
3311
3311
3311
3311
3311
3311
3311
3311
3311
3311
3311
3309
3309
3307
3307
3307
3307
3307
3268
3268
3268
3268
3268
3268
3268
3268
3268
3268
3268
3268
3268
3268
3268
3268
3268
3268
3268
3268
3268
3268
3268
3268
3268
3268
3268
3268
3268
3268
3268
3268
3268
3268
3268
3268
3268
3268
3268
3268
3268
3268
3268
3268
3268
3268
3268
3268
3268
3268
3268
3268
3268
3268
3268
3268
3268
3268
3268
3268
3252
3252
3252
3252
3252
3252
3252
3252
3252
3252
3252
3252
3252
3252
3252
3252
3252
3252
3252
3252
3252
3252
3252
3252
3252
3251
3251
3251
3251
3251
3251
3251
3251
3251
3251
3251
3251
3257
3257
3257
3257
3257
3257
3240
3240
3240
3240
3240
3240
3240
3240
3240
3240
3240
3240
3240
3240
3240
3240
3240
3240
3236
3236
3236
3236
3236
3243
3243
3243
3243
3243
3243
3243
3243
3243
3243
3243
3243
3243
3243
3246
3246
3246
3246
3246
3246
3246
3246
3246
3256
3264
3264
3264
3264
3264
3264
3264
3264
3260
3260
3260
3260
3260
3260
3260
3247
3247
3247
3251
3251
3251
3251
3251
3251
3251
3251
3251
3251
3251
3252
3252
3278
3278
3278
3278
3278
3278
3278
3278
3278
3278
3278
3278
3278
3278
3278
3278
3278
3278
3278
3278
3278
3278
3278
3278
3278
3278
3278
3278
3265
3265
3252
3252
3246
3246
3246
3246
3246
3246
3246
3246
3246
3246
3246
3246
3246
3246
3246
3246
3246
3246
3246
3246
3246
3246
3246
3246
3246
3237
3237
3237
3237
3237
3237
3237
3237
3237
3237
3237
3237
3237
3237
3237
3237
3237
3237
3237
3237
3237
3237
3237
3237
3237
3229
3229
3229
3229
3229
3229
3229
3229
3229
3228
3227
3227
3227
3227
3227
3228
3228
3228
3228
3228
3228
3228
3228
3228
3228
3228
3228
3228
3228
3228
3228
3228
3228
3228
3228
3228
3228
3228
3228
3228
3228
3228
3228
3228
3228
3228
3228
3228
3228
3228
3228
3228
3228
3228
3228
3228
3228
3228
3228
3228
3233
3233
3233
3233
3233
3233
3233
3233
3233
3233
3219
3219
3212
3212
3212
3212
3212
3212
3212
3212
3212
3212
3212
3212
3212
3212
3212
3212
3212
3212
3212
3212
3212
3212
3212
3212
3212
3212
3212
3212
3212
3212
3212
3212
3212
3212
3212
3212
3212
3212
3212
3212
3212
3212
3212
3212
3212
3212
3212
3212
3212
3212
3212
3212
3212
3212
3212
3212
3212
3212
3212
3212
3212
3212
3212
3212
3212
3212
3212
3207
3207
3207
3207
3207
3207
3207
3207
3207
3207
3207
3207
3207
3207
3207
3207
3207
3207
3207
3207
3207
3208
3208
3208
3208
3208
3208
3208
3208
3208
3204
3204
3204
3204
3204
3204
3204
3204
3204
3204
3204
3204
3204
3208
3208
3208
3208
3208
3208
3208
3208
3208
3208
3208
3208
3208
3208
3208
3208
3208
3208
3208
3208
3208
3208
3208
3208
3208
3208
3208
3208
3211
3211
3211
3211
3211
3211
3211
3211
3211
3211
3211
3211
3211
3211
3211
3211
3208
3208
3208
3208
3208
3208
3208
3208
3208
3208
3208
3208
3208
3208
3208
3208
3208
3208
3208
3208
3208
3208
3208
3208
3211
3211
3211
3211
3211
3211
3211
3211
3211
3211
3211
3211
3211
3211
3211
3211
3214
3218
3218
3218
3218
3218
3218
3218
3218
3218
3218
3218
3218
3218
3218
3212
3212
3212
3212
3212
3212
3212
3212
3212
3212
3212
3212
3212
3212
3207
3207
3207
3207
3207
3207
3216
3216
3216
3216
3216
3216
3216
3216
3216
3216
3216
3216
3213
3213
3213
3213
3213
3213
3213
3213
3213
3213
3213
3213
3213
3213
3213
3213
3213
3213
3213
3213
3213
3213
3213
3213
3213
3213
3213
3213
3213
3213
3213
3213
3234
3234
3234
3234
3234
3202
3202
3202
3202
3186
3186
3186
3186
3186
3186
3186
3186
3186
3186
3186
3186
3186
3186
3186
3186
3186
3186
3186
3186
3186
3186
3186
3186
3186
3186
3186
3186
3186
3186
3186
3186
3186
3186
3186
3186
3186
3186
3186
3186
3186
3186
3186
3186
3186
3186
3186
3186
3186
3186
3181
3181
3181
3186
3186
3186
3186
3186
3186
3186
3186
3186
3186
3186
3186
3186
3186
3186
3186
3186
3186
3186
3189
3189
3189
3189
3189
3209
3209
3209
3209
3209
3209
3209
3209
3209
3209
3209
3209
3209
3209
3209
3212
3212
3212
3212
3212
3212
3212
3212
3212
3212
3212
3212
3212
3212
3212
3212
3212
3212
3212
3212
3212
3212
3212
3212
3212
3212
3212
3212
3212
3212
3216
3216
3216
3216
3216
3216
3216
3216
3216
3216
3216
3216
3216
3216
3216
3216
3216
3197
3197
3197
3197
3197
3197
3197
3197
3197
3197
3197
3197
3197
3197
3197
3197
3197
3197
3200
3200
3200
3200
3200
3200
3200
3200
3200
3200
3200
3200
3200
3200
3200
3200
3200
3200
3200
3200
3200
3200
3200
3200
3200
3200
3200
3200
3200
3200
3200
3200
3200
3200
3200
3200
3200
3200
3200
3200
3200
3200
3200
3200
3200
3200
3200
3200
3200
3200
3200
3200
3200
3200
3200
3200
3200
3200
3200
3200
3200
3200
3200
3200
3200
3200
3200
3200
3200
3200
3200
3200
3200
3200
3200
3200
3201
3201
3201
3201
3201
3201
3201
3201
3201
3201
3201
3201
3201
3201
3201
3201
3201
3201
3201
3201
3201
3201
3201
3201
3201
3201
3201
3201
3201
3201
3201
3201
3201
3201
3201
3201
3201
3201
3193
3193
3193
3193
3193
3193
3193
3193
3193
3193
3193
3193
3193
3193
3193
3193
3193
3193
3193
3193
3193
3193
3193
3193
3193
3193
3193
3193
3193
3193
3193
3193
3193
3193
3193
3193
3193
3193
3193
3193
3193
3193
3193
3193
3193
3193
3193
3193
3193
3193
3193
3193
3193
3193
3193
3193
3193
3193
3193
3193
3193
3193
3193
3193
3193
3193
3193
3193
3193
3193
3193
3193
3193
3193
3193
3193
3193
3193
3193
3193
3193
3193
3193
3193
3193
3193
3193
3193
3193
3193
3193
3193
3193
3193
3193
3193
3193
3193
3193
3193
3193
3193
3193
3193
3193
3193
3193
3193
3193
3193
3193
3193
3193
3193
3193
3193
3193
3193
3193
3193
3193
3193
3193
3193
3193
3193
3193
3193
3193
3193
3193
3193
3193
3193
3193
3193
3193
3193
3193
3193
3193
3193
3198
3198
3198
3198
3198
3198
3198
3198
3198
3200
3200
3200
3200
3200
3200
3200
3200
3200
3200
3200
3200
3200
3200
3200
3200
3200
3200
3200
3200
3200
3200
3200
3200
3200
3200
3200
3200
3200
3200
3200
3200
3200
3200
3200
3200
3200
3200
3200
3200
3200
3200
3201
3201
3201
3201
3201
3201
3201
3201
3201
3201
3201
3201
3201
3201
3201
3201
3201
3201
3201
3201
3201
3201
3201
3201
3201
3201
3201
3201
3201
3201
3201
3201
3201
3201
3201
3201
3201
3201
3201
3201
3201
3201
3201
3201
3201
3201
3201
3201
3201
3201
3201
3201
3201
3201
3201
3201
3201
3201
3201
3201
3201
3201
3201
3201
3201
3201
3201
3201
3201
3201
3201
3201
3201
3201
3201
3201
3201
3201
3201
3201
3201
3201
3201
3201
3201
3201
3201
3201
3201
3201
3201
3201
3201
3201
3201
3201
3201
3201
3201
3201
3201
3201
3201
3201
3201
3201
3201
3201
3201
3201
3201
3201
3201
3201
3202
3202
3202
3202
3202
3202
3202
3202
3202
3201
3201
3201
3201
3201
3201
3201
3201
3201
3201
3201
3201
3201
3201
3201
3201
3201
3201
3201
3195
3195
3195
3195
3195
3195
3195
3195
3195
3195
3195
3195
3195
3195
3195
3195
3195
3195
3195
3195
3195
3195
3195
3195
3195
3195
3195
3195
3195
3195
3202
3202
3202
3202
3202
3202
3202
3202
3202
3202
3202
3202
3202
3202
3202
3202
3202
3202
3202
3202
3202
3202
3202
3202
3202
3202
3202
3202
3202
3202
3202
3202
3202
3202
3202
3202
3202
3202
3202
3202
3202
3202
3202
3202
3202
3202
3202
3202
3202
3204
3204
3204
3204
3204
3204
3204
3204
3204
3204
3204
3204
3204
3204
3204
3204
3204
3204
3204
3204
3204
3204
3204
3204
3204
3204
3204
3204
3204
3204
3204
3204
3204
3204
3204
3204
3204
3204
3204
3204
3204
3204
3204
3209
3209
3209
3209
3209
3209
3209
3209
3209
3209
3209
3209
3209
3209
3209
3209
3209
3209
3209
3209
3209
3209
3209
3209
3206
3206
3206
3206
3213
3213
3213
3213
3213
3213
3213
3213
3213
3213
3213
3213
3213
3213
3213
3213
3213
3213
3213
3213
3206
3206
3206
3206
3201
3201
3201
3201
3201
3201
3201
3201
3201
3201
3201
3201
3201
3201
3201
3201
3201
3201
3201
3201
3201
3201
3201
3201
3201
3193
3193
3193
3193
3193
3193
3182
3182
3182
3182
3182
3182
3182
3182
3182
3182
3182
3182
3182
3182
3182
3182
3182
3182
3182
3182
3182
3182
3182
3182
3182
3182
3182
3182
3182
3182
3174
3174
3174
3174
3174
3174
3174
3174
3174
3174
3174
3174
3174
3174
3174
3174
3174
3174
3174
3174
3174
3174
3174
3174
3174
3174
3174
3174
3174
3174
3174
3174
3174
3164
3164
3164
3164
3164
3164
3164
3164
3164
3164
3164
3164
3164
3164
3164
3164
3164
3164
3164
3164
3164
3164
3164
3164
3164
3164
3164
3164
3164
3164
3164
3164
3164
3164
3164
3164
3164
3164
3164
3164
3164
3164
3164
3164
3164
3164
3164
3164
3164
3164
3164
3164
3164
3164
3164
3164
3164
3164
3164
3164
3164
3164
3164
3164
3164
3164
3164
3164
3164
3164
3164
3164
3164
3164
3164
3164
3164
3164
3164
3164
3164
3164
3164
3164
3164
3164
3164
3164
3164
3164
3164
3164
3164
3164
3164
3164
3164
3164
3164
3164
3164
3164
3164
3164
3164
3164
3164
3164
3164
3164
3164
3164
3164
3164
3164
3164
3164
3164
3164
3164
3164
3164
3164
3164
3164
3164
3164
3164
3164
3164
3164
3164
3164
3164
3164
3164
3164
3164
3164
3164
3164
3164
3164
3164
3164
3164
3164
3164
3164
3164
3164
3164
3169
3169
3169
3169
3169
3169
3169
3169
3169
3169
3169
3169
3169
3169
3169
3169
3169
3169
3169
3169
3169
3169
3169
3169
3169
3169
3169
3169
3169
3169
3169
3169
3169
3169
3169
3169
3169
3169
3169
3169
3169
3169
3169
3169
3169
3169
3169
3169
3169
3169
3169
3169
3169
3169
3169
3169
3169
3169
3169
3168
3168
3168
3168
3168
3168
3168
3168
3168
3168
3168
3168
3168
3168
3168
3168
3168
3168
3168
3168
3168
3168
3168
3168
3168
3168
3168
3168
3168
3170
3170
3170
3170
3170
3170
3170
3170
3170
3170
3170
3170
3170
3170
3170
3170
3170
3170
3170
3170
3170
3170
3170
3170
3170
3170
3170
3170
3170
3170
3170
3170
3170
3170
3170
3170
3170
3170
3170
3170
3170
3170
3170
3170
3170
3170
3170
3170
3170
3170
3170
3170
3170
3170
3170
3170
3170
3170
3170
3170
3170
3170
3170
3170
3170
3170
3170
3170
3170
3170
3170
3170
3168
3168
3168
3168
3168
3168
3168
3168
3168
3168
3168
3168
3168
3168
3168
3168
3168
3168
3168
3168
3168
3168
3168
3168
3168
3168
3168
3168
3168
3168
3168
3168
3168
3168
3168
3168
3168
3168
3168
3168
3168
3168
3168
3168
3164
3164
3164
3164
3164
3164
3164
3164
3164
3164
3164
3164
3164
3164
3164
3164
3164
3164
3164
3164
3164
3164
3164
3164
3164
3164
3164
3164
3164
3164
3164
3164
3164
3164
3164
3164
3164
3164
3164
3164
3164
3164
3164
3164
3164
3164
3164
3164
3164
3164
3174
3174
3174
3174
3174
3174
3174
3174
3174
3174
3174
3174
3174
3174
3174
3174
3174
3174
3174
3174
3174
3174
3174
3174
3174
3174
3174
3174
3174
3174
3174
3174
3174
3174
3174
3174
3174
3174
3174
3174
3174
3174
3174
3174
3174
3174
3174
3174
3174
3174
3174
3174
3174
3174
3174
3174
3174
3174
3173
3173
3173
3173
3173
3173
3173
3173
3173
3173
3173
3173
3173
3173
3173
3173
3173
3173
3173
3173
3173
3173
3173
3173
3173
3173
3173
3173
3173
3173
3173
3173
3173
3173
3173
3173
3173
3173
3173
3173
3173
3173
3173
3173
3173
3173
3173
3173
3173
3173
3173
3177
3177
3177
3177
3177
3177
3177
3177
3177
3177
3177
3177
3177
3177
3177
3177
3177
3177
3177
3177
3177
3177
3177
3177
3177
3177
3177
3177
3177
3177
3177
3177
3177
3177
3179
3179
3179
3179
3179
3179
3179
3179
3179
3179
3179
3179
3179
3179
3179
3179
3179
3179
3179
3179
3179
3179
3179
3179
3179
3179
3179
3179
3179
3179
3179
3179
3179
3179
3179
3179
3179
3179
3179
3179
3179
3179
3179
3178
3178
3178
3178
3178
3178
3178
3178
3178
3178
3178
3178
3178
3178
3178
3178
3178
3181
3181
3181
3181
3181
3181
3181
3181
3181
3181
3181
3181
3181
3181
3181
3181
3181
3181
3181
3181
3181
3181
3181
3181
3181
3181
3181
3181
3181
3181
3181
3181
3181
3181
3181
3181
3176
3176
3176
3176
3176
3176
3176
3176
3176
3176
3176
3176
3176
3176
3176
3176
3176
3176
3176
3176
3176
3176
3176
3176
3176
3176
3176
3176
3176
3176
3176
3176
3176
3176
3176
3176
3176
3176
3176
3176
3176
3176
3176
3176
3176
3176
3176
3176
3176
3176
3176
3176
3176
3176
3176
3176
3176
3176
3176
3176
3176
3176
3176
3176
3176
3176
3176
3176
3176
3176
3176
3176
3176
3176
3176
3176
3176
3176
3176
3176
3176
3176
3176
3176
3176
3176
3176
3176
3176
3176
3176
3176
3176
3176
3176
3176
3176
3176
3176
3176
3176
3176
3176
3176
3176
3176
3176
3176
3176
3176
3176
3176
3176
3176
3176
3176
3176
3176
3176
3176
3176
3176
3176
3176
3176
3176
3176
3176
3176
3176
3176
3176
3176
3176
3176
3176
3176
3176
3176
3176
3176
3176
3176
3176
3176
3176
3176
3176
3176
3176
3176
3176
3176
3176
3176
3176
3176
3176
3176
3176
3176
3176
3176
3176
3176
3176
3176
3176
3176
3176
3176
3176
3176
3176
3179
3179
3179
3179
3179
3179
3179
3179
3179
3179
3175
3175
3175
3175
3175
3175
3175
3175
3175
3175
3175
3175
3175
3175
3175
3175
3175
3173
3173
3173
3173
3173
3173
3173
3173
3173
3173
3173
3173
3173
3173
3173
3173
3173
3173
3173
3173
3173
3173
3173
3173
3173
3173
3173
3173
3173
3173
3173
3173
3173
3173
3173
3173
3173
3173
3173
3173
3173
3173
3173
3173
3173
3173
3173
3173
3173
3173
3173
3173
3173
3173
3173
3173
3173
3173
3173
3173
3173
3173
3173
3173
3173
3173
3173
3173
3173
3173
3173
3173
3173
3173
3173
3173
3173
3173
3170
3170
3170
3170
3170
3170
3170
3170
3170
3170
3170
3170
3170
3170
3170
3170
3170
3170
3170
3170
3170
3170
3170
3170
3170
3170
3170
3170
3170
3170
3170
3170
3170
3170
3170
3170
3170
3170
3170
3170
3170
3170
3170
3170
3170
3170
3170
3170
3170
3170
3170
3170
3170
3170
3170
3170
3170
3170
3170
3170
3170
3170
3170
3170
3170
3170
3170
3170
3170
3170
3170
3170
3170
3170
3170
3170
3170
3170
3170
3170
3170
3170
3170
3170
3170
3170
3170
3170
3170
3170
3170
3170
3170
3170
3170
3170
3170
3170
3170
3170
3170
3170
3170
3170
3170
3170
3170
3170
3170
3170
3170
3170
3170
3170
3170
3170
3170
3170
3170
3170
3170
3170
3170
3170
3170
3170
3170
3170
3170
3170
3170
3170
3170
3170
3170
3170
3170
3170
3170
3170
3170
3170
3170
3170
3170
3170
3170
3170
3170
3170
3170
3170
3170
3170
3170
3170
3170
3170
3170
3170
3170
3170
3170
3170
3170
3170
3170
3170
3170
3170
3170
3170
3170
3170
3170
3170
3170
3170
3170
3170
3170
3170
3170
3170
3170
3170
3170
3170
3170
3170
3170
3170
3170
3170
3170
3170
3170
3170
3170
3170
3170
3170
3170
3170
3170
3170
3171
3170
3170
3170
3170
3170
3170
3170
3170
3170
3170
3170
3170
3170
3170
3170
3170
3170
3170
3170
3170
3170
3170
3170
3170
3170
3170
3170
3170
3170
3170
3170
3170
3170
3172
3172
3172
3172
3172
3172
3172
3172
3172
3176
3176
3176
3176
3176
3176
3176
3176
3176
3172
3172
3172
3172
3172
3172
3172
3172
3172
3172
3172
3172
3170
3170
3170
3170
3170
3170
3170
3170
3170
3170
3170
3170
3170
3170
3170
3170
3170
3170
3170
3170
3170
3170
3170
3170
3170
3170
3170
3173
3173
3173
3173
3173
3173
3173
3173
3173
3173
3173
3173
3173
3170
3170
3170
3170
3170
3170
3170
3170
3170
3170
3170
3170
3170
3170
3170
3170
3170
3170
3170
3170
3170
3170
3170
3170
3170
3170
3170
3170
3170
3170
3170
3170
3170
3170
3170
3170
3170
3170
3170
3170
3170
3170
3170
3170
3170
3170
3170
3170
3170
3170
3170
3170
3170
3170
3170
3170
3170
3170
3170
3170
3170
3170
3170
3170
3170
3170
3170
3170
3170
3170
3170
3170
3170
3170
3170
3170
3170
3170
3170
3170
3170
3170
3170
3170
3170
3170
3170
3170
3170
3170
3170
3170
3170
3170
3170
3170
3170
3170
3170
3170
3170
3170
3170
3170
3170
3170
3170
3170
3170
3170
3170
3170
3170
3170
3170
3170
3170
3170
3170
3170
3170
3170
3170
3170
3170
3173
3173
3173
3173
3173
3173
3173
3173
3173
3175
3175
3175
3175
3175
3175
3175
3175
3175
3175
3175
3175
3170
3170
3170
3170
3170
3170
3170
3170
3170
3170
3170
3170
3170
3170
3170
3170
3170
3170
3170
3170
3170
3170
3170
3170
3170
3170
3170
3171
3171
3171
3171
3171
3171
3171
3171
3171
3171
3171
3171
3171
3171
3171
3171
3171
3171
3171
3171
3171
3171
3171
3171
3171
3171
3171
3171
3171
3171
3171
3171
3171
3171
3171
3171
3171
3171
3171
3171
3171
3171
3171
3171
3171
3171
3171
3171
3171
3171
3171
3171
3171
3171
3171
3171
3171
3171
3171
3171
3171
3171
3171
3171
3171
3171
3171
3171
3171
3171
3171
3171
3171
3171
3171
3171
3171
3171
3171
3171
3171
3171
3171
3171
3171
3171
3171
3171
3171
3171
3171
3171
3171
3171
3171
3171
3171
3171
3171
3171
3171
3171
3171
3171
3171
3171
3171
3171
3171
3171
3171
3171
3171
3171
3171
3171
3171
3171
3171
3171
3171
3171
3171
3171
3171
3171
3171
3171
3171
3171
3171
3171
3171
3171
3171
3171
3171
3171
3171
3171
3171
3171
3171
3171
3171
3171
3171
3171
3171
3171
3171
3171
3171
3171
3171
3171
3171
3171
3171
3171
3171
3171
3171
3171
3171
3171
3171
3171
3171
3171
3171
3171
3171
3171
3171
3171
3171
3171
3171
3171
3174
3174
3174
3174
3174
3174
3174
3174
3174
3174
3174
3169
3169
3169
3169
3169
3169
3169
3169
3169
3169
3169
3169
3169
3169
3169
3169
3169
3169
3169
3169
3169
3169
3169
3169
3169
3169
3169
3169
3169
3169
3169
3169
3169
3169
3169
3169
3169
3169
3169
3169
3169
3169
3169
3169
3169
3169
3169
3169
3169
3169
3169
3169
3171
3171
3171
3171
3171
3171
3171
3171
3171
3171
3171
3171
3177
3177
3177
3177
3177
3177
3177
3177
3177
3177
3177
3177
3177
3177
3177
3177
3177
3177
3177
3177
3177
3177
3177
3177
3179
3179
3179
3179
3179
3179
3173
3173
3170
3170
3170
3170
3170
3170
3170
3170
3170
3170
3170
3170
3170
3170
3170
3170
3170
3170
3170
