3694
3715
3698
3706
3653
3718
3794
3789
3748
3680
3695
3700
3816
3763
3763
3761
3800
3808
3767
3767
3741
3739
3693
3732
3753
3753
3696
3748
3748
3714
3793
3793
3721
3620
3627
3643
3659
3739
3745
3763
3886
3808
3808
3821
3755
3739
3776
3847
3871
3822
3850
3802
3749
3839
3841
3844
3844
3810
3809
3815
3846
3849
3849
3834
3749
3774
3752
3754
3754
3804
3804
3869
3844
3793
3749
3862
3854
3868
3882
3860
3920
3888
3888
3888
3784
3830
3814
3706
3706
3736
3814
3780
3775
3764
3727
3727
3738
3698
3736
3837
3887
3887
4000
4034
3997
4007
4007
4025
4025
4055
4059
4129
4061
4052
3918
3857
3844
3772
3744
3744
3744
3810
3932
3906
3906
3879
3988
3938
3969
3890
3841
3867
3898
3893
3903
3853
3825
3773
3824
3794
3801
3845
3877
3876
3831
3831
3831
3792
3821
3821
3847
3792
3739
3753
3753
3742
3768
3758
3756
3756
3784
3721
3701
3645
3665
3714
3692
3710
3719
3719
3720
3717
3828
3922
3853
3805
3897
3868
3839
3817
3792
3774
3861
3938
3844
3791
3752
3733
3733
3781
3733
3761
3731
3830
3810
3817
3817
3780
3872
3858
3810
3755
3753
3767
3772
3758
3741
3754
3733
3751
3779
3779
3779
3782
3743
3816
3789
3800
3840
3792
3806
3806
3764
3796
3764
3764
3739
3739
3739
3651
3634
3628
3558
3590
3602
3639
3678
3731
3682
3712
3761
3721
3688
3704
3761
3761
3793
3793
3853
3850
3844
3872
3879
3907
3938
3996
3875
3825
3802
3794
3794
3750
3706
3720
3716
3698
3683
3683
3701
3690
3690
3646
3685
3771
3771
3771
3768
3758
3701
3785
3830
3841
3827
3779
3691
3637
3691
3718
3736
3743
3751
3761
3733
3769
3768
3764
3800
3800
3791
3800
3774
3774
3774
3672
3684
3678
3744
3701
3705
3690
3655
3674
3677
3581
3584
3557
3694
3694
3682
3682
3682
3670
3693
3759
3757
3757
3860
3860
3822
3822
3864
3864
3886
3886
3890
3890
3945
3945
3889
3945
3943
3943
3943
3974
3962
3944
3944
3930
3965
3911
3906
3902
3920
3920
3915
3878
3814
3851
3851
3813
3813
3781
3772
3772
3814
3812
3731
3795
3780
3791
3783
3683
3738
3769
3796
3739
3699
3820
3892
3863
3863
3863
3968
4086
3976
3958
3854
3791
3807
3859
3745
3702
3788
3791
3858
3811
3901
3937
3984
4023
3997
3985
3985
4048
3992
3992
4010
3995
3919
3873
3818
3834
3823
3806
3806
3744
3775
3726
3775
3775
3773
3809
3831
3933
3894
3844
3844
3888
3820
3818
3857
3764
3766
3725
3607
3607
3607
3643
3643
3643
3643
3649
3700
3730
3649
3634
3704
3798
3787
3736
3731
3767
3785
3843
3861
3776
3825
3825
3798
3752
3746
3779
3788
3811
3768
3784
3839
3839
3794
3744
3744
3710
3715
3671
3710
3792
3814
3790
3830
3809
3779
3783
3774
3786
3786
3776
3802
3843
3842
3816
3893
3883
3883
3939
3981
4010
3994
4046
4063
4063
4031
3939
3946
3944
3866
3905
3901
3901
3921
3830
3830
3817
3817
3808
3788
3792
3702
3702
3689
3613
3684
3768
3751
3751
3751
3751
3688
3726
3745
3812
3828
3837
3836
3917
3879
3836
3815
3825
3825
3819
3799
3855
3837
3838
3795
3798
3742
3798
3775
3776
3722
3661
3705
3727
3731
3731
3739
3751
3748
3755
3755
3779
3779
3766
3707
3721
3710
3733
3694
3765
3730
3730
3755
3775
3694
3753
3778
3678
3679
3638
3608
3717
3668
3710
3738
3745
3808
3904
3896
3886
3789
3799
3835
3852
3852
3852
3871
3885
3885
3896
3811
3807
3767
3763
3763
3701
3754
3782
3856
3855
3855
3775
3775
3801
3756
3789
3704
3688
3688
3590
3662
3634
3669
3669
3669
3706
3706
3757
3706
3827
3869
3856
3873
3873
3857
3857
3854
3854
3868
3868
3868
3825
3835
3839
3827
3829
3831
3879
3837
3837
3761
3761
3805
3786
3721
3745
3669
3619
3619
3603
3671
3709
3715
3715
3741
3684
3679
3705
3705
3693
3706
3745
3852
3922
3922
3940
3940
3919
3866
3880
4020
3992
3992
3992
3948
3888
3829
3829
3754
3816
3783
3787
3817
3779
3841
3841
3856
3887
3882
3838
3895
3959
3937
3871
3860
3934
3972
3972
3968
3890
3860
3783
3783
3891
3873
3851
3851
3886
3895
3895
3895
3895
3895
3976
3976
3928
3959
3928
3996
4049
3939
3939
3939
3939
3939
3894
3906
3807
3833
3900
3902
3852
3852
3852
3873
3810
3732
3732
3732
3732
3663
3725
3792
3740
3689
3648
3708
3769
3769
3746
3773
3801
3796
3884
3826
3923
3939
3876
3803
3847
3779
3779
3855
3805
3862
3883
3758
3758
3860
3811
3811
3811
3836
3865
3837
3760
3856
3834
3705
3693
3693
3704
3629
3629
3670
3623
3623
3581
3581
3626
3588
3588
3573
3712
3686
3768
3713
3724
3829
3833
3833
3825
3777
3811
3739
3748
3764
3811
3811
3863
3939
3970
3994
4034
4008
4052
4101
4025
3908
3865
3875
3915
3878
3978
4053
3982
4074
4116
4105
4109
4028
3950
3904
3927
3927
3814
3814
3841
3814
3749
3809
3757
3778
3766
3662
3640
3695
3695
3641
3656
3690
3693
3632
3684
3768
3733
3715
3783
3723
3747
3710
3721
3646
3666
3660
3572
3572
3596
3610
3665
3667
3667
3661
3690
3690
3717
3783
3793
3793
3764
3784
3736
3723
3747
3748
3780
3751
3799
3766
3743
3722
3828
3832
3768
3734
3739
3746
3684
3652
3727
3727
3815
3835
3796
3814
3815
3841
3841
3878
3811
3882
3825
3798
3738
3691
3687
3682
3709
3710
3743
3801
3773
3817
3837
3919
3956
3863
3823
3804
3752
3716
3670
3698
3750
3750
3761
3798
3814
3848
3848
3817
3817
3825
3768
3859
3859
3859
3794
3803
3761
3819
3763
3707
3802
3813
3884
3803
3831
3837
3857
3802
3835
3826
3826
3889
3840
3874
3874
3871
3911
3897
3892
3826
3865
3833
3849
3818
3776
3775
3775
3755
3772
3772
3792
3709
3709
3720
3725
3752
3807
3862
3866
3825
3825
3817
3756
3771
3756
3756
3826
3819
3758
3818
3833
3833
3785
3809
3809
3867
3836
3848
3748
3859
3836
3836
3823
3797
3812
3848
3839
3882
3927
3972
3976
3997
3941
3941
3989
3994
3949
3885
3917
3972
3875
3783
3820
3783
3804
3802
3843
3927
3954
3921
3883
3913
3893
3902
3765
3725
3723
3744
3744
3795
3706
3728
3728
3827
3808
3822
3818
3806
3818
3787
3834
3851
3796
3803
3843
3841
3805
3782
3729
3784
3731
3741
3741
3701
3701
3725
3631
3631
3595
3673
3693
3675
3701
3738
3735
3733
3700
3682
3682
3646
3610
3610
3643
3660
3660
3644
3650
3699
3703
3691
3691
3719
3731
3711
3724
3724
3818
3709
3729
3776
3696
3670
3711
3677
3621
3665
3726
3672
3696
3697
3712
3712
3736
3609
3609
3659
3634
3664
3682
3593
3593
3582
3549
3556
3628
3651
3651
3685
3685
3685
3685
3709
3742
3751
3751
3790
3777
3825
3863
3912
3876
3793
3785
3785
3849
3809
3804
3805
3805
3831
3831
3787
3761
3737
3669
3667
3688
3676
3766
3766
3758
3822
3855
3901
3856
3783
3812
3787
3791
3816
3862
3931
3890
3876
3939
3945
3952
3936
3876
3994
4046
4006
4001
4022
3983
3983
3957
4012
4012
4012
3958
3960
3895
3895
3929
3900
4025
4000
4022
3965
3970
4008
3969
3969
3780
3771
3805
3789
3789
3789
3810
3782
3779
3776
3742
3706
3706
3727
3750
3750
3729
3729
3661
3661
3655
3676
3676
3676
3739
3887
3991
4064
4118
4085
4076
4009
4009
4020
4023
3955
3834
3808
3795
3776
3764
3783
3761
3761
3735
3759
3821
3862
3761
3776
3776
3776
3802
3847
3774
3710
3732
3683
3694
3704
3733
3752
3752
3783
3783
3791
3787
3864
3794
3721
3680
3689
3668
3691
3643
3669
3716
3710
3710
3668
3730
3742
3839
3821
3809
3802
3792
3747
3732
3812
3860
3860
3896
3857
3901
3890
3820
3819
3769
3786
3786
3772
3871
3871
3925
3925
3910
3910
3845
3790
3811
3775
3766
3828
3830
3862
3862
3779
3829
3849
3849
3844
3813
3803
3803
3761
3741
3733
3743
3736
3740
3743
3743
3725
3659
3621
3617
3633
3672
3701
3700
3750
3700
3714
3713
3694
3744
3735
3684
3728
3714
3676
3655
3709
3709
3816
3792
3803
3795
3788
3712
3713
3726
3671
3671
3671
3635
3649
3645
3690
3773
3743
3743
3743
3816
3768
3798
3798
3741
3604
3604
3611
3675
3769
3753
3735
3700
3668
3726
3760
3736
3760
3689
3729
3652
3735
3721
3693
3681
3738
3772
3748
3692
3696
3767
3753
3795
3790
3770
3778
3778
3765
3765
3766
3766
3738
3759
3821
3846
3884
3900
3918
3915
3921
3921
3867
3841
3779
3742
3734
3781
3742
3770
3802
3747
3747
3795
3764
3732
3732
3732
3725
3662
3671
3672
3726
3791
3772
3758
3777
3843
3797
3814
3809
3920
4019
3998
3978
3981
3965
3926
3850
3846
3905
3905
3850
3848
3906
3709
3859
3852
3822
3827
3863
3863
3826
3826
3862
3836
3778
3751
3750
3754
3673
3644
3644
3598
3562
3562
3516
3516
3589
3589
3570
3570
3573
3549
3678
3684
3675
3732
3692
3704
3722
3722
3722
3672
3696
3699
3634
3622
3674
3713
3713
3655
3655
3677
3716
3625
3632
3646
3648
3678
3678
3678
3711
3737
3768
3760
3760
3751
3792
3795
3818
3859
3829
3797
3821
3821
3808
3780
3793
3742
3730
3695
3673
3675
3675
3721
3742
3786
3786
3876
3876
3876
3876
3876
3882
3876
3921
3868
3898
3898
3898
3925
3909
3909
3888
3930
3930
3930
3898
3876
3926
3926
3853
3941
3941
3934
3968
3926
3928
3943
3963
3963
3963
4009
4009
4009
3979
4015
3966
3884
3975
3975
3870
3856
3859
3712
3764
3672
3689
3696
3708
3713
3713
3728
3707
3725
3745
3714
3700
3758
3729
3684
3678
3678
3672
3679
3658
3649
3643
3643
3643
3682
3668
3671
3664
3655
3655
3718
3718
3694
3694
3651
3761
3761
3780
3760
3767
3767
3722
3775
3735
3655
3648
3648
3600
3600
3651
3651
3651
3622
3649
3649
3600
3580
3605
3558
3551
3556
3556
3522
3582
3599
3599
3599
3599
3655
3668
3628
3688
3617
3643
3641
3582
3609
3640
3592
3592
3665
3697
3666
3649
3659
3629
3629
3757
3757
3807
3716
3716
3758
3758
3758
3777
3777
3764
3822
3810
3805
3761
3796
3796
3918
3917
3911
3911
3937
3866
3866
3962
3889
3889
3926
3954
3931
3993
3993
3888
3805
3805
3877
3873
3853
3863
3895
3895
3769
3771
3771
3771
3771
3844
3844
3857
3797
3808
3808
3808
3808
3732
3765
3765
3788
3791
3808
3818
3849
3877
3810
3810
3810
3816
3884
3880
3789
3813
3830
3876
3887
3884
3875
3779
3769
3684
3600
3626
3619
3624
3623
3623
3732
3746
3746
3845
3923
3967
3967
3950
3971
4003
3907
3968
3961
3905
3879
3889
3897
3903
3938
3836
3873
3826
3835
3903
3906
3822
3940
3893
3893
3870
3792
3863
3933
3933
3927
3927
3948
3953
3849
3787
3770
3770
3770
3762
3762
3762
3694
3673
3673
3673
3658
3723
3679
3679
3632
3635
3689
3620
3616
3660
3660
3667
3683
3683
3741
3782
3771
3771
3777
3744
3744
3725
3747
3747
3733
3635
3638
3634
3675
3682
3682
3744
3738
3859
3823
3756
3716
3850
3847
3870
3870
3870
3837
3837
3837
3837
3852
3899
3815
3722
3722
3722
3773
3709
3731
3704
3704
3715
3669
3705
3740
3738
3777
3775
3800
3800
3742
3763
3763
3821
3888
3907
3984
3962
4030
3990
3978
3887
3928
3881
3935
3941
3816
3816
3833
3916
3930
3875
3895
3980
3959
3948
3887
3906
3906
3915
3970
3962
3978
3996
4031
4022
4038
4011
3958
3958
3958
3894
3852
3832
3800
3846
3830
3795
3810
3747
3726
3722
3689
3741
3726
3716
3746
3727
3841
3802
3797
3790
3790
3790
3778
3779
3829
3804
3798
3798
3812
3845
3840
3840
3833
3895
3895
3823
3826
3827
3811
3811
3811
3811
3856
3858
3868
3868
3792
3792
3792
3799
3803
3803
3852
3863
3863
3818
3745
3745
3742
3758
3759
3809
3721
3681
3716
3756
3728
3728
3712
3623
3660
3690
3680
3672
3715
3717
3717
3658
3667
3667
3665
3688
3654
3559
3585
3653
3652
3666
3666
3666
3653
3572
3599
3536
3493
3570
3639
3617
3621
3574
3574
3634
3609
3658
3658
3740
3727
3797
3797
3797
3930
3992
3884
3931
3882
3942
4074
3981
3981
4057
4066
4073
4073
4080
4122
4088
4088
4088
4017
3972
3933
3956
3956
4015
4015
3969
3995
3974
3973
4002
3860
3899
3916
3889
3889
3973
3973
3938
3940
3914
3952
3908
3954
3954
3954
4021
4058
4020
4020
4052
4050
4062
4062
4092
4069
4074
4039
4039
4123
4019
3979
3949
3938
3967
3962
3911
3899
3931
3950
3950
3985
3987
4020
3990
3966
3944
3942
3897
3897
3834
3905
3898
3900
3898
3847
3944
3900
3793
3793
3757
3793
3804
3790
3833
3833
3746
3746
3807
3811
3876
3876
3780
3825
3745
3779
3812
3829
3818
3878
3918
3928
3866
3859
3797
3775
3867
3851
3901
3911
3949
3936
3954
3937
3879
3869
3834
3731
3729
3789
3809
3814
3818
3823
3710
3709
3742
3768
3768
3751
3804
3802
3837
3782
3759
3750
3750
3745
3725
3738
3738
3738
3712
3712
3647
3699
3667
3732
3732
3742
3740
3824
3803
3816
3816
3793
3793
3722
3722
3714
3628
3638
3638
3618
3618
3618
3665
3799
3774
3725
3776
3831
3831
3782
3800
3883
3890
3822
3748
3776
3713
3719
3666
3666
3699
3699
3699
3699
3685
3685
3787
3773
3661
3773
3773
3762
3762
3782
3781
3739
3681
3681
3682
3683
3657
3677
3739
3765
3780
3788
3761
3718
3635
3697
3722
3681
3754
3754
3755
3850
3809
3785
3771
3821
3831
3872
3893
3888
3882
3868
3910
3851
3851
3894
3865
3861
3807
3820
3813
3792
3806
3753
3765
3765
3799
3799
3819
3856
3898
3898
3854
3828
3762
3767
3767
3788
3814
3810
3786
3833
3833
3728
3649
3672
3679
3640
3717
3684
3663
3624
3624
3624
3665
3645
3603
3620
3629
3647
3775
3795
3743
3738
3738
3742
3742
3738
3691
3807
3835
3822
3808
3775
3747
3747
3701
3701
3692
3591
3723
3686
3686
3671
3699
3674
3697
3717
3717
3774
3708
3670
3682
3725
3725
3725
3725
3733
3715
3692
3706
3693
3772
3740
3772
3772
3772
3743
3743
3706
3706
3721
3711
3726
3721
3691
3722
3722
3722
3723
3733
3733
3733
3784
3797
3797
3725
3725
3723
3732
3754
3728
3826
3848
3860
3889
3907
3956
3825
3825
3836
3816
3741
3741
3741
3741
3735
3739
3711
3721
3761
3722
3722
3722
3773
3773
3669
3678
3678
3676
3657
3703
3708
3708
3702
3704
3684
3715
3755
3774
3799
3799
3799
3722
3675
3684
3684
3667
3713
3673
3673
3649
3647
3717
3724
3697
3648
3686
3686
3686
3658
3663
3688
3688
3688
3685
3685
3782
3782
3804
3710
3677
3704
3721
3777
3867
3882
3855
3819
3842
3842
3901
3821
3794
3794
3794
3794
3750
3745
3757
3797
3823
3793
3812
3761
3684
3684
3684
3684
3684
3666
3666
3666
3663
3663
3732
3708
3706
3751
3751
3815
3841
3841
3737
3737
3754
3702
3636
3636
3664
3651
3639
3639
3639
3665
3668
3606
3627
3662
3729
3729
3766
3766
3766
3786
3755
3774
3778
3712
3712
3716
3655
3637
3607
3664
3571
3571
3563
3572
3578
3578
3637
3637
3562
3525
3596
3596
3509
3520
3632
3532
3532
3532
3620
3635
3695
3664
3780
3756
3756
3796
3796
3801
3801
3796
3773
3773
3773
3816
3777
3777
3777
3802
3770
3748
3796
3796
3710
3703
3779
3779
3779
3782
3791
3801
3801
3795
3768
3699
3707
3734
3659
3644
3666
3649
3665
3827
3783
3775
3736
3736
3700
3700
3700
3700
3679
3669
3669
3700
3694
3735
3813
3922
3922
3945
4034
4024
3954
3884
3826
3776
3792
3780
3842
3841
3787
3826
3837
3834
3836
3936
3924
3924
3827
3813
3811
3796
3796
3727
3727
3731
3731
3767
3767
3800
3800
3862
3902
3914
3905
3868
3868
3769
3769
3716
3747
3774
3799
3799
3808
3808
3836
3854
3841
3872
3934
3896
3894
3890
3882
3838
3838
3801
3805
3805
3805
3833
3827
3858
3851
3835
3802
3802
3846
3880
3954
3861
3803
3865
3841
3841
3773
3800
3758
3741
3759
3757
3752
3725
3752
3777
3796
3796
3904
3933
3955
3953
3862
3874
3828
3828
3791
3785
3810
3848
3848
3898
3898
3810
3763
3763
3763
3734
3812
3708
3785
3809
3809
3828
3823
3833
3860
3921
3871
3831
3831
3817
3817
3817
3791
3791
3788
3737
3728
3792
3792
3786
3817
3817
3864
3874
3955
3920
3961
3961
3864
3860
3860
3841
3861
3923
3821
3771
3744
3817
3817
3842
3842
3845
3753
3779
3801
3790
3790
3811
3824
3824
3803
3803
3801
3796
3796
3740
3723
3723
3772
3763
3805
3857
3875
3861
3817
3817
3824
3824
3871
3850
3938
3853
3874
3820
3840
3838
3799
3748
3771
3771
3771
3741
3705
3732
3704
3736
3736
3765
3742
3789
3775
3721
3676
3774
3707
3707
3719
3719
3719
3752
3811
3709
3639
3708
3708
3708
3752
3686
3656
3707
3634
3695
3695
3695
3684
3646
3749
3749
3724
3565
3544
3617
3557
3544
3531
3516
3552
3590
3592
3612
3612
3612
3526
3530
3542
3542
3585
3619
3623
3623
3567
3584
3624
3614
3688
3724
3747
3747
3677
3712
3727
3787
3865
3855
3855
3788
3874
3903
3965
3965
3989
3971
3960
3947
3866
3863
3863
3863
3819
3839
3832
3830
3884
3884
3808
3840
3840
3840
3840
3840
3838
3796
3849
3928
3924
3924
3924
3931
3960
4039
4039
4026
3982
3997
3997
3997
3997
3900
3882
3785
3800
3803
3846
3806
3821
3834
3890
3817
3808
3848
3795
3797
3796
3819
3780
3800
3786
3796
3796
3722
3719
3725
3754
3774
3774
3766
3775
3766
3766
3769
3769
3670
3670
3664
3642
3617
3617
3653
3653
3656
3656
3699
3699
3654
3782
3746
3725
3705
3705
3669
3747
3740
3706
3618
3650
3595
3605
3602
3602
3602
3573
3634
3588
3551
3599
3603
3646
3659
3659
3681
3744
3705
3705
3719
3774
3718
3720
3742
3736
3736
3736
3736
3766
3766
3691
3780
3690
3688
3732
3653
3673
3687
3669
3669
3669
3714
3759
3759
3795
3843
3809
3819
3792
3794
3794
3774
3764
3764
3731
3732
3689
3692
3690
3690
3729
3683
3637
3637
3635
3637
3637
3632
3716
3734
3725
3728
3758
3758
3732
3796
3754
3750
3695
3759
3795
3687
3687
3681
3682
3650
3627
3677
3655
3688
3688
3765
3765
3765
3735
3785
3825
3834
3743
3703
3694
3697
3652
3597
3604
3584
3641
3592
3583
3583
3535
3535
3499
3499
3499
3589
3589
3665
3594
3613
3613
3613
3675
3656
3671
3671
3605
3605
3624
3583
3583
3621
3609
3648
3645
3614
3614
3584
3627
3677
3711
3707
3775
3775
3771
3771
3730
3648
3686
3704
3651
3651
3689
3700
3715
3698
3643
3704
3704
3704
3731
3697
3675
3663
3676
3641
3605
3605
3605
3605
3671
3667
3667
3661
3641
3641
3672
3637
3620
3581
3581
3610
3585
3601
3602
3625
3625
3617
3604
3604
3590
3511
3580
3515
3556
3556
3554
3641
3638
3604
3604
3604
3604
3604
3604
3603
3592
3601
3553
3586
3586
3561
3645
3657
3763
3809
3815
3785
3786
3700
3727
3727
3723
3687
3679
3707
3671
3719
3719
3801
3772
3771
3736
3729
3690
3710
3749
3896
3810
3857
3882
3874
3773
3773
3773
3815
3896
3912
3957
3944
3944
3925
3878
3878
3875
3875
3912
3828
3802
3802
3786
3766
3766
3799
3857
3868
3869
3778
3757
3845
3830
3889
3831
3839
3839
3841
3873
3820
3820
3842
3909
3909
3824
3824
3820
3820
3873
3847
3864
3861
3861
3795
3796
3845
3866
3863
3866
3886
3929
3878
3903
3900
3839
3818
3863
3870
3870
3870
3859
3859
3838
3838
3838
3940
3918
3926
3979
3979
3971
3993
3915
3915
3960
3989
3972
3923
3805
3825
3792
3843
3836
3836
3866
3866
3754
3754
3786
3840
3826
3816
3868
3889
3906
3885
3889
3881
3835
3826
3826
3826
3859
3885
3941
3939
3939
3924
3847
3896
3953
3889
3895
3844
3803
3875
3875
3839
3777
3742
3742
3682
3669
3682
3682
3688
3675
3677
3707
3649
3649
3649
3665
3657
3696
3696
3672
3672
3642
3666
3670
3600
3657
3634
3633
3633
3633
3661
3708
3735
3735
3710
3710
3710
3702
3703
3663
3635
3635
3635
3662
3606
3606
3616
3611
3611
3664
3743
3735
3790
3755
3755
3810
3706
3737
3795
3795
3746
3746
3746
3746
3683
3664
3659
3640
3662
3696
3771
3822
3822
3790
3803
3814
3863
3863
3864
3871
3844
3837
3856
3833
3833
3863
3863
3805
3805
3805
3774
3754
3751
3751
3751
3751
3765
3769
3769
3741
3741
3784
3751
3782
3783
3752
3845
3831
3859
3853
3877
3848
3804
3796
3798
3798
3877
3833
3833
3887
3887
3900
3900
3873
3898
3870
3895
4007
4026
3980
3980
3899
3899
3731
3731
3731
3667
3667
3667
3665
3729
3648
3720
3691
3673
3673
3740
3679
3679
3678
3678
3677
3677
3677
3687
3665
3665
3666
3695
3733
3733
3723
3721
3686
3667
3687
3687
3677
3628
3646
3646
3646
3688
3671
3668
3665
3665
3694
3713
3713
3726
3726
3655
3653
3617
3614
3606
3606
3606
3641
3683
3718
3718
3764
3764
3741
3741
3812
3873
3800
3800
3837
3721
3720
3690
3666
3666
3723
3720
3863
3863
3863
3863
3850
3838
3749
3778
3778
3814
3861
3880
3865
3824
3855
3845
3784
3784
3793
3825
3848
3919
3931
3882
3871
3881
3863
3863
3863
3846
3832
3889
3956
3956
3956
3965
3985
3982
3885
3856
3892
3848
3871
3848
3848
3797
3790
3780
3817
3791
3830
3841
3841
3881
3868
3882
3884
3884
3884
3884
3884
3884
3811
3888
3888
3894
3913
3854
3882
3882
3811
3723
3771
3771
3722
3838
3838
3758
3741
3741
3741
3739
3739
3729
3729
3728
3692
3719
3694
3763
3797
3729
3796
3769
3769
3769
3799
3787
3741
3741
3818
3798
3827
3827
3821
3759
3758
3742
3742
3813
3834
3839
3828
3839
3798
3783
3780
3796
3807
3796
3866
3902
3920
3903
3955
3946
4007
3991
4004
4053
4007
3982
3938
3879
3879
3879
3879
3879
4011
3952
3987
3987
3945
3950
3890
3870
3865
3832
3832
3813
3818
3782
3785
3754
3755
3748
3708
3658
3665
3665
3657
3670
3562
3562
3556
3556
3556
3545
3545
3602
3613
3613
3595
3638
3638
3638
3644
3643
3643
3641
3641
3646
3591
3591
3591
3591
3573
3543
3571
3571
3589
3615
3566
3571
3571
3571
3571
3581
3633
3659
3711
3711
3711
3714
3714
3714
3731
3673
3673
3751
3748
3707
3691
3720
3720
3738
3749
3732
3695
3695
3651
3633
3646
3646
3646
3646
3646
3659
3723
3733
3684
3716
3716
3750
3737
3659
3524
3524
3506
3550
3547
3539
3530
3530
3576
3620
3617
3617
3617
3653
3653
3655
3623
3592
3713
3713
3713
3713
3713
3725
3756
3704
3617
3561
3561
3631
3631
3645
3725
3725
3711
3690
3690
3696
3670
3670
3670
3670
3670
3621
3621
3616
3605
3605
3616
3708
3656
3713
3744
3755
3760
3694
3694
3628
3645
3633
3633
3631
3631
3631
3631
3634
3596
3611
3581
3576
3576
3592
3592
3592
3620
3620
3621
3761
3782
3816
3816
3816
3816
3792
3792
3783
3760
3777
3792
3812
3812
3813
3813
3874
3820
3820
3810
3820
3850
3828
3748
3692
3688
3708
3729
3729
3667
3667
3719
3682
3682
3787
3781
3781
3781
3786
3794
3696
3711
3711
3665
3652
3669
3735
3720
3647
3625
3576
3572
3572
3637
3701
3647
3647
3653
3737
3707
3707
3707
3707
3707
3685
3684
3662
3662
3676
3676
3676
3662
3662
3731
3731
3731
3762
3726
3750
3710
3710
3693
3671
3635
3697
3719
3707
3707
3733
3667
3667
3667
3653
3653
3628
3581
3614
3528
3623
3639
3645
3608
3675
3675
3666
3666
3674
3716
3716
3793
3793
3793
3843
3843
3790
3790
3790
3806
3794
3764
3708
3718
3694
3733
3730
3743
3722
3722
3668
3668
3652
3673
3608
3664
3664
3648
3676
3646
3590
3595
3653
3660
3627
3631
3687
3775
3775
3761
3760
3791
3734
3790
3713
3713
3713
3711
3713
3741
3684
3684
3684
3602
3602
3602
3612
3602
3657
3674
3733
3706
3754
3774
3774
3763
3740
3740
3739
3739
3696
3602
3578
3578
3605
3627
3627
3596
3683
3683
3735
3735
3735
3741
3662
3632
3584
3576
3576
3576
3653
3636
3655
3655
3666
3666
3648
3675
3686
3693
3736
3770
3775
3775
3824
3836
3839
3839
3855
3855
3824
3767
3757
3765
3765
3765
3769
3769
3857
3879
3920
3920
3873
3872
3867
3836
3814
3791
3905
3905
3857
3835
3835
3831
3861
3772
3772
3772
3716
3716
3720
3720
3700
3714
3724
3720
3658
3658
3658
3658
3658
3651
3639
3629
3636
3665
3665
3669
3671
3655
3667
3627
3627
3596
3657
3686
3686
3680
3680
3680
3680
3665
3651
3651
3663
3618
3598
3598
3597
3569
3539
3597
3572
3572
3547
3625
3581
3606
3695
3695
3770
3894
3894
3896
3852
3847
3773
3801
3801
3758
3758
3758
3758
3710
3624
3624
3675
3678
3678
3678
3728
3718
3718
3718
3700
3700
3695
3688
3626
3626
3666
3658
3658
3693
3700
3700
3704
3758
3777
3877
3846
3846
3809
3769
3769
3711
3726
3753
3753
3655
3655
3655
3655
3670
3641
3685
3694
3736
3685
3662
3691
3691
3710
3710
3726
3726
3751
3751
3718
3809
3786
3786
3786
3790
3824
3815
3817
3819
3819
3803
3780
3742
3785
3741
3741
3737
3737
3783
3783
3787
3807
3768
3785
3794
3843
3843
3782
3782
3762
3742
3765
3765
3768
3752
3772
3751
3795
3797
3820
3762
3768
3768
3765
3730
3730
3730
3730
3730
3712
3724
3753
3731
3742
3712
3712
3712
3703
3703
3703
3728
3699
3699
3699
3699
3699
3732
3732
3742
3661
3660
3660
3638
3638
3620
3620
3602
3592
3571
3571
3589
3589
3573
3573
3573
3573
3551
3551
3530
3553
3649
3649
3638
3638
3638
3594
3594
3668
3656
3656
3656
3656
3641
3641
3650
3695
3695
3692
3692
3646
3646
3646
3668
3700
3700
3659
3741
3741
3741
3829
3857
3774
3774
3774
3774
3715
3704
3706
3749
3745
3661
3661
3661
3661
3614
3660
3672
3720
3720
3720
3720
3722
3729
3722
3722
3722
3722
3725
3658
3658
3704
3695
3685
3685
3708
3672
3678
3678
3678
3678
3621
3621
3621
3548
3548
3548
3524
3444
3444
3469
3557
3557
3499
3580
3516
3556
3627
3640
3624
3666
3741
3741
3756
3748
3743
3743
3729
3729
3723
3715
3678
3703
3703
3765
3708
3695
3630
3669
3681
3681
3681
3681
3679
3683
3683
3647
3649
3633
3616
3642
3706
3695
3636
3636
3597
3588
3593
3593
3593
3593
3623
3623
3623
3611
3611
3611
3569
3569
3569
3609
3609
3655
3653
3627
3627
3622
3614
3614
3636
3677
3610
3610
3608
3608
3608
3608
3594
3546
3546
3571
3571
3620
3611
3611
3642
3645
3666
3698
3698
3671
3664
3670
3626
3608
3608
3591
3585
3585
3534
3555
3524
3524
3524
3524
3521
3503
3503
3503
3503
3503
3503
3503
3503
3503
3523
3523
3490
3490
3490
3490
3443
3443
3494
3494
3600
3604
3604
3611
3599
3599
3589
3589
3597
3554
3547
3556
3556
3544
3534
3507
3545
3569
3646
3678
3711
3711
3761
3761
3726
3748
3748
3758
3758
3758
3758
3758
3758
3744
3867
3867
3895
3895
3895
3913
3915
3915
3846
3907
3834
3834
3834
3806
3806
3806
3818
3754
3754
3754
3754
3734
3734
3741
3741
3741
3741
3748
3748
3779
3779
3779
3711
3638
3638
3638
3638
3597
3597
3674
3674
3672
3680
3710
3694
3678
3684
3636
3643
3643
3652
3652
3600
3602
3589
3630
3727
3760
3809
3762
3756
3744
3744
3746
3696
3696
3722
3738
3770
3770
3770
3763
3754
3738
3817
3817
3798
3761
3761
3767
3799
3793
3783
3779
3708
3698
3677
3678
3606
3606
3606
3606
3606
3606
3606
3643
3643
3603
3603
3663
3622
3622
3632
3632
3587
3567
3598
3554
3550
3550
3576
3553
3553
3516
3516
3516
3516
3516
3583
3583
3573
3580
3580
3580
3580
3580
3648
3674
3654
3604
3596
3597
3548
3548
3564
3564
3564
3600
3600
3600
3645
3601
3601
3573
3635
3635
3635
3691
3691
3691
3691
3727
3697
3663
3663
3658
3637
3705
3723
3698
3593
3582
3582
3582
3582
3599
3599
3639
3616
3671
3648
3642
3642
3649
3631
3631
3634
3634
3661
3719
3719
3719
3714
3714
3676
3676
3676
3608
3598
3598
3669
3701
3701
3701
3701
3652
3685
3690
3690
3690
3651
3651
3651
3611
3616
3631
3631
3617
3575
3579
3698
3698
3721
3721
3706
3706
3608
3608
3608
3608
3599
3599
3672
3672
3657
3596
3596
3596
3598
3598
3598
3601
3601
3601
3601
3594
3577
3577
3577
3577
3577
3620
3640
3640
3640
3640
3700
3741
3690
3629
3629
3632
3652
3654
3654
3654
3662
3662
3662
3662
3662
3662
3627
3627
3574
3574
3574
3613
3613
3605
3605
3605
3605
3596
3555
3555
3551
3551
3631
3634
3634
3634
3634
3634
3625
3625
3625
3625
3625
3620
3620
3627
3627
3627
3616
3616
3602
3593
3593
3593
3593
3550
3550
3522
3522
3522
3522
3522
3602
3602
3621
3621
3615
3615
3511
3536
3536
3536
3536
3536
3540
3540
3525
3525
3531
3504
3504
3504
3510
3510
3538
3552
3552
3551
3551
3548
3549
3549
3521
3521
3565
3565
3587
3541
3541
3541
3547
3547
3573
3573
3601
3614
3601
3601
3601
3608
3608
3547
3547
3547
3616
3610
3609
3568
3573
3577
3576
3580
3596
3596
3596
3592
3567
3548
3548
3505
3505
3505
3505
3505
3451
3451
3451
3451
3451
3451
3474
3474
3474
3532
3544
3544
3544
3586
3568
3618
3618
3618
3625
3625
3644
3644
3617
3613
3621
3562
3540
3540
3540
3540
3455
3516
3528
3528
3526
3518
3522
3476
3526
3453
3453
3453
3453
3453
3453
3453
3453
3452
3462
3452
3446
3453
3453
3477
3483
3494
3494
3494
3516
3516
3516
3516
3516
3607
3607
3607
3599
3604
3604
3604
3622
3624
3624
3615
3614
3635
3635
3635
3601
3601
3601
3644
3644
3644
3644
3681
3681
3678
3678
3678
3678
3678
3678
3678
3747
3730
3785
3785
3785
3699
3645
3653
3653
3653
3653
3653
3699
3699
3618
3634
3634
3625
3580
3580
3580
3593
3593
3593
3593
3593
3593
3593
3593
3556
3505
3468
3453
3453
3453
3453
3453
3453
3453
3451
3460
3460
3460
3460
3460
3481
3481
3481
3481
3461
3461
3461
3461
3461
3461
3461
3463
3463
3483
3483
3483
3521
3555
3555
3555
3555
3555
3574
3583
3583
3535
3535
3535
3527
3527
3617
3601
3603
3603
3603
3608
3608
3624
3624
3624
3624
3624
3573
3580
3580
3580
3601
3573
3600
3636
3590
3576
3576
3523
3523
3491
3491
3491
3491
3513
3513
3497
3532
3532
3532
3532
3567
3517
3496
3496
3496
3496
3499
3499
3499
3528
3546
3546
3546
3469
3469
3467
3436
3437
3437
3437
3423
3423
3423
3423
3414
3400
3414
3414
3414
3453
3453
3433
3442
3443
3443
3472
3472
3472
3472
3472
3472
3501
3501
3501
3501
3519
3503
3492
3470
3471
3471
3471
3465
3465
3465
3465
3407
3407
3436
3446
3446
3446
3430
3430
3430
3453
3471
3479
3497
3497
3497
3497
3497
3497
3497
3513
3513
3526
3526
3526
3496
3520
3480
3480
3480
3489
3489
3480
3480
3467
3515
3591
3591
3618
3618
3599
3587
3596
3596
3596
3596
3596
3596
3604
3611
3675
3675
3675
3675
3659
3698
3668
3668
3668
3662
3662
3635
3635
3665
3691
3673
3630
3654
3650
3650
3676
3660
3660
3660
3660
3660
3657
3657
3657
3737
3682
3684
3641
3641
3641
3634
3664
3664
3581
3601
3613
3572
3572
3572
3572
3517
3496
3561
3595
3595
3595
3588
3549
3549
3520
3520
3520
3530
3457
3457
3457
3457
3457
3457
3457
3433
3441
3441
3441
3439
3439
3463
3463
3424
3435
3457
3502
3502
3502
3493
3493
3513
3513
3531
3531
3527
3503
3503
3503
3503
3503
3495
3495
3495
3495
3508
3508
3468
3468
3468
3508
3508
3508
3516
3506
3542
3542
3504
3473
3473
3495
3531
3590
3590
3590
3590
3590
3569
3569
3569
3529
3543
3543
3543
3543
3578
3578
3591
3587
3587
3587
3612
3612
3601
3582
3557
3557
3559
3559
3563
3590
3517
3517
3600
3627
3585
3585
3585
3585
3585
3615
3615
3615
3549
3549
3549
3549
3578
3578
3554
3527
3527
3469
3499
3499
3454
3454
3454
3454
3491
3491
3474
3474
3474
3474
3474
3474
3482
3482
3482
3476
3476
3476
3476
3488
3518
3518
3518
3518
3518
3518
3518
3505
3505
3464
3456
3456
3456
3493
3522
3521
3521
3555
3555
3555
3555
3503
3503
3503
3503
3503
3503
3503
3510
3510
3510
3510
3510
3510
3510
3516
3516
3516
3516
3516
3516
3516
3516
3516
3481
3481
3481
3456
3456
3456
3454
3469
3469
3450
3468
3468
3468
3530
3530
3542
3518
3516
3516
3532
3529
3529
3529
3529
3529
3529
3529
3509
3509
3509
3532
3532
3571
3571
3580
3580
3580
3568
3568
3626
3626
3532
3532
3532
3535
3535
3535
3505
3505
3505
3505
3505
3507
3507
3507
3507
3473
3466
3466
3466
3466
3466
3472
3472
3472
3472
3472
3472
3472
3469
3469
3469
3469
3469
3469
3500
3500
3514
3514
3514
3514
3506
3486
3486
3486
3479
3479
3523
3574
3574
3593
3593
3593
3593
3569
3569
3569
3569
3579
3623
3623
3623
3623
3627
3651
3644
3614
3589
3557
3557
3569
3569
3569
3591
3591
3555
3562
3562
3562
3562
3562
3507
3524
3524
3474
3474
3474
3474
3436
3445
3455
3434
3434
3434
3434
3406
3406
3482
3454
3454
3454
3454
3392
3392
3392
3392
3429
3429
3420
3420
3398
3398
3398
3398
3398
3398
3444
3444
3444
3444
3444
3444
3444
3444
3445
3445
3457
3457
3392
3392
3392
3392
3392
3392
3392
3392
3392
3392
3377
3380
3402
3402
3402
3402
3447
3463
3463
3463
3401
3401
3401
3404
3404
3422
3422
3422
3422
3422
3422
3422
3418
3418
3418
3470
3470
3417
3406
3406
3406
3406
3406
3406
3427
3417
3417
3417
3417
3417
3417
3429
3429
3429
3429
3429
3453
3453
3453
3453
3438
3438
3438
3438
3438
3438
3446
3446
3446
3446
3446
3446
3446
3446
3443
3443
3443
3443
3458
3458
3458
3507
3518
3518
3518
3518
3518
3518
3518
3537
3561
3561
3572
3572
3572
3572
3561
3552
3517
3493
3493
3493
3467
3524
3515
3514
3536
3536
3536
3536
3532
3532
3532
3504
3504
3504
3504
3504
3479
3479
3485
3485
3503
3509
3509
3509
3551
3509
3509
3509
3509
3509
3509
3509
3578
3578
3585
3585
3588
3541
3571
3540
3540
3562
3562
3562
3562
3519
3495
3496
3496
3468
3468
3456
3456
3456
3456
3456
3456
3456
3456
3456
3432
3432
3443
3444
3444
3444
3479
3479
3479
3488
3488
3497
3497
3487
3487
3487
3487
3487
3487
3504
3510
3510
3510
3490
3490
3490
3490
3490
3490
3506
3506
3506
3532
3532
3532
3532
3532
3512
3512
3528
3528
3504
3504
3504
3537
3556
3550
3550
3568
3587
3587
3587
3629
3597
3597
3597
3578
3578
3613
3613
3613
3530
3530
3530
3530
3530
3530
3530
3515
3515
3515
3515
3515
3511
3485
3485
3448
3448
3448
3448
3448
3448
3448
3449
3449
3482
3466
3472
3467
3467
3467
3466
3466
3466
3475
3475
3466
3466
3466
3418
3418
3421
3421
3421
3421
3421
3421
3421
3421
3425
3402
3413
3413
3413
3390
3390
3390
3390
3390
3393
3393
3393
3393
3393
3393
3440
3440
3440
3440
3440
3431
3431
3431
3426
3426
3426
3438
3422
3441
3465
3465
3465
3465
3450
3452
3452
3452
3450
3450
3450
3453
3453
3453
3453
3453
3453
3460
3460
3449
3415
3461
3461
3496
3471
3471
3477
3477
3477
3497
3497
3497
3447
3466
3402
3422
3422
3422
3418
3408
3408
3408
3408
3408
3412
3412
3412
3412
3412
3412
3412
3428
3428
3428
3428
3428
3428
3423
3429
3429
3429
3429
3405
3405
3416
3441
3441
3443
3463
3463
3465
3465
3482
3486
3486
3486
3486
3484
3484
3438
3438
3438
3455
3448
3448
3448
3448
3428
3454
3451
3462
3462
3462
3462
3462
3462
3488
3488
3488
3488
3488
3488
3450
3459
3427
3427
3427
3389
3389
3389
3389
3389
3389
3389
3389
3383
3383
3397
3401
3401
3401
3401
3401
3401
3401
3401
3394
3421
3372
3372
3372
3372
3372
3372
3372
3372
3372
3372
3372
3372
3372
3372
3372
3372
3372
3372
3358
3373
3373
3373
3373
3373
3373
3373
3373
3479
3479
3479
3457
3457
3441
3374
3374
3374
3367
3367
3377
3377
3403
3403
3330
3318
3318
3333
3333
3333
3333
3346
3346
3346
3346
3400
3406
3406
3406
3406
3406
3332
3332
3342
3355
3355
3355
3355
3353
3353
3314
3348
3340
3324
3324
3324
3324
3324
3360
3348
3348
3348
3348
3348
3348
3372
3372
3372
3372
3372
3372
3372
3372
3372
3382
3382
3382
3382
3382
3382
3382
3382
3382
3382
3382
3382
3382
3382
3382
3431
3431
3431
3444
3444
3444
3444
3448
3448
3448
3448
3448
3448
3448
3413
3413
3441
3441
3441
3441
3441
3441
3441
3441
3441
3441
3427
3427
3397
3397
3397
3397
3397
3397
3399
3399
3399
3399
3399
3399
3397
3397
3386
3386
3386
3386
3394
3394
3394
3394
3394
3394
3394
3387
3387
3387
3388
3388
3388
3388
3388
3388
3388
3388
3388
3388
3388
3388
3388
3380
3380
3380
3380
3380
3380
3380
3380
3331
3331
3329
3329
3329
3329
3329
3335
3335
3380
3380
3380
3380
3380
3380
3380
3385
3385
3385
3385
3385
3385
3385
3385
3385
3385
3385
3385
3374
3370
3365
3365
3365
3365
3365
3364
3364
3364
3376
3376
3376
3376
3376
3376
3376
3358
3338
3338
3338
3299
3299
3299
3299
3299
3288
3288
3290
3283
3283
3283
3276
3276
3276
3288
3288
3288
3288
3261
3274
3274
3274
3274
3274
3274
3274
3274
3274
3274
3273
3273
3273
3261
3261
3261
3262
3262
3262
3262
3195
3195
3195
3195
3195
3195
3195
3195
3195
3195
3228
3228
3228
3228
3228
3228
3240
3240
3240
3257
3257
3257
3272
3272
3272
3272
3272
3272
3272
3272
3272
3272
3272
3272
3272
3272
3272
3263
3314
3314
3314
3342
3342
3300
3300
3300
3300
3300
3300
3300
3300
3300
3307
3307
3322
3327
3327
3327
3327
3327
3327
3305
3305
3305
3305
3305
3305
3305
3305
3305
3305
3305
3305
3305
3305
3305
3305
3305
3305
3305
3305
3305
3293
3293
3293
3293
3293
3293
3293
3293
3293
3293
3296
3296
3310
3310
3310
3313
3313
3313
3313
3314
3314
3314
3314
3314
3314
3314
3311
3311
3311
3298
3298
3298
3298
3279
3279
3294
3294
3294
3294
3294
3294
3294
3294
3294
3294
3294
3294
3294
3294
3294
3294
3285
3285
3285
3285
3285
3285
3285
3285
3297
3289
3289
3289
3306
3306
3306
3306
3306
3306
3306
3306
3306
3306
3306
3306
3306
3306
3306
3306
3306
3306
3306
3306
3306
3306
3306
3306
3306
3306
3306
3306
3306
3306
3306
3285
3279
3279
3291
3291
3291
3323
3323
3323
3323
3323
3323
3323
3323
3272
3272
3272
3272
3272
3272
3272
3272
3268
3268
3268
3268
3268
3263
3263
3263
3263
3263
3263
3263
3263
3263
3263
3263
3263
3263
3263
3274
3274
3274
3274
3274
3274
3274
3264
3264
3276
3276
3293
3293
3293
3293
3293
3314
3314
3314
3314
3314
3335
3335
3340
3340
3340
3343
3343
3343
3343
3343
3349
3349
3349
3349
3349
3349
3349
3349
3349
3361
3362
3362
3362
3362
3362
3362
3362
3361
3361
3361
3361
3361
3360
3360
3360
3363
3363
3363
3400
3400
3400
3400
3400
3400
3400
3400
3369
3369
3369
3369
3369
3369
3369
3369
3369
3369
3369
3369
3369
3369
3369
3369
3369
3369
3369
3369
3386
3386
3386
3386
3386
3386
3386
3386
3386
3386
3386
3386
3394
3394
3394
3394
3394
3394
3432
3432
3433
3433
3368
3363
3363
3363
3363
3363
3363
3363
3363
3363
3363
3363
3363
3363
3363
3348
3348
3353
3353
3353
3353
3353
3353
3353
3354
3354
3354
3354
3354
3354
3354
3354
3354
3354
3354
3354
3354
3354
3354
3354
3323
3323
3323
3323
3323
3323
3323
3315
3315
3315
3315
3315
3315
3315
3308
3308
3308
3308
3308
3308
3308
3308
3308
3308
3308
3308
3308
3308
3308
3308
3304
3295
3295
3307
3310
3310
3310
3310
3310
3310
3310
3310
3303
3303
3303
3303
3303
3303
3303
3317
3317
3317
3317
3317
3317
3317
3317
3317
3317
3317
3340
3340
3340
3340
3340
3340
3340
3340
3340
3340
3340
3340
3340
3340
3340
3340
3340
3340
3340
3340
3340
3336
3327
3327
3327
3327
3327
3313
3313
3318
3318
3318
3318
3318
3318
3318
3318
3318
3318
3318
3318
3318
3318
3318
3318
3317
3316
3316
3316
3316
3344
3344
3344
3338
3338
3338
3338
3338
3338
3338
3338
3338
3338
3338
3338
3338
3338
3338
3338
3338
3338
3338
3312
3312
3312
3312
3312
3312
3312
3312
3312
3312
3312
3312
3312
3312
3312
3312
3312
3312
3312
3312
3312
3302
3302
3302
3302
3299
3310
3310
3310
3310
3310
3310
3310
3310
3310
3310
3310
3310
3313
3313
3366
3366
3366
3384
3384
3366
3366
3366
3366
3366
3369
3369
3370
3366
3366
3392
3392
3392
3392
3380
3380
3380
3380
3380
3380
3380
3380
3378
3378
3398
3398
3398
3398
3403
3403
3403
3379
3379
3379
3379
3368
3383
3383
3376
3376
3376
3355
3355
3364
3364
3364
3364
3354
3354
3354
3354
3354
3354
3354
3354
3354
3354
3354
3354
3354
3354
3354
3354
3354
3354
3354
3354
3354
3354
3354
3344
3344
3344
3344
3344
3344
3344
3344
3344
3344
3344
3344
3344
3344
3344
3344
3344
3344
3344
3344
3344
3344
3344
3344
3344
3344
3344
3344
3344
3344
3344
3344
3344
3344
3344
3344
3344
3344
3344
3344
3344
3344
3344
3344
3344
3344
3341
3341
3341
3341
3341
3321
3321
3321
3321
3321
3321
3321
3321
3321
3321
3321
3321
3303
3303
3303
3303
3303
3303
3303
3303
3303
3303
3307
3307
3307
3307
3307
3307
3307
3307
3307
3307
3307
3307
3307
3307
3307
3307
3283
3283
3283
3283
3302
3302
3302
3302
3302
3302
3302
3307
3307
3307
3307
3307
3307
3307
3307
3307
3307
3307
3307
3307
3307
3307
3307
3307
3307
3307
3307
3307
3307
3302
3302
3297
3297
3297
3297
3297
3297
3297
3297
3297
3297
3297
3297
3297
3297
3297
3297
3297
3297
3297
3297
3297
3297
3297
3297
3297
3297
3280
3280
3280
3280
3280
3280
3280
3280
3280
3280
3280
3280
3266
3266
3266
3266
3266
3266
3266
3266
3266
3266
3266
3266
3266
3266
3263
3276
3291
3291
3287
3287
3287
3287
3287
3287
3287
3287
3265
3265
3265
3265
3265
3265
3265
3265
3265
3265
3265
3265
3265
3265
3265
3265
3265
3250
3250
3250
3250
3250
3250
3250
3250
3250
3250
3259
3259
3259
3259
3259
3259
3254
3254
3240
3240
3240
3240
3240
3240
3240
3240
3240
3240
3240
3240
3240
3240
3246
3246
3240
3240
3240
3243
3243
3243
3243
3243
3243
3243
3243
3243
3243
3243
3240
3240
3240
3240
3240
3240
3240
3240
3240
3228
3228
3228
3228
3226
3226
3226
3226
3226
3226
3226
3226
3226
3226
3226
3226
3226
3226
3226
3226
3226
3226
3232
3232
3232
3232
3232
3232
3232
3232
3232
3232
3232
3217
3217
3217
3217
3217
3217
3217
3217
3217
3217
3217
3217
3217
3217
3217
3217
3217
3217
3217
3217
3217
3217
3217
3217
3217
3217
3217
3217
3217
3217
3214
3214
3214
3214
3214
3214
3214
3214
3214
3214
3214
3214
3214
3214
3214
3214
3214
3214
3214
3214
3214
3214
3214
3214
3214
3214
3214
3214
3214
3214
3214
3214
3214
3214
3212
3212
3212
3212
3212
3212
3212
3212
3212
3212
3212
3212
3212
3212
3212
3212
3212
3215
3215
3215
3215
3215
3215
3215
3215
3215
3215
3215
3215
3215
3215
3215
3215
3215
3215
3215
3215
3215
3215
3215
3215
3215
3215
3215
3214
3214
3214
3214
3214
3214
3214
3214
3214
3214
3214
3214
3214
3214
3214
3214
3214
3214
3214
3211
3211
3211
3211
3211
3211
3211
3211
3211
3211
3211
3211
3211
3211
3211
3211
3211
3211
3211
3211
3211
3211
3211
3211
3211
3211
3211
3211
3203
3203
3203
3203
3203
3203
3203
3203
3203
3203
3203
3203
3203
3203
3203
3203
3203
3203
3203
3203
3203
3203
3203
3203
3203
3203
3203
3203
3203
3203
3203
3203
3203
3203
3203
3203
3203
3204
3223
3223
3221
3221
3221
3221
3221
3221
3221
3221
3221
3221
3221
3221
3221
3221
3221
3221
3221
3221
3221
3221
3221
3221
3221
3221
3221
3221
3221
3221
3221
3221
3221
3221
3221
3221
3221
3221
3221
3221
3221
3221
3221
3221
3221
3221
3221
3221
3221
3221
3221
3221
3221
3221
3221
3221
3221
3221
3221
3221
3221
3221
3221
3221
3221
3221
3221
3221
3221
3221
3221
3221
3221
3221
3221
3221
3221
3221
3221
3221
3221
3221
3221
3221
3221
3221
3221
3221
3221
3221
3221
3221
3221
3221
3221
3221
3221
3221
3221
3221
3221
3221
3221
3221
3221
3221
3221
3221
3221
3221
3221
3221
3221
3221
3221
3221
3220
3220
3220
3220
3220
3220
3220
3220
3220
3220
3220
3220
3220
3220
3220
3220
3220
3220
3220
3220
3220
3220
3220
3220
3220
3220
3220
3220
3220
3220
3218
3218
3218
3218
3218
3218
3218
3218
3218
3218
3218
3218
3218
3218
3218
3218
3218
3218
3218
3218
3218
3218
3218
3218
3218
3218
3218
3218
3218
3218
3218
3218
3218
3218
3218
3218
3218
3218
3218
3218
3218
3218
3218
3218
3218
3218
3218
3215
3215
3215
3215
3215
3215
3215
3215
3215
3215
3215
3215
3221
3221
3221
3221
3221
3221
3221
3221
3221
3221
3221
3221
3221
3221
3221
3221
3221
3221
3221
3221
3221
3221
3221
3221
3221
3221
3221
3221
3221
3221
3221
3221
3221
3221
3221
3221
3221
3221
3221
3221
3221
3221
3221
3227
3227
3227
3227
3227
3227
3227
3227
3227
3227
3213
3213
3213
3213
3213
3221
3221
3221
3221
3221
3221
3221
3221
3221
3221
3221
3221
3221
3221
3221
3221
3221
3221
3221
3221
3221
3220
3220
3220
3220
3220
3220
3220
3220
3220
3220
3220
3220
3199
3199
3199
3199
3199
3199
3199
3199
3199
3199
3199
3199
3199
3199
3199
3199
3199
3199
3199
3199
3199
3199
3199
3199
3199
3199
3199
3199
3199
3199
3199
3199
3199
3199
3199
3199
3199
3199
3199
3199
3199
3199
3199
3199
3199
3199
3199
3199
3199
3199
3199
3199
3199
3199
3199
3199
3199
3199
3199
3199
3199
3199
3199
3199
3199
3199
3199
3190
3190
3190
3190
3190
3190
3190
3190
3190
3190
3190
3190
3190
3190
3190
3190
3190
3190
3190
3190
3190
3190
3190
3190
3190
3190
3190
3188
3188
3188
3188
3188
3188
3188
3188
3188
3188
3188
3188
3188
3188
3188
3188
3188
3188
3188
3188
3188
3188
3188
3188
3188
3188
3188
3188
3188
3188
3188
3188
3188
3188
3188
3188
3188
3188
3188
3188
3188
3188
3188
3188
3188
3188
3188
3188
3188
3188
3188
3188
3188
3188
3188
3188
3188
3188
3188
3188
3188
3188
3188
3188
3188
3184
3184
3184
3184
3184
3184
3184
3184
3184
3184
3184
3184
3184
3184
3184
3184
3184
3184
3184
3184
3184
3184
3184
3184
3184
3184
3184
3184
3184
3184
3184
3184
3184
3184
3184
3184
3184
3184
3184
3184
3182
3182
3187
3187
3187
3187
3187
3187
3187
3187
3187
3187
3187
3187
3187
3187
3187
3187
3187
3187
3187
3187
3187
3187
3187
3187
3187
3187
3187
3187
3187
3187
3193
3193
3193
3193
3193
3193
3193
3193
3193
3193
3193
3193
3193
3193
3193
3193
3193
3193
3193
3193
3193
3193
3193
3193
3193
3193
3193
3193
3192
3192
3192
3192
3192
3192
3192
3192
3192
3192
3192
3192
3192
3192
3192
3192
3192
3192
3192
3192
3192
3192
3192
3192
3192
3192
3192
3192
3192
3192
3192
3192
3192
3192
3192
3192
3192
3192
3192
3192
3192
3192
3192
3192
3192
3192
3192
3192
3192
3192
3192
3192
3192
3192
3192
3192
3195
3195
3195
3195
3195
3195
3195
3195
3195
3197
3197
3197
3197
3197
3197
3197
3197
3197
3197
3197
3197
3197
3197
3197
3197
3197
3197
3197
3197
3197
3197
3197
3197
3197
3197
3197
3197
3197
3197
3197
3197
3197
3197
3197
3197
3197
3197
3197
3197
3197
3197
3197
3197
3197
3197
3197
3197
3197
3197
3197
3197
3197
3197
3197
3197
3197
3197
3197
3197
3197
3197
3197
3197
3197
3197
3197
3197
3197
3197
3197
3197
3197
3197
3197
3197
3197
3197
3197
3197
3197
3197
3197
3197
3197
3197
3197
3197
3197
3197
3197
3197
3197
3197
3197
3197
3197
3197
3197
3197
3197
3197
3197
3197
3197
3197
3197
3197
3197
3197
3197
3197
3197
3197
3197
3197
3197
3197
3197
3197
3197
3197
3197
3197
3197
3197
3197
3197
3197
3197
3197
3197
3197
3197
3197
3197
3197
3197
3197
3197
3197
3197
3197
3197
3197
3197
3197
3197
3197
3197
3197
3197
3197
3197
3197
3196
3196
3196
3196
3196
3196
3196
3196
3196
3196
3196
3196
3196
3196
3196
3196
3196
3196
3196
3196
3196
3196
3196
3196
3196
3196
3196
3196
3196
3196
3196
3196
3196
3196
3196
3196
3196
3196
3196
3196
3196
3196
3196
3196
3196
3196
3196
3196
3196
3196
3196
3196
3196
3196
3196
3196
3196
3196
3196
3196
3196
3196
3196
3196
3196
3196
3196
3196
3195
3195
3195
3195
3195
3195
3195
3195
3195
3195
3195
3195
3195
3195
3195
3195
3195
3195
3195
3195
3195
3195
3195
3195
3195
3195
3195
3195
3195
3195
3195
3195
3195
3195
3195
3195
3195
3195
3195
3195
3195
3195
3195
3195
3195
3195
3195
3195
3195
3190
3190
3190
3190
3190
3190
3190
3190
3190
3190
3190
3190
3190
3190
3190
3190
3190
3190
3190
3190
3190
3190
3190
3190
3190
3190
3190
3190
3190
3190
3190
3190
3190
3190
3190
3190
3190
3190
3190
3190
3190
3190
3190
3190
3190
3190
3190
3190
3190
3190
3190
3190
3190
3190
3190
3190
3190
3190
3190
3190
3190
3190
3190
3190
3190
3190
3190
3190
3190
3190
3190
3190
3190
3190
3190
3190
3190
3190
3190
3190
3190
3190
3190
3190
3189
3189
3189
3189
3189
3189
3189
3189
3189
3189
3189
3189
3189
3189
3189
3189
3189
3189
3189
3189
3189
3189
3189
3189
3189
3189
3189
3189
3189
3189
3189
3189
3189
3189
3189
3189
3189
3189
3189
3189
3189
3189
3189
3189
3189
3189
3189
3189
3189
3189
3186
3186
3186
3186
3186
3186
3186
3186
3186
3186
3186
3186
3186
3186
3186
3186
3186
3186
3186
3186
3186
3186
3186
3186
3186
3186
3186
3186
3186
3186
3186
3186
3186
3186
3186
3186
3186
3186
3186
3186
3186
3186
3186
3186
3186
3186
3186
3186
3186
3186
3186
3186
3186
3186
3186
3186
3186
3186
3186
3186
3186
3186
3186
3186
3186
3186
3186
3186
3186
3186
3186
3186
3186
3186
3186
3186
3186
3186
3186
3186
3186
3186
3186
3186
3186
3186
3186
3186
3186
3186
3186
3186
3186
3186
3186
3186
3186
3186
3186
3186
3186
3186
3181
3181
3181
3181
3181
3181
3181
3181
3181
3181
3181
3181
3181
3181
3181
3181
3181
3181
3181
3181
3181
3181
3181
3181
3181
3181
3181
3181
3181
3181
3181
3181
3181
3181
3181
3181
3181
3181
3181
3181
3181
3181
3181
3181
3181
3181
3181
3181
3181
3181
3181
3181
3181
3181
3181
3181
3181
3181
3181
3181
3181
3181
3181
3181
3181
3181
3181
3181
3181
3181
3181
3181
3181
3181
3181
3181
3181
3181
3181
3181
3181
3181
3181
3181
3181
3181
3181
3181
3181
3181
3181
3181
3181
3181
3181
3181
3181
3181
3181
3181
3177
3177
3177
3177
3177
3177
3177
3177
3177
3177
3177
3177
3177
3177
3177
3177
3177
3177
3177
3177
3177
3177
3177
3177
3177
3177
3177
3177
3177
3177
3177
3177
3177
3177
3177
3175
3175
3175
3175
3175
3175
3175
3175
3175
3175
3175
3175
3175
3175
3175
3175
3175
3175
3175
3175
3175
3175
3175
3175
3175
3175
3175
3175
3175
3175
3175
3175
3175
3175
3175
3175
3175
3175
3175
3175
3175
3175
3175
3175
3175
3175
3175
3175
3175
3175
3175
3175
3175
3175
3175
3175
3175
3175
3175
3175
3175
3175
3175
3175
3175
3175
3175
3175
3175
3175
3175
3175
3175
3175
3175
3175
3175
3175
3175
3175
3175
3175
3175
3175
3175
3175
3175
3175
3175
3175
3175
3175
3175
3175
3175
3175
3175
3175
3175
3175
3175
3175
3175
3175
3175
3175
3175
3175
3175
3175
3175
3175
3175
3175
3175
3175
3175
3175
3175
3175
3175
3175
3175
3175
3175
3175
3175
3175
3175
3175
3175
3175
3175
3175
3175
3176
3176
3176
3176
3176
3176
3176
3176
3176
3176
3176
3176
3176
3176
3176
3176
3176
3176
3176
3176
3176
3176
3176
3176
3176
3176
3176
3176
3176
3176
3176
3176
3176
3176
3176
3176
3176
3176
3176
3176
3176
3176
3176
3176
3176
3176
3176
3176
3176
3176
3176
3176
3176
3176
3176
3176
3176
3176
3176
3176
3176
3176
3176
3176
3176
3176
3176
3176
3176
3176
3176
3176
3176
3176
3176
3176
3176
3176
3176
3176
3176
3176
3176
3176
3176
3176
3176
3176
3176
3176
3176
3176
3176
3176
3176
3176
3176
3176
3176
3176
3176
3176
3176
3176
3176
3176
3176
3176
3176
3176
3176
3176
3176
3176
3176
3176
3176
3176
3176
3176
3176
3176
3176
3176
3176
3176
3176
3176
3176
3176
3176
3176
3176
3176
3176
3176
3176
3176
3176
3176
3176
3176
3176
3176
3176
3176
3176
3176
3176
3175
3175
3176
3176
3176
3176
3176
3176
3176
3176
3176
3176
3176
3176
3176
3176
3176
3176
3176
3176
3176
3176
3176
3176
3176
3176
3176
3176
3176
3176
3176
3176
3176
3176
3176
3176
3176
3176
3176
3176
3176
3176
3176
3176
3176
3176
3176
3176
3176
3176
3176
3176
3176
3176
3176
3176
3176
3176
3176
3176
3176
3176
3176
3176
3176
3176
3176
3176
3176
3176
3176
3176
3176
3176
3176
3176
3176
3176
3176
3176
3176
3176
3176
3176
3176
3176
3176
3176
3176
3176
3176
3176
3176
3176
3176
3176
3176
3176
3176
3176
3176
3176
3176
3176
3176
3176
3176
3176
3176
3176
3176
3176
3176
3176
3176
3176
3176
3176
3176
3176
3176
3176
3176
3176
3176
3176
3176
3176
3176
3176
3176
3176
3176
3176
3176
3176
3176
3176
3176
3176
3176
3176
3176
3176
3176
3176
3176
3176
3176
3176
3176
3176
3176
3176
3176
3176
3176
3176
3176
3176
3176
3176
3176
3176
3176
3176
3183
3183
3183
3176
3176
3176
3176
3185
3185
3185
3186
3186
3186
3186
3186
3186
3186
3186
3186
3186
3186
3186
3186
3186
3186
3186
3186
3186
3186
3186
3186
3186
3179
3179
3179
3179
3179
3179
3179
3179
3179
3179
3179
3179
3179
3179
3179
3179
3179
3179
3179
3179
3179
3179
3179
3179
3179
3175
3175
3175
3175
3175
3175
3175
3175
3175
3175
3175
3175
3175
3175
3175
3175
3175
3175
3175
3175
3175
3175
3175
3179
3179
3179
3179
3179
3179
3179
3179
3179
3179
3179
3179
3179
3179
3179
3179
3179
3179
3179
3179
3179
3179
3179
3179
3180
3180
3180
3180
3180
3180
3180
3180
3180
3180
3180
3180
3180
3180
3180
3180
3180
3175
3175
3175
3175
3175
3175
3175
3175
3175
3175
3175
3175
3175
3175
3175
3175
3175
3175
3175
3175
3175
3175
3175
3175
3175
3175
3175
3175
3175
3175
3175
3175
3175
3175
3175
3175
3175
3175
3175
3175
3175
3175
3175
3175
3175
3175
3175
3175
3175
3175
3175
3175
3175
3175
3175
3180
3180
3180
3180
3180
3180
3180
3175
3175
3175
3175
3175
3175
3175
3175
3175
3175
3175
3175
3175
3175
3175
3175
3175
3175
3175
3175
3175
3175
3175
3175
3175
3175
3175
3175
3175
3175
3175
3175
3175
3175
3175
3175
3175
3175
3175
3175
3175
3175
3175
3175
3175
3175
3175
3175
3175
3175
3175
3175
3175
3175
3175
3175
3175
3175
3175
3175
3175
3175
3175
3175
3175
3175
3175
3175
3175
3175
3175
3175
3175
3175
3175
3175
3175
3175
3175
3175
3175
3175
3174
3174
3174
3174
3174
3174
3174
3174
3174
3174
3174
3174
3174
3174
3174
3174
3174
3174
3174
3174
3174
3174
3174
3174
3174
3174
3174
3174
3174
3174
3174
3174
3174
3174
3174
3174
3174
3174
3174
3174
3174
3174
3174
3174
3174
3174
3174
3174
3174
3174
3174
3174
3174
3174
3174
3174
3174
3174
3174
3174
3174
3174
3174
3174
3174
3175
3175
3175
3175
3175
3175
3175
3175
3175
3175
3175
3175
3175
3175
3175
3175
3175
3175
3175
3175
3175
3175
3175
3175
3175
3175
3175
3175
3175
3175
3175
3175
3175
3175
3175
3175
3175
3175
3175
3175
3175
3175
3175
3175
3175
3175
3175
3175
3175
3175
3174
3174
3174
3174
3174
3174
3174
3174
3174
3174
3174
3174
3174
3174
3174
3174
3174
3174
3174
3174
3174
3174
3174
3174
3174
3174
3174
3174
3175
3175
3175
3175
3175
3175
3175
3175
3175
3175
3175
3175
3175
3175
3175
3175
3176
3176
3176
3176
3176
3176
3176
3176
3176
3176
3176
3176
3176
3176
3176
3176
3176
3176
3176
3176
3176
3176
3176
3176
3176
3176
3176
3176
3176
3176
3176
3176
3176
3176
3176
3176
3176
3176
3176
3176
3176
3176
3176
3176
3176
3176
3176
3176
3176
3176
3176
3176
3176
3176
3176
3176
3176
3176
3176
3176
3176
3176
3176
3176
3176
3176
3176
3176
3176
3176
3176
3176
3176
3176
3176
3174
3174
3174
3174
3174
3174
3174
3174
3174
3174
3174
3174
3174
3174
3174
3174
3174
3174
3174
3174
3174
3174
3174
3174
3174
3174
3174
3174
3174
3174
3174
3174
3174
3174
3174
3174
3174
3174
3174
3174
3174
3174
3174
3174
3174
3174
3174
3174
3174
3174
3174
3174
3174
3174
3174
3174
3174
3174
3174
3174
3174
3174
3174
3174
3174
3174
3174
3174
3174
3174
3174
3174
3174
3174
3174
3174
3174
3174
3174
3174
3174
3174
3174
3174
3174
3174
3174
3174
3174
3174
3174
3174
3174
3174
3174
3174
3174
3174
3174
3174
3174
3174
3174
3174
3174
3174
3174
3174
3174
3174
3174
3174
3174
3174
3174
3174
3174
3174
3174
3174
3174
3174
3174
3174
3174
3174
3174
3174
3174
3174
3174
3174
3174
3174
3174
3174
3174
3174
3174
3174
3174
3174
3174
3174
3173
3173
3173
3173
3173
3173
3173
3173
3173
3173
3173
3173
3173
3171
3171
3171
3171
3171
3171
3171
3171
3171
3171
3171
3171
3171
3171
3171
3171
3171
3171
3171
3171
3171
3171
3167
3167
3167
3167
3167
3167
3167
3167
3167
3167
3167
3167
3167
3167
3167
3167
3167
3167
3167
3167
3167
3167
3167
3167
3167
3167
3167
3167
3167
3167
3167
3167
3167
3167
3167
3167
3167
3167
3167
3167
3167
3167
3167
3167
3167
3167
3167
3167
3167
3167
3167
3167
3167
3167
3167
3167
3167
3167
3167
3167
3167
3167
3167
3167
3167
3167
3167
3167
3167
3167
3167
3167
3167
3167
3167
3167
3167
3167
3167
3167
3167
3167
3167
3167
3167
3167
3167
3167
3167
3167
3167
3167
3167
3167
3167
3167
3167
3167
3167
3167
3167
3167
3167
3167
3167
3167
3167
3167
3167
3167
3167
3167
3167
3167
3167
3167
3167
3167
3167
3167
3167
3167
3167
3167
