3809
3837
3905
3971
3952
3964
3988
3978
3973
3939
3887
3846
3877
3877
3843
3818
3809
3884
3902
3873
3852
3901
3793
3816
3788
3770
3776
3799
3752
3724
3758
3758
3860
3927
3909
3958
3938
3948
3923
3967
3967
4089
4064
4035
4117
4093
4066
4031
3900
3974
3974
3986
3913
3901
3886
3856
3882
3894
3907
3911
3883
3894
3932
3859
3902
3933
3892
4017
3950
3950
3889
3889
3920
3905
3880
3957
3957
3892
3824
3811
3858
3890
3936
3995
3995
3932
4072
4097
4097
4037
4032
3948
3958
3892
3893
3927
3927
3957
3957
3939
3939
3965
3922
3902
3961
4031
4049
4031
4081
4031
3908
3856
3797
3788
3687
3673
3716
3713
3757
3829
3778
3694
3675
3698
3657
3692
3707
3731
3731
3734
3628
3628
3628
3594
3594
3634
3603
3637
3629
3724
3815
3695
3743
3754
3754
3735
3615
3615
3597
3610
3601
3621
3610
3629
3621
3694
3665
3656
3678
3687
3677
3642
3708
3642
3717
3706
3719
3728
3741
3767
3837
3796
3823
3789
3772
3758
3769
3807
3769
3771
3771
3822
3822
3939
4004
4021
4089
4191
4063
4112
4112
4020
4151
4102
4050
4047
4034
4034
4067
4078
4123
4078
4078
4070
4076
3965
3965
3982
3953
3936
3918
3892
3840
3900
3850
3838
3857
3888
3879
3877
3796
3826
3778
3804
3823
3815
3853
3794
3751
3684
3647
3738
3726
3754
3735
3747
3753
3763
3739
3656
3656
3769
3747
3728
3695
3669
3683
3700
3636
3672
3645
3565
3565
3616
3608
3647
3647
3647
3597
3589
3577
3595
3701
3678
3678
3709
3682
3682
3652
3692
3665
3679
3688
3701
3744
3762
3668
3668
3738
3766
3774
3771
3876
3887
3881
3861
3861
3937
3899
3909
3875
3818
3823
3822
3914
3914
3914
3868
3847
3847
3839
3810
3833
3780
3723
3770
3770
3794
3768
3780
3780
3848
3929
3806
3721
3729
3848
3871
3871
3881
3988
4001
4001
4001
4001
3996
3917
3883
3907
3875
3907
3902
3806
3783
3787
3793
3803
3822
3855
3843
3906
3947
3889
3858
3876
3868
3914
3966
3925
3934
3874
3874
3816
3790
3774
3752
3708
3730
3717
3650
3666
3666
3666
3683
3709
3729
3776
3815
3801
3761
3803
3660
3654
3626
3608
3620
3656
3696
3719
3648
3648
3697
3680
3639
3639
3665
3665
3738
3738
3699
3685
3727
3727
3777
3856
3818
3753
3741
3741
3733
3738
3696
3700
3740
3741
3764
3791
3790
3803
3773
3773
3814
3708
3696
3680
3680
3794
3732
3732
3732
3762
3804
3791
3738
3738
3738
3768
3708
3667
3679
3739
3739
3739
3739
3749
3730
3808
3804
3851
3901
3901
3864
3834
3779
3802
3806
3794
3794
3798
3796
3781
3854
3851
3835
3828
3854
3839
3815
3815
3776
3772
3810
3796
3832
3832
3860
3828
3859
3729
3651
3651
3641
3641
3635
3629
3574
3578
3606
3622
3664
3674
3702
3751
3734
3734
3734
3686
3758
3756
3720
3720
3720
3649
3673
3699
3755
3765
3771
3847
3851
3764
3764
3725
3719
3723
3709
3736
3772
3784
3809
3903
3880
3858
3808
3832
3746
3786
3826
3880
3891
3928
3945
3998
3937
3937
3884
3833
3820
3792
3769
3798
3845
3845
3790
3797
3797
3777
3765
3764
3856
3905
3882
3905
3906
3906
3886
3817
3804
3804
3797
3795
3873
3883
3864
3854
3854
3910
3892
3892
3874
3824
3886
3863
3863
3911
3911
3968
3968
3909
3902
3870
3945
3958
3974
3944
3937
3928
3927
3882
3873
3917
3893
3893
3893
3912
3841
3840
3926
3833
3894
3894
3884
3817
3805
3839
3841
3806
3700
3654
3632
3666
3708
3681
3716
3682
3632
3617
3666
3674
3673
3679
3722
3735
3713
3689
3683
3697
3655
3715
3729
3718
3718
3711
3671
3671
3666
3666
3666
3671
3637
3644
3652
3656
3656
3688
3726
3734
3763
3830
3810
3792
3736
3735
3735
3842
3877
3774
3808
3748
3705
3753
3770
3779
3800
3803
3794
3834
3784
3791
3748
3716
3880
3834
3848
3812
3906
3832
3832
3819
3698
3728
3789
3789
3789
3825
3807
3749
3788
3691
3691
3691
3695
3814
3788
3731
3791
3739
3838
3793
3849
3778
3793
3825
3820
3722
3734
3731
3776
3850
3853
3870
3884
3884
3854
3889
3919
3876
3892
3788
3788
3802
3800
3899
3868
3868
3887
3922
3924
3974
3949
3941
3948
3942
3906
3905
3888
3916
3947
3989
3936
4058
4009
4083
4040
4053
3964
3851
3851
3819
3704
3775
3801
3782
3761
3743
3840
3878
3897
3950
3880
3813
3741
3710
3714
3750
3806
3741
3752
3730
3752
3818
3769
3769
3804
3828
3828
3733
3714
3686
3655
3653
3740
3672
3549
3517
3517
3572
3591
3627
3719
3719
3823
3817
3849
3781
3813
3767
3767
3757
3757
3757
3757
3786
3854
3785
3747
3800
3897
3797
3785
3785
3913
3913
3857
3692
3785
3683
3744
3744
3744
3628
3611
3638
3638
3664
3758
3825
3874
3850
3855
3860
3794
3771
3852
3922
3867
3851
3840
3865
3926
3936
3921
3933
3941
4002
3950
3918
3929
3908
3898
3831
3835
3835
3811
3828
3910
3910
3910
3960
3878
3914
3902
3905
3816
3882
3854
3880
3917
3844
3814
3807
3743
3635
3663
3673
3757
3757
3799
3794
3764
3787
3787
3765
3752
3748
3709
3687
3754
3799
3816
3816
3883
3910
3794
3781
3781
3793
3788
3756
3676
3764
3761
3727
3701
3697
3717
3717
3707
3620
3649
3713
3713
3721
3790
3723
3735
3776
3797
3763
3791
3791
3827
3833
3833
3818
3819
3848
3845
3861
3903
3887
3881
3889
3889
3890
3892
3851
3833
3803
3701
3708
3755
3779
3785
3785
3773
3773
3773
3809
3829
3844
3929
3930
3927
3966
3966
3986
3953
3932
3912
3838
3769
3758
3833
3815
3814
3794
3812
3812
3812
3835
3816
3853
3836
3856
3740
3738
3816
3789
3775
3764
3733
3774
3774
3772
3742
3715
3737
3746
3788
3777
3834
3730
3714
3697
3697
3697
3716
3690
3690
3736
3736
3742
3745
3745
3795
3731
3726
3783
3783
3801
3888
3896
3881
3881
3989
3989
3875
3875
3723
3745
3777
3782
3778
3819
3858
3967
3956
3956
3967
3967
3947
3888
3932
3866
3858
3858
3855
3789
3831
3764
3679
3696
3633
3681
3734
3742
3836
3815
3805
3750
3750
3706
3672
3724
3712
3742
3691
3691
3691
3807
3807
3819
3763
3799
3788
3788
3788
3820
3788
3788
3819
3799
3806
3770
3770
3763
3763
3744
3776
3814
3827
3843
3823
3770
3772
3757
3757
3758
3750
3744
3757
3893
3871
3840
3840
3789
3745
3747
3805
3779
3779
3858
3902
3839
3799
3756
3766
3723
3751
3710
3710
3702
3695
3761
3761
3862
3845
3845
3863
3936
3907
3935
3949
4014
3985
3888
4032
4068
4068
3982
3979
4045
4045
3996
3969
3986
3976
3959
3920
3892
3781
3781
3701
3701
3648
3655
3718
3646
3720
3690
3728
3766
3814
3814
3857
3857
3832
3865
3790
3830
3875
3864
3877
3841
3841
3880
3891
3839
3875
3860
3861
3846
3846
3864
3864
3835
3823
3932
3932
3879
3834
3788
3812
3852
3852
3852
3867
3869
3869
3784
3766
3803
3812
3812
3804
3704
3772
3755
3772
3736
3727
3761
3814
3849
3844
3771
3848
3848
3826
3832
3832
3810
3833
3859
3896
3900
3802
3786
3872
3872
3793
3862
3856
3817
3812
3830
3781
3914
3847
3816
3692
3692
3707
3703
3653
3653
3734
3864
3798
3826
3829
3863
3834
3837
3857
3783
3783
3758
3791
3801
3823
3796
3768
3752
3791
3719
3757
3784
3753
3774
3802
3769
3775
3746
3746
3787
3801
3804
3830
3828
3969
4008
3889
3860
3868
3812
3759
3839
3761
3704
3784
3804
3856
3885
3915
3915
3958
3950
3961
3908
3897
3963
3935
3927
4024
3972
3981
3907
3907
3814
3819
3912
3857
3847
3806
3806
3849
3823
3771
3815
3884
3884
3863
3796
3735
3713
3745
3779
3715
3720
3749
3749
3749
3749
3736
3705
3724
3724
3786
3868
3869
3869
3814
3715
3759
3754
3695
3803
3803
3828
3828
3872
3869
3869
3869
3819
3859
3859
3863
3863
3854
3854
3765
3903
3844
3792
3835
3901
3890
3890
3890
3922
3888
3868
3832
3847
3847
3919
3873
3827
3847
3847
3834
3869
3892
3853
3884
3905
3905
3940
3916
3916
3959
3959
3997
3867
3986
3920
3920
3976
3976
3929
3999
3986
3972
3934
3914
3918
3879
3879
3865
3910
3871
3868
3868
3917
3908
3942
3942
3845
3925
3873
3873
3851
3815
3818
3818
3839
3816
3853
3858
3847
3812
3793
3772
3757
3772
3666
3739
3815
3871
3796
3770
3770
3802
3796
3824
3879
3890
3890
3819
3783
3804
3760
3760
3751
3766
3695
3659
3657
3624
3578
3582
3582
3669
3641
3709
3680
3706
3728
3720
3720
3799
3799
3914
3935
3935
3886
3838
3838
3813
3820
3869
3885
3860
3860
3841
3852
3809
3809
3780
3791
3833
3765
3765
3761
3788
3804
3798
3765
3799
3870
3870
3818
3758
3717
3717
3748
3838
3852
3832
3818
3818
3789
3822
3830
3830
3830
3766
3734
3707
3750
3750
3710
3654
3653
3633
3696
3680
3669
3636
3591
3657
3602
3602
3608
3663
3736
3736
3679
3705
3705
3658
3658
3614
3575
3575
3616
3614
3599
3599
3589
3589
3662
3781
3849
3836
3727
3804
3790
3733
3810
3844
3820
3820
3696
3696
3617
3617
3617
3633
3633
3636
3636
3659
3659
3659
3659
3670
3706
3727
3783
3751
3782
3765
3746
3740
3740
3694
3653
3663
3749
3718
3773
3914
3850
3819
3838
3838
3948
3945
3862
3862
3768
3768
3740
3762
3820
3823
3823
3798
3798
3798
3792
3789
3710
3710
3731
3727
3700
3734
3710
3772
3815
3776
3838
3871
3871
3878
3878
3852
3852
3852
3891
3801
3828
3855
3822
3762
3762
3762
3767
3763
3710
3710
3712
3726
3768
3794
3794
3838
3735
3700
3682
3728
3696
3696
3704
3664
3668
3668
3668
3684
3684
3695
3685
3661
3656
3700
3687
3756
3668
3652
3642
3687
3765
3820
3828
3813
3813
3718
3718
3718
3756
3751
3713
3721
3771
3771
3771
3906
3844
3844
3849
3851
3871
3871
3882
3882
3823
3853
3855
3855
3899
3913
3880
3861
3861
3861
3871
3785
3854
3873
3826
3869
3848
3885
3872
3872
3927
3816
3819
3819
3819
3779
3894
3838
3823
3823
3779
3779
3779
3779
3760
3760
3709
3732
3776
3794
3845
3844
3782
3805
3880
3837
3880
3823
3812
3812
3774
3716
3694
3694
3694
3632
3634
3612
3634
3692
3692
3708
3708
3784
3759
3749
3731
3774
3734
3771
3781
3742
3797
3784
3771
3747
3747
3736
3738
3738
3785
3836
3888
3865
3876
3876
3825
3774
3757
3823
3823
3870
3854
3875
3875
3875
3875
3824
3809
3879
3899
3855
3841
3926
4005
3985
3870
3870
3870
3947
3863
3936
3953
3996
3963
3963
3898
3898
3907
3970
4000
4000
4035
3988
4061
4081
4083
4041
4039
4114
4114
4046
4029
4058
4073
4073
4106
4117
4003
4003
4003
3993
3994
3997
4002
3934
3863
3851
3864
3754
3765
3765
3744
3744
3790
3798
3798
3798
3834
3798
3818
3802
3820
3790
3790
3788
3788
3831
3831
3830
3858
3833
3894
3894
3894
3915
3887
3890
3920
3964
3973
3962
3877
3877
3817
3783
3783
3783
3783
3787
3787
3764
3764
3775
3835
3835
3775
3706
3723
3717
3752
3741
3749
3734
3743
3743
3791
3809
3835
3809
3809
3774
3774
3753
3736
3693
3693
3664
3628
3625
3642
3704
3704
3753
3852
3834
3875
3889
3947
3879
3879
3887
3912
3833
3840
3831
3836
3816
3932
3932
3838
3891
3896
3890
3903
3934
3934
3934
3921
3994
3933
3847
3810
3827
3827
3821
3833
3802
3800
3743
3706
3741
3798
3740
3761
3773
3773
3773
3817
3770
3782
3841
3908
3908
3905
3861
3861
3954
3986
4052
3970
4031
4134
4248
4197
4108
4039
4039
3979
3979
3937
3846
3879
3827
3865
3865
3865
3799
3787
3852
3834
3864
3778
3825
3793
3841
3863
3863
3930
3967
3900
3899
3828
3901
3901
3858
3951
4004
3942
3953
3925
3822
3805
3776
3792
3792
3792
3762
3755
3818
3799
3824
3873
3870
3904
3914
3904
3944
3999
4020
4044
4008
3981
4013
3998
3955
3993
3957
3967
3897
3818
3818
3850
3942
3942
3901
3954
3993
3993
3930
3901
3852
3852
3852
3876
3849
3904
3883
3883
3831
3859
3892
3851
3903
3936
3941
3866
3903
3853
3853
3853
3818
3896
3802
3706
3653
3662
3677
3730
3730
3771
3732
3715
3786
3808
3808
3855
3828
3888
3945
3902
3913
3950
3951
3987
3968
4023
4002
3997
3941
3847
3820
3807
3837
3765
3711
3750
3720
3714
3738
3738
3715
3715
3684
3746
3746
3750
3673
3673
3632
3654
3700
3776
3862
3864
3948
3860
3855
3855
3858
3815
3821
3821
3821
3821
3790
3782
3814
3756
3771
3771
3771
3764
3764
3764
3764
3658
3734
3677
3677
3677
3677
3655
3655
3719
3776
3773
3773
3802
3783
3766
3768
3779
3803
3803
3755
3747
3851
3800
3790
3769
3785
3793
3793
3762
3836
3770
3753
3802
3811
3792
3792
3792
3792
3900
3922
3893
3893
3857
3866
3885
3885
3909
3874
3865
3813
3710
3728
3728
3664
3711
3721
3745
3745
3757
3757
3729
3729
3666
3666
3716
3716
3749
3740
3740
3767
3765
3762
3780
3771
3739
3751
3778
3788
3753
3779
3765
3765
3820
3778
3778
3733
3733
3694
3675
3731
3867
3910
3848
3848
3870
3870
3792
3772
3806
3800
3732
3816
3814
3814
3814
3774
3843
3764
3831
3831
3805
3757
3756
3722
3662
3668
3718
3781
3735
3758
3755
3860
3878
3878
3878
3919
3873
3873
3890
3890
3890
3890
3890
3901
3899
3833
3715
3720
3673
3642
3618
3630
3630
3621
3624
3624
3624
3624
3624
3600
3617
3617
3615
3650
3655
3655
3654
3687
3621
3722
3630
3664
3673
3689
3657
3657
3651
3700
3751
3748
3756
3753
3753
3755
3719
3737
3757
3757
3692
3687
3687
3687
3687
3670
3670
3670
3676
3691
3786
3871
3871
3883
3776
3798
3715
3715
3760
3695
3656
3646
3646
3677
3681
3681
3681
3712
3663
3663
3676
3676
3676
3600
3669
3649
3763
3728
3733
3747
3747
3729
3729
3729
3729
3753
3857
3758
3793
3869
3844
3773
3786
3759
3737
3737
3737
3737
3769
3773
3773
3789
3829
3751
3788
3780
3775
3785
3787
3713
3722
3775
3815
3820
3756
3750
3735
3685
3684
3667
3700
3712
3711
3711
3751
3777
3777
3773
3773
3735
3775
3830
3773
3775
3751
3763
3763
3644
3649
3623
3623
3659
3701
3701
3701
3732
3758
3744
3740
3738
3633
3633
3633
3633
3633
3610
3684
3805
3850
3886
3818
3825
3848
3848
3826
3826
3804
3808
3740
3723
3752
3761
3809
3829
3925
3842
3813
3795
3795
3789
3789
3789
3792
3780
3732
3732
3688
3667
3579
3579
3610
3610
3610
3624
3624
3614
3619
3610
3610
3607
3626
3640
3729
3722
3722
3768
3758
3724
3724
3758
3773
3759
3706
3716
3711
3713
3667
3689
3712
3691
3707
3691
3778
3778
3737
3758
3785
3880
3948
3977
3977
3925
3749
3749
3724
3752
3713
3697
3678
3676
3714
3752
3820
3767
3767
3763
3763
3809
3792
3831
3832
3794
3795
3781
3773
3773
3764
3773
3754
3754
3754
3774
3774
3774
3795
3722
3715
3725
3732
3684
3684
3746
3746
3756
3733
3733
3795
3736
3696
3686
3645
3660
3646
3727
3727
3744
3751
3751
3722
3722
3722
3722
3699
3664
3688
3709
3709
3720
3697
3719
3701
3710
3700
3700
3737
3699
3717
3703
3675
3656
3685
3639
3639
3643
3643
3524
3526
3526
3586
3590
3590
3590
3590
3590
3684
3683
3671
3687
3693
3724
3704
3704
3671
3722
3771
3792
3712
3731
3738
3596
3668
3674
3732
3732
3742
3779
3754
3770
3787
3815
3827
3798
3816
3864
3790
3814
3832
3832
3908
3926
3971
3892
3886
3850
3859
3859
3804
3800
3820
3820
3820
3774
3801
3758
3772
3829
3773
3773
3782
3782
3810
3864
3875
3875
3894
3906
3925
3858
3818
3769
3697
3712
3760
3748
3751
3746
3785
3785
3788
3766
3825
3813
3812
3812
3923
3914
3938
3831
3883
3859
3874
3874
3836
3843
3815
3818
3839
3839
3877
3877
3788
3788
3835
3885
3901
3901
3935
3903
3884
3870
3870
3837
3862
3862
3862
3863
3863
3782
3816
3799
3844
3874
3852
3932
3939
3939
3920
3905
4002
4002
4015
3971
3943
3955
3972
4025
3985
3916
3897
3861
3928
3864
3862
3925
3925
3821
3851
3865
3911
3904
3897
3861
3861
3842
3872
3874
3958
4026
3947
3924
3937
3934
3932
3980
4039
4039
4032
4032
4032
3991
4006
3983
3943
3922
3950
3924
3928
3910
3944
3943
3970
3841
3815
3861
3808
3875
3875
3888
3879
3882
3835
3835
3835
3921
3921
3892
3892
3892
3928
3928
3879
3879
3879
3841
3777
3752
3773
3773
3790
3756
3848
3884
3862
3891
3899
3873
3873
3912
3902
3909
3862
3849
3858
3858
3822
3790
3738
3740
3709
3728
3733
3733
3777
3777
3804
3804
3812
3812
3812
3812
3812
3840
3844
3895
3866
3866
3870
3870
3870
3873
3944
3927
3898
3855
3843
3705
3686
3686
3669
3684
3684
3684
3668
3668
3666
3579
3591
3635
3634
3683
3739
3756
3664
3652
3630
3619
3619
3644
3640
3653
3656
3716
3635
3635
3629
3578
3558
3550
3550
3598
3665
3671
3670
3666
3631
3631
3631
3649
3649
3610
3685
3668
3668
3684
3699
3699
3699
3646
3714
3714
3665
3665
3582
3588
3686
3704
3702
3600
3651
3647
3574
3595
3539
3561
3561
3561
3605
3605
3661
3682
3682
3687
3774
3818
3754
3777
3806
3698
3700
3708
3749
3749
3767
3758
3647
3647
3619
3674
3633
3586
3578
3656
3696
3696
3659
3670
3621
3549
3578
3685
3634
3593
3636
3636
3641
3722
3722
3723
3771
3771
3763
3628
3664
3633
3692
3736
3834
3869
3877
3886
3906
3893
3876
3855
3886
3886
3882
3754
3674
3682
3745
3754
3699
3699
3699
3699
3730
3730
3730
3675
3675
3675
3675
3675
3677
3755
3755
3810
3750
3749
3806
3742
3725
3689
3650
3765
3765
3750
3773
3773
3773
3704
3654
3665
3655
3661
3643
3643
3643
3646
3637
3637
3637
3637
3611
3611
3666
3667
3628
3668
3612
3612
3612
3568
3568
3598
3598
3592
3592
3555
3562
3501
3482
3482
3537
3513
3601
3680
3655
3703
3703
3675
3675
3728
3728
3711
3735
3759
3762
3762
3761
3693
3670
3670
3661
3683
3661
3613
3586
3683
3630
3607
3605
3656
3656
3675
3669
3708
3747
3802
3790
3765
3774
3766
3744
3795
3803
3863
3863
3831
3890
3902
3914
3931
3860
3894
3900
3900
3904
3904
3904
3881
3890
3919
3904
3901
3846
3849
3867
3893
3847
3847
3847
3917
3917
3874
3874
3831
3831
3832
3750
3750
3750
3750
3798
3821
3776
3700
3685
3684
3684
3684
3722
3722
3738
3733
3697
3752
3799
3793
3839
3830
3851
3840
3819
3761
3870
3870
3859
3845
3845
3893
3873
3926
3926
3873
3873
3927
3927
3998
3911
3880
3905
3863
3748
3748
3748
3774
3826
3848
3868
3868
3870
3876
3830
3779
3747
3730
3763
3763
3772
3743
3743
3751
3682
3639
3644
3644
3706
3727
3714
3732
3712
3726
3726
3726
3726
3700
3695
3678
3678
3680
3653
3643
3643
3643
3658
3736
3736
3736
3768
3748
3724
3724
3724
3724
3689
3689
3710
3730
3692
3734
3743
3692
3724
3724
3731
3731
3731
3750
3750
3737
3745
3705
3705
3674
3674
3674
3657
3575
3575
3548
3548
3564
3564
3564
3532
3657
3657
3730
3746
3718
3723
3723
3713
3713
3708
3688
3642
3657
3734
3764
3764
3796
3766
3766
3836
3836
3836
3816
3842
3877
3839
3867
3920
4005
4009
3956
3997
3915
3915
3915
3874
3856
3890
3890
3939
3856
3828
3839
3923
3923
3910
3920
3936
3875
3875
3875
3823
3862
3838
3838
3818
3748
3768
3791
3791
3791
3764
3735
3735
3735
3735
3718
3716
3741
3802
3764
3848
3828
3828
3823
3823
3823
3830
3830
3824
3779
3779
3817
3784
3756
3855
3860
3842
3848
3848
3832
3832
3745
3682
3669
3657
3628
3620
3695
3695
3606
3621
3681
3681
3651
3671
3826
3764
3764
3764
3750
3740
3701
3709
3709
3668
3668
3631
3631
3692
3692
3763
3718
3580
3580
3603
3603
3595
3582
3565
3582
3582
3582
3582
3582
3594
3539
3539
3539
3550
3555
3510
3510
3487
3512
3538
3620
3620
3631
3657
3657
3685
3730
3757
3770
3692
3692
3692
3757
3757
3708
3798
3732
3732
3697
3715
3684
3730
3730
3703
3678
3673
3687
3664
3648
3717
3698
3680
3707
3707
3653
3653
3588
3588
3588
3588
3588
3588
3612
3612
3587
3572
3572
3626
3616
3616
3670
3666
3666
3666
3666
3722
3728
3790
3790
3804
3777
3793
3761
3761
3751
3735
3714
3714
3701
3722
3722
3722
3795
3795
3795
3795
3699
3620
3653
3653
3616
3616
3616
3706
3641
3660
3660
3660
3660
3690
3627
3627
3574
3574
3574
3574
3574
3562
3616
3616
3616
3594
3708
3663
3650
3697
3754
3768
3768
3825
3815
3815
3792
3792
3760
3743
3743
3720
3710
3710
3710
3710
3748
3748
3748
3748
3798
3798
3765
3751
3807
3753
3766
3766
3754
3787
3789
3807
3806
3806
3806
3872
3932
3982
3947
3946
3952
3860
3860
3914
3924
3896
3896
3896
3935
3897
3928
3973
3973
4010
4010
3957
3953
3953
3902
3902
3787
3703
3658
3658
3658
3682
3682
3708
3721
3675
3675
3717
3711
3711
3711
3664
3651
3643
3689
3726
3712
3712
3699
3683
3660
3660
3695
3695
3770
3820
3794
3795
3795
3826
3877
3800
3777
3767
3766
3792
3824
3803
3722
3720
3703
3751
3738
3748
3748
3748
3705
3745
3745
3740
3744
3745
3728
3696
3732
3775
3705
3739
3739
3707
3721
3664
3735
3705
3704
3638
3638
3638
3638
3622
3600
3600
3612
3713
3713
3736
3750
3703
3718
3694
3719
3681
3652
3652
3691
3739
3714
3699
3712
3651
3713
3736
3736
3736
3729
3751
3743
3768
3859
3791
3824
3824
3824
3824
3864
3824
3795
3782
3782
3782
3695
3666
3680
3680
3680
3674
3674
3692
3711
3670
3670
3670
3670
3691
3687
3664
3634
3696
3735
3735
3688
3606
3606
3606
3606
3606
3606
3606
3600
3600
3600
3561
3561
3561
3581
3703
3642
3681
3689
3661
3661
3655
3655
3651
3628
3623
3624
3624
3630
3630
3650
3650
3650
3622
3638
3622
3622
3622
3690
3641
3641
3611
3617
3567
3590
3621
3621
3613
3500
3505
3506
3527
3533
3549
3604
3604
3636
3636
3636
3652
3595
3607
3505
3494
3459
3464
3464
3464
3464
3464
3461
3612
3612
3646
3610
3610
3610
3610
3610
3610
3639
3639
3674
3705
3703
3703
3714
3780
3717
3764
3709
3713
3713
3698
3681
3684
3658
3658
3687
3687
3687
3687
3688
3688
3681
3681
3725
3742
3742
3734
3730
3730
3719
3719
3734
3734
3775
3779
3766
3766
3750
3752
3787
3787
3787
3787
3724
3770
3782
3782
3800
3754
3717
3717
3725
3748
3750
3762
3798
3812
3762
3762
3731
3712
3712
3712
3736
3736
3729
3729
3754
3820
3820
3758
3776
3776
3776
3721
3755
3755
3736
3714
3710
3644
3629
3629
3629
3655
3655
3655
3655
3691
3691
3718
3737
3704
3704
3749
3749
3760
3703
3665
3705
3651
3686
3715
3693
3744
3694
3692
3692
3685
3685
3685
3685
3694
3731
3767
3767
3744
3762
3762
3752
3752
3781
3772
3776
3776
3803
3798
3798
3762
3762
3745
3712
3729
3691
3691
3708
3705
3708
3688
3676
3801
3801
3853
3853
3845
3783
3846
3813
3831
3822
3825
3840
3807
3777
3866
3821
3821
3861
3803
3803
3814
3814
3795
3880
3869
3869
3869
3712
3693
3739
3737
3737
3767
3767
3811
3826
3826
3826
3826
3828
3828
3824
3824
3850
3846
3764
3764
3752
3753
3741
3784
3739
3733
3757
3774
3776
3750
3728
3728
3728
3781
3781
3853
3810
3810
3786
3800
3688
3709
3709
3654
3654
3654
3648
3648
3648
3650
3650
3650
3643
3643
3643
3678
3700
3721
3721
3730
3745
3771
3771
3771
3771
3810
3675
3675
3675
3675
3673
3667
3669
3669
3696
3697
3669
3679
3707
3633
3678
3637
3609
3609
3630
3654
3677
3677
3732
3732
3752
3789
3728
3662
3662
3637
3663
3711
3711
3715
3694
3726
3721
3789
3789
3772
3712
3694
3734
3692
3673
3673
3626
3626
3654
3631
3631
3631
3650
3720
3744
3744
3744
3756
3756
3756
3756
3756
3688
3688
3688
3673
3698
3669
3652
3592
3632
3619
3645
3727
3672
3581
3587
3623
3607
3607
3633
3633
3532
3550
3551
3604
3604
3604
3629
3607
3607
3607
3606
3647
3647
3647
3657
3609
3644
3644
3678
3701
3701
3701
3698
3716
3697
3722
3722
3737
3778
3720
3722
3722
3722
3722
3679
3679
3697
3697
3679
3675
3675
3687
3687
3639
3616
3619
3615
3599
3602
3633
3633
3642
3642
3659
3666
3673
3776
3695
3680
3669
3693
3716
3737
3737
3737
3745
3777
3844
3811
3739
3727
3684
3721
3714
3712
3718
3662
3648
3648
3645
3639
3639
3639
3639
3626
3626
3577
3612
3606
3606
3658
3716
3716
3716
3716
3716
3716
3716
3636
3636
3636
3636
3644
3657
3657
3635
3635
3645
3645
3621
3621
3649
3649
3695
3742
3750
3752
3713
3741
3741
3739
3752
3752
3752
3750
3735
3715
3715
3715
3765
3765
3744
3744
3700
3700
3698
3698
3698
3703
3667
3752
3752
3835
3842
3842
3714
3691
3738
3686
3688
3689
3645
3615
3615
3615
3653
3645
3735
3728
3779
3779
3754
3754
3784
3770
3770
3770
3742
3714
3753
3753
3789
3784
3789
3789
3766
3740
3754
3786
3754
3754
3700
3735
3725
3725
3725
3724
3752
3710
3715
3660
3659
3659
3702
3702
3702
3702
3735
3775
3760
3760
3760
3732
3732
3732
3655
3655
3658
3652
3648
3648
3684
3659
3659
3659
3659
3668
3688
3751
3751
3770
3759
3735
3747
3747
3747
3773
3750
3810
3810
3810
3900
3844
3844
3844
3846
3846
3914
3904
3919
3919
3906
3906
3821
3821
3778
3745
3818
3802
3800
3798
3791
3796
3696
3810
3810
3827
3850
3850
3865
3824
3847
3809
3731
3727
3765
3784
3797
3797
3777
3774
3729
3774
3774
3779
3789
3663
3664
3607
3607
3623
3637
3597
3580
3571
3571
3571
3601
3618
3503
3503
3518
3592
3622
3569
3569
3569
3571
3565
3599
3611
3611
3611
3610
3604
3588
3568
3495
3553
3553
3649
3636
3636
3636
3636
3532
3529
3508
3508
3508
3508
3508
3508
3508
3508
3508
3508
3508
3508
3546
3546
3585
3599
3600
3657
3661
3736
3729
3729
3687
3687
3687
3607
3607
3607
3608
3627
3627
3627
3627
3635
3635
3715
3700
3700
3700
3688
3688
3715
3720
3720
3720
3720
3720
3733
3769
3769
3769
3772
3772
3772
3792
3792
3770
3708
3685
3685
3625
3634
3634
3600
3630
3645
3617
3601
3547
3591
3591
3591
3591
3574
3574
3539
3539
3539
3564
3564
3564
3584
3601
3738
3736
3736
3736
3719
3702
3702
3699
3699
3699
3714
3680
3733
3698
3739
3730
3693
3663
3661
3661
3661
3661
3757
3747
3747
3757
3677
3644
3677
3698
3712
3732
3732
3751
3733
3733
3731
3758
3726
3726
3726
3710
3710
3710
3710
3710
3821
3822
3769
3769
3671
3671
3671
3704
3682
3618
3618
3618
3560
3622
3622
3614
3591
3591
3591
3640
3602
3602
3572
3572
3572
3517
3517
3517
3517
3482
3477
3476
3487
3502
3528
3487
3487
3442
3454
3454
3508
3457
3414
3414
3469
3506
3466
3464
3446
3444
3429
3429
3497
3497
3508
3508
3462
3448
3491
3472
3463
3445
3445
3500
3520
3520
3566
3615
3615
3669
3664
3698
3754
3769
3785
3820
3786
3776
3776
3708
3721
3722
3722
3722
3741
3728
3750
3759
3734
3768
3745
3745
3766
3766
3757
3757
3765
3765
3765
3735
3735
3687
3687
3740
3736
3736
3724
3600
3599
3612
3591
3602
3666
3589
3628
3628
3628
3612
3610
3604
3604
3604
3552
3541
3544
3502
3551
3508
3508
3544
3544
3528
3528
3504
3517
3527
3584
3616
3542
3526
3520
3525
3525
3497
3477
3508
3527
3527
3527
3605
3605
3605
3580
3580
3571
3549
3616
3616
3638
3566
3555
3574
3539
3551
3551
3551
3522
3508
3508
3527
3527
3527
3499
3548
3548
3548
3554
3639
3639
3659
3659
3651
3640
3640
3574
3574
3574
3633
3633
3633
3646
3688
3765
3765
3739
3739
3740
3740
3740
3708
3656
3645
3651
3633
3662
3671
3671
3669
3711
3711
3711
3672
3681
3665
3665
3665
3673
3661
3701
3681
3681
3681
3681
3612
3612
3630
3585
3591
3535
3535
3535
3535
3590
3619
3619
3638
3608
3608
3571
3571
3571
3616
3616
3690
3665
3660
3593
3610
3610
3610
3606
3653
3615
3620
3618
3621
3621
3621
3650
3630
3631
3660
3669
3603
3603
3588
3588
3605
3546
3557
3553
3565
3550
3550
3583
3604
3613
3616
3616
3662
3662
3684
3684
3654
3672
3703
3673
3673
3708
3692
3692
3700
3644
3644
3687
3687
3741
3741
3791
3791
3808
3808
3808
3784
3784
3826
3824
3824
3809
3809
3809
3867
3784
3788
3777
3788
3711
3599
3599
3599
3606
3615
3615
3597
3597
3597
3597
3567
3567
3609
3639
3643
3606
3606
3606
3643
3643
3643
3643
3694
3694
3694
3702
3664
3716
3716
3717
3717
3691
3639
3639
3639
3649
3611
3611
3611
3611
3678
3649
3623
3623
3626
3626
3626
3637
3637
3604
3586
3602
3583
3622
3616
3568
3549
3549
3549
3549
3549
3549
3555
3555
3586
3558
3664
3623
3665
3665
3634
3634
3634
3614
3614
3614
3573
3573
3556
3556
3556
3556
3566
3566
3566
3555
3555
3579
3579
3579
3559
3559
3559
3525
3500
3495
3480
3541
3541
3541
3541
3509
3509
3508
3543
3538
3538
3589
3589
3589
3589
3588
3564
3582
3511
3511
3547
3515
3515
3515
3504
3504
3504
3494
3494
3494
3567
3567
3567
3558
3558
3558
3545
3545
3521
3574
3571
3571
3571
3565
3563
3563
3573
3573
3573
3551
3551
3551
3551
3551
3551
3551
3551
3551
3551
3548
3545
3483
3486
3497
3497
3541
3541
3541
3541
3581
3581
3612
3612
3578
3605
3605
3605
3605
3605
3610
3610
3610
3556
3556
3556
3556
3598
3598
3598
3598
3598
3598
3597
3597
3597
3609
3600
3611
3609
3622
3632
3609
3611
3611
3601
3610
3636
3615
3615
3700
3706
3698
3698
3698
3595
3587
3587
3599
3610
3581
3581
3581
3594
3527
3527
3554
3554
3554
3554
3544
3562
3562
3562
3524
3498
3498
3483
3466
3500
3458
3458
3458
3454
3526
3517
3492
3492
3492
3459
3459
3484
3429
3422
3422
3405
3405
3405
3403
3403
3393
3393
3420
3418
3418
3418
3396
3396
3396
3380
3380
3342
3363
3348
3380
3380
3372
3372
3375
3372
3372
3372
3372
3372
3366
3366
3353
3421
3419
3421
3421
3421
3448
3489
3489
3489
3489
3463
3463
3453
3445
3416
3422
3422
3430
3430
3430
3430
3430
3430
3430
3430
3430
3430
3430
3430
3430
3430
3430
3468
3468
3523
3523
3523
3523
3523
3523
3507
3530
3530
3530
3530
3530
3530
3530
3578
3574
3529
3502
3489
3538
3538
3538
3538
3602
3602
3616
3616
3558
3592
3589
3534
3536
3512
3524
3524
3549
3527
3527
3541
3541
3541
3528
3534
3534
3534
3545
3545
3545
3589
3582
3578
3578
3578
3576
3576
3576
3600
3564
3564
3620
3620
3620
3583
3583
3583
3583
3604
3604
3604
3597
3597
3574
3561
3581
3581
3581
3590
3661
3661
3734
3667
3665
3665
3665
3665
3665
3657
3657
3657
3657
3611
3615
3615
3656
3715
3691
3641
3611
3685
3659
3682
3682
3673
3664
3664
3664
3597
3581
3581
3570
3563
3563
3563
3581
3581
3576
3576
3560
3560
3560
3536
3536
3519
3521
3563
3563
3563
3563
3575
3572
3551
3551
3551
3551
3545
3517
3498
3512
3512
3533
3533
3578
3584
3576
3525
3520
3518
3570
3570
3555
3535
3535
3535
3522
3522
3552
3527
3542
3504
3504
3504
3513
3513
3513
3546
3546
3587
3587
3587
3537
3537
3554
3533
3532
3532
3532
3516
3516
3516
3516
3516
3519
3519
3519
3519
3519
3519
3519
3519
3554
3545
3549
3549
3522
3540
3540
3550
3522
3512
3512
3519
3519
3519
3519
3519
3519
3525
3525
3525
3525
3525
3525
3525
3539
3539
3625
3625
3625
3625
3625
3625
3625
3625
3625
3625
3588
3583
3562
3562
3562
3562
3562
3562
3562
3562
3562
3581
3581
3627
3627
3627
3627
3674
3674
3626
3626
3639
3630
3645
3645
3622
3622
3622
3622
3648
3675
3675
3695
3687
3667
3714
3714
3705
3705
3705
3620
3620
3621
3621
3621
3628
3594
3619
3619
3628
3628
3666
3666
3666
3621
3621
3621
3621
3624
3622
3622
3622
3603
3603
3603
3603
3602
3632
3635
3635
3644
3644
3644
3644
3615
3581
3574
3574
3574
3600
3609
3607
3607
3613
3587
3618
3618
3615
3628
3628
3628
3627
3627
3627
3627
3643
3643
3643
3643
3699
3699
3733
3739
3739
3699
3699
3651
3670
3670
3670
3670
3626
3626
3626
3650
3641
3650
3650
3686
3672
3672
3672
3672
3672
3650
3677
3692
3702
3748
3736
3673
3667
3667
3661
3637
3637
3637
3640
3640
3640
3612
3670
3670
3670
3670
3671
3721
3675
3675
3675
3718
3718
3718
3718
3656
3666
3666
3666
3659
3659
3659
3659
3659
3643
3643
3643
3643
3643
3643
3641
3641
3641
3641
3577
3577
3577
3661
3661
3631
3631
3631
3631
3631
3631
3588
3588
3626
3648
3627
3627
3601
3596
3596
3596
3606
3606
3576
3576
3576
3592
3604
3604
3604
3604
3604
3604
3593
3549
3549
3574
3611
3611
3611
3611
3611
3597
3597
3597
3597
3597
3597
3631
3624
3709
3689
3689
3663
3668
3669
3669
3669
3692
3649
3649
3692
3692
3692
3700
3700
3700
3700
3700
3741
3707
3707
3707
3707
3736
3736
3732
3736
3736
3736
3736
3718
3718
3706
3706
3706
3706
3704
3704
3710
3700
3697
3697
3686
3686
3686
3686
3686
3664
3664
3634
3634
3634
3634
3634
3634
3634
3634
3634
3634
3634
3634
3634
3634
3634
3674
3674
3711
3712
3712
3740
3692
3667
3667
3667
3667
3667
3641
3641
3641
3641
3641
3641
3641
3641
3611
3611
3570
3534
3534
3534
3562
3562
3562
3562
3562
3562
3523
3523
3523
3519
3519
3525
3525
3525
3525
3525
3525
3525
3578
3578
3578
3578
3562
3562
3562
3559
3572
3606
3606
3606
3606
3601
3602
3602
3602
3602
3602
3578
3594
3594
3594
3594
3594
3594
3594
3511
3511
3511
3511
3511
3511
3511
3511
3511
3511
3524
3524
3524
3524
3516
3516
3504
3504
3516
3516
3503
3487
3487
3487
3507
3476
3476
3476
3515
3515
3515
3498
3498
3498
3532
3532
3532
3529
3529
3521
3521
3521
3521
3521
3521
3548
3548
3575
3569
3542
3542
3533
3533
3533
3507
3507
3507
3478
3478
3472
3472
3472
3472
3472
3472
3472
3472
3472
3472
3472
3472
3472
3472
3472
3472
3472
3472
3472
3470
3470
3470
3470
3470
3470
3499
3499
3458
3458
3458
3458
3458
3458
3456
3456
3456
3473
3473
3468
3443
3443
3449
3449
3448
3448
3448
3419
3419
3419
3415
3415
3415
3415
3415
3430
3430
3430
3450
3450
3450
3450
3465
3465
3492
3492
3492
3464
3464
3464
3464
3467
3467
3467
3467
3467
3467
3477
3477
3452
3452
3452
3452
3452
3467
3450
3450
3450
3445
3445
3445
3428
3428
3428
3428
3428
3428
3428
3428
3428
3425
3425
3425
3425
3425
3425
3425
3425
3405
3405
3405
3405
3405
3405
3405
3405
3405
3405
3420
3420
3420
3419
3419
3419
3419
3419
3419
3419
3424
3424
3424
3424
3404
3404
3404
3404
3397
3397
3397
3397
3397
3424
3424
3424
3424
3424
3424
3424
3424
3424
3424
3424
3424
3424
3424
3424
3406
3406
3406
3405
3405
3393
3347
3347
3362
3362
3362
3362
3362
3362
3362
3362
3362
3362
3362
3362
3362
3362
3342
3342
3342
3404
3404
3404
3404
3404
3456
3456
3456
3392
3392
3392
3392
3392
3370
3345
3345
3345
3345
3345
3345
3345
3345
3345
3345
3345
3345
3345
3345
3345
3326
3326
3320
3320
3320
3321
3321
3321
3321
3331
3331
3324
3324
3324
3324
3324
3324
3314
3314
3322
3315
3339
3339
3339
3339
3339
3339
3339
3343
3303
3303
3303
3303
3303
3285
3285
3285
3389
3389
3389
3387
3387
3387
3378
3378
3378
3416
3412
3386
3386
3386
3386
3386
3386
3386
3386
3386
3382
3382
3382
3382
3387
3387
3387
3385
3385
3387
3370
3370
3370
3370
3370
3370
3370
3375
3375
3375
3366
3359
3359
3359
3359
3381
3381
3363
3363
3363
3363
3363
3363
3363
3363
3345
3345
3332
3332
3332
3332
3358
3358
3350
3429
3446
3449
3449
3449
3386
3386
3386
3386
3386
3386
3404
3404
3404
3404
3404
3404
3404
3404
3416
3416
3407
3407
3407
3407
3429
3417
3417
3417
3436
3459
3459
3433
3428
3428
3428
3428
3428
3380
3380
3391
3423
3423
3436
3436
3436
3436
3436
3436
3436
3436
3436
3436
3436
3436
3436
3436
3436
3436
3436
3436
3436
3430
3430
3435
3435
3452
3452
3452
3435
3435
3435
3420
3420
3420
3420
3420
3420
3420
3420
3397
3397
3397
3368
3368
3368
3368
3368
3368
3368
3368
3368
3368
3368
3368
3368
3368
3395
3395
3394
3396
3396
3396
3396
3417
3417
3417
3419
3419
3419
3419
3419
3419
3419
3419
3419
3394
3394
3394
3394
3445
3445
3436
3436
3436
3436
3436
3430
3424
3424
3426
3426
3426
3426
3426
3426
3426
3426
3399
3399
3399
3399
3399
3435
3442
3442
3356
3356
3356
3356
3356
3356
3356
3356
3356
3356
3356
3356
3356
3356
3356
3356
3356
3356
3356
3356
3356
3356
3356
3356
3356
3356
3356
3372
3369
3369
3369
3369
3369
3342
3342
3342
3342
3342
3342
3342
3342
3336
3336
3336
3336
3336
3336
3336
3336
3336
3343
3343
3343
3343
3344
3344
3344
3344
3344
3344
3344
3344
3344
3344
3344
3354
3354
3354
3372
3372
3386
3386
3386
3362
3362
3362
3374
3374
3371
3371
3369
3369
3373
3373
3373
3362
3369
3369
3369
3369
3332
3332
3332
3332
3332
3343
3343
3343
3343
3351
3351
3376
3376
3376
3376
3376
3376
3376
3376
3376
3376
3376
3376
3376
3358
3348
3325
3325
3325
3319
3320
3320
3320
3320
3320
3320
3320
3320
3320
3322
3322
3322
3340
3340
3340
3340
3340
3283
3283
3283
3283
3283
3283
3283
3283
3283
3289
3289
3289
3289
3289
3289
3289
3289
3289
3289
3289
3289
3289
3289
3289
3290
3290
3290
3290
3290
3290
3290
3290
3290
3290
3290
3285
3285
3285
3285
3285
3285
3285
3285
3285
3285
3285
3285
3285
3285
3285
3285
3289
3289
3289
3289
3289
3289
3289
3289
3289
3289
3289
3289
3289
3289
3289
3289
3289
3289
3289
3289
3289
3289
3289
3289
3289
3289
3289
3289
3289
3289
3289
3289
3289
3289
3289
3289
3289
3299
3303
3303
3303
3306
3306
3306
3306
3310
3310
3310
3310
3310
3310
3310
3318
3318
3318
3318
3318
3318
3303
3303
3303
3303
3303
3303
3305
3305
3305
3305
3305
3305
3300
3300
3300
3300
3300
3300
3300
3300
3306
3306
3300
3308
3308
3308
3308
3308
3308
3308
3308
3308
3308
3308
3308
3308
3308
3308
3327
3327
3327
3317
3317
3317
3350
3350
3350
3350
3328
3328
3328
3331
3331
3331
3331
3337
3337
3337
3337
3337
3337
3337
3314
3314
3314
3320
3320
3320
3324
3301
3294
3294
3294
3291
3291
3291
3291
3291
3291
3291
3291
3291
3291
3291
3291
3291
3291
3291
3291
3291
3291
3291
3291
3291
3291
3291
3291
3291
3291
3291
3291
3291
3291
3291
3291
3291
3291
3291
3291
3291
3291
3291
3300
3300
3300
3300
3300
3300
3300
3300
3300
3310
3310
3310
3302
3302
3302
3302
3302
3302
3307
3307
3307
3307
3303
3303
3303
3303
3303
3303
3303
3303
3303
3303
3303
3303
3303
3303
3303
3303
3302
3302
3302
3302
3302
3302
3302
3302
3302
3307
3307
3307
3307
3307
3307
3315
3315
3315
3315
3325
3325
3325
3325
3325
3325
3325
3325
3323
3323
3319
3319
3319
3319
3319
3319
3319
3311
3311
3342
3342
3342
3337
3337
3337
3337
3337
3337
3337
3337
3337
3337
3337
3363
3363
3363
3341
3341
3341
3341
3341
3341
3341
3341
3341
3341
3311
3311
3311
3311
3311
3311
3311
3311
3311
3311
3311
3311
3311
3311
3311
3311
3311
3311
3311
3311
3311
3311
3311
3311
3311
3311
3315
3315
3315
3315
3315
3315
3315
3315
3315
3315
3315
3308
3308
3308
3308
3308
3308
3308
3308
3308
3308
3302
3302
3302
3302
3302
3302
3302
3302
3302
3302
3302
3302
3302
3300
3300
3300
3300
3300
3300
3300
3307
3307
3307
3307
3304
3304
3304
3304
3304
3304
3304
3304
3304
3304
3304
3304
3304
3304
3304
3304
3304
3304
3313
3313
3313
3308
3308
3308
3308
3308
3308
3308
3308
3308
3308
3308
3308
3308
3308
3308
3308
3308
3308
3308
3339
3339
3316
3316
3316
3323
3323
3334
3350
3353
3353
3353
3376
3376
3376
3373
3373
3373
3360
3360
3360
3360
3360
3360
3360
3360
3360
3360
3360
3333
3333
3333
3333
3333
3333
3333
3322
3322
3322
3322
3322
3322
3322
3322
3322
3322
3322
3322
3322
3322
3322
3322
3322
3313
3313
3313
3313
3313
3313
3313
3313
3313
3313
3313
3313
3313
3313
3313
3313
3313
3313
3313
3313
3313
3322
3322
3314
3314
3314
3314
3318
3318
3318
3318
3318
3318
3318
3318
3318
3318
3318
3318
3318
3318
3318
3318
3318
3318
3318
3319
3319
3319
3319
3319
3319
3319
3319
3319
3319
3319
3319
3319
3319
3319
3319
3317
3317
3317
3317
3317
3317
3317
3317
3317
3317
3317
3317
3317
3317
3317
3317
3317
3317
3317
3317
3317
3317
3317
3317
3317
3317
3320
3320
3320
3320
3320
3320
3320
3320
3320
3320
3320
3320
3320
3320
3320
3320
3320
3337
3337
3337
3337
3337
3337
3337
3337
3335
3335
3332
3332
3332
3332
3332
3332
3332
3318
3318
3309
3309
3304
3304
3304
3304
3304
3304
3304
3304
3304
3304
3304
3304
3304
3304
3304
3304
3304
3304
3304
3304
3304
3304
3304
3304
3304
3304
3304
3302
3302
3302
3302
3302
3302
3290
3290
3291
3291
3291
3291
3291
3291
3291
3291
3291
3291
3302
3302
3302
3302
3302
3302
3302
3302
3302
3335
3335
3335
3335
3335
3335
3335
3335
3335
3336
3336
3336
3336
3336
3336
3336
3336
3336
3336
3336
3336
3336
3336
3336
3327
3327
3327
3327
3327
3327
3327
3327
3327
3327
3335
3335
3341
3341
3341
3341
3341
3341
3341
3341
3336
3336
3336
3336
3336
3336
3336
3335
3335
3332
3332
3332
3332
3332
3332
3332
3332
3332
3332
3332
3328
3328
3328
3328
3328
3328
3328
3328
3328
3328
3328
3328
3328
3327
3337
3337
3311
3311
3306
3318
3318
3318
3318
3318
3318
3316
3316
3316
3316
3316
3316
3316
3316
3316
3316
3316
3316
3316
3316
3316
3316
3316
3316
3316
3316
3316
3316
3316
3316
3316
3316
3335
3335
3335
3335
3335
3339
3338
3330
3330
3330
3329
3329
3329
3329
3329
3329
3329
3329
3329
3329
3329
3329
3329
3329
3329
3329
3329
3329
3329
3329
3333
3333
3329
3329
3329
3329
3329
3329
3329
3299
3299
3299
3299
3299
3305
3305
3305
3305
3305
3304
3304
3304
3304
3304
3329
3329
3329
3329
3329
3329
3329
3329
3329
3329
3321
3321
3321
3321
3320
3320
3320
3320
3320
3320
3316
3316
3316
3316
3316
3316
3316
3316
3316
3316
3316
3319
3319
3319
3319
3319
3315
3315
3315
3315
3315
3315
3321
3321
3321
3321
3321
3321
3321
3321
3321
3321
3321
3321
3321
3321
3321
3321
3321
3321
3321
3321
3321
3321
3321
3321
3321
3321
3321
3321
3321
3324
3324
3324
3324
3324
3324
3316
3316
3316
3308
3308
3330
3330
3330
3330
3330
3330
3330
3330
3330
3330
3330
3330
3335
3335
3324
3324
3320
3320
3307
3307
3307
3307
3296
3296
3294
3294
3294
3294
3294
3294
3297
3297
3297
3297
3297
3297
3297
3297
3297
3297
3297
3296
3296
3296
3296
3296
3296
3296
3296
3296
3293
3293
3296
3296
3290
3290
3290
3290
3290
3290
3290
3290
3290
3290
3290
3290
3270
3270
3270
3270
3270
3270
3270
3270
3270
3270
3270
3270
3270
3270
3270
3270
3270
3270
3270
3282
3282
3282
3282
3282
3282
3282
3282
3282
3282
3282
3282
3282
3282
3282
3282
3282
3282
3282
3282
3282
3282
3282
3282
3284
3284
3283
3283
3283
3283
3283
3283
3286
3286
3286
3286
3286
3286
3286
3286
3286
3286
3286
3286
3286
3286
3286
3286
3286
3286
3286
3286
3286
3286
3286
3286
3286
3286
3286
3286
3286
3286
3286
3264
3264
3264
3264
3264
3264
3264
3264
3264
3264
3264
3252
3252
3252
3252
3252
3252
3252
3252
3252
3252
3252
3252
3252
3252
3252
3252
3252
3252
3252
3252
3252
3252
3252
3252
3252
3252
3252
3252
3252
3252
3252
3252
3252
3252
3252
3252
3252
3252
3252
3252
3252
3252
3252
3252
3252
3252
3252
3252
3252
3252
3252
3252
3252
3252
3252
3252
3252
3252
3252
3252
3252
3252
3252
3252
3252
3252
3252
3252
3252
3252
3252
3252
3252
3252
3252
3252
3252
3252
3252
3252
3252
3252
3252
3252
3252
3252
3252
3252
3252
3252
3252
3252
3252
3252
3252
3252
3252
3245
3245
3245
3245
3245
3248
3248
3248
3248
3248
3248
3248
3248
3248
3248
3248
3248
3248
3248
3248
3248
3248
3236
3231
3231
3231
3231
3231
3231
3231
3231
3231
3231
3231
3231
3232
3232
3232
3232
3232
3232
3232
3232
3232
3232
3232
3231
3231
3231
3231
3231
3231
3231
3231
3231
3231
3231
3231
3231
3231
3231
3231
3231
3231
3231
3231
3231
3231
3231
3231
3231
3231
3231
3231
3231
3231
3231
3231
3231
3231
3231
3231
3231
3231
3231
3231
3231
3231
3231
3231
3231
3231
3231
3231
3231
3231
3231
3231
3231
3231
3231
3231
3231
3231
3231
3231
3231
3233
3233
3233
3233
3233
3233
3233
3233
3233
3229
3229
3229
3229
3229
3229
3229
3229
3229
3229
3229
3229
3229
3229
3229
3229
3229
3229
3229
3229
3229
3229
3229
3229
3229
3229
3229
3229
3229
3229
3227
3227
3227
3227
3227
3227
3227
3227
3227
3227
3227
3227
3227
3227
3227
3227
3227
3224
3224
3224
3224
3224
3224
3224
3224
3224
3224
3224
3224
3224
3224
3224
3224
3224
3210
3210
3210
3210
3210
3210
3210
3210
3210
3210
3210
3210
3210
3210
3210
3210
3210
3210
3210
3210
3210
3210
3210
3210
3210
3220
3220
3220
3220
3220
3220
3220
3220
3220
3220
3222
3222
3222
3222
3222
3222
3222
3221
3221
3221
3221
3221
3221
3221
3221
3221
3221
3221
3221
3221
3221
3221
3221
3221
3221
3221
3221
3221
3221
3221
3221
3221
3221
3221
3221
3221
3221
3221
3221
3221
3221
3221
3221
3221
3221
3221
3221
3221
3221
3221
3221
3221
3221
3221
3221
3221
3221
3221
3221
3221
3221
3221
3221
3221
3221
3221
3221
3221
3221
3221
3221
3221
3221
3221
3221
3221
3221
3221
3221
3221
3221
3221
3221
3221
3221
3221
3221
3221
3221
3221
3221
3221
3221
3221
3221
3221
3221
3221
3221
3221
3221
3221
3221
3221
3221
3221
3221
3221
3221
3221
3221
3221
3221
3221
3221
3221
3221
3221
3221
3221
3221
3221
3221
3221
3221
3221
3221
3221
3221
3221
3221
3221
3221
3221
3221
3221
3221
3221
3221
3221
3221
3221
3214
3214
3214
3214
3214
3214
3214
3214
3214
3214
3214
3214
3214
3214
3214
3214
3214
3214
3214
3214
3214
3214
3214
3214
3214
3214
3214
3214
3214
3214
3214
3214
3214
3214
3214
3214
3214
3214
3214
3214
3214
3214
3214
3214
3214
3214
3214
3214
3214
3214
3214
3214
3214
3214
3214
3214
3214
3214
3214
3214
3214
3214
3214
3214
3214
3214
3214
3214
3214
3214
3214
3214
3214
3214
3214
3214
3214
3214
3214
3214
3214
3214
3214
3214
3214
3214
3214
3214
3214
3214
3214
3214
3214
3214
3214
3214
3214
3214
3214
3214
3214
3214
3214
3214
3214
3214
3214
3214
3214
3214
3214
3214
3214
3214
3214
3214
3214
3214
3214
3214
3214
3214
3214
3214
3214
3214
3214
3214
3214
3214
3214
3214
3214
3214
3214
3214
3214
3214
3214
3214
3214
3214
3214
3214
3214
3214
3214
3214
3214
3214
3214
3214
3214
3214
3214
3214
3214
3214
3214
3214
3214
3214
3214
3214
3214
3214
3214
3214
3214
3214
3214
3214
3214
3214
3214
3214
3214
3214
3214
3214
3214
3214
3214
3214
3214
3214
3214
3214
3214
3214
3214
3214
3214
3214
3214
3214
3214
3214
3214
3214
3214
3214
3214
3214
3214
3214
3214
3214
3214
3214
3214
3214
3214
3214
3214
3214
3214
3214
3214
3214
3214
3214
3214
3214
3214
3214
3214
3214
3214
3214
3214
3214
3214
3212
3212
3212
3212
3212
3212
3212
3212
3212
3212
3212
3212
3212
3212
3212
3212
3212
3212
3212
3212
3212
3212
3212
3212
3212
3212
3212
3212
3212
3212
3212
3212
3209
3209
3209
3209
3209
3209
3209
3209
3209
3209
3209
3209
3209
3209
3209
3209
3209
3209
3209
3209
3209
3209
3209
3209
3209
3209
3209
3209
3209
3209
3209
3209
3209
3209
3209
3209
3209
3209
3209
3209
3209
3209
3209
3209
3209
3209
3209
3209
3209
3209
3209
3209
3209
3209
3209
3209
3209
3209
3209
3209
3209
3209
3209
3209
3209
3209
3209
3209
3209
3209
3209
3209
3209
3209
3209
3209
3209
3213
3213
3213
3213
3213
3213
3213
3213
3213
3213
3213
3213
3213
3213
3213
3213
3213
3213
3213
3213
3213
3213
3213
3213
3213
3213
3213
3213
3213
3213
3213
3213
3213
3213
3213
3213
3213
3213
3213
3213
3213
3213
3213
3213
3213
3213
3213
3214
3214
3214
3214
3214
3214
3214
3214
3214
3214
3214
3214
3214
3214
3214
3214
3214
3214
3214
3214
3214
3214
3214
3214
3214
3214
3214
3214
3214
3214
3214
3214
3213
3213
3208
3208
3208
3208
3208
3208
3208
3208
3208
3208
3208
3208
3208
3208
3208
3208
3208
3208
3208
3208
3208
3208
3208
3208
3208
3208
3208
3208
3208
3208
3208
3208
3208
3208
3208
3208
3208
3208
3208
3200
3200
3200
3200
3200
3200
3200
3200
3200
3200
3203
3203
3203
3203
3203
3203
3203
3203
3203
3203
3203
3203
3203
3203
3203
3203
3203
3203
3204
3204
3204
3204
3204
3204
3204
3204
3204
3204
3204
3204
3204
3204
3204
3204
3204
3204
3204
3204
3204
3204
3204
3204
3204
3204
3204
3204
3204
3204
3204
3204
3204
3204
3204
3204
3204
3204
3204
3204
3204
3204
3204
3204
3204
3204
3204
3204
3204
3204
3204
3204
3204
3204
3204
3204
3204
3204
3204
3204
3204
3204
3204
3204
3204
3204
3204
3204
3204
3204
3204
3204
3204
3204
3204
3204
3204
3204
3204
3204
3204
3204
3204
3204
3204
3204
3204
3204
3204
3204
3204
3204
3204
3204
3204
3204
3204
3204
3204
3204
3204
3204
3204
3204
3204
3204
3204
3204
3204
3204
3204
3204
3204
3204
3204
3204
3204
3204
3204
3204
3204
3204
3204
3204
3204
3204
3204
3204
3204
3204
3204
3204
3204
3204
3204
3204
3204
3204
3204
3203
3203
3203
3203
3203
3203
3203
3203
3203
3203
3203
3203
3203
3203
3203
3203
3203
3203
3203
3203
3203
3203
3201
3201
3201
3201
3201
3201
3201
3201
3201
3201
3201
3201
3201
3201
3201
3201
3201
3201
3201
3201
3201
3201
3201
3201
3201
3201
3201
3201
3201
3201
3201
3201
3201
3201
3201
3201
3201
3201
3201
3201
3201
3201
3201
3201
3201
3201
3201
3201
3201
3201
3201
3201
3201
3201
3201
3201
3201
3201
3201
3201
3201
3201
3193
3193
3193
3193
3193
3193
3193
3193
3193
3193
3193
3193
3193
3193
3193
3193
3193
3193
3193
3196
3196
3196
3196
3196
3196
3196
3196
3196
3196
3196
3196
3196
3196
3196
3196
3196
3196
3196
3196
3196
3196
3196
3196
3196
3196
3196
3196
3196
3196
3196
3196
3196
3196
3196
3196
3196
3196
3196
3196
3196
3196
3196
3196
3196
3196
3196
3196
3196
3196
3196
3196
3196
3196
3196
3196
3196
3196
3196
3196
3196
3196
3196
3196
3196
3196
3196
3196
3196
3196
3196
3196
3196
3196
3196
3196
3196
3196
3196
3196
3196
3196
3196
3196
3196
3196
3199
3199
3199
3199
3199
3199
3199
3199
3199
3199
3199
3199
3199
3195
3195
3195
3195
3195
3195
3193
3193
3193
3193
3193
3193
3193
3193
3193
3193
3193
3193
3193
3193
3193
3193
3193
3193
3193
3193
3193
3193
3193
3193
3193
3193
3193
3193
3193
3193
3193
3193
3193
3193
3193
3193
3189
3189
3189
3189
3189
3189
3189
3189
3189
3189
3189
3189
3189
3189
3189
3189
3189
3189
3189
3189
3189
3189
3189
3189
3189
3189
3189
3189
3189
3189
3189
3189
3189
3189
3189
3189
3189
3189
3189
3189
3189
3189
3189
3189
3189
3189
3189
3189
3189
3189
3189
3189
3189
3189
3189
3189
3189
3189
3189
3189
3189
3189
3189
3189
3189
3189
3189
3189
3189
3189
3189
3189
3189
3189
3189
3189
3189
3189
3189
3189
3189
3189
3189
3189
3189
3189
3189
3189
3189
3189
3189
3189
3189
3189
3189
3189
3182
3182
3182
3182
3182
3182
3182
3182
3182
3182
3182
3182
3182
3182
3182
3182
3182
3182
3182
3182
3182
3182
3182
3182
3182
3182
3182
3182
3182
3182
3182
3182
3182
3182
3182
3182
3182
3182
3182
3182
3182
3182
3182
3182
3182
3182
3182
3182
3182
3182
3182
3182
3182
3182
3182
3182
3182
3182
3182
3182
3182
3182
3182
3182
3182
3182
3182
3182
3182
3185
3185
3185
3185
3185
3185
3185
3185
3185
3185
3185
3185
3185
3185
3185
3185
3185
3185
3185
3185
3185
3185
3185
3185
3185
3185
3185
3185
3185
3185
3185
3185
3185
3185
3185
3185
3185
3185
3185
3185
3185
3185
3185
3185
3185
3185
3185
3185
3185
3185
3185
3185
3185
3185
3185
3185
3185
3185
3185
3185
3185
3185
3185
3185
3185
3185
3185
3185
3185
3185
3185
3185
3185
3185
3185
3185
3185
3185
3185
3185
3185
3185
3185
3185
3185
3185
3185
3182
3182
3182
3182
3182
3182
3182
3182
3182
3182
3182
3182
3183
3183
3183
3183
3183
3183
3183
3183
3183
3183
3183
3183
3183
3183
3183
3183
3183
3183
3183
3183
3183
3183
3183
3183
3183
3183
3183
3183
3183
3183
3186
3186
3186
3186
3186
3186
3186
3186
3186
3186
3186
3186
3186
3192
3192
3192
3192
3192
3192
3192
3192
3192
3192
3192
3192
3192
3192
3192
3192
3192
3192
3192
3192
3192
3192
3192
3192
3192
3192
3192
3192
3192
3192
3192
3192
3192
3192
3192
3192
3192
3192
3192
3192
3192
3192
3192
3192
3192
3192
3192
3192
3192
3192
3192
3192
3192
3192
3192
3192
3192
3192
3192
3192
3192
3192
3192
3192
3192
3192
3192
3192
3192
3192
3192
3192
3192
3192
3192
3192
3192
3192
3192
3192
3190
3190
3190
3190
3190
3190
3190
3190
3190
3190
3191
3191
3191
3191
3191
3191
3191
3191
3190
3190
3190
3190
3190
3190
3190
3190
3190
3190
3190
3190
3190
3190
3190
3190
3190
3190
3190
3190
3190
3190
3190
3190
3190
3190
3190
3190
3190
3190
3190
3190
3190
3190
3190
3184
3184
3184
3184
3184
3184
3184
3183
3183
3183
3183
3183
3183
3183
3183
3183
3183
3183
3183
3183
3184
3184
3184
3184
3184
3184
3184
3184
3184
3184
3184
3184
3184
3184
3184
3184
3184
3184
3184
3184
3184
3184
3184
3184
3184
3184
3184
3184
3184
3184
3184
3184
3184
3188
3188
3188
3189
3189
3189
3189
3189
3189
3189
3189
3189
3189
3189
3189
3189
3189
3189
3189
3189
3189
3189
3189
3189
3189
3189
3189
3189
3189
3189
3189
3189
3189
3189
3189
3189
3189
3189
3189
3189
3189
3189
3189
3189
3189
3189
3189
3189
3189
3189
3189
3189
3189
3189
3189
3189
3189
3189
3189
3189
3189
3189
3189
3189
3189
3189
3189
3189
3189
3189
3189
3189
3189
3189
3189
3189
3189
3189
3189
3189
3189
3189
3189
3189
3189
3189
3189
3189
3189
3189
3189
3189
3189
3189
3189
3189
3189
3196
3196
3196
3196
3196
3196
3196
3196
3196
3196
3196
3196
3196
3196
3196
3196
3198
3198
3198
3198
3198
3198
3198
3198
3198
3198
3198
3198
3198
3198
3198
3198
3198
3198
3198
3198
3198
3198
3198
3198
3198
3198
3198
3198
3198
3198
3198
3198
3198
3198
3198
3198
3198
3198
3198
3198
3198
3198
3198
3198
3198
3198
3198
3198
3198
3198
3198
3198
3198
3198
3198
3198
3198
3198
3198
3198
3198
3198
3198
3198
3198
3198
3198
3198
3198
3198
3198
3198
3198
3196
3196
3196
3196
3196
3196
3196
3196
3196
3196
3196
3196
3196
3196
3196
3196
3196
3196
3196
3196
3196
3196
3196
3196
3196
3196
3196
3196
3196
3196
3196
3196
3196
3196
3196
3196
3196
3196
3196
3196
3196
3196
3196
3196
3196
3196
3196
3196
3205
3205
3205
3205
3205
3205
3205
3205
3205
3205
3205
3205
3205
3205
3205
3205
3205
3205
3205
3205
3205
3205
3205
3205
3205
3205
3205
3205
3205
3205
3205
3205
3205
3205
3205
3205
3205
3205
3205
3205
3205
3205
3205
3205
3205
3205
3205
3205
3205
3205
3205
3205
3205
3205
3205
3205
3205
3205
3205
3208
3208
3208
3208
3208
3208
3208
3208
3208
3208
3208
3208
3208
3208
3208
3208
3208
3208
3208
3208
3208
3208
3208
3208
3208
3208
3208
3208
3208
3208
3208
3208
3208
3208
3208
3208
3208
3208
3208
3208
3208
3208
3208
3208
3208
3208
3208
3208
3208
3208
3208
3208
3208
3208
3208
3208
3208
3201
3201
3201
3201
3201
3201
3201
3201
3201
3201
3201
3201
3201
3201
3201
3201
3201
3201
3205
3205
3205
3205
3205
3205
3198
3198
3198
3198
3198
3198
3198
3198
3198
3198
3198
3198
3198
3198
3198
3198
3198
3198
3198
3198
3198
3194
3194
3194
3194
3194
3194
3194
3194
3194
3194
3194
3194
3194
3194
3194
3194
3194
3194
3194
3194
3194
3194
3194
3194
3194
3194
3194
3194
3194
3194
3194
3194
3194
3194
3194
3194
3194
3194
3194
3194
3194
3194
3194
3194
3194
3194
3194
3194
3194
3194
3194
3194
3194
3194
3205
3205
3205
3205
3209
3205
3205
3205
3205
3205
3205
3205
3205
3205
3205
3205
3205
3205
3205
3205
3205
3205
3205
3205
3205
3205
3205
3205
3205
3205
3205
3205
3205
3205
3205
3205
3205
3205
3205
3205
3205
3205
3205
3205
3205
3205
3205
3205
3205
3205
3205
3205
3205
3205
3205
3210
3210
3210
3210
3210
3210
3210
3210
3210
3210
3210
3210
3210
3210
3210
3210
3210
3210
3210
3210
3210
3210
3210
3210
3210
3210
3210
3210
3210
3210
3210
3210
3210
3210
3210
3210
3210
3210
3210
3210
3210
3210
3210
3210
3210
3210
3210
3210
3210
3210
3210
3210
3210
3210
3210
3210
3210
3210
3210
3210
3210
3210
3210
3210
3210
3210
3210
3210
3210
3210
3210
3210
3210
3210
3210
3210
3210
3210
3210
3210
3210
3210
3210
3210
3210
3210
3210
3210
3210
3210
3210
3210
3210
3210
3210
3210
3210
3210
3210
3210
3210
3210
3206
3206
3206
3206
3220
3220
3220
3220
3220
3220
3220
3220
3220
3220
3220
3220
3220
3220
3220
3220
3220
3220
3220
3220
3214
3214
3214
3214
3214
3214
3214
3214
3214
3214
3214
3214
3214
3214
3214
3214
3214
3214
3214
3214
3214
3211
3211
3211
3211
3211
3211
3211
3211
3211
3211
3211
3211
3211
3211
3211
3211
3211
3211
3211
3211
3211
3211
3211
3211
3211
3211
3211
3211
3211
3211
3211
3211
3211
3211
3211
3211
3211
3211
3211
3211
3211
3211
