2701
2689
2650
2631
2716
2692
2667
2591
2642
2642
2730
2680
2633
2671
2682
2677
2755
2844
2852
2798
2825
2809
2756
2824
2824
2824
2820
2820
2820
2656
2635
2725
2698
2731
2660
2606
2578
2589
2589
2592
2614
2546
2593
2603
2644
2638
2637
2677
2645
2644
2644
2725
2724
2709
2736
2786
2735
2769
2721
2745
2753
2704
2704
2740
2770
2740
2761
2761
2827
2877
2858
2816
2834
2805
2767
2764
2724
2665
2642
2670
2725
2703
2703
2742
2781
2787
2758
2755
2797
2817
2816
2905
2905
2913
2888
2864
2805
2805
2785
2750
2661
2666
2574
2600
2637
2586
2711
2701
2724
2621
2738
2740
2798
2853
2798
2758
2759
2728
2728
2686
2697
2684
2673
2678
2704
2704
2760
2727
2721
2752
2839
2815
2805
2842
2799
2809
2827
2832
2835
2822
2835
2834
2869
2876
2881
2881
2870
2700
2696
2632
2673
2876
2891
2955
2910
2884
2914
2867
2871
2863
2762
2756
2696
2772
2789
2800
2863
2933
2841
2739
2749
2767
2761
2797
2730
2721
2684
2653
2603
2638
2674
2696
2649
2682
2738
2737
2713
2660
2629
2680
2740
2758
2758
2786
2832
2753
2774
2774
2878
2846
2860
2909
2927
2878
2877
2901
2836
2852
2804
2770
2750
2781
2766
2795
2791
2839
2874
2844
2961
2919
2970
2969
2983
2926
2983
2958
3033
3009
2918
2953
2951
2905
2905
2905
2810
2771
2793
2756
2726
2702
2726
2646
2646
2706
2706
2818
2793
2880
2878
2890
2866
2855
2898
2902
2806
2822
2707
2754
2872
2900
2918
2854
2861
2836
2793
2795
2788
2817
2818
2835
2799
2798
2919
2900
2892
2891
2923
2870
2903
2966
2934
2906
2874
2859
2934
3047
3043
2928
2919
2952
2912
2881
2886
2847
2766
2820
2848
2779
2828
2863
2862
2862
2808
2808
2815
2882
2818
2833
2844
2866
2845
2787
2779
2863
2776
2795
2808
2894
2894
2837
2762
2800
2800
2802
2823
2791
2813
2780
2899
2989
2950
2876
2879
2979
2857
2907
2781
2751
2746
2727
2739
2683
2791
2772
2872
2859
2803
2790
2844
2844
2754
2815
2774
2769
2731
2715
2841
2904
2983
2873
2848
2920
2904
2868
2868
2838
2838
2838
2876
2871
2802
2732
2764
2769
2759
2739
2751
2731
2753
2753
2716
2660
2700
2612
2687
2724
2821
2724
2765
2774
2800
2776
2784
2796
2786
2845
2836
2819
2833
2787
2782
2782
2814
2926
2865
2846
2850
2832
2839
2902
2895
2906
2880
2817
2791
2805
2802
2802
2691
2733
2723
2930
2908
2922
2921
2923
2842
2842
2821
2896
2923
2912
2868
2847
2803
2777
2710
2759
2762
2753
2778
2829
2844
2816
2880
2883
2784
2763
2726
2757
2810
2872
2879
2799
2842
2863
2813
2922
2909
2922
2850
2749
2800
2756
2735
2781
2751
2744
2735
2671
2655
2727
2727
2696
2696
2688
2688
2707
2675
2675
2688
2697
2676
2703
2846
2854
2834
2773
2767
2760
2773
2746
2790
2758
2715
2780
2614
2614
2614
2638
2653
2643
2757
2727
2727
2696
2646
2646
2641
2711
2697
2788
2816
2803
2944
2866
2834
2767
2800
2784
2810
2810
2763
2688
2761
2738
2750
2807
2750
2767
2747
2740
2770
2781
2757
2812
2808
2880
2930
2984
2966
2865
2720
2726
2671
2671
2711
2671
2691
2784
2763
2757
2749
2821
2779
2779
2710
2709
2688
2690
2677
2707
2670
2676
2611
2636
2654
2666
2655
2791
2774
2740
2686
2729
2748
2729
2722
2683
2681
2786
2745
2714
2730
2714
2665
2665
2665
2758
2816
2816
2806
2768
2724
2740
2663
2689
2690
2943
2871
2869
2881
2925
2912
2916
2903
2880
2870
2890
2890
2972
3032
3025
3025
3025
2975
2865
2857
2786
2753
2813
2755
2757
2750
2751
2759
2830
2816
2831
2803
2757
2805
2767
2629
2637
2623
2675
2679
2646
2665
2638
2688
2661
2711
2646
2711
2711
2688
2688
2670
2667
2775
2784
2757
2788
2828
2815
2758
2746
2752
2752
2804
2804
2815
2906
2849
2797
2770
2837
2806
2852
2870
2872
2920
2929
2912
2968
2931
2892
2861
2824
2844
2899
2850
2768
2740
2849
2802
2801
2820
2748
2883
2840
2836
2740
2772
2772
2806
2783
2803
2677
2677
2642
2642
2641
2587
2545
2545
2618
2618
2654
2695
2732
2732
2709
2684
2678
2624
2675
2714
2739
2724
2724
2701
2755
2771
2737
2714
2754
2754
2750
2832
2807
2881
2906
2906
2820
2783
2824
2808
2836
2804
2892
2822
2882
2840
2772
2885
2885
2866
2854
2854
2841
2849
2866
2789
2801
2758
2709
2595
2559
2587
2587
2654
2637
2773
2773
2726
2829
2771
2781
2764
2781
2782
2779
2821
2736
2794
2763
2763
2764
2834
2803
2775
2751
2794
2787
2782
2759
2755
2850
2832
2827
2818
2835
2930
2884
2749
2794
2838
2810
2861
2880
2833
2896
2885
2795
2765
2753
2770
2761
2761
2747
2752
2741
2726
2752
2689
2689
2758
2760
2819
2825
2823
2852
2779
2792
2827
2750
2708
2808
2853
2844
2782
2683
2676
2694
2732
2694
2720
2705
2705
2782
2782
2781
2814
2799
2780
2726
2738
2757
2757
2766
2804
2804
2792
2792
2805
2805
2837
2839
2801
2764
2777
2694
2697
2717
2697
2683
2781
2795
2752
2803
2813
2740
2715
2716
2724
2722
2773
2761
2761
2721
2758
2763
2740
2786
2732
2774
2648
2614
2592
2585
2636
2637
2636
2623
2610
2686
2686
2796
2721
2762
2744
2820
2935
2919
3004
3004
2961
2949
3082
2790
2997
2939
2812
2792
2733
2790
2725
2728
2757
2757
2757
2748
2789
2737
2770
2824
2895
2912
2756
2773
2827
2786
2783
2746
2721
2784
2760
2760
2726
2707
2668
2724
2671
2755
2667
2667
2747
2757
2764
2735
2793
2782
2790
2780
2797
2707
2739
2719
2680
2668
2718
2750
2750
2676
2658
2663
2626
2568
2588
2541
2569
2601
2601
2623
2661
2661
2690
2708
2683
2688
2681
2681
2659
2761
2732
2685
2711
2748
2668
2696
2682
2682
2682
2643
2609
2695
2692
2702
2718
2761
2748
2673
2620
2620
2620
2858
2862
2852
2881
2862
2834
2797
2811
2810
2807
2808
2913
2920
2862
2851
2855
2869
2888
2863
2830
2790
2720
2774
2816
2828
2835
2770
2746
2617
2617
2617
2564
2551
2559
2547
2515
2537
2531
2533
2504
2557
2644
2706
2734
2775
2742
2696
2681
2569
2605
2578
2628
2628
2626
2614
2624
2600
2600
2612
2604
2580
2537
2603
2662
2673
2807
2673
2738
2596
2575
2575
2604
2604
2604
2628
2628
2628
2629
2629
2626
2579
2603
2560
2542
2578
2578
2531
2587
2694
2732
2645
2630
2634
2634
2573
2672
2626
2628
2628
2628
2605
2622
2640
2622
2622
2654
2760
2754
2754
2754
2692
2692
2692
2692
2644
2703
2637
2727
2643
2658
2716
2736
2752
2759
2752
2743
2701
2709
2759
2705
2705
2705
2628
2624
2624
2638
2603
2603
2664
2634
2604
2560
2556
2573
2573
2605
2587
2670
2613
2589
2569
2604
2672
2550
2622
2622
2603
2535
2533
2553
2606
2606
2576
2631
2624
2590
2562
2618
2625
2628
2679
2679
2751
2755
2755
2751
2762
2762
2859
2815
2859
2895
2895
2932
2923
2898
2922
2885
2771
2771
2755
2794
2794
2759
2815
2812
2813
2824
2820
2826
2803
2805
2805
2843
2859
2831
2793
2767
2897
2837
2837
2819
2804
2835
2835
2815
2748
2722
2810
2887
2800
2869
2853
2892
2820
2811
2731
2731
2749
2793
2793
2833
2787
2763
2767
2764
2747
2716
2746
2749
2830
2771
2799
2843
2896
2860
2850
2739
2761
2805
2806
2827
2835
2856
2789
2823
2806
2762
2763
2784
2792
2760
2804
2800
2807
2812
2775
2951
2992
2899
2949
2889
2873
2849
2751
2751
2748
2692
2730
2783
2701
2738
2794
2844
2885
2878
2878
2853
2835
2804
2833
2865
2956
2915
2894
2884
2884
2764
2733
2712
2757
2702
2667
2687
2736
2693
2676
2676
2676
2676
2710
2790
2793
2729
2733
2740
2756
2765
2787
2750
2687
2694
2690
2712
2712
2684
2726
2680
2706
2760
2729
2703
2682
2849
2834
2910
2903
2891
2768
2768
2684
2691
2724
2746
2841
2838
2838
2809
2811
2759
2735
2737
2777
2812
2763
2803
2817
2818
2719
2780
2781
2682
2662
2534
2555
2568
2568
2583
2662
2712
2746
2793
2747
2725
2662
2670
2757
2778
2755
2806
2847
2685
2685
2763
2805
2834
2856
2836
2889
2895
2895
2880
2828
2864
2894
2814
2816
2831
2843
2756
2765
2734
2741
2776
2776
2795
2856
2792
2774
2830
2929
2866
2834
2837
2808
2853
2853
2860
2825
2859
2822
2843
2853
2810
2815
2790
2760
2715
2710
2744
2716
2728
2757
2729
2600
2576
2614
2574
2558
2599
2638
2655
2639
2648
2648
2696
2656
2677
2589
2574
2581
2637
2674
2675
2675
2775
2757
2827
2811
2723
2595
2594
2583
2583
2583
2579
2562
2562
2531
2537
2497
2497
2489
2504
2590
2590
2590
2673
2684
2738
2709
2782
2782
2760
2734
2762
2678
2678
2696
2654
2654
2706
2706
2706
2713
2783
2783
2712
2723
2752
2743
2740
2739
2768
2681
2726
2710
2656
2707
2656
2679
2679
2808
2808
2777
2777
2780
2738
2710
2681
2768
2690
2751
2713
2748
2672
2707
2679
2679
2679
2677
2659
2693
2666
2691
2782
2746
2737
2731
2735
2681
2652
2724
2696
2708
2714
2715
2687
2671
2696
2699
2693
2643
2643
2669
2737
2767
2729
2724
2719
2653
2652
2691
2673
2718
2643
2636
2641
2769
2708
2742
2724
2662
2682
2685
2683
2776
2710
2731
2731
2678
2651
2674
2671
2635
2635
2639
2605
2605
2713
2795
2822
2711
2696
2748
2775
2776
2756
2628
2691
2691
2676
2623
2630
2611
2574
2564
2607
2619
2782
2805
2860
2767
2770
2840
2809
2831
2795
2747
2749
2779
2837
2875
2875
2974
2974
2950
3021
3068
2966
2987
3002
2929
2882
2908
2938
2860
2852
2900
2938
2803
2740
2871
2897
2831
2785
2792
2781
2815
2786
2797
2748
2751
2759
2722
2781
2735
2783
2756
2801
2778
2778
2766
2804
2786
2757
2739
2652
2588
2599
2798
2817
2892
2873
2817
2827
2887
2880
2779
2721
2692
2733
2733
2764
2796
2811
2799
2754
2712
2853
2853
2816
2896
2900
2900
2799
2795
2795
2800
2771
2844
2793
2782
2774
2741
2740
2773
2769
2851
2805
2814
2765
2656
2656
2656
2659
2652
2729
2730
2743
2796
2730
2769
2812
2812
2812
2872
2878
2780
2814
2828
2800
2859
2784
2768
2640
2637
2617
2753
2768
2768
2804
2774
2795
2795
2800
2800
2800
2784
2780
2756
2700
2706
2734
2641
2689
2718
2651
2727
2768
2738
2711
2808
2877
2847
2858
2759
2812
2767
2739
2821
2785
2785
2847
2847
2882
2880
2836
2826
2895
2869
2821
2861
2861
2802
2746
2791
2787
2729
2812
2778
2759
2746
2750
2759
2790
2751
2786
2818
2768
2811
2811
2794
2811
2794
2721
2770
2720
2745
2745
2684
2643
2661
2649
2657
2715
2715
2777
2810
2775
2682
2682
2682
2605
2581
2621
2624
2659
2707
2668
2692
2589
2637
2637
2625
2591
2601
2627
2664
2802
2802
2758
2714
2708
2708
2739
2614
2696
2753
2777
2739
2763
2781
2735
2736
2789
2789
2860
2881
2877
2877
2864
2886
2802
2803
2755
2763
2747
2745
2816
2788
2772
2716
2620
2590
2571
2699
2765
2793
2765
2793
2717
2714
2712
2774
2774
2770
2706
2720
2697
2657
2650
2690
2634
2691
2699
2708
2669
2703
2632
2663
2643
2738
2764
2752
2751
2751
2730
2774
2839
2828
2823
2758
2803
2803
2803
2891
2977
2955
2854
2854
2897
2819
2666
2679
2666
2674
2662
2664
2676
2667
2696
2710
2663
2707
2741
2748
2797
2739
2750
2710
2717
2695
2734
2734
2722
2712
2715
2717
2720
2756
2787
2787
2786
2837
2865
2769
2700
2757
2771
2765
2814
2824
2808
2808
2737
2721
2777
2744
2704
2706
2706
2695
2717
2725
2750
2729
2729
2747
2747
2666
2609
2630
2708
2611
2751
2660
2673
2733
2733
2682
2708
2708
2757
2757
2665
2614
2614
2614
2587
2603
2603
2608
2604
2584
2582
2744
2710
2610
2662
2726
2798
2741
2721
2670
2670
2614
2644
2644
2638
2624
2670
2673
2650
2660
2702
2704
2671
2671
2635
2652
2652
2627
2591
2584
2584
2584
2593
2634
2655
2731
2818
2818
2829
2777
2611
2594
2599
2671
2671
2619
2619
2622
2600
2665
2814
2838
2807
2810
2885
2878
2944
2903
2863
2721
2714
2723
2722
2647
2687
2658
2627
2627
2599
2599
2584
2638
2646
2576
2605
2629
2627
2627
2611
2611
2606
2613
2583
2556
2604
2539
2557
2557
2557
2625
2625
2751
2710
2792
2737
2693
2787
2787
2793
2827
2821
2895
2861
2860
2844
2889
2849
2827
2863
2856
2829
2843
2881
2784
2765
2736
2756
2658
2676
2687
2716
2754
2765
2810
2804
2732
2688
2678
2628
2628
2592
2587
2587
2629
2658
2733
2718
2659
2686
2714
2737
2730
2730
2715
2698
2670
2709
2709
2719
2736
2812
2742
2891
2717
2736
2719
2632
2632
2701
2737
2805
2839
2785
2900
2850
2786
2743
2727
2765
2783
2743
2802
2824
2821
2774
2698
2637
2665
2700
2680
2694
2697
2692
2692
2802
2807
2809
2824
2756
2790
2796
2810
2757
2766
2803
2860
2881
2863
2829
2836
2755
2721
2820
2717
2730
2767
2801
2801
2801
2743
2822
2822
2814
2814
2802
2832
2873
2768
2790
2849
2849
2773
2773
2695
2704
2654
2712
2721
2750
2827
2746
2757
2758
2744
2764
2764
2691
2680
2680
2679
2721
2680
2690
2670
2776
2788
2766
2814
2791
2843
2854
2820
2783
2765
2765
2709
2725
2672
2759
2747
2774
2712
2733
2583
2638
2631
2631
2640
2662
2675
2680
2680
2686
2639
2667
2616
2664
2588
2589
2693
2609
2604
2656
2667
2680
2701
2759
2699
2636
2612
2672
2715
2715
2703
2719
2732
2700
2821
2830
2832
2767
2758
2768
2754
2754
2745
2843
2811
2870
2781
2852
2819
2762
2754
2804
2800
2825
2796
2805
2868
2810
2785
2783
2779
2737
2667
2667
2669
2664
2664
2664
2753
2753
2791
2748
2859
2819
2805
2813
2770
2743
2744
2637
2654
2666
2639
2625
2621
2618
2631
2631
2628
2630
2853
2722
2791
2888
2938
2951
2928
2945
2928
2938
2889
2911
2908
2887
2887
2944
2965
2926
2830
2929
2817
2757
2715
2727
2761
2760
2734
2739
2734
2814
2814
2814
2731
2725
2739
2723
2720
2720
2789
2771
2776
2709
2738
2738
2772
2761
2759
2726
2721
2765
2771
2718
2850
2817
2884
2908
2928
2821
2857
2878
2820
2820
2857
2845
2825
2866
2854
2894
2906
2822
2803
2708
2690
2694
2669
2607
2647
2592
2618
2618
2618
2614
2551
2584
2584
2665
2717
2735
2828
2871
2797
2770
2762
2813
2816
2816
2787
2789
2824
2813
2778
2757
2763
2746
2711
2738
2719
2751
2773
2753
2792
2818
2775
2799
2805
2843
2843
2845
2802
2802
2814
2833
2814
2750
2724
2724
2793
2768
2784
2784
2877
2845
2922
2944
2908
2908
2870
2907
2864
2827
2893
2827
2827
2825
2789
2825
2899
2876
2791
2791
2744
2779
2845
2849
2864
2826
2772
2754
2902
2832
2837
2790
2686
2763
2763
2778
2697
2719
2701
2756
2759
2729
2756
2756
2787
2787
2740
2821
2813
2821
2835
2835
2798
2798
2768
2762
2762
2734
2674
2654
2639
2723
2702
2628
2610
2582
2582
2607
2688
2688
2688
2611
2611
2669
2575
2575
2636
2636
2620
2688
2640
2607
2600
2647
2647
2643
2721
2764
2721
2670
2729
2710
2705
2849
2884
2885
2832
2832
2861
2872
2844
2844
2852
2839
2989
2882
2864
2804
2812
2810
2862
2862
2883
2835
2858
2849
2878
2948
2908
2881
2920
2932
2890
2931
2981
2923
2900
2897
2937
2861
2973
2907
2907
2947
2898
2934
2907
2907
2932
2978
2951
2951
2756
2719
2701
2747
2717
2702
2730
2722
2722
2844
2804
2867
2849
2886
2844
2824
2785
2758
2792
2749
2776
2837
2788
2797
2788
2783
2769
2793
2793
2767
2749
2774
2761
2819
2769
2769
2778
2821
2832
2809
2787
2776
2792
2642
2642
2749
2775
2752
2764
2793
2793
2822
2814
2800
2764
2764
2701
2660
2666
2710
2764
2764
2785
2827
2755
2737
2691
2720
2760
2783
2787
2750
2733
2762
2807
2831
2653
2706
2665
2633
2560
2552
2581
2570
2547
2601
2586
2604
2609
2614
2615
2644
2585
2574
2574
2638
2616
2568
2665
2689
2749
2689
2656
2626
2621
2621
2596
2596
2582
2642
2627
2790
2790
2855
2855
2924
2944
2911
2891
2880
2876
2845
2848
2848
2858
2871
2866
2851
2866
2877
2828
2846
2852
2842
2884
2842
2831
2798
2790
2846
2849
2884
2891
2904
2963
2877
2930
2877
2877
2822
2810
2804
2925
2961
2820
2819
2819
2786
2745
2745
2732
2750
2727
2727
2740
2724
2793
2723
2672
2715
2697
2733
2715
2685
2682
2685
2685
2649
2649
2699
2699
2699
2699
2649
2658
2653
2689
2659
2727
2774
2703
2696
2696
2723
2675
2723
2694
2694
2667
2651
2712
2749
2749
2793
2793
2810
2805
2838
2824
2824
2824
2859
2813
2823
2839
2839
2802
2796
2854
2853
2843
2843
2843
2806
2790
2790
2815
2738
2706
2687
2701
2697
2684
2684
2691
2736
2736
2767
2706
2704
2722
2672
2721
2683
2690
2721
2728
2728
2764
2764
2764
2764
2729
2729
2729
2751
2743
2578
2570
2719
2676
2676
2653
2648
2611
2611
2656
2697
2750
2821
2813
2806
2740
2701
2656
2714
2708
2695
2641
2631
2616
2640
2673
2668
2693
2693
2693
2693
2710
2708
2737
2737
2706
2706
2701
2657
2659
2666
2689
2695
2794
2837
2809
2788
2878
2898
2873
2867
2830
2793
2817
2817
2808
2808
2822
2840
2823
2877
2836
2809
2843
2851
2820
2809
2829
2829
2835
2716
2696
2712
2712
2727
2707
2707
2707
2730
2814
2814
2790
2790
2804
2755
2730
2684
2684
2738
2749
2749
2749
2728
2733
2733
2733
2750
2707
2707
2707
2707
2713
2688
2688
2688
2688
2696
2701
2701
2710
2844
2808
2709
2701
2756
2774
2806
2816
2744
2698
2716
2676
2641
2694
2659
2642
2642
2753
2742
2696
2714
2704
2704
2691
2713
2756
2787
2828
2727
2771
2752
2713
2713
2671
2707
2642
2575
2607
2632
2650
2653
2653
2640
2618
2638
2706
2709
2709
2729
2713
2713
2713
2713
2782
2702
2663
2663
2695
2681
2785
2786
2790
2772
2678
2696
2696
2696
2677
2725
2759
2725
2782
2772
2778
2701
2645
2664
2643
2672
2631
2645
2645
2621
2642
2709
2666
2661
2661
2588
2617
2652
2619
2610
2569
2656
2642
2621
2642
2615
2604
2646
2670
2652
2652
2640
2663
2642
2594
2614
2576
2582
2572
2601
2598
2612
2620
2620
2631
2667
2661
2652
2637
2695
2685
2825
2853
2847
2854
2799
2740
2740
2702
2702
2702
2669
2644
2647
2624
2596
2621
2621
2643
2643
2603
2603
2603
2600
2595
2595
2595
2595
2659
2664
2671
2610
2606
2680
2676
2632
2631
2631
2635
2648
2768
2722
2635
2635
2635
2768
2762
2812
2775
2775
2780
2717
2732
2750
2760
2836
2750
2738
2832
2799
2746
2745
2745
2745
2785
2749
2749
2749
2749
2761
2748
2671
2652
2629
2629
2582
2582
2632
2632
2664
2638
2638
2677
2602
2616
2644
2638
2607
2586
2586
2620
2628
2623
2636
2636
2629
2629
2685
2698
2653
2653
2619
2678
2647
2639
2670
2645
2662
2733
2733
2713
2713
2686
2686
2686
2697
2699
2715
2633
2633
2784
2784
2775
2756
2721
2748
2748
2782
2782
2805
2696
2744
2686
2686
2705
2690
2741
2711
2711
2657
2662
2668
2668
2663
2665
2655
2664
2789
2860
2759
2738
2763
2798
2798
2785
2762
2770
2770
2749
2861
2825
2829
2779
2771
2771
2740
2736
2736
2711
2711
2756
2801
2758
2770
2770
2774
2774
2780
2788
2780
2746
2785
2784
2763
2657
2698
2620
2659
2651
2607
2607
2591
2596
2670
2666
2675
2675
2670
2739
2756
2731
2686
2716
2711
2628
2728
2698
2675
2735
2774
2702
2693
2709
2678
2757
2757
2752
2702
2693
2677
2677
2678
2704
2703
2703
2691
2782
2834
2778
2778
2772
2772
2758
2797
2819
2762
2826
2826
2803
2772
2707
2645
2648
2648
2661
2669
2712
2712
2743
2691
2664
2681
2667
2667
2667
2711
2684
2760
2716
2716
2783
2778
2874
2859
2827
2872
2807
2680
2666
2656
2776
2776
2656
2736
2740
2731
2660
2700
2700
2716
2715
2711
2748
2780
2796
2735
2764
2764
2764
2680
2680
2732
2809
2778
2751
2871
2931
2940
2890
2871
2855
2811
2754
2722
2722
2729
2729
2740
2749
2723
2759
2759
2733
2709
2647
2647
2635
2697
2682
2639
2640
2635
2696
2651
2655
2667
2708
2657
2812
2687
2680
2719
2719
2808
2813
2750
2794
2731
2757
2739
2737
2747
2747
2732
2724
2673
2708
2637
2649
2637
2664
2652
2652
2652
2652
2706
2716
2716
2716
2747
2715
2768
2734
2788
2695
2641
2678
2684
2674
2681
2681
2681
2681
2681
2712
2712
2672
2636
2776
2776
2754
2754
2745
2736
2697
2697
2717
2717
2622
2622
2727
2661
2678
2661
2639
2728
2724
2769
2714
2770
2770
2733
2764
2764
2786
2806
2723
2723
2670
2672
2685
2685
2706
2709
2712
2633
2633
2721
2731
2701
2678
2678
2690
2663
2663
2663
2663
2706
2706
2647
2700
2691
2690
2690
2615
2627
2674
2735
2751
2702
2661
2630
2630
2710
2698
2701
2719
2737
2714
2747
2747
2722
2773
2797
2853
2778
2724
2724
2724
2724
2724
2701
2673
2668
2673
2710
2698
2692
2660
2660
2660
2660
2660
2658
2644
2707
2642
2673
2666
2666
2666
2636
2636
2659
2659
2659
2681
2728
2728
2685
2599
2599
2599
2657
2707
2633
2613
2586
2608
2631
2636
2704
2704
2644
2673
2654
2691
2703
2867
2864
2898
2898
2898
2764
2813
2895
2933
2816
2812
2848
2848
2846
2846
2831
2831
2828
2777
2730
2702
2725
2678
2670
2670
2670
2764
2778
2713
2713
2713
2713
2621
2538
2624
2647
2609
2555
2641
2624
2624
2608
2598
2598
2647
2635
2613
2613
2620
2640
2674
2630
2559
2555
2555
2605
2605
2605
2605
2605
2607
2665
2629
2629
2629
2629
2664
2664
2662
2646
2608
2628
2623
2586
2555
2548
2606
2616
2565
2577
2577
2601
2600
2648
2641
2617
2631
2630
2624
2622
2596
2598
2627
2627
2586
2586
2594
2649
2649
2649
2649
2727
2688
2683
2688
2648
2648
2648
2667
2652
2652
2652
2712
2712
2700
2684
2684
2684
2672
2716
2716
2725
2707
2769
2777
2777
2777
2777
2763
2765
2742
2742
2742
2733
2764
2737
2734
2716
2716
2789
2789
2789
2773
2722
2680
2709
2721
2703
2709
2709
2688
2623
2623
2626
2647
2632
2605
2715
2647
2551
2585
2598
2614
2603
2603
2603
2687
2627
2627
2645
2605
2727
2656
2715
2636
2667
2661
2648
2668
2673
2642
2642
2637
2637
2606
2615
2626
2708
2708
2594
2638
2650
2659
2608
2556
2564
2564
2564
2582
2579
2540
2540
2540
2540
2561
2632
2633
2656
2656
2682
2668
2620
2616
2616
2616
2604
2578
2578
2578
2578
2553
2623
2555
2555
2555
2539
2577
2572
2595
2593
2597
2597
2597
2640
2642
2708
2708
2679
2705
2720
2676
2622
2622
2613
2711
2711
2709
2709
2709
2730
2756
2772
2751
2749
2713
2708
2708
2692
2692
2674
2672
2672
2664
2664
2746
2709
2690
2704
2702
2783
2736
2736
2736
2663
2765
2765
2718
2674
2668
2739
2631
2631
2655
2693
2651
2654
2654
2654
2638
2638
2638
2642
2628
2640
2588
2674
2701
2675
2675
2675
2683
2703
2703
2637
2637
2635
2635
2719
2703
2712
2727
2785
2757
2723
2723
2722
2685
2714
2623
2605
2577
2634
2597
2690
2690
2703
2688
2688
2688
2688
2688
2688
2675
2675
2632
2681
2617
2617
2617
2737
2693
2666
2660
2661
2661
2710
2756
2713
2706
2706
2723
2790
2790
2790
2771
2811
2811
2811
2710
2710
2710
2691
2691
2681
2705
2694
2755
2752
2712
2706
2706
2706
2706
2769
2752
2677
2671
2673
2686
2656
2656
2703
2786
2650
2675
2653
2595
2620
2617
2620
2613
2634
2600
2600
2578
2595
2595
2590
2552
2588
2579
2634
2655
2591
2654
2626
2632
2632
2626
2724
2714
2690
2688
2645
2616
2663
2666
2697
2640
2648
2648
2640
2640
2659
2659
2663
2663
2663
2723
2723
2723
2700
2700
2789
2757
2692
2692
2619
2619
2679
2679
2653
2708
2700
2717
2731
2731
2731
2813
2796
2752
2796
2823
2823
2831
2854
2850
2856
2841
2841
2841
2835
2835
2821
2829
2829
2824
2820
2820
2825
2838
2738
2667
2627
2650
2650
2650
2650
2650
2640
2640
2622
2572
2600
2600
2591
2659
2660
2660
2665
2665
2665
2733
2733
2693
2684
2684
2693
2693
2693
2641
2625
2624
2683
2678
2592
2660
2628
2521
2521
2518
2518
2566
2566
2566
2543
2613
2597
2580
2591
2637
2629
2635
2590
2590
2590
2489
2509
2478
2478
2530
2530
2563
2563
2563
2563
2630
2654
2613
2636
2650
2643
2643
2643
2649
2642
2626
2609
2631
2625
2625
2607
2607
2648
2624
2638
2629
2629
2682
2662
2729
2703
2651
2651
2643
2620
2620
2624
2624
2594
2588
2588
2593
2593
2606
2606
2606
2652
2627
2669
2669
2669
2704
2640
2622
2622
2622
2622
2622
2587
2586
2610
2595
2595
2595
2582
2601
2601
2601
2601
2630
2630
2650
2631
2678
2678
2624
2629
2629
2631
2691
2703
2647
2625
2625
2612
2612
2641
2641
2641
2641
2681
2681
2576
2576
2578
2578
2619
2619
2601
2629
2629
2632
2616
2689
2583
2609
2690
2712
2712
2706
2668
2668
2668
2636
2642
2704
2677
2678
2690
2690
2690
2695
2643
2643
2674
2674
2674
2670
2687
2687
2684
2657
2657
2657
2636
2636
2605
2605
2626
2612
2612
2631
2645
2685
2617
2653
2653
2598
2682
2659
2659
2661
2647
2647
2637
2610
2593
2600
2609
2609
2601
2590
2590
2590
2618
2608
2575
2580
2580
2580
2580
2580
2648
2623
2623
2597
2597
2597
2589
2588
2560
2614
2563
2643
2653
2653
2644
2620
2704
2704
2695
2695
2695
2696
2728
2694
2647
2628
2628
2665
2657
2690
2709
2709
2709
2708
2708
2653
2604
2604
2595
2592
2524
2524
2524
2590
2639
2692
2692
2677
2657
2677
2683
2683
2639
2592
2617
2617
2557
2516
2543
2558
2558
2558
2558
2561
2607
2586
2615
2668
2668
2719
2719
2719
2719
2686
2690
2622
2563
2568
2568
2568
2557
2557
2557
2557
2557
2559
2559
2605
2619
2601
2578
2521
2521
2553
2596
2650
2650
2650
2650
2650
2681
2732
2740
2730
2655
2664
2779
2765
2765
2713
2743
2787
2705
2720
2697
2697
2694
2694
2699
2699
2699
2678
2742
2722
2722
2656
2656
2673
2673
2679
2696
2651
2595
2625
2629
2656
2674
2680
2734
2734
2734
2740
2798
2762
2748
2793
2850
2850
2806
2819
2819
2850
2850
2770
2782
2782
2739
2739
2740
2807
2859
2839
2839
2750
2784
2784
2645
2618
2618
2618
2623
2704
2714
2714
2784
2741
2714
2682
2737
2737
2737
2737
2714
2729
2703
2734
2734
2739
2647
2647
2647
2647
2672
2672
2799
2780
2806
2764
2758
2758
2756
2804
2745
2745
2745
2745
2749
2746
2757
2757
2757
2757
2746
2754
2756
2750
2821
2772
2787
2757
2748
2737
2769
2780
2769
2698
2698
2698
2718
2742
2742
2742
2778
2805
2805
2790
2743
2689
2678
2696
2730
2749
2697
2668
2640
2640
2640
2641
2617
2617
2660
2665
2665
2670
2670
2627
2720
2655
2655
2659
2565
2651
2651
2685
2694
2656
2589
2599
2612
2724
2724
2724
2704
2594
2614
2614
2614
2614
2602
2602
2602
2558
2582
2582
2552
2552
2559
2590
2590
2560
2556
2556
2521
2521
2521
2583
2574
2524
2538
2538
2538
2569
2569
2569
2566
2566
2600
2658
2648
2675
2685
2694
2665
2665
2655
2655
2655
2644
2585
2616
2614
2572
2576
2576
2576
2576
2576
2563
2560
2560
2593
2593
2583
2583
2616
2584
2584
2700
2714
2800
2800
2827
2749
2749
2732
2732
2732
2659
2665
2665
2692
2692
2694
2694
2710
2677
2664
2664
2664
2650
2617
2617
2616
2616
2620
2542
2542
2542
2527
2527
2527
2527
2514
2573
2618
2616
2573
2567
2531
2524
2524
2524
2517
2581
2645
2645
2644
2634
2599
2599
2599
2632
2575
2453
2453
2453
2453
2509
2509
2490
2490
2566
2605
2571
2587
2587
2587
2601
2601
2601
2559
2586
2586
2618
2623
2591
2591
2604
2651
2652
2677
2662
2685
2698
2680
2680
2682
2670
2670
2682
2664
2623
2623
2623
2623
2607
2665
2665
2665
2665
2665
2665
2665
2689
2689
2689
2689
2661
2676
2710
2645
2645
2645
2633
2633
2687
2691
2581
2548
2548
2548
2548
2597
2597
2597
2597
2597
2572
2572
2579
2571
2573
2573
2573
2561
2578
2578
2586
2586
2578
2578
2578
2578
2578
2626
2626
2639
2696
2696
2630
2663
2651
2651
2625
2605
2605
2594
2611
2611
2612
2612
2612
2681
2696
2696
2728
2728
2706
2706
2677
2699
2688
2681
2641
2641
2645
2644
2580
2558
2592
2568
2568
2568
2677
2592
2592
2592
2625
2610
2610
2610
2682
2683
2690
2690
2675
2665
2716
2716
2716
2708
2700
2700
2700
2700
2700
2700
2703
2750
2784
2784
2854
2854
2731
2742
2742
2742
2740
2694
2659
2641
2657
2568
2594
2594
2594
2686
2686
2653
2653
2647
2638
2597
2626
2626
2650
2650
2632
2636
2602
2602
2602
2602
2602
2618
2618
2607
2489
2530
2542
2620
2618
2595
2629
2629
2580
2580
2580
2580
2580
2620
2620
2620
2579
2579
2579
2579
2579
2579
2579
2579
2634
2634
2623
2623
2623
2623
2623
2623
2608
2611
2611
2621
2620
2620
2620
2625
2625
2600
2600
2644
2709
2678
2633
2719
2738
2699
2680
2680
2641
2679
2679
2643
2621
2621
2621
2621
2593
2580
2592
2592
2592
2655
2655
2666
2598
2582
2582
2626
2582
2582
2582
2659
2659
2647
2651
2621
2621
2621
2621
2669
2669
2669
2669
2679
2680
2680
2639
2685
2640
2651
2655
2592
2592
2600
2594
2594
2594
2601
2593
2593
2593
2593
2593
2593
2625
2618
2618
2618
2644
2621
2599
2583
2583
2612
2612
2582
2583
2593
2597
2597
2584
2596
2601
2601
2601
2587
2587
2587
2587
2617
2610
2610
2610
2610
2610
2633
2662
2651
2666
2656
2607
2579
2555
2556
2556
2556
2556
2556
2531
2531
2531
2574
2574
2574
2550
2580
2644
2597
2597
2597
2580
2584
2631
2632
2612
2612
2581
2581
2615
2628
2639
2625
2625
2625
2640
2656
2656
2597
2565
2565
2565
2578
2578
2578
2578
2641
2641
2641
2596
2623
2621
2621
2575
2575
2552
2566
2580
2580
2559
2579
2579
2579
2579
2579
2579
2579
2579
2579
2583
2527
2527
2527
2527
2583
2579
2606
2605
2605
2605
2623
2576
2576
2570
2570
2559
2559
2559
2559
2566
2579
2538
2538
2499
2499
2499
2499
2499
2499
2508
2508
2553
2527
2566
2551
2540
2563
2577
2577
2577
2565
2538
2538
2538
2538
2538
2538
2538
2538
2538
2538
2538
2538
2560
2539
2531
2531
2533
2533
2571
2566
2566
2566
2621
2621
2621
2621
2642
2642
2646
2623
2623
2632
2596
2596
2596
2596
2596
2596
2596
2605
2605
2605
2605
2666
2715
2681
2637
2601
2598
2588
2579
2579
2563
2563
2563
2563
2576
2576
2576
2605
2635
2635
2635
2635
2635
2658
2628
2628
2642
2666
2681
2654
2660
2660
2630
2630
2630
2611
2580
2535
2535
2535
2535
2535
2535
2556
2581
2610
2610
2610
2580
2580
2580
2571
2621
2607
2644
2665
2666
2666
2624
2646
2646
2642
2642
2671
2666
2639
2639
2639
2639
2639
2639
2639
2638
2594
2594
2575
2575
2590
2561
2561
2542
2542
2542
2542
2542
2527
2527
2527
2527
2527
2488
2529
2598
2598
2521
2551
2593
2624
2614
2582
2576
2576
2589
2589
2589
2589
2589
2589
2589
2589
2589
2589
2636
2636
2636
2636
2665
2689
2713
2708
2753
2753
2753
2753
2733
2667
2667
2667
2639
2639
2639
2639
2633
2633
2626
2626
2611
2611
2611
2611
2611
2608
2608
2584
2584
2584
2584
2584
2584
2584
2572
2572
2572
2572
2572
2572
2572
2565
2575
2575
2567
2567
2583
2622
2655
2622
2601
2601
2601
2637
2633
2623
2622
2576
2607
2607
2607
2639
2566
2566
2579
2579
2577
2577
2577
2544
2544
2544
2544
2544
2548
2548
2548
2548
2548
2552
2555
2568
2568
2558
2558
2510
2510
2510
2510
2510
2516
2514
2514
2514
2536
2525
2525
2525
2547
2547
2565
2589
2591
2591
2591
2591
2637
2621
2635
2635
2635
2635
2635
2647
2649
2649
2648
2663
2663
2696
2717
2717
2721
2734
2711
2724
2724
2724
2720
2720
2695
2688
2706
2666
2666
2723
2723
2705
2705
2705
2676
2676
2676
2678
2678
2688
2646
2671
2671
2677
2677
2650
2650
2650
2634
2615
2615
2615
2615
2627
2611
2611
2611
2611
2611
2661
2668
2668
2668
2664
2590
2579
2539
2529
2507
2507
2507
2507
2518
2518
2518
2518
2518
2518
2518
2518
2518
2518
2532
2513
2513
2513
2520
2540
2546
2546
2539
2564
2564
2548
2548
2548
2548
2541
2541
2516
2516
2516
2516
2516
2513
2513
2513
2513
2519
2540
2540
2468
2468
2493
2493
2493
2493
2493
2493
2489
2542
2542
2496
2552
2552
2552
2552
2552
2565
2565
2561
2559
2559
2559
2559
2559
2559
2561
2561
2559
2521
2562
2562
2562
2562
2575
2575
2575
2554
2554
2554
2554
2554
2554
2555
2555
2555
2542
2524
2524
2556
2556
2556
2556
2556
2552
2541
2541
2541
2541
2541
2541
2541
2541
2541
2541
2601
2550
2550
2550
2550
2548
2551
2551
2551
2551
2575
2575
2562
2548
2507
2521
2521
2521
2535
2535
2535
2525
2525
2518
2518
2518
2517
2517
2517
2577
2577
2585
2585
2587
2587
2575
2553
2553
2553
2558
2558
2558
2558
2542
2542
2546
2546
2546
2577
2564
2564
2564
2564
2564
2584
2584
2584
2584
2584
2584
2584
2607
2630
2630
2617
2617
2620
2605
2605
2596
2596
2596
2596
2596
2628
2628
2628
2668
2637
2655
2655
2631
2631
2614
2614
2614
2652
2652
2652
2652
2664
2664
2664
2664
2614
2609
2609
2609
2609
2609
2615
2657
2671
2640
2640
2608
2606
2605
2584
2587
2587
2587
2587
2584
2584
2584
2584
2584
2588
2564
2549
2549
2549
2549
2549
2549
2549
2550
2550
2550
2550
2550
2550
2560
2547
2547
2593
2593
2600
2600
2600
2554
2562
2538
2538
2538
2538
2538
2538
2538
2538
2523
2523
2523
2523
2509
2509
2509
2509
2509
2509
2489
2489
2489
2489
2489
2532
2532
2532
2532
2545
2545
2534
2534
2534
2534
2534
2534
2534
2534
2522
2512
2512
2512
2523
2533
2533
2533
2533
2545
2545
2531
2531
2531
2531
2532
2532
2532
2532
2516
2509
2517
2517
2565
2565
2564
2577
2565
2544
2544
2529
2529
2529
2562
2523
2560
2560
2533
2532
2532
2532
2532
2532
2532
2532
2532
2532
2519
2519
2533
2533
2540
2555
2560
2560
2560
2560
2560
2560
2560
2560
2555
2592
2604
2629
2629
2629
2674
2674
2629
2620
2620
2623
2624
2644
2644
2651
2651
2651
2651
2651
2652
2652
2659
2659
2659
2647
2647
2607
2607
2607
2607
2608
2608
2608
2607
2607
2607
2607
2607
2626
2626
2626
2626
2626
2571
2569
2563
2603
2603
2603
2601
2601
2592
2592
2600
2595
2595
2634
2616
2656
2656
2656
2656
2656
2631
2646
2640
2640
2636
2636
2638
2638
2632
2632
2643
2597
2597
2601
2601
2585
2585
2593
2595
2595
2582
2582
2582
2564
2564
2564
2564
2564
2564
2564
2564
2577
2577
2577
2577
2603
2603
2598
2598
2598
2598
2655
2625
2625
2625
2649
2649
2649
2654
2586
2586
2586
2586
2586
2586
2586
2586
2586
2581
2581
2586
2586
2586
2586
2586
2586
2560
2560
2562
2575
2575
2575
2559
2559
2555
2555
2555
2555
2555
2555
2555
2542
2542
2543
2543
2543
2543
2543
2543
2543
2543
2543
2543
2543
2570
2570
2570
2570
2570
2570
2570
2547
2547
2550
2586
2586
2586
2586
2586
2586
2586
2586
2586
2586
2586
2567
2567
2567
2567
2567
2539
2539
2539
2546
2546
2568
2568
2567
2568
2558
2558
2563
2563
2563
2551
2551
2551
2551
2551
2551
2551
2551
2551
2542
2542
2542
2542
2542
2542
2542
2528
2528
2528
2528
2528
2528
2528
2528
2528
2528
2528
2528
2528
2528
2528
2528
2528
2596
2608
2608
2608
2608
2593
2568
2568
2568
2568
2568
2568
2549
2548
2548
2548
2548
2548
2548
2566
2566
2603
2612
2612
2612
2612
2612
2612
2614
2614
2614
2614
2608
2608
2608
2608
2608
2606
2606
2606
2606
2606
2606
2606
2603
2622
2622
2599
2599
2599
2593
2559
2559
2559
2559
2559
2559
2581
2581
2581
2581
2581
2581
2592
2592
2592
2592
2592
2592
2586
2586
2586
2586
2586
2586
2586
2586
2586
2602
2602
2602
2601
2596
2578
2578
2578
2578
2578
2578
2578
2578
2578
2578
2578
2578
2579
2579
2579
2579
2579
2579
2579
2579
2579
2578
2586
2586
2586
2586
2586
2583
2583
2583
2586
2586
2591
2591
2591
2580
2559
2571
2572
2572
2570
2570
2570
2570
2594
2594
2557
2549
2549
2543
2520
2520
2520
2505
2509
2509
2525
2525
2525
2525
2525
2514
2514
2514
2514
2514
2514
2514
2514
2514
2514
2514
2514
2514
2514
2514
2538
2538
2538
2538
2538
2538
2532
2532
2532
2532
2532
2532
2532
2532
2532
2532
2532
2532
2532
2532
2532
2515
2515
2515
2515
2515
2515
2515
2515
2515
2515
2515
2479
2479
2479
2479
2459
2459
2459
2459
2459
2459
2456
2456
2456
2456
2456
2456
2456
2456
2456
2456
2456
2456
2456
2456
2471
2471
2471
2477
2487
2491
2491
2454
2454
2454
2454
2461
2461
2445
2445
2455
2455
2455
2455
2458
2458
2458
2450
2411
2411
2411
2411
2411
2411
2411
2411
2411
2411
2411
2411
2411
2411
2411
2411
2411
2411
2411
2411
2411
2411
2411
2411
2411
2411
2411
2411
2411
2411
2411
2411
2411
2411
2414
2414
2414
2414
2414
2414
2414
2439
2439
2439
2466
2454
2454
2454
2454
2475
2475
2472
2472
2472
2472
2472
2472
2472
2481
2481
2481
2481
2487
2498
2498
2498
2498
2498
2527
2516
2503
2503
2488
2488
2488
2488
2488
2488
2488
2488
2488
2488
2488
2478
2478
2486
2486
2486
2512
2524
2524
2524
2499
2499
2499
2508
2508
2511
2511
2511
2486
2514
2514
2486
2486
2486
2486
2486
2486
2486
2486
2486
2486
2486
2486
2486
2486
2486
2486
2486
2486
2471
2471
2471
2491
2491
2473
2473
2473
2473
2473
2473
2473
2473
2473
2473
2473
2473
2473
2473
2473
2473
2473
2473
2473
2473
2473
2473
2481
2481
2481
2481
2481
2481
2481
2481
2481
2481
2449
2449
2449
2457
2423
2423
2423
2423
2423
2423
2389
2389
2389
2389
2389
2389
2389
2389
2389
2389
2389
2389
2389
2389
2389
2389
2389
2389
2389
2389
2389
2389
2384
2384
2384
2384
2379
2379
2379
2379
2379
2379
2379
2379
2379
2379
2379
2398
2398
2398
2398
2398
2396
2374
2374
2374
2380
2380
2380
2380
2380
2380
2380
2380
2369
2369
2369
2369
2369
2369
2369
2369
2369
2357
2357
2357
2357
2357
2357
2357
2357
2357
2357
2357
2357
2357
2357
2357
2357
2357
2357
2357
2364
2364
2364
2364
2364
2364
2364
2364
2364
2364
2364
2364
2364
2364
2364
2364
2364
2364
2364
2364
2364
2364
2364
2364
2364
2364
2364
2364
2364
2364
2365
2365
2365
2365
2365
2365
2365
2365
2365
2365
2365
2365
2365
2365
2365
2365
2365
2365
2365
2365
2365
2365
2365
2365
2365
2365
2365
2365
2365
2365
2365
2365
2365
2365
2365
2365
2365
2365
2365
2365
2365
2365
2365
2365
2365
2365
2365
2365
2365
2365
2365
2365
2365
2365
2365
2365
2365
2365
2365
2365
2365
2370
2370
2370
2370
2370
2370
2370
2364
2364
2364
2364
2364
2364
2364
2364
2364
2364
2364
2364
2364
2364
2364
2364
2364
2364
2364
2364
2364
2364
2364
2364
2364
2364
2364
2364
2364
2364
2364
2364
2364
2364
2364
2364
2364
2364
2364
2364
2364
2364
2364
2364
2364
2364
2364
2364
2364
2364
2364
2364
2364
2364
2364
2364
2364
2364
2364
2364
2364
2364
2364
2364
2364
2364
2364
2364
2364
2364
2364
2364
2364
2364
2364
2364
2364
2364
2364
2364
2364
2364
2364
2366
2366
2366
2366
2366
2366
2366
2366
2366
2366
2366
2366
2366
2366
2366
2366
2366
2366
2366
2366
2366
2366
2366
2366
2366
2366
2366
2366
2366
2366
2366
2366
2366
2366
2366
2366
2366
2366
2366
2372
2372
2372
2372
2372
2372
2372
2410
2410
2410
2410
2410
2410
2412
2412
2412
2412
2412
2412
2412
2412
2412
2412
2435
2435
2435
2435
2435
2435
2435
2435
2435
2435
2435
2435
2435
2435
2435
2435
2435
2435
2435
2435
2435
2435
2435
2435
2435
2435
2435
2435
2435
2435
2435
2435
2412
2412
2412
2412
2412
2412
2412
2412
2412
2412
2424
2424
2424
2424
2424
2424
2424
2424
2424
2424
2424
2421
2421
2421
2421
2421
2421
2421
2421
2425
2425
2425
2425
2425
2425
2425
2425
2421
2421
2421
2421
2421
2421
2408
2408
2408
2403
2403
2403
2403
2403
2403
2403
2403
2403
2403
2403
2403
2403
2403
2403
2407
2407
2407
2445
2445
2446
2433
2433
2433
2433
2433
2433
2433
2433
2433
2433
2433
2433
2433
2448
2448
2448
2448
2448
2448
2448
2448
2448
2448
2448
2448
2448
2448
2448
2448
2452
2452
2452
2452
2464
2464
2448
2448
2448
2448
2448
2448
2448
2448
2448
2448
2448
2422
2422
2402
2402
2402
2402
2418
2418
2418
2418
2418
2418
2418
2420
2420
2420
2420
2435
2418
2418
2418
2418
2418
2418
2418
2418
2418
2418
2418
2418
2418
2418
2418
2418
2418
2418
2418
2418
2418
2418
2418
2418
2418
2418
2418
2418
2418
2418
2418
2418
2418
2418
2418
2418
2418
2418
2418
2418
2418
2418
2418
2418
2418
2418
2418
2418
2418
2418
2418
2418
2418
2418
2418
2418
2418
2418
2418
2418
2418
2418
2418
2418
2418
2418
2418
2418
2418
2418
2418
2418
2418
2418
2418
2418
2418
2418
2418
2418
2418
2418
2418
2418
2418
2418
2411
2419
2419
2419
2419
2419
2419
2419
2419
2419
2419
2419
2419
2411
2411
2411
2411
2411
2411
2411
2411
2411
2411
2411
2411
2411
2411
2411
2410
2410
2410
2410
2410
2410
2410
2410
2410
2410
2410
2410
2410
2410
2410
2410
2410
2410
2410
2410
2410
2410
2410
2410
2410
2410
2444
2444
2444
2444
2444
2444
2444
2444
2444
2444
2456
2456
2456
2456
2456
2456
2456
2456
2456
2456
2456
2451
2440
2440
2440
2440
2440
2440
2434
2434
2434
2434
2434
2434
2434
2434
2434
2434
2434
2434
2434
2434
2434
2434
2434
2434
2434
2434
2434
2434
2434
2434
2434
2432
2432
2432
2423
2423
2423
2423
2423
2423
2423
2432
2433
2433
2433
2433
2433
2433
2433
2433
2433
2433
2433
2405
2405
2405
2405
2405
2405
2405
2399
2399
2399
2399
2399
2399
2399
2399
2399
2399
2399
2399
2394
2394
2399
2399
2399
2399
2399
2399
2399
2399
2394
2394
2394
2394
2394
2394
2394
2394
2394
2394
2394
2394
2394
2394
2394
2395
2395
2395
2409
2409
2409
2409
2409
2409
2409
2409
2423
2423
2423
2425
2425
2425
2425
2425
2425
2425
2425
2425
2425
2425
2425
2425
2425
2425
2425
2425
2425
2432
2441
2441
2441
2441
2441
2441
2441
2441
2441
2441
2441
2441
2441
2441
2441
2441
2441
2441
2441
2441
2441
2441
2441
2441
2441
2441
2441
2441
2441
2416
2416
2416
2416
2416
2416
2416
2416
2416
2416
2416
2416
2416
2416
2416
2416
2416
2416
2416
2416
2416
2416
2406
2406
2406
2406
2406
2406
2406
2406
2406
2406
2406
2406
2406
2406
2406
2406
2406
2406
2406
2406
2406
2406
2406
2406
2406
2406
2409
2409
2409
2409
2409
2409
2409
2409
2409
2409
2409
2409
2406
2406
2406
2406
2406
2406
2406
2406
2406
2406
2406
2406
2406
2406
2406
2406
2406
2406
2406
2406
2406
2406
2406
2406
2406
2406
2392
2392
2392
2392
2392
2391
2391
2391
2391
2391
2391
2391
2391
2391
2391
2391
2394
2394
2394
2394
2394
2394
2394
2394
2394
2394
2394
2394
2394
2394
2394
2394
2394
2394
2394
2394
2394
2394
2394
2394
2394
2394
2394
2394
2394
2394
2394
2394
2394
2394
2394
2394
2394
2394
2394
2394
2394
2394
2394
2394
2394
2394
2394
2394
2394
2394
2394
2394
2394
2394
2394
2394
2394
2394
2394
2394
2394
2394
2394
2394
2394
2394
2394
2394
2394
2394
2394
2394
2394
2394
2394
2394
2394
2394
2394
2394
2394
2394
2394
2394
2394
2394
2394
2397
2397
2397
2397
2397
2397
2397
2397
2397
2397
2397
2397
2397
2397
2397
2397
2397
2397
2397
2397
2397
2397
2397
2397
2397
2397
2397
2397
2397
2397
2397
2397
2397
2397
2397
2397
2397
2397
2397
2397
2397
2397
2397
2397
2397
2397
2397
2397
2395
2395
2395
2395
2395
2395
2395
2395
2395
2395
2395
2395
2395
2395
2395
2395
2395
2395
2395
2395
2395
2395
2395
2395
2395
2395
2394
2394
2394
2391
2391
2397
2397
2397
2397
2397
2397
2397
2397
2397
2397
2397
2397
2397
2397
2397
2397
2397
2397
2397
2397
2397
2397
2397
2397
2397
2397
2397
2391
2391
2391
2391
2391
2391
2391
2391
2391
2391
2391
2391
2391
2391
2391
2391
2391
2391
2391
2391
2391
2391
2391
2391
2391
2391
2391
2391
2391
2391
2391
2391
2391
2396
2396
2396
2396
2396
2396
2396
2396
2398
2398
2398
2398
2398
2398
2398
2398
2398
2398
2398
2398
2398
2398
2398
2398
2398
2398
2398
2398
2398
2398
2398
2398
2398
2398
2398
2398
2398
2398
2398
2398
2398
2398
2398
2398
2398
2398
2398
2398
2398
2392
2392
2392
2392
2392
2392
2392
2392
2392
2392
2392
2392
2392
2392
2392
2392
2392
2392
2392
2392
2392
2392
2392
2392
2392
2392
2392
2392
2392
2392
2392
2392
2392
2392
2392
2392
2392
2392
2392
2392
2392
2392
2392
2392
2392
2392
2392
2392
2392
2392
2392
2392
2392
2392
2392
2392
2392
2392
2392
2392
2392
2392
2392
2392
2392
2392
2397
2397
2397
2397
2397
2397
2397
2397
2397
2397
2397
2397
2397
2397
2397
2397
2397
2397
2397
2397
2397
2397
2397
2397
2397
2397
2397
2397
2397
2397
2397
2397
2397
2397
2397
2397
2397
2397
2397
2397
2397
2397
2397
2397
2397
2397
2397
2397
2397
2397
2397
2397
2397
2397
2397
2397
2397
2397
2397
2397
2398
2398
2398
2398
2398
2398
2398
2398
2398
2398
2398
2398
2398
2398
2398
2398
2398
2398
2398
2398
2398
2398
2398
2398
2398
2398
2398
2398
2398
2398
2398
2398
2398
2398
2398
2398
2398
2398
2398
2398
2400
2400
2400
2400
2400
2400
2400
2400
2400
2400
2400
2400
2400
2400
2400
2400
2400
2400
2400
2400
2400
2393
2393
2393
2393
2393
2393
2393
2393
2393
2393
2393
2393
2393
2393
2393
2393
2393
2393
2393
2393
2393
2393
2393
2393
2393
2393
2393
2393
2393
2393
2393
2393
2393
2393
2393
2393
2393
2393
2393
2393
2393
2393
2393
2385
2385
2385
2385
2385
2385
2385
2385
2385
2385
2385
2385
2385
2385
2385
2385
2385
2385
2385
2385
2385
2385
2385
2385
2385
2385
2385
2385
2385
2385
2385
2385
2385
2385
2385
2385
2385
2385
2385
2385
2382
2382
2382
2382
2382
2382
2382
2382
2382
2382
2382
2382
2382
2382
2382
2382
2382
2382
2382
2382
2382
2382
2382
2382
2382
2382
2382
2382
2382
2382
2382
2382
2382
2382
2382
2382
2382
2382
2382
2382
2381
2381
2381
2381
2381
2381
2381
2381
2381
2381
2381
2381
2381
2381
2381
2381
2381
2381
2381
2381
2381
2381
2381
2381
2381
2381
2381
2381
2381
2381
2381
2381
2381
2381
2381
2381
2381
2383
2383
2383
2383
2383
2383
2383
2383
2383
2383
2383
2383
2383
2383
2383
2383
2383
2383
2383
2379
2379
2379
2379
2379
2379
2379
2379
2379
2379
2379
2379
2379
2379
2379
2379
2379
2379
2379
2379
2379
2379
2379
2379
2379
2379
2379
2379
2379
2379
2379
2379
2379
2379
2379
2379
2379
2379
2379
2379
2379
2379
2379
2379
2379
2379
2379
2379
2379
2379
2379
2379
2379
2379
2379
2379
2379
2379
2379
2379
2379
2379
2379
2379
2379
2379
2379
2379
2380
2380
2380
2380
2380
2380
2380
2380
2380
2380
2380
2380
2380
2380
2376
2376
2376
2376
2376
2376
2376
2376
2376
2376
2376
2376
2376
2376
2376
2376
2376
2376
2376
2376
2376
2376
2376
2376
2376
2376
2376
2376
2376
2376
2376
2376
2376
2376
2376
2376
2376
2376
2376
2376
2376
2376
2376
2376
2376
2376
2376
2376
2376
2376
2376
2376
2376
2376
2376
2376
2376
2376
2376
2376
2376
2376
2376
2376
2376
2376
2376
2376
2376
2376
2376
2376
2376
2376
2376
2376
2376
2376
2376
2376
2376
2376
2376
2376
2376
2376
2376
2376
2376
2376
2376
2376
2376
2376
2376
2376
2376
2376
2376
2376
2376
2376
2376
2376
2376
2376
2376
2363
2363
2363
2363
2363
2363
2363
2363
2363
2363
2363
2363
2363
2363
2363
2363
2363
2363
2363
2363
2363
2363
2363
2363
2363
2363
2363
2363
2363
2363
2363
2363
2363
2363
2363
2363
2363
2363
2363
2363
2363
2363
2363
2363
2363
2363
2363
2363
2363
2363
2363
2363
2363
2363
2363
2363
2363
2363
2363
2363
2363
2363
2364
2364
2364
2364
2364
2364
2364
2364
2364
2364
2364
2364
2364
2364
2364
2364
2364
2364
2364
2364
2364
2364
2364
2364
2364
2364
2364
2364
2364
2364
2364
2364
2364
2364
2364
2364
2364
2364
2364
2364
2364
2364
2364
2364
2364
2364
2364
2364
2364
2364
2364
2364
2364
2364
2364
2364
2364
2364
2364
2364
2364
2364
2364
2364
2365
2365
2365
2365
2365
2365
2365
2365
2365
2365
2365
2365
2365
2365
2365
2365
2365
2365
2365
2365
2365
2365
2365
2365
2365
2365
2365
2365
2365
2365
2365
2365
2365
2365
2365
2365
2365
2365
2365
2365
2365
2365
2365
2365
2365
2365
2365
2365
2365
2365
2365
2365
2365
2365
2365
2365
2365
2364
2364
2364
2364
2364
2364
2364
2364
2364
2364
2364
2364
2364
2364
2365
2365
2365
2365
2365
2365
2365
2365
2365
2365
2365
2365
2365
2365
2365
2365
2365
2365
2364
2364
2364
2364
2364
2364
2364
2364
2364
2364
2364
2364
2364
2364
2364
2364
2364
2364
2364
2364
2364
2364
2364
2364
2364
2364
2364
2364
2364
2364
2364
2364
2364
2364
2364
2364
2364
2364
2364
2364
2364
2364
2364
2364
2364
2364
2364
2364
2364
2365
2365
2365
2365
2365
2365
2365
2364
2364
2364
2364
2364
2364
2364
2364
2364
2364
2364
2364
2364
2364
2364
2364
2364
2364
2364
2364
2364
2364
2364
2364
2364
2364
2364
2364
2364
2364
2364
2364
2364
2364
2364
2364
2364
2364
2364
2364
2364
2364
2364
2364
2363
2363
2363
2363
2363
2363
2363
2363
2363
2363
2363
2363
2363
2363
2363
2363
2363
2363
2363
2363
2363
2363
2363
2363
2363
2363
2363
2362
2362
2362
2362
2362
2362
2362
2362
2362
2362
2362
2362
2362
2362
2362
2362
2362
2362
2362
2362
2362
2362
2362
2362
2362
2362
2362
2362
2362
2362
2362
2362
2362
2362
2362
2362
2362
2362
2362
2362
2362
2362
2362
2362
2362
2362
2362
2362
2362
2362
2362
2362
2362
2362
2362
2362
2362
2362
2362
2362
2362
2362
2362
2362
2362
2362
2362
2362
2362
2362
2362
2362
2362
2362
2362
2362
2362
2362
2362
2362
2362
2362
2362
2362
2362
2362
2362
2362
2362
2362
2362
2362
2362
2362
2362
2362
2362
2362
2362
2362
2362
2362
2362
2362
2362
2362
2362
2362
2362
2362
2362
2362
2362
2362
2362
2362
2362
2362
2362
2362
2362
2362
2362
2362
2362
2362
2362
2362
2362
2362
2362
2362
2362
2362
2362
2362
2362
2362
2362
2362
2362
2363
2363
2363
2363
2363
2363
2363
2363
2363
2363
2363
2363
2363
2363
2363
2363
2363
2363
2363
2363
2363
2363
2363
2363
2363
2363
2363
2363
2363
2363
2363
2363
2363
2363
2363
2363
2363
2363
2363
2363
2363
2363
2363
2363
2363
2363
2363
2363
2363
2363
2363
2363
2363
2363
2363
2363
2363
2363
2363
2363
2363
2363
2363
2363
2363
2363
2363
2363
2363
2363
2363
2363
2363
2363
2363
2363
2364
2364
2364
2364
2364
2364
2364
2364
2364
2364
2364
2364
2364
2364
2364
2364
2364
2364
2364
2364
2364
2364
2364
2364
2364
2364
2364
2364
2364
2364
2364
2364
2364
2364
2364
2364
2364
2364
2357
2357
2357
2357
2357
2357
2357
2357
2357
2357
2357
2357
2357
2357
2357
2357
2357
2357
2357
2357
2357
2357
2357
2357
2357
2357
2357
2357
2357
2357
2357
2357
2357
2357
2357
2357
2357
2357
2357
2357
2357
2357
2357
2357
2357
2357
2357
2357
2357
2357
2357
2357
2357
2357
2357
2357
2357
2357
2357
2357
2357
2357
2357
2357
2357
2357
2357
2357
2357
2357
2357
2357
2357
2357
2357
2357
2357
2357
2357
2357
2357
2357
2357
2357
2357
2357
2357
2357
2357
2357
2357
2357
2357
2357
2357
2357
2357
2357
2357
2357
2357
2357
2357
2357
2357
2357
2357
2357
2357
2357
2357
2357
2357
2357
2357
2357
2357
2357
2357
2357
2357
2357
2357
2357
2357
2357
2357
2357
2357
2357
2357
2357
2357
2357
2357
2357
2357
2357
2357
2357
2357
2357
2357
2357
2357
2357
2357
2357
2357
2357
2357
2357
2357
2357
2357
2357
2357
2357
2357
2357
2357
2357
2357
2357
2357
2357
2357
2357
2357
2357
2357
2357
2357
2357
2357
2357
2357
2357
2357
2357
2357
2357
2357
2357
2357
2357
2357
2357
2357
2357
2357
2357
2357
2357
2357
2357
2357
2357
2357
2357
2357
2357
2357
2357
2357
2357
2357
2357
2357
2357
2357
2357
2357
2357
2357
2357
2357
2357
2357
2357
2357
2357
2357
2357
2357
2357
2357
2357
2357
2357
2357
2357
2357
2357
2357
2357
2357
2357
2357
2357
2357
2357
2357
2357
2357
2357
2357
2357
2357
2357
2357
2357
2357
2357
2357
2357
2357
2357
2357
2357
2357
2357
2357
2357
2357
2357
2357
2357
2357
2357
2357
2357
2357
2357
2357
2357
2357
2357
2357
2357
2357
2357
2357
2357
2357
2357
2357
2357
2357
2357
2357
2357
2357
2357
2357
2357
2357
2357
2357
2357
2357
2357
2357
2357
2357
2357
2357
2357
2357
2357
2357
2357
2357
2357
2357
2357
2357
2357
2357
2357
2357
2357
2357
2357
2357
2357
2357
2357
2357
2357
2357
2357
2357
2357
2357
2357
2357
2357
2357
2357
2357
2357
2357
2357
2357
2357
2357
2357
2357
2357
2357
2357
2357
2357
2357
2357
2357
2357
2357
2357
2357
2357
2357
2357
2357
2357
2357
2357
2357
2357
2357
2357
2357
2357
2357
2357
2357
2357
2357
2357
2357
2357
2357
2357
2357
2357
2357
2357
2357
2357
2357
2357
2357
2357
2357
2357
2357
2357
2357
2357
2357
2357
2357
2357
2357
2357
2357
2357
2357
2360
2360
2360
2360
2360
2360
2360
2360
2360
2360
2360
2360
2360
2360
2356
2356
2356
2356
2356
2356
2356
2356
2356
2356
2356
2356
2356
2356
2356
2356
2356
2356
2356
2356
2356
2356
2356
2356
2356
2356
2356
2356
2356
2356
2356
2356
2356
2356
2356
2356
2356
2356
2356
2356
2356
2356
2356
2356
2356
2356
2356
2356
2356
2356
2356
2356
2356
2356
2356
2356
2356
2356
2356
2356
2356
2356
2356
2356
2356
2356
2356
2356
2356
2356
2356
2356
2356
2356
2356
2356
2356
2356
2356
2356
2356
2356
2350
2350
2350
2350
2350
2350
2350
2350
2350
2350
2350
2350
2350
2350
2350
2350
2350
2350
2350
2349
2349
2349
2349
2349
2349
2349
2349
2349
2349
2349
2349
2349
2349
2349
2349
2349
2349
2349
2349
2349
2349
2349
2349
2349
2349
2349
2349
2349
2349
2349
2349
2349
2349
2349
2349
2349
2349
2349
2349
2349
2349
2349
2349
2349
2349
2349
2349
2349
2349
2349
2349
2349
2349
2349
2349
2349
2349
2349
2349
2349
2349
2349
2349
2349
2349
2349
2349
2349
2349
2349
2349
2349
2349
2349
2349
2349
2349
2349
2349
2349
2349
2349
2349
2349
2349
2349
2349
2349
2349
2349
2349
2349
2349
2349
2349
2349
2349
2349
2349
2349
2349
2349
2349
2349
2349
2349
2349
2349
2349
2349
2349
2349
2349
2349
2349
2349
2349
2349
2349
2349
2349
2349
2349
2349
2349
2349
2349
2349
2349
2349
2349
2349
2349
2349
2349
2349
2349
2349
2349
2349
2349
2349
2349
2349
2349
2349
2349
2349
2349
2349
2349
2349
2349
2349
2349
2349
2349
2349
2349
2349
2349
2349
2349
2349
2349
2349
2349
2349
2349
2349
2349
2349
2349
2349
2349
2349
2349
2349
2349
2349
2349
2349
2349
2349
2349
2349
2349
2349
2349
2349
2349
2349
2349
2349
2349
2349
2349
2349
2349
2349
2349
2349
2349
2349
2349
2349
2349
2349
2349
2349
2349
2349
2349
2349
2349
2349
2349
2349
2349
2349
2349
2349
2349
2349
2349
2349
2349
2349
2349
2349
2349
2349
2349
2349
2349
2349
2349
2349
2349
2349
2349
2349
2349
2349
2349
2349
2349
2349
2349
2349
2349
2349
2349
2349
2349
2349
2349
2349
2349
2349
2349
2349
2349
2349
2349
2349
2349
2349
2349
2349
2349
2349
2349
2349
2349
2349
2349
2349
2349
2349
2349
2349
2349
2349
2349
2349
2349
2349
2349
2349
2349
2349
2349
2349
2349
2349
2349
2349
2349
2349
2349
2349
2349
2349
2349
2349
2349
2349
2349
2349
2349
2349
2349
2349
2349
2349
2349
2349
2349
2349
2349
2349
2349
2349
2349
2349
2349
2349
2349
2349
2349
2349
2349
2349
2349
2349
2349
2349
2349
2349
2349
2349
2349
2349
2349
2349
2349
2349
2349
2349
2349
2349
2349
2349
2349
2349
2349
2349
2349
2349
2349
2349
2349
2349
2349
2349
2349
2349
2349
2349
2349
2349
2349
2349
2349
2349
2349
2349
2349
2349
2349
2349
2349
2349
2349
2349
2349
2349
2349
2349
2349
2349
2349
2349
2349
2349
2349
2349
2349
2349
2349
2349
2349
2349
2349
2349
2349
2349
2349
2349
2349
2349
2349
2349
2349
2349
2349
2349
2349
2349
2349
2349
2349
2349
2349
2349
2349
2349
2349
2349
2349
2349
2349
2349
2349
2349
2349
2349
2349
2349
2349
2349
2349
2349
2349
2349
2349
2349
2349
2349
2349
2349
2349
2349
2349
2349
2349
2349
2349
2349
2349
2349
2349
2349
2349
2349
2349
2349
2349
2350
2350
2350
2350
2350
2350
2350
2350
2350
2350
2350
2350
2350
2350
2348
2348
2348
2348
2348
2348
2348
2348
2348
2348
2348
2348
2348
2348
2348
2348
2348
2348
2348
2348
2348
2348
2348
2348
2348
2348
2348
2348
2348
2348
2348
2348
2348
2348
2348
2348
2348
2348
2348
2348
2348
2348
2348
2348
2348
2348
2348
2348
2348
2348
2348
2348
2348
2348
2348
2348
2348
2348
2348
2348
2348
2348
2348
2348
2348
2348
2348
2348
2348
2348
2348
2348
2348
2348
2348
2348
2348
2348
2348
2348
2348
2348
2348
2348
2348
2348
2348
2348
2348
2348
2348
2348
2348
2348
2348
2348
2348
2348
2348
2348
2348
2348
2348
2348
2348
2348
2348
2348
2348
2348
2348
2348
2348
2348
2348
2348
2348
2348
2348
2348
2348
2348
2348
2348
2348
2348
2348
2348
2348
2348
2348
2348
2348
2348
2348
2348
2348
2348
2348
2348
2348
2348
2348
2348
2348
2348
2348
2348
2348
2348
2348
2348
2348
2348
2348
2348
2344
2344
