2789
2855
2853
2853
2860
2847
2849
2862
2822
2688
2743
2681
2725
2783
2806
2828
2884
2881
2797
2752
2638
2674
2787
2745
2745
2856
2813
2811
2788
2779
2830
2763
2774
2759
2752
2724
2715
2706
2781
2748
2741
2741
2773
2797
2774
2674
2653
2639
2645
2633
2668
2650
2642
2626
2600
2642
2658
2670
2677
2710
2695
2717
2662
2686
2665
2654
2665
2665
2614
2751
2796
2790
2796
2839
2869
2896
2773
2732
2723
2726
2705
2696
2705
2738
2806
2835
2849
2799
2846
2683
2711
2722
2773
2755
2773
2756
2725
2763
2773
2773
2622
2630
2630
2652
2777
2777
2762
2777
2770
2675
2648
2677
2743
2779
2775
2775
2781
2852
2884
2877
2862
2889
2814
2895
2895
2820
2753
2777
2759
2682
2632
2598
2622
2610
2649
2664
2667
2667
2627
2646
2646
2640
2657
2675
2657
2676
2772
2780
2733
2720
2756
2691
2694
2712
2694
2694
2714
2727
2713
2754
2773
2756
2716
2609
2646
2641
2664
2664
2673
2627
2627
2613
2659
2642
2549
2577
2574
2626
2626
2634
2618
2618
2626
2579
2736
2840
2828
2814
2818
2694
2803
2846
2805
2942
2910
2933
2887
2900
2911
2911
2838
2817
2834
2795
2830
2902
2807
2758
2830
2792
2792
2718
2802
2816
2791
2842
2780
2794
2794
2801
2751
2779
2753
2802
2852
2878
2842
2865
2833
2835
2900
2942
2950
2981
2907
2907
2910
2918
2785
2785
2775
2727
2774
2774
2794
2699
2646
2646
2716
2716
2679
2639
2702
2780
2776
2801
2818
2801
2757
2805
2845
2865
2833
2845
2845
2868
2926
2877
2902
2911
2878
2845
2785
2765
2799
2799
2845
2837
2787
2719
2705
2769
2781
2768
2783
2617
2617
2617
2676
2640
2691
2608
2615
2678
2636
2637
2599
2606
2606
2591
2592
2603
2662
2700
2747
2710
2740
2766
2825
2791
2791
2791
2837
2873
2869
2825
2813
2804
2796
2718
2707
2761
2823
2828
2842
2838
2875
2809
2817
2753
2759
2765
2761
2734
2754
2766
2802
2698
2654
2654
2688
2720
2777
2809
2756
2757
2803
2827
2661
2609
2611
2718
2693
2815
2827
2722
2723
2692
2707
2740
2749
2906
2990
2921
2991
2964
2959
2770
2746
2825
2876
2892
2895
2846
2811
2781
2793
2801
2782
2789
2776
2577
2574
2623
2575
2666
2791
2791
2805
2818
2750
2832
2826
2854
2800
2800
2886
2859
2803
2834
2780
2794
2817
2736
2721
2706
2677
2722
2735
2763
2738
2756
2769
2830
2748
2786
2785
2747
2782
2782
2779
2799
2772
2730
2756
2756
2737
2754
2711
2757
2755
2867
2729
2700
2754
2768
2784
2776
2783
2904
2916
2877
2857
2856
2787
2793
2823
2766
2758
2757
2767
2767
2858
2893
2986
2896
2906
2896
2953
2928
2862
2862
2850
2853
2871
2852
2849
2827
2854
2854
2886
2846
2816
2757
2757
2873
2846
2896
2958
2983
2881
2914
2905
2830
2821
2759
2733
2763
2777
2775
2852
2829
2754
2764
2773
2745
2734
2659
2659
2623
2659
2719
2714
2687
2813
2823
2781
2761
2842
2842
2895
2895
2816
2858
2909
2895
2948
2914
2931
2885
2931
2953
2978
2978
3028
2947
2908
2916
2923
2900
2858
2913
2932
2893
2864
2879
2853
2922
2922
2748
2703
2704
2706
2726
2753
2789
2768
2768
2768
2754
2743
2682
2671
2706
2706
2660
2797
2884
2899
2912
2879
2909
2889
2848
2913
2886
2792
2778
2724
2803
2811
2819
2791
2791
2868
2855
2847
2823
2930
2939
2884
2847
2920
2890
2798
2782
2796
2755
2734
2648
2652
2684
2809
2809
2635
2675
2635
2657
2667
2623
2632
2618
2555
2635
2695
2919
2975
2856
2869
2805
2748
2791
2867
2867
2867
2884
2904
2904
2898
2941
2917
2964
2949
2936
2983
2912
2830
2800
2742
2742
2720
2763
2879
2912
2831
2865
2865
2865
2723
2715
2844
2844
2757
2803
2775
2806
2824
2886
2875
2894
2857
2852
2856
2830
2829
2693
2693
2692
2721
2800
2774
2800
2812
2783
2715
2705
2799
2723
2774
2790
2818
2817
2812
2773
2713
2725
2725
2689
2689
2742
2802
2825
2882
2837
2769
2715
2715
2688
2671
2675
2667
2682
2754
2770
2793
2828
2685
2639
2634
2639
2633
2646
2594
2779
2779
2861
2803
2787
2823
2880
2847
2823
2823
2883
2963
2929
2849
2863
2777
2760
2725
2686
2647
2671
2755
2754
2696
2707
2721
2693
2666
2748
2733
2705
2720
2648
2666
2682
2682
2682
2683
2673
2667
2701
2692
2687
2692
2604
2623
2605
2694
2697
2779
2793
2753
2753
2823
2826
2853
2742
2730
2730
2728
2736
2707
2718
2738
2774
2625
2682
2704
2970
2913
2865
2848
2730
2730
2784
2934
2965
2965
2904
2910
2879
2765
2760
2757
2800
2840
2850
2868
2815
2804
2804
2804
2778
2778
2791
2791
2819
2829
2829
2829
2832
2864
2850
2825
2807
2856
2719
2722
2731
2741
2741
2915
2901
2884
2920
2845
2709
2709
2769
2760
2729
2676
2722
2779
2722
2705
2716
2714
2696
2708
2689
2664
2684
2649
2726
2675
2694
2689
2792
2797
2797
2736
2648
2648
2644
2590
2590
2647
2605
2605
2605
2574
2573
2543
2552
2552
2629
2571
2529
2588
2592
2646
2683
2710
2710
2747
2679
2676
2631
2617
2661
2666
2672
2782
2790
2759
2773
2773
2792
2817
2832
2848
2866
2790
2840
2855
2872
2845
2795
2769
2700
2740
2740
2690
2690
2806
2806
2776
2775
2806
2742
2721
2750
2733
2756
2756
2756
2790
2854
2854
2879
2832
2837
2904
2865
2851
2811
2810
2810
2827
2781
2741
2733
2724
2727
2717
2723
2717
2683
2708
2708
2793
2799
2836
2842
2824
2813
2849
2782
2764
2721
2681
2681
2637
2606
2668
2678
2694
2650
2598
2697
2672
2678
2748
2748
2744
2751
2745
2712
2855
2834
2761
2787
2786
2851
2902
2655
2871
2815
2696
2694
2708
2708
2708
2679
2737
2794
2803
2793
2836
2865
2846
2834
2827
2873
2873
2849
2785
2785
2778
2675
2658
2710
2702
2700
2786
2786
2749
2749
2779
2838
2828
2796
2709
2757
2769
2733
2723
2764
2769
2791
2754
2715
2803
2835
2833
2823
2829
2841
2834
2834
2731
2776
2753
2817
2757
2793
2816
2777
2793
2823
2869
2869
2677
2704
2702
2663
2618
2618
2663
2663
2686
2722
2689
2689
2737
2756
2852
2810
2779
2748
2757
2793
2805
2693
2702
2689
2711
2763
2745
2745
2716
2734
2722
2744
2753
2710
2741
2717
2739
2742
2750
2761
2733
2707
2773
2711
2723
2635
2641
2633
2629
2673
2651
2702
2764
2774
2774
2742
2761
2812
2791
2775
2790
2725
2785
2800
2852
2837
2837
2805
2865
2769
2748
2782
2716
2683
2685
2662
2711
2753
2704
2656
2701
2691
2756
2826
2904
2913
2882
2870
2869
2861
2813
2817
2745
2824
2833
2958
2928
2916
2846
2826
2842
2904
2897
2880
2877
2941
2975
2826
2775
2930
2961
2939
2907
2891
2867
2889
2844
2858
2826
2791
2800
2798
2832
2766
2811
2779
2779
2766
2703
2850
2795
2795
2787
2757
2696
2678
2710
2633
2740
2705
2691
2734
2754
2805
2819
2835
2786
2733
2783
2732
2734
2798
2862
2839
2766
2708
2712
2664
2694
2693
2847
2946
2883
2899
2849
2842
2769
2788
2788
2769
2714
2677
2651
2661
2672
2748
2794
2747
2817
2780
2780
2763
2725
2725
2670
2689
2668
2579
2579
2619
2611
2612
2750
2776
2787
2799
2770
2712
2743
2799
2780
2775
2839
2683
2586
2617
2617
2598
2767
2570
2570
2561
2587
2579
2630
2648
2576
2620
2613
2606
2621
2591
2571
2697
2693
2693
2734
2728
2760
2744
2744
2596
2596
2720
2703
2735
2670
2658
2670
2589
2603
2584
2551
2558
2617
2638
2762
2644
2669
2670
2629
2620
2634
2605
2670
2669
2660
2676
2691
2641
2639
2717
2717
2715
2715
2737
2736
2712
2774
2762
2662
2707
2567
2553
2589
2658
2658
2609
2597
2687
2687
2809
2791
2673
2652
2682
2700
2700
2769
2764
2749
2855
2871
2860
2918
2875
2827
2819
2835
2845
2845
2845
2802
2844
2844
2844
2883
2894
2894
2877
2863
2839
2863
2816
2874
2835
2845
2921
2900
2957
2870
2866
2890
2890
2938
2930
2881
2908
2896
2987
2937
2928
2860
2802
2732
2723
2590
2592
2680
2705
2707
2740
2753
2862
2720
2668
2725
2711
2774
2695
2737
2815
2847
2770
2794
2794
2780
2847
2811
2865
2794
2715
2715
2659
2637
2717
2753
2764
2765
2765
2738
2782
2782
2801
2782
2729
2800
2807
2760
2732
2768
2771
2769
2769
2731
2703
2663
2663
2720
2745
2810
2810
2856
2855
2772
2812
2808
2936
2854
2888
2818
2708
2765
2699
2747
2687
2743
2781
2793
2772
2748
2759
2759
2796
2796
2748
2761
2734
2632
2632
2625
2625
2627
2665
2783
2675
2787
2771
2780
2894
2894
2759
2757
2688
2720
2732
2706
2706
2688
2657
2738
2756
2736
2736
2712
2673
2683
2713
2736
2734
2599
2584
2612
2604
2604
2682
2706
2645
2604
2637
2676
2690
2628
2622
2662
2662
2659
2592
2616
2621
2648
2641
2659
2659
2691
2669
2651
2743
2800
2812
2830
2839
2882
2859
2789
2810
2817
2778
2778
2808
2851
2807
2773
2812
2790
2673
2671
2671
2705
2699
2704
2744
2707
2722
2721
2679
2675
2675
2684
2669
2709
2709
2774
2692
2753
2753
2734
2717
2675
2674
2646
2626
2654
2642
2631
2631
2711
2652
2637
2716
2715
2715
2748
2750
2722
2706
2743
2788
2788
2758
2730
2755
2773
2749
2779
2712
2714
2743
2663
2629
2679
2678
2797
2810
2760
2760
2809
2829
2857
2888
2839
2839
2823
2767
2734
2736
2753
2775
2871
2910
2870
2866
2836
2850
2855
2845
2829
2829
2783
2755
2755
2748
2794
2738
2808
2739
2781
2618
2682
2720
2715
2816
2806
2763
2784
2763
2718
2767
2757
2802
2761
2775
2791
2819
2823
2840
2790
2768
2796
2805
2809
2902
2744
2700
2774
2774
2749
2749
2767
2767
2741
2728
2695
2737
2686
2762
2762
2743
2725
2758
2748
2748
2757
2744
2745
2701
2683
2710
2710
2729
2766
2876
2924
2963
2894
2855
2797
2728
2728
2767
2777
2783
2788
2653
2677
2655
2723
2723
2767
2706
2683
2689
2706
2658
2617
2615
2634
2706
2748
2645
2618
2719
2691
2691
2687
2682
2723
2799
2801
2818
2827
2819
2756
2733
2758
2750
2753
2787
2817
2762
2765
2798
2767
2773
2797
2824
2833
2806
2888
2817
2815
2847
2845
2814
2823
2823
2819
2887
2887
2788
2784
2731
2784
2862
2904
2836
2762
2746
2762
2792
2657
2692
2707
2660
2621
2644
2655
2727
2728
2779
2779
2815
2734
2695
2744
2782
2818
2726
2801
2779
2695
2749
2725
2725
2699
2743
2700
2688
2694
2753
2753
2646
2602
2586
2643
2656
2821
2796
2666
2693
2734
2784
2780
2821
2803
2752
2696
2694
2683
2683
2640
2550
2611
2620
2615
2615
2615
2626
2661
2669
2638
2727
2719
2794
2794
2834
2767
2719
2719
2719
2687
2687
2709
2721
2692
2768
2730
2637
2654
2664
2649
2670
2687
2714
2754
2791
2677
2736
2736
2703
2703
2734
2779
2776
2731
2724
2720
2735
2853
2884
2877
2877
2829
2820
2870
2836
2765
2819
2858
2746
2730
2730
2673
2644
2575
2590
2582
2567
2567
2563
2625
2590
2615
2615
2598
2641
2641
2624
2680
2614
2639
2604
2597
2597
2783
2743
2784
2747
2768
2684
2721
2710
2718
2718
2744
2723
2705
2690
2684
2607
2607
2581
2592
2577
2553
2594
2568
2545
2582
2620
2670
2799
2816
2783
2753
2820
2828
2814
2697
2741
2741
2785
2877
2877
2879
2879
2840
2792
2845
2750
2741
2746
2710
2630
2705
2663
2674
2650
2664
2674
2650
2650
2601
2589
2589
2589
2589
2692
2773
2741
2612
2625
2606
2575
2575
2575
2582
2628
2710
2787
2775
2652
2645
2619
2714
2673
2729
2778
2758
2715
2661
2651
2655
2637
2753
2777
2702
2663
2717
2699
2733
2668
2663
2689
2673
2674
2676
2650
2667
2666
2702
2719
2719
2696
2730
2778
2786
2675
2813
2813
2807
2866
2825
2825
2825
2918
2897
2738
2762
2956
2935
2924
2901
2882
2893
2867
2867
2879
2921
2940
2822
2826
2814
2800
2782
2831
2831
2797
2879
2661
2609
2657
2657
2683
2619
2658
2675
2650
2718
2717
2740
2747
2647
2643
2633
2616
2639
2640
2640
2660
2609
2624
2648
2696
2726
2726
2678
2601
2592
2614
2614
2614
2582
2582
2639
2626
2626
2613
2618
2599
2596
2596
2593
2588
2642
2621
2595
2595
2559
2584
2631
2599
2585
2597
2571
2630
2652
2640
2712
2712
2693
2701
2706
2666
2667
2684
2673
2662
2654
2608
2599
2667
2631
2608
2708
2774
2767
2773
2835
2852
2844
2884
2805
2789
2787
2853
2797
2620
2847
2851
2824
2822
2819
2766
2751
2717
2717
2720
2653
2610
2616
2631
2664
2693
2761
2732
2741
2693
2644
2750
2789
2784
2782
2868
2730
2634
2717
2768
2828
2785
2823
2772
2765
2737
2791
2793
2783
2749
2823
2823
2840
2711
2820
2824
2846
2823
2812
2851
2866
2935
2821
2765
2820
2733
2741
2717
2743
2768
2834
2834
2834
2806
2805
2845
2835
2807
2826
2793
2792
2755
2710
2720
2734
2729
2718
2718
2669
2646
2646
2681
2654
2664
2698
2702
2639
2639
2628
2611
2610
2601
2635
2643
2634
2620
2597
2605
2605
2605
2592
2598
2623
2639
2670
2701
2693
2608
2608
2620
2632
2589
2628
2628
2628
2628
2627
2609
2567
2570
2570
2592
2587
2547
2583
2567
2603
2651
2711
2725
2709
2709
2747
2713
2741
2750
2735
2745
2676
2670
2685
2685
2685
2685
2679
2758
2786
2801
2787
2781
2696
2705
2721
2705
2726
2669
2730
2778
2786
2795
2793
2782
2920
2895
2836
2836
2839
2761
2727
2709
2748
2748
2776
2760
2770
2743
2708
2708
2708
2669
2716
2684
2683
2739
2741
2712
2674
2674
2738
2788
2834
2834
2839
2825
2690
2853
2853
2853
2885
2860
2875
2875
2936
2890
2883
2767
2784
2789
2784
2785
2789
2821
2856
2847
2860
2870
2840
2800
2800
2863
2792
2855
2870
2798
2798
2792
2822
2777
2764
2759
2660
2638
2638
2633
2579
2631
2631
2607
2703
2705
2702
2790
2801
2801
2785
2776
2776
2721
2735
2698
2759
2759
2763
2761
2828
2863
2791
2791
2796
2774
2812
2824
2869
2819
2782
2782
2780
2753
2714
2837
2743
2686
2733
2674
2649
2678
2710
2726
2746
2756
2789
2806
2763
2795
2773
2798
2841
2798
2801
2801
2646
2630
2630
2645
2761
2763
2770
2825
2836
2867
2796
2776
2776
2792
2781
2781
2796
2774
2752
2752
2722
2730
2829
2820
2820
2779
2820
2820
2822
2822
2867
2857
2775
2698
2765
2810
2782
2782
2786
2786
2760
2817
2829
2807
2757
2777
2770
2768
2780
2768
2701
2754
2799
2739
2675
2768
2834
2837
2844
2833
2798
2803
2873
2882
2861
2854
2882
2767
2764
2724
2724
2675
2695
2733
2771
2723
2727
2727
2727
2786
2788
2790
2790
2859
2798
2789
2758
2689
2706
2721
2765
2803
2779
2817
2832
2770
2803
2721
2746
2800
2795
2800
2800
2798
2678
2796
2796
2764
2844
2830
2737
2693
2610
2698
2671
2547
2547
2540
2540
2540
2526
2526
2515
2515
2576
2578
2632
2578
2585
2585
2615
2630
2630
2630
2622
2591
2598
2623
2731
2630
2615
2596
2672
2675
2675
2675
2704
2708
2702
2692
2681
2680
2684
2684
2809
2668
2668
2668
2695
2661
2630
2612
2613
2651
2651
2651
2651
2693
2739
2788
2796
2854
2931
2931
2829
2812
2816
2824
2832
2824
2837
2894
2878
2878
2830
2793
2768
2706
2735
2767
2803
2773
2766
2766
2799
2792
2781
2712
2712
2767
2767
2783
2830
2776
2740
2709
2709
2717
2777
2786
2783
2711
2711
2721
2753
2744
2744
2726
2738
2692
2692
2760
2785
2848
2835
2781
2781
2748
2608
2614
2621
2616
2611
2617
2612
2633
2639
2639
2644
2593
2593
2609
2640
2596
2636
2651
2651
2644
2646
2600
2600
2600
2600
2600
2638
2698
2734
2608
2608
2608
2620
2606
2656
2687
2687
2782
2790
2769
2764
2714
2632
2665
2665
2665
2648
2615
2677
2658
2691
2653
2653
2638
2638
2697
2743
2743
2793
2763
2812
2812
2655
2657
2646
2589
2538
2538
2658
2694
2689
2697
2730
2730
2817
2789
2792
2792
2823
2803
2843
2821
2821
2669
2729
2760
2753
2685
2685
2711
2697
2769
2748
2751
2706
2710
2766
2756
2756
2761
2741
2741
2783
2733
2739
2725
2756
2756
2751
2684
2675
2657
2657
2645
2706
2701
2701
2688
2739
2739
2739
2770
2731
2701
2727
2705
2705
2694
2705
2705
2770
2710
2710
2706
2706
2706
2697
2756
2793
2793
2756
2766
2766
2754
2765
2795
2879
2931
2931
2923
2821
2788
2743
2743
2724
2724
2724
2704
2704
2729
2776
2823
2771
2754
2710
2725
2725
2741
2724
2772
2772
2789
2785
2824
2824
2699
2722
2702
2672
2689
2734
2726
2691
2735
2735
2830
2901
2965
2840
2777
2760
2777
2859
2801
2786
2779
2791
2787
2787
2741
2749
2755
2755
2739
2788
2715
2745
2738
2693
2795
2774
2712
2755
2755
2762
2762
2765
2781
2792
2794
2802
2809
2767
2729
2767
2729
2729
2770
2770
2738
2766
2830
2834
2834
2827
2827
2824
2770
2816
2757
2820
2787
2784
2808
2803
2798
2816
2775
2850
2815
2870
2862
2898
2883
2925
2941
2963
2821
2823
2817
2829
2829
2849
2846
2827
2827
2809
2809
2762
2772
2841
2830
2796
2787
2789
2783
2805
2743
2759
2743
2771
2762
2677
2681
2655
2672
2681
2681
2681
2681
2643
2633
2650
2692
2664
2701
2673
2673
2785
2831
2820
2801
2809
2774
2778
2732
2776
2782
2696
2647
2647
2632
2632
2642
2668
2602
2595
2595
2688
2688
2760
2809
2773
2762
2770
2664
2664
2628
2665
2660
2730
2758
2694
2669
2668
2672
2596
2603
2603
2568
2569
2577
2680
2643
2584
2530
2572
2607
2607
2621
2548
2582
2708
2636
2606
2614
2614
2706
2696
2648
2606
2633
2620
2601
2615
2615
2611
2593
2600
2476
2476
2574
2582
2596
2591
2557
2513
2584
2556
2597
2616
2596
2549
2549
2562
2562
2593
2562
2558
2562
2562
2562
2568
2568
2622
2797
2797
2782
2684
2693
2727
2727
2727
2727
2730
2656
2699
2699
2688
2688
2719
2719
2749
2711
2711
2711
2784
2759
2843
2801
2794
2748
2725
2776
2743
2738
2733
2733
2727
2727
2732
2727
2751
2651
2700
2707
2663
2663
2729
2800
2800
2803
2743
2743
2743
2764
2764
2720
2663
2644
2644
2626
2672
2634
2634
2656
2681
2678
2707
2662
2643
2643
2594
2594
2570
2570
2577
2641
2641
2662
2665
2665
2683
2675
2714
2725
2741
2741
2741
2702
2702
2686
2643
2650
2696
2696
2665
2665
2669
2669
2669
2732
2748
2748
2550
2550
2678
2750
2818
2818
2714
2612
2651
2651
2641
2632
2632
2631
2686
2686
2636
2622
2622
2622
2622
2625
2652
2651
2823
2849
2800
2770
2728
2728
2772
2772
2766
2766
2761
2748
2767
2748
2795
2773
2707
2688
2684
2684
2720
2669
2685
2660
2703
2703
2719
2704
2704
2704
2755
2755
2731
2731
2747
2754
2693
2730
2749
2708
2713
2684
2740
2673
2774
2751
2744
2718
2718
2718
2761
2750
2750
2833
2812
2874
2869
2870
2877
2853
2919
2923
2911
2923
2774
2807
2840
2840
2731
2730
2776
2803
2788
2788
2788
2809
2886
2891
2891
2822
2780
2801
2845
2816
2867
2792
2792
2804
2804
2838
2835
2710
2660
2647
2662
2735
2728
2736
2736
2666
2682
2711
2720
2736
2811
2811
2774
2761
2723
2732
2760
2795
2779
2766
2739
2739
2745
2739
2758
2719
2719
2719
2630
2664
2693
2679
2575
2575
2614
2627
2601
2631
2614
2626
2626
2620
2668
2653
2636
2636
2636
2636
2649
2632
2632
2619
2659
2659
2659
2673
2651
2579
2569
2623
2621
2623
2598
2656
2618
2652
2652
2630
2612
2563
2563
2563
2563
2628
2677
2675
2711
2711
2725
2713
2719
2659
2661
2629
2629
2686
2686
2688
2688
2688
2660
2649
2701
2778
2766
2717
2674
2636
2697
2696
2781
2775
2764
2607
2599
2581
2581
2570
2617
2623
2627
2607
2607
2669
2722
2739
2739
2739
2734
2820
2820
2796
2823
2777
2777
2864
2793
2798
2798
2798
2801
2666
2726
2715
2723
2723
2641
2641
2638
2660
2770
2801
2851
2851
2812
2814
2737
2762
2751
2779
2819
2844
2815
2815
2815
2794
2794
2845
2824
2828
2828
2857
2837
2835
2823
2804
2804
2804
2831
2757
2758
2746
2746
2746
2746
2746
2746
2746
2748
2770
2770
2704
2704
2683
2683
2541
2539
2500
2500
2500
2500
2500
2507
2511
2518
2518
2531
2505
2505
2589
2589
2573
2577
2577
2577
2604
2691
2691
2726
2737
2729
2727
2701
2701
2756
2752
2752
2756
2748
2748
2837
2800
2774
2753
2753
2721
2704
2817
2796
2774
2750
2736
2659
2685
2685
2637
2666
2637
2691
2639
2639
2632
2670
2716
2670
2668
2676
2628
2599
2575
2612
2612
2622
2619
2597
2602
2602
2602
2608
2679
2679
2679
2647
2643
2648
2633
2706
2706
2732
2784
2784
2701
2677
2780
2767
2814
2770
2775
2775
2736
2634
2627
2648
2689
2672
2715
2748
2768
2684
2794
2811
2785
2775
2748
2769
2749
2749
2754
2754
2754
2754
2744
2744
2740
2739
2713
2709
2737
2738
2764
2776
2776
2773
2719
2710
2743
2769
2662
2719
2718
2663
2669
2701
2701
2701
2683
2683
2686
2812
2867
2867
2762
2743
2704
2756
2728
2740
2740
2712
2711
2692
2773
2768
2789
2799
2748
2681
2750
2750
2816
2809
2809
2797
2769
2777
2746
2674
2706
2700
2699
2706
2706
2780
2756
2751
2743
2742
2739
2639
2629
2641
2634
2625
2637
2671
2644
2644
2781
2729
2748
2719
2715
2691
2691
2597
2597
2619
2619
2622
2622
2610
2610
2610
2626
2694
2789
2786
2794
2923
2937
2962
2925
2890
2897
2919
2907
2774
2847
2738
2738
2722
2705
2663
2576
2605
2605
2630
2630
2615
2618
2615
2587
2587
2592
2629
2629
2714
2730
2796
2833
2753
2717
2705
2705
2672
2644
2590
2584
2584
2584
2601
2733
2695
2695
2662
2688
2693
2697
2634
2577
2577
2618
2583
2557
2566
2613
2644
2600
2701
2701
2613
2613
2635
2615
2615
2604
2668
2668
2656
2656
2690
2690
2729
2729
2749
2704
2704
2695
2683
2661
2677
2663
2638
2627
2605
2630
2605
2694
2777
2812
2849
2890
2835
2851
2872
2829
2798
2747
2784
2784
2831
2781
2715
2739
2792
2792
2766
2734
2767
2753
2711
2706
2634
2634
2634
2651
2614
2614
2614
2559
2559
2496
2496
2574
2609
2620
2632
2632
2635
2661
2661
2661
2662
2662
2662
2752
2719
2717
2717
2690
2741
2781
2781
2741
2755
2803
2734
2629
2627
2648
2649
2713
2674
2636
2638
2638
2638
2686
2686
2628
2628
2628
2628
2620
2640
2640
2636
2636
2636
2626
2633
2539
2539
2543
2544
2510
2510
2544
2544
2565
2565
2587
2667
2707
2708
2733
2661
2626
2656
2630
2641
2641
2641
2685
2657
2657
2624
2665
2669
2673
2673
2673
2662
2630
2630
2652
2656
2680
2659
2659
2602
2630
2619
2619
2619
2619
2649
2630
2649
2695
2684
2684
2693
2693
2693
2711
2696
2760
2771
2784
2802
2757
2694
2717
2702
2702
2641
2632
2632
2636
2636
2686
2606
2626
2598
2580
2598
2578
2590
2610
2610
2610
2610
2584
2566
2566
2583
2749
2610
2648
2637
2666
2619
2619
2619
2619
2619
2619
2679
2721
2722
2722
2761
2714
2768
2768
2779
2708
2734
2722
2722
2702
2661
2706
2621
2618
2677
2764
2764
2764
2729
2765
2727
2753
2712
2671
2648
2648
2648
2610
2610
2610
2640
2614
2614
2614
2621
2597
2649
2616
2616
2616
2631
2631
2609
2683
2701
2730
2794
2849
2858
2847
2831
2870
2879
2864
2864
2846
2869
2869
2836
2843
2858
2858
2833
2833
2805
2817
2817
2817
2817
2750
2750
2750
2750
2731
2766
2767
2767
2707
2687
2684
2688
2654
2637
2637
2594
2611
2611
2641
2579
2575
2565
2589
2641
2641
2628
2628
2576
2603
2590
2637
2637
2637
2637
2637
2651
2637
2637
2744
2744
2744
2726
2730
2730
2734
2765
2765
2765
2734
2739
2739
2739
2739
2766
2767
2778
2735
2731
2859
2829
2829
2764
2744
2751
2746
2735
2735
2735
2735
2736
2739
2739
2733
2751
2676
2702
2716
2717
2722
2695
2782
2781
2793
2793
2872
2866
2781
2740
2806
2840
2775
2747
2704
2682
2648
2694
2694
2761
2700
2700
2693
2669
2669
2680
2669
2669
2669
2669
2677
2677
2669
2669
2676
2692
2696
2671
2664
2635
2635
2640
2640
2640
2640
2633
2633
2633
2557
2557
2557
2557
2583
2583
2579
2592
2579
2579
2579
2577
2565
2596
2606
2606
2620
2623
2639
2593
2608
2608
2626
2637
2649
2651
2682
2682
2718
2718
2684
2742
2688
2688
2640
2657
2661
2645
2732
2722
2733
2760
2771
2690
2637
2621
2676
2663
2621
2666
2676
2676
2740
2676
2670
2703
2644
2644
2644
2644
2644
2666
2601
2611
2611
2611
2611
2611
2612
2612
2647
2667
2636
2636
2636
2636
2630
2630
2641
2641
2592
2618
2682
2642
2663
2599
2599
2597
2603
2580
2603
2603
2656
2605
2605
2605
2604
2570
2604
2597
2579
2545
2545
2545
2545
2551
2564
2553
2568
2556
2556
2605
2605
2605
2618
2616
2571
2585
2585
2568
2568
2581
2577
2631
2600
2625
2625
2647
2647
2647
2677
2590
2625
2597
2611
2616
2590
2534
2534
2580
2580
2590
2590
2590
2570
2570
2570
2569
2569
2569
2569
2652
2622
2606
2606
2606
2645
2707
2717
2717
2713
2708
2708
2790
2770
2762
2677
2655
2655
2655
2635
2635
2682
2630
2630
2630
2609
2609
2610
2610
2688
2746
2716
2725
2710
2694
2694
2649
2715
2715
2715
2706
2706
2706
2717
2769
2733
2721
2699
2758
2758
2796
2679
2639
2724
2724
2724
2724
2721
2721
2721
2721
2721
2711
2670
2685
2685
2731
2731
2731
2698
2698
2756
2731
2758
2731
2706
2723
2723
2781
2785
2806
2809
2809
2744
2747
2693
2686
2686
2670
2670
2674
2674
2708
2709
2684
2684
2731
2664
2669
2676
2688
2650
2626
2626
2617
2665
2639
2639
2633
2633
2633
2633
2633
2733
2673
2673
2673
2673
2803
2796
2850
2850
2850
2839
2839
2839
2839
2785
2785
2746
2746
2746
2746
2761
2761
2761
2761
2761
2728
2715
2715
2728
2733
2756
2754
2733
2754
2781
2790
2827
2794
2800
2800
2791
2813
2780
2780
2796
2838
2838
2882
2885
2885
2856
2839
2791
2791
2791
2795
2814
2816
2861
2781
2794
2831
2800
2786
2765
2797
2797
2797
2797
2797
2779
2807
2807
2807
2848
2817
2802
2802
2802
2800
2824
2850
2816
2828
2811
2811
2811
2929
2916
2912
2910
2898
2821
2818
2818
2891
2933
2876
2931
2931
2909
2935
2942
2947
2925
2848
2780
2780
2780
2780
2775
2748
2790
2794
2794
2800
2831
2781
2693
2693
2693
2693
2700
2589
2596
2596
2596
2644
2644
2618
2690
2608
2608
2565
2565
2639
2738
2738
2668
2659
2682
2659
2760
2727
2707
2736
2678
2676
2718
2735
2842
2734
2734
2730
2692
2692
2722
2627
2627
2627
2611
2611
2626
2626
2626
2596
2597
2556
2502
2502
2502
2502
2502
2502
2502
2495
2542
2542
2628
2628
2634
2634
2655
2660
2628
2630
2665
2665
2665
2717
2664
2621
2621
2589
2579
2550
2591
2573
2569
2579
2561
2612
2631
2604
2653
2625
2625
2625
2599
2599
2599
2644
2643
2643
2611
2611
2611
2579
2629
2662
2662
2704
2704
2704
2729
2733
2733
2666
2659
2641
2577
2577
2555
2574
2574
2574
2597
2597
2623
2623
2623
2650
2620
2575
2583
2583
2583
2583
2583
2612
2612
2601
2592
2592
2592
2592
2642
2678
2668
2668
2668
2688
2688
2628
2626
2608
2608
2590
2590
2584
2588
2588
2605
2597
2597
2602
2602
2602
2601
2601
2601
2544
2544
2544
2544
2544
2561
2679
2679
2689
2648
2666
2653
2653
2647
2684
2758
2758
2742
2767
2650
2615
2615
2623
2623
2623
2676
2676
2647
2613
2613
2613
2613
2613
2613
2640
2645
2626
2626
2659
2644
2602
2602
2546
2546
2526
2534
2534
2578
2597
2597
2597
2597
2594
2720
2720
2709
2750
2737
2717
2717
2717
2711
2706
2731
2713
2713
2731
2752
2766
2770
2685
2685
2670
2693
2717
2717
2706
2716
2671
2695
2668
2605
2605
2627
2586
2637
2637
2637
2626
2601
2601
2601
2604
2654
2654
2735
2641
2641
2707
2707
2707
2726
2699
2704
2699
2699
2700
2589
2578
2609
2752
2740
2716
2749
2749
2735
2745
2745
2749
2749
2771
2771
2670
2670
2670
2675
2684
2696
2675
2675
2675
2675
2675
2671
2649
2649
2649
2630
2624
2654
2664
2695
2656
2632
2715
2715
2720
2717
2646
2689
2689
2731
2731
2705
2765
2686
2658
2625
2625
2625
2625
2634
2638
2707
2591
2604
2604
2661
2665
2674
2674
2674
2675
2798
2754
2754
2754
2736
2732
2733
2689
2689
2689
2661
2670
2670
2633
2683
2671
2683
2683
2683
2688
2688
2688
2688
2688
2701
2701
2716
2643
2687
2687
2708
2715
2694
2667
2720
2720
2712
2695
2686
2711
2604
2602
2602
2608
2625
2634
2690
2698
2713
2713
2713
2713
2681
2684
2684
2684
2684
2684
2669
2669
2623
2623
2623
2663
2603
2681
2689
2623
2623
2670
2654
2654
2595
2595
2611
2611
2619
2569
2569
2569
2569
2569
2569
2587
2595
2569
2594
2594
2611
2704
2704
2618
2613
2613
2613
2597
2596
2644
2644
2639
2639
2634
2624
2624
2626
2633
2660
2699
2699
2679
2623
2589
2589
2633
2629
2629
2522
2522
2522
2522
2567
2567
2576
2556
2542
2510
2588
2575
2546
2548
2548
2551
2583
2558
2558
2556
2556
2569
2572
2572
2577
2577
2572
2572
2572
2571
2571
2552
2552
2552
2552
2552
2540
2540
2540
2579
2597
2597
2597
2597
2580
2580
2606
2607
2607
2607
2607
2604
2604
2692
2647
2630
2654
2672
2672
2672
2672
2653
2653
2627
2627
2627
2565
2566
2566
2566
2575
2575
2550
2527
2527
2527
2527
2578
2578
2578
2598
2586
2586
2586
2586
2586
2586
2586
2652
2699
2689
2689
2689
2689
2684
2687
2707
2707
2683
2610
2643
2643
2643
2671
2671
2639
2639
2639
2639
2646
2649
2649
2649
2665
2648
2622
2616
2611
2596
2596
2596
2565
2579
2579
2579
2579
2579
2556
2556
2535
2547
2547
2547
2547
2547
2635
2635
2635
2628
2628
2649
2649
2659
2594
2612
2612
2612
2615
2615
2615
2615
2641
2601
2601
2601
2591
2639
2729
2693
2693
2693
2693
2708
2708
2708
2708
2708
2652
2652
2655
2655
2655
2636
2636
2636
2661
2681
2664
2684
2658
2698
2692
2692
2692
2692
2687
2691
2675
2675
2669
2669
2669
2660
2618
2666
2666
2667
2667
2711
2711
2716
2694
2697
2697
2697
2711
2718
2690
2690
2729
2729
2749
2749
2749
2702
2702
2702
2718
2697
2698
2762
2762
2762
2708
2732
2760
2772
2794
2794
2794
2817
2773
2773
2773
2773
2748
2759
2684
2654
2654
2653
2637
2647
2647
2647
2690
2701
2699
2682
2682
2682
2637
2632
2632
2617
2617
2617
2604
2604
2604
2566
2566
2582
2575
2575
2575
2561
2561
2561
2561
2561
2561
2561
2561
2558
2558
2563
2562
2562
2562
2562
2562
2562
2562
2562
2562
2562
2562
2562
2559
2559
2559
2600
2576
2607
2591
2620
2568
2593
2621
2605
2605
2605
2613
2613
2651
2652
2688
2688
2713
2715
2715
2700
2700
2689
2689
2725
2746
2757
2762
2762
2762
2716
2716
2716
2717
2641
2643
2643
2703
2654
2634
2586
2562
2562
2562
2562
2566
2566
2601
2601
2601
2678
2678
2646
2646
2646
2648
2595
2595
2607
2607
2624
2624
2613
2593
2593
2542
2583
2583
2585
2585
2598
2562
2558
2550
2560
2539
2539
2539
2513
2513
2513
2513
2484
2484
2484
2484
2484
2460
2460
2493
2493
2474
2474
2474
2474
2474
2474
2474
2474
2474
2508
2544
2544
2573
2573
2561
2561
2561
2576
2534
2571
2578
2607
2607
2607
2554
2558
2558
2512
2520
2528
2528
2528
2528
2528
2528
2515
2515
2515
2515
2515
2528
2527
2518
2518
2518
2518
2543
2532
2532
2532
2532
2514
2514
2514
2559
2559
2553
2568
2565
2578
2573
2628
2628
2589
2589
2589
2589
2589
2560
2560
2579
2579
2624
2623
2623
2578
2590
2590
2590
2607
2607
2550
2550
2539
2539
2535
2526
2526
2526
2526
2539
2539
2539
2538
2560
2528
2528
2528
2528
2528
2546
2546
2546
2530
2530
2530
2513
2513
2513
2481
2481
2481
2481
2481
2481
2481
2459
2440
2440
2503
2523
2523
2482
2482
2482
2482
2482
2465
2454
2454
2523
2532
2532
2532
2532
2513
2513
2513
2513
2513
2513
2513
2606
2606
2606
2652
2652
2652
2652
2652
2652
2624
2624
2594
2587
2625
2625
2625
2625
2610
2610
2610
2610
2649
2635
2680
2662
2718
2710
2677
2677
2677
2665
2642
2638
2638
2638
2646
2634
2634
2634
2634
2634
2634
2634
2634
2623
2623
2623
2623
2623
2611
2611
2611
2608
2608
2608
2608
2613
2613
2588
2594
2594
2594
2566
2566
2615
2586
2601
2601
2601
2619
2631
2615
2641
2601
2591
2591
2591
2541
2541
2541
2483
2483
2479
2479
2479
2479
2479
2510
2510
2510
2510
2510
2470
2470
2470
2494
2494
2494
2548
2548
2548
2548
2548
2548
2548
2548
2536
2536
2536
2554
2554
2552
2552
2552
2513
2513
2535
2535
2530
2530
2530
2530
2530
2530
2544
2535
2535
2535
2535
2525
2518
2518
2518
2518
2535
2557
2557
2557
2557
2557
2557
2589
2589
2579
2579
2617
2606
2606
2606
2610
2610
2610
2644
2619
2619
2606
2565
2565
2565
2565
2565
2565
2508
2521
2519
2536
2536
2530
2507
2507
2507
2521
2521
2533
2533
2533
2533
2549
2549
2549
2549
2580
2583
2583
2583
2607
2615
2615
2563
2585
2585
2547
2547
2547
2547
2557
2557
2590
2590
2605
2605
2607
2586
2581
2574
2514
2514
2514
2514
2508
2526
2526
2526
2502
2524
2529
2529
2514
2526
2494
2585
2585
2570
2572
2572
2572
2588
2588
2588
2608
2604
2582
2582
2582
2578
2532
2547
2535
2535
2547
2547
2547
2547
2547
2544
2544
2544
2537
2537
2537
2537
2586
2532
2532
2532
2532
2532
2557
2557
2601
2601
2601
2579
2579
2591
2570
2589
2589
2575
2575
2575
2587
2587
2587
2587
2574
2574
2564
2564
2564
2566
2566
2566
2552
2544
2573
2567
2567
2567
2600
2614
2589
2589
2589
2589
2589
2589
2589
2625
2625
2620
2620
2620
2620
2620
2646
2652
2601
2601
2601
2601
2601
2601
2601
2601
2603
2612
2606
2593
2600
2600
2600
2592
2587
2584
2584
2575
2558
2558
2558
2595
2596
2554
2554
2575
2606
2603
2603
2603
2562
2562
2562
2562
2555
2555
2555
2555
2541
2541
2580
2580
2580
2571
2571
2590
2590
2590
2588
2597
2578
2578
2578
2565
2590
2577
2577
2555
2588
2588
2576
2576
2576
2576
2589
2581
2581
2581
2581
2581
2591
2588
2588
2588
2579
2559
2559
2559
2559
2549
2549
2549
2549
2549
2562
2562
2562
2562
2546
2543
2523
2523
2523
2517
2508
2508
2508
2508
2495
2495
2495
2495
2523
2523
2523
2523
2523
2495
2495
2490
2490
2478
2479
2479
2479
2479
2479
2479
2479
2479
2479
2479
2479
2487
2487
2487
2487
2487
2487
2484
2480
2504
2504
2498
2498
2498
2498
2498
2498
2498
2498
2467
2467
2451
2451
2451
2477
2467
2443
2443
2443
2460
2458
2458
2458
2449
2439
2439
2439
2439
2439
2439
2439
2439
2439
2439
2439
2439
2439
2439
2439
2439
2439
2457
2510
2510
2510
2510
2510
2500
2500
2512
2512
2512
2486
2486
2486
2488
2488
2488
2573
2559
2549
2555
2550
2513
2513
2513
2501
2501
2501
2501
2537
2537
2537
2537
2537
2537
2494
2510
2510
2510
2510
2510
2513
2513
2500
2500
2500
2479
2484
2484
2484
2484
2473
2473
2473
2477
2477
2477
2477
2477
2477
2477
2477
2477
2477
2498
2498
2498
2498
2498
2498
2498
2498
2498
2498
2498
2498
2498
2498
2498
2498
2512
2533
2533
2533
2533
2533
2533
2533
2533
2533
2533
2519
2519
2519
2519
2519
2511
2511
2511
2516
2516
2516
2531
2491
2496
2496
2496
2496
2496
2496
2489
2489
2489
2488
2488
2488
2488
2415
2415
2415
2415
2415
2415
2423
2423
2423
2423
2423
2423
2423
2423
2423
2423
2423
2423
2423
2423
2423
2423
2423
2423
2423
2423
2423
2423
2423
2423
2423
2423
2423
2423
2445
2445
2445
2445
2445
2489
2489
2489
2489
2489
2489
2487
2487
2487
2487
2492
2496
2496
2496
2496
2496
2478
2478
2490
2490
2506
2506
2506
2500
2493
2497
2461
2461
2461
2460
2460
2454
2454
2454
2454
2454
2450
2450
2450
2450
2450
2468
2468
2468
2468
2468
2468
2468
2468
2468
2487
2487
2487
2487
2474
2474
2474
2474
2474
2474
2474
2474
2474
2474
2474
2481
2481
2481
2481
2481
2450
2450
2450
2448
2448
2448
2448
2448
2448
2443
2443
2443
2443
2443
2443
2443
2443
2443
2443
2443
2450
2421
2421
2421
2421
2421
2421
2421
2437
2418
2418
2418
2418
2418
2418
2418
2418
2418
2418
2418
2417
2417
2417
2453
2493
2493
2493
2493
2479
2479
2484
2484
2484
2484
2484
2484
2459
2459
2459
2459
2459
2452
2452
2452
2452
2452
2452
2452
2452
2452
2452
2452
2435
2435
2435
2429
2429
2429
2429
2429
2429
2429
2429
2429
2421
2474
2474
2474
2474
2474
2474
2474
2474
2474
2474
2474
2474
2474
2474
2474
2474
2474
2469
2469
2469
2471
2471
2471
2471
2471
2463
2486
2486
2486
2454
2454
2454
2454
2472
2472
2472
2472
2460
2460
2460
2460
2460
2460
2493
2495
2495
2495
2495
2495
2495
2495
2461
2461
2461
2461
2461
2461
2461
2461
2461
2461
2461
2461
2461
2461
2461
2461
2461
2461
2461
2461
2461
2461
2461
2461
2461
2472
2472
2472
2472
2472
2472
2472
2472
2464
2464
2464
2464
2431
2431
2415
2420
2416
2416
2462
2462
2462
2484
2534
2534
2534
2507
2507
2507
2493
2493
2493
2493
2493
2493
2493
2493
2502
2506
2506
2504
2503
2503
2503
2503
2503
2503
2503
2533
2533
2542
2542
2542
2542
2542
2536
2536
2536
2536
2551
2541
2541
2509
2509
2509
2509
2476
2476
2476
2481
2481
2483
2483
2458
2458
2458
2458
2458
2458
2458
2458
2458
2458
2458
2485
2485
2485
2469
2469
2469
2469
2469
2469
2469
2469
2469
2469
2469
2454
2454
2454
2498
2498
2498
2498
2498
2526
2526
2526
2526
2522
2499
2499
2496
2504
2504
2504
2504
2468
2468
2468
2468
2468
2471
2455
2455
2455
2455
2455
2455
2455
2455
2461
2461
2461
2461
2461
2461
2461
2461
2461
2461
2461
2461
2461
2461
2483
2483
2483
2498
2498
2498
2521
2498
2498
2498
2498
2498
2500
2500
2499
2514
2513
2482
2482
2482
2482
2482
2510
2510
2537
2586
2586
2578
2578
2569
2566
2566
2639
2639
2639
2639
2639
2639
2584
2584
2584
2584
2584
2584
2555
2555
2553
2553
2553
2553
2553
2553
2553
2546
2543
2543
2543
2543
2570
2570
2570
2570
2570
2570
2544
2544
2544
2544
2544
2544
2544
2544
2537
2534
2531
2531
2531
2531
2531
2531
2531
2531
2511
2507
2507
2519
2519
2540
2540
2519
2494
2494
2494
2494
2494
2494
2494
2494
2494
2494
2488
2488
2488
2491
2491
2491
2493
2493
2493
2493
2493
2493
2493
2493
2493
2493
2493
2478
2478
2478
2478
2465
2465
2465
2465
2465
2465
2465
2465
2465
2465
2465
2465
2465
2465
2465
2465
2465
2465
2465
2465
2465
2465
2465
2465
2461
2461
2461
2461
2461
2461
2461
2461
2461
2461
2461
2461
2461
2461
2461
2461
2461
2461
2461
2461
2461
2461
2461
2461
2461
2461
2461
2461
2461
2461
2461
2461
2461
2461
2461
2461
2461
2461
2461
2461
2461
2461
2466
2466
2487
2487
2487
2487
2487
2487
2487
2487
2487
2487
2487
2487
2487
2487
2487
2487
2487
2489
2489
2489
2489
2489
2489
2489
2479
2479
2479
2479
2479
2479
2479
2479
2479
2467
2467
2467
2467
2467
2467
2467
2467
2467
2467
2467
2467
2467
2467
2467
2471
2446
2446
2446
2446
2446
2446
2446
2471
2471
2471
2471
2471
2471
2471
2471
2471
2471
2471
2471
2471
2475
2475
2475
2475
2475
2475
2475
2475
2475
2475
2471
2471
2471
2471
2471
2471
2471
2471
2484
2484
2484
2484
2471
2471
2471
2478
2478
2478
2494
2494
2472
2472
2472
2472
2472
2472
2472
2472
2472
2472
2472
2472
2472
2472
2472
2472
2472
2472
2498
2498
2498
2498
2498
2498
2498
2498
2498
2482
2482
2482
2482
2482
2480
2480
2480
2480
2480
2480
2472
2472
2472
2472
2483
2483
2483
2483
2483
2483
2470
2470
2470
2469
2469
2459
2459
2459
2459
2459
2459
2459
2459
2459
2459
2459
2459
2459
2459
2459
2459
2459
2459
2459
2459
2459
2459
2459
2459
2459
2459
2459
2459
2459
2459
2459
2459
2459
2459
2459
2459
2459
2459
2459
2459
2459
2459
2459
2459
2459
2459
2459
2459
2459
2459
2459
2459
2459
2459
2459
2459
2459
2459
2459
2459
2459
2474
2474
2474
2472
2472
2472
2472
2472
2495
2495
2495
2495
2468
2468
2468
2468
2468
2468
2468
2468
2468
2468
2468
2468
2468
2468
2468
2468
2468
2468
2468
2468
2468
2455
2455
2455
2450
2467
2467
2467
2467
2467
2467
2467
2467
2467
2475
2475
2491
2491
2491
2491
2491
2491
2491
2491
2468
2468
2468
2468
2468
2468
2468
2468
2468
2468
2468
2468
2468
2468
2468
2468
2473
2473
2473
2473
2473
2473
2473
2473
2473
2477
2477
2477
2477
2477
2477
2477
2477
2477
2477
2477
2477
2477
2477
2482
2482
2482
2482
2480
2480
2480
2480
2480
2480
2480
2480
2480
2480
2480
2480
2480
2481
2481
2481
2481
2481
2481
2481
2501
2498
2498
2498
2498
2498
2498
2498
2498
2498
2498
2498
2498
2498
2498
2498
2498
2498
2498
2498
2498
2502
2502
2502
2502
2502
2502
2502
2502
2502
2502
2502
2502
2502
2502
2502
2502
2502
2502
2502
2502
2502
2502
2502
2502
2500
2500
2500
2500
2500
2500
2500
2500
2500
2500
2500
2500
2500
2500
2500
2491
2491
2491
2491
2491
2491
2491
2496
2509
2509
2510
2507
2507
2472
2472
2472
2472
2472
2472
2472
2472
2472
2472
2472
2472
2472
2472
2472
2472
2472
2472
2472
2472
2472
2472
2472
2472
2472
2472
2455
2455
2455
2455
2455
2455
2455
2455
2445
2445
2445
2445
2445
2445
2445
2445
2445
2445
2445
2445
2445
2445
2445
2445
2445
2445
2445
2445
2445
2445
2445
2445
2445
2445
2445
2445
2445
2445
2445
2445
2445
2445
2445
2445
2445
2445
2445
2445
2445
2445
2445
2445
2445
2445
2445
2445
2445
2445
2445
2445
2445
2445
2445
2445
2445
2445
2445
2445
2445
2445
2445
2445
2445
2445
2445
2445
2445
2445
2445
2445
2445
2445
2445
2445
2445
2445
2445
2455
2455
2455
2455
2455
2455
2455
2455
2455
2455
2455
2455
2455
2445
2445
2445
2445
2445
2445
2445
2445
2445
2445
2445
2445
2445
2445
2445
2445
2445
2445
2445
2445
2445
2445
2445
2445
2445
2445
2445
2445
2445
2445
2445
2445
2445
2445
2445
2445
2445
2442
2442
2442
2442
2442
2442
2442
2442
2442
2442
2442
2442
2442
2442
2442
2442
2442
2442
2442
2442
2442
2442
2442
2442
2442
2442
2442
2442
2442
2442
2442
2442
2442
2442
2442
2442
2442
2442
2442
2442
2442
2442
2442
2442
2442
2442
2442
2442
2442
2442
2442
2442
2442
2442
2442
2442
2442
2442
2442
2442
2413
2413
2413
2413
2415
2415
2415
2415
2415
2415
2415
2415
2415
2415
2415
2415
2415
2415
2415
2415
2413
2413
2413
2413
2413
2413
2413
2413
2413
2413
2413
2413
2413
2413
2413
2413
2413
2413
2413
2413
2413
2413
2413
2413
2413
2413
2413
2413
2413
2413
2413
2413
2413
2413
2413
2413
2413
2413
2428
2428
2428
2428
2428
2428
2428
2428
2428
2428
2428
2466
2428
2428
2428
2428
2428
2428
2428
2428
2428
2428
2428
2428
2428
2428
2428
2428
2428
2428
2428
2428
2428
2428
2428
2428
2428
2425
2425
2430
2430
2430
2430
2430
2430
2430
2416
2416
2416
2416
2416
2416
2416
2409
2410
2410
2410
2410
2410
2410
2410
2410
2410
2410
2410
2410
2410
2410
2410
2410
2410
2410
2410
2410
2410
2410
2410
2410
2410
2410
2410
2410
2416
2416
2416
2416
2416
2416
2415
2415
2415
2415
2415
2415
2415
2415
2415
2415
2415
2415
2415
2415
2415
2415
2415
2415
2415
2415
2415
2415
2415
2415
2415
2415
2415
2415
2415
2415
2415
2415
2415
2410
2410
2410
2410
2410
2410
2410
2410
2410
2410
2410
2410
2410
2410
2410
2410
2410
2410
2410
2410
2410
2410
2410
2410
2410
2410
2410
2410
2410
2410
2410
2410
2410
2410
2410
2410
2410
2410
2410
2410
2410
2410
2410
2410
2410
2410
2410
2410
2410
2410
2410
2410
2410
2410
2410
2410
2410
2410
2410
2410
2410
2410
2410
2410
2410
2410
2410
2410
2410
2410
2410
2410
2410
2410
2410
2410
2410
2410
2410
2410
2410
2410
2410
2410
2410
2410
2410
2410
2410
2410
2410
2410
2410
2410
2410
2410
2410
2410
2410
2410
2410
2410
2415
2415
2415
2415
2415
2415
2415
2415
2415
2415
2415
2415
2415
2415
2415
2415
2415
2415
2415
2415
2415
2415
2415
2415
2415
2415
2415
2415
2409
2409
2409
2409
2409
2409
2409
2409
2409
2409
2409
2409
2409
2409
2409
2409
2409
2409
2409
2409
2409
2409
2409
2409
2409
2409
2409
2409
2409
2409
2409
2409
2409
2409
2409
2409
2409
2409
2409
2409
2409
2409
2409
2409
2409
2409
2409
2409
2409
2409
2409
2409
2409
2409
2409
2409
2409
2409
2409
2409
2409
2409
2409
2409
2409
2409
2409
2409
2409
2409
2409
2409
2409
2409
2409
2409
2409
2409
2409
2409
2409
2409
2409
2409
2409
2409
2409
2409
2409
2409
2409
2409
2409
2409
2409
2409
2409
2409
2409
2409
2409
2409
2409
2409
2409
2409
2409
2409
2409
2409
2409
2409
2409
2409
2409
2409
2409
2409
2409
2409
2409
2409
2409
2409
2409
2409
2409
2409
2409
2409
2409
2409
2409
2409
2409
2409
2409
2409
2409
2409
2409
2409
2409
2409
2409
2409
2409
2409
2409
2409
2409
2409
2409
2409
2409
2409
2409
2409
2409
2409
2409
2409
2409
2409
2409
2409
2409
2409
2409
2409
2409
2409
2409
2409
2409
2409
2409
2409
2409
2409
2409
2409
2409
2409
2409
2409
2409
2409
2409
2409
2409
2409
2409
2409
2409
2409
2409
2409
2409
2409
2409
2409
2409
2409
2409
2409
2409
2409
2409
2409
2409
2409
2409
2409
2409
2409
2409
2409
2409
2409
2409
2409
2409
2409
2409
2409
2409
2409
2409
2409
2409
2409
2409
2409
2409
2409
2409
2409
2409
2409
2409
2409
2409
2409
2409
2409
2409
2409
2409
2409
2409
2409
2409
2409
2409
2409
2409
2409
2409
2409
2409
2409
2409
2409
2409
2409
2409
2409
2409
2409
2409
2409
2409
2409
2409
2409
2409
2409
2409
2409
2409
2409
2409
2409
2409
2409
2409
2409
2409
2409
2409
2409
2409
2409
2409
2409
2409
2409
2409
2409
2409
2409
2409
2409
2409
2409
2409
2409
2409
2409
2409
2409
2409
2409
2409
2409
2409
2409
2409
2409
2409
2409
2409
2409
2409
2409
2409
2409
2409
2409
2409
2409
2409
2409
2409
2409
2409
2409
2409
2409
2409
2409
2409
2409
2409
2409
2409
2409
2409
2409
2409
2409
2409
2409
2409
2409
2409
2409
2409
2409
2409
2409
2409
2409
2409
2409
2409
2409
2409
2409
2409
2409
2409
2409
2409
2409
2409
2409
2409
2409
2409
2409
2409
2409
2409
2409
2409
2409
2409
2409
2409
2409
2409
2409
2409
2409
2409
2409
2409
2409
2409
2409
2409
2409
2409
2409
2409
2409
2409
2409
2409
2409
2409
2409
2409
2409
2409
2409
2409
2409
2409
2409
2409
2409
2409
2409
2409
2409
2409
2409
2409
2409
2409
2409
2409
2409
2409
2409
2409
2409
2409
2409
2409
2409
2409
2409
2409
2409
2409
2409
2409
2409
2409
2409
2409
2409
2409
2409
2409
2409
2409
2409
2409
2409
2409
2409
2409
2409
2409
2409
2409
2409
2409
2409
2409
2409
2409
2409
2409
2409
2409
2409
2409
2409
2409
2409
2409
2409
2409
2409
2409
2409
2409
2409
2409
2409
2409
2409
2409
2409
2409
2409
2409
2409
2409
2409
2409
2409
2409
2409
2409
2409
2409
2409
2409
2409
2409
2409
2409
2409
2409
2409
2409
2409
2409
2409
2409
2409
2409
2409
2409
2409
2409
2409
2409
2409
2409
2409
2409
2409
2409
2409
2409
2409
2409
2409
2409
2409
2409
2409
2409
2409
2409
2409
2409
2409
2409
2409
2409
2409
2409
2409
2409
2409
2409
2409
2409
2409
2409
2409
2409
2409
2409
2409
2409
2409
2409
2409
2409
2409
2409
2409
2409
2409
2409
2409
2409
2409
2409
2409
2409
2409
2409
2409
2409
2409
2409
2409
2409
2409
2409
2409
2409
2409
2409
2409
2409
2409
2409
2409
2409
2409
2409
2409
2409
2409
2409
2409
2409
2409
2409
2409
2409
2409
2409
2409
2409
2409
2409
2409
2409
2409
2417
2417
2417
2417
2417
2417
2417
2417
2417
2421
2421
2421
2421
2421
2421
2421
2421
2421
2421
2421
2421
2421
2421
2421
2421
2421
2421
2421
2421
2421
2421
2421
2421
2421
2421
2421
2421
2421
2421
2421
2421
2421
2421
2421
2421
2421
2421
2421
2421
2421
2421
2424
2424
2424
2424
2424
2424
2424
2424
2424
2424
2424
2424
2424
2424
2424
2424
2424
2424
2424
2424
2424
2424
2424
2424
2424
2424
2424
2424
2424
2424
2424
2420
2420
2420
2420
2420
2420
2420
2420
2420
2420
2420
2420
2420
2420
2420
2420
2420
2420
2421
2421
2421
2421
2421
2421
2421
2421
2421
2421
2421
2421
2421
2421
2421
2421
2421
2421
2421
2421
2421
2421
2421
2421
2421
2421
2421
2421
2421
2421
2421
2421
2421
2421
2421
2421
2421
2421
2421
2421
2421
2421
2421
2421
2421
2421
2421
2421
2421
2421
2421
2421
2421
2421
2421
2421
2421
2421
2421
2421
2421
2421
2421
2421
2421
2421
2421
2421
2421
2421
2421
2421
2421
2421
2421
2421
2421
2421
2421
2421
2421
2421
2421
2421
2421
2421
2421
2421
2421
2421
2421
2421
2421
2421
2421
2421
2421
2421
2421
2421
2421
2421
2421
2421
2421
2421
2421
2421
2421
2421
2412
2412
2412
2412
2416
2416
2416
2416
2416
2416
2416
2416
2416
2423
2423
2423
2423
2423
2423
2423
2423
2423
2416
2416
2416
2416
2416
2416
2416
2416
2416
2416
2416
2416
2416
2416
2416
2416
2416
2416
2416
2416
2416
2416
2416
2416
2416
2416
2416
2416
2416
2416
2416
2416
2416
2416
2416
2416
2416
2416
2416
2416
2416
2416
2416
2416
2416
2416
2416
2416
2416
2416
2416
2416
2416
2416
2416
2416
2416
2416
2416
2416
2416
2416
2416
2416
2416
2416
2416
2417
2417
2417
2417
2417
2417
2417
2417
2417
2417
2417
2417
2417
2417
2417
2417
2417
2417
2417
2417
2417
2417
2417
2417
2417
2417
2417
2417
2417
2417
2417
2417
2417
2417
2417
2417
2417
2417
2417
2417
2413
2413
2413
2413
2413
2413
2413
2413
2413
2413
2413
2413
2413
2413
2413
2413
2413
2413
2413
2413
2413
2413
2413
2413
2413
2413
2413
2413
2413
2413
2413
2413
2413
2413
2413
2413
2413
2413
2413
2413
2413
2413
2413
2413
2413
2413
2413
2413
2413
2413
2413
2413
2413
2415
2415
2415
2415
2415
2415
2415
2415
2415
2415
2415
2415
2415
2415
2415
2415
2415
2415
2415
2415
2415
2415
2415
2415
2415
2415
2415
2415
2415
2415
2415
2415
2415
2415
2415
2415
2415
2415
2415
2415
2415
2415
2415
2415
2415
2415
2415
2415
2415
2415
2415
2415
2415
2415
2415
2415
2415
2415
2415
2415
2415
2415
2415
2415
2415
2415
2415
2415
2415
2415
2415
2415
2415
2415
2415
2415
2415
2415
2415
2415
2415
2415
2415
2415
2415
2415
2415
2415
2415
2415
2415
2415
2415
2415
2415
2415
2415
2415
2415
2415
2415
2415
2415
2415
2415
2415
2415
2415
2415
2415
2415
2415
2415
2415
2415
2415
2415
2415
2415
2415
2415
2415
2415
2415
2415
2415
2415
2415
2415
2415
2415
2415
2415
2415
2415
2415
2415
2415
2415
2415
2415
2415
2415
2415
2415
2415
2415
2415
2415
2415
2415
2415
2415
2415
2415
2415
2415
2415
2415
2415
2415
2415
2415
2415
2415
2415
2415
2415
2415
2415
2415
2415
2415
2415
2415
2415
2415
2415
2415
2415
2415
2415
2415
2415
2415
2415
2415
2415
2415
2415
2415
2415
2415
2415
2415
2415
2415
2415
2415
2415
2415
2415
2415
2415
2415
2415
2415
2415
2415
2415
2415
2415
2415
2415
2415
2415
2415
2415
2415
2415
2415
2415
2415
2415
2415
2415
2415
2415
2415
2415
2415
2415
2415
2415
2415
2415
2415
2415
2415
2415
2415
2415
2415
2415
2415
2415
2415
2415
2415
2415
2415
2415
2415
2415
2415
2415
2415
2415
2415
2415
2415
2415
2415
2415
2601
2601
2604
2604
2604
2604
2604
2599
2599
2599
2599
2599
2599
2599
2599
2595
2576
2576
2576
2576
2576
2576
2576
2576
2576
2576
2576
2576
2576
2576
2576
2564
2564
2552
2552
2552
2552
2552
2552
2552
2552
2552
2552
2552
2552
2552
2552
2552
2552
2552
2552
2552
2552
2552
2552
2552
2552
2552
2552
2552
2552
2552
2530
2530
2523
2523
2523
2523
2523
2523
2523
2523
2518
2518
2518
2505
2505
2510
2510
2510
2510
2511
2511
2511
2511
2511
2511
2511
2511
2511
2511
2509
2509
2509
2509
2509
2509
2509
2509
2509
2509
2509
2509
2509
2509
2509
2509
2509
2509
2499
2499
2499
2499
2499
2499
2499
2499
2499
2499
2499
2499
2499
2495
2495
2495
2495
2495
2495
2495
2495
2495
2495
2495
2495
2495
2495
2495
2495
2495
2495
2495
2495
2495
2495
2495
2495
2493
2493
2493
2492
2492
2492
2492
2492
2492
2492
2492
2492
2492
2492
2489
2489
2489
2489
2489
2489
2489
2489
2489
2489
2489
2489
2489
2489
2489
2489
2489
2489
2489
2489
2489
2489
2491
2491
2491
2491
2491
2491
2491
2491
2491
2491
2495
2495
2495
2495
2495
2495
2495
2495
2495
2495
2495
2495
2495
2462
2462
2462
2462
2462
2462
2462
2462
2462
2462
2462
2462
2462
2462
2462
2462
2462
2462
2462
2462
2462
2462
2462
2462
2462
2462
2462
2462
2462
2462
2462
2462
2462
2462
2462
2462
2462
2462
2462
2462
2462
2462
2462
2462
2462
2462
2462
2462
2462
2462
2462
2462
2462
2462
2462
2462
2462
2462
2462
2462
2462
2462
2462
2462
2462
2462
2458
2458
2458
2458
2458
2458
2458
2458
2458
2458
2458
2458
2458
2458
2458
2458
2458
2458
2458
2458
2458
2458
2458
2458
2458
2458
2458
2458
2458
2469
2469
2476
2476
2476
2476
2476
2476
2476
2476
2464
2464
2464
2464
2464
2464
2464
2464
2464
2464
2464
2464
2445
2445
2445
2445
2445
2445
2445
2445
2445
2445
2445
2445
2445
2445
2444
2444
2444
2447
2447
2447
2434
2434
2434
2434
2433
2433
2433
2433
2433
2433
2433
2413
2420
2420
2420
2420
2420
2420
2420
2420
2420
2420
2420
2393
2393
2393
2393
2382
2382
2382
2382
2382
2382
2382
2382
2382
2382
2382
2382
2382
2382
2382
2382
2363
2363
2363
2363
2363
2363
2363
2363
2363
2363
2363
2363
2363
2363
2363
2363
2363
2363
2363
2363
2363
2363
2363
2363
2363
2363
2359
2359
2359
2359
2359
2359
2359
2359
2359
2359
2359
2359
2359
2359
2359
2359
2359
2359
2359
2359
2359
2359
2359
2359
2359
2359
2359
2359
2359
2359
2359
2359
2359
2359
2359
2359
2359
2359
2359
2359
2359
2359
2359
2351
2351
2351
2351
2351
2351
2346
2346
2346
2346
2346
2346
2346
2346
2346
2346
2346
2348
2348
2348
2348
2348
2348
2348
2348
2348
2348
2348
2348
2348
2348
2348
2348
2348
2348
2348
2348
2348
2348
2348
2348
2348
2348
2348
2348
2348
2348
2348
2348
2348
2347
2347
2347
2347
2347
2347
2347
2347
2347
2347
2347
2347
2347
2347
2347
2347
2347
2347
2347
2347
2347
2347
2347
2347
2347
2347
2347
2347
2348
2348
2348
2348
2348
2348
2348
2348
2348
2348
2348
2348
2348
2348
2348
2348
2348
2348
2348
2348
2348
2348
2348
2348
2348
2348
2348
2348
2348
2348
2348
2348
2348
2348
2348
2348
2348
2348
2348
2348
2348
2348
2348
2348
2348
2348
2348
2348
2348
2348
2348
2348
2348
2348
2348
2348
2348
2348
2348
2347
2347
2347
2347
2347
2347
2347
2347
2347
2347
2347
2347
2347
2347
2347
2347
2347
2347
2347
2347
2347
2347
2347
2347
2347
2347
2347
2347
2347
2347
2347
2347
2347
2347
2347
2347
2347
2347
2347
2347
2347
2347
2347
2347
2347
2347
2347
2347
2347
2347
2347
2347
2347
2347
2347
2347
2347
2347
2347
2347
2347
2347
2347
2347
2347
2347
2347
2347
2347
2347
2347
2347
2347
2347
2347
2347
2347
2347
2347
2347
2347
2347
2347
2347
2347
2347
2347
2347
2347
2347
2347
2347
2347
2347
2347
2347
2347
2347
2347
2347
2347
2347
2347
2347
2347
2347
2347
2347
2347
2347
2347
2347
2347
2347
2347
2347
2347
2347
2347
2347
2347
2347
2347
2347
2347
2347
2347
2347
2347
2347
2347
2347
2347
2347
2347
2347
2347
2347
2347
2347
2347
2347
2347
2347
2347
2347
2347
2347
2347
2347
2347
2347
2347
2347
2347
2347
2347
2347
2347
2347
2347
2347
2347
2347
2347
2347
2347
2347
2347
2347
2347
2347
2347
2347
2347
2347
2347
2347
2347
2347
2347
2347
2347
2347
2347
2347
2347
2347
2347
2347
2347
2347
2347
2347
2347
2347
2347
2347
2347
2347
2347
2347
2347
2347
2347
2347
2347
2347
2347
2347
2347
2347
2347
2347
2347
2347
2347
2347
2347
2347
2347
2347
2347
2347
2347
2347
2347
2347
2347
2347
2347
2347
2347
2347
2347
2347
2347
2347
2347
2347
2349
2349
2349
2349
2349
2349
2349
2349
2349
2349
2349
2349
2349
2349
2349
2349
2349
2349
2349
2349
2349
2349
2349
2349
2349
2349
2349
2349
2349
2349
2349
2355
2355
2355
2355
2355
2355
2355
2355
2355
2355
2355
2355
2355
2355
2355
2355
2355
2355
2355
2355
2355
2355
2355
2355
2355
2355
2355
2355
2355
2355
2355
2355
2355
2355
2355
2355
2355
2355
2355
2355
2355
2355
2355
2355
2355
2355
2355
2355
2355
2355
2355
2355
2355
2355
2355
2355
2355
2355
2355
2355
2355
2355
2355
2355
2355
2355
2355
2355
2355
2355
2355
2355
2355
2355
2355
2355
2355
2355
2355
2355
2355
2355
2355
2355
2355
2355
2355
2355
2355
2355
2355
2355
2347
2347
2347
2347
2347
2347
2347
2347
2347
2347
2347
2347
2347
2347
2347
2347
2347
2347
2347
2347
2347
2347
2347
2347
2347
2347
2347
2347
2347
2347
2347
2347
2347
2347
2347
2347
2347
2347
2347
2347
2347
2347
2347
2347
2347
2347
2347
2347
2347
2347
2347
2347
2347
2347
2347
2347
2347
2347
2347
2347
2347
2347
2347
2347
2347
2347
2347
2347
2347
2347
2347
2347
2347
2347
2347
2347
2347
2347
2347
2347
2347
2347
2347
2347
2347
2347
2347
2347
2350
2350
2350
2350
2350
2350
2350
2350
2350
2350
2350
2350
2350
2350
2350
2350
2350
2350
2350
2350
2350
2350
2350
2350
2350
2350
2350
2350
2350
2350
2350
2350
2350
2350
2347
2347
2347
2347
2347
2347
2347
2347
2347
2347
2347
2347
2347
2347
2347
2347
2347
