2651
2615
2646
2606
2665
2724
2752
2690
2600
2669
2635
2665
2662
2679
2695
2648
2668
2629
2682
2647
2647
2656
2663
2639
2679
2629
2632
2693
2693
2693
2697
2705
2703
2792
2792
2752
2708
2675
2706
2731
2745
2787
2794
2794
2674
2767
2739
2725
2720
2855
2817
2807
2748
2807
2851
2851
2735
2743
2725
2725
2751
2763
2783
2775
2758
2731
2720
2826
2810
2760
2850
2848
2858
2893
2844
2831
2839
2821
2888
2916
2879
2870
2762
2664
2788
2776
2817
2827
2856
2876
2866
2908
2922
2888
2894
2884
2923
2887
2887
2923
2888
2949
2901
2917
2944
2852
2932
2902
2912
2956
2956
2873
2859
2772
2773
2785
2785
2811
2801
2660
2769
2757
2714
2646
2766
2757
2729
2774
2732
2656
2677
2677
2746
2792
2793
2765
2764
2742
2732
2760
2760
2751
2768
2768
2744
2725
2708
2717
2781
2842
2922
2877
2952
2881
2796
2804
2803
2775
2753
2783
2790
2819
2871
2852
2863
2808
2813
2825
2831
2860
2822
2797
2707
2734
2772
2814
2807
2795
2767
2800
2787
2788
2782
2707
2722
2722
2663
2663
2722
2756
2633
2683
2683
2666
2666
2666
2685
2658
2670
2664
2615
2589
2588
2554
2615
2575
2538
2564
2548
2553
2602
2609
2557
2557
2517
2584
2652
2748
2748
2711
2711
2686
2700
2811
2797
2797
2795
2802
2847
2836
2760
2760
2847
2847
2847
2841
2884
2884
2884
2932
2859
2946
2905
3000
2993
2945
2998
3001
2951
2962
2996
2959
2926
2914
2928
2915
2924
2711
2711
2724
2724
2796
2753
2737
2768
2768
2789
2789
2672
2641
2609
2648
2682
2684
2620
2656
2664
2656
2656
2663
2656
2624
2634
2639
2661
2656
2708
2688
2705
2589
2708
2674
2729
2729
2672
2609
2727
2667
2668
2732
2770
2726
2673
2748
2730
2741
2741
2731
2730
2730
2768
2760
2779
2716
2732
2732
2729
2729
2787
2847
2770
2770
2718
2801
2836
2817
2818
2866
2894
2947
2847
2886
2901
2838
2864
2864
2810
2810
2826
2897
2935
2934
2865
2909
2922
2855
2855
2855
2857
2774
2710
2757
2709
2729
2765
2817
2807
2827
2793
2815
2852
2737
2737
2748
2680
2769
2738
2781
2833
2826
2825
2917
2850
2838
2765
2765
2765
2775
2763
2760
2672
2606
2623
2704
2726
2749
2761
2864
2923
2863
2791
2920
2920
2924
2875
2835
2778
2813
2784
2826
2824
2796
2747
2728
2755
2736
2711
2711
2823
2854
2846
2891
2873
2863
2761
2833
2802
2804
2828
2829
2763
2684
2776
2744
2741
2744
2735
2735
2799
2762
2743
2773
2814
2825
2794
2789
2867
2867
2867
2884
2843
2866
2851
2866
2825
2801
2774
2872
2862
2859
2863
2860
2819
2792
2833
2873
2835
2777
2840
2840
2834
2805
2786
2769
2655
2676
2662
2747
2751
2697
2709
2729
2757
2757
2725
2733
2743
2799
2761
2761
2784
2780
2765
2684
2738
2686
2693
2684
2708
2684
2670
2722
2722
2618
2618
2644
2648
2734
2735
2740
2748
2730
2729
2698
2767
2755
2787
2793
2806
2775
2775
2794
2697
2803
2795
2846
2868
2803
2765
2745
2771
2759
2767
2813
2767
2766
2758
2770
2824
2810
2795
2811
2733
2760
2783
2843
2726
2731
2720
2732
2695
2799
2755
2839
2800
2786
2791
2802
2780
2848
2849
2849
2787
2760
2758
2750
2820
2797
2737
2758
2748
2745
2769
2698
2689
2758
2758
2828
2803
2824
2775
2752
2770
2761
2777
2778
2797
2804
2761
2761
2786
2794
2755
2758
2852
2878
2878
2815
2787
2773
2850
2773
2790
2786
2832
2782
2714
2691
2692
2727
2752
2741
2747
2657
2657
2721
2761
2784
2815
2829
2657
2757
2749
2749
2619
2634
2622
2703
2676
2731
2756
2695
2699
2731
2714
2701
2696
2558
2696
2694
2689
2743
2773
2706
2766
2768
2765
2799
2884
2903
2837
2803
2837
2837
2694
2630
2663
2728
2722
2791
2856
2810
2795
2887
2850
2832
2815
2803
2726
2704
2765
2813
2895
2867
2926
2925
2910
2955
2940
2871
2861
2852
2867
2889
2918
2968
2899
2917
2904
2891
2799
2804
2819
2744
2744
2749
2809
2773
2814
2784
2817
2806
2909
2917
2937
2925
2931
2899
2877
2867
2853
2834
2846
2813
2807
2740
2783
2749
2655
2614
2647
2681
2681
2717
2723
2705
2717
2807
2802
2748
2776
2797
2788
2773
2774
2787
2824
2825
2787
2680
2678
2683
2728
2714
2702
2685
2755
2846
2852
2841
2749
2747
2696
2828
2748
2841
2826
2783
2804
2612
2594
2579
2796
2753
2610
2613
2661
2617
2619
2617
2597
2631
2592
2455
2491
2491
2530
2521
2517
2535
2661
2658
2620
2645
2640
2631
2631
2729
2787
2768
2827
2775
2804
2833
2697
2655
2667
2689
2699
2735
2727
2706
2680
2745
2742
2803
2709
2846
2835
2870
2745
2772
2797
2778
2775
2760
2711
2726
2762
2760
2717
2678
2768
2715
2665
2737
2805
2770
2741
2807
2867
2849
2850
2823
2817
2771
2793
2804
2800
2824
2839
2833
2830
2916
2879
2872
2807
2823
2823
2859
2857
2917
2829
2829
2821
2759
2746
2743
2675
2658
2697
2769
2833
2836
2743
2749
2719
2744
2746
2752
2739
2758
2783
2816
2847
2847
2750
2789
2775
2819
2833
2891
2819
2870
2866
2819
2704
2714
2731
2671
2676
2668
2668
2639
2630
2609
2625
2652
2639
2649
2787
2774
2791
2892
2883
2835
2771
2742
2742
2716
2763
2689
2689
2717
2733
2740
2710
2855
2838
2763
2743
2743
2754
2692
2647
2658
2718
2713
2793
2793
2838
2770
2765
2765
2694
2733
2732
2781
2753
2713
2662
2662
2662
2662
2649
2649
2680
2731
2731
2765
2774
2733
2812
2867
2861
2861
2830
2820
2820
2762
2767
2821
2845
2828
2691
2675
2622
2678
2622
2622
2592
2630
2693
2723
2729
2682
2664
2680
2694
2735
2703
2808
2814
2959
2870
2823
2845
2781
2777
2701
2668
2737
2746
2741
2747
2825
2890
2914
2825
2842
2813
2876
2875
2875
2851
2840
2862
2815
2815
2847
2817
2749
2853
2872
2876
2781
2798
2882
2914
2847
2847
2916
2776
2770
2738
2728
2706
2643
2643
2652
2685
2744
2745
2746
2746
2746
2778
2715
2732
2814
2770
2759
2761
2749
2719
2753
2706
2675
2732
2732
2738
2664
2630
2606
2715
2768
2773
2814
2671
2703
2691
2705
2716
2730
2730
2719
2732
2743
2777
2586
2595
2595
2655
2689
2686
2693
2632
2645
2711
2764
2751
2801
2764
2766
2789
2785
2775
2834
2730
2809
2714
2784
2746
2809
2888
2923
2788
2777
2754
2770
2742
2707
2711
2752
2752
2731
2707
2814
2724
2724
2727
2764
2815
2775
2743
2775
2731
2731
2817
2857
2843
2875
2908
2871
2940
2913
2867
2823
2848
2792
2865
2913
2913
2984
2927
2927
2949
2939
2930
2944
2923
2943
2881
2901
2906
2834
2950
2906
2942
2999
2982
2861
2827
2793
2771
2775
2781
2812
2769
2683
2783
2758
2766
2828
2811
2789
2716
2694
2694
2770
2821
2840
2814
2726
2731
2714
2667
2706
2750
2737
2709
2765
2756
2806
2773
2866
2752
2762
2688
2685
2738
2738
2674
2734
2744
2754
2743
2709
2670
2640
2694
2694
2713
2728
2681
2673
2654
2633
2598
2673
2662
2642
2652
2748
2747
2738
2795
2768
2689
2729
2745
2769
2823
2807
2762
2812
2823
2836
2829
2841
2857
2816
2821
2784
2693
2756
2691
2674
2759
2765
2721
2711
2666
2681
2682
2774
2811
2760
2785
2780
2854
2872
2878
2941
2942
2887
2895
2937
2989
2967
2928
2888
2945
2924
2916
2867
2749
2710
2731
2697
2648
2603
2594
2716
2679
2804
2786
2803
2785
2815
2775
2753
2801
2782
2782
2898
2869
2869
2917
2856
2904
2905
2841
2841
2888
2804
2804
2729
2729
2790
2798
2798
2736
2669
2780
2788
2788
2788
2704
2704
2704
2785
2733
2708
2708
2783
2765
2788
2765
2775
2832
2805
2878
2862
2928
2955
2947
2890
2905
2959
2826
2805
2795
2865
2828
2849
2891
2791
2690
2763
2786
2803
2777
2887
2892
2790
2839
2792
2799
2816
2816
2838
2779
2812
2713
2786
2750
2690
2696
2751
2777
2775
2727
2718
2732
2764
2764
2732
2792
2756
2688
2647
2670
2642
2649
2771
2782
2843
2858
2785
2749
2713
2707
2691
2671
2763
2714
2721
2717
2752
2766
2766
2766
2754
2777
2780
2813
2814
2774
2808
2806
2830
2818
2797
2779
2735
2775
2775
2817
2861
2862
2855
2832
2839
2890
2803
2674
2674
2735
2775
2775
2751
2751
2806
2750
2750
2770
2772
2676
2676
2704
2756
2764
2757
2801
2788
2760
2771
2713
2780
2730
2732
2721
2770
2726
2726
2736
2761
2759
2730
2767
2775
2794
2820
2761
2789
2776
2777
2714
2631
2600
2640
2638
2607
2707
2748
2785
2744
2756
2769
2665
2769
2747
2801
2725
2673
2659
2660
2611
2656
2669
2704
2725
2725
2733
2918
2969
2986
2986
2966
2909
2958
2947
2871
2871
2894
2960
2952
2934
2857
2857
2923
2859
2808
2772
2825
2854
2867
2903
2854
2825
2815
2749
2765
2736
2742
2746
2858
2866
2946
2954
2954
2954
2897
2865
2987
2948
2933
2921
2882
2797
2830
2789
2739
2739
2789
2846
2888
2755
2755
2755
2709
2733
2758
2696
2710
2669
2667
2640
2652
2679
2725
2699
2699
2783
2900
2661
2651
2832
2832
2799
2793
2768
2767
2870
2905
2912
2886
2876
2890
2841
2827
2836
2902
2888
2823
2779
2766
2773
2782
2721
2719
2719
2649
2706
2706
2768
2783
2733
2727
2771
2832
2838
2838
2819
2692
2707
2718
2709
2718
2689
2670
2655
2634
2660
2621
2621
2592
2631
2631
2667
2680
2701
2640
2779
2746
2792
2785
2776
2764
2776
2741
2741
2750
2840
2819
2780
2838
2879
2899
2917
2905
2778
2760
2713
2712
2718
2720
2720
2665
2723
2768
2768
2775
2773
2827
2766
2850
2889
2826
2827
2790
2787
2792
2789
2854
2880
2877
2817
2792
2792
2780
2759
2759
2768
2747
2767
2752
2715
2712
2727
2727
2830
2871
2871
2907
3026
2969
2952
2963
3000
3006
2991
2993
2955
2881
2934
2937
2961
2998
2967
2920
2938
2904
2944
2878
2951
2878
2878
2866
2843
2843
2859
2724
2730
2835
2797
2789
2782
2712
2722
2713
2740
2740
2712
2653
2707
2739
2739
2762
2769
2733
2630
2634
2634
2631
2619
2619
2646
2667
2768
2824
2828
2857
2887
2941
2942
2954
2954
2900
2674
2732
2694
2708
2733
2733
2721
2686
2632
2660
2643
2689
2680
2688
2718
2676
2672
2692
2735
2877
2897
2900
2907
2799
2946
2973
2973
3012
3027
2993
2924
2922
2873
2895
2900
2873
2925
2902
2815
2847
2791
2815
2820
2866
2814
2624
2633
2654
2656
2712
2665
2652
2610
2639
2639
2648
2671
2725
2725
2741
2749
2713
2671
2670
2663
2636
2618
2657
2711
2733
2753
2753
2739
2616
2633
2594
2594
2626
2587
2662
2662
2674
2667
2667
2715
2695
2705
2723
2739
2656
2630
2626
2718
2718
2690
2690
2721
2676
2695
2706
2659
2628
2718
2726
2726
2690
2782
2751
2737
2737
2794
2794
2824
2830
2774
2724
2770
2770
2764
2784
2740
2656
2651
2655
2603
2580
2580
2627
2627
2642
2653
2683
2672
2653
2627
2627
2709
2807
2794
2794
2813
2867
2836
2824
2884
2813
2786
2759
2850
2826
2755
2754
2679
2687
2765
2744
2800
2751
2769
2741
2747
2773
2710
2661
2793
2836
2854
2946
2953
2913
2927
2858
2817
2814
2830
2811
2885
2837
2837
2790
2813
2821
2804
2808
2765
2756
2765
2765
2765
2767
2802
2778
2736
2736
2728
2754
2767
2775
2711
2706
2706
2642
2652
2714
2671
2717
2701
2748
2722
2761
2730
2754
2738
2770
2633
2636
2636
2656
2611
2628
2724
2679
2666
2714
2638
2793
2765
2740
2740
2781
2781
2875
2800
2784
2747
2782
2777
2777
2786
2786
2814
2713
2674
2674
2748
2749
2756
2758
2846
2850
2810
2868
2827
2809
2806
2792
2722
2695
2683
2591
2653
2626
2618
2656
2656
2691
2708
2738
2777
2755
2777
2786
2786
2777
2743
2743
2753
2700
2704
2716
2728
2775
2794
2709
2709
2781
2781
2781
2777
2785
2676
2676
2672
2709
2759
2746
2749
2811
2751
2751
2761
2744
2702
2702
2702
2729
2756
2799
2857
2904
2866
2813
2847
2829
2754
2754
2793
2715
2815
2788
2820
2789
2789
2789
2596
2641
2698
2672
2669
2669
2629
2629
2644
2687
2668
2745
2764
2764
2815
2705
2632
2656
2638
2648
2630
2630
2620
2620
2722
2744
2747
2802
2823
2808
2843
2841
2851
2793
2772
2818
2859
2825
2764
2764
2763
2783
2770
2738
2686
2708
2676
2676
2676
2766
2766
2774
2774
2774
2919
2915
2946
2850
2915
2989
2960
3014
3021
3021
3050
3050
2998
2980
2953
2895
2895
2895
2902
2853
2855
2802
2780
2805
2774
2810
2769
2634
2664
2697
2732
2808
2834
2825
2807
2754
2730
2730
2730
2761
2892
2904
2850
2850
2850
2795
2740
2797
2794
2794
2799
2837
2837
2846
2881
2866
2866
2863
2867
2856
2796
2778
2759
2777
2806
2793
2802
2815
2822
2836
2847
2863
2847
2877
2849
2825
2801
2801
2805
2842
2842
2798
2718
2749
2694
2661
2664
2640
2616
2626
2630
2654
2654
2565
2566
2622
2622
2664
2672
2660
2663
2604
2604
2604
2672
2753
2776
2753
2742
2742
2749
2748
2762
2726
2759
2774
2786
2716
2780
2785
2630
2630
2717
2766
2773
2797
2619
2656
2692
2679
2682
2872
2920
2859
2857
2892
2802
2800
2767
2807
2859
2859
2906
2798
2826
2838
2838
2898
2855
2837
2998
3028
2928
2927
2931
2931
2811
2691
2779
2819
2860
2868
2888
2778
2778
2762
2826
2763
2730
2844
2821
2916
2941
2941
2953
2889
2852
2881
2817
2795
2889
2853
2732
2754
2734
2745
2918
2895
2858
2849
2926
2878
2744
2734
2727
2727
2732
2778
2819
2789
2772
2768
2717
2710
2671
2701
2718
2836
2806
2745
2705
2690
2729
2761
2737
2737
2737
2800
2811
2774
2817
2753
2713
2743
2738
2750
2758
2758
2846
2940
2910
2899
2827
2834
2764
2748
2759
2703
2703
2666
2627
2627
2627
2630
2602
2626
2663
2657
2661
2653
2664
2740
2740
2853
2863
2863
2732
2796
2788
2760
2759
2759
2741
2733
2717
2686
2652
2740
2740
2784
2692
2719
2736
2719
2719
2647
2671
2648
2737
2716
2781
2723
2694
2698
2698
2722
2769
2705
2746
2740
2750
2770
2804
2789
2789
2785
2794
2794
2857
2880
2892
2798
2792
2785
2767
2786
2752
2752
2752
2737
2712
2712
2718
2841
2774
2774
2848
2785
2752
2816
2816
2810
2828
2810
2829
2858
2858
2874
2852
2772
2738
2711
2636
2654
2654
2684
2743
2733
2720
2850
2726
2801
2761
2790
2771
2728
2728
2700
2700
2636
2651
2651
2664
2668
2664
2637
2625
2658
2707
2829
2809
2687
2817
2801
2836
2816
2733
2770
2779
2758
2761
2761
2764
2685
2622
2640
2640
2631
2728
2745
2681
2569
2681
2746
2742
2742
2797
2922
2976
2958
2786
2801
2808
2785
2803
2692
2664
2706
2716
2716
2716
2605
2571
2571
2620
2732
2750
2623
2623
2665
2665
2674
2649
2646
2657
2622
2622
2605
2622
2583
2583
2550
2620
2626
2661
2792
2710
2687
2666
2642
2720
2738
2738
2745
2754
2799
2871
2899
2926
2921
2890
2822
2837
2752
2752
2693
2684
2637
2613
2629
2682
2790
2840
2840
2794
2855
2805
2728
2726
2733
2730
2742
2735
2780
2768
2826
2800
2797
2796
2795
2802
2810
2795
2788
2757
2677
2715
2691
2747
2747
2730
2737
2690
2652
2657
2721
2721
2838
2892
2887
2849
2766
2766
2719
2810
2721
2722
2702
2706
2697
2824
2770
2749
2744
2770
2783
2774
2744
2837
2837
2837
2769
2769
2714
2724
2732
2697
2569
2565
2541
2541
2541
2558
2580
2598
2631
2627
2594
2626
2653
2653
2653
2726
2705
2762
2755
2720
2794
2837
2809
2791
2787
2724
2704
2732
2732
2791
2686
2685
2712
2735
2735
2677
2664
2705
2812
2769
2782
2771
2771
2719
2719
2678
2602
2602
2662
2688
2674
2708
2665
2651
2611
2632
2648
2647
2786
2709
2705
2724
2713
2715
2704
2671
2748
2688
2688
2667
2650
2617
2675
2627
2746
2746
2792
2756
2715
2726
2636
2611
2584
2581
2606
2694
2695
2750
2780
2768
2662
2662
2653
2613
2677
2661
2668
2628
2623
2662
2662
2651
2589
2643
2634
2635
2637
2694
2694
2704
2704
2703
2706
2735
2732
2733
2733
2733
2716
2747
2762
2714
2706
2765
2778
2751
2773
2803
2778
2778
2709
2733
2812
2860
2845
2792
2792
2799
2827
2827
2792
2792
2875
2885
2886
2788
2706
2680
2672
2689
2686
2686
2639
2701
2721
2801
2781
2783
2774
2716
2777
2798
2752
2667
2599
2646
2624
2609
2690
2751
2775
2792
2788
2736
2710
2710
2734
2774
2795
2795
2721
2726
2736
2736
2646
2708
2745
2688
2559
2587
2613
2613
2613
2613
2613
2597
2597
2559
2541
2565
2558
2658
2570
2570
2606
2591
2591
2611
2683
2666
2688
2717
2717
2717
2715
2756
2788
2791
2828
2841
2692
2685
2749
2731
2731
2749
2814
2728
2719
2739
2787
2754
2683
2683
2715
2691
2669
2666
2714
2683
2700
2653
2635
2625
2647
2700
2720
2713
2734
2686
2724
2780
2780
2752
2664
2736
2654
2643
2657
2647
2652
2624
2624
2653
2696
2684
2623
2661
2650
2650
2628
2628
2628
2648
2664
2685
2638
2658
2709
2650
2740
2740
2767
2811
2775
2780
2754
2787
2795
2818
2818
2847
2885
2884
2854
2851
2768
2768
2797
2791
2785
2760
2771
2790
2790
2790
2806
2799
2769
2788
2788
2831
2831
2872
2664
2691
2759
2759
2825
2825
2912
2912
2841
2790
2785
2785
2734
2752
2715
2731
2795
2748
2597
2610
2610
2656
2692
2692
2668
2608
2606
2589
2588
2630
2632
2638
2632
2632
2627
2584
2626
2659
2683
2651
2651
2763
2700
2700
2707
2707
2718
2656
2523
2621
2630
2606
2606
2640
2618
2613
2613
2607
2566
2594
2594
2594
2594
2564
2564
2575
2539
2626
2625
2625
2694
2680
2646
2667
2667
2673
2728
2721
2726
2634
2714
2631
2602
2602
2660
2703
2693
2693
2729
2688
2688
2721
2717
2750
2757
2757
2712
2672
2669
2669
2734
2722
2742
2738
2707
2722
2702
2695
2695
2687
2733
2732
2717
2717
2702
2702
2702
2685
2685
2624
2608
2627
2577
2711
2734
2706
2706
2687
2687
2754
2795
2796
2796
2728
2684
2757
2683
2675
2675
2743
2838
2808
2808
2864
2901
2871
2871
2784
2841
2841
2817
2784
2748
2745
2798
2792
2792
2812
2761
2761
2761
2768
2863
2956
2922
2891
2904
3019
2919
2941
2859
2845
2896
2896
2870
2839
2790
2699
2742
2742
2807
2807
2807
2831
2772
2709
2788
2727
2727
2824
2775
2761
2774
2738
2745
2766
2689
2826
2768
2704
2712
2711
2681
2808
2808
2779
2781
2779
2753
2714
2769
2824
2830
2836
2837
2828
2828
2829
2841
2763
2761
2706
2706
2760
2755
2755
2719
2715
2715
2742
2827
2820
2824
2789
2868
2759
2759
2733
2795
2791
2773
2751
2823
2801
2839
2839
2837
2797
2739
2765
2746
2817
2832
2816
2816
2816
2788
2753
2762
2727
2688
2673
2717
2750
2750
2749
2749
2780
2776
2742
2622
2622
2572
2640
2723
2649
2649
2601
2573
2573
2609
2626
2626
2619
2619
2641
2618
2633
2663
2563
2634
2598
2598
2598
2598
2598
2613
2612
2612
2645
2684
2684
2684
2705
2794
2761
2707
2724
2761
2771
2694
2705
2705
2773
2751
2709
2729
2775
2751
2748
2700
2692
2692
2651
2651
2664
2727
2727
2721
2648
2613
2546
2580
2593
2588
2603
2584
2658
2689
2670
2698
2670
2691
2697
2656
2641
2702
2721
2742
2753
2713
2705
2745
2739
2779
2767
2767
2787
2770
2764
2696
2725
2725
2671
2671
2821
2880
2893
2909
2834
2805
2826
2796
2814
2836
2836
2836
2839
2830
2750
2768
2768
2768
2789
2696
2697
2661
2665
2629
2677
2674
2674
2793
2793
2793
2792
2755
2753
2685
2685
2736
2725
2773
2737
2735
2656
2635
2693
2696
2725
2790
2822
2840
2843
2843
2809
2809
2752
2780
2780
2780
2773
2755
2678
2743
2734
2734
2822
2822
2874
2823
2763
2770
2679
2789
2815
2711
2690
2722
2671
2702
2740
2730
2777
2746
2771
2832
2832
2819
2819
2810
2846
2830
2802
2750
2750
2757
2741
2768
2741
2723
2723
2647
2642
2649
2649
2649
2676
2657
2673
2690
2690
2681
2628
2597
2616
2597
2583
2616
2663
2648
2673
2673
2673
2673
2673
2668
2676
2707
2704
2697
2691
2713
2706
2706
2764
2764
2815
2740
2688
2727
2752
2735
2735
2738
2738
2697
2742
2683
2741
2741
2741
2700
2795
2771
2757
2791
2822
2822
2864
2822
2835
2820
2820
2733
2733
2736
2792
2793
2764
2781
2760
2727
2717
2803
2831
2831
2797
2791
2822
2793
2744
2713
2781
2759
2725
2727
2666
2666
2640
2651
2600
2607
2607
2607
2607
2607
2611
2629
2629
2629
2674
2674
2674
2709
2767
2680
2685
2685
2685
2685
2702
2734
2688
2746
2746
2746
2773
2761
2761
2723
2686
2662
2578
2605
2606
2606
2606
2580
2569
2569
2648
2630
2590
2596
2596
2659
2709
2638
2627
2657
2657
2728
2742
2618
2699
2742
2731
2739
2682
2765
2794
2666
2644
2696
2694
2689
2721
2640
2677
2677
2790
2806
2822
2720
2692
2687
2687
2714
2763
2773
2769
2784
2784
2784
2784
2888
2784
2776
2766
2745
2745
2758
2776
2776
2857
2860
2876
2871
2783
2723
2713
2685
2695
2659
2659
2642
2707
2690
2690
2635
2703
2726
2676
2655
2649
2695
2695
2686
2686
2686
2571
2624
2604
2680
2680
2690
2620
2583
2583
2592
2638
2688
2679
2655
2686
2684
2758
2739
2744
2744
2744
2744
2744
2770
2758
2758
2758
2733
2662
2687
2687
2687
2687
2672
2671
2647
2686
2692
2693
2644
2638
2638
2720
2744
2662
2730
2788
2725
2780
2740
2769
2714
2714
2823
2912
2860
2750
2616
2621
2648
2648
2648
2818
2839
2902
2881
2858
2813
2813
2816
2832
2868
2868
2868
2879
2932
2877
2718
2715
2618
2643
2637
2637
2637
2637
2667
2667
2668
2678
2687
2735
2735
2750
2772
2773
2781
2802
2755
2761
2689
2689
2621
2625
2677
2677
2677
2663
2684
2702
2708
2708
2722
2673
2673
2600
2600
2683
2611
2630
2661
2661
2698
2698
2731
2689
2698
2748
2761
2761
2775
2718
2721
2578
2583
2583
2583
2545
2545
2545
2545
2545
2589
2583
2548
2578
2578
2601
2618
2655
2723
2739
2730
2744
2786
2786
2766
2761
2754
2745
2677
2699
2688
2688
2688
2688
2678
2656
2681
2677
2678
2625
2609
2609
2769
2832
2832
2785
2830
2800
2800
2751
2829
2833
2829
2805
2830
2839
2839
2823
2757
2759
2728
2693
2693
2680
2660
2660
2655
2654
2645
2663
2646
2572
2572
2541
2632
2673
2673
2673
2673
2673
2616
2644
2644
2644
2644
2627
2627
2706
2678
2652
2658
2658
2658
2681
2681
2705
2708
2721
2728
2728
2730
2719
2727
2720
2720
2720
2681
2681
2703
2677
2725
2755
2755
2661
2661
2658
2658
2670
2635
2635
2638
2638
2688
2674
2682
2682
2649
2714
2663
2663
2611
2596
2596
2596
2606
2643
2642
2641
2664
2645
2618
2604
2604
2598
2589
2543
2592
2595
2592
2592
2615
2615
2646
2635
2653
2621
2640
2654
2669
2654
2694
2694
2708
2702
2706
2726
2727
2727
2727
2714
2728
2711
2711
2711
2789
2789
2795
2778
2764
2690
2730
2776
2776
2807
2835
2870
2795
2812
2812
2808
2917
2884
2869
2880
2858
2852
2917
2923
2820
2862
2862
2805
2805
2835
2817
2915
2868
2838
2763
2778
2753
2766
2755
2811
2805
2752
2726
2726
2703
2731
2731
2695
2690
2674
2676
2616
2616
2600
2608
2668
2668
2631
2706
2663
2670
2654
2579
2643
2643
2643
2643
2614
2653
2696
2696
2657
2657
2652
2652
2566
2554
2542
2542
2542
2573
2614
2614
2597
2567
2469
2444
2504
2502
2502
2502
2570
2570
2570
2564
2615
2594
2641
2641
2596
2637
2671
2671
2627
2659
2659
2702
2702
2702
2718
2729
2779
2779
2777
2797
2797
2739
2739
2703
2703
2706
2716
2646
2646
2640
2618
2665
2636
2636
2635
2646
2646
2646
2606
2607
2710
2661
2668
2679
2713
2713
2713
2809
2809
2778
2787
2806
2842
2816
2836
2877
2877
2854
2778
2783
2752
2740
2747
2745
2809
2805
2805
2775
2788
2686
2694
2695
2645
2532
2557
2557
2531
2656
2644
2683
2672
2672
2683
2683
2683
2762
2797
2797
2798
2790
2825
2790
2767
2793
2818
2818
2809
2774
2741
2779
2784
2776
2752
2752
2752
2738
2733
2657
2628
2614
2563
2563
2576
2576
2576
2556
2556
2577
2572
2621
2621
2652
2579
2568
2568
2568
2568
2614
2660
2627
2616
2616
2616
2632
2632
2632
2629
2637
2637
2640
2637
2592
2594
2576
2615
2615
2615
2636
2618
2618
2618
2618
2618
2585
2570
2570
2570
2570
2597
2517
2518
2531
2582
2548
2568
2580
2598
2633
2647
2648
2610
2617
2617
2665
2667
2681
2714
2712
2757
2778
2842
2844
2774
2774
2701
2703
2703
2703
2703
2669
2601
2569
2556
2556
2556
2556
2556
2606
2544
2593
2595
2545
2629
2658
2713
2612
2629
2629
2589
2616
2616
2647
2637
2656
2656
2656
2656
2643
2665
2666
2650
2634
2617
2623
2613
2642
2650
2705
2688
2708
2618
2552
2556
2533
2533
2576
2576
2576
2576
2576
2625
2656
2659
2850
2850
2825
2757
2739
2743
2738
2740
2762
2893
2823
2802
2784
2784
2803
2790
2783
2825
2813
2819
2757
2730
2718
2718
2699
2699
2701
2701
2701
2773
2773
2747
2747
2707
2699
2609
2612
2612
2612
2612
2657
2656
2746
2753
2717
2717
2717
2705
2705
2693
2765
2789
2795
2825
2825
2824
2797
2790
2802
2789
2797
2736
2635
2639
2646
2646
2641
2641
2664
2664
2672
2672
2672
2628
2633
2661
2661
2631
2668
2668
2668
2630
2628
2600
2600
2624
2603
2603
2603
2617
2596
2616
2616
2616
2587
2587
2625
2663
2668
2719
2662
2685
2687
2687
2606
2606
2606
2606
2606
2618
2618
2618
2618
2618
2618
2596
2553
2536
2571
2571
2571
2585
2585
2585
2585
2629
2629
2620
2620
2620
2620
2578
2677
2674
2674
2631
2712
2666
2646
2638
2677
2644
2644
2656
2656
2656
2764
2764
2666
2651
2650
2650
2710
2682
2714
2714
2716
2722
2722
2712
2689
2679
2706
2697
2690
2645
2573
2530
2531
2531
2551
2611
2603
2558
2558
2558
2558
2558
2558
2603
2602
2697
2672
2672
2648
2648
2611
2571
2567
2598
2537
2537
2537
2574
2574
2577
2608
2610
2624
2631
2640
2640
2640
2641
2677
2628
2628
2628
2628
2599
2614
2597
2597
2597
2597
2606
2606
2606
2636
2651
2676
2666
2666
2666
2669
2669
2669
2661
2661
2661
2661
2662
2662
2695
2674
2674
2674
2674
2674
2699
2746
2746
2746
2835
2808
2802
2775
2757
2757
2765
2748
2712
2660
2656
2656
2595
2595
2595
2606
2604
2604
2604
2594
2594
2594
2551
2539
2536
2538
2557
2571
2630
2591
2587
2601
2593
2628
2656
2627
2676
2627
2630
2703
2665
2649
2676
2676
2790
2810
2744
2751
2725
2721
2783
2694
2730
2730
2696
2696
2696
2696
2716
2748
2748
2730
2758
2758
2797
2797
2769
2726
2685
2685
2691
2700
2714
2777
2726
2726
2726
2713
2732
2720
2720
2753
2722
2713
2701
2701
2703
2703
2723
2740
2736
2691
2691
2707
2707
2685
2683
2683
2669
2669
2668
2668
2677
2657
2637
2666
2666
2666
2679
2679
2737
2729
2714
2720
2728
2729
2759
2759
2777
2777
2758
2788
2785
2741
2711
2602
2610
2628
2644
2652
2607
2607
2607
2607
2598
2596
2596
2596
2596
2596
2596
2596
2597
2597
2597
2596
2635
2635
2635
2635
2654
2630
2623
2599
2607
2600
2600
2600
2600
2540
2580
2582
2563
2615
2615
2572
2572
2615
2615
2587
2587
2587
2587
2587
2582
2585
2561
2561
2565
2565
2627
2700
2694
2652
2669
2669
2669
2669
2649
2649
2649
2641
2636
2636
2636
2636
2617
2582
2582
2643
2643
2603
2594
2616
2616
2652
2652
2628
2628
2621
2646
2646
2562
2561
2561
2585
2585
2629
2629
2628
2653
2644
2626
2625
2619
2645
2629
2629
2623
2620
2620
2620
2561
2561
2545
2545
2545
2577
2522
2522
2509
2509
2504
2522
2522
2522
2558
2504
2497
2500
2500
2499
2499
2499
2578
2578
2694
2715
2689
2620
2628
2628
2639
2631
2549
2549
2536
2536
2536
2507
2473
2473
2511
2565
2582
2666
2666
2674
2702
2696
2696
2687
2690
2674
2674
2674
2695
2701
2701
2694
2727
2727
2727
2722
2722
2722
2715
2715
2685
2685
2671
2685
2680
2680
2680
2682
2657
2657
2657
2657
2677
2647
2621
2621
2659
2659
2651
2663
2663
2643
2643
2653
2653
2609
2611
2591
2651
2652
2652
2645
2645
2643
2643
2643
2665
2665
2665
2661
2661
2661
2661
2661
2661
2682
2672
2646
2617
2666
2665
2670
2670
2670
2670
2670
2688
2695
2677
2656
2667
2667
2641
2641
2641
2641
2654
2691
2658
2658
2679
2634
2634
2634
2634
2634
2627
2627
2627
2653
2690
2690
2672
2672
2672
2684
2684
2674
2764
2764
2709
2709
2709
2735
2737
2737
2737
2741
2671
2671
2671
2671
2701
2697
2679
2679
2674
2674
2682
2682
2682
2666
2628
2651
2651
2646
2627
2629
2652
2652
2652
2661
2666
2657
2645
2633
2633
2633
2633
2633
2618
2648
2648
2670
2705
2698
2698
2698
2664
2715
2715
2695
2680
2676
2589
2589
2612
2637
2637
2627
2653
2659
2659
2616
2571
2571
2571
2591
2591
2591
2591
2591
2591
2591
2591
2617
2602
2602
2602
2602
2618
2618
2618
2618
2622
2627
2714
2714
2716
2716
2760
2806
2778
2799
2785
2749
2773
2791
2725
2764
2764
2738
2704
2706
2706
2706
2714
2714
2718
2619
2608
2644
2592
2607
2621
2619
2628
2551
2528
2578
2569
2578
2598
2572
2572
2522
2522
2522
2541
2541
2564
2564
2654
2626
2626
2626
2639
2640
2633
2633
2633
2660
2660
2639
2639
2639
2619
2619
2619
2619
2619
2619
2656
2606
2616
2619
2619
2615
2615
2580
2580
2563
2573
2604
2604
2604
2615
2615
2619
2619
2603
2643
2643
2643
2643
2681
2681
2655
2605
2605
2599
2599
2590
2648
2648
2611
2611
2626
2577
2577
2609
2651
2651
2656
2656
2646
2646
2641
2678
2646
2650
2618
2618
2618
2660
2630
2637
2667
2659
2659
2620
2609
2609
2627
2627
2647
2670
2713
2701
2703
2703
2703
2703
2674
2686
2605
2605
2634
2634
2634
2597
2597
2593
2589
2589
2589
2589
2554
2554
2566
2566
2566
2595
2595
2598
2608
2608
2608
2611
2588
2588
2588
2588
2606
2630
2630
2595
2595
2595
2595
2595
2595
2595
2558
2558
2607
2607
2607
2607
2625
2625
2573
2573
2563
2563
2563
2563
2563
2563
2563
2563
2563
2570
2570
2570
2575
2575
2565
2582
2582
2542
2524
2524
2487
2452
2452
2452
2452
2452
2452
2452
2452
2452
2437
2437
2437
2437
2437
2437
2437
2466
2466
2466
2466
2466
2466
2466
2476
2476
2527
2527
2561
2561
2561
2561
2586
2586
2546
2546
2546
2561
2598
2598
2598
2598
2598
2599
2599
2599
2599
2599
2599
2576
2527
2527
2526
2526
2526
2526
2537
2537
2537
2619
2619
2619
2619
2640
2652
2652
2624
2622
2642
2622
2632
2632
2593
2574
2574
2594
2609
2609
2609
2608
2586
2586
2570
2570
2570
2570
2570
2570
2575
2575
2575
2575
2558
2558
2558
2558
2623
2604
2604
2618
2618
2618
2618
2566
2564
2575
2575
2563
2563
2563
2557
2532
2537
2522
2522
2522
2555
2570
2570
2555
2572
2609
2609
2569
2607
2589
2580
2580
2550
2550
2550
2562
2559
2550
2550
2550
2550
2574
2589
2589
2592
2594
2594
2594
2594
2594
2566
2566
2581
2581
2581
2581
2581
2581
2552
2552
2552
2552
2552
2552
2552
2583
2562
2562
2562
2537
2537
2537
2537
2537
2537
2545
2540
2540
2540
2536
2536
2536
2536
2536
2564
2564
2542
2542
2542
2536
2562
2562
2562
2562
2562
2497
2543
2543
2543
2543
2543
2543
2549
2508
2508
2486
2486
2508
2523
2538
2538
2534
2534
2534
2534
2534
2553
2553
2523
2523
2523
2523
2495
2536
2586
2570
2570
2570
2577
2577
2577
2577
2577
2577
2588
2588
2588
2588
2602
2602
2666
2581
2585
2585
2600
2600
2588
2566
2566
2566
2615
2615
2615
2615
2594
2574
2574
2557
2557
2557
2592
2592
2537
2515
2559
2585
2568
2532
2532
2534
2501
2501
2501
2539
2544
2530
2530
2530
2530
2526
2526
2526
2537
2537
2548
2548
2548
2548
2564
2564
2566
2573
2573
2573
2573
2573
2573
2573
2563
2563
2562
2562
2590
2590
2590
2612
2612
2612
2629
2588
2588
2565
2542
2541
2541
2541
2541
2541
2541
2578
2578
2578
2578
2578
2578
2578
2591
2671
2611
2611
2611
2611
2611
2577
2545
2579
2590
2590
2590
2590
2590
2590
2635
2601
2545
2546
2546
2571
2571
2620
2576
2576
2576
2513
2513
2513
2482
2482
2482
2482
2482
2546
2464
2464
2464
2464
2462
2462
2492
2492
2492
2541
2541
2552
2552
2552
2552
2552
2514
2514
2509
2509
2509
2509
2509
2509
2537
2523
2523
2523
2526
2483
2483
2483
2483
2492
2529
2508
2508
2508
2508
2510
2510
2510
2510
2510
2510
2543
2543
2592
2602
2602
2499
2499
2499
2471
2482
2482
2482
2481
2500
2500
2500
2504
2504
2504
2504
2504
2514
2514
2513
2513
2503
2503
2503
2482
2482
2482
2482
2480
2480
2480
2477
2477
2477
2477
2477
2477
2484
2484
2503
2503
2480
2518
2518
2518
2518
2518
2518
2484
2516
2516
2551
2570
2547
2575
2546
2546
2546
2546
2546
2546
2540
2524
2533
2501
2559
2537
2537
2537
2537
2537
2537
2528
2528
2528
2528
2528
2528
2528
2554
2554
2542
2542
2557
2557
2557
2557
2557
2511
2477
2477
2477
2477
2477
2477
2477
2467
2467
2467
2467
2498
2506
2581
2581
2582
2582
2582
2583
2587
2573
2585
2582
2582
2577
2557
2557
2557
2557
2557
2550
2550
2557
2557
2532
2512
2512
2512
2512
2539
2539
2539
2539
2535
2535
2540
2540
2540
2540
2514
2526
2526
2526
2526
2528
2528
2521
2521
2521
2521
2518
2518
2529
2529
2529
2529
2529
2529
2529
2529
2529
2529
2529
2505
2505
2522
2522
2522
2522
2522
2522
2522
2520
2520
2505
2505
2505
2505
2505
2525
2525
2525
2525
2525
2525
2525
2566
2566
2567
2656
2656
2669
2669
2710
2743
2743
2743
2714
2714
2714
2714
2714
2678
2683
2680
2717
2693
2693
2735
2718
2718
2727
2727
2735
2735
2762
2715
2715
2715
2705
2731
2741
2741
2713
2713
2713
2713
2710
2710
2699
2718
2703
2701
2655
2655
2645
2709
2709
2747
2747
2710
2710
2712
2712
2710
2710
2665
2665
2665
2665
2665
2662
2656
2656
2656
2643
2643
2625
2625
2625
2625
2625
2647
2647
2647
2647
2647
2647
2647
2645
2633
2633
2622
2622
2629
2629
2575
2575
2575
2575
2565
2565
2565
2565
2565
2565
2569
2569
2569
2569
2569
2569
2569
2569
2540
2540
2540
2540
2570
2570
2570
2570
2570
2560
2565
2565
2565
2565
2544
2544
2552
2537
2537
2537
2537
2537
2571
2571
2571
2571
2571
2571
2571
2571
2582
2623
2626
2633
2633
2615
2638
2638
2642
2641
2641
2641
2616
2593
2593
2581
2581
2594
2581
2581
2588
2575
2575
2575
2575
2545
2545
2545
2545
2545
2545
2545
2545
2545
2545
2546
2546
2543
2476
2476
2481
2563
2586
2586
2539
2539
2539
2539
2539
2556
2556
2556
2556
2543
2543
2543
2553
2553
2553
2553
2564
2564
2570
2570
2570
2570
2570
2570
2570
2570
2570
2570
2570
2570
2561
2561
2555
2555
2537
2493
2493
2493
2493
2493
2493
2478
2478
2478
2478
2478
2483
2478
2499
2499
2499
2499
2499
2499
2499
2512
2512
2511
2511
2505
2505
2505
2505
2505
2505
2505
2505
2505
2505
2505
2505
2525
2484
2491
2491
2491
2491
2491
2504
2467
2467
2467
2467
2493
2493
2493
2529
2529
2529
2528
2528
2528
2528
2528
2528
2528
2528
2544
2580
2580
2580
2580
2569
2569
2569
2569
2552
2552
2552
2557
2542
2542
2542
2542
2526
2526
2546
2546
2525
2525
2525
2525
2525
2525
2569
2569
2569
2569
2558
2558
2601
2591
2626
2607
2607
2607
2609
2622
2603
2603
2609
2612
2589
2589
2647
2647
2666
2655
2667
2668
2569
2569
2569
2569
2569
2569
2569
2569
2569
2569
2567
2567
2567
2625
2572
2572
2574
2574
2574
2574
2569
2506
2506
2507
2507
2507
2507
2493
2501
2501
2501
2501
2497
2497
2497
2497
2512
2512
2512
2512
2512
2512
2512
2512
2512
2512
2512
2512
2512
2517
2517
2502
2492
2492
2524
2524
2524
2524
2524
2524
2524
2513
2513
2513
2513
2513
2513
2513
2513
2513
2513
2513
2513
2513
2513
2513
2513
2513
2513
2513
2513
2513
2492
2492
2492
2492
2533
2533
2533
2533
2533
2533
2533
2533
2533
2533
2533
2537
2537
2537
2537
2537
2524
2524
2524
2524
2524
2522
2522
2522
2522
2522
2522
2522
2544
2560
2533
2531
2531
2531
2531
2531
2531
2548
2548
2519
2519
2519
2519
2519
2519
2519
2519
2519
2519
2519
2503
2503
2503
2503
2503
2507
2507
2507
2515
2515
2503
2503
2526
2526
2526
2491
2497
2497
2497
2472
2472
2472
2472
2472
2472
2467
2467
2467
2467
2467
2467
2467
2467
2461
2461
2461
2461
2461
2461
2461
2461
2461
2461
2461
2461
2461
2461
2478
2478
2478
2478
2478
2478
2478
2478
2478
2478
2483
2480
2480
2480
2462
2462
2462
2462
2462
2462
2462
2462
2462
2462
2462
2464
2464
2464
2464
2464
2464
2464
2464
2464
2464
2464
2464
2462
2462
2462
2462
2462
2466
2435
2435
2435
2435
2435
2435
2435
2435
2435
2435
2435
2435
2435
2435
2436
2436
2436
2416
2416
2416
2416
2416
2416
2416
2416
2416
2416
2416
2416
2416
2416
2416
2407
2407
2407
2407
2407
2407
2407
2407
2407
2407
2407
2407
2407
2407
2421
2421
2421
2421
2421
2421
2421
2421
2411
2411
2411
2405
2405
2405
2405
2405
2405
2405
2405
2405
2411
2411
2411
2411
2411
2411
2411
2416
2416
2426
2426
2426
2426
2426
2426
2426
2426
2426
2426
2426
2416
2416
2416
2416
2433
2433
2433
2448
2448
2448
2451
2451
2451
2451
2451
2466
2466
2466
2470
2473
2473
2473
2473
2473
2473
2473
2473
2473
2473
2473
2473
2473
2473
2473
2473
2473
2473
2461
2461
2461
2461
2442
2442
2442
2442
2442
2442
2442
2442
2442
2442
2442
2442
2456
2456
2456
2456
2456
2456
2456
2456
2456
2456
2456
2456
2456
2456
2456
2456
2456
2456
2456
2456
2456
2456
2456
2456
2456
2456
2456
2456
2456
2456
2456
2456
2456
2456
2456
2456
2456
2456
2456
2456
2456
2456
2456
2456
2456
2456
2456
2456
2456
2458
2458
2458
2458
2467
2467
2460
2460
2466
2466
2466
2466
2472
2472
2477
2477
2477
2477
2477
2477
2477
2464
2464
2464
2464
2464
2464
2464
2464
2464
2464
2464
2464
2464
2471
2471
2477
2477
2477
2477
2477
2477
2477
2477
2477
2477
2477
2477
2477
2477
2477
2477
2477
2477
2477
2477
2477
2477
2477
2480
2480
2488
2470
2470
2470
2470
2470
2470
2471
2471
2471
2471
2471
2471
2471
2475
2475
2475
2475
2479
2479
2479
2479
2479
2467
2467
2467
2467
2467
2467
2467
2467
2467
2467
2467
2467
2467
2467
2467
2467
2467
2467
2467
2467
2463
2458
2453
2453
2453
2453
2453
2453
2453
2453
2453
2453
2436
2431
2431
2431
2431
2431
2431
2431
2423
2423
2423
2423
2423
2423
2423
2423
2423
2423
2423
2423
2423
2423
2423
2418
2418
2408
2408
2408
2392
2392
2392
2392
2392
2392
2392
2392
2392
2392
2392
2392
2392
2392
2392
2392
2392
2392
2392
2392
2392
2392
2392
2381
2381
2381
2381
2433
2433
2433
2440
2441
2445
2445
2445
2434
2434
2434
2434
2434
2434
2434
2434
2434
2434
2434
2434
2443
2455
2451
2451
2451
2451
2451
2451
2442
2442
2442
2442
2442
2442
2442
2442
2442
2442
2442
2442
2442
2431
2431
2431
2431
2431
2431
2431
2431
2431
2431
2431
2431
2431
2431
2431
2431
2431
2431
2431
2431
2431
2431
2431
2428
2428
2428
2428
2428
2428
2428
2428
2428
2428
2428
2428
2428
2429
2429
2429
2431
2431
2431
2431
2439
2439
2439
2439
2439
2439
2439
2439
2439
2439
2439
2439
2439
2439
2439
2439
2439
2439
2436
2436
2436
2436
2436
2436
2436
2435
2435
2435
2435
2435
2435
2435
2435
2435
2435
2435
2435
2435
2435
2435
2420
2420
2420
2420
2420
2432
2432
2432
2432
2432
2432
2432
2432
2432
2432
2432
2432
2432
2432
2432
2432
2443
2443
2443
2443
2442
2442
2455
2455
2455
2455
2455
2455
2455
2470
2463
2463
2463
2464
2464
2464
2464
2464
2464
2464
2464
2464
2464
2464
2464
2464
2464
2455
2455
2455
2455
2455
2455
2455
2468
2468
2468
2468
2468
2468
2468
2468
2468
2468
2468
2468
2468
2468
2468
2468
2468
2468
2468
2468
2468
2468
2468
2468
2499
2499
2499
2499
2499
2499
2499
2499
2499
2499
2499
2499
2506
2506
2506
2506
2506
2484
2492
2492
2492
2492
2492
2492
2492
2492
2497
2497
2497
2497
2497
2497
2490
2508
2508
2508
2508
2508
2508
2508
2508
2508
2508
2508
2508
2508
2508
2508
2508
2508
2508
2502
2502
2478
2478
2478
2478
2478
2457
2457
2457
2457
2457
2457
2463
2463
2463
2463
2463
2463
2476
2476
2476
2476
2476
2476
2476
2476
2476
2486
2458
2458
2458
2457
2457
2451
2451
2451
2451
2451
2451
2451
2451
2451
2451
2451
2455
2455
2455
2455
2455
2455
2455
2455
2455
2455
2455
2455
2455
2455
2455
2455
2455
2455
2455
2455
2455
2455
2455
2455
2455
2455
2455
2455
2453
2453
2453
2455
2455
2455
2455
2455
2455
2455
2467
2467
2467
2467
2467
2467
2467
2467
2467
2467
2467
2467
2467
2467
2467
2467
2459
2459
2459
2459
2469
2469
2464
2464
2464
2464
2454
2454
2454
2454
2454
2454
2454
2454
2464
2464
2464
2464
2464
2464
2464
2464
2464
2464
2464
2464
2479
2479
2479
2479
2479
2479
2479
2479
2479
2479
2479
2479
2479
2479
2479
2436
2436
2436
2436
2442
2442
2442
2442
2442
2442
2442
2442
2442
2442
2442
2442
2442
2411
2411
2411
2411
2411
2412
2412
2412
2412
2412
2412
2412
2412
2412
2412
2412
2412
2412
2412
2412
2412
2412
2412
2412
2412
2412
2412
2412
2412
2412
2412
2412
2412
2412
2412
2412
2412
2412
2412
2412
2412
2412
2412
2412
2412
2412
2412
2412
2412
2412
2412
2412
2412
2412
2412
2412
2412
2412
2412
2412
2412
2412
2412
2412
2412
2412
2412
2412
2412
2412
2412
2412
2412
2412
2412
2412
2412
2412
2412
2412
2412
2412
2412
2412
2412
2412
2412
2412
2412
2412
2412
2412
2412
2412
2412
2412
2412
2412
2412
2412
2412
2412
2412
2412
2412
2412
2412
2412
2412
2412
2423
2423
2423
2423
2423
2423
2423
2423
2423
2423
2421
2423
2423
2423
2421
2421
2421
2421
2421
2421
2421
2421
2421
2421
2421
2402
2402
2402
2402
2402
2402
2402
2402
2402
2402
2402
2402
2402
2402
2402
2404
2404
2404
2404
2404
2404
2404
2404
2401
2401
2401
2401
2401
2401
2401
2401
2401
2401
2401
2401
2401
2401
2401
2401
2401
2401
2401
2401
2401
2401
2401
2401
2401
2401
2401
2401
2401
2401
2401
2401
2401
2401
2401
2401
2401
2401
2401
2401
2401
2401
2401
2401
2401
2401
2401
2401
2401
2401
2401
2401
2401
2401
2401
2401
2401
2401
2401
2401
2401
2401
2401
2401
2401
2401
2401
2401
2401
2401
2401
2401
2401
2401
2401
2401
2401
2401
2401
2401
2401
2401
2401
2401
2401
2401
2401
2401
2401
2401
2401
2401
2401
2401
2401
2401
2401
2401
2401
2401
2401
2401
2401
2401
2401
2401
2401
2401
2401
2401
2401
2401
2401
2401
2401
2401
2401
2401
2401
2401
2401
2401
2401
2401
2401
2401
2401
2401
2401
2401
2401
2401
2405
2405
2405
2405
2405
2405
2405
2405
2405
2405
2405
2405
2405
2405
2405
2405
2405
2405
2405
2405
2399
2399
2399
2399
2399
2399
2399
2399
2399
2399
2399
2399
2399
2399
2403
2403
2403
2403
2403
2403
2403
2403
2403
2403
2403
2403
2403
2403
2406
2406
2406
2406
2406
2406
2406
2406
2406
2406
2406
2406
2406
2406
2406
2406
2406
2406
2406
2406
2411
2411
2411
2411
2411
2411
2411
2411
2411
2411
2411
2411
2411
2411
2411
2411
2411
2406
2406
2406
2406
2406
2406
2406
2406
2406
2406
2406
2406
2406
2406
2402
2402
2402
2402
2402
2402
2402
2402
2402
2402
2402
2402
2402
2402
2402
2402
2402
2402
2402
2402
2402
2402
2402
2402
2402
2402
2402
2402
2402
2402
2402
2402
2402
2402
2402
2402
2402
2402
2402
2402
2402
2402
2402
2402
2402
2402
2402
2402
2402
2402
2402
2402
2402
2402
2402
2402
2394
2394
2394
2394
2394
2394
2394
2394
2394
2394
2394
2394
2394
2394
2394
2394
2394
2394
2394
2394
2393
2393
2393
2393
2375
2375
2375
2375
2375
2375
2375
2375
2385
2385
2377
2377
2377
2377
2377
2377
2377
2377
2377
2377
2377
2377
2377
2377
2377
2377
2377
2377
2377
2377
2377
2377
2377
2371
2371
2371
2371
2371
2371
2371
2371
2371
2371
2371
2371
2375
2375
2375
2375
2375
2375
2375
2375
2375
2375
2375
2375
2375
2375
2375
2375
2375
2375
2375
2375
2375
2375
2375
2375
2375
2375
2381
2381
2381
2381
2381
2381
2381
2381
2381
2381
2381
2381
2381
2381
2381
2381
2381
2381
2381
2381
2381
2381
2381
2381
2381
2381
2381
2381
2381
2381
2381
2381
2381
2381
2381
2381
2381
2381
2381
2381
2381
2381
2381
2381
2381
2381
2381
2381
2381
2381
2381
2381
2381
2381
2381
2381
2381
2381
2381
2381
2381
2381
2381
2381
2381
2381
2381
2381
2381
2381
2381
2381
2381
2381
2381
2381
2381
2381
2381
2381
2381
2381
2381
2381
2381
2381
2381
2381
2381
2381
2381
2381
2381
2381
2381
2381
2381
2381
2381
2381
2381
2381
2381
2381
2381
2381
2381
2381
2381
2381
2381
2381
2381
2381
2381
2381
2381
2381
2381
2381
2381
2381
2381
2381
2381
2381
2381
2381
2381
2381
2381
2381
2381
2381
2381
2381
2381
2381
2381
2381
2381
2381
2381
2381
2381
2381
2381
2381
2381
2381
2381
2381
2381
2381
2381
2381
2381
2381
2381
2381
2381
2381
2381
2381
2381
2381
2381
2381
2381
2381
2381
2381
2381
2381
2381
2381
2381
2381
2381
2381
2381
2381
2381
2381
2381
2381
2381
2381
2381
2381
2381
2381
2381
2381
2381
2381
2381
2381
2381
2381
2381
2381
2381
2381
2381
2381
2381
2381
2381
2381
2381
2381
2383
2383
2383
2383
2383
2383
2383
2383
2383
2383
2383
2383
2383
2383
2383
2383
2383
2376
2376
2376
2376
2376
2376
2376
2376
2376
2376
2376
2376
2376
2376
2376
2376
2376
2376
2376
2376
2376
2376
2376
2376
2376
2376
2376
2376
2376
2376
2376
2376
2376
2376
2376
2376
2376
2376
2376
2376
2376
2376
2376
2376
2376
2376
2376
2376
2376
2376
2376
2376
2376
2376
2376
2376
2376
2376
2376
2376
2376
2376
2376
2376
2376
2376
2376
2376
2376
2376
2376
2376
2376
2376
2376
2376
2376
2376
2376
2376
2376
2376
2376
2376
2376
2376
2376
2376
2376
2376
2376
2376
2376
2376
2376
2376
2376
2376
2376
2376
2376
2376
2376
2376
2376
2376
2376
2376
2376
2376
2376
2376
2376
2376
2376
2376
2376
2376
2376
2376
2376
2376
2376
2376
2376
2376
2376
2376
2376
2376
2376
2376
2376
2376
2376
2377
2377
2377
2377
2377
2377
2377
2377
2377
2377
2377
2377
2377
2377
2377
2377
2377
2377
2377
2377
2375
2375
2375
2375
2375
2375
2375
2375
2375
2375
2375
2375
2375
2375
2375
2375
2375
2375
2375
2375
2375
2375
2375
2375
2375
2375
2375
2375
2375
2375
2375
2375
2375
2375
2375
2375
2375
2375
2375
2375
2375
2375
2375
2375
2375
2375
2375
2375
2375
2375
2375
2375
2375
2375
2375
2375
2375
2375
2375
2375
2375
2375
2375
2375
2375
2375
2375
2375
2375
2375
2375
2375
2375
2375
2375
2375
2375
2375
2375
2375
2375
2375
2375
2375
2375
2375
2375
2375
2375
2375
2375
2375
2375
2375
2375
2375
2375
2375
2375
2375
2375
2375
2375
2375
2375
2375
2375
2375
2375
2375
2375
2375
2375
2375
2375
2375
2375
2375
2375
2375
2375
2375
2375
2375
2375
2375
2375
2375
2375
2375
2375
2375
2375
2375
2375
2375
2375
2375
2375
2375
2375
2375
2375
2375
2375
2375
2375
2375
2375
2375
2375
2375
2375
2375
2375
2375
2375
2375
2375
2375
2375
2375
2375
2375
2375
2375
2375
2375
2375
2375
2375
2375
2375
2375
2375
2375
2375
2375
2375
2375
2375
2375
2375
2375
2375
2375
2375
2375
2375
2375
2375
2375
2375
2375
2375
2375
2375
2375
2375
2375
2375
2375
2375
2375
2375
2375
2375
2375
2375
2375
2375
2375
2375
2375
2375
2375
2375
2377
2377
2377
2377
2377
2377
2377
2369
2369
2369
2369
2369
2369
2369
2369
2369
2369
2369
2369
2369
2369
2369
2369
2369
2369
2369
2369
2369
2369
2369
2369
2369
2369
2369
2369
2369
2363
2363
2363
2363
2363
2363
2363
2363
2363
2363
2363
2363
2363
2363
2363
2363
2363
2369
2369
2369
2369
2369
2369
2369
2369
2369
2369
2369
2369
2369
2369
2369
2369
2369
2369
2369
2369
2369
2369
2369
2369
2369
2369
2369
2369
2369
2369
2369
2369
2369
2369
2369
2369
2369
2369
2369
2369
2369
2369
2369
2369
2369
2369
2369
2369
2369
2369
2369
2369
2369
2369
2369
2369
2369
2369
2369
2369
2369
2369
2369
2369
2369
2369
2369
2369
2369
2369
2369
2369
2369
2369
2369
2369
2369
2369
2369
2369
2369
2369
2369
2369
2369
2369
2369
2369
2369
2369
2369
2369
2369
2369
2369
2369
2369
2369
2369
2369
2369
2369
2369
2369
2369
2369
2369
2369
2369
2369
2369
2369
2369
2369
2369
2369
2369
2369
2369
2369
2369
2369
2369
2369
2369
2369
2369
2369
2369
2369
2369
2369
2369
2369
2369
2369
2369
2369
2369
2369
2369
2369
2369
2369
2369
2369
2369
2369
2369
2369
2369
2369
2369
2369
2369
2369
2369
2369
2369
2369
2369
2369
2369
2369
2369
2369
2369
2369
2369
2369
2369
2369
2369
2369
2369
2369
2369
2369
2369
2369
2369
2369
2369
2369
2369
2369
2369
2369
2369
2369
2369
2369
2369
2369
2369
2369
2369
2363
2363
2363
2366
2366
2366
2366
2366
2366
2366
2366
2366
2366
2367
2367
2367
2367
2367
2367
2367
2367
2367
2367
2367
2367
2367
2367
2367
2367
2367
2367
2367
2367
2367
2367
2367
2367
2367
2367
2367
2367
2367
2360
2360
2360
2350
2350
2350
2350
2350
2350
2350
2350
2350
2350
2350
2350
2350
2350
2350
2350
2350
2350
2350
2350
2350
2350
2350
2350
2350
2350
2350
2350
2350
2350
2350
2350
2350
2350
2350
2350
2350
2350
2350
2350
2350
2350
2350
2350
2350
2350
2350
2350
2350
2350
2350
2350
2350
2350
2350
2350
2350
2350
2350
2350
2350
2350
2350
2350
2350
2350
2350
2350
2350
2350
2350
2350
2350
2350
2350
2350
2350
2350
2350
2350
2350
2350
2350
2350
2350
2350
2350
2350
2350
2350
2350
2350
2350
2350
2350
2350
2350
2350
2350
2350
2350
2350
2350
2350
2350
2350
2350
2350
2350
2350
2350
2350
2350
2350
2350
2350
2350
2350
2350
2350
2350
2350
2350
2350
2350
2350
2350
2350
2350
2350
2350
2350
2350
2350
2350
2350
2350
2350
2350
2350
2350
2350
2350
2350
2350
2350
2350
2350
2350
2350
2350
2350
2350
2350
2350
2350
2350
2350
2350
2350
2350
2350
2350
2350
2350
2350
2350
2350
2350
2350
2350
2350
2350
2350
2350
2350
2350
2350
2350
2350
2350
2350
2350
2350
2350
2350
2350
2350
2350
2350
2350
2350
2350
2350
2350
2350
2350
2350
2350
2350
2350
2350
2350
2350
2350
2350
2350
2350
2350
2350
2350
2350
2350
2350
2350
2350
2350
2350
2350
2350
2350
2350
2350
2350
2350
2350
2350
2350
2350
2350
2350
2350
2350
2350
2350
2350
2350
2350
2350
2350
2350
2350
2350
2350
2350
2350
2350
2350
2350
2350
2350
2350
2350
2350
2350
2350
2350
2350
2350
2350
2350
2350
2350
2350
2350
2350
2350
2350
2350
2350
2350
2350
2350
2350
2350
2350
2350
2350
2350
2350
2350
2350
2350
2350
2350
2350
2350
2350
2350
2350
2350
2350
2350
2350
2350
2350
2350
2350
2350
2350
2350
2350
2350
2350
2350
2350
2350
2350
2350
2350
2350
2350
2350
2350
2350
2350
2350
2350
2350
2350
2350
2350
2350
2350
2350
2350
2350
2350
2350
2350
2350
2350
2350
2350
2350
2350
2350
2350
2350
2350
2350
2350
2350
2350
2350
2350
2350
2350
2350
2350
2350
2350
2350
2350
2350
2350
2350
2350
2350
2350
2350
2350
2350
2350
2350
2350
2350
2350
2350
2350
2350
2350
2350
2350
2350
2350
2350
2350
2350
2350
2350
2350
2350
2350
2350
2350
2350
2350
2350
2350
2350
2350
2350
2350
2350
2350
2350
2350
2350
2350
2350
2350
2350
2350
2350
2350
2350
2350
2350
2350
2350
2350
2350
2350
2350
2350
2350
2350
2350
2350
2350
2350
2350
2350
2350
2350
2350
2350
2350
2350
2350
2350
2350
2350
2350
2350
2350
2350
2350
2350
2350
2350
2350
2350
2350
2350
2350
2350
2350
2350
2350
2350
2350
2350
2350
2350
2350
2350
2350
2350
2350
2350
2350
2350
2350
2350
2350
2350
2350
2350
2350
2350
2350
2350
2350
2350
2350
2350
2350
2350
2350
2350
2350
2350
2350
2350
2350
2350
2350
2350
2350
2350
2350
2350
2350
2350
2350
2350
2350
2350
2350
2350
2350
2350
2350
2350
2350
2350
2350
2350
2350
2350
2350
2350
2350
2350
2350
2350
2350
2350
2350
2354
2354
2354
2354
2354
2354
2354
2354
2354
2354
2354
2354
2354
2354
2354
2354
2354
2354
2354
2354
2354
2354
2353
2353
2353
2353
2353
2353
2353
2353
2353
2353
2353
2353
2353
2353
2353
2353
2353
2353
2353
2353
2353
2353
2353
2353
2353
2353
2353
2353
2353
2353
2353
2353
2353
2353
2353
2347
2347
2347
2347
2347
2347
2347
2347
2347
2347
2347
2347
2347
2347
2347
2347
2347
2347
2347
2347
2347
2347
2347
2347
2347
2347
2347
2347
2347
2347
2347
2347
2347
2347
2347
2347
2347
2347
2347
2347
2347
2347
2347
2347
2347
2347
2347
2347
2347
2347
2347
2347
2347
2344
2344
2344
2344
2344
2344
2344
2344
2344
2344
2344
2344
2344
2344
2344
2344
2344
2344
2344
2344
2344
2344
2344
2344
2344
2344
2344
2344
2344
2344
2344
2344
2344
2344
2344
2344
2344
2344
2344
2344
2344
2344
2344
2344
2344
2344
2344
2344
2344
2344
2344
2344
2344
2344
2344
2344
2344
2344
2344
2344
2344
2344
2344
2344
2344
2344
2344
2344
2349
2349
2349
2349
2349
2349
2349
2349
2349
2349
2349
2349
2349
2349
2349
2349
2349
2349
2349
2349
2349
2349
2349
2349
2349
2349
2349
2349
2349
2349
2349
2349
2349
2349
2349
2349
2349
2349
2349
2349
2349
2349
2349
2349
2349
2349
2349
2349
2349
2349
2349
2349
2349
2349
2349
2349
2349
2349
2349
2349
2349
2349
2349
2349
2349
2349
2349
2349
2349
2349
2349
2349
2349
2349
2349
2349
2349
2349
2349
2349
2349
2349
2349
2349
2349
2349
2349
2349
2349
2349
2349
2349
2349
2349
2349
2349
2349
2345
2345
2345
2345
2345
2345
2345
2347
2347
2347
2347
2347
2347
2347
2347
2347
2347
2347
2347
2347
2347
2347
2347
2347
2347
2347
2347
2347
2347
2347
2347
2347
2347
2347
2347
2347
2347
2347
2347
2347
2347
2347
2347
2347
2347
2347
2347
2347
2347
2347
2347
2345
2345
2345
2345
2345
2345
2345
2345
2345
2345
2345
2345
2345
2345
2345
2345
2345
2345
2345
2345
2345
2345
2345
2345
2345
2345
2345
2345
2345
2345
2345
2345
2345
2345
2345
2345
2345
2345
2345
2345
2345
2345
2345
2345
2345
2345
2345
2345
2345
2345
2345
2345
2345
2345
2345
2345
2345
2345
2345
2345
2345
2345
2345
2345
2345
2345
2345
2345
2345
2345
2345
2345
2345
2345
2345
2345
2345
2345
2345
2345
2345
2345
2345
2345
2345
2345
2345
2345
2345
2345
2345
2345
2345
2345
2345
2345
2345
2345
2345
2345
2345
2345
2345
2345
2345
2345
2345
2345
2345
2345
2345
2345
2345
2345
2345
2345
2345
2345
2345
2345
2345
2345
2345
2345
2345
2345
2345
2345
2345
2345
2345
2345
2345
2345
2345
2345
2345
2345
2345
2345
2345
2345
2345
2345
2345
2345
2345
2345
2345
2346
2346
2346
2346
2346
2346
2346
2346
2346
2346
2346
2346
2346
2346
2346
2346
2346
2346
2346
2346
2346
2346
2346
2346
2346
2346
2346
2346
2346
2346
2346
2346
2346
2346
2346
2346
2346
2346
2346
2346
2346
2346
2346
2346
2346
2346
2346
2346
2346
2346
2346
2346
2346
2346
2346
2346
2346
2346
2346
2346
2346
2346
2346
2346
2346
2346
2346
2346
2346
2346
2346
2346
2346
2346
2346
2346
2346
2346
2346
2346
2346
2346
2346
2346
2346
2344
2344
2344
2344
2344
2344
2344
2344
2344
2344
2344
2344
2344
2344
2344
2344
2344
2344
2344
2344
2344
2344
2344
2344
2344
2344
2344
2344
2344
2344
2344
2344
2344
2344
2344
2344
2344
2344
2344
2344
2344
2344
2344
2344
2344
2344
2344
2344
2344
2344
2344
2344
2344
2344
2344
2344
2344
2344
2346
2346
2346
2346
2346
2346
2346
2346
2346
2346
2346
2346
2346
2346
2346
2346
2346
2346
2346
2346
2346
2346
2346
2346
2346
2346
2346
2346
2346
2346
2346
2346
2346
2346
2346
2346
2346
2346
2346
2346
2346
2346
2346
2346
2346
2346
2346
2346
2346
2346
2346
2346
2346
2346
2346
2346
2346
2346
2346
2346
2346
2346
2346
2346
2346
2346
2346
2346
2346
2346
2346
2346
2346
2346
2346
2346
2346
2346
2346
2346
2346
2346
2343
2343
2343
2343
2343
2343
2343
2343
2343
2343
2343
2343
2343
2343
2343
2343
2343
2343
2343
2343
2343
2343
2343
2343
2343
2343
2343
2343
2343
2343
2343
2343
2343
2343
2343
2343
2343
2343
2343
2343
2343
2343
2343
2343
2346
2346
2346
2346
2346
2346
2346
2346
2346
2346
2346
2346
2346
2346
2346
2346
2346
2346
2346
2346
2346
2346
2346
2346
2346
2346
2346
2346
2346
2346
2346
2346
2346
2346
2346
2346
2346
2346
2346
2346
2346
2346
2346
2346
2346
2346
2346
2346
2346
2346
2346
2346
2346
2346
2346
2346
2346
2346
2346
2346
2346
2346
2346
2346
2346
2346
2346
2346
2346
2346
2346
2346
2346
2346
2346
2346
2346
2346
2346
2346
2346
2346
2346
2346
2346
2346
2346
2346
2346
2346
2346
2346
2346
2346
2346
2346
2346
2346
2346
2346
2346
2346
2346
2346
2346
2346
2346
2346
2346
2346
2346
2346
2346
2346
2346
2346
2346
2346
2346
2346
2346
2346
2346
2346
2346
2346
2346
2346
2346
2346
2346
2346
2346
2346
2346
2346
2346
2346
2346
2346
2346
2346
2346
2346
2346
2346
2346
2346
2346
2346
2346
2346
2346
2343
2343
2343
2343
2341
2341
2341
2341
2341
2341
2341
2341
2341
2341
2341
2341
2341
2341
2341
2341
2341
2341
2341
2341
2341
2341
2341
2341
2341
2341
2341
2341
2341
2341
2341
2341
2341
2341
2341
2341
2341
2341
